"OPEN 6.2.5"
"Wed Jan 19 2022 12:54:10"
<open><version>"6.2.5"</version></open>
<open><configfile>"/User/Configs/UserPrefs/2x3 LED.xml"</configfile></open>
<open><light><source>"6400-02 or -02B LED Source"</source><par_in>1<sensor>"SI-3989"<cal>-0.92<actinity>1.00</actinity><transm>1.00</transm></cal></sensor><transm>1</transm></par_in><par_out>1<sensor>"Q50937"<cal>6.45</cal></sensor></par_out></light></open>
<open><comps><file>"/User/Configs/Comps/StdComps_6.2"<header>""</header><extras></extras></file><energybal>no<f_parIn>1</f_parIn><f_parOut>0</f_parOut><alphaK>0.16</alphaK></energybal><bc_total>2.840<stomatal_ratio>1</stomatal_ratio><bc_oneside>1.420<type>2</type><table>"/Sys/Lib/StdBLCTable"</table><area>6</area><slope>-0.219565</slope><offset>2.73739</offset><fan>5</fan></bc_oneside></bc_total></comps></open>
<open><prompts><onlog>off</onlog><items>"Default (none)"</items></prompts></open>
<open><constants><oxygen>21 %</oxygen><bb_vapor>1.5</bb_vapor><bb_oxy>0.9</bb_oxy></constants></open>
<open><stability><items>"Std Stability"<items[1]><id>-2</id><size>15</size><pcv><onoff>0</onoff><value>1</value></pcv><std><onoff>0</onoff><value>1</value></std><slp><onoff>1</onoff><value>1</value></slp></items[1]><items[2]><id>-5</id><size>15</size><pcv><onoff>0</onoff><value>1</value></pcv><std><onoff>0</onoff><value>1</value></std><slp><onoff>1</onoff><value>1</value></slp></items[2]><items[3]><id>-7</id><size>15</size><pcv><onoff>0</onoff><value>1</value></pcv><std><onoff>0</onoff><value>1</value></std><slp><onoff>1</onoff><value>1</value></slp></items[3]></items></stability></open>
<open><log><format>"StdLogFmt_6.0"<items>{ -35 -21 -36 -76 30 23 36 21 25 221 -33 111 -34 11 -9 -10 -8 -1 -2 -4 -5 -14 -15 -7 -12 -13 -11 -65 -66 -72 -18 -19 -77 -78 -79 -23  }<hdr>{  }</hdr></items></format><options><beep>on</beep><hdr>normal</hdr><rem>normal</rem><stab>no</stab><stats>no<mean>no</mean><file>no</file><period>15</period></stats><excel>yes</excel><controls>yes</controls><comm>no</comm></options><datafile>"/User/jcg_rico_lh"</datafile><button><action>"Normal Log"<code>" LogOneObsManual "</code></action></button><autoprog>"/User/Configs/AutoProgs/AutoLog2"<active>no</active></autoprog></log></open>
<open><a2d><avgtime>4.0 secs</avgtime><userchans><ch20>"Off"</ch20><ch21>"Off"</ch21><ch22>"Off"</ch22><ch23>"Off"</ch23></userchans></a2d></open>
<open><matching><type>0</type><disp>'a'</disp><settings><CO2Limit>10.0</CO2Limit><H2OLimit>1.0</H2OLimit><MaxAutoTime>60</MaxAutoTime></settings></matching></open>
<li6400><factory><unit>"PSC-4076"</unit><serviced>"31 Mar 2014"</serviced><fuseaware>0</fuseaware><co2mixer>yes</co2mixer><co2><coeffs>{ 0 0.215349 2.57678e-05 1.9763e-08 -3.21542e-12 3.03737e-16  }</coeffs><dvdt>-2.8</dvdt><xs>{ 0.0005 0.0003  }</xs></co2><h2o><coeffs>{ 0 0.00579256 2.19235e-06 9.06457e-12  }</coeffs><dvdt>-1</dvdt><xs>{ -0.0026 0.0003  }</xs></h2o><flow>{ 0 0.3607  }</flow><press>{ 88.32 0.00555  }</press></factory></li6400>
<li6400><user><flow_zero>-1560.7</flow_zero><irga_zero><co2>-312.6 -351.6<at>29.8235</at></co2><h2o>-156.6 77.4<at>31.0407</at></h2o></irga_zero><irga_span><co2>{ 0.988788 0.993555  }</co2><h2o>{ 0.996032 0.996401  }</h2o></irga_span><irga_match><co2>{ -1.32399 21.2658  }</co2><h2o>{ -0.104692 0.788617  }</h2o></irga_match><co2_mixer><pump_mv>4500</pump_mv><ppm>{ 2185.36 1052.7 419.509 255.894 118.056 69.8071 46.8351 46.4167  }</ppm><mv>{ 5000 3000 1500 1000 500 300 200 100  }</mv></co2_mixer><parin_offset>-0.0908794</parin_offset><led_cal><unit>"SI-3989"</unit><mv>{ 10 25 50 100 1000 2000 3000 4000 5000  }</mv><qntm>{ 5.41353 17.8999 38.6356 86.3019 941.421 1838.37 2690.41 3508.95 4284.65  }</qntm></led_cal><lcf_cal><unit>"unknown"</unit><red><mv>{ 50 100 500 1000 1500 5000  }</mv><qntm>{ 50 100 500 1000 2000 5000  }</qntm></red><blue><mv>{ 100 200 500 1000 2000 5000  }</mv><qntm>{ 10 20 50 100 200 500  }</qntm></blue></lcf_cal></user></li6400>
"12:54:12 "
$STARTOFDATA$
"Obs"	"HHMMSS"	"FTime"	"EBal?"	"Photo"	"Cond"	"Ci"	"Trmmol"	"VpdL"	"CTleaf"	"Area"	"BLC_1"	"StmRat"	"BLCond"	"Tair"	"Tleaf"	"TBlk"	"CO2R"	"CO2S"	"H2OR"	"H2OS"	"RH_R"	"RH_S"	"Flow"	"PARi"	"PARo"	"Press"	"CsMch"	"HsMch"	"StableF"	"BLCslope"	"BLCoffst"	"f_parin"	"f_parout"	"alphaK"	"Status"
"13:15:18 Coolers: Tblock -> 0.00 C"
"13:40:35 Flow: Fixed -> 200 umol/s"
1	"13:41:43"	2863.5	0	4.1	0.162	339	1.33	0.872	11.01	6	1.42	1	2.84	3.81	11.01	0.72	400.04	386.18	0.421	4.404	5.29	55.33	199.7	1601	1	101.2	18.1	0.562	1.0	-0.22	2.74	1.00	0.00	0.16	111115
2	"13:41:44"	2864.0	0	4.1	0.162	339	1.33	0.872	11.01	6	1.42	1	2.84	3.81	11.01	0.72	400.05	386.19	0.421	4.404	5.29	55.33	199.7	1601	1	101.2	18.1	0.562	1.0	-0.22	2.74	1.00	0.00	0.16	111115
3	"13:41:44"	2865.0	0	4.1	0.162	339	1.33	0.872	11.01	6	1.42	1	2.84	3.81	11.01	0.72	400.04	386.19	0.421	4.404	5.29	55.32	199.7	1601	1	101.2	18.1	0.562	1.0	-0.22	2.74	1.00	0.00	0.16	111115
4	"13:41:45"	2865.5	0	4.1	0.162	339	1.33	0.872	11.01	6	1.42	1	2.84	3.82	11.01	0.72	400.06	386.19	0.421	4.405	5.29	55.32	199.7	1601	1	101.2	18.1	0.562	1.0	-0.22	2.74	1.00	0.00	0.16	111115
5	"13:41:45"	2866.0	0	4.1	0.162	339	1.33	0.873	11.01	6	1.42	1	2.84	3.82	11.01	0.72	400.08	386.21	0.421	4.404	5.29	55.31	199.7	1601	1	101.2	18.1	0.562	1.0	-0.22	2.74	1.00	0.00	0.16	111115
6	"13:41:46"	2866.5	0	4.1	0.162	339	1.33	0.873	11.01	6	1.42	1	2.84	3.82	11.01	0.72	400.08	386.21	0.421	4.404	5.29	55.30	199.7	1601	1	101.2	18.1	0.562	1.0	-0.22	2.74	1.00	0.00	0.16	111115
7	"13:41:47"	2867.5	0	4.1	0.162	339	1.33	0.873	11.02	6	1.42	1	2.84	3.82	11.02	0.72	400.09	386.25	0.421	4.404	5.28	55.29	199.7	1601	1	101.2	18.1	0.562	1.0	-0.22	2.74	1.00	0.00	0.16	111115
8	"13:41:47"	2868.0	0	4.1	0.162	339	1.33	0.873	11.02	6	1.42	1	2.84	3.82	11.02	0.72	400.12	386.26	0.422	4.404	5.29	55.29	199.7	1601	1	101.2	18.1	0.562	1.0	-0.22	2.74	1.00	0.00	0.16	111115
9	"13:41:48"	2868.5	0	4.11	0.162	339	1.33	0.873	11.02	6	1.42	1	2.84	3.82	11.02	0.72	400.17	386.27	0.422	4.404	5.29	55.29	199.7	1601	1	101.2	18.1	0.562	1.0	-0.22	2.74	1.00	0.00	0.16	111115
10	"13:41:49"	2869.0	0	4.12	0.162	339	1.33	0.873	11.02	6	1.42	1	2.84	3.82	11.02	0.72	400.17	386.26	0.421	4.403	5.29	55.28	199.7	1601	1	101.2	18.1	0.562	1.0	-0.22	2.74	1.00	0.00	0.16	111115
11	"13:41:49"	2870.0	0	4.12	0.162	338	1.33	0.873	11.01	6	1.42	1	2.84	3.82	11.01	0.72	400.19	386.26	0.421	4.402	5.29	55.28	199.7	1601	1	101.2	18.1	0.562	1.0	-0.22	2.74	1.00	0.00	0.16	111115
12	"13:41:50"	2870.5	0	4.13	0.162	338	1.33	0.873	11.01	6	1.42	1	2.84	3.82	11.01	0.72	400.21	386.27	0.421	4.402	5.29	55.28	199.7	1601	1	101.2	18.1	0.562	1.0	-0.22	2.74	1.00	0.00	0.16	111115
13	"13:41:50"	2871.0	0	4.12	0.162	338	1.33	0.873	11.01	6	1.42	1	2.84	3.82	11.01	0.72	400.22	386.29	0.421	4.401	5.29	55.27	199.7	1601	1	101.2	18.1	0.562	1.0	-0.22	2.74	1.00	0.00	0.16	111115
14	"13:41:51"	2871.5	0	4.13	0.162	338	1.33	0.873	11.01	6	1.42	1	2.84	3.82	11.01	0.72	400.21	386.27	0.421	4.401	5.29	55.27	199.7	1601	1	101.2	18.1	0.562	1.0	-0.22	2.74	1.00	0.00	0.16	111115
15	"13:41:52"	2872.0	0	4.13	0.162	338	1.33	0.873	11.01	6	1.42	1	2.84	3.82	11.01	0.72	400.22	386.27	0.421	4.400	5.28	55.26	199.7	1601	1	101.2	18.1	0.562	1.0	-0.22	2.74	1.00	0.00	0.16	111115
"13:41:57 Coolers: Tblock -> 5.00 C"
"13:51:10 Flow: Fixed -> 200 umol/s"
16	"13:51:44"	3463.5	0	4.57	0.125	318	1.32	1.1	13.44	6	1.42	1	2.84	7.33	13.44	4.96	400.35	385.10	0.446	4.384	4.39	43.15	199.7	1600	1	101.2	18.2	0.573	1.0	-0.22	2.74	1.00	0.00	0.16	111115
17	"13:51:44"	3464.0	0	4.56	0.125	318	1.32	1.1	13.44	6	1.42	1	2.84	7.33	13.44	4.96	400.33	385.12	0.446	4.383	4.39	43.14	199.7	1600	1	101.2	18.2	0.573	1.0	-0.22	2.74	1.00	0.00	0.16	111115
18	"13:51:45"	3464.5	0	4.53	0.125	319	1.32	1.1	13.44	6	1.42	1	2.84	7.33	13.44	4.96	400.25	385.13	0.446	4.382	4.39	43.13	199.7	1600	1	101.2	18.2	0.573	1.0	-0.22	2.74	1.00	0.00	0.16	111115
19	"13:51:45"	3465.0	0	4.51	0.125	319	1.32	1.1	13.43	6	1.42	1	2.84	7.33	13.43	4.96	400.18	385.13	0.446	4.381	4.39	43.12	199.7	1600	1	101.2	18.2	0.573	1.0	-0.22	2.74	1.00	0.00	0.16	111115
20	"13:51:45"	3465.0	0	4.51	0.125	319	1.32	1.1	13.43	6	1.42	1	2.84	7.33	13.43	4.96	400.18	385.13	0.446	4.381	4.39	43.12	199.7	1600	1	101.2	18.2	0.573	1.0	-0.22	2.74	1.00	0.00	0.16	111115
21	"13:51:46"	3465.5	0	4.5	0.125	319	1.32	1.1	13.43	6	1.42	1	2.84	7.33	13.43	4.96	400.16	385.14	0.446	4.380	4.39	43.11	199.7	1600	1	101.2	18.2	0.573	1.0	-0.22	2.74	1.00	0.00	0.16	111115
22	"13:51:46"	3466.0	0	4.49	0.125	319	1.32	1.1	13.43	6	1.42	1	2.84	7.33	13.43	4.96	400.16	385.14	0.446	4.380	4.39	43.10	199.7	1600	1	101.2	18.2	0.573	1.0	-0.22	2.74	1.00	0.00	0.16	111115
23	"13:51:47"	3466.5	0	4.5	0.125	319	1.31	1.1	13.43	6	1.42	1	2.84	7.33	13.43	4.96	400.20	385.15	0.446	4.379	4.39	43.09	199.7	1600	1	101.2	18.2	0.573	1.0	-0.22	2.74	1.00	0.00	0.16	111115
24	"13:51:47"	3467.0	0	4.53	0.125	319	1.31	1.1	13.43	6	1.42	1	2.84	7.33	13.43	4.96	400.25	385.14	0.446	4.378	4.39	43.09	199.7	1600	1	101.2	18.2	0.573	1.0	-0.22	2.74	1.00	0.00	0.16	111115
25	"13:51:48"	3467.5	0	4.54	0.125	319	1.31	1.1	13.43	6	1.42	1	2.84	7.33	13.43	4.96	400.32	385.15	0.446	4.378	4.39	43.08	199.7	1600	1	101.2	18.2	0.573	1.0	-0.22	2.74	1.00	0.00	0.16	111115
26	"13:51:48"	3468.0	0	4.56	0.125	318	1.31	1.1	13.43	6	1.42	1	2.84	7.33	13.43	4.96	400.36	385.14	0.447	4.378	4.39	43.08	199.7	1600	1	101.2	18.2	0.573	1.0	-0.22	2.74	1.00	0.00	0.16	111115
27	"13:51:49"	3468.5	0	4.59	0.125	318	1.31	1.1	13.43	6	1.42	1	2.84	7.33	13.43	4.96	400.44	385.13	0.447	4.378	4.39	43.07	199.7	1600	1	101.2	18.2	0.573	1.0	-0.22	2.74	1.00	0.00	0.16	111115
28	"13:51:49"	3469.0	0	4.61	0.125	318	1.31	1.1	13.43	6	1.42	1	2.84	7.34	13.43	4.96	400.48	385.12	0.446	4.378	4.39	43.07	199.7	1600	1	101.2	18.2	0.573	1.0	-0.22	2.74	1.00	0.00	0.16	111115
29	"13:51:50"	3469.5	0	4.62	0.125	318	1.31	1.1	13.42	6	1.42	1	2.84	7.34	13.42	4.96	400.52	385.12	0.447	4.377	4.39	43.06	199.8	1600	1	101.2	18.2	0.573	1.0	-0.22	2.74	1.00	0.00	0.16	111115
30	"13:51:51"	3471.0	0	4.61	0.125	318	1.31	1.1	13.41	6	1.42	1	2.84	7.34	13.41	4.96	400.47	385.12	0.446	4.375	4.39	43.03	199.8	1600	1	101.2	18.2	0.573	1.0	-0.22	2.74	1.00	0.00	0.16	111115
"13:51:56 Coolers: Tblock -> 10.00 C"
"14:02:53 Flow: Fixed -> 200 umol/s"
31	"14:03:01"	4141.5	0	4.92	0.0901	286	1.25	1.44	16.79	6	1.42	1	2.84	11.78	16.79	10.04	399.63	383.41	1.029	4.778	7.50	34.86	199.7	1600	1	101.2	18.5	0.587	1.0	-0.22	2.74	1.00	0.00	0.16	111115
32	"14:03:02"	4142.0	0	4.89	0.0902	287	1.25	1.44	16.79	6	1.42	1	2.84	11.78	16.79	10.04	399.59	383.44	1.028	4.778	7.50	34.85	199.7	1600	1	101.2	18.5	0.587	1.0	-0.22	2.74	1.00	0.00	0.16	111115
33	"14:03:03"	4142.5	0	4.89	0.0902	287	1.25	1.44	16.79	6	1.42	1	2.84	11.78	16.79	10.04	399.59	383.45	1.027	4.778	7.49	34.86	199.7	1600	1	101.2	18.5	0.587	1.0	-0.22	2.74	1.00	0.00	0.16	111115
34	"14:03:03"	4143.0	0	4.89	0.0902	287	1.25	1.43	16.79	6	1.42	1	2.84	11.78	16.79	10.04	399.61	383.47	1.026	4.778	7.48	34.85	199.7	1600	1	101.2	18.5	0.587	1.0	-0.22	2.74	1.00	0.00	0.16	111115
35	"14:03:04"	4143.5	0	4.91	0.0903	287	1.26	1.43	16.78	6	1.42	1	2.84	11.78	16.78	10.04	399.66	383.47	1.025	4.779	7.48	34.86	199.7	1600	1	101.2	18.5	0.587	1.0	-0.22	2.74	1.00	0.00	0.16	111115
36	"14:03:04"	4144.0	0	4.9	0.0904	287	1.26	1.43	16.78	6	1.42	1	2.84	11.78	16.78	10.04	399.67	383.50	1.024	4.779	7.47	34.86	199.8	1600	1	101.2	18.5	0.587	1.0	-0.22	2.74	1.00	0.00	0.16	111115
37	"14:03:05"	4144.5	0	4.93	0.0904	286	1.26	1.43	16.78	6	1.42	1	2.84	11.78	16.78	10.04	399.70	383.46	1.024	4.779	7.47	34.85	199.8	1600	1	101.2	18.5	0.587	1.0	-0.22	2.74	1.00	0.00	0.16	111115
38	"14:03:05"	4145.0	0	4.92	0.0905	286	1.26	1.43	16.78	6	1.42	1	2.84	11.78	16.78	10.04	399.71	383.49	1.023	4.780	7.46	34.86	199.8	1600	1	101.2	18.5	0.587	1.0	-0.22	2.74	1.00	0.00	0.16	111115
39	"14:03:06"	4145.5	0	4.93	0.0905	286	1.26	1.43	16.78	6	1.42	1	2.84	11.78	16.78	10.04	399.71	383.47	1.022	4.779	7.45	34.85	199.8	1600	1	101.2	18.5	0.587	1.0	-0.22	2.74	1.00	0.00	0.16	111115
40	"14:03:06"	4146.0	0	4.94	0.0905	286	1.26	1.43	16.77	6	1.42	1	2.84	11.78	16.77	10.04	399.73	383.45	1.022	4.778	7.45	34.85	199.8	1600	1	101.2	18.5	0.587	1.0	-0.22	2.74	1.00	0.00	0.16	111115
41	"14:03:07"	4146.5	0	4.96	0.0906	286	1.26	1.43	16.77	6	1.42	1	2.84	11.78	16.77	10.04	399.78	383.44	1.021	4.779	7.44	34.85	199.8	1600	1	101.2	18.5	0.587	1.0	-0.22	2.74	1.00	0.00	0.16	111115
42	"14:03:07"	4147.0	0	4.97	0.0906	286	1.26	1.43	16.77	6	1.42	1	2.84	11.79	16.77	10.04	399.80	383.43	1.020	4.778	7.44	34.84	199.8	1600	1	101.2	18.5	0.587	1.0	-0.22	2.74	1.00	0.00	0.16	111115
43	"14:03:08"	4147.5	0	4.98	0.0906	285	1.26	1.43	16.76	6	1.42	1	2.84	11.79	16.76	10.04	399.80	383.40	1.020	4.777	7.44	34.83	199.8	1600	1	101.2	18.5	0.587	1.0	-0.22	2.74	1.00	0.00	0.16	111115
44	"14:03:09"	4148.0	0	4.97	0.0906	286	1.26	1.43	16.76	6	1.42	1	2.84	11.78	16.76	10.04	399.80	383.42	1.019	4.776	7.43	34.83	199.8	1600	1	101.2	18.5	0.587	1.0	-0.22	2.74	1.00	0.00	0.16	111115
45	"14:03:09"	4148.5	0	4.97	0.0906	286	1.26	1.43	16.76	6	1.42	1	2.84	11.79	16.76	10.04	399.80	383.42	1.018	4.775	7.43	34.82	199.8	1600	1	101.2	18.5	0.587	1.0	-0.22	2.74	1.00	0.00	0.16	111115
"14:03:15 Coolers: Tblock -> 15.00 C"
"14:11:46 Flow: Fixed -> 200 umol/s"
46	"14:11:59"	4679.5	0	5.43	0.105	287	1.62	1.6	19.66	6	1.42	1	2.84	16.12	19.66	15.10	399.15	380.98	2.106	6.928	11.59	38.13	199.7	1600	1	101.2	18.6	0.653	1.0	-0.22	2.74	1.00	0.00	0.16	111115
47	"14:11:59"	4680.0	0	5.44	0.105	287	1.62	1.6	19.66	6	1.42	1	2.84	16.12	19.66	15.10	399.17	380.98	2.106	6.930	11.59	38.13	199.7	1600	1	101.2	18.6	0.653	1.0	-0.22	2.74	1.00	0.00	0.16	111115
48	"14:12:00"	4680.5	0	5.44	0.105	287	1.62	1.6	19.66	6	1.42	1	2.84	16.12	19.66	15.10	399.16	380.97	2.106	6.930	11.59	38.13	199.7	1600	1	101.2	18.6	0.653	1.0	-0.22	2.74	1.00	0.00	0.16	111115
49	"14:12:00"	4681.0	0	5.44	0.105	287	1.62	1.6	19.66	6	1.42	1	2.84	16.12	19.66	15.10	399.17	380.98	2.106	6.931	11.59	38.14	199.7	1600	1	101.2	18.6	0.653	1.0	-0.22	2.74	1.00	0.00	0.16	111115
50	"14:12:01"	4681.5	0	5.43	0.105	287	1.62	1.6	19.66	6	1.42	1	2.84	16.12	19.66	15.10	399.15	380.98	2.106	6.933	11.59	38.15	199.7	1600	1	101.2	18.6	0.653	1.0	-0.22	2.74	1.00	0.00	0.16	111115
51	"14:12:02"	4682.5	0	5.43	0.105	287	1.62	1.6	19.66	6	1.42	1	2.84	16.12	19.66	15.10	399.14	380.97	2.106	6.935	11.59	38.16	199.7	1600	1	101.2	18.6	0.653	1.0	-0.22	2.74	1.00	0.00	0.16	111115
52	"14:12:02"	4683.0	0	5.44	0.105	287	1.62	1.6	19.66	6	1.42	1	2.84	16.13	19.66	15.10	399.16	380.97	2.106	6.935	11.59	38.16	199.8	1600	1	101.2	18.6	0.653	1.0	-0.22	2.74	1.00	0.00	0.16	111115
53	"14:12:03"	4683.5	0	5.44	0.105	287	1.62	1.6	19.67	6	1.42	1	2.84	16.13	19.67	15.10	399.17	380.98	2.106	6.936	11.59	38.17	199.8	1600	1	101.2	18.6	0.653	1.0	-0.22	2.74	1.00	0.00	0.16	111115
54	"14:12:03"	4684.0	0	5.44	0.105	287	1.62	1.6	19.67	6	1.42	1	2.84	16.13	19.67	15.10	399.16	380.98	2.106	6.937	11.59	38.17	199.8	1600	1	101.2	18.6	0.653	1.0	-0.22	2.74	1.00	0.00	0.16	111115
55	"14:12:04"	4684.5	0	5.44	0.105	287	1.62	1.6	19.67	6	1.42	1	2.84	16.13	19.67	15.10	399.17	380.96	2.106	6.938	11.58	38.17	199.8	1600	1	101.2	18.6	0.653	1.0	-0.22	2.74	1.00	0.00	0.16	111115
56	"14:12:05"	4685.5	0	5.46	0.105	286	1.62	1.6	19.68	6	1.42	1	2.84	16.13	19.68	15.10	399.23	380.97	2.106	6.938	11.59	38.17	199.8	1600	1	101.2	18.6	0.653	1.0	-0.22	2.74	1.00	0.00	0.16	111115
57	"14:12:05"	4686.0	0	5.46	0.105	286	1.62	1.6	19.68	6	1.42	1	2.84	16.13	19.68	15.10	399.22	380.96	2.106	6.939	11.58	38.17	199.8	1600	1	101.2	18.6	0.653	1.0	-0.22	2.74	1.00	0.00	0.16	111115
58	"14:12:06"	4686.5	0	5.46	0.105	287	1.62	1.6	19.68	6	1.42	1	2.84	16.13	19.68	15.10	399.23	380.98	2.106	6.941	11.58	38.18	199.8	1600	1	101.2	18.6	0.653	1.0	-0.22	2.74	1.00	0.00	0.16	111115
59	"14:12:07"	4687.0	0	5.45	0.105	287	1.62	1.6	19.68	6	1.42	1	2.84	16.13	19.68	15.10	399.23	381.00	2.106	6.941	11.58	38.18	199.8	1600	1	101.2	18.6	0.653	1.0	-0.22	2.74	1.00	0.00	0.16	111115
60	"14:12:07"	4687.5	0	5.46	0.105	287	1.62	1.6	19.68	6	1.42	1	2.84	16.13	19.68	15.10	399.22	380.97	2.106	6.941	11.58	38.18	199.8	1600	1	101.2	18.6	0.653	1.0	-0.22	2.74	1.00	0.00	0.16	111115
"14:12:13 Coolers: Tblock -> 20.00 C"
"14:18:13 Flow: Fixed -> 200 umol/s"
61	"14:19:24"	5124.0	0	6.07	0.13	291	2.22	1.78	22.30	6	1.42	1	2.84	20.31	22.30	19.98	399.33	378.57	2.470	9.093	10.45	38.47	199.7	1600	1	101.2	18.7	0.7	1.0	-0.22	2.74	1.00	0.00	0.16	111115
62	"14:19:25"	5124.5	0	6.09	0.13	291	2.22	1.78	22.30	6	1.42	1	2.84	20.31	22.30	19.97	399.41	378.57	2.470	9.094	10.45	38.47	199.7	1600	1	101.2	18.7	0.7	1.0	-0.22	2.74	1.00	0.00	0.16	111115
63	"14:19:25"	5125.0	0	6.1	0.13	291	2.22	1.78	22.30	6	1.42	1	2.84	20.31	22.30	19.97	399.43	378.57	2.470	9.095	10.45	38.48	199.7	1600	2	101.2	18.7	0.7	1.0	-0.22	2.74	1.00	0.00	0.16	111115
64	"14:19:26"	5125.5	0	6.1	0.13	291	2.23	1.78	22.29	6	1.42	1	2.84	20.31	22.29	19.97	399.44	378.58	2.470	9.096	10.45	38.49	199.7	1600	2	101.2	18.7	0.7	1.0	-0.22	2.74	1.00	0.00	0.16	111115
65	"14:19:26"	5126.0	0	6.1	0.13	291	2.23	1.78	22.29	6	1.42	1	2.84	20.31	22.29	19.97	399.43	378.58	2.470	9.097	10.45	38.50	199.7	1600	2	101.2	18.7	0.7	1.0	-0.22	2.74	1.00	0.00	0.16	111115
66	"14:19:27"	5127.0	0	6.08	0.13	291	2.23	1.78	22.28	6	1.42	1	2.84	20.31	22.28	19.97	399.37	378.57	2.470	9.099	10.45	38.51	199.7	1600	2	101.2	18.7	0.7	1.0	-0.22	2.74	1.00	0.00	0.16	111115
67	"14:19:28"	5127.5	0	6.07	0.13	292	2.23	1.78	22.28	6	1.42	1	2.84	20.31	22.28	19.97	399.32	378.55	2.470	9.099	10.45	38.51	199.7	1600	2	101.2	18.7	0.7	1.0	-0.22	2.74	1.00	0.00	0.16	111115
68	"14:19:28"	5127.5	0	6.07	0.13	292	2.23	1.78	22.28	6	1.42	1	2.84	20.31	22.28	19.97	399.32	378.55	2.470	9.099	10.45	38.51	199.7	1600	2	101.2	18.7	0.7	1.0	-0.22	2.74	1.00	0.00	0.16	111115
69	"14:19:28"	5128.0	0	6.07	0.13	292	2.23	1.78	22.27	6	1.42	1	2.84	20.31	22.27	19.97	399.32	378.55	2.470	9.100	10.45	38.52	199.7	1600	2	101.2	18.7	0.7	1.0	-0.22	2.74	1.00	0.00	0.16	111115
70	"14:19:29"	5128.5	0	6.06	0.13	292	2.23	1.78	22.28	6	1.42	1	2.84	20.31	22.28	19.97	399.29	378.56	2.469	9.102	10.45	38.52	199.7	1600	2	101.2	18.7	0.7	1.0	-0.22	2.74	1.00	0.00	0.16	111115
71	"14:19:30"	5129.5	0	6.04	0.13	292	2.23	1.78	22.29	6	1.42	1	2.84	20.31	22.29	19.97	399.28	378.59	2.469	9.104	10.45	38.53	199.7	1600	1	101.2	18.7	0.7	1.0	-0.22	2.74	1.00	0.00	0.16	111115
72	"14:19:30"	5130.0	0	6.03	0.13	292	2.23	1.78	22.30	6	1.42	1	2.84	20.31	22.30	19.98	399.27	378.61	2.469	9.106	10.45	38.53	199.7	1600	1	101.2	18.7	0.7	1.0	-0.22	2.74	1.00	0.00	0.16	111115
73	"14:19:31"	5130.0	0	6.03	0.13	292	2.23	1.78	22.30	6	1.42	1	2.84	20.31	22.30	19.98	399.27	378.61	2.469	9.106	10.45	38.53	199.7	1600	1	101.2	18.7	0.7	1.0	-0.22	2.74	1.00	0.00	0.16	111115
74	"14:19:31"	5130.5	0	6.01	0.13	292	2.23	1.78	22.32	6	1.42	1	2.84	20.31	22.32	19.98	399.25	378.67	2.468	9.107	10.44	38.53	199.7	1600	1	101.2	18.7	0.7	1.0	-0.22	2.74	1.00	0.00	0.16	111115
75	"14:19:32"	5131.0	0	5.99	0.13	292	2.23	1.79	22.33	6	1.42	1	2.84	20.32	22.33	19.98	399.23	378.69	2.468	9.108	10.44	38.53	199.7	1600	1	101.2	18.7	0.7	1.0	-0.22	2.74	1.00	0.00	0.16	111115
"14:19:38 Coolers: Tblock -> 25.00 C"
"14:30:23 Flow: Fixed -> 200 umol/s"
76	"14:30:38"	5798.0	0	6.53	0.156	297	3.03	2.03	25.37	6	1.42	1	2.84	24.79	25.37	25.04	400.83	377.77	3.080	12.088	9.92	38.96	199.7	1600	1	101.2	19	0.758	1.0	-0.22	2.74	1.00	0.00	0.16	111115
77	"14:30:38"	5798.5	0	6.52	0.156	297	3.04	2.03	25.36	6	1.42	1	2.84	24.79	25.36	25.04	400.81	377.78	3.080	12.089	9.93	38.96	199.7	1600	0	101.2	19	0.758	1.0	-0.22	2.74	1.00	0.00	0.16	111115
78	"14:30:39"	5799.0	0	6.52	0.156	297	3.04	2.03	25.36	6	1.42	1	2.84	24.79	25.36	25.04	400.82	377.79	3.080	12.089	9.93	38.96	199.7	1600	0	101.2	19	0.758	1.0	-0.22	2.74	1.00	0.00	0.16	111115
79	"14:30:40"	5800.0	0	6.5	0.157	297	3.04	2.03	25.36	6	1.42	1	2.84	24.79	25.36	25.04	400.77	377.80	3.080	12.089	9.93	38.96	199.7	1600	0	101.2	19	0.758	1.0	-0.22	2.74	1.00	0.00	0.16	111115
80	"14:30:41"	5800.5	0	6.49	0.157	297	3.04	2.02	25.36	6	1.42	1	2.84	24.79	25.36	25.04	400.75	377.80	3.080	12.089	9.93	38.96	199.7	1600	0	101.2	19	0.758	1.0	-0.22	2.74	1.00	0.00	0.16	111115
81	"14:30:41"	5801.5	0	6.51	0.157	297	3.04	2.02	25.35	6	1.42	1	2.84	24.79	25.35	25.04	400.79	377.80	3.080	12.092	9.93	38.97	199.7	1600	0	101.2	19	0.758	1.0	-0.22	2.74	1.00	0.00	0.16	111115
82	"14:30:42"	5802.0	0	6.51	0.157	297	3.04	2.02	25.35	6	1.42	1	2.84	24.79	25.35	25.04	400.80	377.79	3.079	12.093	9.92	38.97	199.7	1600	1	101.2	19	0.758	1.0	-0.22	2.74	1.00	0.00	0.16	111115
83	"14:30:43"	5802.5	0	6.51	0.157	297	3.04	2.02	25.35	6	1.42	1	2.84	24.79	25.35	25.04	400.81	377.81	3.079	12.093	9.92	38.97	199.7	1600	1	101.2	19	0.758	1.0	-0.22	2.74	1.00	0.00	0.16	111115
84	"14:30:43"	5803.5	0	6.53	0.157	297	3.04	2.02	25.35	6	1.42	1	2.84	24.79	25.35	25.04	400.87	377.79	3.079	12.093	9.92	38.98	199.7	1600	1	101.2	19	0.758	1.0	-0.22	2.74	1.00	0.00	0.16	111115
85	"14:30:44"	5804.0	0	6.55	0.157	297	3.04	2.02	25.35	6	1.42	1	2.84	24.79	25.35	25.03	400.92	377.80	3.079	12.094	9.92	38.98	199.7	1600	1	101.2	19	0.758	1.0	-0.22	2.74	1.00	0.00	0.16	111115
86	"14:30:45"	5804.5	0	6.55	0.157	297	3.04	2.02	25.35	6	1.42	1	2.84	24.79	25.35	25.04	400.91	377.79	3.079	12.094	9.92	38.98	199.7	1600	1	101.2	19	0.758	1.0	-0.22	2.74	1.00	0.00	0.16	111115
87	"14:30:45"	5805.5	0	6.55	0.157	297	3.04	2.02	25.35	6	1.42	1	2.84	24.79	25.35	25.04	400.91	377.78	3.079	12.094	9.92	38.98	199.7	1600	1	101.2	19	0.758	1.0	-0.22	2.74	1.00	0.00	0.16	111115
88	"14:30:46"	5806.0	0	6.55	0.157	297	3.04	2.02	25.35	6	1.42	1	2.84	24.79	25.35	25.04	400.91	377.78	3.079	12.094	9.92	38.98	199.7	1600	1	101.2	19	0.758	1.0	-0.22	2.74	1.00	0.00	0.16	111115
89	"14:30:47"	5806.5	0	6.55	0.157	297	3.04	2.02	25.35	6	1.42	1	2.84	24.79	25.35	25.04	400.91	377.77	3.079	12.095	9.92	38.98	199.7	1600	1	101.2	19	0.758	1.0	-0.22	2.74	1.00	0.00	0.16	111115
90	"14:30:47"	5807.0	0	6.56	0.157	297	3.04	2.02	25.35	6	1.42	1	2.84	24.79	25.35	25.04	400.91	377.76	3.079	12.095	9.92	38.98	199.7	1600	1	101.2	19	0.758	1.0	-0.22	2.74	1.00	0.00	0.16	111115
"14:30:53 Coolers: Tblock -> 30.00 C"
"14:37:27 Flow: Fixed -> 200 umol/s"
91	"14:37:57"	6237.0	0	6.73	0.167	295	3.72	2.33	28.17	6	1.42	1	2.84	29.17	28.17	30.12	399.78	375.37	3.894	14.897	9.71	37.13	199.7	1599	0	101.2	19.3	0.784	1.0	-0.22	2.74	1.00	0.00	0.16	111115
92	"14:37:57"	6237.5	0	6.72	0.167	295	3.72	2.33	28.17	6	1.42	1	2.84	29.17	28.17	30.12	399.77	375.38	3.894	14.897	9.70	37.13	199.7	1599	0	101.2	19.3	0.784	1.0	-0.22	2.74	1.00	0.00	0.16	111115
93	"14:37:58"	6238.0	0	6.75	0.167	295	3.72	2.32	28.17	6	1.42	1	2.84	29.17	28.17	30.12	399.82	375.35	3.894	14.898	9.71	37.13	199.6	1599	0	101.2	19.3	0.784	1.0	-0.22	2.74	1.00	0.00	0.16	111115
94	"14:37:59"	6238.5	0	6.77	0.167	295	3.72	2.32	28.17	6	1.42	1	2.84	29.17	28.17	30.12	399.89	375.34	3.894	14.899	9.70	37.13	199.6	1599	0	101.2	19.3	0.784	1.0	-0.22	2.74	1.00	0.00	0.16	111115
95	"14:37:59"	6239.0	0	6.8	0.167	294	3.72	2.32	28.17	6	1.42	1	2.84	29.17	28.17	30.12	399.99	375.34	3.893	14.898	9.70	37.13	199.6	1599	0	101.2	19.3	0.784	1.0	-0.22	2.74	1.00	0.00	0.16	111115
96	"14:38:00"	6240.0	0	6.84	0.167	294	3.72	2.32	28.16	6	1.42	1	2.84	29.17	28.16	30.12	400.08	375.33	3.894	14.899	9.70	37.13	199.6	1599	0	101.2	19.3	0.784	1.0	-0.22	2.74	1.00	0.00	0.16	111115
97	"14:38:00"	6240.5	0	6.83	0.167	294	3.72	2.32	28.17	6	1.42	1	2.84	29.17	28.17	30.12	400.04	375.33	3.894	14.900	9.70	37.14	199.6	1599	0	101.2	19.3	0.784	1.0	-0.22	2.74	1.00	0.00	0.16	111115
98	"14:38:01"	6241.0	0	6.83	0.167	294	3.72	2.32	28.17	6	1.42	1	2.84	29.17	28.17	30.12	400.04	375.32	3.894	14.901	9.71	37.14	199.6	1599	0	101.2	19.3	0.784	1.0	-0.22	2.74	1.00	0.00	0.16	111115
99	"14:38:02"	6241.5	0	6.83	0.167	294	3.72	2.32	28.16	6	1.42	1	2.84	29.17	28.16	30.12	400.01	375.29	3.894	14.902	9.70	37.14	199.7	1599	0	101.2	19.3	0.784	1.0	-0.22	2.74	1.00	0.00	0.16	111115
100	"14:38:02"	6242.0	0	6.81	0.167	294	3.72	2.32	28.17	6	1.42	1	2.84	29.17	28.17	30.12	399.94	375.30	3.894	14.902	9.70	37.14	199.7	1599	0	101.2	19.3	0.784	1.0	-0.22	2.74	1.00	0.00	0.16	111115
101	"14:38:03"	6243.0	0	6.75	0.167	295	3.72	2.32	28.17	6	1.42	1	2.84	29.17	28.17	30.12	399.79	375.30	3.895	14.906	9.70	37.14	199.7	1599	0	101.2	19.3	0.784	1.0	-0.22	2.74	1.00	0.00	0.16	111115
102	"14:38:03"	6243.5	0	6.73	0.167	295	3.72	2.32	28.17	6	1.42	1	2.84	29.17	28.17	30.12	399.74	375.32	3.895	14.907	9.71	37.15	199.7	1599	0	101.2	19.3	0.784	1.0	-0.22	2.74	1.00	0.00	0.16	111115
103	"14:38:04"	6243.5	0	6.73	0.167	295	3.72	2.32	28.17	6	1.42	1	2.84	29.17	28.17	30.12	399.74	375.32	3.895	14.907	9.71	37.15	199.7	1599	0	101.2	19.3	0.784	1.0	-0.22	2.74	1.00	0.00	0.16	111115
104	"14:38:04"	6244.0	0	6.71	0.167	295	3.72	2.32	28.16	6	1.42	1	2.84	29.17	28.16	30.12	399.70	375.35	3.894	14.908	9.70	37.15	199.7	1599	0	101.2	19.3	0.784	1.0	-0.22	2.74	1.00	0.00	0.16	111115
105	"14:38:05"	6245.0	0	6.73	0.167	295	3.72	2.32	28.16	6	1.42	1	2.84	29.17	28.16	30.12	399.77	375.36	3.894	14.912	9.70	37.16	199.7	1599	0	101.2	19.3	0.784	1.0	-0.22	2.74	1.00	0.00	0.16	111115
"14:38:11 Coolers: Tblock -> 35.00 C"
"14:43:55 Flow: Fixed -> 200 umol/s"
106	"14:44:33"	6633.0	0	6.96	0.173	292	4.43	2.67	30.72	6	1.42	1	2.84	33.37	30.72	35.00	399.84	373.93	4.365	17.451	8.57	34.24	199.6	1599	0	101.2	19.5	0.793	1.0	-0.22	2.74	1.00	0.00	0.16	111115
107	"14:44:33"	6633.5	0	6.97	0.173	292	4.43	2.67	30.72	6	1.42	1	2.84	33.37	30.72	35.00	399.83	373.91	4.364	17.454	8.56	34.25	199.6	1599	0	101.2	19.5	0.793	1.0	-0.22	2.74	1.00	0.00	0.16	111115
108	"14:44:34"	6634.0	0	6.95	0.173	292	4.43	2.67	30.72	6	1.42	1	2.84	33.37	30.72	35.00	399.79	373.93	4.364	17.459	8.56	34.26	199.6	1599	0	101.2	19.5	0.793	1.0	-0.22	2.74	1.00	0.00	0.16	111115
109	"14:44:34"	6634.5	0	6.96	0.173	292	4.44	2.67	30.72	6	1.42	1	2.84	33.38	30.72	35.00	399.80	373.92	4.365	17.463	8.56	34.26	199.7	1599	0	101.2	19.5	0.793	1.0	-0.22	2.74	1.00	0.00	0.16	111115
110	"14:44:35"	6635.0	0	6.95	0.173	292	4.44	2.67	30.72	6	1.42	1	2.84	33.38	30.72	35.00	399.78	373.92	4.365	17.465	8.56	34.26	199.7	1599	0	101.2	19.5	0.793	1.0	-0.22	2.74	1.00	0.00	0.16	111115
111	"14:44:35"	6635.5	0	6.95	0.173	292	4.44	2.67	30.73	6	1.42	1	2.84	33.38	30.73	35.00	399.79	373.92	4.365	17.468	8.56	34.27	199.7	1599	0	101.2	19.5	0.793	1.0	-0.22	2.74	1.00	0.00	0.16	111115
112	"14:44:36"	6636.0	0	6.96	0.173	292	4.44	2.67	30.73	6	1.42	1	2.84	33.38	30.73	35.00	399.81	373.91	4.364	17.469	8.56	34.27	199.7	1599	0	101.2	19.5	0.793	1.0	-0.22	2.74	1.00	0.00	0.16	111115
113	"14:44:36"	6636.0	0	6.96	0.173	292	4.44	2.67	30.73	6	1.42	1	2.84	33.38	30.73	35.00	399.81	373.91	4.364	17.469	8.56	34.27	199.7	1599	0	101.2	19.5	0.793	1.0	-0.22	2.74	1.00	0.00	0.16	111115
114	"14:44:37"	6636.5	0	6.95	0.173	292	4.44	2.67	30.73	6	1.42	1	2.84	33.38	30.73	35.00	399.79	373.94	4.364	17.470	8.56	34.27	199.7	1599	0	101.2	19.5	0.793	1.0	-0.22	2.74	1.00	0.00	0.16	111115
115	"14:44:37"	6637.0	0	6.95	0.173	292	4.44	2.67	30.73	6	1.42	1	2.84	33.38	30.73	35.00	399.81	373.92	4.365	17.473	8.56	34.28	199.7	1599	0	101.2	19.5	0.793	1.0	-0.22	2.74	1.00	0.00	0.16	111115
116	"14:44:38"	6637.5	0	6.96	0.173	292	4.44	2.67	30.73	6	1.42	1	2.84	33.38	30.73	35.00	399.81	373.92	4.365	17.472	8.56	34.28	199.7	1599	0	101.2	19.5	0.793	1.0	-0.22	2.74	1.00	0.00	0.16	111115
117	"14:44:39"	6638.0	0	6.97	0.173	292	4.44	2.68	30.74	6	1.42	1	2.84	33.38	30.74	35.00	399.85	373.91	4.365	17.472	8.56	34.27	199.7	1599	0	101.2	19.5	0.793	1.0	-0.22	2.74	1.00	0.00	0.16	111115
118	"14:44:39"	6639.0	0	6.97	0.173	292	4.44	2.68	30.74	6	1.42	1	2.84	33.38	30.74	35.00	399.86	373.93	4.365	17.471	8.56	34.27	199.7	1599	0	101.2	19.5	0.793	1.0	-0.22	2.74	1.00	0.00	0.16	111115
119	"14:44:40"	6639.5	0	6.96	0.173	292	4.44	2.68	30.74	6	1.42	1	2.84	33.38	30.74	35.00	399.84	373.94	4.364	17.472	8.56	34.27	199.7	1599	0	101.2	19.5	0.793	1.0	-0.22	2.74	1.00	0.00	0.16	111115
120	"14:44:40"	6640.0	0	6.95	0.173	292	4.44	2.68	30.74	6	1.42	1	2.84	33.38	30.74	34.99	399.82	373.95	4.365	17.474	8.56	34.27	199.7	1599	0	101.2	19.5	0.793	1.0	-0.22	2.74	1.00	0.00	0.16	111115
121	"14:44:41"	6640.5	0	6.96	0.173	292	4.44	2.68	30.74	6	1.42	1	2.84	33.38	30.74	34.99	399.83	373.92	4.365	17.474	8.56	34.27	199.7	1599	0	101.2	19.5	0.793	1.0	-0.22	2.74	1.00	0.00	0.16	111115
"14:44:46 Coolers: Tblock -> 40.00 C"
"14:52:36 Flow: Fixed -> 200 umol/s"
122	"14:53:00"	7140.5	0	6.75	0.16	287	4.8	3.1	34.02	6	1.42	1	2.84	38.07	34.02	40.01	400.46	374.76	8.165	22.276	12.37	33.74	199.6	1600	0	101.2	20	0.805	1.0	-0.22	2.74	1.00	0.00	0.16	111115
123	"14:53:01"	7141.0	0	6.76	0.16	287	4.8	3.09	34.02	6	1.42	1	2.84	38.07	34.02	40.01	400.46	374.74	8.164	22.275	12.37	33.74	199.6	1600	0	101.2	20	0.805	1.0	-0.22	2.74	1.00	0.00	0.16	111115
124	"14:53:01"	7141.0	0	6.76	0.16	287	4.8	3.09	34.02	6	1.42	1	2.84	38.07	34.02	40.01	400.46	374.74	8.164	22.275	12.37	33.74	199.6	1600	0	101.2	20	0.805	1.0	-0.22	2.74	1.00	0.00	0.16	111115
125	"14:53:02"	7142.0	0	6.75	0.16	287	4.8	3.09	34.02	6	1.42	1	2.84	38.07	34.02	40.01	400.47	374.78	8.165	22.274	12.37	33.74	199.6	1601	0	101.2	20	0.805	1.0	-0.22	2.74	1.00	0.00	0.16	111115
126	"14:53:02"	7142.0	0	6.75	0.16	287	4.8	3.09	34.02	6	1.42	1	2.84	38.07	34.02	40.01	400.47	374.78	8.165	22.274	12.37	33.74	199.6	1601	0	101.2	20	0.805	1.0	-0.22	2.74	1.00	0.00	0.16	111115
127	"14:53:03"	7142.5	0	6.76	0.16	287	4.8	3.09	34.02	6	1.42	1	2.84	38.07	34.02	40.02	400.51	374.79	8.166	22.274	12.37	33.75	199.6	1601	0	101.2	20	0.805	1.0	-0.22	2.74	1.00	0.00	0.16	111115
128	"14:53:03"	7143.5	0	6.77	0.16	287	4.8	3.09	34.01	6	1.42	1	2.84	38.07	34.01	40.02	400.53	374.79	8.167	22.275	12.37	33.75	199.6	1600	0	101.2	20	0.805	1.0	-0.22	2.74	1.00	0.00	0.16	111115
129	"14:53:04"	7143.5	0	6.77	0.16	287	4.8	3.09	34.01	6	1.42	1	2.84	38.07	34.01	40.02	400.53	374.79	8.167	22.275	12.37	33.75	199.6	1600	0	101.2	20	0.805	1.0	-0.22	2.74	1.00	0.00	0.16	111115
130	"14:53:04"	7144.0	0	6.76	0.16	287	4.8	3.09	34.01	6	1.42	1	2.84	38.07	34.01	40.02	400.52	374.78	8.165	22.274	12.37	33.75	199.6	1600	0	101.2	20	0.805	1.0	-0.22	2.74	1.00	0.00	0.16	111115
131	"14:53:05"	7145.0	0	6.79	0.16	287	4.8	3.09	34.00	6	1.42	1	2.84	38.07	34.00	40.02	400.57	374.77	8.166	22.274	12.37	33.75	199.7	1600	0	101.2	20	0.805	1.0	-0.22	2.74	1.00	0.00	0.16	111115
132	"14:53:06"	7145.5	0	6.8	0.16	287	4.8	3.09	34.00	6	1.42	1	2.84	38.07	34.00	40.02	400.57	374.74	8.166	22.273	12.37	33.75	199.7	1600	1	101.2	20	0.805	1.0	-0.22	2.74	1.00	0.00	0.16	111115
133	"14:53:06"	7146.5	0	6.79	0.16	287	4.8	3.09	34.01	6	1.42	1	2.84	38.07	34.01	40.02	400.57	374.74	8.165	22.272	12.37	33.75	199.7	1600	1	101.2	20	0.805	1.0	-0.22	2.74	1.00	0.00	0.16	111115
134	"14:53:07"	7147.5	0	6.8	0.16	287	4.8	3.09	34.01	6	1.42	1	2.84	38.06	34.01	40.03	400.57	374.74	8.165	22.270	12.37	33.75	199.7	1600	1	101.2	20	0.805	1.0	-0.22	2.74	1.00	0.00	0.16	111115
135	"14:53:08"	7148.0	0	6.8	0.16	287	4.8	3.09	34.01	6	1.42	1	2.84	38.06	34.01	40.03	400.60	374.75	8.166	22.272	12.38	33.75	199.7	1600	0	101.2	20	0.805	1.0	-0.22	2.74	1.00	0.00	0.16	111115
136	"14:53:09"	7149.0	0	6.81	0.16	287	4.8	3.09	34.01	6	1.42	1	2.84	38.06	34.01	40.03	400.59	374.72	8.166	22.271	12.38	33.75	199.6	1600	0	101.2	20	0.805	1.0	-0.22	2.74	1.00	0.00	0.16	111115
"14:53:14 Coolers: Tblock -> 45.00 C"
"14:59:57 Flow: Fixed -> 200 umol/s"
137	"15:00:37"	7597.5	0	6.48	0.153	285	5.33	3.56	36.79	6	1.42	1	2.84	42.59	36.79	45.13	400.30	374.83	10.840	26.438	12.90	31.47	199.6	1600	0	101.2	20.2	0.757	1.0	-0.22	2.74	1.00	0.00	0.16	111115
138	"15:00:37"	7597.5	0	6.48	0.153	285	5.33	3.56	36.79	6	1.42	1	2.84	42.59	36.79	45.13	400.30	374.83	10.840	26.438	12.90	31.47	199.6	1600	0	101.2	20.2	0.757	1.0	-0.22	2.74	1.00	0.00	0.16	111115
139	"15:00:38"	7598.0	0	6.48	0.153	285	5.33	3.56	36.79	6	1.42	1	2.84	42.60	36.79	45.13	400.32	374.83	10.841	26.439	12.90	31.47	199.6	1600	0	101.2	20.2	0.757	1.0	-0.22	2.74	1.00	0.00	0.16	111115
140	"15:00:38"	7598.5	0	6.47	0.153	285	5.33	3.56	36.79	6	1.42	1	2.84	42.60	36.79	45.13	400.30	374.86	10.841	26.438	12.90	31.47	199.6	1600	0	101.2	20.2	0.757	1.0	-0.22	2.74	1.00	0.00	0.16	111115
141	"15:00:39"	7599.0	0	6.47	0.153	285	5.33	3.56	36.79	6	1.42	1	2.84	42.60	36.79	45.13	400.31	374.85	10.841	26.439	12.90	31.47	199.6	1600	0	101.2	20.2	0.757	1.0	-0.22	2.74	1.00	0.00	0.16	111115
142	"15:00:39"	7599.5	0	6.46	0.153	285	5.33	3.56	36.79	6	1.42	1	2.84	42.60	36.79	45.13	400.31	374.88	10.841	26.440	12.90	31.47	199.7	1600	0	101.2	20.2	0.757	1.0	-0.22	2.74	1.00	0.00	0.16	111115
143	"15:00:40"	7600.0	0	6.47	0.153	285	5.33	3.56	36.79	6	1.42	1	2.84	42.60	36.79	45.13	400.33	374.88	10.841	26.441	12.90	31.47	199.7	1600	0	101.2	20.2	0.757	1.0	-0.22	2.74	1.00	0.00	0.16	111115
144	"15:00:40"	7600.5	0	6.48	0.153	285	5.33	3.56	36.79	6	1.42	1	2.84	42.60	36.79	45.13	400.35	374.88	10.842	26.440	12.90	31.47	199.6	1600	0	101.2	20.2	0.757	1.0	-0.22	2.74	1.00	0.00	0.16	111115
145	"15:00:41"	7601.0	0	6.47	0.153	285	5.33	3.56	36.80	6	1.42	1	2.84	42.60	36.80	45.13	400.35	374.89	10.842	26.441	12.90	31.47	199.7	1600	0	101.2	20.2	0.757	1.0	-0.22	2.74	1.00	0.00	0.16	111115
146	"15:00:41"	7601.5	0	6.48	0.153	285	5.33	3.56	36.79	6	1.42	1	2.84	42.60	36.79	45.13	400.36	374.87	10.841	26.443	12.90	31.47	199.7	1600	0	101.2	20.2	0.757	1.0	-0.22	2.74	1.00	0.00	0.16	111115
147	"15:00:42"	7602.5	0	6.51	0.153	284	5.33	3.56	36.79	6	1.42	1	2.84	42.60	36.79	45.13	400.41	374.84	10.841	26.444	12.90	31.47	199.7	1600	0	101.2	20.2	0.757	1.0	-0.22	2.74	1.00	0.00	0.16	111115
148	"15:00:43"	7603.0	0	6.51	0.153	284	5.33	3.56	36.79	6	1.42	1	2.84	42.60	36.79	45.13	400.41	374.85	10.841	26.443	12.90	31.47	199.7	1600	0	101.2	20.2	0.757	1.0	-0.22	2.74	1.00	0.00	0.16	111115
149	"15:00:43"	7603.5	0	6.52	0.153	284	5.33	3.56	36.79	6	1.42	1	2.84	42.60	36.79	45.13	400.43	374.84	10.841	26.441	12.90	31.47	199.7	1600	0	101.2	20.2	0.757	1.0	-0.22	2.74	1.00	0.00	0.16	111115
150	"15:00:44"	7604.0	0	6.52	0.153	284	5.33	3.56	36.79	6	1.42	1	2.84	42.60	36.79	45.13	400.43	374.82	10.841	26.440	12.90	31.47	199.7	1600	0	101.2	20.2	0.757	1.0	-0.22	2.74	1.00	0.00	0.16	111115
151	"15:00:44"	7604.5	0	6.52	0.153	284	5.33	3.55	36.79	6	1.42	1	2.84	42.60	36.79	45.13	400.41	374.82	10.841	26.442	12.90	31.47	199.7	1600	0	101.2	20.2	0.757	1.0	-0.22	2.74	1.00	0.00	0.16	111115
"15:00:50 Coolers: Tblock -> 50.00 C"
"15:06:21 Flow: Fixed -> 200 umol/s"
152	"15:06:49"	7969.5	0	5.86	0.155	290	6.12	4.02	38.72	6	1.42	1	2.84	46.68	38.72	49.81	399.67	375.15	10.818	28.693	10.43	27.65	199.7	1601	0	101.2	20.8	0.704	1.0	-0.22	2.74	1.00	0.00	0.16	111115
153	"15:06:50"	7970.5	0	5.86	0.155	290	6.12	4.02	38.73	6	1.42	1	2.84	46.68	38.73	49.81	399.69	375.17	10.819	28.695	10.43	27.66	199.7	1601	0	101.2	20.8	0.704	1.0	-0.22	2.74	1.00	0.00	0.16	111115
154	"15:06:50"	7971.0	0	5.86	0.155	290	6.13	4.02	38.73	6	1.42	1	2.84	46.68	38.73	49.81	399.70	375.18	10.819	28.696	10.43	27.66	199.7	1601	0	101.2	20.8	0.704	1.0	-0.22	2.74	1.00	0.00	0.16	111115
155	"15:06:51"	7971.0	0	5.86	0.155	290	6.13	4.02	38.73	6	1.42	1	2.84	46.68	38.73	49.81	399.70	375.18	10.819	28.696	10.43	27.66	199.7	1601	0	101.2	20.8	0.704	1.0	-0.22	2.74	1.00	0.00	0.16	111115
156	"15:06:51"	7971.5	0	5.86	0.155	290	6.13	4.02	38.73	6	1.42	1	2.84	46.68	38.73	49.81	399.69	375.18	10.819	28.697	10.43	27.66	199.7	1600	0	101.2	20.8	0.704	1.0	-0.22	2.74	1.00	0.00	0.16	111115
157	"15:06:52"	7972.5	0	5.87	0.155	290	6.13	4.02	38.72	6	1.42	1	2.84	46.68	38.72	49.81	399.73	375.19	10.820	28.699	10.43	27.66	199.7	1600	0	101.2	20.8	0.704	1.0	-0.22	2.74	1.00	0.00	0.16	111115
158	"15:06:52"	7973.0	0	5.87	0.155	290	6.13	4.02	38.72	6	1.42	1	2.84	46.68	38.72	49.81	399.74	375.20	10.820	28.703	10.43	27.66	199.7	1600	0	101.2	20.8	0.704	1.0	-0.22	2.74	1.00	0.00	0.16	111115
159	"15:06:53"	7973.0	0	5.87	0.155	290	6.13	4.02	38.72	6	1.42	1	2.84	46.68	38.72	49.81	399.74	375.20	10.820	28.703	10.43	27.66	199.7	1600	0	101.2	20.8	0.704	1.0	-0.22	2.74	1.00	0.00	0.16	111115
160	"15:06:53"	7973.5	0	5.87	0.155	290	6.13	4.01	38.72	6	1.42	1	2.84	46.68	38.72	49.81	399.76	375.20	10.819	28.704	10.43	27.66	199.7	1600	0	101.2	20.8	0.704	1.0	-0.22	2.74	1.00	0.00	0.16	111115
161	"15:06:54"	7974.5	0	5.87	0.155	290	6.13	4.01	38.71	6	1.42	1	2.84	46.68	38.71	49.81	399.76	375.22	10.819	28.705	10.42	27.66	199.7	1601	0	101.2	20.8	0.704	1.0	-0.22	2.74	1.00	0.00	0.16	111115
162	"15:06:54"	7975.0	0	5.86	0.155	290	6.13	4.01	38.71	6	1.42	1	2.84	46.68	38.71	49.81	399.75	375.24	10.818	28.706	10.42	27.66	199.7	1601	0	101.2	20.8	0.704	1.0	-0.22	2.74	1.00	0.00	0.16	111115
163	"15:06:55"	7975.0	0	5.86	0.155	290	6.13	4.01	38.71	6	1.42	1	2.84	46.68	38.71	49.81	399.75	375.24	10.818	28.706	10.42	27.66	199.7	1601	0	101.2	20.8	0.704	1.0	-0.22	2.74	1.00	0.00	0.16	111115
164	"15:06:55"	7975.5	0	5.86	0.155	290	6.13	4.01	38.70	6	1.42	1	2.84	46.68	38.70	49.81	399.76	375.23	10.819	28.706	10.42	27.66	199.7	1601	0	101.2	20.8	0.704	1.0	-0.22	2.74	1.00	0.00	0.16	111115
165	"15:06:56"	7976.0	0	5.87	0.155	290	6.13	4.01	38.70	6	1.42	1	2.84	46.69	38.70	49.81	399.78	375.22	10.818	28.706	10.42	27.66	199.7	1601	0	101.2	20.8	0.704	1.0	-0.22	2.74	1.00	0.00	0.16	111115
166	"15:06:56"	7976.5	0	5.87	0.155	290	6.13	4.01	38.70	6	1.42	1	2.84	46.69	38.70	49.81	399.76	375.22	10.818	28.709	10.42	27.66	199.7	1601	0	101.2	20.8	0.704	1.0	-0.22	2.74	1.00	0.00	0.16	111115
"15:07:03 Coolers: Tblock -> 0.00 C"
