"OPEN 6.2.5"
"Wed Jan 26 2022 10:51:08"
<open><version>"6.2.5"</version></open>
<open><configfile>"/User/Configs/UserPrefs/2x3 LED.xml"</configfile></open>
<open><light><source>"6400-02 or -02B LED Source"</source><par_in>1<sensor>"SI-3989"<cal>-0.92<actinity>1.00</actinity><transm>1.00</transm></cal></sensor><transm>1</transm></par_in><par_out>1<sensor>"Q50937"<cal>6.45</cal></sensor></par_out></light></open>
<open><comps><file>"/User/Configs/Comps/StdComps_6.2"<header>""</header><extras></extras></file><energybal>no<f_parIn>1</f_parIn><f_parOut>0</f_parOut><alphaK>0.16</alphaK></energybal><bc_total>2.840<stomatal_ratio>1</stomatal_ratio><bc_oneside>1.420<type>2</type><table>"/Sys/Lib/StdBLCTable"</table><area>6</area><slope>-0.219565</slope><offset>2.73739</offset><fan>5</fan></bc_oneside></bc_total></comps></open>
<open><prompts><onlog>off</onlog><items>"Default (none)"</items></prompts></open>
<open><constants><oxygen>21 %</oxygen><bb_vapor>1.5</bb_vapor><bb_oxy>0.9</bb_oxy></constants></open>
<open><stability><items>"Std Stability"<items[1]><id>-2</id><size>15</size><pcv><onoff>0</onoff><value>1</value></pcv><std><onoff>0</onoff><value>1</value></std><slp><onoff>1</onoff><value>1</value></slp></items[1]><items[2]><id>-5</id><size>15</size><pcv><onoff>0</onoff><value>1</value></pcv><std><onoff>0</onoff><value>1</value></std><slp><onoff>1</onoff><value>1</value></slp></items[2]><items[3]><id>-7</id><size>15</size><pcv><onoff>0</onoff><value>1</value></pcv><std><onoff>0</onoff><value>1</value></std><slp><onoff>1</onoff><value>1</value></slp></items[3]></items></stability></open>
<open><log><format>"StdLogFmt_6.0"<items>{ -35 -21 -36 -76 30 23 36 21 25 221 -33 111 -34 11 -9 -10 -8 -1 -2 -4 -5 -14 -15 -7 -12 -13 -11 -65 -66 -72 -18 -19 -77 -78 -79 -23  }<hdr>{  }</hdr></items></format><options><beep>on</beep><hdr>normal</hdr><rem>normal</rem><stab>no</stab><stats>no<mean>no</mean><file>no</file><period>15</period></stats><excel>yes</excel><controls>yes</controls><comm>no</comm></options><datafile>"/User/jcg_sama_lh"</datafile><button><action>"Normal Log"<code>" LogOneObsManual "</code></action></button><autoprog>"/User/Configs/AutoProgs/AutoLog2"<active>no</active></autoprog></log></open>
<open><a2d><avgtime>4.0 secs</avgtime><userchans><ch20>"Off"</ch20><ch21>"Off"</ch21><ch22>"Off"</ch22><ch23>"Off"</ch23></userchans></a2d></open>
<open><matching><type>0</type><disp>'a'</disp><settings><CO2Limit>10.0</CO2Limit><H2OLimit>1.0</H2OLimit><MaxAutoTime>60</MaxAutoTime></settings></matching></open>
<li6400><factory><unit>"PSC-4076"</unit><serviced>"31 Mar 2014"</serviced><fuseaware>0</fuseaware><co2mixer>yes</co2mixer><co2><coeffs>{ 0 0.215349 2.57678e-05 1.9763e-08 -3.21542e-12 3.03737e-16  }</coeffs><dvdt>-2.8</dvdt><xs>{ 0.0005 0.0003  }</xs></co2><h2o><coeffs>{ 0 0.00579256 2.19235e-06 9.06457e-12  }</coeffs><dvdt>-1</dvdt><xs>{ -0.0026 0.0003  }</xs></h2o><flow>{ 0 0.3607  }</flow><press>{ 88.32 0.00555  }</press></factory></li6400>
<li6400><user><flow_zero>-1560.7</flow_zero><irga_zero><co2>-312.6 -351.6<at>29.8235</at></co2><h2o>-156.6 77.4<at>31.0407</at></h2o></irga_zero><irga_span><co2>{ 0.988788 0.993555  }</co2><h2o>{ 0.996032 0.996401  }</h2o></irga_span><irga_match><co2>{ -1.32399 21.1277  }</co2><h2o>{ -0.104692 0.765905  }</h2o></irga_match><co2_mixer><pump_mv>4500</pump_mv><ppm>{ 2185.36 1052.7 419.509 255.894 118.056 69.8071 46.8351 46.4167  }</ppm><mv>{ 5000 3000 1500 1000 500 300 200 100  }</mv></co2_mixer><parin_offset>-0.0908794</parin_offset><led_cal><unit>"SI-3989"</unit><mv>{ 10 25 50 100 1000 2000 3000 4000 5000  }</mv><qntm>{ 5.41353 17.8999 38.6356 86.3019 941.421 1838.37 2690.41 3508.95 4284.65  }</qntm></led_cal><lcf_cal><unit>"unknown"</unit><red><mv>{ 50 100 500 1000 1500 5000  }</mv><qntm>{ 50 100 500 1000 2000 5000  }</qntm></red><blue><mv>{ 100 200 500 1000 2000 5000  }</mv><qntm>{ 10 20 50 100 200 500  }</qntm></blue></lcf_cal></user></li6400>
"10:51:10 "
$STARTOFDATA$
"Obs"	"HHMMSS"	"FTime"	"EBal?"	"Photo"	"Cond"	"Ci"	"Trmmol"	"VpdL"	"CTleaf"	"Area"	"BLC_1"	"StmRat"	"BLCond"	"Tair"	"Tleaf"	"TBlk"	"CO2R"	"CO2S"	"H2OR"	"H2OS"	"RH_R"	"RH_S"	"Flow"	"PARi"	"PARo"	"Press"	"CsMch"	"HsMch"	"StableF"	"BLCslope"	"BLCoffst"	"f_parin"	"f_parout"	"alphaK"	"Status"
"11:05:09 Flow: Fixed -> 200 umol/s"
"11:07:13 Coolers: Tblock -> 0.40 C"
"11:08:00 Flow: Fixed -> 200 umol/s"
1	"11:09:11"	1094.5	0	-0.234	0.00907	436	0.0907	1.01	10.72	6	1.42	1	2.84	3.51	10.72	0.49	400.92	401.51	2.521	2.792	32.40	35.90	199.8	1600	1	101.4	20.5	0.551	1.0	-0.22	2.74	1.00	0.00	0.16	111115
2	"11:09:12"	1095.0	0	-0.234	0.00905	436	0.0905	1.01	10.73	6	1.42	1	2.84	3.51	10.73	0.49	400.92	401.51	2.521	2.792	32.41	35.90	199.8	1600	1	101.4	20.5	0.551	1.0	-0.22	2.74	1.00	0.00	0.16	111115
3	"11:09:12"	1095.5	0	-0.244	0.00903	438	0.0904	1.01	10.73	6	1.42	1	2.84	3.51	10.73	0.49	400.92	401.54	2.521	2.792	32.42	35.90	199.7	1600	1	101.4	20.5	0.551	1.0	-0.22	2.74	1.00	0.00	0.16	111115
4	"11:09:13"	1096.0	0	-0.245	0.009	439	0.0901	1.01	10.73	6	1.42	1	2.84	3.51	10.73	0.49	400.92	401.55	2.522	2.792	32.42	35.89	199.7	1600	1	101.4	20.5	0.551	1.0	-0.22	2.74	1.00	0.00	0.16	111115
5	"11:09:13"	1096.5	0	-0.243	0.00899	438	0.0901	1.01	10.74	6	1.42	1	2.84	3.51	10.74	0.49	400.91	401.53	2.522	2.792	32.42	35.89	199.7	1600	1	101.4	20.5	0.551	1.0	-0.22	2.74	1.00	0.00	0.16	111115
6	"11:09:14"	1097.0	0	-0.251	0.00898	440	0.09	1.01	10.74	6	1.42	1	2.84	3.51	10.74	0.49	400.89	401.53	2.522	2.791	32.42	35.89	199.7	1600	1	101.4	20.5	0.551	1.0	-0.22	2.74	1.00	0.00	0.16	111115
7	"11:09:15"	1097.5	0	-0.251	0.00899	440	0.0901	1.01	10.74	6	1.42	1	2.84	3.51	10.74	0.49	400.88	401.53	2.522	2.792	32.42	35.89	199.7	1600	1	101.4	20.5	0.551	1.0	-0.22	2.74	1.00	0.00	0.16	111115
8	"11:09:15"	1098.5	0	-0.243	0.00894	438	0.0896	1.01	10.74	6	1.42	1	2.84	3.51	10.74	0.49	400.90	401.52	2.522	2.791	32.43	35.89	199.7	1600	1	101.4	20.5	0.551	1.0	-0.22	2.74	1.00	0.00	0.16	111115
9	"11:09:16"	1099.0	0	-0.245	0.00896	439	0.0898	1.01	10.74	6	1.42	1	2.84	3.51	10.74	0.49	400.89	401.51	2.522	2.791	32.44	35.90	199.7	1600	2	101.4	20.5	0.551	1.0	-0.22	2.74	1.00	0.00	0.16	111115
10	"11:09:16"	1099.5	0	-0.237	0.00897	437	0.0899	1.01	10.73	6	1.42	1	2.84	3.51	10.73	0.49	400.90	401.50	2.522	2.791	32.44	35.90	199.7	1600	2	101.4	20.5	0.551	1.0	-0.22	2.74	1.00	0.00	0.16	111115
11	"11:09:17"	1100.0	0	-0.235	0.00899	437	0.09	1.01	10.73	6	1.42	1	2.84	3.51	10.73	0.49	400.92	401.52	2.522	2.792	32.44	35.90	199.7	1600	2	101.4	20.5	0.551	1.0	-0.22	2.74	1.00	0.00	0.16	111115
12	"11:09:17"	1100.5	0	-0.227	0.009	435	0.0901	1.01	10.73	6	1.42	1	2.84	3.51	10.73	0.49	400.94	401.51	2.522	2.792	32.43	35.91	199.7	1600	2	101.4	20.5	0.551	1.0	-0.22	2.74	1.00	0.00	0.16	111115
13	"11:09:18"	1101.0	0	-0.228	0.00902	435	0.0903	1.01	10.73	6	1.42	1	2.84	3.51	10.73	0.49	400.96	401.53	2.522	2.793	32.44	35.92	199.7	1600	2	101.4	20.5	0.551	1.0	-0.22	2.74	1.00	0.00	0.16	111115
14	"11:09:19"	1102.0	0	-0.232	0.00903	436	0.0904	1.01	10.73	6	1.42	1	2.84	3.51	10.73	0.49	400.94	401.53	2.522	2.793	32.43	35.92	199.7	1600	1	101.4	20.5	0.551	1.0	-0.22	2.74	1.00	0.00	0.16	111115
15	"11:09:19"	1102.5	0	-0.231	0.00903	436	0.0904	1.01	10.73	6	1.42	1	2.84	3.51	10.73	0.49	400.95	401.54	2.522	2.793	32.43	35.91	199.7	1600	1	101.4	20.5	0.551	1.0	-0.22	2.74	1.00	0.00	0.16	111115
"11:09:25 Coolers: Tblock -> 5.00 C"
"11:16:07 Flow: Fixed -> 200 umol/s"
16	"11:17:58"	1621.0	0	-0.0946	0.00345	437	0.0395	1.15	13.26	6	1.42	1	2.84	7.23	13.26	4.95	400.97	401.21	3.587	3.705	35.62	36.80	199.7	1599	2	101.5	20.5	0.56	1.0	-0.22	2.74	1.00	0.00	0.16	111115
17	"11:17:58"	1621.0	0	-0.0946	0.00345	437	0.0395	1.15	13.26	6	1.42	1	2.84	7.23	13.26	4.95	400.97	401.21	3.587	3.705	35.62	36.80	199.7	1599	2	101.5	20.5	0.56	1.0	-0.22	2.74	1.00	0.00	0.16	111115
18	"11:17:59"	1621.5	0	-0.113	0.00348	446	0.0399	1.15	13.27	6	1.42	1	2.84	7.23	13.27	4.95	400.92	401.22	3.587	3.706	35.63	36.81	199.7	1599	2	101.5	20.5	0.56	1.0	-0.22	2.74	1.00	0.00	0.16	111115
19	"11:17:59"	1622.0	0	-0.145	0.00352	459	0.0404	1.15	13.27	6	1.42	1	2.84	7.22	13.27	4.94	400.85	401.24	3.587	3.708	35.63	36.83	199.7	1599	2	101.5	20.5	0.56	1.0	-0.22	2.74	1.00	0.00	0.16	111115
20	"11:18:00"	1622.5	0	-0.152	0.00356	462	0.0408	1.15	13.27	6	1.42	1	2.84	7.22	13.27	4.94	400.83	401.24	3.587	3.709	35.63	36.84	199.7	1599	2	101.5	20.5	0.56	1.0	-0.22	2.74	1.00	0.00	0.16	111115
21	"11:18:01"	1623.5	0	-0.151	0.00362	460	0.0415	1.15	13.26	6	1.42	1	2.84	7.22	13.26	4.95	400.84	401.25	3.586	3.711	35.62	36.86	199.7	1599	2	101.5	20.5	0.56	1.0	-0.22	2.74	1.00	0.00	0.16	111115
22	"11:18:01"	1623.5	0	-0.151	0.00362	460	0.0415	1.15	13.26	6	1.42	1	2.84	7.22	13.26	4.95	400.84	401.25	3.586	3.711	35.62	36.86	199.7	1599	2	101.5	20.5	0.56	1.0	-0.22	2.74	1.00	0.00	0.16	111115
23	"11:18:02"	1624.0	0	-0.148	0.00366	458	0.0419	1.15	13.27	6	1.42	1	2.84	7.23	13.27	4.95	400.87	401.27	3.586	3.711	35.62	36.86	199.7	1600	2	101.5	20.5	0.56	1.0	-0.22	2.74	1.00	0.00	0.16	111115
24	"11:18:02"	1624.5	0	-0.142	0.00365	456	0.0419	1.15	13.27	6	1.42	1	2.84	7.23	13.27	4.95	400.90	401.28	3.587	3.712	35.62	36.87	199.7	1599	2	101.5	20.5	0.56	1.0	-0.22	2.74	1.00	0.00	0.16	111115
25	"11:18:03"	1625.0	0	-0.13	0.00365	451	0.0418	1.15	13.27	6	1.42	1	2.84	7.23	13.27	4.95	400.94	401.28	3.587	3.712	35.61	36.86	199.7	1600	2	101.5	20.5	0.56	1.0	-0.22	2.74	1.00	0.00	0.16	111115
26	"11:18:03"	1626.0	0	-0.0725	0.00367	425	0.0422	1.15	13.28	6	1.42	1	2.84	7.23	13.28	4.95	401.09	401.26	3.586	3.713	35.61	36.86	199.7	1600	2	101.5	20.5	0.56	1.0	-0.22	2.74	1.00	0.00	0.16	111115
27	"11:18:04"	1626.0	0	-0.0725	0.00367	425	0.0422	1.15	13.28	6	1.42	1	2.84	7.23	13.28	4.95	401.09	401.26	3.586	3.713	35.61	36.86	199.7	1600	2	101.5	20.5	0.56	1.0	-0.22	2.74	1.00	0.00	0.16	111115
28	"11:18:04"	1626.5	0	-0.0447	0.00366	413	0.042	1.16	13.29	6	1.42	1	2.84	7.23	13.29	4.95	401.16	401.24	3.587	3.713	35.62	36.87	199.7	1600	2	101.5	20.5	0.56	1.0	-0.22	2.74	1.00	0.00	0.16	111115
29	"11:18:05"	1627.0	0	-0.0431	0.00369	412	0.0424	1.16	13.30	6	1.42	1	2.84	7.23	13.30	4.95	401.19	401.26	3.587	3.714	35.62	36.88	199.8	1600	2	101.5	20.5	0.56	1.0	-0.22	2.74	1.00	0.00	0.16	111115
30	"11:18:05"	1627.5	0	-0.0509	0.00369	416	0.0424	1.16	13.30	6	1.42	1	2.84	7.23	13.30	4.95	401.18	401.29	3.587	3.714	35.62	36.88	199.8	1600	1	101.5	20.5	0.56	1.0	-0.22	2.74	1.00	0.00	0.16	111115
"11:18:12 Coolers: Tblock -> 10.00 C"
"11:26:19 Flow: Fixed -> 200 umol/s"
31	"11:26:50"	2153.0	0	-0.0293	0.00727	398	0.101	1.4	16.49	6	1.42	1	2.84	11.57	16.49	10.02	400.69	400.66	4.470	4.772	33.14	35.39	199.7	1599	2	101.5	20.7	0.653	1.0	-0.22	2.74	1.00	0.00	0.16	111115
32	"11:26:50"	2153.5	0	-0.0321	0.00728	399	0.101	1.4	16.49	6	1.42	1	2.84	11.57	16.49	10.02	400.69	400.67	4.470	4.772	33.15	35.39	199.7	1599	2	101.5	20.7	0.653	1.0	-0.22	2.74	1.00	0.00	0.16	111115
33	"11:26:50"	2153.5	0	-0.0321	0.00728	399	0.101	1.4	16.49	6	1.42	1	2.84	11.57	16.49	10.02	400.69	400.67	4.470	4.772	33.15	35.39	199.7	1599	2	101.5	20.7	0.653	1.0	-0.22	2.74	1.00	0.00	0.16	111115
34	"11:26:51"	2154.5	0	-0.0268	0.00728	398	0.101	1.4	16.48	6	1.42	1	2.84	11.57	16.48	10.02	400.71	400.67	4.470	4.773	33.15	35.39	199.8	1599	2	101.5	20.7	0.653	1.0	-0.22	2.74	1.00	0.00	0.16	111115
35	"11:26:52"	2155.0	0	-0.0166	0.00729	395	0.101	1.4	16.48	6	1.42	1	2.84	11.57	16.48	10.03	400.74	400.67	4.470	4.773	33.14	35.38	199.8	1599	2	101.5	20.7	0.653	1.0	-0.22	2.74	1.00	0.00	0.16	111115
36	"11:26:52"	2155.5	0	-0.000352	0.00728	392	0.101	1.4	16.49	6	1.42	1	2.84	11.57	16.49	10.03	400.79	400.67	4.470	4.773	33.14	35.38	199.8	1599	2	101.5	20.7	0.653	1.0	-0.22	2.74	1.00	0.00	0.16	111115
37	"11:26:53"	2156.0	0	0.0175	0.00728	388	0.101	1.4	16.49	6	1.42	1	2.84	11.57	16.49	10.03	400.84	400.66	4.470	4.773	33.14	35.38	199.8	1599	2	101.5	20.7	0.653	1.0	-0.22	2.74	1.00	0.00	0.16	111115
38	"11:26:54"	2156.5	0	0.0224	0.0073	387	0.102	1.4	16.49	6	1.42	1	2.84	11.57	16.49	10.03	400.87	400.68	4.470	4.773	33.14	35.39	199.8	1599	2	101.5	20.7	0.653	1.0	-0.22	2.74	1.00	0.00	0.16	111115
39	"11:26:54"	2157.5	0	0.045	0.00726	382	0.101	1.4	16.49	6	1.42	1	2.84	11.58	16.49	10.03	400.92	400.67	4.470	4.772	33.14	35.37	199.8	1599	2	101.5	20.7	0.653	1.0	-0.22	2.74	1.00	0.00	0.16	111115
40	"11:26:55"	2158.0	0	0.0473	0.00727	382	0.101	1.4	16.49	6	1.42	1	2.84	11.58	16.49	10.03	400.95	400.68	4.471	4.773	33.13	35.37	199.8	1599	2	101.5	20.7	0.653	1.0	-0.22	2.74	1.00	0.00	0.16	111115
41	"11:26:56"	2158.5	0	0.0439	0.00727	382	0.101	1.4	16.50	6	1.42	1	2.84	11.58	16.50	10.03	400.94	400.68	4.470	4.772	33.13	35.37	199.8	1599	2	101.5	20.7	0.653	1.0	-0.22	2.74	1.00	0.00	0.16	111115
42	"11:26:56"	2159.0	0	0.042	0.00727	383	0.101	1.4	16.49	6	1.42	1	2.84	11.58	16.49	10.03	400.93	400.68	4.470	4.772	33.13	35.38	199.7	1599	2	101.5	20.7	0.653	1.0	-0.22	2.74	1.00	0.00	0.16	111115
43	"11:26:57"	2159.5	0	0.0404	0.0073	383	0.102	1.4	16.49	6	1.42	1	2.84	11.58	16.49	10.03	400.90	400.66	4.469	4.773	33.13	35.38	199.7	1599	2	101.5	20.7	0.653	1.0	-0.22	2.74	1.00	0.00	0.16	111115
44	"11:26:57"	2160.0	0	0.0347	0.00727	384	0.101	1.4	16.50	6	1.42	1	2.84	11.58	16.50	10.03	400.90	400.67	4.469	4.772	33.13	35.37	199.8	1599	2	101.5	20.7	0.653	1.0	-0.22	2.74	1.00	0.00	0.16	111115
45	"11:26:58"	2161.0	0	0.038	0.00733	384	0.102	1.4	16.50	6	1.42	1	2.84	11.58	16.50	10.03	400.88	400.64	4.468	4.773	33.12	35.38	199.8	1599	2	101.5	20.7	0.653	1.0	-0.22	2.74	1.00	0.00	0.16	111115
"11:27:04 Coolers: Tblock -> 15.00 C"
"11:36:35 Flow: Fixed -> 200 umol/s"
46	"11:36:43"	2746.0	0	0.141	0.00728	357	0.123	1.69	19.70	6	1.42	1	2.84	16.08	19.70	15.10	399.27	398.70	5.689	6.055	31.48	33.50	199.7	1599	2	101.4	20.8	0.705	1.0	-0.22	2.74	1.00	0.00	0.16	111115
47	"11:36:44"	2746.0	0	0.141	0.00728	357	0.123	1.69	19.70	6	1.42	1	2.84	16.08	19.70	15.10	399.27	398.70	5.689	6.055	31.48	33.50	199.7	1599	2	101.4	20.8	0.705	1.0	-0.22	2.74	1.00	0.00	0.16	111115
48	"11:36:44"	2746.5	0	0.138	0.00726	358	0.122	1.69	19.70	6	1.42	1	2.84	16.08	19.70	15.10	399.27	398.70	5.689	6.054	31.48	33.50	199.7	1599	2	101.4	20.8	0.705	1.0	-0.22	2.74	1.00	0.00	0.16	111115
49	"11:36:45"	2747.0	0	0.143	0.00726	357	0.122	1.69	19.70	6	1.42	1	2.84	16.08	19.70	15.10	399.28	398.70	5.689	6.054	31.47	33.49	199.7	1599	2	101.4	20.8	0.705	1.0	-0.22	2.74	1.00	0.00	0.16	111115
50	"11:36:45"	2747.5	0	0.148	0.00726	356	0.122	1.69	19.70	6	1.42	1	2.84	16.08	19.70	15.10	399.27	398.68	5.688	6.054	31.47	33.49	199.7	1599	2	101.4	20.8	0.705	1.0	-0.22	2.74	1.00	0.00	0.16	111115
51	"11:36:46"	2748.0	0	0.157	0.00727	354	0.123	1.69	19.70	6	1.42	1	2.84	16.08	19.70	15.10	399.31	398.69	5.689	6.055	31.47	33.49	199.7	1599	1	101.5	20.8	0.705	1.0	-0.22	2.74	1.00	0.00	0.16	111115
52	"11:36:46"	2748.5	0	0.152	0.00729	355	0.123	1.69	19.70	6	1.42	1	2.84	16.08	19.70	15.10	399.29	398.68	5.688	6.055	31.47	33.50	199.7	1599	1	101.5	20.8	0.705	1.0	-0.22	2.74	1.00	0.00	0.16	111115
53	"11:36:47"	2749.0	0	0.153	0.00727	355	0.122	1.69	19.70	6	1.42	1	2.84	16.08	19.70	15.10	399.31	398.70	5.690	6.055	31.47	33.49	199.7	1599	1	101.5	20.8	0.705	1.0	-0.22	2.74	1.00	0.00	0.16	111115
54	"11:36:47"	2749.5	0	0.147	0.00725	356	0.122	1.69	19.70	6	1.42	1	2.84	16.08	19.70	15.10	399.29	398.70	5.690	6.054	31.48	33.49	199.7	1599	1	101.5	20.8	0.705	1.0	-0.22	2.74	1.00	0.00	0.16	111115
55	"11:36:48"	2751.0	0	0.161	0.00728	353	0.123	1.69	19.70	6	1.42	1	2.84	16.08	19.70	15.10	399.32	398.69	5.690	6.056	31.48	33.50	199.7	1599	1	101.5	20.8	0.705	1.0	-0.22	2.74	1.00	0.00	0.16	111115
56	"11:36:49"	2751.5	0	0.165	0.00727	352	0.123	1.69	19.70	6	1.42	1	2.84	16.08	19.70	15.10	399.33	398.69	5.690	6.056	31.48	33.50	199.7	1599	1	101.5	20.8	0.705	1.0	-0.22	2.74	1.00	0.00	0.16	111115
57	"11:36:49"	2751.5	0	0.165	0.00727	352	0.123	1.69	19.70	6	1.42	1	2.84	16.08	19.70	15.10	399.33	398.69	5.690	6.056	31.48	33.50	199.7	1599	1	101.5	20.8	0.705	1.0	-0.22	2.74	1.00	0.00	0.16	111115
58	"11:36:50"	2753.0	0	0.176	0.00727	350	0.123	1.69	19.70	6	1.42	1	2.84	16.08	19.70	15.10	399.32	398.64	5.688	6.054	31.46	33.48	199.7	1599	1	101.4	20.8	0.705	1.0	-0.22	2.74	1.00	0.00	0.16	111115
59	"11:36:51"	2753.0	0	0.176	0.00727	350	0.123	1.69	19.70	6	1.42	1	2.84	16.08	19.70	15.10	399.32	398.64	5.688	6.054	31.46	33.48	199.7	1599	1	101.4	20.8	0.705	1.0	-0.22	2.74	1.00	0.00	0.16	111115
60	"11:36:51"	2754.0	0	0.175	0.00729	350	0.123	1.69	19.71	6	1.42	1	2.84	16.08	19.71	15.10	399.32	398.65	5.687	6.054	31.45	33.48	199.7	1599	2	101.4	20.8	0.705	1.0	-0.22	2.74	1.00	0.00	0.16	111115
"11:36:57 Coolers: Tblock -> 20.00 C"
"11:42:35 Flow: Fixed -> 200 umol/s"
61	"11:43:01"	3124.5	0	0.199	0.00559	331	0.107	1.91	22.55	6	1.42	1	2.84	20.29	22.55	19.98	399.98	399.25	7.860	8.180	33.38	34.74	199.7	1599	1	101.4	21.1	0.772	1.0	-0.22	2.74	1.00	0.00	0.16	111115
62	"11:43:02"	3124.5	0	0.199	0.00559	331	0.107	1.91	22.55	6	1.42	1	2.84	20.29	22.55	19.98	399.98	399.25	7.860	8.180	33.38	34.74	199.7	1599	1	101.4	21.1	0.772	1.0	-0.22	2.74	1.00	0.00	0.16	111115
63	"11:43:02"	3125.0	0	0.208	0.00558	328	0.107	1.91	22.56	6	1.42	1	2.84	20.29	22.56	19.98	399.99	399.24	7.860	8.179	33.38	34.73	199.7	1599	1	101.4	21.1	0.772	1.0	-0.22	2.74	1.00	0.00	0.16	111115
64	"11:43:03"	3125.5	0	0.207	0.0056	329	0.107	1.92	22.56	6	1.42	1	2.84	20.29	22.56	19.98	399.99	399.23	7.859	8.180	33.37	34.73	199.7	1599	1	101.4	21.1	0.772	1.0	-0.22	2.74	1.00	0.00	0.16	111115
65	"11:43:03"	3126.5	0	0.192	0.00559	333	0.107	1.92	22.56	6	1.42	1	2.84	20.29	22.56	19.98	399.96	399.26	7.860	8.179	33.37	34.73	199.7	1599	1	101.4	21.1	0.772	1.0	-0.22	2.74	1.00	0.00	0.16	111115
66	"11:43:04"	3127.0	0	0.183	0.00557	335	0.107	1.92	22.56	6	1.42	1	2.84	20.29	22.56	19.98	399.93	399.26	7.860	8.179	33.37	34.73	199.7	1599	1	101.4	21.1	0.772	1.0	-0.22	2.74	1.00	0.00	0.16	111115
67	"11:43:04"	3127.0	0	0.183	0.00557	335	0.107	1.92	22.56	6	1.42	1	2.84	20.29	22.56	19.98	399.93	399.26	7.860	8.179	33.37	34.73	199.7	1599	1	101.4	21.1	0.772	1.0	-0.22	2.74	1.00	0.00	0.16	111115
68	"11:43:05"	3127.5	0	0.174	0.00556	338	0.107	1.92	22.56	6	1.42	1	2.84	20.29	22.56	19.98	399.89	399.24	7.860	8.178	33.37	34.72	199.7	1599	1	101.4	21.1	0.772	1.0	-0.22	2.74	1.00	0.00	0.16	111115
69	"11:43:06"	3128.0	0	0.17	0.00555	339	0.106	1.92	22.56	6	1.42	1	2.84	20.29	22.56	19.98	399.87	399.23	7.861	8.178	33.37	34.72	199.7	1599	1	101.4	21.1	0.772	1.0	-0.22	2.74	1.00	0.00	0.16	111115
70	"11:43:06"	3129.0	0	0.153	0.00554	344	0.106	1.92	22.57	6	1.42	1	2.84	20.29	22.57	19.97	399.80	399.21	7.860	8.177	33.37	34.71	199.7	1599	1	101.4	21.1	0.772	1.0	-0.22	2.74	1.00	0.00	0.16	111115
71	"11:43:07"	3129.5	0	0.156	0.00553	342	0.106	1.92	22.57	6	1.42	1	2.84	20.29	22.57	19.98	399.80	399.20	7.860	8.177	33.37	34.71	199.7	1599	1	101.4	21.1	0.772	1.0	-0.22	2.74	1.00	0.00	0.16	111115
72	"11:43:08"	3130.0	0	0.176	0.00554	337	0.106	1.92	22.57	6	1.42	1	2.84	20.29	22.57	19.97	399.84	399.18	7.860	8.176	33.36	34.71	199.7	1599	1	101.4	21.1	0.772	1.0	-0.22	2.74	1.00	0.00	0.16	111115
73	"11:43:08"	3130.5	0	0.204	0.00554	329	0.106	1.92	22.57	6	1.42	1	2.84	20.29	22.57	19.97	399.89	399.15	7.860	8.177	33.37	34.71	199.7	1599	1	101.4	21.1	0.772	1.0	-0.22	2.74	1.00	0.00	0.16	111115
74	"11:43:09"	3131.5	0	0.261	0.00554	313	0.106	1.92	22.56	6	1.42	1	2.84	20.29	22.56	19.97	400.08	399.17	7.860	8.176	33.37	34.71	199.7	1599	1	101.4	21.1	0.772	1.0	-0.22	2.74	1.00	0.00	0.16	111115
75	"11:43:09"	3132.0	0	0.285	0.00553	306	0.106	1.92	22.57	6	1.42	1	2.84	20.29	22.57	19.97	400.15	399.16	7.860	8.176	33.36	34.70	199.7	1599	1	101.4	21.1	0.772	1.0	-0.22	2.74	1.00	0.00	0.16	111115
"11:43:14 Coolers: Tblock -> 25.00 C"
"11:50:42 Flow: Fixed -> 200 umol/s"
76	"11:51:31"	3634.0	0	0.323	0.00559	293	0.139	2.47	25.83	6	1.42	1	2.84	24.77	25.83	25.04	400.27	399.14	8.171	8.585	26.44	27.77	199.7	1601	0	101.4	21.4	0.788	1.0	-0.22	2.74	1.00	0.00	0.16	111115
77	"11:51:31"	3634.0	0	0.323	0.00559	293	0.139	2.47	25.83	6	1.42	1	2.84	24.77	25.83	25.04	400.27	399.14	8.171	8.585	26.44	27.77	199.7	1601	0	101.4	21.4	0.788	1.0	-0.22	2.74	1.00	0.00	0.16	111115
78	"11:51:32"	3634.5	0	0.317	0.00561	295	0.139	2.47	25.83	6	1.42	1	2.84	24.77	25.83	25.04	400.26	399.14	8.171	8.585	26.44	27.78	199.7	1601	1	101.4	21.4	0.788	1.0	-0.22	2.74	1.00	0.00	0.16	111115
79	"11:51:32"	3635.0	0	0.33	0.0056	291	0.139	2.47	25.83	6	1.42	1	2.84	24.76	25.83	25.04	400.29	399.13	8.171	8.585	26.44	27.78	199.8	1601	0	101.4	21.4	0.788	1.0	-0.22	2.74	1.00	0.00	0.16	111115
80	"11:51:33"	3635.5	0	0.319	0.00561	294	0.139	2.47	25.83	6	1.42	1	2.84	24.77	25.83	25.04	400.28	399.15	8.171	8.585	26.43	27.78	199.8	1601	0	101.4	21.4	0.788	1.0	-0.22	2.74	1.00	0.00	0.16	111115
81	"11:51:34"	3636.0	0	0.313	0.00563	296	0.14	2.47	25.83	6	1.42	1	2.84	24.77	25.83	25.04	400.25	399.14	8.170	8.586	26.43	27.78	199.8	1601	0	101.4	21.4	0.788	1.0	-0.22	2.74	1.00	0.00	0.16	111115
82	"11:51:34"	3636.5	0	0.318	0.00561	294	0.139	2.47	25.83	6	1.42	1	2.84	24.77	25.83	25.04	400.27	399.15	8.171	8.585	26.43	27.77	199.7	1601	1	101.4	21.4	0.788	1.0	-0.22	2.74	1.00	0.00	0.16	111115
83	"11:51:35"	3637.0	0	0.314	0.00561	296	0.139	2.47	25.83	6	1.42	1	2.84	24.77	25.83	25.04	400.28	399.17	8.171	8.585	26.43	27.77	199.7	1601	1	101.4	21.4	0.788	1.0	-0.22	2.74	1.00	0.00	0.16	111115
84	"11:51:35"	3637.5	0	0.307	0.00561	298	0.139	2.47	25.83	6	1.42	1	2.84	24.77	25.83	25.04	400.28	399.19	8.171	8.586	26.43	27.77	199.7	1600	1	101.4	21.4	0.788	1.0	-0.22	2.74	1.00	0.00	0.16	111115
85	"11:51:36"	3638.0	0	0.31	0.0056	297	0.139	2.47	25.83	6	1.42	1	2.84	24.77	25.83	25.04	400.29	399.19	8.171	8.585	26.43	27.77	199.7	1600	1	101.4	21.4	0.788	1.0	-0.22	2.74	1.00	0.00	0.16	111115
86	"11:51:36"	3638.5	0	0.327	0.00559	292	0.139	2.47	25.83	6	1.42	1	2.84	24.77	25.83	25.04	400.33	399.18	8.172	8.585	26.43	27.77	199.8	1600	1	101.4	21.4	0.788	1.0	-0.22	2.74	1.00	0.00	0.16	111115
87	"11:51:37"	3639.0	0	0.319	0.00559	294	0.139	2.47	25.83	6	1.42	1	2.84	24.77	25.83	25.04	400.31	399.19	8.171	8.584	26.43	27.77	199.8	1600	1	101.4	21.4	0.788	1.0	-0.22	2.74	1.00	0.00	0.16	111115
88	"11:51:37"	3639.5	0	0.333	0.00558	290	0.138	2.47	25.83	6	1.42	1	2.84	24.77	25.83	25.04	400.33	399.16	8.172	8.584	26.43	27.76	199.7	1600	1	101.4	21.4	0.788	1.0	-0.22	2.74	1.00	0.00	0.16	111115
89	"11:51:38"	3640.5	0	0.332	0.00558	290	0.138	2.47	25.83	6	1.42	1	2.84	24.77	25.83	25.04	400.34	399.18	8.171	8.583	26.43	27.76	199.7	1600	1	101.4	21.4	0.788	1.0	-0.22	2.74	1.00	0.00	0.16	111115
90	"11:51:39"	3641.0	0	0.345	0.00558	286	0.139	2.47	25.83	6	1.42	1	2.84	24.77	25.83	25.04	400.37	399.16	8.171	8.584	26.43	27.76	199.7	1600	1	101.4	21.4	0.788	1.0	-0.22	2.74	1.00	0.00	0.16	111115
"11:51:47 Coolers: Tblock -> 30.00 C"
"11:59:35 Flow: Fixed -> 200 umol/s"
91	"11:59:45"	4128.5	0	0.355	0.00507	270	0.161	3.15	28.95	6	1.42	1	2.84	29.21	28.95	30.12	400.41	399.15	8.019	8.499	19.99	21.18	199.6	1600	0	101.4	21.8	0.786	1.0	-0.22	2.74	1.00	0.00	0.16	111115
92	"11:59:46"	4129.5	0	0.366	0.00508	267	0.161	3.15	28.95	6	1.42	1	2.84	29.21	28.95	30.12	400.42	399.13	8.019	8.499	19.99	21.18	199.6	1600	0	101.4	21.8	0.786	1.0	-0.22	2.74	1.00	0.00	0.16	111115
93	"11:59:47"	4129.5	0	0.366	0.00508	267	0.161	3.15	28.95	6	1.42	1	2.84	29.21	28.95	30.12	400.42	399.13	8.019	8.499	19.99	21.18	199.6	1600	0	101.4	21.8	0.786	1.0	-0.22	2.74	1.00	0.00	0.16	111115
94	"11:59:47"	4130.0	0	0.358	0.00507	269	0.161	3.15	28.95	6	1.42	1	2.84	29.21	28.95	30.12	400.41	399.14	8.020	8.499	19.99	21.18	199.7	1600	0	101.4	21.8	0.786	1.0	-0.22	2.74	1.00	0.00	0.16	111115
95	"11:59:48"	4130.5	0	0.368	0.00507	266	0.161	3.15	28.95	6	1.42	1	2.84	29.21	28.95	30.12	400.42	399.12	8.019	8.499	19.99	21.18	199.7	1600	0	101.4	21.8	0.786	1.0	-0.22	2.74	1.00	0.00	0.16	111115
96	"11:59:48"	4131.0	0	0.377	0.00507	263	0.161	3.15	28.94	6	1.42	1	2.84	29.21	28.94	30.12	400.45	399.13	8.020	8.499	19.99	21.18	199.7	1600	0	101.4	21.8	0.786	1.0	-0.22	2.74	1.00	0.00	0.16	111115
97	"11:59:49"	4131.5	0	0.379	0.00509	263	0.161	3.15	28.94	6	1.42	1	2.84	29.21	28.94	30.12	400.45	399.12	8.018	8.499	19.98	21.18	199.7	1600	0	101.4	21.8	0.786	1.0	-0.22	2.74	1.00	0.00	0.16	111115
98	"11:59:49"	4132.0	0	0.37	0.00509	266	0.161	3.15	28.94	6	1.42	1	2.84	29.21	28.94	30.12	400.44	399.13	8.018	8.499	19.98	21.18	199.7	1600	0	101.4	21.8	0.786	1.0	-0.22	2.74	1.00	0.00	0.16	111115
99	"11:59:50"	4132.5	0	0.38	0.00507	262	0.161	3.15	28.94	6	1.42	1	2.84	29.21	28.94	30.12	400.44	399.10	8.019	8.498	19.98	21.18	199.7	1600	0	101.4	21.8	0.786	1.0	-0.22	2.74	1.00	0.00	0.16	111115
100	"11:59:50"	4133.0	0	0.398	0.00507	256	0.161	3.15	28.94	6	1.42	1	2.84	29.21	28.94	30.12	400.46	399.08	8.018	8.497	19.98	21.17	199.6	1600	0	101.4	21.8	0.786	1.0	-0.22	2.74	1.00	0.00	0.16	111115
101	"11:59:51"	4133.5	0	0.385	0.00507	261	0.161	3.15	28.94	6	1.42	1	2.84	29.21	28.94	30.12	400.45	399.10	8.018	8.497	19.98	21.17	199.7	1600	0	101.4	21.8	0.786	1.0	-0.22	2.74	1.00	0.00	0.16	111115
102	"11:59:51"	4134.0	0	0.385	0.00508	261	0.161	3.14	28.94	6	1.42	1	2.84	29.21	28.94	30.12	400.43	399.08	8.017	8.497	19.98	21.18	199.7	1600	0	101.4	21.8	0.786	1.0	-0.22	2.74	1.00	0.00	0.16	111115
103	"11:59:52"	4134.5	0	0.382	0.00508	262	0.161	3.14	28.93	6	1.42	1	2.84	29.21	28.93	30.12	400.43	399.09	8.017	8.497	19.98	21.17	199.6	1600	0	101.4	21.8	0.786	1.0	-0.22	2.74	1.00	0.00	0.16	111115
104	"11:59:52"	4135.0	0	0.399	0.00508	257	0.161	3.14	28.94	6	1.42	1	2.84	29.21	28.94	30.12	400.45	399.06	8.017	8.497	19.98	21.17	199.7	1600	0	101.4	21.8	0.786	1.0	-0.22	2.74	1.00	0.00	0.16	111115
105	"11:59:53"	4135.5	0	0.405	0.00507	254	0.161	3.14	28.93	6	1.42	1	2.84	29.21	28.93	30.12	400.44	399.03	8.017	8.496	19.98	21.17	199.6	1600	0	101.4	21.8	0.786	1.0	-0.22	2.74	1.00	0.00	0.16	111115
"11:59:59 Coolers: Tblock -> 35.00 C"
"12:11:14 Flow: Fixed -> 200 umol/s"
"12:11:17 Lamp: ParIn ->  1600 uml"
"12:11:17 CO2 Mixer: CO2R -> 400 uml"
"12:11:17 Coolers: Tblock -> 35.00 C"
"12:11:17 Flow: Fixed -> 200 umol/s"
106	"12:11:23"	4826.5	0	0.386	0.00523	260	0.207	3.92	32.03	6	1.42	1	2.84	33.53	32.03	34.99	400.33	398.92	7.899	8.517	15.40	16.60	199.6	1599	0	101.4	22.4	0.789	0.7	-0.22	2.74	1.00	0.00	0.16	111115
107	"12:11:24"	4826.5	0	0.386	0.00523	260	0.207	3.92	32.03	6	1.42	1	2.84	33.53	32.03	34.99	400.33	398.92	7.899	8.517	15.40	16.60	199.6	1599	0	101.4	22.4	0.789	0.7	-0.22	2.74	1.00	0.00	0.16	111115
108	"12:11:24"	4827.0	0	0.401	0.00523	255	0.208	3.92	32.03	6	1.42	1	2.84	33.53	32.03	34.99	400.35	398.89	7.898	8.517	15.40	16.60	199.6	1599	0	101.4	22.4	0.789	1.0	-0.22	2.74	1.00	0.00	0.16	111115
109	"12:11:25"	4827.5	0	0.395	0.00524	257	0.208	3.92	32.02	6	1.42	1	2.84	33.53	32.02	34.99	400.36	398.92	7.898	8.517	15.40	16.60	199.6	1599	0	101.4	22.4	0.789	1.0	-0.22	2.74	1.00	0.00	0.16	111115
110	"12:11:25"	4828.0	0	0.398	0.00523	256	0.207	3.92	32.02	6	1.42	1	2.84	33.53	32.02	34.99	400.38	398.94	7.899	8.517	15.40	16.60	199.6	1599	0	101.4	22.4	0.789	1.0	-0.22	2.74	1.00	0.00	0.16	111115
111	"12:11:26"	4828.5	0	0.398	0.00524	256	0.208	3.92	32.02	6	1.42	1	2.84	33.53	32.02	34.99	400.37	398.93	7.898	8.517	15.40	16.60	199.6	1600	0	101.4	22.4	0.789	1.0	-0.22	2.74	1.00	0.00	0.16	111115
112	"12:11:26"	4829.0	0	0.405	0.00525	255	0.208	3.92	32.02	6	1.42	1	2.84	33.53	32.02	34.99	400.38	398.91	7.898	8.518	15.40	16.60	199.6	1599	0	101.4	22.4	0.789	1.0	-0.22	2.74	1.00	0.00	0.16	111115
113	"12:11:27"	4829.5	0	0.417	0.00525	251	0.208	3.92	32.02	6	1.42	1	2.84	33.53	32.02	34.99	400.39	398.89	7.898	8.518	15.39	16.60	199.6	1600	0	101.4	22.4	0.789	1.0	-0.22	2.74	1.00	0.00	0.16	111115
114	"12:11:28"	4830.0	0	0.427	0.00526	248	0.208	3.92	32.02	6	1.42	1	2.84	33.53	32.02	34.99	400.42	398.89	7.897	8.518	15.39	16.60	199.6	1600	0	101.4	22.4	0.789	1.0	-0.22	2.74	1.00	0.00	0.16	111115
115	"12:11:28"	4830.5	0	0.429	0.00526	248	0.208	3.92	32.02	6	1.42	1	2.84	33.53	32.02	34.99	400.43	398.89	7.898	8.518	15.39	16.60	199.7	1600	0	101.4	22.4	0.789	1.0	-0.22	2.74	1.00	0.00	0.16	111115
116	"12:11:29"	4831.5	0	0.443	0.00526	243	0.208	3.92	32.02	6	1.42	1	2.84	33.53	32.02	34.99	400.46	398.87	7.898	8.519	15.39	16.60	199.7	1600	0	101.4	22.4	0.789	1.0	-0.22	2.74	1.00	0.00	0.16	111115
117	"12:11:29"	4832.0	0	0.454	0.00528	241	0.209	3.92	32.02	6	1.42	1	2.84	33.53	32.02	34.99	400.47	398.85	7.897	8.520	15.39	16.61	199.7	1600	0	101.4	22.4	0.789	1.0	-0.22	2.74	1.00	0.00	0.16	111115
118	"12:11:30"	4832.5	0	0.464	0.00527	238	0.209	3.92	32.02	6	1.42	1	2.84	33.53	32.02	34.99	400.51	398.87	7.898	8.520	15.39	16.61	199.7	1600	0	101.4	22.4	0.789	1.0	-0.22	2.74	1.00	0.00	0.16	111115
119	"12:11:31"	4833.0	0	0.464	0.00526	237	0.209	3.92	32.02	6	1.42	1	2.84	33.53	32.02	34.99	400.53	398.88	7.898	8.519	15.39	16.60	199.7	1600	0	101.4	22.4	0.789	1.0	-0.22	2.74	1.00	0.00	0.16	111115
120	"12:11:31"	4833.5	0	0.453	0.00527	241	0.209	3.92	32.02	6	1.42	1	2.84	33.53	32.02	34.99	400.52	398.91	7.898	8.520	15.39	16.61	199.7	1600	0	101.4	22.4	0.789	1.0	-0.22	2.74	1.00	0.00	0.16	111115
"12:11:37 Coolers: Tblock -> 40.00 C"
"12:24:06 Flow: Fixed -> 200 umol/s"
121	"12:24:38"	5621.5	0	0.393	0.00495	246	0.245	4.87	35.26	6	1.42	1	2.84	38.15	35.26	40.06	399.84	398.37	7.800	8.530	11.79	12.89	199.6	1599	0	101.4	22.8	0.789	1.0	-0.22	2.74	1.00	0.00	0.16	111115
122	"12:24:38"	5621.5	0	0.393	0.00495	246	0.245	4.87	35.26	6	1.42	1	2.84	38.15	35.26	40.06	399.84	398.37	7.800	8.530	11.79	12.89	199.6	1599	0	101.4	22.8	0.789	1.0	-0.22	2.74	1.00	0.00	0.16	111115
123	"12:24:39"	5622.0	0	0.396	0.00495	245	0.245	4.87	35.26	6	1.42	1	2.84	38.15	35.26	40.06	399.86	398.38	7.800	8.530	11.79	12.89	199.6	1599	0	101.4	22.8	0.789	1.0	-0.22	2.74	1.00	0.00	0.16	111115
124	"12:24:39"	5622.5	0	0.396	0.00494	244	0.245	4.87	35.26	6	1.42	1	2.84	38.15	35.26	40.06	399.86	398.37	7.800	8.529	11.79	12.89	199.6	1599	0	101.4	22.8	0.789	1.0	-0.22	2.74	1.00	0.00	0.16	111115
125	"12:24:40"	5623.0	0	0.394	0.00494	245	0.245	4.87	35.26	6	1.42	1	2.84	38.15	35.26	40.06	399.85	398.37	7.801	8.530	11.79	12.89	199.6	1599	0	101.4	22.8	0.789	1.0	-0.22	2.74	1.00	0.00	0.16	111115
126	"12:24:40"	5623.5	0	0.413	0.00495	239	0.245	4.87	35.26	6	1.42	1	2.84	38.15	35.26	40.06	399.88	398.34	7.800	8.530	11.79	12.89	199.6	1599	0	101.4	22.8	0.789	1.0	-0.22	2.74	1.00	0.00	0.16	111115
127	"12:24:42"	5625.5	0	0.451	0.00494	227	0.244	4.87	35.26	6	1.42	1	2.84	38.15	35.26	40.06	399.96	398.32	7.802	8.530	11.79	12.89	199.6	1599	0	101.4	22.8	0.789	1.0	-0.22	2.74	1.00	0.00	0.16	111115
128	"12:24:42"	5625.5	0	0.451	0.00494	227	0.244	4.87	35.26	6	1.42	1	2.84	38.15	35.26	40.06	399.96	398.32	7.802	8.530	11.79	12.89	199.6	1599	0	101.4	22.8	0.789	1.0	-0.22	2.74	1.00	0.00	0.16	111115
129	"12:24:43"	5626.0	0	0.456	0.00494	226	0.245	4.87	35.26	6	1.42	1	2.84	38.15	35.26	40.06	399.96	398.29	7.802	8.530	11.79	12.89	199.6	1599	0	101.4	22.8	0.789	1.0	-0.22	2.74	1.00	0.00	0.16	111115
130	"12:24:43"	5626.5	0	0.467	0.00494	222	0.245	4.87	35.26	6	1.42	1	2.84	38.15	35.26	40.06	399.98	398.28	7.802	8.531	11.79	12.89	199.6	1599	0	101.4	22.8	0.789	1.0	-0.22	2.74	1.00	0.00	0.16	111115
131	"12:24:45"	5628.5	0	0.455	0.00495	226	0.245	4.87	35.27	6	1.42	1	2.84	38.15	35.27	40.06	399.94	398.28	7.801	8.531	11.79	12.89	199.7	1600	0	101.4	22.8	0.789	1.0	-0.22	2.74	1.00	0.00	0.16	111115
132	"12:24:45"	5628.5	0	0.455	0.00495	226	0.245	4.87	35.27	6	1.42	1	2.84	38.15	35.27	40.06	399.94	398.28	7.801	8.531	11.79	12.89	199.7	1600	0	101.4	22.8	0.789	1.0	-0.22	2.74	1.00	0.00	0.16	111115
133	"12:24:46"	5629.0	0	0.446	0.00495	229	0.245	4.87	35.27	6	1.42	1	2.84	38.15	35.27	40.06	399.94	398.31	7.802	8.532	11.79	12.89	199.7	1599	0	101.4	22.8	0.789	1.0	-0.22	2.74	1.00	0.00	0.16	111115
134	"12:24:47"	5630.5	0	0.44	0.00495	231	0.245	4.87	35.26	6	1.42	1	2.84	38.15	35.26	40.06	399.94	398.33	7.802	8.531	11.79	12.89	199.6	1600	0	101.4	22.8	0.789	1.0	-0.22	2.74	1.00	0.00	0.16	111115
135	"12:24:48"	5631.5	0	0.449	0.00495	228	0.245	4.86	35.26	6	1.42	1	2.84	38.15	35.26	40.06	399.96	398.31	7.802	8.532	11.79	12.89	199.6	1600	0	101.4	22.8	0.789	1.0	-0.22	2.74	1.00	0.00	0.16	111115
"12:24:52 Coolers: Tblock -> 45.00 C"
"12:33:30 Flow: Fixed -> 200 umol/s"
136	"12:34:17"	6199.5	0	0.418	0.00437	216	0.256	5.73	37.83	6	1.42	1	2.84	42.55	37.83	45.20	399.67	398.11	7.769	8.532	9.29	10.20	199.7	1600	0	101.4	23.3	0.786	1.0	-0.22	2.74	1.00	0.00	0.16	111115
137	"12:34:17"	6199.5	0	0.418	0.00437	216	0.256	5.73	37.83	6	1.42	1	2.84	42.55	37.83	45.20	399.67	398.11	7.769	8.532	9.29	10.20	199.7	1600	0	101.4	23.3	0.786	1.0	-0.22	2.74	1.00	0.00	0.16	111115
138	"12:34:18"	6200.0	0	0.426	0.00437	213	0.256	5.73	37.83	6	1.42	1	2.84	42.56	37.83	45.23	399.67	398.08	7.768	8.531	9.28	10.19	199.7	1600	0	101.4	23.3	0.786	1.0	-0.22	2.74	1.00	0.00	0.16	111115
139	"12:34:18"	6200.5	0	0.427	0.00438	213	0.256	5.73	37.83	6	1.42	1	2.84	42.56	37.83	45.26	399.68	398.09	7.768	8.532	9.28	10.19	199.7	1600	0	101.4	23.3	0.786	1.0	-0.22	2.74	1.00	0.00	0.16	111115
140	"12:34:19"	6201.0	0	0.444	0.00438	207	0.256	5.73	37.82	6	1.42	1	2.84	42.56	37.82	45.30	399.71	398.07	7.768	8.532	9.28	10.19	199.7	1600	0	101.4	23.3	0.786	1.0	-0.22	2.74	1.00	0.00	0.16	111115
141	"12:34:19"	6202.0	0	0.452	0.00439	205	0.257	5.73	37.83	6	1.42	1	2.84	42.58	37.83	45.36	399.71	398.04	7.767	8.533	9.27	10.18	199.7	1600	0	101.4	23.3	0.786	1.0	-0.22	2.74	1.00	0.00	0.16	111115
142	"12:34:20"	6203.0	0	0.457	0.00439	203	0.257	5.74	37.85	6	1.42	1	2.84	42.60	37.85	45.44	399.70	398.02	7.767	8.533	9.26	10.18	199.7	1600	0	101.4	23.3	0.786	1.0	-0.22	2.74	1.00	0.00	0.16	111115
143	"12:34:21"	6203.0	0	0.457	0.00439	203	0.257	5.74	37.85	6	1.42	1	2.84	42.60	37.85	45.44	399.70	398.02	7.767	8.533	9.26	10.18	199.7	1600	0	101.4	23.3	0.786	1.0	-0.22	2.74	1.00	0.00	0.16	111115
144	"12:34:21"	6203.5	0	0.454	0.00438	204	0.257	5.74	37.86	6	1.42	1	2.84	42.61	37.86	45.47	399.67	398.00	7.767	8.532	9.26	10.17	199.7	1600	0	101.4	23.3	0.786	1.0	-0.22	2.74	1.00	0.00	0.16	111115
145	"12:34:22"	6204.0	0	0.433	0.00438	211	0.257	5.74	37.87	6	1.42	1	2.84	42.61	37.87	45.50	399.62	398.01	7.767	8.532	9.25	10.16	199.7	1600	0	101.4	23.3	0.786	1.0	-0.22	2.74	1.00	0.00	0.16	111115
146	"12:34:22"	6204.5	0	0.412	0.00438	218	0.257	5.75	37.88	6	1.42	1	2.84	42.62	37.88	45.53	399.54	398.00	7.766	8.532	9.25	10.16	199.7	1600	0	101.4	23.3	0.786	1.0	-0.22	2.74	1.00	0.00	0.16	111115
147	"12:34:23"	6205.0	0	0.391	0.00438	225	0.258	5.75	37.89	6	1.42	1	2.84	42.63	37.89	45.56	399.48	397.99	7.766	8.533	9.24	10.15	199.7	1600	0	101.4	23.3	0.786	1.0	-0.22	2.74	1.00	0.00	0.16	111115
148	"12:34:23"	6205.5	0	0.384	0.00437	228	0.257	5.76	37.90	6	1.42	1	2.84	42.65	37.90	45.59	399.44	397.98	7.767	8.532	9.24	10.15	199.7	1600	1	101.4	23.3	0.786	1.0	-0.22	2.74	1.00	0.00	0.16	111115
149	"12:34:24"	6206.0	0	0.378	0.00436	229	0.257	5.76	37.92	6	1.42	1	2.84	42.66	37.92	45.61	399.41	397.97	7.767	8.532	9.23	10.14	199.7	1600	0	101.4	23.3	0.786	1.0	-0.22	2.74	1.00	0.00	0.16	111115
150	"12:34:24"	6206.5	0	0.382	0.00436	228	0.257	5.77	37.93	6	1.42	1	2.84	42.67	37.93	45.62	399.39	397.94	7.766	8.532	9.23	10.14	199.7	1600	0	101.4	23.3	0.786	1.0	-0.22	2.74	1.00	0.00	0.16	111115
"12:34:32 Coolers: Tblock -> 50.00 C"
"12:44:35 Flow: Fixed -> 200 umol/s"
151	"12:45:02"	6845.0	0	0.375	0.0038	206	0.265	6.79	40.59	6	1.42	1	2.84	46.85	40.59	49.81	398.78	397.34	7.737	8.527	7.41	8.16	199.7	1599	0	101.4	23.8	0.788	1.0	-0.22	2.74	1.00	0.00	0.16	111115
152	"12:45:02"	6845.0	0	0.375	0.0038	206	0.265	6.79	40.59	6	1.42	1	2.84	46.85	40.59	49.81	398.78	397.34	7.737	8.527	7.41	8.16	199.7	1599	0	101.4	23.8	0.788	1.0	-0.22	2.74	1.00	0.00	0.16	111115
153	"12:45:03"	6845.5	0	0.369	0.00381	208	0.266	6.79	40.59	6	1.42	1	2.84	46.85	40.59	49.81	398.75	397.33	7.736	8.527	7.40	8.16	199.7	1599	0	101.4	23.8	0.788	1.0	-0.22	2.74	1.00	0.00	0.16	111115
154	"12:45:03"	6846.0	0	0.354	0.00381	214	0.266	6.79	40.59	6	1.42	1	2.84	46.85	40.59	49.81	398.73	397.34	7.736	8.527	7.40	8.16	199.7	1600	0	101.4	23.8	0.788	1.0	-0.22	2.74	1.00	0.00	0.16	111115
155	"12:45:04"	6846.5	0	0.352	0.00381	215	0.266	6.79	40.59	6	1.42	1	2.84	46.85	40.59	49.82	398.74	397.37	7.736	8.527	7.40	8.16	199.7	1600	0	101.4	23.8	0.788	1.0	-0.22	2.74	1.00	0.00	0.16	111115
156	"12:45:05"	6847.5	0	0.366	0.0038	209	0.265	6.79	40.59	6	1.42	1	2.84	46.85	40.59	49.82	398.75	397.33	7.736	8.526	7.40	8.16	199.7	1600	0	101.4	23.8	0.788	1.0	-0.22	2.74	1.00	0.00	0.16	111115
157	"12:45:05"	6848.0	0	0.383	0.00379	202	0.264	6.79	40.59	6	1.42	1	2.84	46.85	40.59	49.82	398.79	397.32	7.738	8.525	7.40	8.16	199.7	1600	0	101.4	23.8	0.788	1.0	-0.22	2.74	1.00	0.00	0.16	111115
158	"12:45:06"	6848.0	0	0.383	0.00379	202	0.264	6.79	40.59	6	1.42	1	2.84	46.85	40.59	49.82	398.79	397.32	7.738	8.525	7.40	8.16	199.7	1600	0	101.4	23.8	0.788	1.0	-0.22	2.74	1.00	0.00	0.16	111115
159	"12:45:06"	6848.5	0	0.389	0.00379	200	0.264	6.79	40.59	6	1.42	1	2.84	46.85	40.59	49.82	398.79	397.31	7.738	8.525	7.40	8.16	199.7	1600	0	101.4	23.8	0.788	1.0	-0.22	2.74	1.00	0.00	0.16	111115
160	"12:45:07"	6849.0	0	0.388	0.00378	200	0.264	6.79	40.59	6	1.42	1	2.84	46.85	40.59	49.82	398.81	397.33	7.739	8.525	7.41	8.16	199.7	1600	0	101.4	23.8	0.788	1.0	-0.22	2.74	1.00	0.00	0.16	111115
161	"12:45:07"	6849.5	0	0.387	0.00378	200	0.264	6.79	40.59	6	1.42	1	2.84	46.85	40.59	49.82	398.83	397.35	7.739	8.525	7.41	8.16	199.7	1600	0	101.4	23.8	0.788	1.0	-0.22	2.74	1.00	0.00	0.16	111115
162	"12:45:08"	6850.0	0	0.398	0.00379	196	0.264	6.79	40.59	6	1.42	1	2.84	46.85	40.59	49.82	398.85	397.34	7.739	8.526	7.41	8.16	199.7	1600	0	101.4	23.8	0.788	1.0	-0.22	2.74	1.00	0.00	0.16	111115
163	"12:45:08"	6850.5	0	0.422	0.00379	186	0.264	6.79	40.60	6	1.42	1	2.84	46.85	40.60	49.81	398.90	397.31	7.739	8.526	7.41	8.16	199.7	1600	0	101.4	23.8	0.788	1.0	-0.22	2.74	1.00	0.00	0.16	111115
164	"12:45:09"	6851.0	0	0.424	0.00378	185	0.264	6.79	40.60	6	1.42	1	2.84	46.85	40.60	49.82	398.90	397.32	7.739	8.526	7.41	8.16	199.7	1600	0	101.4	23.8	0.788	1.0	-0.22	2.74	1.00	0.00	0.16	111115
165	"12:45:10"	6851.5	0	0.439	0.00378	179	0.264	6.79	40.60	6	1.42	1	2.84	46.85	40.60	49.81	398.94	397.31	7.740	8.526	7.41	8.16	199.7	1599	0	101.4	23.8	0.788	1.0	-0.22	2.74	1.00	0.00	0.16	111115
"12:45:17 Coolers: Tblock -> 20.00 C"
