"OPEN 6.2.5"
"Tue Jan 18 2022 13:04:52"
<open><version>"6.2.5"</version></open>
<open><configfile>"/User/Configs/UserPrefs/2x3 LED.xml"</configfile></open>
<open><light><source>"6400-02 or -02B LED Source"</source><par_in>1<sensor>"SI-3989"<cal>-0.92<actinity>1.00</actinity><transm>1.00</transm></cal></sensor><transm>1</transm></par_in><par_out>1<sensor>"Q50937"<cal>6.45</cal></sensor></par_out></light></open>
<open><comps><file>"/User/Configs/Comps/StdComps_6.2"<header>""</header><extras></extras></file><energybal>no<f_parIn>1</f_parIn><f_parOut>0</f_parOut><alphaK>0.16</alphaK></energybal><bc_total>2.840<stomatal_ratio>1</stomatal_ratio><bc_oneside>1.420<type>2</type><table>"/Sys/Lib/StdBLCTable"</table><area>6</area><slope>-0.219565</slope><offset>2.73739</offset><fan>5</fan></bc_oneside></bc_total></comps></open>
<open><prompts><onlog>off</onlog><items>"Default (none)"</items></prompts></open>
<open><constants><oxygen>21 %</oxygen><bb_vapor>1.5</bb_vapor><bb_oxy>0.9</bb_oxy></constants></open>
<open><stability><items>"Std Stability"<items[1]><id>-2</id><size>15</size><pcv><onoff>0</onoff><value>1</value></pcv><std><onoff>0</onoff><value>1</value></std><slp><onoff>1</onoff><value>1</value></slp></items[1]><items[2]><id>-5</id><size>15</size><pcv><onoff>0</onoff><value>1</value></pcv><std><onoff>0</onoff><value>1</value></std><slp><onoff>1</onoff><value>1</value></slp></items[2]><items[3]><id>-7</id><size>15</size><pcv><onoff>0</onoff><value>1</value></pcv><std><onoff>0</onoff><value>1</value></std><slp><onoff>1</onoff><value>1</value></slp></items[3]></items></stability></open>
<open><log><format>"StdLogFmt_6.0"<items>{ -35 -21 -36 -76 30 23 36 21 25 221 -33 111 -34 11 -9 -10 -8 -1 -2 -4 -5 -14 -15 -7 -12 -13 -11 -65 -66 -72 -18 -19 -77 -78 -79 -23  }<hdr>{  }</hdr></items></format><options><beep>on</beep><hdr>normal</hdr><rem>normal</rem><stab>no</stab><stats>no<mean>no</mean><file>no</file><period>15</period></stats><excel>yes</excel><controls>yes</controls><comm>no</comm></options><datafile>"/User/jcg_capa_lh"</datafile><button><action>"Normal Log"<code>" LogOneObsManual "</code></action></button><autoprog>"/User/Configs/AutoProgs/AutoLog2"<active>no</active></autoprog></log></open>
<open><a2d><avgtime>4.0 secs</avgtime><userchans><ch20>"Off"</ch20><ch21>"Off"</ch21><ch22>"Off"</ch22><ch23>"Off"</ch23></userchans></a2d></open>
<open><matching><type>0</type><disp>'a'</disp><settings><CO2Limit>10.0</CO2Limit><H2OLimit>1.0</H2OLimit><MaxAutoTime>60</MaxAutoTime></settings></matching></open>
<li6400><factory><unit>"PSC-4076"</unit><serviced>"31 Mar 2014"</serviced><fuseaware>0</fuseaware><co2mixer>yes</co2mixer><co2><coeffs>{ 0 0.215349 2.57678e-05 1.9763e-08 -3.21542e-12 3.03737e-16  }</coeffs><dvdt>-2.8</dvdt><xs>{ 0.0005 0.0003  }</xs></co2><h2o><coeffs>{ 0 0.00579256 2.19235e-06 9.06457e-12  }</coeffs><dvdt>-1</dvdt><xs>{ -0.0026 0.0003  }</xs></h2o><flow>{ 0 0.3607  }</flow><press>{ 88.32 0.00555  }</press></factory></li6400>
<li6400><user><flow_zero>-1560.7</flow_zero><irga_zero><co2>-312.6 -351.6<at>29.8235</at></co2><h2o>-156.6 77.4<at>31.0407</at></h2o></irga_zero><irga_span><co2>{ 0.988788 0.993555  }</co2><h2o>{ 0.996032 0.996401  }</h2o></irga_span><irga_match><co2>{ -1.32399 20.6331  }</co2><h2o>{ -0.104692 0.77911  }</h2o></irga_match><co2_mixer><pump_mv>4500</pump_mv><ppm>{ 2185.36 1052.7 419.509 255.894 118.056 69.8071 46.8351 46.4167  }</ppm><mv>{ 5000 3000 1500 1000 500 300 200 100  }</mv></co2_mixer><parin_offset>-0.0908794</parin_offset><led_cal><unit>"SI-3989"</unit><mv>{ 10 25 50 100 1000 2000 3000 4000 5000  }</mv><qntm>{ 5.41353 17.8999 38.6356 86.3019 941.421 1838.37 2690.41 3508.95 4284.65  }</qntm></led_cal><lcf_cal><unit>"unknown"</unit><red><mv>{ 50 100 500 1000 1500 5000  }</mv><qntm>{ 50 100 500 1000 2000 5000  }</qntm></red><blue><mv>{ 100 200 500 1000 2000 5000  }</mv><qntm>{ 10 20 50 100 200 500  }</qntm></blue></lcf_cal></user></li6400>
"13:04:54 "
$STARTOFDATA$
"Obs"	"HHMMSS"	"FTime"	"EBal?"	"Photo"	"Cond"	"Ci"	"Trmmol"	"VpdL"	"CTleaf"	"Area"	"BLC_1"	"StmRat"	"BLCond"	"Tair"	"Tleaf"	"TBlk"	"CO2R"	"CO2S"	"H2OR"	"H2OS"	"RH_R"	"RH_S"	"Flow"	"PARi"	"PARo"	"Press"	"CsMch"	"HsMch"	"StableF"	"BLCslope"	"BLCoffst"	"f_parin"	"f_parout"	"alphaK"	"Status"
"13:26:32 Coolers: Tblock -> 0.00 C"
"13:52:36 Flow: Fixed -> 200 umol/s"
1	"13:53:39"	2937.0	0	2.13	0.14	361	1.16	0.869	10.29	6	1.42	1	2.84	4.03	10.29	0.86	399.63	391.86	0.371	3.844	4.57	47.30	199.7	1600	0	100.7	17.6	0.52	1.0	-0.22	2.74	1.00	0.00	0.16	111115
2	"13:53:39"	2937.5	0	2.12	0.14	361	1.16	0.869	10.28	6	1.42	1	2.84	4.03	10.28	0.86	399.64	391.89	0.371	3.843	4.56	47.30	199.7	1600	0	100.7	17.6	0.52	1.0	-0.22	2.74	1.00	0.00	0.16	111115
3	"13:53:40"	2937.5	0	2.12	0.14	361	1.16	0.869	10.28	6	1.42	1	2.84	4.03	10.28	0.86	399.64	391.89	0.371	3.843	4.56	47.30	199.7	1600	0	100.7	17.6	0.52	1.0	-0.22	2.74	1.00	0.00	0.16	111115
4	"13:53:40"	2938.0	0	2.13	0.14	361	1.16	0.869	10.28	6	1.42	1	2.84	4.03	10.28	0.86	399.64	391.87	0.371	3.844	4.57	47.30	199.7	1600	0	100.7	17.6	0.52	1.0	-0.22	2.74	1.00	0.00	0.16	111115
5	"13:53:41"	2938.0	0	2.13	0.14	361	1.16	0.869	10.28	6	1.42	1	2.84	4.03	10.28	0.86	399.64	391.87	0.371	3.844	4.57	47.30	199.7	1600	0	100.7	17.6	0.52	1.0	-0.22	2.74	1.00	0.00	0.16	111115
6	"13:53:41"	2938.5	0	2.15	0.14	361	1.16	0.868	10.27	6	1.42	1	2.84	4.03	10.27	0.86	399.71	391.87	0.371	3.843	4.56	47.30	199.7	1600	0	100.7	17.6	0.52	1.0	-0.22	2.74	1.00	0.00	0.16	111115
7	"13:53:42"	2939.0	0	2.18	0.14	361	1.16	0.867	10.26	6	1.42	1	2.84	4.03	10.26	0.85	399.79	391.88	0.371	3.843	4.57	47.30	199.7	1600	0	100.7	17.6	0.52	1.0	-0.22	2.74	1.00	0.00	0.16	111115
8	"13:53:42"	2939.5	0	2.22	0.14	360	1.16	0.867	10.26	6	1.42	1	2.84	4.03	10.26	0.85	399.90	391.86	0.371	3.843	4.57	47.30	199.7	1600	0	100.7	17.6	0.52	1.0	-0.22	2.74	1.00	0.00	0.16	111115
9	"13:53:43"	2940.0	0	2.25	0.14	360	1.16	0.867	10.26	6	1.42	1	2.84	4.03	10.26	0.85	400.01	391.87	0.371	3.843	4.57	47.30	199.7	1600	0	100.7	17.6	0.52	1.0	-0.22	2.74	1.00	0.00	0.16	111115
10	"13:53:43"	2940.5	0	2.27	0.14	360	1.16	0.867	10.26	6	1.42	1	2.84	4.03	10.26	0.85	400.07	391.88	0.372	3.843	4.57	47.31	199.7	1600	0	100.7	17.6	0.52	1.0	-0.22	2.74	1.00	0.00	0.16	111115
11	"13:53:44"	2941.5	0	2.32	0.14	359	1.16	0.867	10.26	6	1.42	1	2.84	4.03	10.26	0.85	400.18	391.86	0.372	3.844	4.58	47.33	199.7	1600	0	100.7	17.6	0.52	1.0	-0.22	2.74	1.00	0.00	0.16	111115
12	"13:53:44"	2942.5	0	2.34	0.14	359	1.16	0.867	10.26	6	1.42	1	2.84	4.03	10.26	0.85	400.25	391.86	0.373	3.845	4.59	47.33	199.8	1600	0	100.7	17.6	0.52	1.0	-0.22	2.74	1.00	0.00	0.16	111115
13	"13:53:45"	2943.0	0	2.33	0.14	359	1.16	0.866	10.25	6	1.42	1	2.84	4.02	10.25	0.85	400.22	391.85	0.372	3.845	4.59	47.34	199.7	1600	0	100.7	17.6	0.52	1.0	-0.22	2.74	1.00	0.00	0.16	111115
14	"13:53:45"	2943.5	0	2.31	0.141	359	1.16	0.866	10.24	6	1.42	1	2.84	4.02	10.24	0.85	400.15	391.86	0.373	3.844	4.59	47.34	199.8	1600	0	100.7	17.6	0.52	1.0	-0.22	2.74	1.00	0.00	0.16	111115
15	"13:53:46"	2944.0	0	2.29	0.141	360	1.16	0.865	10.23	6	1.42	1	2.84	4.02	10.23	0.85	400.11	391.87	0.372	3.844	4.59	47.34	199.7	1600	0	100.7	17.6	0.52	1.0	-0.22	2.74	1.00	0.00	0.16	111115
"13:54:07 Coolers: Tblock -> 5.00 C"
"14:03:34 Flow: Fixed -> 200 umol/s"
16	"14:05:10"	3627.5	0	2.49	0.156	358	1.46	0.986	12.60	6	1.42	1	2.84	7.35	12.60	4.93	399.70	390.49	0.374	4.747	3.66	46.43	199.7	1600	0	100.7	17.7	0.563	1.0	-0.22	2.74	1.00	0.00	0.16	111115
17	"14:05:10"	3628.0	0	2.55	0.156	357	1.46	0.985	12.59	6	1.42	1	2.84	7.35	12.59	4.93	399.85	390.46	0.374	4.747	3.65	46.43	199.7	1600	0	100.7	17.7	0.563	1.0	-0.22	2.74	1.00	0.00	0.16	111115
18	"14:05:11"	3628.5	0	2.64	0.156	356	1.46	0.985	12.59	6	1.42	1	2.84	7.35	12.59	4.94	400.07	390.41	0.374	4.747	3.66	46.43	199.7	1600	0	100.7	17.7	0.563	1.0	-0.22	2.74	1.00	0.00	0.16	111115
19	"14:05:11"	3628.5	0	2.64	0.156	356	1.46	0.985	12.59	6	1.42	1	2.84	7.35	12.59	4.94	400.07	390.41	0.374	4.747	3.66	46.43	199.7	1600	0	100.7	17.7	0.563	1.0	-0.22	2.74	1.00	0.00	0.16	111115
20	"14:05:11"	3629.0	0	2.73	0.156	355	1.46	0.985	12.59	6	1.42	1	2.84	7.35	12.59	4.94	400.29	390.37	0.374	4.748	3.65	46.43	199.7	1600	0	100.7	17.7	0.563	1.0	-0.22	2.74	1.00	0.00	0.16	111115
21	"14:05:12"	3629.5	0	2.8	0.156	355	1.46	0.986	12.60	6	1.42	1	2.84	7.35	12.60	4.94	400.51	390.38	0.374	4.748	3.66	46.43	199.7	1600	0	100.7	17.7	0.563	1.0	-0.22	2.74	1.00	0.00	0.16	111115
22	"14:05:12"	3630.0	0	2.86	0.156	354	1.46	0.986	12.60	6	1.42	1	2.84	7.35	12.60	4.94	400.67	390.36	0.374	4.749	3.66	46.44	199.7	1600	0	100.7	17.7	0.563	1.0	-0.22	2.74	1.00	0.00	0.16	111115
23	"14:05:13"	3630.5	0	2.91	0.156	353	1.46	0.986	12.60	6	1.42	1	2.84	7.35	12.60	4.94	400.80	390.34	0.374	4.750	3.66	46.44	199.7	1600	0	100.7	17.7	0.563	1.0	-0.22	2.74	1.00	0.00	0.16	111115
24	"14:05:14"	3631.0	0	2.95	0.156	353	1.46	0.987	12.61	6	1.42	1	2.84	7.35	12.61	4.94	400.90	390.32	0.374	4.750	3.66	46.44	199.7	1600	0	100.7	17.7	0.563	1.0	-0.22	2.74	1.00	0.00	0.16	111115
25	"14:05:14"	3631.5	0	2.98	0.156	353	1.46	0.987	12.61	6	1.42	1	2.84	7.35	12.61	4.94	400.97	390.30	0.374	4.751	3.66	46.45	199.7	1600	0	100.7	17.7	0.563	1.0	-0.22	2.74	1.00	0.00	0.16	111115
26	"14:05:15"	3632.0	0	2.99	0.156	352	1.46	0.986	12.61	6	1.42	1	2.84	7.35	12.61	4.94	401.02	390.31	0.374	4.752	3.66	46.45	199.7	1600	0	100.7	17.7	0.563	0.7	-0.22	2.74	1.00	0.00	0.16	111115
27	"14:05:15"	3632.5	0	2.97	0.156	353	1.46	0.986	12.60	6	1.42	1	2.84	7.36	12.60	4.95	400.96	390.31	0.374	4.752	3.66	46.45	199.8	1600	0	100.7	17.7	0.563	0.7	-0.22	2.74	1.00	0.00	0.16	111115
28	"14:05:16"	3634.0	0	2.87	0.157	354	1.46	0.984	12.58	6	1.42	1	2.84	7.36	12.58	4.95	400.66	390.32	0.374	4.752	3.66	46.44	199.8	1600	0	100.7	17.7	0.563	0.7	-0.22	2.74	1.00	0.00	0.16	111115
29	"14:05:16"	3634.5	0	2.83	0.157	354	1.46	0.983	12.58	6	1.42	1	2.84	7.36	12.58	4.95	400.57	390.36	0.374	4.752	3.66	46.44	199.8	1600	0	100.7	17.7	0.563	0.7	-0.22	2.74	1.00	0.00	0.16	111115
30	"14:05:17"	3635.0	0	2.79	0.157	355	1.46	0.983	12.58	6	1.42	1	2.84	7.36	12.58	4.95	400.45	390.37	0.374	4.751	3.66	46.44	199.8	1600	0	100.7	17.7	0.563	0.7	-0.22	2.74	1.00	0.00	0.16	111115
"14:05:32 Coolers: Tblock -> 10.00 C"
"14:12:38 Flow: Fixed -> 200 umol/s"
31	"14:14:20"	4178.5	0	3.28	0.159	347	1.84	1.21	15.81	6	1.42	1	2.84	11.70	15.81	10.05	400.31	388.32	0.375	5.858	2.74	42.77	199.7	1600	0	100.7	17.9	0.6	1.0	-0.22	2.74	1.00	0.00	0.16	111115
32	"14:14:21"	4179.0	0	3.26	0.159	347	1.84	1.21	15.80	6	1.42	1	2.84	11.70	15.80	10.05	400.26	388.33	0.375	5.858	2.74	42.76	199.7	1600	0	100.7	17.9	0.6	1.0	-0.22	2.74	1.00	0.00	0.16	111115
33	"14:14:21"	4179.0	0	3.26	0.159	347	1.84	1.21	15.80	6	1.42	1	2.84	11.70	15.80	10.05	400.26	388.33	0.375	5.858	2.74	42.76	199.7	1600	0	100.7	17.9	0.6	1.0	-0.22	2.74	1.00	0.00	0.16	111115
34	"14:14:22"	4179.5	0	3.24	0.159	347	1.84	1.21	15.80	6	1.42	1	2.84	11.70	15.80	10.05	400.20	388.33	0.375	5.859	2.74	42.77	199.7	1600	0	100.7	17.9	0.6	1.0	-0.22	2.74	1.00	0.00	0.16	111115
35	"14:14:22"	4180.0	0	3.21	0.159	347	1.84	1.21	15.79	6	1.42	1	2.84	11.70	15.79	10.05	400.14	388.36	0.375	5.858	2.74	42.76	199.7	1600	0	100.7	17.9	0.6	1.0	-0.22	2.74	1.00	0.00	0.16	111115
36	"14:14:23"	4180.5	0	3.21	0.16	347	1.84	1.21	15.78	6	1.42	1	2.84	11.70	15.78	10.05	400.15	388.35	0.375	5.858	2.74	42.76	199.7	1600	0	100.7	17.9	0.6	1.0	-0.22	2.74	1.00	0.00	0.16	111115
37	"14:14:23"	4181.0	0	3.23	0.16	347	1.84	1.21	15.78	6	1.42	1	2.84	11.70	15.78	10.05	400.20	388.35	0.375	5.858	2.74	42.76	199.7	1600	0	100.7	17.9	0.6	1.0	-0.22	2.74	1.00	0.00	0.16	111115
38	"14:14:24"	4181.5	0	3.25	0.16	347	1.84	1.21	15.77	6	1.42	1	2.84	11.70	15.77	10.05	400.26	388.37	0.375	5.857	2.74	42.76	199.7	1600	0	100.7	17.9	0.6	1.0	-0.22	2.74	1.00	0.00	0.16	111115
39	"14:14:24"	4182.0	0	3.26	0.16	347	1.84	1.21	15.77	6	1.42	1	2.84	11.70	15.77	10.05	400.29	388.36	0.375	5.858	2.74	42.76	199.8	1600	0	100.7	17.9	0.6	1.0	-0.22	2.74	1.00	0.00	0.16	111115
40	"14:14:25"	4182.5	0	3.26	0.16	347	1.84	1.21	15.77	6	1.42	1	2.84	11.70	15.77	10.05	400.30	388.37	0.376	5.858	2.74	42.76	199.8	1600	0	100.7	17.9	0.6	1.0	-0.22	2.74	1.00	0.00	0.16	111115
41	"14:14:26"	4184.5	0	3.29	0.159	347	1.83	1.21	15.78	6	1.42	1	2.84	11.70	15.78	10.05	400.38	388.36	0.376	5.856	2.74	42.74	199.7	1600	0	100.7	17.9	0.6	1.0	-0.22	2.74	1.00	0.00	0.16	111115
42	"14:14:27"	4185.0	0	3.29	0.159	347	1.83	1.21	15.79	6	1.42	1	2.84	11.70	15.79	10.05	400.37	388.35	0.376	5.855	2.74	42.73	199.7	1600	0	100.7	17.9	0.6	1.0	-0.22	2.74	1.00	0.00	0.16	111115
43	"14:14:27"	4185.5	0	3.27	0.159	347	1.83	1.21	15.79	6	1.42	1	2.84	11.70	15.79	10.05	400.33	388.37	0.376	5.855	2.74	42.73	199.7	1600	0	100.7	17.9	0.6	1.0	-0.22	2.74	1.00	0.00	0.16	111115
44	"14:14:28"	4186.0	0	3.26	0.159	347	1.83	1.21	15.79	6	1.42	1	2.84	11.70	15.79	10.05	400.33	388.38	0.375	5.854	2.74	42.72	199.7	1600	0	100.7	17.9	0.6	1.0	-0.22	2.74	1.00	0.00	0.16	111115
45	"14:14:28"	4186.5	0	3.27	0.159	347	1.83	1.21	15.79	6	1.42	1	2.84	11.70	15.79	10.05	400.36	388.38	0.375	5.854	2.74	42.72	199.7	1600	0	100.7	17.9	0.6	1.0	-0.22	2.74	1.00	0.00	0.16	111115
"14:14:45 Coolers: Tblock -> 15.00 C"
"14:25:40 Flow: Fixed -> 200 umol/s"
46	"14:29:36"	5094.5	0	3.17	0.0555	287	0.999	1.82	19.53	6	1.42	1	2.84	16.21	19.53	15.09	400.02	389.33	1.537	4.524	8.37	24.64	199.7	1599	0	100.7	18.3	0.606	1.0	-0.22	2.74	1.00	0.00	0.16	111115
47	"14:29:37"	5095.0	0	3.18	0.0555	286	0.998	1.82	19.52	6	1.42	1	2.84	16.21	19.52	15.09	400.03	389.32	1.537	4.523	8.37	24.64	199.7	1599	0	100.7	18.3	0.606	1.0	-0.22	2.74	1.00	0.00	0.16	111115
48	"14:29:37"	5095.5	0	3.17	0.0555	286	0.998	1.82	19.52	6	1.42	1	2.84	16.21	19.52	15.09	400.03	389.33	1.537	4.523	8.37	24.63	199.7	1599	0	100.7	18.3	0.606	1.0	-0.22	2.74	1.00	0.00	0.16	111115
49	"14:29:38"	5095.5	0	3.17	0.0555	286	0.998	1.82	19.52	6	1.42	1	2.84	16.21	19.52	15.09	400.03	389.33	1.537	4.523	8.37	24.63	199.7	1599	0	100.7	18.3	0.606	1.0	-0.22	2.74	1.00	0.00	0.16	111115
50	"14:29:38"	5096.0	0	3.17	0.0555	286	0.998	1.82	19.52	6	1.42	1	2.84	16.21	19.52	15.09	400.03	389.33	1.537	4.522	8.37	24.63	199.7	1599	0	100.7	18.3	0.606	1.0	-0.22	2.74	1.00	0.00	0.16	111115
51	"14:29:39"	5096.5	0	3.18	0.0555	286	0.998	1.82	19.51	6	1.42	1	2.84	16.21	19.51	15.09	400.05	389.33	1.537	4.521	8.37	24.63	199.7	1599	0	100.7	18.3	0.606	1.0	-0.22	2.74	1.00	0.00	0.16	111115
52	"14:29:39"	5097.0	0	3.19	0.0555	286	0.998	1.82	19.51	6	1.42	1	2.84	16.21	19.51	15.09	400.07	389.32	1.537	4.520	8.37	24.62	199.7	1599	0	100.7	18.3	0.606	1.0	-0.22	2.74	1.00	0.00	0.16	111115
53	"14:29:40"	5097.5	0	3.19	0.0555	286	0.997	1.82	19.51	6	1.42	1	2.84	16.21	19.51	15.09	400.05	389.31	1.537	4.519	8.37	24.62	199.7	1599	0	100.7	18.3	0.606	1.0	-0.22	2.74	1.00	0.00	0.16	111115
54	"14:29:40"	5098.0	0	3.18	0.0555	286	0.997	1.82	19.51	6	1.42	1	2.84	16.21	19.51	15.09	400.03	389.31	1.537	4.519	8.37	24.61	199.7	1599	0	100.7	18.3	0.606	1.0	-0.22	2.74	1.00	0.00	0.16	111115
55	"14:29:41"	5098.5	0	3.18	0.0554	286	0.997	1.82	19.51	6	1.42	1	2.84	16.21	19.51	15.09	400.05	389.33	1.538	4.518	8.37	24.61	199.7	1599	0	100.7	18.3	0.606	1.0	-0.22	2.74	1.00	0.00	0.16	111115
56	"14:29:41"	5099.0	0	3.19	0.0554	286	0.997	1.82	19.52	6	1.42	1	2.84	16.21	19.52	15.09	400.07	389.30	1.537	4.517	8.37	24.60	199.7	1599	0	100.7	18.3	0.606	1.0	-0.22	2.74	1.00	0.00	0.16	111115
57	"14:29:42"	5099.5	0	3.19	0.0553	286	0.996	1.82	19.52	6	1.42	1	2.84	16.21	19.52	15.09	400.08	389.32	1.537	4.516	8.37	24.60	199.7	1599	0	100.7	18.3	0.606	1.0	-0.22	2.74	1.00	0.00	0.16	111115
58	"14:29:42"	5100.0	0	3.19	0.0553	286	0.996	1.82	19.53	6	1.42	1	2.84	16.21	19.53	15.09	400.09	389.33	1.537	4.515	8.37	24.59	199.7	1599	0	100.7	18.3	0.606	1.0	-0.22	2.74	1.00	0.00	0.16	111115
59	"14:29:43"	5100.5	0	3.2	0.0553	285	0.996	1.83	19.53	6	1.42	1	2.84	16.21	19.53	15.09	400.11	389.31	1.537	4.514	8.37	24.59	199.7	1599	0	100.7	18.3	0.606	1.0	-0.22	2.74	1.00	0.00	0.16	111115
60	"14:29:43"	5101.0	0	3.21	0.0552	285	0.995	1.83	19.53	6	1.42	1	2.84	16.21	19.53	15.09	400.10	389.30	1.536	4.513	8.37	24.58	199.7	1599	0	100.7	18.3	0.606	1.0	-0.22	2.74	1.00	0.00	0.16	111115
"14:29:57 Coolers: Tblock -> 20.00 C"
"14:38:38 Flow: Fixed -> 200 umol/s"
61	"14:40:50"	5768.0	0	3.29	0.0484	268	0.937	1.95	22.64	6	1.42	1	2.84	20.42	22.64	19.97	399.72	388.73	5.242	8.036	21.92	33.61	199.7	1600	0	100.7	18.5	0.683	1.0	-0.22	2.74	1.00	0.00	0.16	111115
62	"14:40:51"	5768.5	0	3.28	0.0484	268	0.937	1.95	22.65	6	1.42	1	2.84	20.42	22.65	19.97	399.70	388.75	5.242	8.037	21.92	33.61	199.7	1600	0	100.7	18.5	0.683	1.0	-0.22	2.74	1.00	0.00	0.16	111115
63	"14:40:51"	5768.5	0	3.28	0.0484	268	0.937	1.95	22.65	6	1.42	1	2.84	20.42	22.65	19.97	399.70	388.75	5.242	8.037	21.92	33.61	199.7	1600	0	100.7	18.5	0.683	1.0	-0.22	2.74	1.00	0.00	0.16	111115
64	"14:40:52"	5769.0	0	3.28	0.0483	268	0.937	1.95	22.65	6	1.42	1	2.84	20.42	22.65	19.97	399.71	388.77	5.243	8.038	21.93	33.61	199.7	1600	0	100.7	18.5	0.683	1.0	-0.22	2.74	1.00	0.00	0.16	111115
65	"14:40:52"	5769.5	0	3.28	0.0483	268	0.938	1.95	22.65	6	1.42	1	2.84	20.42	22.65	19.97	399.72	388.76	5.244	8.038	21.93	33.61	199.7	1600	0	100.7	18.5	0.683	1.0	-0.22	2.74	1.00	0.00	0.16	111115
66	"14:40:53"	5770.0	0	3.3	0.0483	267	0.938	1.95	22.66	6	1.42	1	2.84	20.42	22.66	19.97	399.78	388.76	5.244	8.038	21.93	33.61	199.7	1600	0	100.7	18.5	0.683	1.0	-0.22	2.74	1.00	0.00	0.16	111115
67	"14:40:53"	5770.5	0	3.33	0.0483	267	0.938	1.95	22.66	6	1.42	1	2.84	20.42	22.66	19.97	399.86	388.77	5.245	8.039	21.93	33.62	199.7	1600	0	100.7	18.5	0.683	1.0	-0.22	2.74	1.00	0.00	0.16	111115
68	"14:40:54"	5771.0	0	3.35	0.0483	266	0.938	1.95	22.66	6	1.42	1	2.84	20.42	22.66	19.97	399.92	388.76	5.245	8.040	21.93	33.62	199.7	1600	0	100.7	18.5	0.683	1.0	-0.22	2.74	1.00	0.00	0.16	111115
69	"14:40:54"	5771.5	0	3.36	0.0484	266	0.938	1.95	22.66	6	1.42	1	2.84	20.42	22.66	19.97	399.94	388.74	5.245	8.040	21.93	33.62	199.7	1600	0	100.7	18.5	0.683	1.0	-0.22	2.74	1.00	0.00	0.16	111115
70	"14:40:55"	5772.0	0	3.38	0.0484	265	0.938	1.95	22.65	6	1.42	1	2.84	20.42	22.65	19.97	399.99	388.75	5.246	8.041	21.94	33.62	199.7	1600	0	100.7	18.5	0.683	1.0	-0.22	2.74	1.00	0.00	0.16	111115
71	"14:40:55"	5772.5	0	3.39	0.0484	265	0.938	1.95	22.65	6	1.42	1	2.84	20.42	22.65	19.97	400.00	388.72	5.245	8.041	21.93	33.63	199.7	1600	0	100.7	18.5	0.683	1.0	-0.22	2.74	1.00	0.00	0.16	111115
72	"14:40:56"	5773.0	0	3.38	0.0485	265	0.939	1.95	22.64	6	1.42	1	2.84	20.42	22.64	19.97	399.96	388.71	5.245	8.042	21.93	33.63	199.7	1600	0	100.7	18.5	0.683	1.0	-0.22	2.74	1.00	0.00	0.16	111115
73	"14:40:56"	5773.5	0	3.36	0.0485	266	0.939	1.95	22.63	6	1.42	1	2.84	20.42	22.63	19.97	399.90	388.71	5.245	8.043	21.93	33.63	199.7	1600	0	100.7	18.5	0.683	1.0	-0.22	2.74	1.00	0.00	0.16	111115
74	"14:40:57"	5774.0	0	3.34	0.0485	267	0.939	1.95	22.63	6	1.42	1	2.84	20.42	22.63	19.97	399.83	388.70	5.245	8.043	21.93	33.63	199.7	1600	0	100.7	18.5	0.683	1.0	-0.22	2.74	1.00	0.00	0.16	111115
75	"14:40:57"	5774.5	0	3.33	0.0486	267	0.939	1.95	22.62	6	1.42	1	2.84	20.42	22.62	19.97	399.80	388.69	5.244	8.043	21.93	33.64	199.7	1600	0	100.7	18.5	0.683	1.0	-0.22	2.74	1.00	0.00	0.16	111115
"14:41:20 Coolers: Tblock -> 25.00 C"
"14:47:08 Flow: Fixed -> 200 umol/s"
"14:48:29 Flow: Fixed -> 200 umol/s"
76	"14:48:47"	6244.5	0	3.73	0.0604	274	1.35	2.25	25.56	6	1.42	1	2.84	24.76	25.56	25.04	399.70	386.91	6.240	10.263	20.05	32.98	199.7	1600	0	100.7	18.7	0.736	1.0	-0.22	2.74	1.00	0.00	0.16	111115
77	"14:48:47"	6245.0	0	3.74	0.0605	274	1.35	2.25	25.56	6	1.42	1	2.84	24.76	25.56	25.04	399.73	386.92	6.240	10.265	20.05	32.98	199.7	1600	0	100.7	18.7	0.736	1.0	-0.22	2.74	1.00	0.00	0.16	111115
78	"14:48:48"	6245.5	0	3.75	0.0605	274	1.35	2.25	25.56	6	1.42	1	2.84	24.76	25.56	25.04	399.75	386.92	6.240	10.265	20.05	32.99	199.7	1600	0	100.7	18.7	0.736	1.0	-0.22	2.74	1.00	0.00	0.16	111115
79	"14:48:48"	6246.0	0	3.76	0.0605	274	1.35	2.25	25.55	6	1.42	1	2.84	24.76	25.55	25.04	399.78	386.91	6.241	10.266	20.05	32.99	199.7	1600	0	100.7	18.7	0.736	1.0	-0.22	2.74	1.00	0.00	0.16	111115
80	"14:48:49"	6246.5	0	3.77	0.0605	273	1.35	2.25	25.55	6	1.42	1	2.84	24.76	25.55	25.04	399.78	386.89	6.241	10.266	20.05	32.99	199.7	1600	0	100.7	18.7	0.736	1.0	-0.22	2.74	1.00	0.00	0.16	111115
81	"14:48:49"	6247.0	0	3.77	0.0605	273	1.35	2.25	25.55	6	1.42	1	2.84	24.76	25.55	25.04	399.78	386.88	6.241	10.266	20.05	32.98	199.7	1600	0	100.7	18.7	0.736	1.0	-0.22	2.74	1.00	0.00	0.16	111115
82	"14:48:50"	6247.5	0	3.77	0.0605	273	1.35	2.25	25.55	6	1.42	1	2.84	24.76	25.55	25.04	399.77	386.87	6.241	10.267	20.05	32.99	199.7	1600	0	100.7	18.7	0.736	1.0	-0.22	2.74	1.00	0.00	0.16	111115
83	"14:48:50"	6248.0	0	3.77	0.0605	273	1.35	2.25	25.55	6	1.42	1	2.84	24.76	25.55	25.04	399.78	386.87	6.240	10.267	20.05	32.99	199.7	1600	0	100.7	18.7	0.736	1.0	-0.22	2.74	1.00	0.00	0.16	111115
84	"14:48:51"	6249.0	0	3.76	0.0605	274	1.35	2.25	25.56	6	1.42	1	2.84	24.76	25.56	25.04	399.74	386.87	6.241	10.267	20.05	32.99	199.7	1600	0	100.7	18.7	0.736	1.0	-0.22	2.74	1.00	0.00	0.16	111115
85	"14:48:52"	6249.5	0	3.76	0.0605	273	1.35	2.25	25.56	6	1.42	1	2.84	24.76	25.56	25.04	399.73	386.86	6.242	10.266	20.05	32.98	199.7	1600	0	100.7	18.7	0.736	1.0	-0.22	2.74	1.00	0.00	0.16	111115
86	"14:48:52"	6250.0	0	3.76	0.0605	274	1.35	2.25	25.56	6	1.42	1	2.84	24.76	25.56	25.04	399.72	386.86	6.242	10.266	20.05	32.98	199.7	1600	0	100.7	18.7	0.736	1.0	-0.22	2.74	1.00	0.00	0.16	111115
87	"14:48:53"	6250.5	0	3.76	0.0605	274	1.35	2.25	25.56	6	1.42	1	2.84	24.76	25.56	25.04	399.72	386.86	6.242	10.268	20.05	32.99	199.7	1600	0	100.7	18.7	0.736	1.0	-0.22	2.74	1.00	0.00	0.16	111115
88	"14:48:53"	6251.0	0	3.75	0.0605	274	1.35	2.25	25.56	6	1.42	1	2.84	24.76	25.56	25.04	399.71	386.89	6.242	10.269	20.05	32.99	199.7	1600	0	100.7	18.7	0.736	1.0	-0.22	2.74	1.00	0.00	0.16	111115
89	"14:48:54"	6252.0	0	3.76	0.0605	274	1.35	2.25	25.57	6	1.42	1	2.84	24.77	25.57	25.04	399.74	386.87	6.243	10.271	20.05	32.99	199.7	1600	0	100.7	18.7	0.736	1.0	-0.22	2.74	1.00	0.00	0.16	111115
90	"14:48:55"	6252.5	0	3.76	0.0605	274	1.35	2.25	25.57	6	1.42	1	2.84	24.77	25.57	25.04	399.74	386.86	6.243	10.271	20.05	32.99	199.7	1600	0	100.7	18.7	0.736	1.0	-0.22	2.74	1.00	0.00	0.16	111115
"14:49:01 Coolers: Tblock -> 30.00 C"
"14:54:27 Flow: Fixed -> 200 umol/s"
"14:55:55 Flow: Fixed -> 200 umol/s"
91	"14:56:39"	6716.5	0	3.95	0.0604	266	1.54	2.55	28.71	6	1.42	1	2.84	29.18	28.71	30.12	399.54	385.89	9.443	13.995	23.41	34.69	199.7	1599	0	100.7	18.8	0.792	1.0	-0.22	2.74	1.00	0.00	0.16	111115
92	"14:56:39"	6717.5	0	3.95	0.0605	266	1.54	2.54	28.71	6	1.42	1	2.84	29.18	28.71	30.12	399.55	385.88	9.443	13.998	23.41	34.70	199.6	1599	0	100.7	18.8	0.792	1.0	-0.22	2.74	1.00	0.00	0.16	111115
93	"14:56:40"	6718.0	0	3.96	0.0605	266	1.54	2.54	28.71	6	1.42	1	2.84	29.18	28.71	30.12	399.57	385.88	9.443	13.999	23.41	34.70	199.6	1599	0	100.7	18.8	0.792	1.0	-0.22	2.74	1.00	0.00	0.16	111115
94	"14:56:41"	6719.0	0	3.97	0.0605	266	1.54	2.54	28.71	6	1.42	1	2.84	29.18	28.71	30.12	399.55	385.85	9.443	14.000	23.41	34.70	199.6	1599	0	100.7	18.8	0.792	1.0	-0.22	2.74	1.00	0.00	0.16	111115
95	"14:56:41"	6719.5	0	3.96	0.0606	266	1.54	2.54	28.71	6	1.42	1	2.84	29.18	28.71	30.12	399.54	385.86	9.443	14.001	23.41	34.70	199.6	1599	0	100.7	18.8	0.792	1.0	-0.22	2.74	1.00	0.00	0.16	111115
96	"14:56:42"	6720.0	0	3.96	0.0606	266	1.54	2.54	28.71	6	1.42	1	2.84	29.18	28.71	30.12	399.52	385.82	9.442	14.001	23.40	34.70	199.6	1599	0	100.7	18.8	0.792	1.0	-0.22	2.74	1.00	0.00	0.16	111115
97	"14:56:43"	6721.0	0	3.96	0.0607	266	1.54	2.54	28.70	6	1.42	1	2.84	29.18	28.70	30.12	399.54	385.84	9.443	14.006	23.41	34.72	199.7	1599	0	100.7	18.8	0.792	1.0	-0.22	2.74	1.00	0.00	0.16	111115
98	"14:56:44"	6721.5	0	3.96	0.0608	266	1.54	2.54	28.69	6	1.42	1	2.84	29.18	28.69	30.12	399.51	385.84	9.442	14.007	23.40	34.72	199.6	1599	0	100.7	18.8	0.792	1.0	-0.22	2.74	1.00	0.00	0.16	111115
99	"14:56:44"	6722.5	0	3.95	0.0611	267	1.54	2.53	28.64	6	1.42	1	2.84	29.18	28.64	30.12	399.52	385.86	9.443	14.011	23.40	34.73	199.7	1599	0	100.7	18.8	0.792	1.0	-0.22	2.74	1.00	0.00	0.16	111115
100	"14:56:45"	6723.0	0	3.97	0.0613	267	1.54	2.52	28.61	6	1.42	1	2.84	29.18	28.61	30.12	399.56	385.86	9.443	14.013	23.40	34.73	199.7	1599	0	100.7	18.8	0.792	1.0	-0.22	2.74	1.00	0.00	0.16	111115
101	"14:56:46"	6723.5	0	3.98	0.0616	267	1.54	2.51	28.58	6	1.42	1	2.84	29.19	28.58	30.12	399.60	385.86	9.443	14.017	23.40	34.74	199.7	1599	0	100.7	18.8	0.792	1.0	-0.22	2.74	1.00	0.00	0.16	111115
102	"14:56:46"	6724.5	0	3.98	0.062	268	1.55	2.5	28.51	6	1.42	1	2.84	29.19	28.51	30.12	399.64	385.89	9.445	14.022	23.40	34.75	199.7	1599	0	100.7	18.8	0.792	1.0	-0.22	2.74	1.00	0.00	0.16	111115
103	"14:56:47"	6725.0	0	3.97	0.0622	269	1.55	2.49	28.49	6	1.42	1	2.84	29.19	28.49	30.12	399.60	385.89	9.444	14.022	23.40	34.74	199.7	1599	0	100.7	18.8	0.792	1.0	-0.22	2.74	1.00	0.00	0.16	111115
104	"14:56:48"	6725.5	0	3.96	0.0622	269	1.55	2.49	28.48	6	1.42	1	2.84	29.19	28.48	30.12	399.59	385.89	9.446	14.023	23.40	34.74	199.7	1599	0	100.7	18.8	0.792	1.0	-0.22	2.74	1.00	0.00	0.16	111115
105	"14:56:48"	6726.5	0	3.96	0.0621	269	1.54	2.49	28.50	6	1.42	1	2.84	29.19	28.50	30.12	399.56	385.88	9.446	14.021	23.40	34.74	199.7	1599	0	100.7	18.8	0.792	1.0	-0.22	2.74	1.00	0.00	0.16	111115
"14:56:54 Coolers: Tblock -> 35.00 C"
"15:05:45 Flow: Fixed -> 200 umol/s"
106	"15:06:23"	7301.0	0	3.83	0.0564	261	1.71	3.01	32.04	6	1.42	1	2.84	33.60	32.04	34.99	400.49	387.00	12.595	17.638	24.28	34.00	199.6	1599	0	100.8	19.4	0.835	1.0	-0.22	2.74	1.00	0.00	0.16	111115
107	"15:06:24"	7302.0	0	3.84	0.0564	260	1.71	3.01	32.04	6	1.42	1	2.84	33.61	32.04	34.99	400.53	386.99	12.594	17.637	24.28	34.00	199.6	1599	0	100.8	19.4	0.835	1.0	-0.22	2.74	1.00	0.00	0.16	111115
108	"15:06:25"	7302.5	0	3.86	0.0564	260	1.71	3.01	32.04	6	1.42	1	2.84	33.60	32.04	34.99	400.60	387.00	12.595	17.638	24.28	34.00	199.6	1599	0	100.8	19.4	0.835	1.0	-0.22	2.74	1.00	0.00	0.16	111115
109	"15:06:25"	7303.0	0	3.89	0.0564	259	1.71	3.01	32.04	6	1.42	1	2.84	33.60	32.04	34.99	400.65	386.99	12.594	17.637	24.28	34.00	199.6	1599	0	100.8	19.4	0.835	1.0	-0.22	2.74	1.00	0.00	0.16	111115
110	"15:06:26"	7303.5	0	3.9	0.0564	259	1.71	3.01	32.04	6	1.42	1	2.84	33.61	32.04	34.99	400.69	386.99	12.594	17.637	24.28	34.00	199.6	1599	0	100.8	19.4	0.835	1.0	-0.22	2.74	1.00	0.00	0.16	111115
111	"15:06:26"	7304.0	0	3.92	0.0564	258	1.71	3.01	32.04	6	1.42	1	2.84	33.60	32.04	34.99	400.75	387.00	12.595	17.638	24.28	34.00	199.6	1599	0	100.8	19.4	0.835	1.0	-0.22	2.74	1.00	0.00	0.16	111115
112	"15:06:27"	7304.5	0	3.93	0.0565	258	1.71	3.01	32.03	6	1.42	1	2.84	33.60	32.03	34.99	400.78	386.98	12.595	17.637	24.28	34.00	199.7	1599	0	100.8	19.4	0.835	1.0	-0.22	2.74	1.00	0.00	0.16	111115
113	"15:06:27"	7305.0	0	3.94	0.0564	257	1.71	3.01	32.03	6	1.42	1	2.84	33.60	32.03	34.99	400.79	386.96	12.595	17.636	24.28	34.00	199.7	1599	0	100.8	19.4	0.835	1.0	-0.22	2.74	1.00	0.00	0.16	111115
114	"15:06:28"	7306.0	0	3.92	0.0565	258	1.71	3.01	32.03	6	1.42	1	2.84	33.61	32.03	34.99	400.75	386.98	12.594	17.636	24.28	34.00	199.7	1599	0	100.8	19.4	0.835	1.0	-0.22	2.74	1.00	0.00	0.16	111115
115	"15:06:29"	7306.5	0	3.92	0.0565	258	1.71	3.01	32.03	6	1.42	1	2.84	33.61	32.03	34.99	400.72	386.94	12.593	17.635	24.27	33.99	199.7	1599	0	100.8	19.4	0.835	1.0	-0.22	2.74	1.00	0.00	0.16	111115
116	"15:06:29"	7307.0	0	3.92	0.0564	258	1.71	3.01	32.03	6	1.42	1	2.84	33.61	32.03	34.99	400.71	386.94	12.593	17.635	24.27	33.99	199.6	1599	0	100.8	19.4	0.835	1.0	-0.22	2.74	1.00	0.00	0.16	111115
117	"15:06:30"	7307.5	0	3.93	0.0564	258	1.71	3.01	32.03	6	1.42	1	2.84	33.61	32.03	34.99	400.72	386.93	12.594	17.634	24.28	33.99	199.7	1599	0	100.8	19.4	0.835	1.0	-0.22	2.74	1.00	0.00	0.16	111115
118	"15:06:30"	7308.0	0	3.93	0.0564	258	1.71	3.01	32.03	6	1.42	1	2.84	33.61	32.03	34.99	400.72	386.93	12.594	17.635	24.27	33.99	199.7	1599	0	100.8	19.4	0.835	1.0	-0.22	2.74	1.00	0.00	0.16	111115
119	"15:06:31"	7308.5	0	3.93	0.0564	258	1.71	3.01	32.03	6	1.42	1	2.84	33.61	32.03	34.99	400.73	386.94	12.594	17.635	24.28	33.99	199.7	1599	0	100.8	19.4	0.835	1.0	-0.22	2.74	1.00	0.00	0.16	111115
120	"15:06:31"	7309.0	0	3.93	0.0564	258	1.71	3.01	32.03	6	1.42	1	2.84	33.61	32.03	34.99	400.75	386.95	12.595	17.635	24.28	33.99	199.7	1599	0	100.8	19.4	0.835	1.0	-0.22	2.74	1.00	0.00	0.16	111115
"15:06:37 Coolers: Tblock -> 40.00 C"
"15:15:23 Flow: Fixed -> 200 umol/s"
121	"15:16:03"	7881.5	0	3.47	0.0472	249	1.81	3.79	34.81	6	1.42	1	2.84	37.99	34.81	40.06	400.54	388.00	12.483	17.838	18.91	27.02	199.6	1599	0	100.8	19.8	0.817	1.0	-0.22	2.74	1.00	0.00	0.16	111115
122	"15:16:03"	7882.0	0	3.48	0.0472	249	1.81	3.79	34.80	6	1.42	1	2.84	37.99	34.80	40.06	400.53	387.95	12.482	17.837	18.91	27.02	199.6	1600	0	100.8	19.8	0.817	1.0	-0.22	2.74	1.00	0.00	0.16	111115
123	"15:16:04"	7882.5	0	3.48	0.0472	249	1.81	3.79	34.80	6	1.42	1	2.84	37.99	34.80	40.06	400.54	387.98	12.483	17.837	18.91	27.02	199.6	1600	0	100.8	19.8	0.817	1.0	-0.22	2.74	1.00	0.00	0.16	111115
124	"15:16:04"	7883.0	0	3.49	0.0472	248	1.81	3.79	34.80	6	1.42	1	2.84	37.99	34.80	40.06	400.58	387.96	12.483	17.837	18.91	27.02	199.6	1599	0	100.8	19.8	0.817	1.0	-0.22	2.74	1.00	0.00	0.16	111115
125	"15:16:05"	7883.5	0	3.48	0.0472	248	1.81	3.79	34.80	6	1.42	1	2.84	37.99	34.80	40.06	400.56	387.97	12.483	17.837	18.91	27.02	199.6	1599	0	100.8	19.8	0.817	1.0	-0.22	2.74	1.00	0.00	0.16	111115
126	"15:16:05"	7884.0	0	3.49	0.0472	248	1.81	3.79	34.80	6	1.42	1	2.84	37.99	34.80	40.06	400.57	387.98	12.482	17.837	18.90	27.02	199.7	1599	0	100.8	19.8	0.817	1.0	-0.22	2.74	1.00	0.00	0.16	111115
127	"15:16:06"	7884.5	0	3.49	0.0472	248	1.81	3.79	34.80	6	1.42	1	2.84	37.99	34.80	40.06	400.59	387.98	12.482	17.837	18.91	27.02	199.6	1600	0	100.8	19.8	0.817	1.0	-0.22	2.74	1.00	0.00	0.16	111115
128	"15:16:06"	7885.0	0	3.49	0.0472	248	1.81	3.79	34.80	6	1.42	1	2.84	37.99	34.80	40.06	400.59	387.99	12.483	17.836	18.91	27.01	199.6	1599	0	100.8	19.8	0.817	1.0	-0.22	2.74	1.00	0.00	0.16	111115
129	"15:16:07"	7885.5	0	3.47	0.0472	249	1.81	3.79	34.80	6	1.42	1	2.84	37.99	34.80	40.06	400.54	388.00	12.483	17.836	18.91	27.01	199.7	1599	0	100.8	19.8	0.817	1.0	-0.22	2.74	1.00	0.00	0.16	111115
130	"15:16:07"	7886.0	0	3.45	0.0472	250	1.81	3.79	34.80	6	1.42	1	2.84	37.99	34.80	40.06	400.50	388.01	12.483	17.837	18.91	27.01	199.6	1599	0	100.8	19.8	0.817	1.0	-0.22	2.74	1.00	0.00	0.16	111115
131	"15:16:08"	7886.0	0	3.45	0.0472	250	1.81	3.79	34.80	6	1.42	1	2.84	37.99	34.80	40.06	400.50	388.01	12.483	17.837	18.91	27.01	199.6	1599	0	100.8	19.8	0.817	1.0	-0.22	2.74	1.00	0.00	0.16	111115
132	"15:16:08"	7886.5	0	3.46	0.0473	249	1.81	3.79	34.80	6	1.42	1	2.84	37.99	34.80	40.06	400.49	387.99	12.482	17.838	18.90	27.01	199.6	1600	0	100.8	19.8	0.817	1.0	-0.22	2.74	1.00	0.00	0.16	111115
133	"15:16:09"	7887.0	0	3.45	0.0472	250	1.81	3.79	34.80	6	1.42	1	2.84	37.99	34.80	40.06	400.48	388.01	12.483	17.838	18.91	27.02	199.6	1600	0	100.8	19.8	0.817	1.0	-0.22	2.74	1.00	0.00	0.16	111115
134	"15:16:09"	7887.5	0	3.46	0.0473	249	1.82	3.79	34.80	6	1.42	1	2.84	37.99	34.80	40.06	400.50	387.98	12.482	17.840	18.90	27.02	199.7	1599	0	100.8	19.8	0.817	1.0	-0.22	2.74	1.00	0.00	0.16	111115
135	"15:16:10"	7888.0	0	3.47	0.0473	249	1.81	3.79	34.80	6	1.42	1	2.84	37.99	34.80	40.06	400.52	387.97	12.482	17.839	18.91	27.02	199.6	1599	0	100.8	19.8	0.817	1.0	-0.22	2.74	1.00	0.00	0.16	111115
"15:16:15 Coolers: Tblock -> 45.00 C"
"15:23:07 Flow: Fixed -> 200 umol/s"
136	"15:24:03"	8361.0	0	2.63	0.0348	243	1.71	4.79	37.68	6	1.42	1	2.84	42.49	37.68	45.12	400.05	390.13	12.367	17.405	14.73	20.73	199.6	1599	0	100.8	20.1	0.802	1.0	-0.22	2.74	1.00	0.00	0.16	111115
137	"15:24:03"	8361.5	0	2.64	0.0348	243	1.71	4.79	37.67	6	1.42	1	2.84	42.49	37.67	45.12	400.06	390.12	12.367	17.404	14.73	20.73	199.6	1599	0	100.8	20.1	0.802	1.0	-0.22	2.74	1.00	0.00	0.16	111115
138	"15:24:04"	8362.0	0	2.64	0.0349	243	1.71	4.79	37.68	6	1.42	1	2.84	42.49	37.68	45.12	400.03	390.11	12.367	17.405	14.73	20.74	199.7	1599	0	100.8	20.1	0.802	1.0	-0.22	2.74	1.00	0.00	0.16	111115
139	"15:24:04"	8362.5	0	2.63	0.0348	243	1.71	4.79	37.68	6	1.42	1	2.84	42.49	37.68	45.12	400.00	390.10	12.367	17.403	14.73	20.73	199.7	1599	0	100.8	20.1	0.802	1.0	-0.22	2.74	1.00	0.00	0.16	111115
140	"15:24:05"	8363.0	0	2.64	0.0348	243	1.71	4.79	37.68	6	1.42	1	2.84	42.49	37.68	45.12	400.00	390.08	12.368	17.403	14.73	20.73	199.7	1599	0	100.8	20.1	0.802	1.0	-0.22	2.74	1.00	0.00	0.16	111115
141	"15:24:05"	8363.5	0	2.64	0.0348	243	1.71	4.79	37.67	6	1.42	1	2.84	42.49	37.67	45.12	399.98	390.06	12.368	17.403	14.74	20.73	199.7	1599	0	100.8	20.1	0.802	1.0	-0.22	2.74	1.00	0.00	0.16	111115
142	"15:24:06"	8364.0	0	2.63	0.0348	243	1.71	4.79	37.67	6	1.42	1	2.84	42.49	37.67	45.12	399.95	390.04	12.367	17.402	14.73	20.73	199.7	1599	0	100.8	20.1	0.802	1.0	-0.22	2.74	1.00	0.00	0.16	111115
143	"15:24:07"	8364.5	0	2.63	0.0348	243	1.71	4.79	37.67	6	1.42	1	2.84	42.49	37.67	45.11	399.92	390.03	12.368	17.402	14.73	20.73	199.7	1599	0	100.8	20.1	0.802	1.0	-0.22	2.74	1.00	0.00	0.16	111115
144	"15:24:07"	8365.0	0	2.61	0.0348	244	1.71	4.79	37.67	6	1.42	1	2.84	42.49	37.67	45.11	399.89	390.05	12.368	17.401	14.73	20.73	199.7	1599	0	100.8	20.1	0.802	1.0	-0.22	2.74	1.00	0.00	0.16	111115
145	"15:24:08"	8365.5	0	2.61	0.0349	244	1.71	4.78	37.67	6	1.42	1	2.84	42.49	37.67	45.11	399.91	390.06	12.367	17.401	14.73	20.73	199.7	1599	0	100.8	20.1	0.802	1.0	-0.22	2.74	1.00	0.00	0.16	111115
146	"15:24:08"	8366.0	0	2.63	0.0349	243	1.7	4.78	37.66	6	1.42	1	2.84	42.49	37.66	45.11	399.98	390.08	12.368	17.401	14.73	20.73	199.7	1599	0	100.8	20.1	0.802	1.0	-0.22	2.74	1.00	0.00	0.16	111115
147	"15:24:09"	8366.5	0	2.62	0.0349	244	1.7	4.78	37.66	6	1.42	1	2.84	42.49	37.66	45.11	399.97	390.10	12.367	17.400	14.73	20.73	199.7	1599	0	100.8	20.1	0.802	1.0	-0.22	2.74	1.00	0.00	0.16	111115
148	"15:24:09"	8367.0	0	2.61	0.0349	244	1.7	4.78	37.66	6	1.42	1	2.84	42.49	37.66	45.11	399.93	390.10	12.367	17.399	14.73	20.73	199.7	1599	0	100.8	20.1	0.802	1.0	-0.22	2.74	1.00	0.00	0.16	111115
149	"15:24:10"	8367.5	0	2.61	0.0348	244	1.7	4.78	37.66	6	1.42	1	2.84	42.49	37.66	45.11	399.93	390.10	12.368	17.398	14.73	20.73	199.7	1599	0	100.8	20.1	0.802	1.0	-0.22	2.74	1.00	0.00	0.16	111115
150	"15:24:10"	8368.5	0	2.62	0.0348	243	1.7	4.78	37.66	6	1.42	1	2.84	42.49	37.66	45.11	399.99	390.11	12.367	17.397	14.73	20.72	199.7	1599	0	100.8	20.1	0.802	1.0	-0.22	2.74	1.00	0.00	0.16	111115
"15:24:16 Coolers: Tblock -> 50.00 C"
"15:34:05 Flow: Fixed -> 200 umol/s"
151	"15:34:42"	9000.5	0	1.46	0.025	266	1.53	5.94	40.53	6	1.42	1	2.84	46.78	40.53	49.77	399.21	393.00	12.245	16.764	11.69	16.00	199.7	1600	0	100.8	21.1	0.778	1.0	-0.22	2.74	1.00	0.00	0.16	111115
152	"15:34:42"	9001.0	0	1.47	0.025	266	1.53	5.94	40.53	6	1.42	1	2.84	46.78	40.53	49.77	399.20	392.99	12.246	16.764	11.69	16.00	199.7	1600	0	100.8	21.1	0.778	1.0	-0.22	2.74	1.00	0.00	0.16	111115
153	"15:34:43"	9001.5	0	1.47	0.025	266	1.53	5.93	40.52	6	1.42	1	2.84	46.78	40.52	49.77	399.20	392.99	12.246	16.765	11.69	16.00	199.7	1600	0	100.8	21.1	0.778	1.0	-0.22	2.74	1.00	0.00	0.16	111115
154	"15:34:43"	9002.0	0	1.46	0.025	266	1.53	5.93	40.52	6	1.42	1	2.84	46.78	40.52	49.77	399.18	392.99	12.246	16.766	11.69	16.00	199.7	1600	0	100.8	21.1	0.778	1.0	-0.22	2.74	1.00	0.00	0.16	111115
155	"15:34:44"	9002.5	0	1.46	0.025	267	1.53	5.93	40.52	6	1.42	1	2.84	46.78	40.52	49.77	399.19	393.00	12.246	16.767	11.69	16.00	199.7	1600	0	100.8	21.1	0.778	1.0	-0.22	2.74	1.00	0.00	0.16	111115
156	"15:34:45"	9004.0	0	1.47	0.025	266	1.53	5.93	40.52	6	1.42	1	2.84	46.78	40.52	49.77	399.21	392.98	12.248	16.769	11.69	16.01	199.7	1600	0	100.8	21.1	0.778	1.0	-0.22	2.74	1.00	0.00	0.16	111115
157	"15:34:46"	9004.5	0	1.43	0.025	268	1.53	5.93	40.52	6	1.42	1	2.84	46.78	40.52	49.77	399.08	392.98	12.248	16.770	11.69	16.01	199.7	1600	0	100.8	21.1	0.778	1.0	-0.22	2.74	1.00	0.00	0.16	111115
158	"15:34:46"	9005.0	0	1.39	0.025	271	1.53	5.93	40.52	6	1.42	1	2.84	46.78	40.52	49.78	398.93	392.96	12.247	16.769	11.69	16.01	199.7	1600	0	100.8	21.1	0.778	1.0	-0.22	2.74	1.00	0.00	0.16	111115
159	"15:34:47"	9005.0	0	1.39	0.025	271	1.53	5.93	40.52	6	1.42	1	2.84	46.78	40.52	49.78	398.93	392.96	12.247	16.769	11.69	16.01	199.7	1600	0	100.8	21.1	0.778	1.0	-0.22	2.74	1.00	0.00	0.16	111115
160	"15:34:47"	9005.5	0	1.34	0.025	274	1.53	5.93	40.52	6	1.42	1	2.84	46.78	40.52	49.78	398.82	392.97	12.246	16.770	11.69	16.01	199.7	1600	0	100.8	21.1	0.778	1.0	-0.22	2.74	1.00	0.00	0.16	111115
161	"15:34:48"	9007.0	0	1.29	0.0251	277	1.53	5.93	40.51	6	1.42	1	2.84	46.77	40.51	49.78	398.64	392.95	12.245	16.771	11.69	16.01	199.7	1600	0	100.8	21.1	0.778	1.0	-0.22	2.74	1.00	0.00	0.16	111115
162	"15:34:49"	9007.5	0	1.29	0.0251	277	1.53	5.93	40.51	6	1.42	1	2.84	46.77	40.51	49.78	398.60	392.91	12.245	16.769	11.69	16.01	199.7	1600	0	100.8	21.1	0.778	1.0	-0.22	2.74	1.00	0.00	0.16	111115
163	"15:34:49"	9007.5	0	1.29	0.0251	277	1.53	5.93	40.51	6	1.42	1	2.84	46.77	40.51	49.78	398.60	392.91	12.245	16.769	11.69	16.01	199.7	1600	0	100.8	21.1	0.778	1.0	-0.22	2.74	1.00	0.00	0.16	111115
164	"15:34:50"	9008.0	0	1.29	0.0251	277	1.53	5.93	40.51	6	1.42	1	2.84	46.77	40.51	49.78	398.61	392.91	12.245	16.770	11.69	16.01	199.7	1600	0	100.8	21.1	0.778	1.0	-0.22	2.74	1.00	0.00	0.16	111115
165	"15:34:50"	9008.5	0	1.34	0.0251	274	1.53	5.93	40.50	6	1.42	1	2.84	46.78	40.50	49.78	398.75	392.91	12.246	16.771	11.69	16.01	199.7	1600	0	100.8	21.1	0.778	1.0	-0.22	2.74	1.00	0.00	0.16	111115
"15:34:57 Coolers: Tblock -> 20.00 C"
