"OPEN 6.2.5"
"Wed Jan 19 2022 10:19:45"
<open><version>"6.2.5"</version></open>
<open><configfile>"/User/Configs/UserPrefs/2x3 LED.xml"</configfile></open>
<open><light><source>"6400-02 or -02B LED Source"</source><par_in>1<sensor>"SI-3989"<cal>-0.92<actinity>1.00</actinity><transm>1.00</transm></cal></sensor><transm>1</transm></par_in><par_out>1<sensor>"Q50937"<cal>6.45</cal></sensor></par_out></light></open>
<open><comps><file>"/User/Configs/Comps/StdComps_6.2"<header>""</header><extras></extras></file><energybal>no<f_parIn>1</f_parIn><f_parOut>0</f_parOut><alphaK>0.16</alphaK></energybal><bc_total>2.840<stomatal_ratio>1</stomatal_ratio><bc_oneside>1.420<type>2</type><table>"/Sys/Lib/StdBLCTable"</table><area>6</area><slope>-0.219565</slope><offset>2.73739</offset><fan>5</fan></bc_oneside></bc_total></comps></open>
<open><prompts><onlog>off</onlog><items>"Default (none)"</items></prompts></open>
<open><constants><oxygen>21 %</oxygen><bb_vapor>1.5</bb_vapor><bb_oxy>0.9</bb_oxy></constants></open>
<open><stability><items>"Std Stability"<items[1]><id>-2</id><size>15</size><pcv><onoff>0</onoff><value>1</value></pcv><std><onoff>0</onoff><value>1</value></std><slp><onoff>1</onoff><value>1</value></slp></items[1]><items[2]><id>-5</id><size>15</size><pcv><onoff>0</onoff><value>1</value></pcv><std><onoff>0</onoff><value>1</value></std><slp><onoff>1</onoff><value>1</value></slp></items[2]><items[3]><id>-7</id><size>15</size><pcv><onoff>0</onoff><value>1</value></pcv><std><onoff>0</onoff><value>1</value></std><slp><onoff>1</onoff><value>1</value></slp></items[3]></items></stability></open>
<open><log><format>"StdLogFmt_6.0"<items>{ -35 -21 -36 -76 30 23 36 21 25 221 -33 111 -34 11 -9 -10 -8 -1 -2 -4 -5 -14 -15 -7 -12 -13 -11 -65 -66 -72 -18 -19 -77 -78 -79 -23  }<hdr>{  }</hdr></items></format><options><beep>on</beep><hdr>normal</hdr><rem>normal</rem><stab>no</stab><stats>no<mean>no</mean><file>no</file><period>15</period></stats><excel>yes</excel><controls>yes</controls><comm>no</comm></options><datafile>"/User/jcg_some_lh"</datafile><button><action>"Normal Log"<code>" LogOneObsManual "</code></action></button><autoprog>"/User/Configs/AutoProgs/AutoLog2"<active>no</active></autoprog></log></open>
<open><a2d><avgtime>4.0 secs</avgtime><userchans><ch20>"Off"</ch20><ch21>"Off"</ch21><ch22>"Off"</ch22><ch23>"Off"</ch23></userchans></a2d></open>
<open><matching><type>0</type><disp>'a'</disp><settings><CO2Limit>10.0</CO2Limit><H2OLimit>1.0</H2OLimit><MaxAutoTime>60</MaxAutoTime></settings></matching></open>
<li6400><factory><unit>"PSC-4076"</unit><serviced>"31 Mar 2014"</serviced><fuseaware>0</fuseaware><co2mixer>yes</co2mixer><co2><coeffs>{ 0 0.215349 2.57678e-05 1.9763e-08 -3.21542e-12 3.03737e-16  }</coeffs><dvdt>-2.8</dvdt><xs>{ 0.0005 0.0003  }</xs></co2><h2o><coeffs>{ 0 0.00579256 2.19235e-06 9.06457e-12  }</coeffs><dvdt>-1</dvdt><xs>{ -0.0026 0.0003  }</xs></h2o><flow>{ 0 0.3607  }</flow><press>{ 88.32 0.00555  }</press></factory></li6400>
<li6400><user><flow_zero>-1560.7</flow_zero><irga_zero><co2>-312.6 -351.6<at>29.8235</at></co2><h2o>-156.6 77.4<at>31.0407</at></h2o></irga_zero><irga_span><co2>{ 0.988788 0.993555  }</co2><h2o>{ 0.996032 0.996401  }</h2o></irga_span><irga_match><co2>{ -1.32399 18.5192  }</co2><h2o>{ -0.104692 0.750149  }</h2o></irga_match><co2_mixer><pump_mv>4500</pump_mv><ppm>{ 2185.36 1052.7 419.509 255.894 118.056 69.8071 46.8351 46.4167  }</ppm><mv>{ 5000 3000 1500 1000 500 300 200 100  }</mv></co2_mixer><parin_offset>-0.0908794</parin_offset><led_cal><unit>"SI-3989"</unit><mv>{ 10 25 50 100 1000 2000 3000 4000 5000  }</mv><qntm>{ 5.41353 17.8999 38.6356 86.3019 941.421 1838.37 2690.41 3508.95 4284.65  }</qntm></led_cal><lcf_cal><unit>"unknown"</unit><red><mv>{ 50 100 500 1000 1500 5000  }</mv><qntm>{ 50 100 500 1000 2000 5000  }</qntm></red><blue><mv>{ 100 200 500 1000 2000 5000  }</mv><qntm>{ 10 20 50 100 200 500  }</qntm></blue></lcf_cal></user></li6400>
"10:19:47 "
$STARTOFDATA$
"Obs"	"HHMMSS"	"FTime"	"EBal?"	"Photo"	"Cond"	"Ci"	"Trmmol"	"VpdL"	"CTleaf"	"Area"	"BLC_1"	"StmRat"	"BLCond"	"Tair"	"Tleaf"	"TBlk"	"CO2R"	"CO2S"	"H2OR"	"H2OS"	"RH_R"	"RH_S"	"Flow"	"PARi"	"PARo"	"Press"	"CsMch"	"HsMch"	"StableF"	"BLCslope"	"BLCoffst"	"f_parin"	"f_parout"	"alphaK"	"Status"
"10:57:23 Flow: Fixed -> 200 umol/s"
"10:57:27 Lamp: ParIn ->  1600 uml"
"10:57:27 CO2 Mixer: CO2R -> 400 uml"
"10:57:27 Coolers: Tblock -> 20.00 C"
"10:57:27 Flow: Fixed -> 200 umol/s"
"10:57:54 Coolers: Tblock -> 0.00 C"
"11:19:05 Flow: Fixed -> 200 umol/s"
1	"11:22:29"	3778.0	0	3.54	0.179	349	1.44	0.858	11.17	6	1.42	1	2.84	4.06	11.17	0.94	400.00	387.69	0.376	4.680	4.64	57.85	199.7	1600	0	101.3	17.7	0.564	1.0	-0.22	2.74	1.00	0.00	0.16	111115
2	"11:22:30"	3779.0	0	3.53	0.179	349	1.44	0.858	11.17	6	1.42	1	2.84	4.05	11.17	0.94	399.94	387.66	0.376	4.681	4.65	57.87	199.7	1600	0	101.3	17.7	0.564	1.0	-0.22	2.74	1.00	0.00	0.16	111115
3	"11:22:31"	3779.5	0	3.53	0.179	349	1.44	0.857	11.16	6	1.42	1	2.84	4.05	11.16	0.94	399.93	387.65	0.376	4.681	4.65	57.87	199.8	1600	0	101.3	17.7	0.564	1.0	-0.22	2.74	1.00	0.00	0.16	111115
4	"11:22:31"	3780.5	0	3.52	0.179	350	1.44	0.857	11.16	6	1.42	1	2.84	4.05	11.16	0.94	399.91	387.65	0.377	4.681	4.66	57.88	199.8	1600	0	101.3	17.7	0.564	1.0	-0.22	2.74	1.00	0.00	0.16	111115
5	"11:22:32"	3781.0	0	3.51	0.179	350	1.44	0.857	11.16	6	1.42	1	2.84	4.05	11.16	0.94	399.88	387.66	0.376	4.681	4.66	57.89	199.8	1600	0	101.3	17.7	0.564	1.0	-0.22	2.74	1.00	0.00	0.16	111115
6	"11:22:33"	3782.0	0	3.51	0.18	350	1.44	0.857	11.15	6	1.42	1	2.84	4.05	11.15	0.94	399.87	387.66	0.376	4.681	4.66	57.90	199.8	1600	0	101.3	17.7	0.564	1.0	-0.22	2.74	1.00	0.00	0.16	111115
7	"11:22:34"	3782.5	0	3.52	0.18	350	1.44	0.856	11.15	6	1.42	1	2.84	4.05	11.15	0.93	399.93	387.68	0.377	4.681	4.66	57.90	199.8	1600	0	101.3	17.7	0.564	1.0	-0.22	2.74	1.00	0.00	0.16	111115
8	"11:22:34"	3783.5	0	3.57	0.179	349	1.44	0.857	11.16	6	1.42	1	2.84	4.05	11.16	0.93	400.06	387.66	0.377	4.681	4.66	57.89	199.8	1600	0	101.3	17.7	0.564	1.0	-0.22	2.74	1.00	0.00	0.16	111115
9	"11:22:35"	3784.0	0	3.58	0.179	349	1.44	0.858	11.17	6	1.42	1	2.84	4.05	11.17	0.93	400.10	387.67	0.377	4.680	4.66	57.89	199.7	1600	0	101.3	17.7	0.564	1.0	-0.22	2.74	1.00	0.00	0.16	111115
10	"11:22:36"	3784.5	0	3.6	0.179	349	1.44	0.858	11.17	6	1.42	1	2.84	4.05	11.17	0.93	400.13	387.64	0.377	4.679	4.66	57.89	199.7	1600	0	101.3	17.7	0.564	1.0	-0.22	2.74	1.00	0.00	0.16	111115
11	"11:22:36"	3785.5	0	3.63	0.179	348	1.44	0.857	11.16	6	1.42	1	2.84	4.04	11.16	0.93	400.23	387.63	0.377	4.680	4.67	57.89	199.7	1600	0	101.3	17.7	0.564	1.0	-0.22	2.74	1.00	0.00	0.16	111115
12	"11:22:37"	3786.0	0	3.64	0.179	348	1.44	0.857	11.16	6	1.42	1	2.84	4.04	11.16	0.93	400.25	387.63	0.378	4.679	4.67	57.89	199.7	1600	0	101.3	17.7	0.564	1.0	-0.22	2.74	1.00	0.00	0.16	111115
13	"11:22:38"	3787.0	0	3.64	0.179	348	1.44	0.857	11.16	6	1.42	1	2.84	4.04	11.16	0.93	400.24	387.64	0.377	4.679	4.67	57.89	199.7	1600	1	101.3	17.7	0.564	1.0	-0.22	2.74	1.00	0.00	0.16	111115
14	"11:22:39"	3788.0	0	3.62	0.179	349	1.44	0.857	11.15	6	1.42	1	2.84	4.04	11.15	0.93	400.22	387.66	0.377	4.680	4.67	57.90	199.8	1600	0	101.3	17.7	0.564	1.0	-0.22	2.74	1.00	0.00	0.16	111115
15	"11:22:39"	3788.5	0	3.62	0.179	349	1.44	0.856	11.15	6	1.42	1	2.84	4.04	11.15	0.93	400.22	387.66	0.378	4.680	4.67	57.90	199.7	1600	0	101.3	17.7	0.564	1.0	-0.22	2.74	1.00	0.00	0.16	111115
"11:22:45 Coolers: Tblock -> 5.00 C"
"11:28:28 Flow: Fixed -> 200 umol/s"
16	"11:29:26"	4194.5	0	4.43	0.18	338	1.67	0.987	13.29	6	1.42	1	2.84	7.30	13.29	4.95	400.14	384.92	0.383	5.373	3.78	53.02	199.7	1599	0	101.3	17.5	0.593	1.0	-0.22	2.74	1.00	0.00	0.16	111115
17	"11:29:26"	4195.0	0	4.41	0.181	338	1.67	0.987	13.28	6	1.42	1	2.84	7.30	13.28	4.95	400.12	384.94	0.383	5.374	3.78	53.03	199.7	1599	0	101.3	17.5	0.593	1.0	-0.22	2.74	1.00	0.00	0.16	111115
18	"11:29:27"	4196.0	0	4.43	0.181	338	1.67	0.985	13.27	6	1.42	1	2.84	7.30	13.27	4.95	400.18	384.95	0.383	5.374	3.77	53.03	199.7	1599	0	101.3	17.5	0.593	1.0	-0.22	2.74	1.00	0.00	0.16	111115
19	"11:29:28"	4196.5	0	4.41	0.181	338	1.67	0.985	13.27	6	1.42	1	2.84	7.30	13.27	4.95	400.15	384.97	0.382	5.374	3.77	53.03	199.7	1599	0	101.3	17.5	0.593	1.0	-0.22	2.74	1.00	0.00	0.16	111115
20	"11:29:28"	4197.0	0	4.4	0.181	338	1.67	0.985	13.26	6	1.42	1	2.84	7.30	13.26	4.95	400.13	384.97	0.383	5.375	3.78	53.04	199.7	1599	0	101.3	17.5	0.593	1.0	-0.22	2.74	1.00	0.00	0.16	111115
21	"11:29:29"	4197.5	0	4.41	0.181	338	1.67	0.984	13.26	6	1.42	1	2.84	7.30	13.26	4.95	400.13	384.96	0.383	5.375	3.78	53.05	199.8	1599	0	101.3	17.5	0.593	1.0	-0.22	2.74	1.00	0.00	0.16	111115
22	"11:29:29"	4198.0	0	4.41	0.181	338	1.67	0.984	13.26	6	1.42	1	2.84	7.30	13.26	4.95	400.15	384.96	0.383	5.376	3.78	53.05	199.8	1599	0	101.3	17.5	0.593	1.0	-0.22	2.74	1.00	0.00	0.16	111115
23	"11:29:30"	4198.5	0	4.43	0.181	338	1.67	0.984	13.26	6	1.42	1	2.84	7.31	13.26	4.95	400.20	384.97	0.383	5.376	3.78	53.05	199.8	1599	0	101.3	17.5	0.593	1.0	-0.22	2.74	1.00	0.00	0.16	111115
24	"11:29:30"	4199.0	0	4.44	0.181	338	1.67	0.984	13.26	6	1.42	1	2.84	7.31	13.26	4.95	400.21	384.95	0.383	5.376	3.78	53.05	199.8	1599	0	101.3	17.5	0.593	1.0	-0.22	2.74	1.00	0.00	0.16	111115
25	"11:29:31"	4199.5	0	4.43	0.181	338	1.67	0.984	13.26	6	1.42	1	2.84	7.31	13.26	4.95	400.19	384.94	0.382	5.376	3.77	53.04	199.8	1599	0	101.3	17.5	0.593	1.0	-0.22	2.74	1.00	0.00	0.16	111115
26	"11:29:31"	4200.0	0	4.44	0.181	338	1.67	0.985	13.27	6	1.42	1	2.84	7.31	13.27	4.95	400.19	384.92	0.383	5.377	3.78	53.05	199.8	1599	0	101.3	17.5	0.593	1.0	-0.22	2.74	1.00	0.00	0.16	111115
27	"11:29:32"	4200.5	0	4.44	0.181	338	1.67	0.985	13.27	6	1.42	1	2.84	7.30	13.27	4.95	400.17	384.91	0.382	5.377	3.77	53.06	199.8	1599	0	101.3	17.5	0.593	1.0	-0.22	2.74	1.00	0.00	0.16	111115
28	"11:29:32"	4200.5	0	4.44	0.181	338	1.67	0.985	13.27	6	1.42	1	2.84	7.30	13.27	4.95	400.17	384.91	0.382	5.377	3.77	53.06	199.8	1599	0	101.3	17.5	0.593	1.0	-0.22	2.74	1.00	0.00	0.16	111115
29	"11:29:33"	4201.0	0	4.45	0.181	338	1.67	0.985	13.27	6	1.42	1	2.84	7.31	13.27	4.96	400.19	384.90	0.382	5.377	3.77	53.06	199.8	1599	1	101.3	17.5	0.593	1.0	-0.22	2.74	1.00	0.00	0.16	111115
30	"11:29:33"	4201.5	0	4.45	0.181	338	1.67	0.985	13.27	6	1.42	1	2.84	7.31	13.27	4.95	400.20	384.91	0.383	5.377	3.78	53.06	199.8	1599	1	101.3	17.5	0.593	1.0	-0.22	2.74	1.00	0.00	0.16	111115
"11:29:39 Coolers: Tblock -> 10.00 C"
"11:36:12 Flow: Fixed -> 200 umol/s"
31	"11:36:50"	4639.5	0	5.39	0.179	325	2.05	1.21	16.39	6	1.42	1	2.84	11.71	16.39	10.03	400.55	382.00	0.387	6.494	2.84	47.67	199.7	1600	1	101.3	17.8	0.624	1.0	-0.22	2.74	1.00	0.00	0.16	111115
32	"11:36:51"	4640.5	0	5.41	0.179	324	2.05	1.21	16.40	6	1.42	1	2.84	11.71	16.40	10.04	400.56	381.97	0.387	6.495	2.84	47.67	199.7	1600	1	101.3	17.8	0.624	1.0	-0.22	2.74	1.00	0.00	0.16	111115
33	"11:36:52"	4641.0	0	5.4	0.179	324	2.05	1.21	16.40	6	1.42	1	2.84	11.71	16.40	10.04	400.56	381.98	0.387	6.495	2.84	47.67	199.7	1600	0	101.3	17.8	0.624	1.0	-0.22	2.74	1.00	0.00	0.16	111115
34	"11:36:52"	4641.5	0	5.41	0.179	324	2.05	1.21	16.40	6	1.42	1	2.84	11.71	16.40	10.04	400.59	381.99	0.387	6.496	2.84	47.67	199.7	1600	1	101.3	17.8	0.624	1.0	-0.22	2.74	1.00	0.00	0.16	111115
35	"11:36:53"	4642.5	0	5.41	0.179	324	2.05	1.21	16.40	6	1.42	1	2.84	11.71	16.40	10.04	400.60	382.00	0.386	6.496	2.84	47.66	199.7	1600	0	101.3	17.8	0.624	1.0	-0.22	2.74	1.00	0.00	0.16	111115
36	"11:36:54"	4643.0	0	5.41	0.179	324	2.05	1.21	16.40	6	1.42	1	2.84	11.71	16.40	10.04	400.62	382.00	0.386	6.496	2.83	47.67	199.7	1600	0	101.3	17.8	0.624	1.0	-0.22	2.74	1.00	0.00	0.16	111115
37	"11:36:55"	4643.5	0	5.41	0.18	324	2.05	1.21	16.40	6	1.42	1	2.84	11.71	16.40	10.04	400.63	382.03	0.387	6.497	2.84	47.68	199.7	1600	0	101.3	17.8	0.624	1.0	-0.22	2.74	1.00	0.00	0.16	111115
38	"11:36:55"	4644.5	0	5.4	0.18	325	2.05	1.21	16.39	6	1.42	1	2.84	11.71	16.39	10.04	400.61	382.04	0.387	6.497	2.84	47.68	199.7	1600	1	101.3	17.8	0.624	1.0	-0.22	2.74	1.00	0.00	0.16	111115
39	"11:36:56"	4645.0	0	5.4	0.18	325	2.05	1.21	16.39	6	1.42	1	2.84	11.71	16.39	10.04	400.61	382.05	0.386	6.497	2.83	47.68	199.7	1600	1	101.3	17.8	0.624	1.0	-0.22	2.74	1.00	0.00	0.16	111115
40	"11:36:56"	4645.5	0	5.4	0.18	325	2.05	1.21	16.39	6	1.42	1	2.84	11.71	16.39	10.04	400.63	382.05	0.387	6.496	2.84	47.67	199.7	1600	1	101.3	17.8	0.624	1.0	-0.22	2.74	1.00	0.00	0.16	111115
41	"11:36:57"	4646.0	0	5.4	0.18	325	2.05	1.21	16.39	6	1.42	1	2.84	11.71	16.39	10.04	400.63	382.06	0.387	6.496	2.84	47.68	199.7	1600	1	101.3	17.8	0.624	1.0	-0.22	2.74	1.00	0.00	0.16	111115
42	"11:36:58"	4647.0	0	5.39	0.18	325	2.05	1.21	16.39	6	1.42	1	2.84	11.71	16.39	10.04	400.61	382.07	0.387	6.500	2.84	47.70	199.7	1600	1	101.3	17.8	0.624	1.0	-0.22	2.74	1.00	0.00	0.16	111115
43	"11:36:58"	4647.5	0	5.4	0.18	325	2.05	1.21	16.39	6	1.42	1	2.84	11.71	16.39	10.04	400.61	382.03	0.386	6.500	2.83	47.69	199.7	1600	1	101.3	17.8	0.624	1.0	-0.22	2.74	1.00	0.00	0.16	111115
44	"11:36:59"	4648.0	0	5.41	0.18	324	2.05	1.21	16.39	6	1.42	1	2.84	11.71	16.39	10.04	400.62	382.00	0.386	6.500	2.83	47.70	199.7	1600	0	101.3	17.8	0.624	1.0	-0.22	2.74	1.00	0.00	0.16	111115
45	"11:36:59"	4648.5	0	5.42	0.18	324	2.05	1.21	16.39	6	1.42	1	2.84	11.71	16.39	10.04	400.66	382.03	0.387	6.499	2.84	47.69	199.8	1600	0	101.3	17.8	0.624	1.0	-0.22	2.74	1.00	0.00	0.16	111115
"11:37:05 Coolers: Tblock -> 15.00 C"
"11:45:23 Flow: Fixed -> 200 umol/s"
46	"11:45:52"	5181.5	0	5.94	0.167	312	2.42	1.53	19.70	6	1.42	1	2.84	16.16	19.70	15.10	400.54	379.93	0.389	7.605	2.14	41.81	199.7	1599	0	101.3	18.1	0.647	1.0	-0.22	2.74	1.00	0.00	0.16	111115
47	"11:45:53"	5182.5	0	5.93	0.167	312	2.42	1.53	19.70	6	1.42	1	2.84	16.16	19.70	15.10	400.55	379.97	0.389	7.604	2.14	41.81	199.7	1599	1	101.3	18.1	0.647	1.0	-0.22	2.74	1.00	0.00	0.16	111115
48	"11:45:54"	5183.0	0	5.93	0.167	312	2.42	1.53	19.70	6	1.42	1	2.84	16.16	19.70	15.10	400.54	379.96	0.389	7.604	2.14	41.80	199.7	1600	1	101.3	18.1	0.647	1.0	-0.22	2.74	1.00	0.00	0.16	111115
49	"11:45:54"	5183.5	0	5.94	0.167	312	2.42	1.53	19.70	6	1.42	1	2.84	16.16	19.70	15.10	400.58	379.96	0.389	7.604	2.14	41.80	199.7	1600	1	101.3	18.1	0.647	1.0	-0.22	2.74	1.00	0.00	0.16	111115
50	"11:45:55"	5184.5	0	5.95	0.167	312	2.42	1.53	19.70	6	1.42	1	2.84	16.16	19.70	15.10	400.63	380.00	0.389	7.606	2.14	41.81	199.7	1599	1	101.3	18.1	0.647	1.0	-0.22	2.74	1.00	0.00	0.16	111115
51	"11:45:56"	5185.0	0	5.96	0.167	312	2.42	1.53	19.70	6	1.42	1	2.84	16.16	19.70	15.10	400.63	379.97	0.389	7.605	2.14	41.81	199.7	1599	1	101.3	18.1	0.647	1.0	-0.22	2.74	1.00	0.00	0.16	111115
52	"11:45:56"	5186.0	0	5.95	0.167	312	2.42	1.53	19.70	6	1.42	1	2.84	16.16	19.70	15.10	400.67	380.02	0.389	7.605	2.14	41.81	199.7	1599	1	101.3	18.1	0.647	1.0	-0.22	2.74	1.00	0.00	0.16	111115
53	"11:45:57"	5186.5	0	5.96	0.167	311	2.42	1.53	19.70	6	1.42	1	2.84	16.16	19.70	15.10	400.68	380.00	0.389	7.604	2.14	41.80	199.7	1599	1	101.3	18.1	0.647	1.0	-0.22	2.74	1.00	0.00	0.16	111115
54	"11:45:58"	5187.5	0	5.95	0.167	312	2.42	1.53	19.70	6	1.42	1	2.84	16.16	19.70	15.10	400.66	380.00	0.389	7.604	2.14	41.80	199.7	1599	1	101.3	18.1	0.647	1.0	-0.22	2.74	1.00	0.00	0.16	111115
55	"11:45:59"	5188.0	0	5.95	0.167	312	2.42	1.53	19.70	6	1.42	1	2.84	16.16	19.70	15.10	400.65	379.99	0.389	7.603	2.14	41.80	199.7	1599	1	101.3	18.1	0.647	1.0	-0.22	2.74	1.00	0.00	0.16	111115
56	"11:45:59"	5188.5	0	5.96	0.167	311	2.42	1.53	19.70	6	1.42	1	2.84	16.16	19.70	15.10	400.64	379.98	0.388	7.603	2.13	41.80	199.7	1599	1	101.3	18.1	0.647	1.0	-0.22	2.74	1.00	0.00	0.16	111115
57	"11:46:00"	5189.5	0	5.93	0.167	312	2.42	1.53	19.70	6	1.42	1	2.84	16.16	19.70	15.10	400.58	380.00	0.388	7.602	2.13	41.79	199.7	1599	1	101.3	18.1	0.647	1.0	-0.22	2.74	1.00	0.00	0.16	111115
58	"11:46:01"	5190.5	0	5.93	0.167	312	2.42	1.53	19.70	6	1.42	1	2.84	16.16	19.70	15.10	400.56	379.98	0.387	7.602	2.13	41.79	199.7	1600	1	101.3	18.1	0.647	1.0	-0.22	2.74	1.00	0.00	0.16	111115
59	"11:46:02"	5191.0	0	5.92	0.167	312	2.42	1.53	19.70	6	1.42	1	2.84	16.16	19.70	15.10	400.56	380.00	0.388	7.603	2.13	41.79	199.7	1599	0	101.3	18.1	0.647	1.0	-0.22	2.74	1.00	0.00	0.16	111115
60	"11:46:02"	5191.5	0	5.92	0.167	312	2.42	1.53	19.71	6	1.42	1	2.84	16.16	19.71	15.10	400.56	380.01	0.388	7.604	2.13	41.79	199.7	1600	0	101.3	18.1	0.647	1.0	-0.22	2.74	1.00	0.00	0.16	111115
"11:46:08 Coolers: Tblock -> 20.00 C"
"11:55:02 Flow: Fixed -> 200 umol/s"
61	"11:55:43"	5772.5	0	6.14	0.149	300	2.73	1.92	22.75	6	1.42	1	2.84	20.42	22.75	19.97	400.76	379.22	0.391	8.516	1.64	35.82	199.7	1599	0	101.3	18.4	0.684	1.0	-0.22	2.74	1.00	0.00	0.16	111115
62	"11:55:43"	5773.0	0	6.13	0.149	300	2.73	1.91	22.75	6	1.42	1	2.84	20.42	22.75	19.97	400.75	379.24	0.391	8.515	1.64	35.82	199.7	1599	0	101.3	18.4	0.684	1.0	-0.22	2.74	1.00	0.00	0.16	111115
63	"11:55:44"	5773.5	0	6.12	0.149	300	2.73	1.91	22.75	6	1.42	1	2.84	20.42	22.75	19.97	400.74	379.26	0.391	8.514	1.64	35.82	199.7	1599	0	101.3	18.4	0.684	1.0	-0.22	2.74	1.00	0.00	0.16	111115
64	"11:55:45"	5774.5	0	6.12	0.149	300	2.73	1.91	22.75	6	1.42	1	2.84	20.42	22.75	19.97	400.74	379.24	0.391	8.514	1.64	35.82	199.7	1599	0	101.3	18.4	0.684	1.0	-0.22	2.74	1.00	0.00	0.16	111115
65	"11:55:45"	5775.0	0	6.13	0.149	300	2.73	1.91	22.74	6	1.42	1	2.84	20.42	22.74	19.97	400.76	379.25	0.391	8.514	1.64	35.82	199.7	1599	0	101.3	18.4	0.684	1.0	-0.22	2.74	1.00	0.00	0.16	111115
66	"11:55:46"	5775.5	0	6.13	0.149	300	2.73	1.91	22.75	6	1.42	1	2.84	20.42	22.75	19.97	400.79	379.27	0.391	8.513	1.65	35.81	199.7	1599	0	101.3	18.4	0.684	1.0	-0.22	2.74	1.00	0.00	0.16	111115
67	"11:55:47"	5776.5	0	6.14	0.149	300	2.73	1.92	22.75	6	1.42	1	2.84	20.42	22.75	19.97	400.81	379.27	0.391	8.513	1.65	35.81	199.7	1599	0	101.3	18.4	0.684	1.0	-0.22	2.74	1.00	0.00	0.16	111115
68	"11:55:47"	5777.0	0	6.14	0.149	300	2.73	1.92	22.75	6	1.42	1	2.84	20.42	22.75	19.97	400.80	379.26	0.391	8.513	1.65	35.81	199.7	1599	0	101.3	18.4	0.684	1.0	-0.22	2.74	1.00	0.00	0.16	111115
69	"11:55:48"	5777.5	0	6.13	0.149	300	2.73	1.92	22.75	6	1.42	1	2.84	20.42	22.75	19.97	400.79	379.26	0.391	8.512	1.64	35.81	199.7	1599	0	101.3	18.4	0.684	1.0	-0.22	2.74	1.00	0.00	0.16	111115
70	"11:55:49"	5778.0	0	6.13	0.149	300	2.73	1.92	22.75	6	1.42	1	2.84	20.42	22.75	19.97	400.77	379.25	0.391	8.511	1.65	35.80	199.7	1599	0	101.3	18.4	0.684	1.0	-0.22	2.74	1.00	0.00	0.16	111115
71	"11:55:49"	5779.0	0	6.13	0.149	300	2.73	1.92	22.76	6	1.42	1	2.84	20.42	22.76	19.97	400.79	379.27	0.391	8.510	1.65	35.79	199.7	1599	0	101.3	18.4	0.684	1.0	-0.22	2.74	1.00	0.00	0.16	111115
72	"11:55:50"	5779.5	0	6.13	0.149	300	2.73	1.92	22.76	6	1.42	1	2.84	20.42	22.76	19.97	400.81	379.28	0.391	8.510	1.65	35.79	199.7	1599	0	101.3	18.4	0.684	1.0	-0.22	2.74	1.00	0.00	0.16	111115
73	"11:55:50"	5780.0	0	6.14	0.149	300	2.72	1.92	22.76	6	1.42	1	2.84	20.42	22.76	19.97	400.81	379.26	0.391	8.508	1.64	35.79	199.7	1599	0	101.3	18.4	0.684	1.0	-0.22	2.74	1.00	0.00	0.16	111115
74	"11:55:51"	5780.5	0	6.14	0.149	300	2.72	1.92	22.76	6	1.42	1	2.84	20.42	22.76	19.97	400.80	379.26	0.390	8.508	1.64	35.79	199.7	1599	0	101.3	18.4	0.684	1.0	-0.22	2.74	1.00	0.00	0.16	111115
75	"11:55:51"	5781.0	0	6.13	0.149	300	2.72	1.92	22.76	6	1.42	1	2.84	20.42	22.76	19.97	400.80	379.28	0.390	8.508	1.64	35.78	199.7	1599	0	101.3	18.4	0.684	1.0	-0.22	2.74	1.00	0.00	0.16	111115
"11:55:58 Coolers: Tblock -> 25.00 C"
"12:03:14 Flow: Fixed -> 200 umol/s"
76	"12:04:24"	6293.5	0	6.15	0.131	288	2.82	2.23	25.83	6	1.42	1	2.84	24.80	25.83	25.04	399.35	377.67	2.624	11.010	8.46	35.50	199.7	1600	0	101.3	18.6	0.738	1.0	-0.22	2.74	1.00	0.00	0.16	111115
77	"12:04:25"	6294.0	0	6.14	0.131	288	2.82	2.23	25.83	6	1.42	1	2.84	24.80	25.83	25.04	399.36	377.70	2.624	11.009	8.46	35.50	199.7	1600	0	101.3	18.6	0.738	1.0	-0.22	2.74	1.00	0.00	0.16	111115
78	"12:04:26"	6295.0	0	6.13	0.132	288	2.82	2.22	25.83	6	1.42	1	2.84	24.80	25.83	25.04	399.35	377.71	2.624	11.010	8.46	35.50	199.7	1600	0	101.3	18.6	0.738	1.0	-0.22	2.74	1.00	0.00	0.16	111115
79	"12:04:26"	6295.5	0	6.14	0.132	288	2.82	2.22	25.82	6	1.42	1	2.84	24.80	25.82	25.04	399.37	377.73	2.624	11.010	8.46	35.50	199.7	1600	0	101.3	18.6	0.738	1.0	-0.22	2.74	1.00	0.00	0.16	111115
80	"12:04:27"	6296.0	0	6.14	0.132	288	2.82	2.22	25.82	6	1.42	1	2.84	24.80	25.82	25.04	399.38	377.74	2.624	11.010	8.46	35.50	199.7	1600	0	101.3	18.6	0.738	1.0	-0.22	2.74	1.00	0.00	0.16	111115
81	"12:04:28"	6297.0	0	6.15	0.132	288	2.82	2.22	25.82	6	1.42	1	2.84	24.80	25.82	25.04	399.43	377.74	2.624	11.011	8.46	35.51	199.7	1600	0	101.3	18.6	0.738	1.0	-0.22	2.74	1.00	0.00	0.16	111115
82	"12:04:28"	6297.5	0	6.16	0.132	288	2.82	2.22	25.82	6	1.42	1	2.84	24.80	25.82	25.04	399.46	377.74	2.624	11.012	8.46	35.51	199.7	1600	0	101.3	18.6	0.738	1.0	-0.22	2.74	1.00	0.00	0.16	111115
83	"12:04:29"	6298.5	0	6.16	0.132	288	2.82	2.22	25.83	6	1.42	1	2.84	24.80	25.83	25.04	399.46	377.75	2.623	11.012	8.46	35.50	199.7	1600	0	101.3	18.6	0.738	1.0	-0.22	2.74	1.00	0.00	0.16	111115
84	"12:04:30"	6299.0	0	6.18	0.132	288	2.82	2.22	25.83	6	1.42	1	2.84	24.80	25.83	25.04	399.49	377.73	2.623	11.011	8.46	35.50	199.7	1600	0	101.3	18.6	0.738	1.0	-0.22	2.74	1.00	0.00	0.16	111115
85	"12:04:31"	6299.0	0	6.18	0.132	288	2.82	2.22	25.83	6	1.42	1	2.84	24.80	25.83	25.04	399.49	377.73	2.623	11.011	8.46	35.50	199.7	1600	0	101.3	18.6	0.738	1.0	-0.22	2.74	1.00	0.00	0.16	111115
86	"12:04:31"	6300.5	0	6.17	0.132	288	2.82	2.23	25.83	6	1.42	1	2.84	24.80	25.83	25.04	399.47	377.74	2.622	11.010	8.45	35.50	199.7	1600	0	101.3	18.6	0.738	1.0	-0.22	2.74	1.00	0.00	0.16	111115
87	"12:04:32"	6301.5	0	6.14	0.132	288	2.82	2.23	25.83	6	1.42	1	2.84	24.80	25.83	25.04	399.41	377.76	2.621	11.010	8.45	35.50	199.7	1600	0	101.3	18.6	0.738	1.0	-0.22	2.74	1.00	0.00	0.16	111115
88	"12:04:33"	6302.0	0	6.14	0.132	288	2.82	2.22	25.83	6	1.42	1	2.84	24.80	25.83	25.04	399.40	377.77	2.622	11.009	8.45	35.49	199.7	1600	0	101.3	18.6	0.738	1.0	-0.22	2.74	1.00	0.00	0.16	111115
89	"12:04:33"	6302.5	0	6.14	0.131	288	2.82	2.23	25.83	6	1.42	1	2.84	24.80	25.83	25.04	399.40	377.75	2.621	11.008	8.45	35.49	199.7	1600	0	101.3	18.6	0.738	1.0	-0.22	2.74	1.00	0.00	0.16	111115
90	"12:04:34"	6303.5	0	6.15	0.131	288	2.82	2.23	25.83	6	1.42	1	2.84	24.80	25.83	25.04	399.42	377.75	2.622	11.009	8.45	35.49	199.7	1600	0	101.3	18.6	0.738	1.0	-0.22	2.74	1.00	0.00	0.16	111115
"12:04:40 Coolers: Tblock -> 30.00 C"
"12:12:01 Flow: Fixed -> 200 umol/s"
91	"12:12:53"	6801.5	0	6.08	0.118	280	2.96	2.57	28.86	6	1.42	1	2.84	29.21	28.86	30.12	401.16	379.50	5.244	14.002	13.05	34.85	199.6	1599	0	101.3	19	0.78	1.0	-0.22	2.74	1.00	0.00	0.16	111115
92	"12:12:54"	6802.5	0	6.08	0.118	280	2.95	2.57	28.86	6	1.42	1	2.84	29.21	28.86	30.12	401.15	379.52	5.245	14.001	13.05	34.85	199.6	1599	0	101.3	19	0.78	1.0	-0.22	2.74	1.00	0.00	0.16	111115
93	"12:12:54"	6803.0	0	6.09	0.118	280	2.95	2.57	28.86	6	1.42	1	2.84	29.21	28.86	30.12	401.17	379.50	5.245	14.001	13.05	34.85	199.6	1599	0	101.3	19	0.78	1.0	-0.22	2.74	1.00	0.00	0.16	111115
94	"12:12:55"	6804.0	0	6.1	0.118	280	2.95	2.57	28.86	6	1.42	1	2.84	29.21	28.86	30.12	401.20	379.50	5.245	14.001	13.05	34.84	199.7	1599	0	101.3	19	0.78	1.0	-0.22	2.74	1.00	0.00	0.16	111115
95	"12:12:56"	6804.5	0	6.11	0.118	280	2.95	2.57	28.86	6	1.42	1	2.84	29.21	28.86	30.12	401.24	379.50	5.246	14.000	13.05	34.84	199.7	1599	0	101.3	19	0.78	1.0	-0.22	2.74	1.00	0.00	0.16	111115
96	"12:12:56"	6805.5	0	6.1	0.118	280	2.96	2.57	28.86	6	1.42	1	2.84	29.21	28.86	30.12	401.23	379.52	5.246	14.001	13.05	34.84	199.7	1600	0	101.3	19	0.78	1.0	-0.22	2.74	1.00	0.00	0.16	111115
97	"12:12:57"	6806.0	0	6.12	0.118	280	2.96	2.57	28.86	6	1.42	1	2.84	29.21	28.86	30.12	401.25	379.51	5.245	14.002	13.05	34.84	199.7	1600	0	101.3	19	0.78	1.0	-0.22	2.74	1.00	0.00	0.16	111115
98	"12:12:58"	6807.0	0	6.12	0.118	280	2.96	2.57	28.86	6	1.42	1	2.84	29.21	28.86	30.12	401.28	379.51	5.244	14.001	13.05	34.84	199.7	1600	0	101.3	19	0.78	1.0	-0.22	2.74	1.00	0.00	0.16	111115
99	"12:12:59"	6807.5	0	6.15	0.118	280	2.96	2.57	28.86	6	1.42	1	2.84	29.21	28.86	30.12	401.33	379.50	5.244	14.002	13.05	34.84	199.7	1599	0	101.3	19	0.78	1.0	-0.22	2.74	1.00	0.00	0.16	111115
100	"12:12:59"	6808.0	0	6.15	0.118	280	2.96	2.57	28.86	6	1.42	1	2.84	29.21	28.86	30.12	401.33	379.48	5.244	14.002	13.05	34.84	199.7	1600	0	101.3	19	0.78	1.0	-0.22	2.74	1.00	0.00	0.16	111115
101	"12:13:00"	6809.0	0	6.14	0.118	280	2.96	2.57	28.86	6	1.42	1	2.84	29.21	28.86	30.12	401.32	379.51	5.244	14.002	13.05	34.84	199.7	1600	0	101.3	19	0.78	1.0	-0.22	2.74	1.00	0.00	0.16	111115
102	"12:13:01"	6809.5	0	6.12	0.118	280	2.96	2.57	28.86	6	1.42	1	2.84	29.21	28.86	30.12	401.31	379.54	5.244	14.001	13.05	34.84	199.7	1599	0	101.3	19	0.78	1.0	-0.22	2.74	1.00	0.00	0.16	111115
103	"12:13:01"	6810.5	0	6.12	0.118	280	2.95	2.57	28.86	6	1.42	1	2.84	29.21	28.86	30.12	401.29	379.54	5.245	14.000	13.05	34.83	199.7	1599	0	101.3	19	0.78	1.0	-0.22	2.74	1.00	0.00	0.16	111115
104	"12:13:02"	6811.0	0	6.09	0.118	280	2.95	2.57	28.86	6	1.42	1	2.84	29.21	28.86	30.12	401.26	379.57	5.245	14.000	13.05	34.83	199.7	1599	0	101.3	19	0.78	1.0	-0.22	2.74	1.00	0.00	0.16	111115
105	"12:13:03"	6812.0	0	6.07	0.118	281	2.95	2.57	28.86	6	1.42	1	2.84	29.21	28.86	30.12	401.22	379.60	5.244	13.998	13.05	34.83	199.7	1599	0	101.3	19	0.78	1.0	-0.22	2.74	1.00	0.00	0.16	111115
"12:13:09 Coolers: Tblock -> 35.00 C"
"12:20:01 Flow: Fixed -> 200 umol/s"
106	"12:20:33"	7262.5	0	5.77	0.0993	268	2.93	2.99	31.98	6	1.42	1	2.84	33.53	31.98	34.99	400.08	379.40	8.952	17.595	17.42	34.23	199.7	1600	0	101.3	19.5	0.82	1.0	-0.22	2.74	1.00	0.00	0.16	111115
107	"12:20:34"	7263.0	0	5.78	0.0993	268	2.93	2.99	31.98	6	1.42	1	2.84	33.53	31.98	34.99	400.09	379.39	8.952	17.593	17.42	34.23	199.7	1600	0	101.3	19.5	0.82	1.0	-0.22	2.74	1.00	0.00	0.16	111115
108	"12:20:34"	7263.0	0	5.78	0.0993	268	2.93	2.99	31.98	6	1.42	1	2.84	33.53	31.98	34.99	400.09	379.39	8.952	17.593	17.42	34.23	199.7	1600	0	101.3	19.5	0.82	1.0	-0.22	2.74	1.00	0.00	0.16	111115
109	"12:20:35"	7264.0	0	5.79	0.0993	268	2.93	2.99	31.98	6	1.42	1	2.84	33.53	31.98	34.99	400.11	379.36	8.953	17.591	17.42	34.23	199.6	1600	0	101.3	19.5	0.82	1.0	-0.22	2.74	1.00	0.00	0.16	111115
110	"12:20:35"	7264.0	0	5.79	0.0993	268	2.93	2.99	31.98	6	1.42	1	2.84	33.53	31.98	34.99	400.11	379.36	8.953	17.591	17.42	34.23	199.6	1600	0	101.3	19.5	0.82	1.0	-0.22	2.74	1.00	0.00	0.16	111115
111	"12:20:36"	7264.5	0	5.8	0.0993	267	2.93	2.99	31.98	6	1.42	1	2.84	33.53	31.98	34.99	400.12	379.37	8.953	17.590	17.42	34.22	199.6	1600	0	101.3	19.5	0.82	1.0	-0.22	2.74	1.00	0.00	0.16	111115
112	"12:20:36"	7265.5	0	5.8	0.0993	267	2.92	2.99	31.98	6	1.42	1	2.84	33.54	31.98	34.99	400.15	379.37	8.953	17.589	17.42	34.22	199.6	1600	0	101.3	19.5	0.82	1.0	-0.22	2.74	1.00	0.00	0.16	111115
113	"12:20:37"	7265.5	0	5.8	0.0993	267	2.92	2.99	31.98	6	1.42	1	2.84	33.54	31.98	34.99	400.15	379.37	8.953	17.589	17.42	34.22	199.6	1600	0	101.3	19.5	0.82	1.0	-0.22	2.74	1.00	0.00	0.16	111115
114	"12:20:37"	7266.0	0	5.8	0.0993	267	2.92	2.99	31.98	6	1.42	1	2.84	33.53	31.98	34.99	400.14	379.37	8.953	17.588	17.42	34.22	199.6	1600	0	101.3	19.5	0.82	1.0	-0.22	2.74	1.00	0.00	0.16	111115
115	"12:20:38"	7267.0	0	5.81	0.0993	267	2.92	2.99	31.98	6	1.42	1	2.84	33.54	31.98	34.99	400.18	379.39	8.953	17.586	17.42	34.21	199.6	1600	0	101.3	19.5	0.82	1.0	-0.22	2.74	1.00	0.00	0.16	111115
116	"12:20:38"	7267.0	0	5.81	0.0993	267	2.92	2.99	31.98	6	1.42	1	2.84	33.54	31.98	34.99	400.18	379.39	8.953	17.586	17.42	34.21	199.6	1600	0	101.3	19.5	0.82	1.0	-0.22	2.74	1.00	0.00	0.16	111115
117	"12:20:39"	7267.5	0	5.8	0.0992	267	2.92	2.99	31.98	6	1.42	1	2.84	33.54	31.98	34.99	400.16	379.40	8.953	17.585	17.42	34.21	199.6	1600	0	101.3	19.5	0.82	1.0	-0.22	2.74	1.00	0.00	0.16	111115
118	"12:20:40"	7268.5	0	5.79	0.0992	267	2.92	2.99	31.97	6	1.42	1	2.84	33.54	31.97	34.99	400.15	379.41	8.953	17.582	17.42	34.20	199.6	1600	0	101.3	19.5	0.82	1.0	-0.22	2.74	1.00	0.00	0.16	111115
119	"12:20:40"	7269.0	0	5.8	0.0992	267	2.92	2.99	31.97	6	1.42	1	2.84	33.54	31.97	34.99	400.16	379.40	8.953	17.581	17.42	34.20	199.6	1600	0	101.3	19.5	0.82	1.0	-0.22	2.74	1.00	0.00	0.16	111115
120	"12:20:41"	7269.5	0	5.8	0.0992	267	2.92	2.99	31.98	6	1.42	1	2.84	33.54	31.98	34.99	400.18	379.41	8.952	17.581	17.42	34.20	199.7	1600	0	101.3	19.5	0.82	1.0	-0.22	2.74	1.00	0.00	0.16	111115
"12:20:48 Coolers: Tblock -> 40.00 C"
"12:21:07 Lamp: ParIn ->  1600 uml"
"12:21:07 CO2 Mixer: CO2R -> 400 uml"
"12:21:07 Coolers: Tblock -> 40.00 C"
"12:21:07 Flow: Fixed -> 200 umol/s"
"12:29:38 Flow: Fixed -> 200 umol/s"
121	"12:29:53"	7822.5	0	4.89	0.0708	251	2.62	3.7	34.94	6	1.42	1	2.84	37.97	34.94	40.06	400.32	382.61	11.342	19.071	17.29	29.07	199.6	1600	0	101.3	19.9	0.82	1.0	-0.22	2.74	1.00	0.00	0.16	111115
122	"12:29:54"	7823.0	0	4.87	0.0708	251	2.62	3.7	34.94	6	1.42	1	2.84	37.97	34.94	40.06	400.30	382.63	11.342	19.069	17.29	29.06	199.6	1600	0	101.3	19.9	0.82	1.0	-0.22	2.74	1.00	0.00	0.16	111115
123	"12:29:54"	7823.5	0	4.86	0.0708	251	2.62	3.7	34.93	6	1.42	1	2.84	37.97	34.93	40.06	400.30	382.67	11.342	19.068	17.29	29.06	199.6	1600	0	101.3	19.9	0.82	1.0	-0.22	2.74	1.00	0.00	0.16	111115
124	"12:29:55"	7823.5	0	4.86	0.0708	251	2.62	3.7	34.93	6	1.42	1	2.84	37.97	34.93	40.06	400.30	382.67	11.342	19.068	17.29	29.06	199.6	1600	0	101.3	19.9	0.82	1.0	-0.22	2.74	1.00	0.00	0.16	111115
125	"12:29:55"	7824.0	0	4.85	0.0708	252	2.62	3.7	34.93	6	1.42	1	2.84	37.97	34.93	40.06	400.28	382.70	11.341	19.066	17.28	29.06	199.6	1600	0	101.3	19.9	0.82	1.0	-0.22	2.74	1.00	0.00	0.16	111115
126	"12:29:56"	7825.0	0	4.85	0.0708	252	2.62	3.7	34.93	6	1.42	1	2.84	37.97	34.93	40.06	400.30	382.70	11.340	19.063	17.28	29.05	199.6	1600	0	101.3	19.9	0.82	1.0	-0.22	2.74	1.00	0.00	0.16	111115
127	"12:29:56"	7825.0	0	4.85	0.0708	252	2.62	3.7	34.93	6	1.42	1	2.84	37.97	34.93	40.06	400.30	382.70	11.340	19.063	17.28	29.05	199.6	1600	0	101.3	19.9	0.82	1.0	-0.22	2.74	1.00	0.00	0.16	111115
128	"12:29:57"	7825.5	0	4.85	0.0708	252	2.62	3.7	34.93	6	1.42	1	2.84	37.97	34.93	40.06	400.30	382.70	11.340	19.061	17.28	29.05	199.6	1600	0	101.3	19.9	0.82	1.0	-0.22	2.74	1.00	0.00	0.16	111115
129	"12:29:57"	7826.0	0	4.85	0.0708	252	2.62	3.7	34.93	6	1.42	1	2.84	37.97	34.93	40.06	400.30	382.71	11.340	19.060	17.28	29.05	199.6	1600	0	101.3	19.9	0.82	1.0	-0.22	2.74	1.00	0.00	0.16	111115
130	"12:29:58"	7826.5	0	4.86	0.0708	251	2.62	3.7	34.93	6	1.42	1	2.84	37.97	34.93	40.06	400.32	382.71	11.340	19.058	17.28	29.04	199.6	1600	0	101.3	19.9	0.82	1.0	-0.22	2.74	1.00	0.00	0.16	111115
131	"12:29:58"	7827.0	0	4.88	0.0708	251	2.62	3.7	34.93	6	1.42	1	2.84	37.97	34.93	40.06	400.37	382.69	11.340	19.056	17.28	29.04	199.6	1600	0	101.3	19.9	0.82	1.0	-0.22	2.74	1.00	0.00	0.16	111115
132	"12:29:59"	7827.5	0	4.9	0.0707	250	2.62	3.7	34.93	6	1.42	1	2.84	37.97	34.93	40.06	400.38	382.65	11.340	19.053	17.28	29.04	199.6	1600	0	101.3	19.9	0.82	1.0	-0.22	2.74	1.00	0.00	0.16	111115
133	"12:29:59"	7828.0	0	4.93	0.0707	250	2.62	3.7	34.93	6	1.42	1	2.84	37.97	34.93	40.06	400.46	382.64	11.340	19.051	17.28	29.03	199.6	1600	0	101.3	19.9	0.82	1.0	-0.22	2.74	1.00	0.00	0.16	111115
134	"12:30:00"	7828.5	0	4.96	0.0707	249	2.61	3.7	34.93	6	1.42	1	2.84	37.97	34.93	40.06	400.55	382.62	11.339	19.049	17.28	29.03	199.6	1600	0	101.3	19.9	0.82	1.0	-0.22	2.74	1.00	0.00	0.16	111115
135	"12:30:00"	7829.0	0	4.99	0.0706	248	2.61	3.7	34.93	6	1.42	1	2.84	37.97	34.93	40.06	400.64	382.63	11.340	19.048	17.28	29.03	199.6	1600	0	101.3	19.9	0.82	1.0	-0.22	2.74	1.00	0.00	0.16	111115
"12:30:09 Coolers: Tblock -> 45.00 C"
"12:41:15 Flow: Fixed -> 200 umol/s"
136	"12:41:45"	8534.0	0	3.03	0.0364	228	1.89	5.12	38.43	6	1.42	1	2.84	42.66	38.43	45.13	399.58	388.27	11.188	16.786	13.28	19.92	199.6	1600	0	101.3	20.6	0.802	1.0	-0.22	2.74	1.00	0.00	0.16	111115
137	"12:41:46"	8535.0	0	3.04	0.0364	227	1.89	5.12	38.43	6	1.42	1	2.84	42.66	38.43	45.13	399.62	388.28	11.188	16.784	13.28	19.92	199.7	1600	0	101.3	20.6	0.802	1.0	-0.22	2.74	1.00	0.00	0.16	111115
138	"12:41:46"	8535.5	0	3.04	0.0364	227	1.89	5.11	38.43	6	1.42	1	2.84	42.66	38.43	45.13	399.66	388.31	11.188	16.783	13.28	19.92	199.7	1600	0	101.3	20.6	0.802	1.0	-0.22	2.74	1.00	0.00	0.16	111115
139	"12:41:47"	8536.0	0	3.05	0.0364	227	1.89	5.11	38.43	6	1.42	1	2.84	42.66	38.43	45.13	399.66	388.30	11.187	16.781	13.27	19.91	199.7	1600	0	101.3	20.6	0.802	1.0	-0.22	2.74	1.00	0.00	0.16	111115
140	"12:41:47"	8536.5	0	3.05	0.0364	227	1.89	5.11	38.43	6	1.42	1	2.84	42.66	38.43	45.13	399.67	388.30	11.187	16.779	13.27	19.91	199.7	1600	0	101.3	20.6	0.802	1.0	-0.22	2.74	1.00	0.00	0.16	111115
141	"12:41:48"	8537.0	0	3.06	0.0364	226	1.89	5.11	38.43	6	1.42	1	2.84	42.66	38.43	45.13	399.68	388.28	11.187	16.779	13.27	19.91	199.7	1600	0	101.3	20.6	0.802	1.0	-0.22	2.74	1.00	0.00	0.16	111115
142	"12:41:48"	8537.5	0	3.06	0.0364	226	1.89	5.11	38.43	6	1.42	1	2.84	42.66	38.43	45.13	399.68	388.28	11.187	16.777	13.27	19.91	199.7	1600	0	101.3	20.6	0.802	1.0	-0.22	2.74	1.00	0.00	0.16	111115
143	"12:41:49"	8538.0	0	3.05	0.0363	227	1.89	5.11	38.43	6	1.42	1	2.84	42.66	38.43	45.13	399.68	388.30	11.187	16.776	13.27	19.91	199.7	1600	0	101.3	20.6	0.802	1.0	-0.22	2.74	1.00	0.00	0.16	111115
144	"12:41:49"	8538.5	0	3.05	0.0363	227	1.89	5.11	38.43	6	1.42	1	2.84	42.66	38.43	45.13	399.67	388.30	11.187	16.775	13.27	19.90	199.7	1600	0	101.3	20.6	0.802	1.0	-0.22	2.74	1.00	0.00	0.16	111115
145	"12:41:50"	8538.5	0	3.05	0.0363	227	1.89	5.11	38.43	6	1.42	1	2.84	42.66	38.43	45.13	399.67	388.30	11.187	16.775	13.27	19.90	199.7	1600	0	101.3	20.6	0.802	1.0	-0.22	2.74	1.00	0.00	0.16	111115
146	"12:41:50"	8539.0	0	3.03	0.0363	227	1.89	5.11	38.43	6	1.42	1	2.84	42.66	38.43	45.13	399.64	388.32	11.187	16.774	13.27	19.90	199.7	1600	0	101.3	20.6	0.802	1.0	-0.22	2.74	1.00	0.00	0.16	111115
147	"12:41:51"	8539.5	0	3.02	0.0363	228	1.89	5.12	38.43	6	1.42	1	2.84	42.66	38.43	45.13	399.59	388.31	11.188	16.772	13.27	19.90	199.7	1600	0	101.3	20.6	0.802	1.0	-0.22	2.74	1.00	0.00	0.16	111115
148	"12:41:52"	8540.0	0	3.02	0.0363	228	1.89	5.12	38.43	6	1.42	1	2.84	42.66	38.43	45.13	399.59	388.33	11.188	16.770	13.28	19.90	199.7	1600	0	101.3	20.6	0.802	1.0	-0.22	2.74	1.00	0.00	0.16	111115
149	"12:41:54"	8543.0	0	3.02	0.0362	227	1.89	5.12	38.44	6	1.42	1	2.84	42.66	38.44	45.13	399.63	388.34	11.186	16.757	13.27	19.88	199.6	1600	0	101.3	20.6	0.802	1.0	-0.22	2.74	1.00	0.00	0.16	111115
150	"12:41:54"	8543.5	0	3.03	0.0362	227	1.88	5.12	38.44	6	1.42	1	2.84	42.66	38.44	45.13	399.64	388.34	11.186	16.756	13.27	19.88	199.6	1600	0	101.3	20.6	0.802	1.0	-0.22	2.74	1.00	0.00	0.16	111115
"12:42:00 Coolers: Tblock -> 50.00 C"
"12:50:13 Flow: Fixed -> 200 umol/s"
151	"12:50:59"	9088.0	0	1.45	0.0197	241	1.27	6.28	40.92	6	1.42	1	2.84	46.76	40.92	49.79	398.87	393.01	11.101	14.862	10.65	14.26	199.7	1600	0	101.3	21.3	0.789	1.0	-0.22	2.74	1.00	0.00	0.16	111115
152	"12:50:59"	9088.5	0	1.45	0.0197	241	1.27	6.28	40.92	6	1.42	1	2.84	46.76	40.92	49.79	398.87	393.01	11.101	14.860	10.65	14.26	199.7	1600	0	101.3	21.3	0.789	1.0	-0.22	2.74	1.00	0.00	0.16	111115
153	"12:51:00"	9089.0	0	1.46	0.0197	241	1.27	6.28	40.92	6	1.42	1	2.84	46.76	40.92	49.79	398.88	393.00	11.101	14.859	10.65	14.26	199.7	1600	0	101.3	21.3	0.789	1.0	-0.22	2.74	1.00	0.00	0.16	111115
154	"12:51:01"	9089.5	0	1.46	0.0197	240	1.27	6.28	40.92	6	1.42	1	2.84	46.77	40.92	49.80	398.91	393.02	11.101	14.858	10.65	14.26	199.7	1600	0	101.3	21.3	0.789	1.0	-0.22	2.74	1.00	0.00	0.16	111115
155	"12:51:01"	9090.0	0	1.48	0.0197	239	1.27	6.28	40.92	6	1.42	1	2.84	46.77	40.92	49.80	398.98	393.04	11.101	14.857	10.65	14.26	199.7	1600	0	101.3	21.3	0.789	1.0	-0.22	2.74	1.00	0.00	0.16	111115
156	"12:51:02"	9091.0	0	1.57	0.0196	232	1.27	6.28	40.92	6	1.42	1	2.84	46.76	40.92	49.80	399.21	393.00	11.101	14.854	10.65	14.26	199.7	1600	0	101.3	21.3	0.789	1.0	-0.22	2.74	1.00	0.00	0.16	111115
157	"12:51:03"	9091.5	0	1.6	0.0196	230	1.27	6.28	40.92	6	1.42	1	2.84	46.77	40.92	49.80	399.29	393.00	11.101	14.852	10.65	14.25	199.7	1600	0	101.3	21.3	0.789	1.0	-0.22	2.74	1.00	0.00	0.16	111115
158	"12:51:03"	9092.0	0	1.62	0.0196	228	1.27	6.28	40.92	6	1.42	1	2.84	46.77	40.92	49.80	399.37	393.02	11.102	14.851	10.65	14.25	199.7	1600	0	101.3	21.3	0.789	1.0	-0.22	2.74	1.00	0.00	0.16	111115
159	"12:51:04"	9092.5	0	1.64	0.0196	226	1.27	6.28	40.92	6	1.42	1	2.84	46.77	40.92	49.80	399.43	393.01	11.102	14.849	10.65	14.25	199.8	1600	0	101.3	21.3	0.789	1.0	-0.22	2.74	1.00	0.00	0.16	111115
160	"12:51:04"	9093.5	0	1.65	0.0196	225	1.26	6.28	40.92	6	1.42	1	2.84	46.77	40.92	49.80	399.48	393.02	11.103	14.845	10.66	14.25	199.7	1600	0	101.3	21.3	0.789	1.0	-0.22	2.74	1.00	0.00	0.16	111115
161	"12:51:05"	9094.0	0	1.66	0.0196	225	1.26	6.28	40.92	6	1.42	1	2.84	46.77	40.92	49.80	399.48	393.01	11.102	14.844	10.65	14.25	199.7	1600	0	101.3	21.3	0.789	1.0	-0.22	2.74	1.00	0.00	0.16	111115
162	"12:51:06"	9094.5	0	1.64	0.0196	226	1.26	6.28	40.92	6	1.42	1	2.84	46.77	40.92	49.81	399.45	393.02	11.103	14.843	10.66	14.24	199.8	1600	0	101.3	21.3	0.789	1.0	-0.22	2.74	1.00	0.00	0.16	111115
163	"12:51:06"	9095.0	0	1.63	0.0196	227	1.26	6.28	40.92	6	1.42	1	2.84	46.77	40.92	49.81	399.41	393.04	11.104	14.842	10.66	14.24	199.7	1600	0	101.3	21.3	0.789	1.0	-0.22	2.74	1.00	0.00	0.16	111115
164	"12:51:07"	9095.5	0	1.62	0.0195	227	1.26	6.28	40.92	6	1.42	1	2.84	46.76	40.92	49.81	399.39	393.04	11.104	14.839	10.66	14.24	199.8	1600	0	101.3	21.3	0.789	1.0	-0.22	2.74	1.00	0.00	0.16	111115
165	"12:51:07"	9096.0	0	1.61	0.0195	228	1.26	6.28	40.92	6	1.42	1	2.84	46.76	40.92	49.81	399.36	393.03	11.103	14.837	10.66	14.24	199.7	1600	0	101.3	21.3	0.789	1.0	-0.22	2.74	1.00	0.00	0.16	111115
"12:51:14 Coolers: Tblock -> 20.00 C"
