"OPEN 6.2.5"
"Thr Jan 13 2022 12:01:38"
<open><version>"6.2.5"</version></open>
<open><configfile>"/User/Configs/UserPrefs/2x3 LED.xml"</configfile></open>
<open><light><source>"6400-02 or -02B LED Source"</source><par_in>1<sensor>"SI-3989"<cal>-0.92<actinity>1.00</actinity><transm>1.00</transm></cal></sensor><transm>1</transm></par_in><par_out>1<sensor>"Q50937"<cal>6.45</cal></sensor></par_out></light></open>
<open><comps><file>"/User/Configs/Comps/StdComps_6.2"<header>""</header><extras></extras></file><energybal>no<f_parIn>1</f_parIn><f_parOut>0</f_parOut><alphaK>0.16</alphaK></energybal><bc_total>2.840<stomatal_ratio>1</stomatal_ratio><bc_oneside>1.420<type>2</type><table>"/Sys/Lib/StdBLCTable"</table><area>6</area><slope>-0.219565</slope><offset>2.73739</offset><fan>5</fan></bc_oneside></bc_total></comps></open>
<open><prompts><onlog>off</onlog><items>"Default (none)"</items></prompts></open>
<open><constants><oxygen>21 %</oxygen><bb_vapor>1.5</bb_vapor><bb_oxy>0.9</bb_oxy></constants></open>
<open><stability><items>"Std Stability"<items[1]><id>-2</id><size>15</size><pcv><onoff>0</onoff><value>1</value></pcv><std><onoff>0</onoff><value>1</value></std><slp><onoff>1</onoff><value>1</value></slp></items[1]><items[2]><id>-5</id><size>15</size><pcv><onoff>0</onoff><value>1</value></pcv><std><onoff>0</onoff><value>1</value></std><slp><onoff>1</onoff><value>1</value></slp></items[2]><items[3]><id>-7</id><size>15</size><pcv><onoff>0</onoff><value>1</value></pcv><std><onoff>0</onoff><value>1</value></std><slp><onoff>1</onoff><value>1</value></slp></items[3]></items></stability></open>
<open><log><format>"StdLogFmt_6.0"<items>{ -35 -21 -36 -76 30 23 36 21 25 221 -33 111 -34 11 -9 -10 -8 -1 -2 -4 -5 -14 -15 -7 -12 -13 -11 -65 -66 -72 -18 -19 -77 -78 -79 -23  }<hdr>{  }</hdr></items></format><options><beep>on</beep><hdr>normal</hdr><rem>normal</rem><stab>no</stab><stats>no<mean>no</mean><file>no</file><period>15</period></stats><excel>yes</excel><controls>yes</controls><comm>no</comm></options><datafile>"/User/jcg_vifa_lh"</datafile><button><action>"Normal Log"<code>" LogOneObsManual "</code></action></button><autoprog>"/User/Configs/AutoProgs/AutoLog2"<active>no</active></autoprog></log></open>
<open><a2d><avgtime>4.0 secs</avgtime><userchans><ch20>"Off"</ch20><ch21>"Off"</ch21><ch22>"Off"</ch22><ch23>"Off"</ch23></userchans></a2d></open>
<open><matching><type>0</type><disp>'a'</disp><settings><CO2Limit>10.0</CO2Limit><H2OLimit>1.0</H2OLimit><MaxAutoTime>60</MaxAutoTime></settings></matching></open>
<li6400><factory><unit>"PSC-4076"</unit><serviced>"31 Mar 2014"</serviced><fuseaware>0</fuseaware><co2mixer>yes</co2mixer><co2><coeffs>{ 0 0.215349 2.57678e-05 1.9763e-08 -3.21542e-12 3.03737e-16  }</coeffs><dvdt>-2.8</dvdt><xs>{ 0.0005 0.0003  }</xs></co2><h2o><coeffs>{ 0 0.00579256 2.19235e-06 9.06457e-12  }</coeffs><dvdt>-1</dvdt><xs>{ -0.0026 0.0003  }</xs></h2o><flow>{ 0 0.3607  }</flow><press>{ 88.32 0.00555  }</press></factory></li6400>
<li6400><user><flow_zero>-1560.7</flow_zero><irga_zero><co2>-312.6 -351.6<at>29.8235</at></co2><h2o>-156.6 77.4<at>31.0407</at></h2o></irga_zero><irga_span><co2>{ 0.988788 0.993555  }</co2><h2o>{ 0.996032 0.996401  }</h2o></irga_span><irga_match><co2>{ -1.32399 17.9946  }</co2><h2o>{ -0.104692 0.716452  }</h2o></irga_match><co2_mixer><pump_mv>4500</pump_mv><ppm>{ 2185.36 1052.7 419.509 255.894 118.056 69.8071 46.8351 46.4167  }</ppm><mv>{ 5000 3000 1500 1000 500 300 200 100  }</mv></co2_mixer><parin_offset>-0.0908794</parin_offset><led_cal><unit>"SI-3989"</unit><mv>{ 10 25 50 100 1000 2000 3000 4000 5000  }</mv><qntm>{ 5.41353 17.8999 38.6356 86.3019 941.421 1838.37 2690.41 3508.95 4284.65  }</qntm></led_cal><lcf_cal><unit>"unknown"</unit><red><mv>{ 50 100 500 1000 1500 5000  }</mv><qntm>{ 50 100 500 1000 2000 5000  }</qntm></red><blue><mv>{ 100 200 500 1000 2000 5000  }</mv><qntm>{ 10 20 50 100 200 500  }</qntm></blue></lcf_cal></user></li6400>
"12:01:39 "
$STARTOFDATA$
"Obs"	"HHMMSS"	"FTime"	"EBal?"	"Photo"	"Cond"	"Ci"	"Trmmol"	"VpdL"	"CTleaf"	"Area"	"BLC_1"	"StmRat"	"BLCond"	"Tair"	"Tleaf"	"TBlk"	"CO2R"	"CO2S"	"H2OR"	"H2OS"	"RH_R"	"RH_S"	"Flow"	"PARi"	"PARo"	"Press"	"CsMch"	"HsMch"	"StableF"	"BLCslope"	"BLCoffst"	"f_parin"	"f_parout"	"alphaK"	"Status"
"12:10:13 Flow: Fixed -> 200 umol/s"
"12:14:19 Coolers: Tblock -> 0.00 C"
"12:41:11 Flow: Fixed -> 200 umol/s"
1	"12:41:54"	2435.5	0	6.67	0.118	281	1.03	0.908	10.56	6	1.42	1	2.84	3.78	10.56	0.63	400.09	378.87	0.602	3.680	7.56	46.22	199.7	1600	0	101	17.2	0.515	1.0	-0.22	2.74	1.00	0.00	0.16	111115
2	"12:41:54"	2436.0	0	6.67	0.118	281	1.03	0.907	10.55	6	1.42	1	2.84	3.78	10.55	0.63	400.09	378.88	0.602	3.680	7.56	46.22	199.7	1600	0	101	17.2	0.515	1.0	-0.22	2.74	1.00	0.00	0.16	111115
3	"12:41:55"	2437.0	0	6.67	0.118	281	1.03	0.907	10.55	6	1.42	1	2.84	3.78	10.55	0.63	400.11	378.88	0.602	3.680	7.56	46.22	199.7	1600	0	101	17.2	0.515	1.0	-0.22	2.74	1.00	0.00	0.16	111115
4	"12:41:56"	2437.5	0	6.68	0.118	281	1.03	0.907	10.55	6	1.42	1	2.84	3.78	10.55	0.63	400.11	378.87	0.601	3.679	7.55	46.21	199.7	1600	0	101	17.2	0.515	1.0	-0.22	2.74	1.00	0.00	0.16	111115
5	"12:41:57"	2438.5	0	6.7	0.118	280	1.03	0.906	10.54	6	1.42	1	2.84	3.78	10.54	0.63	400.14	378.84	0.601	3.680	7.55	46.21	199.7	1600	0	101	17.2	0.515	1.0	-0.22	2.74	1.00	0.00	0.16	111115
6	"12:41:58"	2439.0	0	6.71	0.118	280	1.03	0.906	10.54	6	1.42	1	2.84	3.78	10.54	0.63	400.15	378.84	0.601	3.679	7.55	46.21	199.7	1600	0	101	17.2	0.515	1.0	-0.22	2.74	1.00	0.00	0.16	111115
7	"12:41:58"	2440.0	0	6.7	0.119	280	1.03	0.906	10.53	6	1.42	1	2.84	3.78	10.53	0.63	400.13	378.83	0.601	3.679	7.55	46.21	199.7	1600	0	101	17.2	0.515	1.0	-0.22	2.74	1.00	0.00	0.16	111115
8	"12:41:59"	2441.0	0	6.69	0.119	281	1.03	0.906	10.54	6	1.42	1	2.84	3.78	10.54	0.63	400.14	378.87	0.602	3.680	7.56	46.23	199.7	1600	0	101	17.2	0.515	1.0	-0.22	2.74	1.00	0.00	0.16	111115
9	"12:42:00"	2442.0	0	6.67	0.118	281	1.03	0.906	10.54	6	1.42	1	2.84	3.78	10.54	0.63	400.11	378.90	0.602	3.681	7.57	46.24	199.7	1600	0	101	17.2	0.515	1.0	-0.22	2.74	1.00	0.00	0.16	111115
10	"12:42:01"	2442.5	0	6.65	0.118	281	1.03	0.906	10.55	6	1.42	1	2.84	3.78	10.55	0.63	400.09	378.92	0.603	3.682	7.57	46.25	199.7	1600	0	101	17.2	0.515	1.0	-0.22	2.74	1.00	0.00	0.16	111115
11	"12:42:02"	2443.5	0	6.64	0.118	281	1.03	0.907	10.55	6	1.42	1	2.84	3.78	10.55	0.63	400.05	378.94	0.603	3.682	7.58	46.26	199.7	1600	0	101	17.2	0.515	1.0	-0.22	2.74	1.00	0.00	0.16	111115
12	"12:42:03"	2444.0	0	6.64	0.118	281	1.03	0.907	10.56	6	1.42	1	2.84	3.78	10.56	0.63	400.06	378.95	0.603	3.683	7.58	46.27	199.7	1600	0	101	17.2	0.515	1.0	-0.22	2.74	1.00	0.00	0.16	111115
13	"12:42:03"	2445.0	0	6.64	0.118	281	1.03	0.907	10.56	6	1.42	1	2.84	3.78	10.56	0.63	400.05	378.95	0.602	3.682	7.57	46.26	199.7	1600	0	101	17.2	0.515	1.0	-0.22	2.74	1.00	0.00	0.16	111115
14	"12:42:04"	2445.5	0	6.64	0.118	281	1.03	0.907	10.56	6	1.42	1	2.84	3.78	10.56	0.63	400.08	378.95	0.602	3.682	7.56	46.25	199.7	1600	0	101	17.2	0.515	1.0	-0.22	2.74	1.00	0.00	0.16	111115
15	"12:42:05"	2446.5	0	6.67	0.118	281	1.03	0.907	10.55	6	1.42	1	2.84	3.78	10.55	0.63	400.12	378.92	0.602	3.681	7.56	46.24	199.8	1600	0	101	17.2	0.515	1.0	-0.22	2.74	1.00	0.00	0.16	111115
"12:42:10 Coolers: Tblock -> 5.00 C"
"12:52:54 Flow: Fixed -> 200 umol/s"
16	"12:53:20"	3121.5	0	7.3	0.129	277	1.3	1.06	13.09	6	1.42	1	2.84	7.38	13.09	4.95	400.29	376.87	0.616	4.514	6.02	44.16	199.7	1600	0	101	17.2	0.544	1.0	-0.22	2.74	1.00	0.00	0.16	111115
17	"12:53:20"	3122.0	0	7.32	0.129	277	1.3	1.06	13.09	6	1.42	1	2.84	7.38	13.09	4.95	400.30	376.85	0.616	4.515	6.02	44.17	199.7	1600	0	101	17.2	0.544	1.0	-0.22	2.74	1.00	0.00	0.16	111115
18	"12:53:21"	3122.5	0	7.3	0.129	277	1.3	1.06	13.08	6	1.42	1	2.84	7.38	13.08	4.95	400.29	376.88	0.615	4.517	6.02	44.19	199.7	1600	0	101	17.2	0.544	1.0	-0.22	2.74	1.00	0.00	0.16	111115
19	"12:53:22"	3123.5	0	7.27	0.129	278	1.3	1.05	13.08	6	1.42	1	2.84	7.38	13.08	4.95	400.24	376.91	0.615	4.517	6.02	44.19	199.8	1600	0	101	17.2	0.544	1.0	-0.22	2.74	1.00	0.00	0.16	111115
20	"12:53:22"	3124.0	0	7.28	0.129	278	1.3	1.05	13.08	6	1.42	1	2.84	7.38	13.08	4.95	400.25	376.90	0.616	4.516	6.02	44.19	199.8	1600	0	101	17.2	0.544	1.0	-0.22	2.74	1.00	0.00	0.16	111115
21	"12:53:23"	3124.5	0	7.27	0.129	278	1.3	1.05	13.07	6	1.42	1	2.84	7.38	13.07	4.95	400.23	376.91	0.616	4.516	6.03	44.18	199.8	1600	0	101	17.2	0.544	1.0	-0.22	2.74	1.00	0.00	0.16	111115
22	"12:53:24"	3125.5	0	7.31	0.13	278	1.31	1.05	13.07	6	1.42	1	2.84	7.38	13.07	4.95	400.31	376.88	0.615	4.518	6.02	44.20	199.8	1601	0	101	17.2	0.544	1.0	-0.22	2.74	1.00	0.00	0.16	111115
23	"12:53:24"	3126.0	0	7.31	0.13	278	1.3	1.05	13.07	6	1.42	1	2.84	7.38	13.07	4.95	400.33	376.89	0.615	4.517	6.02	44.19	199.8	1600	0	101	17.2	0.544	1.0	-0.22	2.74	1.00	0.00	0.16	111115
24	"12:53:25"	3126.5	0	7.31	0.129	277	1.3	1.05	13.07	6	1.42	1	2.84	7.38	13.07	4.95	400.34	376.89	0.615	4.517	6.02	44.19	199.7	1600	0	101	17.2	0.544	1.0	-0.22	2.74	1.00	0.00	0.16	111115
25	"12:53:26"	3127.0	0	7.34	0.129	277	1.3	1.05	13.07	6	1.42	1	2.84	7.38	13.07	4.95	400.39	376.86	0.616	4.516	6.03	44.18	199.7	1601	0	101	17.2	0.544	1.0	-0.22	2.74	1.00	0.00	0.16	111115
26	"12:53:26"	3128.0	0	7.38	0.13	277	1.3	1.05	13.07	6	1.42	1	2.84	7.38	13.07	4.95	400.44	376.81	0.615	4.517	6.02	44.19	199.7	1601	0	101	17.2	0.544	1.0	-0.22	2.74	1.00	0.00	0.16	111115
27	"12:53:27"	3128.5	0	7.39	0.13	277	1.3	1.05	13.06	6	1.42	1	2.84	7.38	13.06	4.95	400.46	376.78	0.615	4.517	6.01	44.20	199.7	1601	0	101	17.2	0.544	1.0	-0.22	2.74	1.00	0.00	0.16	111115
28	"12:53:28"	3129.5	0	7.37	0.13	277	1.31	1.05	13.06	6	1.42	1	2.84	7.38	13.06	4.95	400.43	376.80	0.615	4.518	6.01	44.20	199.7	1601	0	101	17.2	0.544	1.0	-0.22	2.74	1.00	0.00	0.16	111115
29	"12:53:28"	3130.0	0	7.37	0.13	277	1.31	1.05	13.05	6	1.42	1	2.84	7.38	13.05	4.95	400.43	376.81	0.614	4.518	6.01	44.20	199.7	1601	0	101	17.2	0.544	1.0	-0.22	2.74	1.00	0.00	0.16	111115
30	"12:53:29"	3130.5	0	7.37	0.13	277	1.31	1.05	13.05	6	1.42	1	2.84	7.38	13.05	4.95	400.43	376.81	0.614	4.519	6.01	44.20	199.7	1601	0	101	17.2	0.544	1.0	-0.22	2.74	1.00	0.00	0.16	111115
"12:53:36 Coolers: Tblock -> 10.00 C"
"13:04:04 Flow: Fixed -> 200 umol/s"
31	"13:04:38"	3799.0	0	8	0.144	275	1.74	1.27	16.28	6	1.42	1	2.84	11.74	16.28	10.03	400.38	374.38	0.621	5.826	4.54	42.53	199.7	1600	0	101	17.4	0.593	1.0	-0.22	2.74	1.00	0.00	0.16	111115
32	"13:04:38"	3799.5	0	8.02	0.144	275	1.74	1.27	16.28	6	1.42	1	2.84	11.74	16.28	10.03	400.40	374.36	0.621	5.826	4.54	42.54	199.7	1600	0	101	17.4	0.593	1.0	-0.22	2.74	1.00	0.00	0.16	111115
33	"13:04:39"	3800.0	0	8.01	0.144	275	1.74	1.27	16.28	6	1.42	1	2.84	11.74	16.28	10.03	400.39	374.35	0.621	5.826	4.54	42.54	199.7	1600	0	101	17.4	0.593	1.0	-0.22	2.74	1.00	0.00	0.16	111115
34	"13:04:40"	3801.0	0	8.04	0.144	275	1.74	1.27	16.28	6	1.42	1	2.84	11.74	16.28	10.03	400.44	374.34	0.622	5.826	4.54	42.54	199.8	1600	0	101	17.4	0.593	1.0	-0.22	2.74	1.00	0.00	0.16	111115
35	"13:04:40"	3801.5	0	8.04	0.144	275	1.74	1.27	16.28	6	1.42	1	2.84	11.74	16.28	10.03	400.45	374.34	0.621	5.827	4.54	42.54	199.8	1600	0	101	17.4	0.593	1.0	-0.22	2.74	1.00	0.00	0.16	111115
36	"13:04:41"	3802.0	0	8.05	0.144	275	1.74	1.27	16.28	6	1.42	1	2.84	11.74	16.28	10.03	400.47	374.34	0.621	5.827	4.54	42.54	199.7	1600	0	101	17.4	0.593	1.0	-0.22	2.74	1.00	0.00	0.16	111115
37	"13:04:42"	3803.0	0	8.04	0.144	275	1.74	1.27	16.27	6	1.42	1	2.84	11.73	16.27	10.03	400.49	374.37	0.621	5.828	4.54	42.55	199.7	1600	0	101	17.4	0.593	1.0	-0.22	2.74	1.00	0.00	0.16	111115
38	"13:04:42"	3803.5	0	8.04	0.144	275	1.74	1.27	16.28	6	1.42	1	2.84	11.73	16.28	10.03	400.49	374.39	0.621	5.827	4.53	42.55	199.7	1600	0	101	17.4	0.593	1.0	-0.22	2.74	1.00	0.00	0.16	111115
39	"13:04:43"	3804.0	0	8.05	0.144	275	1.74	1.27	16.28	6	1.42	1	2.84	11.73	16.28	10.03	400.51	374.38	0.621	5.828	4.53	42.55	199.7	1600	0	101	17.4	0.593	1.0	-0.22	2.74	1.00	0.00	0.16	111115
40	"13:04:44"	3805.0	0	8.05	0.144	275	1.74	1.27	16.28	6	1.42	1	2.84	11.73	16.28	10.03	400.55	374.41	0.621	5.828	4.53	42.56	199.7	1600	0	101	17.4	0.593	1.0	-0.22	2.74	1.00	0.00	0.16	111115
41	"13:04:44"	3805.5	0	8.05	0.144	275	1.74	1.27	16.28	6	1.42	1	2.84	11.73	16.28	10.03	400.56	374.43	0.621	5.829	4.53	42.56	199.7	1600	0	101	17.4	0.593	1.0	-0.22	2.74	1.00	0.00	0.16	111115
42	"13:04:45"	3806.5	0	8.02	0.144	275	1.74	1.27	16.29	6	1.42	1	2.84	11.73	16.29	10.03	400.49	374.43	0.620	5.830	4.53	42.57	199.7	1600	0	101	17.4	0.593	1.0	-0.22	2.74	1.00	0.00	0.16	111115
43	"13:04:46"	3807.0	0	8.02	0.144	275	1.74	1.27	16.29	6	1.42	1	2.84	11.73	16.29	10.03	400.48	374.42	0.620	5.830	4.53	42.57	199.7	1600	0	101	17.4	0.593	1.0	-0.22	2.74	1.00	0.00	0.16	111115
44	"13:04:46"	3807.5	0	8.03	0.144	275	1.74	1.27	16.30	6	1.42	1	2.84	11.73	16.30	10.03	400.51	374.41	0.621	5.831	4.53	42.57	199.7	1600	0	101	17.4	0.593	1.0	-0.22	2.74	1.00	0.00	0.16	111115
45	"13:04:47"	3808.5	0	8.05	0.144	275	1.75	1.27	16.30	6	1.42	1	2.84	11.73	16.30	10.03	400.52	374.39	0.621	5.831	4.53	42.58	199.8	1600	0	101	17.4	0.593	1.0	-0.22	2.74	1.00	0.00	0.16	111115
"13:04:54 Coolers: Tblock -> 15.00 C"
"13:14:07 Flow: Fixed -> 200 umol/s"
46	"13:14:50"	4412.0	0	8.62	0.159	273	2.28	1.51	19.41	6	1.42	1	2.84	16.19	19.41	15.09	400.61	372.15	0.629	7.438	3.44	40.67	199.7	1599	0	101	17.6	0.635	1.0	-0.22	2.74	1.00	0.00	0.16	111115
47	"13:14:51"	4413.0	0	8.68	0.159	273	2.28	1.51	19.40	6	1.42	1	2.84	16.19	19.40	15.09	400.75	372.13	0.628	7.438	3.43	40.67	199.7	1599	0	101	17.6	0.635	1.0	-0.22	2.74	1.00	0.00	0.16	111115
48	"13:14:52"	4413.5	0	8.68	0.159	273	2.28	1.51	19.40	6	1.42	1	2.84	16.19	19.40	15.10	400.73	372.11	0.628	7.438	3.43	40.67	199.7	1599	0	101	17.6	0.635	1.0	-0.22	2.74	1.00	0.00	0.16	111115
49	"13:14:53"	4414.5	0	8.69	0.159	273	2.28	1.51	19.40	6	1.42	1	2.84	16.19	19.40	15.10	400.75	372.09	0.628	7.438	3.43	40.67	199.8	1599	0	101	17.6	0.635	1.0	-0.22	2.74	1.00	0.00	0.16	111115
50	"13:14:53"	4415.0	0	8.71	0.159	273	2.29	1.51	19.39	6	1.42	1	2.84	16.19	19.39	15.10	400.77	372.07	0.628	7.438	3.43	40.67	199.8	1599	0	101	17.6	0.635	1.0	-0.22	2.74	1.00	0.00	0.16	111115
51	"13:14:54"	4416.0	0	8.7	0.159	273	2.29	1.51	19.39	6	1.42	1	2.84	16.19	19.39	15.10	400.75	372.06	0.627	7.439	3.43	40.67	199.8	1599	0	101	17.6	0.635	1.0	-0.22	2.74	1.00	0.00	0.16	111115
52	"13:14:55"	4416.5	0	8.7	0.159	273	2.29	1.51	19.38	6	1.42	1	2.84	16.19	19.38	15.09	400.73	372.06	0.626	7.439	3.43	40.67	199.8	1599	0	101	17.6	0.635	1.0	-0.22	2.74	1.00	0.00	0.16	111115
53	"13:14:56"	4417.5	0	8.68	0.159	273	2.29	1.51	19.38	6	1.42	1	2.84	16.19	19.38	15.09	400.70	372.07	0.626	7.440	3.42	40.68	199.7	1599	0	101	17.6	0.635	1.0	-0.22	2.74	1.00	0.00	0.16	111115
54	"13:14:57"	4418.0	0	8.66	0.159	273	2.28	1.51	19.38	6	1.42	1	2.84	16.19	19.38	15.09	400.67	372.08	0.627	7.441	3.43	40.68	199.7	1599	0	101	17.6	0.635	1.0	-0.22	2.74	1.00	0.00	0.16	111115
55	"13:14:57"	4418.0	0	8.66	0.159	273	2.28	1.51	19.38	6	1.42	1	2.84	16.19	19.38	15.09	400.67	372.08	0.627	7.441	3.43	40.68	199.7	1599	0	101	17.6	0.635	1.0	-0.22	2.74	1.00	0.00	0.16	111115
56	"13:14:58"	4420.0	0	8.65	0.159	273	2.28	1.51	19.39	6	1.42	1	2.84	16.19	19.39	15.09	400.67	372.11	0.626	7.441	3.42	40.68	199.5	1599	0	101	17.6	0.635	1.0	-0.22	2.74	1.00	0.00	0.16	111115
57	"13:14:59"	4420.5	0	8.65	0.159	273	2.28	1.51	19.39	6	1.42	1	2.84	16.19	19.39	15.10	400.67	372.11	0.627	7.443	3.43	40.69	199.6	1599	0	101	17.6	0.635	1.0	-0.22	2.74	1.00	0.00	0.16	111115
58	"13:14:59"	4421.0	0	8.65	0.159	273	2.28	1.51	19.40	6	1.42	1	2.84	16.19	19.40	15.10	400.67	372.11	0.627	7.443	3.43	40.69	199.6	1599	0	101	17.6	0.635	1.0	-0.22	2.74	1.00	0.00	0.16	111115
59	"13:15:00"	4422.0	0	8.69	0.159	273	2.28	1.51	19.40	6	1.42	1	2.84	16.19	19.40	15.10	400.76	372.11	0.629	7.444	3.44	40.70	199.7	1599	0	101	17.6	0.635	1.0	-0.22	2.74	1.00	0.00	0.16	111115
60	"13:15:01"	4422.5	0	8.71	0.159	273	2.29	1.51	19.40	6	1.42	1	2.84	16.19	19.40	15.10	400.81	372.08	0.630	7.444	3.44	40.70	199.7	1599	0	101	17.6	0.635	1.0	-0.22	2.74	1.00	0.00	0.16	111115
"13:15:06 Coolers: Tblock -> 20.00 C"
"13:25:07 Flow: Fixed -> 200 umol/s"
61	"13:25:36"	5058.0	0	9.15	0.17	271	2.88	1.78	22.36	6	1.42	1	2.84	20.44	22.36	19.97	400.79	370.09	0.635	9.215	2.66	38.60	199.7	1599	0	101	17.9	0.678	1.0	-0.22	2.74	1.00	0.00	0.16	111115
62	"13:25:37"	5058.5	0	9.14	0.17	271	2.88	1.78	22.36	6	1.42	1	2.84	20.44	22.36	19.97	400.76	370.09	0.635	9.216	2.66	38.60	199.7	1599	0	101	17.9	0.678	1.0	-0.22	2.74	1.00	0.00	0.16	111115
63	"13:25:37"	5059.5	0	9.11	0.17	271	2.88	1.78	22.35	6	1.42	1	2.84	20.44	22.35	19.97	400.69	370.09	0.635	9.216	2.66	38.61	199.7	1599	0	101	17.9	0.678	1.0	-0.22	2.74	1.00	0.00	0.16	111115
64	"13:25:38"	5060.0	0	9.11	0.17	271	2.88	1.78	22.35	6	1.42	1	2.84	20.44	22.35	19.97	400.68	370.10	0.635	9.216	2.66	38.60	199.7	1599	0	101	17.9	0.678	1.0	-0.22	2.74	1.00	0.00	0.16	111115
65	"13:25:38"	5060.5	0	9.1	0.17	271	2.88	1.78	22.35	6	1.42	1	2.84	20.44	22.35	19.97	400.66	370.11	0.635	9.216	2.66	38.60	199.7	1599	0	101	17.9	0.678	1.0	-0.22	2.74	1.00	0.00	0.16	111115
66	"13:25:39"	5061.0	0	9.1	0.17	271	2.88	1.78	22.35	6	1.42	1	2.84	20.44	22.35	19.97	400.65	370.10	0.635	9.217	2.66	38.61	199.7	1599	0	101	17.9	0.678	1.0	-0.22	2.74	1.00	0.00	0.16	111115
67	"13:25:39"	5061.5	0	9.09	0.17	271	2.88	1.78	22.35	6	1.42	1	2.84	20.44	22.35	19.97	400.63	370.13	0.636	9.217	2.66	38.61	199.8	1599	0	101	17.9	0.678	1.0	-0.22	2.74	1.00	0.00	0.16	111115
68	"13:25:40"	5062.0	0	9.09	0.17	271	2.88	1.78	22.35	6	1.42	1	2.84	20.44	22.35	19.97	400.62	370.13	0.636	9.218	2.66	38.61	199.8	1599	0	101	17.9	0.678	1.0	-0.22	2.74	1.00	0.00	0.16	111115
69	"13:25:40"	5062.5	0	9.11	0.17	271	2.88	1.78	22.35	6	1.42	1	2.84	20.44	22.35	19.97	400.68	370.13	0.636	9.218	2.67	38.61	199.8	1599	0	101	17.9	0.678	1.0	-0.22	2.74	1.00	0.00	0.16	111115
70	"13:25:41"	5063.0	0	9.13	0.171	271	2.88	1.78	22.35	6	1.42	1	2.84	20.44	22.35	19.97	400.75	370.12	0.636	9.218	2.67	38.61	199.8	1599	0	101	17.9	0.678	1.0	-0.22	2.74	1.00	0.00	0.16	111115
71	"13:25:42"	5064.0	0	9.19	0.171	270	2.88	1.78	22.35	6	1.42	1	2.84	20.44	22.35	19.97	400.91	370.12	0.636	9.220	2.66	38.62	199.8	1599	0	101	17.9	0.678	1.0	-0.22	2.74	1.00	0.00	0.16	111115
72	"13:25:42"	5064.5	0	9.21	0.171	270	2.88	1.78	22.34	6	1.42	1	2.84	20.44	22.34	19.97	400.98	370.11	0.636	9.221	2.66	38.62	199.7	1599	0	101	17.9	0.678	1.0	-0.22	2.74	1.00	0.00	0.16	111115
73	"13:25:43"	5065.5	0	9.23	0.171	270	2.88	1.78	22.34	6	1.42	1	2.84	20.44	22.34	19.97	401.05	370.11	0.636	9.222	2.66	38.62	199.7	1599	0	101	17.9	0.678	1.0	-0.22	2.74	1.00	0.00	0.16	111115
74	"13:25:45"	5066.5	0	9.26	0.171	270	2.88	1.78	22.34	6	1.42	1	2.84	20.45	22.34	19.97	401.13	370.10	0.635	9.222	2.66	38.62	199.7	1599	0	101	17.9	0.678	1.0	-0.22	2.74	1.00	0.00	0.16	111115
75	"13:25:46"	5067.5	0	9.24	0.171	270	2.88	1.78	22.34	6	1.42	1	2.84	20.45	22.34	19.97	401.06	370.10	0.635	9.222	2.66	38.62	199.7	1599	0	101	17.9	0.678	1.0	-0.22	2.74	1.00	0.00	0.16	111115
"13:25:52 Coolers: Tblock -> 25.00 C"
"13:36:05 Flow: Fixed -> 200 umol/s"
76	"13:37:31"	5772.5	0	9.41	0.173	265	3.49	2.12	25.30	6	1.42	1	2.84	24.84	25.30	25.03	399.21	367.07	0.646	11.031	2.07	35.38	199.7	1600	0	101	18.2	0.709	1.0	-0.22	2.74	1.00	0.00	0.16	111115
77	"13:37:31"	5773.0	0	9.42	0.173	264	3.49	2.12	25.30	6	1.42	1	2.84	24.84	25.30	25.03	399.23	367.06	0.646	11.030	2.07	35.38	199.7	1600	0	101	18.2	0.709	1.0	-0.22	2.74	1.00	0.00	0.16	111115
78	"13:37:32"	5773.5	0	9.43	0.173	264	3.49	2.12	25.30	6	1.42	1	2.84	24.84	25.30	25.03	399.25	367.06	0.646	11.030	2.07	35.38	199.7	1600	0	101	18.2	0.709	1.0	-0.22	2.74	1.00	0.00	0.16	111115
79	"13:37:33"	5774.0	0	9.44	0.173	264	3.49	2.12	25.30	6	1.42	1	2.84	24.84	25.30	25.03	399.26	367.05	0.646	11.030	2.07	35.38	199.7	1600	0	101	18.2	0.709	1.0	-0.22	2.74	1.00	0.00	0.16	111115
80	"13:37:33"	5775.0	0	9.43	0.173	264	3.5	2.12	25.30	6	1.42	1	2.84	24.85	25.30	25.03	399.27	367.07	0.646	11.031	2.07	35.38	199.7	1600	0	101	18.2	0.709	1.0	-0.22	2.74	1.00	0.00	0.16	111115
81	"13:37:34"	5775.5	0	9.44	0.173	264	3.49	2.12	25.30	6	1.42	1	2.84	24.85	25.30	25.04	399.29	367.07	0.646	11.030	2.07	35.38	199.7	1600	0	101	18.2	0.709	1.0	-0.22	2.74	1.00	0.00	0.16	111115
82	"13:37:34"	5776.0	0	9.45	0.173	264	3.5	2.12	25.29	6	1.42	1	2.84	24.85	25.29	25.04	399.30	367.05	0.645	11.031	2.07	35.38	199.7	1600	0	101	18.2	0.709	1.0	-0.22	2.74	1.00	0.00	0.16	111115
83	"13:37:35"	5776.5	0	9.45	0.173	264	3.5	2.12	25.29	6	1.42	1	2.84	24.84	25.29	25.03	399.31	367.05	0.645	11.031	2.07	35.38	199.7	1600	0	101	18.2	0.709	1.0	-0.22	2.74	1.00	0.00	0.16	111115
84	"13:37:36"	5777.0	0	9.45	0.173	264	3.5	2.12	25.29	6	1.42	1	2.84	24.84	25.29	25.03	399.32	367.07	0.645	11.031	2.07	35.38	199.7	1600	0	101	18.2	0.709	1.0	-0.22	2.74	1.00	0.00	0.16	111115
85	"13:37:36"	5777.5	0	9.45	0.173	264	3.5	2.12	25.29	6	1.42	1	2.84	24.84	25.29	25.03	399.34	367.09	0.645	11.031	2.07	35.38	199.7	1600	0	101	18.2	0.709	1.0	-0.22	2.74	1.00	0.00	0.16	111115
86	"13:37:37"	5778.5	0	9.46	0.173	264	3.49	2.12	25.29	6	1.42	1	2.84	24.84	25.29	25.03	399.38	367.12	0.645	11.030	2.07	35.38	199.7	1600	0	101	18.2	0.709	1.0	-0.22	2.74	1.00	0.00	0.16	111115
87	"13:37:37"	5779.0	0	9.46	0.173	264	3.49	2.12	25.30	6	1.42	1	2.84	24.84	25.30	25.03	399.38	367.11	0.646	11.030	2.07	35.38	199.7	1600	0	101	18.2	0.709	1.0	-0.22	2.74	1.00	0.00	0.16	111115
88	"13:37:38"	5779.5	0	9.45	0.173	264	3.5	2.12	25.30	6	1.42	1	2.84	24.84	25.30	25.03	399.37	367.11	0.646	11.031	2.07	35.38	199.7	1600	0	101	18.2	0.709	1.0	-0.22	2.74	1.00	0.00	0.16	111115
89	"13:37:38"	5780.0	0	9.46	0.173	264	3.49	2.12	25.30	6	1.42	1	2.84	24.84	25.30	25.04	399.38	367.12	0.646	11.031	2.07	35.38	199.7	1600	0	101	18.2	0.709	1.0	-0.22	2.74	1.00	0.00	0.16	111115
90	"13:37:39"	5780.5	0	9.45	0.173	264	3.49	2.12	25.30	6	1.42	1	2.84	24.84	25.30	25.03	399.37	367.13	0.647	11.031	2.07	35.38	199.7	1600	0	101	18.2	0.709	1.0	-0.22	2.74	1.00	0.00	0.16	111115
"13:37:45 Coolers: Tblock -> 30.00 C"
"13:53:37 Flow: Fixed -> 200 umol/s"
91	"13:54:02"	6764.5	0	9.45	0.157	254	3.74	2.48	28.38	6	1.42	1	2.84	29.29	28.38	30.12	399.61	367.08	2.819	13.899	6.97	34.35	199.7	1599	0	101.1	18.6	0.747	1.0	-0.22	2.74	1.00	0.00	0.16	111115
92	"13:54:03"	6765.0	0	9.45	0.157	254	3.74	2.48	28.38	6	1.42	1	2.84	29.29	28.38	30.12	399.60	367.09	2.820	13.898	6.97	34.35	199.7	1599	0	101.1	18.6	0.747	1.0	-0.22	2.74	1.00	0.00	0.16	111115
93	"13:54:04"	6765.5	0	9.45	0.157	254	3.74	2.48	28.38	6	1.42	1	2.84	29.29	28.38	30.12	399.62	367.09	2.819	13.898	6.97	34.35	199.7	1599	0	101.1	18.6	0.747	1.0	-0.22	2.74	1.00	0.00	0.16	111115
94	"13:54:04"	6766.5	0	9.45	0.157	254	3.74	2.47	28.38	6	1.42	1	2.84	29.29	28.38	30.12	399.61	367.10	2.819	13.898	6.97	34.35	199.7	1599	0	101.1	18.6	0.747	1.0	-0.22	2.74	1.00	0.00	0.16	111115
95	"13:54:05"	6767.0	0	9.45	0.157	254	3.74	2.47	28.38	6	1.42	1	2.84	29.29	28.38	30.12	399.61	367.09	2.818	13.897	6.96	34.35	199.7	1599	0	101.1	18.6	0.747	1.0	-0.22	2.74	1.00	0.00	0.16	111115
96	"13:54:06"	6767.5	0	9.45	0.157	254	3.74	2.47	28.38	6	1.42	1	2.84	29.29	28.38	30.12	399.59	367.07	2.818	13.896	6.97	34.35	199.6	1599	0	101.1	18.6	0.747	1.0	-0.22	2.74	1.00	0.00	0.16	111115
97	"13:54:06"	6768.5	0	9.45	0.157	254	3.74	2.47	28.37	6	1.42	1	2.84	29.29	28.37	30.12	399.59	367.07	2.817	13.895	6.96	34.34	199.6	1599	0	101.1	18.6	0.747	1.0	-0.22	2.74	1.00	0.00	0.16	111115
98	"13:54:07"	6769.0	0	9.45	0.157	254	3.74	2.47	28.37	6	1.42	1	2.84	29.29	28.37	30.11	399.60	367.08	2.818	13.894	6.96	34.34	199.6	1599	0	101.1	18.6	0.747	1.0	-0.22	2.74	1.00	0.00	0.16	111115
99	"13:54:08"	6769.5	0	9.44	0.157	254	3.74	2.47	28.37	6	1.42	1	2.84	29.29	28.37	30.12	399.58	367.08	2.818	13.893	6.96	34.33	199.6	1599	0	101.1	18.6	0.747	1.0	-0.22	2.74	1.00	0.00	0.16	111115
100	"13:54:08"	6770.0	0	9.45	0.157	254	3.74	2.47	28.37	6	1.42	1	2.84	29.29	28.37	30.12	399.59	367.08	2.818	13.893	6.96	34.33	199.6	1599	0	101.1	18.6	0.747	1.0	-0.22	2.74	1.00	0.00	0.16	111115
101	"13:54:09"	6771.0	0	9.45	0.157	254	3.74	2.47	28.37	6	1.42	1	2.84	29.29	28.37	30.12	399.60	367.08	2.817	13.893	6.96	34.33	199.6	1599	0	101.1	18.6	0.747	1.0	-0.22	2.74	1.00	0.00	0.16	111115
102	"13:54:09"	6771.5	0	9.45	0.157	254	3.74	2.47	28.37	6	1.42	1	2.84	29.29	28.37	30.12	399.63	367.10	2.817	13.893	6.96	34.33	199.6	1599	0	101.1	18.6	0.747	1.0	-0.22	2.74	1.00	0.00	0.16	111115
103	"13:54:10"	6772.0	0	9.45	0.157	254	3.74	2.47	28.37	6	1.42	1	2.84	29.29	28.37	30.12	399.63	367.10	2.817	13.894	6.96	34.33	199.7	1599	0	101.1	18.6	0.747	1.0	-0.22	2.74	1.00	0.00	0.16	111115
104	"13:54:11"	6772.5	0	9.46	0.157	254	3.74	2.47	28.37	6	1.42	1	2.84	29.29	28.37	30.12	399.64	367.09	2.817	13.894	6.96	34.33	199.7	1599	0	101.1	18.6	0.747	1.0	-0.22	2.74	1.00	0.00	0.16	111115
105	"13:54:11"	6773.5	0	9.46	0.157	254	3.74	2.47	28.36	6	1.42	1	2.84	29.29	28.36	30.12	399.65	367.10	2.816	13.895	6.96	34.34	199.7	1599	0	101.1	18.6	0.747	1.0	-0.22	2.74	1.00	0.00	0.16	111115
"13:54:17 Coolers: Tblock -> 35.00 C"
"14:03:27 Flow: Fixed -> 200 umol/s"
106	"14:04:52"	7413.5	0	9.43	0.152	249	4	2.71	31.13	6	1.42	1	2.84	33.51	31.13	34.99	399.43	366.65	6.310	18.125	12.27	35.25	199.6	1599	0	101.1	18.7	0.773	1.0	-0.22	2.74	1.00	0.00	0.16	111115
107	"14:04:53"	7414.0	0	9.44	0.152	249	4	2.71	31.12	6	1.42	1	2.84	33.51	31.12	34.99	399.44	366.66	6.310	18.126	12.27	35.25	199.6	1599	0	101.1	18.7	0.773	1.0	-0.22	2.74	1.00	0.00	0.16	111115
108	"14:04:53"	7414.5	0	9.43	0.152	250	4	2.71	31.12	6	1.42	1	2.84	33.51	31.12	34.99	399.44	366.68	6.310	18.126	12.27	35.25	199.6	1599	0	101.1	18.7	0.773	1.0	-0.22	2.74	1.00	0.00	0.16	111115
109	"14:04:54"	7415.0	0	9.44	0.152	249	4	2.71	31.12	6	1.42	1	2.84	33.51	31.12	34.99	399.44	366.66	6.311	18.126	12.27	35.25	199.6	1599	0	101.1	18.7	0.773	1.0	-0.22	2.74	1.00	0.00	0.16	111115
110	"14:04:54"	7416.0	0	9.46	0.152	249	4	2.71	31.12	6	1.42	1	2.84	33.51	31.12	34.99	399.51	366.65	6.310	18.127	12.27	35.25	199.6	1599	0	101.1	18.7	0.773	1.0	-0.22	2.74	1.00	0.00	0.16	111115
111	"14:04:55"	7416.5	0	9.48	0.152	249	4	2.71	31.12	6	1.42	1	2.84	33.51	31.12	34.99	399.55	366.63	6.311	18.128	12.27	35.25	199.6	1599	0	101.1	18.7	0.773	1.0	-0.22	2.74	1.00	0.00	0.16	111115
112	"14:04:56"	7417.0	0	9.5	0.152	249	4	2.71	31.12	6	1.42	1	2.84	33.51	31.12	34.99	399.58	366.62	6.311	18.129	12.27	35.25	199.6	1599	0	101.1	18.7	0.773	1.0	-0.22	2.74	1.00	0.00	0.16	111115
113	"14:04:56"	7417.5	0	9.5	0.153	249	4	2.71	31.12	6	1.42	1	2.84	33.51	31.12	34.99	399.60	366.62	6.311	18.130	12.27	35.26	199.6	1599	0	101.1	18.7	0.773	1.0	-0.22	2.74	1.00	0.00	0.16	111115
114	"14:04:57"	7418.5	0	9.5	0.153	249	4.01	2.71	31.12	6	1.42	1	2.84	33.51	31.12	34.99	399.59	366.61	6.310	18.130	12.27	35.25	199.6	1599	0	101.1	18.7	0.773	1.0	-0.22	2.74	1.00	0.00	0.16	111115
115	"14:04:58"	7419.5	0	9.49	0.153	249	4.01	2.71	31.12	6	1.42	1	2.84	33.51	31.12	34.99	399.57	366.64	6.310	18.130	12.27	35.25	199.6	1599	0	101.1	18.7	0.773	1.0	-0.22	2.74	1.00	0.00	0.16	111115
116	"14:04:58"	7419.5	0	9.49	0.153	249	4.01	2.71	31.12	6	1.42	1	2.84	33.51	31.12	34.99	399.57	366.64	6.310	18.130	12.27	35.25	199.6	1599	0	101.1	18.7	0.773	1.0	-0.22	2.74	1.00	0.00	0.16	111115
117	"14:04:59"	7420.5	0	9.46	0.153	249	4.01	2.71	31.12	6	1.42	1	2.84	33.51	31.12	34.99	399.52	366.66	6.310	18.130	12.27	35.25	199.6	1599	0	101.1	18.7	0.773	1.0	-0.22	2.74	1.00	0.00	0.16	111115
118	"14:05:00"	7421.0	0	9.45	0.153	249	4.01	2.71	31.12	6	1.42	1	2.84	33.51	31.12	34.99	399.52	366.70	6.310	18.132	12.27	35.25	199.6	1599	0	101.1	18.7	0.773	1.0	-0.22	2.74	1.00	0.00	0.16	111115
119	"14:05:00"	7421.5	0	9.45	0.153	249	4.01	2.71	31.12	6	1.42	1	2.84	33.51	31.12	34.99	399.51	366.68	6.310	18.132	12.27	35.25	199.6	1599	0	101.1	18.7	0.773	1.0	-0.22	2.74	1.00	0.00	0.16	111115
120	"14:05:01"	7422.0	0	9.46	0.153	249	4.01	2.71	31.12	6	1.42	1	2.84	33.51	31.12	34.99	399.53	366.68	6.309	18.133	12.27	35.26	199.6	1599	0	101.1	18.7	0.773	1.0	-0.22	2.74	1.00	0.00	0.16	111115
"14:05:06 Coolers: Tblock -> 40.00 C"
"14:18:50 Flow: Fixed -> 200 umol/s"
121	"14:20:07"	8328.0	0	9.31	0.171	259	5.05	3.05	34.07	6	1.42	1	2.84	38.13	34.07	40.06	399.45	365.92	8.073	22.893	12.18	34.53	199.6	1599	0	101.1	19.1	0.766	1.0	-0.22	2.74	1.00	0.00	0.16	111115
122	"14:20:08"	8329.0	0	9.31	0.171	259	5.05	3.05	34.07	6	1.42	1	2.84	38.13	34.07	40.06	399.46	365.92	8.073	22.894	12.18	34.53	199.6	1599	0	101.1	19.1	0.766	1.0	-0.22	2.74	1.00	0.00	0.16	111115
123	"14:20:08"	8329.5	0	9.31	0.171	259	5.05	3.05	34.07	6	1.42	1	2.84	38.13	34.07	40.06	399.45	365.91	8.073	22.893	12.18	34.53	199.6	1599	0	101.1	19.1	0.766	1.0	-0.22	2.74	1.00	0.00	0.16	111115
124	"14:20:09"	8330.0	0	9.32	0.171	258	5.05	3.05	34.08	6	1.42	1	2.84	38.13	34.08	40.06	399.46	365.88	8.073	22.894	12.18	34.53	199.6	1599	0	101.1	19.1	0.766	1.0	-0.22	2.74	1.00	0.00	0.16	111115
125	"14:20:10"	8331.0	0	9.34	0.171	258	5.05	3.05	34.07	6	1.42	1	2.84	38.13	34.07	40.06	399.51	365.88	8.074	22.896	12.18	34.53	199.6	1599	0	101.1	19.1	0.766	1.0	-0.22	2.74	1.00	0.00	0.16	111115
126	"14:20:10"	8331.5	0	9.37	0.171	258	5.05	3.05	34.07	6	1.42	1	2.84	38.13	34.07	40.06	399.56	365.86	8.075	22.897	12.18	34.54	199.6	1599	0	101.1	19.1	0.766	1.0	-0.22	2.74	1.00	0.00	0.16	111115
127	"14:20:11"	8332.0	0	9.37	0.171	258	5.05	3.05	34.07	6	1.42	1	2.84	38.13	34.07	40.06	399.56	365.85	8.076	22.896	12.18	34.54	199.6	1599	0	101.1	19.1	0.766	1.0	-0.22	2.74	1.00	0.00	0.16	111115
128	"14:20:12"	8333.0	0	9.37	0.171	258	5.05	3.05	34.08	6	1.42	1	2.84	38.13	34.08	40.06	399.57	365.85	8.075	22.899	12.18	34.54	199.6	1600	0	101.1	19.1	0.766	1.0	-0.22	2.74	1.00	0.00	0.16	111115
129	"14:20:12"	8333.5	0	9.37	0.171	258	5.05	3.05	34.08	6	1.42	1	2.84	38.13	34.08	40.06	399.59	365.87	8.075	22.901	12.18	34.54	199.6	1599	0	101.1	19.1	0.766	1.0	-0.22	2.74	1.00	0.00	0.16	111115
130	"14:20:13"	8334.0	0	9.36	0.171	258	5.05	3.05	34.07	6	1.42	1	2.84	38.13	34.07	40.05	399.58	365.90	8.075	22.901	12.18	34.55	199.6	1599	0	101.1	19.1	0.766	1.0	-0.22	2.74	1.00	0.00	0.16	111115
131	"14:20:13"	8334.5	0	9.36	0.171	258	5.05	3.05	34.08	6	1.42	1	2.84	38.13	34.08	40.06	399.57	365.89	8.075	22.899	12.18	34.54	199.6	1600	0	101.1	19.1	0.766	1.0	-0.22	2.74	1.00	0.00	0.16	111115
132	"14:20:14"	8335.5	0	9.32	0.171	259	5.05	3.05	34.07	6	1.42	1	2.84	38.13	34.07	40.06	399.53	365.95	8.074	22.901	12.18	34.54	199.6	1600	0	101.1	19.1	0.766	1.0	-0.22	2.74	1.00	0.00	0.16	111115
133	"14:20:15"	8336.0	0	9.34	0.171	258	5.05	3.05	34.07	6	1.42	1	2.84	38.13	34.07	40.06	399.55	365.94	8.073	22.903	12.18	34.55	199.6	1600	0	101.1	19.1	0.766	1.0	-0.22	2.74	1.00	0.00	0.16	111115
134	"14:20:15"	8336.5	0	9.34	0.171	259	5.05	3.05	34.07	6	1.42	1	2.84	38.13	34.07	40.06	399.57	365.95	8.074	22.902	12.18	34.55	199.6	1600	0	101.1	19.1	0.766	1.0	-0.22	2.74	1.00	0.00	0.16	111115
135	"14:20:16"	8337.0	0	9.34	0.171	259	5.05	3.05	34.07	6	1.42	1	2.84	38.13	34.07	40.06	399.57	365.95	8.074	22.901	12.18	34.54	199.7	1599	0	101.1	19.1	0.766	1.0	-0.22	2.74	1.00	0.00	0.16	111115
"14:20:21 Coolers: Tblock -> 45.00 C"
"14:28:22 Lamp: ParIn ->  1600 uml"
"14:28:22 CO2 Mixer: CO2R -> 400 uml"
"14:28:22 Coolers: Tblock -> 45.00 C"
"14:28:22 Flow: Fixed -> 200 umol/s"
"14:33:19 Flow: Fixed -> 200 umol/s"
136	"14:34:02"	9164.0	0	8.81	0.209	278	6.27	3.12	36.28	6	1.42	1	2.84	42.55	36.28	45.13	400.05	366.66	10.806	29.104	12.89	34.71	199.6	1599	0	101.2	19.7	0.701	1.0	-0.22	2.74	1.00	0.00	0.16	111115
137	"14:34:03"	9164.5	0	8.8	0.209	279	6.27	3.11	36.27	6	1.42	1	2.84	42.55	36.27	45.13	400.04	366.66	10.805	29.104	12.89	34.71	199.6	1599	0	101.2	19.7	0.701	1.0	-0.22	2.74	1.00	0.00	0.16	111115
138	"14:34:04"	9165.5	0	8.81	0.209	279	6.27	3.11	36.27	6	1.42	1	2.84	42.55	36.27	45.13	400.04	366.66	10.805	29.102	12.89	34.71	199.6	1599	0	101.2	19.7	0.701	1.0	-0.22	2.74	1.00	0.00	0.16	111115
139	"14:34:04"	9166.0	0	8.82	0.209	278	6.27	3.11	36.26	6	1.42	1	2.84	42.55	36.26	45.13	400.06	366.64	10.805	29.103	12.89	34.71	199.6	1599	0	101.2	19.7	0.701	1.0	-0.22	2.74	1.00	0.00	0.16	111115
140	"14:34:05"	9166.5	0	8.82	0.209	278	6.27	3.11	36.26	6	1.42	1	2.84	42.55	36.26	45.13	400.04	366.62	10.805	29.104	12.89	34.71	199.7	1599	0	101.2	19.7	0.701	1.0	-0.22	2.74	1.00	0.00	0.16	111115
141	"14:34:06"	9167.5	0	8.82	0.209	279	6.27	3.11	36.26	6	1.42	1	2.84	42.55	36.26	45.13	400.04	366.63	10.804	29.106	12.89	34.72	199.7	1600	0	101.2	19.7	0.701	1.0	-0.22	2.74	1.00	0.00	0.16	111115
142	"14:34:06"	9168.0	0	8.82	0.209	279	6.27	3.11	36.26	6	1.42	1	2.84	42.55	36.26	45.13	400.04	366.63	10.804	29.106	12.89	34.71	199.7	1600	0	101.2	19.7	0.701	1.0	-0.22	2.74	1.00	0.00	0.16	111115
143	"14:34:07"	9168.5	0	8.82	0.209	279	6.27	3.11	36.26	6	1.42	1	2.84	42.54	36.26	45.13	400.04	366.64	10.804	29.107	12.89	34.72	199.7	1600	0	101.2	19.7	0.701	1.0	-0.22	2.74	1.00	0.00	0.16	111115
144	"14:34:08"	9169.5	0	8.82	0.209	279	6.27	3.11	36.26	6	1.42	1	2.84	42.54	36.26	45.13	400.05	366.63	10.803	29.108	12.89	34.72	199.7	1600	0	101.2	19.7	0.701	1.0	-0.22	2.74	1.00	0.00	0.16	111115
145	"14:34:08"	9170.0	0	8.82	0.209	279	6.28	3.11	36.26	6	1.42	1	2.84	42.54	36.26	45.13	400.05	366.65	10.804	29.110	12.89	34.72	199.7	1599	0	101.2	19.7	0.701	1.0	-0.22	2.74	1.00	0.00	0.16	111115
146	"14:34:09"	9170.5	0	8.81	0.209	279	6.28	3.11	36.26	6	1.42	1	2.84	42.54	36.26	45.13	400.06	366.67	10.803	29.112	12.89	34.72	199.7	1599	0	101.2	19.7	0.701	1.0	-0.22	2.74	1.00	0.00	0.16	111115
147	"14:34:10"	9171.5	0	8.79	0.209	279	6.28	3.11	36.27	6	1.42	1	2.84	42.55	36.27	45.13	400.02	366.68	10.803	29.114	12.88	34.72	199.7	1599	0	101.2	19.7	0.701	1.0	-0.22	2.74	1.00	0.00	0.16	111115
148	"14:34:10"	9172.0	0	8.8	0.209	279	6.28	3.11	36.27	6	1.42	1	2.84	42.55	36.27	45.13	400.04	366.69	10.804	29.115	12.89	34.73	199.7	1599	0	101.2	19.7	0.701	1.0	-0.22	2.74	1.00	0.00	0.16	111115
149	"14:34:11"	9172.5	0	8.81	0.209	279	6.28	3.11	36.27	6	1.42	1	2.84	42.55	36.27	45.13	400.06	366.68	10.804	29.116	12.89	34.73	199.7	1599	0	101.2	19.7	0.701	1.0	-0.22	2.74	1.00	0.00	0.16	111115
150	"14:34:12"	9173.5	0	8.8	0.21	279	6.28	3.11	36.27	6	1.42	1	2.84	42.55	36.27	45.13	400.02	366.67	10.804	29.119	12.89	34.73	199.7	1599	0	101.2	19.7	0.701	1.0	-0.22	2.74	1.00	0.00	0.16	111115
"14:34:17 Coolers: Tblock -> 50.00 C"
"14:45:41 Flow: Fixed -> 200 umol/s"
151	"14:46:18"	9899.0	0	6.9	0.26	307	7.74	3.11	38.52	6	1.42	1	2.84	46.83	38.52	49.81	399.34	369.99	14.497	36.900	13.85	35.26	199.6	1600	0	101.2	20.1	0.568	1.0	-0.22	2.74	1.00	0.00	0.16	111115
152	"14:46:18"	9899.5	0	6.9	0.26	307	7.74	3.11	38.52	6	1.42	1	2.84	46.83	38.52	49.81	399.34	369.99	14.498	36.902	13.85	35.26	199.7	1600	0	101.2	20.1	0.568	1.0	-0.22	2.74	1.00	0.00	0.16	111115
153	"14:46:19"	9900.5	0	6.91	0.26	307	7.74	3.12	38.53	6	1.42	1	2.84	46.83	38.53	49.81	399.37	370.00	14.497	36.905	13.85	35.27	199.7	1600	0	101.2	20.1	0.568	1.0	-0.22	2.74	1.00	0.00	0.16	111115
154	"14:46:19"	9901.0	0	6.9	0.26	307	7.74	3.12	38.53	6	1.42	1	2.84	46.83	38.53	49.81	399.37	370.02	14.498	36.907	13.85	35.27	199.7	1600	0	101.2	20.1	0.568	1.0	-0.22	2.74	1.00	0.00	0.16	111115
155	"14:46:20"	9901.5	0	6.92	0.26	307	7.75	3.12	38.53	6	1.42	1	2.84	46.83	38.53	49.81	399.41	370.02	14.497	36.907	13.85	35.27	199.7	1600	0	101.2	20.1	0.568	1.0	-0.22	2.74	1.00	0.00	0.16	111115
156	"14:46:20"	9902.0	0	6.92	0.26	307	7.75	3.12	38.53	6	1.42	1	2.84	46.83	38.53	49.81	399.43	370.02	14.497	36.908	13.85	35.27	199.7	1600	0	101.2	20.1	0.568	1.0	-0.22	2.74	1.00	0.00	0.16	111115
157	"14:46:21"	9902.5	0	6.91	0.26	307	7.75	3.12	38.53	6	1.42	1	2.84	46.83	38.53	49.81	399.42	370.05	14.499	36.908	13.85	35.27	199.7	1600	0	101.2	20.1	0.568	1.0	-0.22	2.74	1.00	0.00	0.16	111115
158	"14:46:22"	9903.0	0	6.92	0.26	307	7.75	3.12	38.53	6	1.42	1	2.84	46.83	38.53	49.81	399.43	370.05	14.499	36.911	13.85	35.27	199.8	1600	0	101.2	20.1	0.568	1.0	-0.22	2.74	1.00	0.00	0.16	111115
159	"14:46:22"	9903.5	0	6.91	0.26	307	7.75	3.11	38.52	6	1.42	1	2.84	46.83	38.52	49.81	399.41	370.06	14.499	36.911	13.85	35.27	199.8	1600	0	101.2	20.1	0.568	1.0	-0.22	2.74	1.00	0.00	0.16	111115
160	"14:46:23"	9904.0	0	6.9	0.261	307	7.75	3.11	38.52	6	1.42	1	2.84	46.83	38.52	49.81	399.39	370.05	14.499	36.911	13.85	35.27	199.8	1600	0	101.2	20.1	0.568	1.0	-0.22	2.74	1.00	0.00	0.16	111115
161	"14:46:23"	9904.0	0	6.9	0.261	307	7.75	3.11	38.52	6	1.42	1	2.84	46.83	38.52	49.81	399.39	370.05	14.499	36.911	13.85	35.27	199.8	1600	0	101.2	20.1	0.568	1.0	-0.22	2.74	1.00	0.00	0.16	111115
162	"14:46:24"	9904.5	0	6.9	0.261	307	7.75	3.11	38.51	6	1.42	1	2.84	46.83	38.51	49.81	399.38	370.05	14.500	36.911	13.85	35.27	199.8	1600	0	101.2	20.1	0.568	1.0	-0.22	2.74	1.00	0.00	0.16	111115
163	"14:46:24"	9905.5	0	6.91	0.261	307	7.75	3.11	38.50	6	1.42	1	2.84	46.83	38.50	49.81	399.36	370.01	14.498	36.913	13.85	35.27	199.7	1600	0	101.2	20.1	0.568	1.0	-0.22	2.74	1.00	0.00	0.16	111115
164	"14:46:25"	9906.0	0	6.89	0.261	307	7.75	3.11	38.50	6	1.42	1	2.84	46.83	38.50	49.81	399.36	370.04	14.500	36.914	13.85	35.27	199.7	1600	0	101.2	20.1	0.568	1.0	-0.22	2.74	1.00	0.00	0.16	111115
165	"14:46:25"	9906.5	0	6.9	0.261	307	7.75	3.11	38.50	6	1.42	1	2.84	46.83	38.50	49.81	399.37	370.03	14.499	36.916	13.85	35.27	199.7	1600	0	101.2	20.1	0.568	1.0	-0.22	2.74	1.00	0.00	0.16	111115
