"OPEN 6.2.5"
"Wed Jan 19 2022 15:17:59"
<open><version>"6.2.5"</version></open>
<open><configfile>"/User/Configs/UserPrefs/2x3 LED.xml"</configfile></open>
<open><light><source>"6400-02 or -02B LED Source"</source><par_in>1<sensor>"SI-3989"<cal>-0.92<actinity>1.00</actinity><transm>1.00</transm></cal></sensor><transm>1</transm></par_in><par_out>1<sensor>"Q50937"<cal>6.45</cal></sensor></par_out></light></open>
<open><comps><file>"/User/Configs/Comps/StdComps_6.2"<header>""</header><extras></extras></file><energybal>no<f_parIn>1</f_parIn><f_parOut>0</f_parOut><alphaK>0.16</alphaK></energybal><bc_total>2.840<stomatal_ratio>1</stomatal_ratio><bc_oneside>1.420<type>2</type><table>"/Sys/Lib/StdBLCTable"</table><area>6</area><slope>-0.219565</slope><offset>2.73739</offset><fan>5</fan></bc_oneside></bc_total></comps></open>
<open><prompts><onlog>off</onlog><items>"Default (none)"</items></prompts></open>
<open><constants><oxygen>21 %</oxygen><bb_vapor>1.5</bb_vapor><bb_oxy>0.9</bb_oxy></constants></open>
<open><stability><items>"Std Stability"<items[1]><id>-2</id><size>15</size><pcv><onoff>0</onoff><value>1</value></pcv><std><onoff>0</onoff><value>1</value></std><slp><onoff>1</onoff><value>1</value></slp></items[1]><items[2]><id>-5</id><size>15</size><pcv><onoff>0</onoff><value>1</value></pcv><std><onoff>0</onoff><value>1</value></std><slp><onoff>1</onoff><value>1</value></slp></items[2]><items[3]><id>-7</id><size>15</size><pcv><onoff>0</onoff><value>1</value></pcv><std><onoff>0</onoff><value>1</value></std><slp><onoff>1</onoff><value>1</value></slp></items[3]></items></stability></open>
<open><log><format>"StdLogFmt_6.0"<items>{ -35 -21 -36 -76 30 23 36 21 25 221 -33 111 -34 11 -9 -10 -8 -1 -2 -4 -5 -14 -15 -7 -12 -13 -11 -65 -66 -72 -18 -19 -77 -78 -79 -23  }<hdr>{  }</hdr></items></format><options><beep>on</beep><hdr>normal</hdr><rem>normal</rem><stab>no</stab><stats>no<mean>no</mean><file>no</file><period>15</period></stats><excel>yes</excel><controls>yes</controls><comm>no</comm></options><datafile>"/User/jcg_gesp_lh"</datafile><button><action>"Normal Log"<code>" LogOneObsManual "</code></action></button><autoprog>"/User/Configs/AutoProgs/AutoLog2"<active>no</active></autoprog></log></open>
<open><a2d><avgtime>4.0 secs</avgtime><userchans><ch20>"Off"</ch20><ch21>"Off"</ch21><ch22>"Off"</ch22><ch23>"Off"</ch23></userchans></a2d></open>
<open><matching><type>0</type><disp>'a'</disp><settings><CO2Limit>10.0</CO2Limit><H2OLimit>1.0</H2OLimit><MaxAutoTime>60</MaxAutoTime></settings></matching></open>
<li6400><factory><unit>"PSC-4076"</unit><serviced>"31 Mar 2014"</serviced><fuseaware>0</fuseaware><co2mixer>yes</co2mixer><co2><coeffs>{ 0 0.215349 2.57678e-05 1.9763e-08 -3.21542e-12 3.03737e-16  }</coeffs><dvdt>-2.8</dvdt><xs>{ 0.0005 0.0003  }</xs></co2><h2o><coeffs>{ 0 0.00579256 2.19235e-06 9.06457e-12  }</coeffs><dvdt>-1</dvdt><xs>{ -0.0026 0.0003  }</xs></h2o><flow>{ 0 0.3607  }</flow><press>{ 88.32 0.00555  }</press></factory></li6400>
<li6400><user><flow_zero>-1560.7</flow_zero><irga_zero><co2>-312.6 -351.6<at>29.8235</at></co2><h2o>-156.6 77.4<at>31.0407</at></h2o></irga_zero><irga_span><co2>{ 0.988788 0.993555  }</co2><h2o>{ 0.996032 0.996401  }</h2o></irga_span><irga_match><co2>{ -1.32399 20.8262  }</co2><h2o>{ -0.104692 0.704289  }</h2o></irga_match><co2_mixer><pump_mv>4500</pump_mv><ppm>{ 2185.36 1052.7 419.509 255.894 118.056 69.8071 46.8351 46.4167  }</ppm><mv>{ 5000 3000 1500 1000 500 300 200 100  }</mv></co2_mixer><parin_offset>-0.0908794</parin_offset><led_cal><unit>"SI-3989"</unit><mv>{ 10 25 50 100 1000 2000 3000 4000 5000  }</mv><qntm>{ 5.41353 17.8999 38.6356 86.3019 941.421 1838.37 2690.41 3508.95 4284.65  }</qntm></led_cal><lcf_cal><unit>"unknown"</unit><red><mv>{ 50 100 500 1000 1500 5000  }</mv><qntm>{ 50 100 500 1000 2000 5000  }</qntm></red><blue><mv>{ 100 200 500 1000 2000 5000  }</mv><qntm>{ 10 20 50 100 200 500  }</qntm></blue></lcf_cal></user></li6400>
"15:18:01 "
$STARTOFDATA$
"Obs"	"HHMMSS"	"FTime"	"EBal?"	"Photo"	"Cond"	"Ci"	"Trmmol"	"VpdL"	"CTleaf"	"Area"	"BLC_1"	"StmRat"	"BLCond"	"Tair"	"Tleaf"	"TBlk"	"CO2R"	"CO2S"	"H2OR"	"H2OS"	"RH_R"	"RH_S"	"Flow"	"PARi"	"PARo"	"Press"	"CsMch"	"HsMch"	"StableF"	"BLCslope"	"BLCoffst"	"f_parin"	"f_parout"	"alphaK"	"Status"
"15:31:10 Coolers: Tblock -> 0.00 C"
"15:54:11 Flow: Fixed -> 200 umol/s"
1	"15:54:42"	2215.5	0	4.03	0.222	351	1.5	0.729	10.21	6	1.42	1	2.84	3.78	10.21	0.67	399.49	385.66	0.666	5.147	8.38	64.80	199.7	1601	1	101.2	18	0.59	1.0	-0.22	2.74	1.00	0.00	0.16	111115
2	"15:54:42"	2215.5	0	4.03	0.222	351	1.5	0.729	10.21	6	1.42	1	2.84	3.78	10.21	0.67	399.49	385.66	0.666	5.147	8.38	64.80	199.7	1601	1	101.2	18	0.59	1.0	-0.22	2.74	1.00	0.00	0.16	111115
3	"15:54:43"	2216.0	0	4	0.222	351	1.5	0.73	10.22	6	1.42	1	2.84	3.78	10.22	0.67	399.41	385.67	0.666	5.146	8.39	64.80	199.7	1601	1	101.2	18	0.59	1.0	-0.22	2.74	1.00	0.00	0.16	111115
4	"15:54:43"	2216.5	0	3.97	0.222	351	1.5	0.73	10.22	6	1.42	1	2.84	3.78	10.22	0.67	399.32	385.66	0.666	5.146	8.39	64.80	199.7	1601	1	101.2	18	0.59	1.0	-0.22	2.74	1.00	0.00	0.16	111115
5	"15:54:44"	2217.0	0	3.94	0.222	351	1.5	0.73	10.22	6	1.42	1	2.84	3.77	10.22	0.67	399.21	385.65	0.667	5.145	8.40	64.81	199.7	1601	1	101.2	18	0.59	1.0	-0.22	2.74	1.00	0.00	0.16	111115
6	"15:54:44"	2217.5	0	3.9	0.222	351	1.5	0.73	10.22	6	1.42	1	2.84	3.77	10.22	0.66	399.11	385.66	0.666	5.145	8.40	64.82	199.7	1601	1	101.2	18	0.59	1.0	-0.22	2.74	1.00	0.00	0.16	111115
7	"15:54:45"	2218.0	0	3.87	0.222	352	1.5	0.73	10.22	6	1.42	1	2.84	3.77	10.22	0.66	399.03	385.66	0.666	5.145	8.40	64.82	199.7	1601	1	101.2	18	0.59	1.0	-0.22	2.74	1.00	0.00	0.16	111115
8	"15:54:46"	2218.5	0	3.86	0.222	352	1.5	0.73	10.22	6	1.42	1	2.84	3.77	10.22	0.66	398.97	385.64	0.667	5.144	8.40	64.82	199.7	1601	1	101.2	18	0.59	1.0	-0.22	2.74	1.00	0.00	0.16	111115
9	"15:54:46"	2219.0	0	3.84	0.222	352	1.5	0.73	10.22	6	1.42	1	2.84	3.77	10.22	0.66	398.91	385.63	0.667	5.144	8.40	64.82	199.7	1601	2	101.2	18	0.59	1.0	-0.22	2.74	1.00	0.00	0.16	111115
10	"15:54:47"	2219.5	0	3.83	0.222	352	1.5	0.73	10.22	6	1.42	1	2.84	3.77	10.22	0.66	398.86	385.63	0.667	5.143	8.40	64.81	199.7	1601	2	101.2	18	0.59	1.0	-0.22	2.74	1.00	0.00	0.16	111115
11	"15:54:47"	2220.0	0	3.85	0.222	352	1.5	0.73	10.21	6	1.42	1	2.84	3.76	10.21	0.66	398.91	385.62	0.667	5.143	8.40	64.81	199.7	1601	2	101.2	18	0.59	1.0	-0.22	2.74	1.00	0.00	0.16	111115
12	"15:54:48"	2220.5	0	3.91	0.222	351	1.5	0.729	10.21	6	1.42	1	2.84	3.76	10.21	0.66	399.07	385.60	0.667	5.143	8.40	64.82	199.7	1601	2	101.2	18	0.59	1.0	-0.22	2.74	1.00	0.00	0.16	111115
13	"15:54:48"	2221.0	0	3.98	0.222	351	1.5	0.729	10.21	6	1.42	1	2.84	3.76	10.21	0.66	399.30	385.60	0.667	5.143	8.40	64.81	199.7	1601	2	101.2	18	0.59	1.0	-0.22	2.74	1.00	0.00	0.16	111115
14	"15:54:49"	2221.5	0	4.09	0.222	350	1.5	0.729	10.21	6	1.42	1	2.84	3.76	10.21	0.66	399.62	385.59	0.668	5.143	8.41	64.81	199.7	1601	2	101.2	18	0.59	1.0	-0.22	2.74	1.00	0.00	0.16	111115
15	"15:54:49"	2222.5	0	4.28	0.222	348	1.5	0.729	10.21	6	1.42	1	2.84	3.76	10.21	0.66	400.13	385.55	0.667	5.141	8.41	64.78	199.7	1601	2	101.2	18	0.59	1.0	-0.22	2.74	1.00	0.00	0.16	111115
"15:54:56 Coolers: Tblock -> 5.00 C"
"16:02:46 Flow: Fixed -> 200 umol/s"
16	"16:03:12"	2725.5	0	4.5	0.192	339	1.63	0.907	12.68	6	1.42	1	2.84	7.25	12.68	4.95	399.72	384.33	0.723	5.578	7.15	55.18	199.7	1600	2	101.2	18.2	0.596	1.0	-0.22	2.74	1.00	0.00	0.16	111115
17	"16:03:13"	2726.0	0	4.49	0.192	339	1.62	0.907	12.67	6	1.42	1	2.84	7.25	12.67	4.95	399.72	384.34	0.723	5.577	7.16	55.17	199.7	1600	2	101.2	18.2	0.596	1.0	-0.22	2.74	1.00	0.00	0.16	111115
18	"16:03:13"	2726.5	0	4.5	0.192	339	1.62	0.906	12.67	6	1.42	1	2.84	7.25	12.67	4.95	399.72	384.33	0.723	5.577	7.15	55.16	199.7	1600	2	101.2	18.2	0.596	1.0	-0.22	2.74	1.00	0.00	0.16	111115
19	"16:03:14"	2727.0	0	4.49	0.192	339	1.62	0.906	12.66	6	1.42	1	2.84	7.25	12.66	4.95	399.68	384.31	0.723	5.575	7.15	55.16	199.7	1600	2	101.2	18.2	0.596	1.0	-0.22	2.74	1.00	0.00	0.16	111115
20	"16:03:14"	2727.5	0	4.48	0.192	340	1.62	0.906	12.66	6	1.42	1	2.84	7.25	12.66	4.95	399.66	384.32	0.723	5.576	7.15	55.16	199.7	1600	2	101.2	18.2	0.596	1.0	-0.22	2.74	1.00	0.00	0.16	111115
21	"16:03:15"	2728.0	0	4.47	0.192	340	1.62	0.906	12.66	6	1.42	1	2.84	7.25	12.66	4.95	399.62	384.33	0.723	5.575	7.16	55.15	199.7	1600	2	101.2	18.2	0.596	1.0	-0.22	2.74	1.00	0.00	0.16	111115
22	"16:03:16"	2728.5	0	4.45	0.192	340	1.62	0.906	12.66	6	1.42	1	2.84	7.25	12.66	4.95	399.57	384.33	0.724	5.575	7.16	55.15	199.8	1600	2	101.2	18.2	0.596	1.0	-0.22	2.74	1.00	0.00	0.16	111115
23	"16:03:16"	2729.0	0	4.43	0.192	340	1.62	0.907	12.67	6	1.42	1	2.84	7.25	12.67	4.95	399.51	384.33	0.723	5.573	7.16	55.14	199.8	1600	2	101.2	18.2	0.596	1.0	-0.22	2.74	1.00	0.00	0.16	111115
24	"16:03:17"	2729.5	0	4.42	0.191	340	1.62	0.907	12.67	6	1.42	1	2.84	7.25	12.67	4.95	399.48	384.33	0.724	5.573	7.16	55.14	199.8	1600	2	101.2	18.2	0.596	1.0	-0.22	2.74	1.00	0.00	0.16	111115
25	"16:03:17"	2730.0	0	4.41	0.191	340	1.62	0.908	12.68	6	1.42	1	2.84	7.25	12.68	4.95	399.45	384.34	0.724	5.572	7.16	55.14	199.8	1600	2	101.2	18.2	0.596	1.0	-0.22	2.74	1.00	0.00	0.16	111115
26	"16:03:18"	2730.5	0	4.42	0.191	340	1.62	0.908	12.68	6	1.42	1	2.84	7.25	12.68	4.95	399.48	384.32	0.724	5.572	7.16	55.13	199.8	1600	2	101.2	18.2	0.596	1.0	-0.22	2.74	1.00	0.00	0.16	111115
27	"16:03:18"	2731.0	0	4.44	0.191	340	1.62	0.908	12.68	6	1.42	1	2.84	7.25	12.68	4.95	399.54	384.34	0.724	5.571	7.17	55.12	199.8	1600	2	101.2	18.2	0.596	1.0	-0.22	2.74	1.00	0.00	0.16	111115
28	"16:03:19"	2731.0	0	4.44	0.191	340	1.62	0.908	12.68	6	1.42	1	2.84	7.25	12.68	4.95	399.54	384.34	0.724	5.571	7.17	55.12	199.8	1600	2	101.2	18.2	0.596	1.0	-0.22	2.74	1.00	0.00	0.16	111115
29	"16:03:19"	2731.5	0	4.46	0.191	340	1.62	0.909	12.68	6	1.42	1	2.84	7.25	12.68	4.95	399.63	384.36	0.725	5.570	7.17	55.11	199.8	1600	2	101.2	18.2	0.596	1.0	-0.22	2.74	1.00	0.00	0.16	111115
30	"16:03:20"	2732.5	0	4.54	0.191	339	1.62	0.909	12.69	6	1.42	1	2.84	7.25	12.69	4.95	399.84	384.33	0.725	5.569	7.17	55.09	199.7	1600	2	101.2	18.2	0.596	1.0	-0.22	2.74	1.00	0.00	0.16	111115
"16:03:26 Coolers: Tblock -> 10.00 C"
"16:09:47 Flow: Fixed -> 200 umol/s"
31	"16:10:25"	3158.0	0	5.12	0.166	324	1.84	1.17	15.84	6	1.42	1	2.84	11.62	15.84	10.03	400.02	382.50	0.770	6.260	5.68	46.16	199.7	1600	2	101.2	18.4	0.623	1.0	-0.22	2.74	1.00	0.00	0.16	111115
32	"16:10:25"	3158.0	0	5.12	0.166	324	1.84	1.17	15.84	6	1.42	1	2.84	11.62	15.84	10.03	400.02	382.50	0.770	6.260	5.68	46.16	199.7	1600	2	101.2	18.4	0.623	1.0	-0.22	2.74	1.00	0.00	0.16	111115
33	"16:10:26"	3158.5	0	5.12	0.166	324	1.84	1.17	15.84	6	1.42	1	2.84	11.62	15.84	10.03	400.03	382.52	0.770	6.261	5.68	46.16	199.7	1600	2	101.2	18.4	0.623	1.0	-0.22	2.74	1.00	0.00	0.16	111115
34	"16:10:26"	3159.0	0	5.11	0.166	324	1.84	1.17	15.84	6	1.42	1	2.84	11.62	15.84	10.04	399.99	382.53	0.770	6.261	5.68	46.15	199.7	1600	1	101.2	18.4	0.623	1.0	-0.22	2.74	1.00	0.00	0.16	111115
35	"16:10:27"	3160.5	0	5.09	0.166	325	1.84	1.17	15.83	6	1.42	1	2.84	11.62	15.83	10.04	399.90	382.51	0.770	6.261	5.68	46.15	199.7	1600	2	101.2	18.4	0.623	1.0	-0.22	2.74	1.00	0.00	0.16	111115
36	"16:10:28"	3160.5	0	5.09	0.166	325	1.84	1.17	15.83	6	1.42	1	2.84	11.62	15.83	10.04	399.90	382.51	0.770	6.261	5.68	46.15	199.7	1600	2	101.2	18.4	0.623	1.0	-0.22	2.74	1.00	0.00	0.16	111115
37	"16:10:28"	3161.0	0	5.09	0.166	325	1.84	1.17	15.83	6	1.42	1	2.84	11.63	15.83	10.04	399.90	382.51	0.771	6.260	5.68	46.14	199.8	1600	2	101.2	18.4	0.623	1.0	-0.22	2.74	1.00	0.00	0.16	111115
38	"16:10:29"	3162.5	0	5.07	0.166	325	1.84	1.17	15.82	6	1.42	1	2.84	11.63	15.82	10.04	399.85	382.50	0.770	6.261	5.67	46.14	199.7	1600	2	101.2	18.4	0.623	1.0	-0.22	2.74	1.00	0.00	0.16	111115
39	"16:10:30"	3163.0	0	5.1	0.167	324	1.84	1.17	15.81	6	1.42	1	2.84	11.63	15.81	10.04	399.94	382.51	0.770	6.261	5.67	46.13	199.7	1600	2	101.2	18.4	0.623	1.0	-0.22	2.74	1.00	0.00	0.16	111115
40	"16:10:30"	3163.5	0	5.12	0.167	324	1.84	1.17	15.80	6	1.42	1	2.84	11.63	15.80	10.04	400.01	382.51	0.770	6.260	5.67	46.12	199.7	1600	2	101.2	18.4	0.623	1.0	-0.22	2.74	1.00	0.00	0.16	111115
41	"16:10:31"	3164.5	0	5.12	0.167	324	1.84	1.17	15.80	6	1.42	1	2.84	11.63	15.80	10.04	400.07	382.57	0.770	6.260	5.68	46.12	199.7	1600	2	101.2	18.4	0.623	1.0	-0.22	2.74	1.00	0.00	0.16	111115
42	"16:10:32"	3165.0	0	5.1	0.167	325	1.84	1.17	15.80	6	1.42	1	2.84	11.63	15.80	10.04	400.02	382.57	0.770	6.260	5.67	46.13	199.7	1600	2	101.2	18.4	0.623	1.0	-0.22	2.74	1.00	0.00	0.16	111115
43	"16:10:32"	3165.5	0	5.1	0.167	325	1.84	1.17	15.81	6	1.42	1	2.84	11.63	15.81	10.03	400.01	382.57	0.770	6.261	5.67	46.13	199.7	1600	2	101.2	18.4	0.623	1.0	-0.22	2.74	1.00	0.00	0.16	111115
44	"16:10:33"	3166.0	0	5.1	0.166	324	1.84	1.17	15.81	6	1.42	1	2.84	11.63	15.81	10.03	400.02	382.57	0.770	6.260	5.67	46.12	199.7	1600	2	101.2	18.4	0.623	1.0	-0.22	2.74	1.00	0.00	0.16	111115
45	"16:10:34"	3166.5	0	5.09	0.166	325	1.84	1.17	15.82	6	1.42	1	2.84	11.63	15.82	10.04	400.01	382.59	0.771	6.261	5.68	46.13	199.7	1600	1	101.2	18.4	0.623	1.0	-0.22	2.74	1.00	0.00	0.16	111115
"16:10:38 Coolers: Tblock -> 15.00 C"
"16:16:30 Flow: Fixed -> 200 umol/s"
46	"16:17:29"	3582.5	0	5.55	0.152	311	2.16	1.49	19.15	6	1.42	1	2.84	16.00	19.15	15.10	399.76	380.61	0.814	7.253	4.52	40.23	199.7	1600	2	101.2	18.6	0.65	1.0	-0.22	2.74	1.00	0.00	0.16	111115
47	"16:17:30"	3583.0	0	5.56	0.152	311	2.16	1.49	19.14	6	1.42	1	2.84	16.00	19.14	15.10	399.77	380.59	0.814	7.253	4.52	40.24	199.6	1600	2	101.2	18.6	0.65	1.0	-0.22	2.74	1.00	0.00	0.16	111115
48	"16:17:30"	3583.5	0	5.56	0.152	311	2.16	1.49	19.14	6	1.42	1	2.84	16.00	19.14	15.10	399.78	380.60	0.814	7.254	4.52	40.24	199.6	1600	2	101.2	18.6	0.65	1.0	-0.22	2.74	1.00	0.00	0.16	111115
49	"16:17:31"	3584.0	0	5.56	0.152	311	2.16	1.49	19.13	6	1.42	1	2.84	15.99	19.13	15.10	399.78	380.60	0.814	7.253	4.52	40.25	199.7	1600	2	101.2	18.6	0.65	1.0	-0.22	2.74	1.00	0.00	0.16	111115
50	"16:17:31"	3584.5	0	5.56	0.152	311	2.16	1.49	19.13	6	1.42	1	2.84	15.99	19.13	15.09	399.78	380.61	0.815	7.254	4.52	40.26	199.7	1600	2	101.2	18.6	0.65	1.0	-0.22	2.74	1.00	0.00	0.16	111115
51	"16:17:32"	3585.0	0	5.56	0.153	311	2.16	1.49	19.12	6	1.42	1	2.84	15.99	19.12	15.09	399.76	380.59	0.815	7.254	4.52	40.25	199.7	1600	2	101.2	18.6	0.65	1.0	-0.22	2.74	1.00	0.00	0.16	111115
52	"16:17:33"	3585.5	0	5.55	0.153	312	2.16	1.49	19.11	6	1.42	1	2.84	15.99	19.11	15.09	399.76	380.62	0.815	7.254	4.52	40.26	199.7	1600	2	101.2	18.6	0.65	1.0	-0.22	2.74	1.00	0.00	0.16	111115
53	"16:17:33"	3586.0	0	5.55	0.153	312	2.16	1.49	19.10	6	1.42	1	2.84	15.99	19.10	15.09	399.76	380.63	0.815	7.254	4.52	40.26	199.7	1600	2	101.2	18.6	0.65	1.0	-0.22	2.74	1.00	0.00	0.16	111115
54	"16:17:34"	3586.5	0	5.55	0.153	312	2.16	1.48	19.10	6	1.42	1	2.84	15.99	19.10	15.09	399.75	380.61	0.815	7.254	4.52	40.27	199.7	1600	2	101.2	18.6	0.65	1.0	-0.22	2.74	1.00	0.00	0.16	111115
55	"16:17:34"	3587.0	0	5.55	0.153	312	2.16	1.48	19.10	6	1.42	1	2.84	15.99	19.10	15.09	399.76	380.61	0.815	7.254	4.52	40.26	199.8	1600	2	101.2	18.6	0.65	1.0	-0.22	2.74	1.00	0.00	0.16	111115
56	"16:17:35"	3588.5	0	5.57	0.153	311	2.16	1.49	19.11	6	1.42	1	2.84	15.99	19.11	15.09	399.77	380.58	0.815	7.254	4.52	40.26	199.8	1600	2	101.2	18.6	0.65	1.0	-0.22	2.74	1.00	0.00	0.16	111115
57	"16:17:36"	3589.0	0	5.56	0.153	311	2.16	1.49	19.11	6	1.42	1	2.84	15.99	19.11	15.09	399.76	380.59	0.815	7.255	4.52	40.27	199.8	1600	2	101.2	18.6	0.65	1.0	-0.22	2.74	1.00	0.00	0.16	111115
58	"16:17:36"	3589.5	0	5.57	0.153	311	2.16	1.49	19.11	6	1.42	1	2.84	15.99	19.11	15.10	399.76	380.56	0.815	7.255	4.52	40.26	199.7	1600	2	101.2	18.6	0.65	1.0	-0.22	2.74	1.00	0.00	0.16	111115
59	"16:17:37"	3590.0	0	5.57	0.153	311	2.16	1.49	19.12	6	1.42	1	2.84	15.99	19.12	15.10	399.79	380.57	0.815	7.256	4.52	40.26	199.7	1600	2	101.2	18.6	0.65	1.0	-0.22	2.74	1.00	0.00	0.16	111115
60	"16:17:37"	3590.5	0	5.57	0.153	311	2.16	1.49	19.12	6	1.42	1	2.84	16.00	19.12	15.10	399.78	380.58	0.815	7.256	4.52	40.25	199.7	1600	2	101.2	18.6	0.65	1.0	-0.22	2.74	1.00	0.00	0.16	111115
"16:17:43 Coolers: Tblock -> 20.00 C"
"16:24:09 Flow: Fixed -> 200 umol/s"
61	"16:24:36"	4008.5	0	5.74	0.14	301	2.49	1.86	22.27	6	1.42	1	2.84	20.27	22.27	19.97	399.76	379.66	0.861	8.285	3.65	35.15	199.7	1600	1	101.2	19	0.686	1.0	-0.22	2.74	1.00	0.00	0.16	111115
62	"16:24:36"	4008.5	0	5.74	0.14	301	2.49	1.86	22.27	6	1.42	1	2.84	20.27	22.27	19.97	399.76	379.66	0.861	8.285	3.65	35.15	199.7	1600	1	101.2	19	0.686	1.0	-0.22	2.74	1.00	0.00	0.16	111115
63	"16:24:37"	4009.0	0	5.76	0.14	301	2.49	1.86	22.27	6	1.42	1	2.84	20.27	22.27	19.97	399.81	379.65	0.862	8.285	3.66	35.15	199.7	1600	1	101.2	19	0.686	1.0	-0.22	2.74	1.00	0.00	0.16	111115
64	"16:24:37"	4009.5	0	5.77	0.14	301	2.49	1.86	22.27	6	1.42	1	2.84	20.27	22.27	19.97	399.85	379.65	0.861	8.285	3.65	35.15	199.7	1599	1	101.2	19	0.686	1.0	-0.22	2.74	1.00	0.00	0.16	111115
65	"16:24:38"	4010.0	0	5.77	0.14	301	2.49	1.86	22.27	6	1.42	1	2.84	20.27	22.27	19.97	399.83	379.66	0.862	8.286	3.66	35.15	199.7	1600	1	101.2	19	0.686	1.0	-0.22	2.74	1.00	0.00	0.16	111115
66	"16:24:38"	4011.0	0	5.73	0.14	301	2.49	1.86	22.27	6	1.42	1	2.84	20.27	22.27	19.97	399.74	379.67	0.863	8.286	3.66	35.15	199.7	1600	1	101.2	19	0.686	1.0	-0.22	2.74	1.00	0.00	0.16	111115
67	"16:24:39"	4011.5	0	5.74	0.14	301	2.49	1.86	22.27	6	1.42	1	2.84	20.27	22.27	19.97	399.77	379.69	0.862	8.287	3.66	35.15	199.7	1600	1	101.2	19	0.686	1.0	-0.22	2.74	1.00	0.00	0.16	111115
68	"16:24:39"	4012.0	0	5.74	0.14	301	2.49	1.86	22.27	6	1.42	1	2.84	20.27	22.27	19.97	399.80	379.70	0.862	8.287	3.66	35.15	199.8	1600	1	101.2	19	0.686	1.0	-0.22	2.74	1.00	0.00	0.16	111115
69	"16:24:40"	4012.5	0	5.76	0.14	301	2.49	1.86	22.27	6	1.42	1	2.84	20.27	22.27	19.97	399.84	379.71	0.862	8.287	3.66	35.15	199.8	1600	1	101.2	19	0.686	1.0	-0.22	2.74	1.00	0.00	0.16	111115
70	"16:24:40"	4013.0	0	5.77	0.14	301	2.49	1.86	22.26	6	1.42	1	2.84	20.27	22.26	19.97	399.87	379.72	0.862	8.287	3.65	35.15	199.8	1600	1	101.2	19	0.686	1.0	-0.22	2.74	1.00	0.00	0.16	111115
71	"16:24:41"	4013.5	0	5.77	0.14	301	2.49	1.86	22.26	6	1.42	1	2.84	20.27	22.26	19.97	399.92	379.75	0.862	8.288	3.66	35.15	199.8	1600	1	101.2	19	0.686	1.0	-0.22	2.74	1.00	0.00	0.16	111115
72	"16:24:41"	4014.0	0	5.78	0.14	301	2.49	1.86	22.26	6	1.42	1	2.84	20.27	22.26	19.97	399.93	379.73	0.862	8.288	3.65	35.15	199.8	1600	1	101.2	19	0.686	1.0	-0.22	2.74	1.00	0.00	0.16	111115
73	"16:24:42"	4015.0	0	5.79	0.14	301	2.49	1.86	22.26	6	1.42	1	2.84	20.27	22.26	19.97	399.96	379.73	0.862	8.288	3.66	35.14	199.8	1600	1	101.2	19	0.686	1.0	-0.22	2.74	1.00	0.00	0.16	111115
74	"16:24:43"	4015.5	0	5.8	0.14	301	2.49	1.86	22.26	6	1.42	1	2.84	20.28	22.26	19.97	399.99	379.72	0.863	8.287	3.66	35.14	199.8	1599	1	101.2	19	0.686	1.0	-0.22	2.74	1.00	0.00	0.16	111115
75	"16:24:44"	4016.5	0	5.79	0.14	301	2.49	1.86	22.26	6	1.42	1	2.84	20.27	22.26	19.97	399.95	379.71	0.863	8.287	3.66	35.14	199.8	1600	2	101.2	19	0.686	1.0	-0.22	2.74	1.00	0.00	0.16	111115
"16:24:49 Coolers: Tblock -> 25.00 C"
"16:31:05 Flow: Fixed -> 200 umol/s"
76	"16:31:35"	4428.0	0	5.7	0.122	290	2.59	2.19	25.57	6	1.42	1	2.84	24.70	25.57	25.04	399.78	379.71	3.196	10.880	10.35	35.24	199.7	1599	1	101.2	19.1	0.74	0.7	-0.22	2.74	1.00	0.00	0.16	111115
77	"16:31:35"	4428.5	0	5.69	0.122	291	2.59	2.19	25.57	6	1.42	1	2.84	24.70	25.57	25.04	399.77	379.74	3.196	10.881	10.35	35.25	199.7	1599	1	101.2	19.1	0.74	0.7	-0.22	2.74	1.00	0.00	0.16	111115
78	"16:31:36"	4429.5	0	5.62	0.122	292	2.59	2.19	25.58	6	1.42	1	2.84	24.71	25.58	25.04	399.62	379.79	3.197	10.880	10.35	35.24	199.7	1599	1	101.2	19.1	0.74	1.0	-0.22	2.74	1.00	0.00	0.16	111115
79	"16:31:36"	4430.0	0	5.61	0.122	292	2.59	2.19	25.58	6	1.42	1	2.84	24.71	25.58	25.04	399.59	379.80	3.196	10.880	10.35	35.24	199.7	1599	1	101.2	19.1	0.74	1.0	-0.22	2.74	1.00	0.00	0.16	111115
80	"16:31:37"	4430.5	0	5.61	0.122	292	2.59	2.19	25.58	6	1.42	1	2.84	24.71	25.58	25.04	399.62	379.81	3.196	10.880	10.35	35.24	199.7	1599	1	101.2	19.1	0.74	1.0	-0.22	2.74	1.00	0.00	0.16	111115
81	"16:31:38"	4431.5	0	5.64	0.122	291	2.59	2.19	25.58	6	1.42	1	2.84	24.71	25.58	25.04	399.70	379.81	3.196	10.880	10.35	35.24	199.7	1599	1	101.2	19.1	0.74	1.0	-0.22	2.74	1.00	0.00	0.16	111115
82	"16:31:38"	4432.0	0	5.65	0.122	291	2.59	2.19	25.58	6	1.42	1	2.84	24.71	25.58	25.04	399.76	379.82	3.196	10.880	10.35	35.24	199.7	1599	1	101.2	19.1	0.74	1.0	-0.22	2.74	1.00	0.00	0.16	111115
83	"16:31:39"	4432.5	0	5.69	0.122	291	2.58	2.19	25.58	6	1.42	1	2.84	24.71	25.58	25.04	399.85	379.79	3.196	10.879	10.35	35.24	199.7	1599	1	101.2	19.1	0.74	1.0	-0.22	2.74	1.00	0.00	0.16	111115
84	"16:31:39"	4433.0	0	5.72	0.122	290	2.59	2.19	25.58	6	1.42	1	2.84	24.71	25.58	25.04	399.92	379.78	3.196	10.879	10.35	35.24	199.7	1599	1	101.2	19.1	0.74	1.0	-0.22	2.74	1.00	0.00	0.16	111115
85	"16:31:40"	4433.5	0	5.73	0.122	290	2.59	2.19	25.58	6	1.42	1	2.84	24.71	25.58	25.04	399.91	379.76	3.195	10.879	10.35	35.24	199.7	1599	1	101.2	19.1	0.74	1.0	-0.22	2.74	1.00	0.00	0.16	111115
86	"16:31:41"	4434.0	0	5.69	0.122	291	2.59	2.19	25.58	6	1.42	1	2.84	24.71	25.58	25.04	399.80	379.75	3.195	10.879	10.35	35.24	199.7	1599	1	101.2	19.1	0.74	1.0	-0.22	2.74	1.00	0.00	0.16	111115
87	"16:31:41"	4435.0	0	5.57	0.122	292	2.59	2.19	25.59	6	1.42	1	2.84	24.71	25.59	25.04	399.42	379.73	3.195	10.879	10.35	35.24	199.7	1599	1	101.2	19.1	0.74	1.0	-0.22	2.74	1.00	0.00	0.16	111115
88	"16:31:42"	4435.5	0	5.52	0.122	293	2.59	2.19	25.59	6	1.42	1	2.84	24.71	25.59	25.04	399.24	379.71	3.195	10.878	10.35	35.24	199.7	1599	1	101.2	19.1	0.74	1.0	-0.22	2.74	1.00	0.00	0.16	111115
89	"16:31:42"	4436.0	0	5.45	0.122	294	2.59	2.19	25.59	6	1.42	1	2.84	24.71	25.59	25.04	399.04	379.72	3.194	10.879	10.35	35.24	199.7	1599	1	101.2	19.1	0.74	1.0	-0.22	2.74	1.00	0.00	0.16	111115
90	"16:31:43"	4436.5	0	5.38	0.122	295	2.59	2.19	25.59	6	1.42	1	2.84	24.71	25.59	25.04	398.82	379.72	3.194	10.879	10.35	35.24	199.7	1599	1	101.2	19.1	0.74	1.0	-0.22	2.74	1.00	0.00	0.16	111115
"16:31:49 Coolers: Tblock -> 30.00 C"
"16:40:32 Flow: Fixed -> 200 umol/s"
91	"16:40:53"	4986.5	0	5.3	0.102	281	2.63	2.63	29.10	6	1.42	1	2.84	29.23	29.10	30.12	399.63	380.70	6.241	14.031	15.50	34.84	199.7	1600	0	101.2	19.4	0.793	1.0	-0.22	2.74	1.00	0.00	0.16	111115
92	"16:40:53"	4986.5	0	5.3	0.102	281	2.63	2.63	29.10	6	1.42	1	2.84	29.23	29.10	30.12	399.63	380.70	6.241	14.031	15.50	34.84	199.7	1600	0	101.2	19.4	0.793	1.0	-0.22	2.74	1.00	0.00	0.16	111115
93	"16:40:54"	4987.0	0	5.3	0.102	281	2.63	2.63	29.11	6	1.42	1	2.84	29.23	29.11	30.12	399.63	380.71	6.241	14.031	15.49	34.84	199.7	1600	0	101.2	19.4	0.793	1.0	-0.22	2.74	1.00	0.00	0.16	111115
94	"16:40:54"	4987.5	0	5.28	0.102	281	2.63	2.63	29.11	6	1.42	1	2.84	29.23	29.11	30.12	399.58	380.70	6.240	14.030	15.49	34.83	199.7	1600	0	101.2	19.4	0.793	1.0	-0.22	2.74	1.00	0.00	0.16	111115
95	"16:40:55"	4988.0	0	5.28	0.102	281	2.63	2.63	29.11	6	1.42	1	2.84	29.23	29.11	30.12	399.60	380.71	6.240	14.028	15.49	34.83	199.7	1600	0	101.2	19.4	0.793	1.0	-0.22	2.74	1.00	0.00	0.16	111115
96	"16:40:55"	4988.5	0	5.28	0.102	281	2.63	2.63	29.11	6	1.42	1	2.84	29.23	29.11	30.12	399.59	380.71	6.240	14.028	15.49	34.83	199.7	1600	0	101.2	19.4	0.793	1.0	-0.22	2.74	1.00	0.00	0.16	111115
97	"16:40:56"	4989.5	0	5.27	0.102	281	2.63	2.63	29.11	6	1.42	1	2.84	29.23	29.11	30.12	399.58	380.73	6.241	14.030	15.49	34.83	199.7	1600	0	101.2	19.4	0.793	1.0	-0.22	2.74	1.00	0.00	0.16	111115
98	"16:40:56"	4989.5	0	5.27	0.102	281	2.63	2.63	29.11	6	1.42	1	2.84	29.23	29.11	30.12	399.58	380.73	6.241	14.030	15.49	34.83	199.7	1600	0	101.2	19.4	0.793	1.0	-0.22	2.74	1.00	0.00	0.16	111115
99	"16:40:57"	4990.0	0	5.29	0.102	281	2.63	2.63	29.11	6	1.42	1	2.84	29.23	29.11	30.12	399.63	380.73	6.242	14.030	15.50	34.83	199.7	1600	0	101.2	19.4	0.793	1.0	-0.22	2.74	1.00	0.00	0.16	111115
100	"16:40:58"	4991.5	0	5.28	0.102	281	2.63	2.63	29.10	6	1.42	1	2.84	29.23	29.10	30.12	399.64	380.76	6.244	14.028	15.50	34.82	199.7	1600	0	101.2	19.4	0.793	1.0	-0.22	2.74	1.00	0.00	0.16	111115
101	"16:40:58"	4991.5	0	5.28	0.102	281	2.63	2.63	29.10	6	1.42	1	2.84	29.23	29.10	30.12	399.64	380.76	6.244	14.028	15.50	34.82	199.7	1600	0	101.2	19.4	0.793	1.0	-0.22	2.74	1.00	0.00	0.16	111115
102	"16:40:59"	4992.0	0	5.28	0.102	281	2.63	2.63	29.10	6	1.42	1	2.84	29.23	29.10	30.12	399.63	380.76	6.244	14.030	15.50	34.83	199.7	1600	0	101.2	19.4	0.793	1.0	-0.22	2.74	1.00	0.00	0.16	111115
103	"16:41:00"	4993.0	0	5.3	0.102	281	2.63	2.63	29.10	6	1.42	1	2.84	29.23	29.10	30.12	399.63	380.71	6.244	14.027	15.50	34.82	199.7	1600	1	101.2	19.4	0.793	1.0	-0.22	2.74	1.00	0.00	0.16	111115
104	"16:41:01"	4994.0	0	5.28	0.102	281	2.63	2.63	29.10	6	1.42	1	2.84	29.23	29.10	30.11	399.58	380.71	6.244	14.026	15.50	34.82	199.7	1600	1	101.2	19.4	0.793	1.0	-0.22	2.74	1.00	0.00	0.16	111115
105	"16:41:01"	4994.5	0	5.28	0.102	281	2.63	2.63	29.10	6	1.42	1	2.84	29.23	29.10	30.12	399.56	380.71	6.244	14.025	15.50	34.82	199.7	1600	1	101.2	19.4	0.793	1.0	-0.22	2.74	1.00	0.00	0.16	111115
"16:41:08 Coolers: Tblock -> 35.00 C"
"16:48:00 Flow: Fixed -> 200 umol/s"
106	"16:48:12"	5425.0	0	4.75	0.0922	281	2.82	3.09	32.36	6	1.42	1	2.84	33.58	32.36	34.97	400.41	382.89	9.344	17.658	18.12	34.24	199.6	1599	0	101.2	19.9	0.822	1.0	-0.22	2.74	1.00	0.00	0.16	111115
107	"16:48:12"	5425.0	0	4.75	0.0922	281	2.82	3.09	32.36	6	1.42	1	2.84	33.58	32.36	34.97	400.41	382.89	9.344	17.658	18.12	34.24	199.6	1599	0	101.2	19.9	0.822	1.0	-0.22	2.74	1.00	0.00	0.16	111115
108	"16:48:13"	5425.5	0	4.74	0.0923	282	2.82	3.08	32.36	6	1.42	1	2.84	33.58	32.36	34.97	400.40	382.90	9.344	17.658	18.12	34.24	199.7	1599	0	101.2	19.9	0.822	1.0	-0.22	2.74	1.00	0.00	0.16	111115
109	"16:48:13"	5426.0	0	4.73	0.0922	282	2.82	3.08	32.35	6	1.42	1	2.84	33.58	32.35	34.97	400.36	382.89	9.344	17.657	18.12	34.24	199.6	1599	0	101.2	19.9	0.822	1.0	-0.22	2.74	1.00	0.00	0.16	111115
110	"16:48:14"	5426.5	0	4.71	0.0923	282	2.82	3.08	32.35	6	1.42	1	2.84	33.58	32.35	34.97	400.33	382.93	9.344	17.658	18.12	34.24	199.6	1599	0	101.2	19.9	0.822	1.0	-0.22	2.74	1.00	0.00	0.16	111115
111	"16:48:14"	5427.0	0	4.72	0.0923	282	2.82	3.08	32.35	6	1.42	1	2.84	33.58	32.35	34.97	400.34	382.90	9.343	17.657	18.12	34.24	199.6	1599	0	101.2	19.9	0.822	1.0	-0.22	2.74	1.00	0.00	0.16	111115
112	"16:48:15"	5427.5	0	4.71	0.0923	282	2.82	3.08	32.35	6	1.42	1	2.84	33.58	32.35	34.97	400.33	382.94	9.344	17.657	18.12	34.24	199.6	1599	0	101.2	19.9	0.822	1.0	-0.22	2.74	1.00	0.00	0.16	111115
113	"16:48:16"	5429.0	0	4.74	0.0923	282	2.82	3.08	32.35	6	1.42	1	2.84	33.58	32.35	34.97	400.45	382.95	9.344	17.655	18.12	34.23	199.6	1599	0	101.2	19.9	0.822	1.0	-0.22	2.74	1.00	0.00	0.16	111115
114	"16:48:17"	5429.0	0	4.74	0.0923	282	2.82	3.08	32.35	6	1.42	1	2.84	33.58	32.35	34.97	400.45	382.95	9.344	17.655	18.12	34.23	199.6	1599	0	101.2	19.9	0.822	1.0	-0.22	2.74	1.00	0.00	0.16	111115
115	"16:48:17"	5430.0	0	4.76	0.0922	281	2.81	3.08	32.35	6	1.42	1	2.84	33.58	32.35	34.98	400.52	382.96	9.344	17.654	18.12	34.23	199.6	1599	0	101.2	19.9	0.822	1.0	-0.22	2.74	1.00	0.00	0.16	111115
116	"16:48:18"	5431.0	0	4.8	0.0922	281	2.81	3.08	32.35	6	1.42	1	2.84	33.58	32.35	34.98	400.62	382.96	9.345	17.653	18.12	34.22	199.6	1599	0	101.2	19.9	0.822	1.0	-0.22	2.74	1.00	0.00	0.16	111115
117	"16:48:19"	5432.0	0	4.81	0.0921	280	2.81	3.08	32.35	6	1.42	1	2.84	33.58	32.35	34.98	400.65	382.96	9.346	17.651	18.12	34.22	199.6	1599	0	101.2	19.9	0.822	1.0	-0.22	2.74	1.00	0.00	0.16	111115
118	"16:48:20"	5432.5	0	4.8	0.0922	281	2.81	3.08	32.35	6	1.42	1	2.84	33.58	32.35	34.98	400.63	382.98	9.346	17.651	18.12	34.22	199.6	1599	0	101.2	19.9	0.822	1.0	-0.22	2.74	1.00	0.00	0.16	111115
119	"16:48:20"	5433.0	0	4.78	0.0922	281	2.81	3.08	32.35	6	1.42	1	2.84	33.58	32.35	34.98	400.58	382.98	9.346	17.650	18.12	34.22	199.7	1599	0	101.2	19.9	0.822	1.0	-0.22	2.74	1.00	0.00	0.16	111115
120	"16:48:21"	5434.0	0	4.77	0.0921	281	2.81	3.09	32.36	6	1.42	1	2.84	33.58	32.36	34.98	400.56	382.99	9.347	17.650	18.12	34.22	199.7	1599	0	101.2	19.9	0.822	1.0	-0.22	2.74	1.00	0.00	0.16	111115
"16:48:27 Coolers: Tblock -> 40.00 C"
"16:55:43 Flow: Fixed -> 200 umol/s"
121	"16:55:54"	5887.0	0	3.95	0.0842	286	3.18	3.78	35.47	6	1.42	1	2.84	38.07	35.47	40.06	399.28	383.74	10.552	19.913	15.99	30.17	199.7	1600	0	101.2	19.9	0.822	0.7	-0.22	2.74	1.00	0.00	0.16	111115
122	"16:55:55"	5887.5	0	3.95	0.0841	286	3.18	3.78	35.48	6	1.42	1	2.84	38.07	35.48	40.06	399.29	383.76	10.553	19.911	15.99	30.16	199.6	1600	0	101.2	19.9	0.822	0.7	-0.22	2.74	1.00	0.00	0.16	111115
123	"16:55:55"	5888.0	0	3.97	0.0841	286	3.18	3.78	35.48	6	1.42	1	2.84	38.07	35.48	40.06	399.32	383.74	10.553	19.910	15.99	30.16	199.7	1600	0	101.2	19.9	0.822	0.7	-0.22	2.74	1.00	0.00	0.16	111115
124	"16:55:56"	5888.5	0	4.01	0.0841	285	3.18	3.78	35.48	6	1.42	1	2.84	38.07	35.48	40.06	399.38	383.66	10.554	19.910	15.99	30.16	199.7	1600	0	101.2	19.9	0.822	0.7	-0.22	2.74	1.00	0.00	0.16	111115
125	"16:55:56"	5889.0	0	4.05	0.0841	284	3.18	3.78	35.48	6	1.42	1	2.84	38.07	35.48	40.06	399.46	383.63	10.554	19.910	15.99	30.16	199.7	1600	0	101.2	19.9	0.822	0.7	-0.22	2.74	1.00	0.00	0.16	111115
126	"16:55:57"	5890.0	0	4.05	0.0841	284	3.18	3.79	35.48	6	1.42	1	2.84	38.07	35.48	40.06	399.47	383.64	10.554	19.909	15.99	30.16	199.6	1600	0	101.2	19.9	0.822	0.7	-0.22	2.74	1.00	0.00	0.16	111115
127	"16:55:58"	5890.5	0	4.05	0.084	284	3.17	3.78	35.48	6	1.42	1	2.84	38.07	35.48	40.06	399.48	383.64	10.556	19.907	15.99	30.15	199.6	1600	0	101.2	19.9	0.822	0.7	-0.22	2.74	1.00	0.00	0.16	111115
128	"16:55:58"	5891.0	0	4.06	0.084	284	3.17	3.78	35.48	6	1.42	1	2.84	38.07	35.48	40.06	399.49	383.63	10.555	19.905	15.99	30.15	199.6	1600	0	101.2	19.9	0.822	0.7	-0.22	2.74	1.00	0.00	0.16	111115
129	"16:55:58"	5891.0	0	4.06	0.084	284	3.17	3.78	35.48	6	1.42	1	2.84	38.07	35.48	40.06	399.49	383.63	10.555	19.905	15.99	30.15	199.6	1600	0	101.2	19.9	0.822	0.7	-0.22	2.74	1.00	0.00	0.16	111115
130	"16:55:59"	5892.0	0	4.05	0.084	284	3.17	3.79	35.48	6	1.42	1	2.84	38.07	35.48	40.06	399.50	383.65	10.555	19.903	15.99	30.15	199.6	1600	0	101.2	19.9	0.822	0.7	-0.22	2.74	1.00	0.00	0.16	111115
131	"16:56:02"	5894.5	0	4.06	0.0837	283	3.17	3.79	35.51	6	1.42	1	2.84	38.07	35.51	40.06	399.56	383.70	10.554	19.897	15.98	30.13	199.6	1600	0	101.2	19.9	0.822	0.7	-0.22	2.74	1.00	0.00	0.16	111115
132	"16:56:02"	5895.0	0	4.02	0.0837	284	3.17	3.8	35.51	6	1.42	1	2.84	38.07	35.51	40.06	399.51	383.76	10.554	19.898	15.98	30.13	199.6	1600	0	101.2	19.9	0.822	1.0	-0.22	2.74	1.00	0.00	0.16	111115
133	"16:56:04"	5896.5	0	4.04	0.0835	284	3.17	3.8	35.53	6	1.42	1	2.84	38.07	35.53	40.06	399.52	383.71	10.554	19.899	15.98	30.13	199.6	1600	0	101.2	19.9	0.822	1.0	-0.22	2.74	1.00	0.00	0.16	111115
134	"16:56:04"	5897.0	0	4.04	0.0835	284	3.17	3.8	35.54	6	1.42	1	2.84	38.08	35.54	40.06	399.49	383.69	10.554	19.898	15.98	30.13	199.6	1600	0	101.2	19.9	0.822	1.0	-0.22	2.74	1.00	0.00	0.16	111115
135	"16:56:05"	5897.0	0	4.04	0.0835	284	3.17	3.8	35.54	6	1.42	1	2.84	38.08	35.54	40.06	399.49	383.69	10.554	19.898	15.98	30.13	199.6	1600	0	101.2	19.9	0.822	1.0	-0.22	2.74	1.00	0.00	0.16	111115
"16:56:12 Coolers: Tblock -> 45.00 C"
"17:02:53 Flow: Fixed -> 200 umol/s"
136	"17:04:29"	6402.5	0	2.76	0.0766	302	3.61	4.68	38.47	6	1.42	1	2.84	42.60	38.47	45.13	400.38	387.87	10.597	21.218	12.61	25.24	199.6	1599	0	101.2	20.6	0.794	1.0	-0.22	2.74	1.00	0.00	0.16	111115
137	"17:04:29"	6403.0	0	2.76	0.0766	302	3.61	4.68	38.48	6	1.42	1	2.84	42.60	38.48	45.13	400.38	387.88	10.598	21.218	12.61	25.24	199.6	1599	0	101.2	20.6	0.794	1.0	-0.22	2.74	1.00	0.00	0.16	111115
138	"17:04:30"	6403.5	0	2.75	0.0766	302	3.61	4.68	38.47	6	1.42	1	2.84	42.60	38.47	45.13	400.36	387.87	10.598	21.217	12.61	25.24	199.6	1599	0	101.2	20.6	0.794	1.0	-0.22	2.74	1.00	0.00	0.16	111115
139	"17:04:31"	6404.5	0	2.77	0.0765	302	3.61	4.68	38.47	6	1.42	1	2.84	42.60	38.47	45.13	400.37	387.83	10.599	21.215	12.61	25.24	199.6	1599	0	101.2	20.6	0.794	1.0	-0.22	2.74	1.00	0.00	0.16	111115
140	"17:04:31"	6405.0	0	2.77	0.0765	302	3.61	4.68	38.47	6	1.42	1	2.84	42.60	38.47	45.13	400.38	387.85	10.599	21.215	12.61	25.24	199.6	1599	0	101.2	20.6	0.794	1.0	-0.22	2.74	1.00	0.00	0.16	111115
141	"17:04:32"	6405.5	0	2.77	0.0765	302	3.61	4.68	38.47	6	1.42	1	2.84	42.60	38.47	45.13	400.38	387.84	10.599	21.214	12.61	25.24	199.6	1599	0	101.2	20.6	0.794	1.0	-0.22	2.74	1.00	0.00	0.16	111115
142	"17:04:33"	6406.5	0	2.77	0.0766	302	3.61	4.68	38.47	6	1.42	1	2.84	42.60	38.47	45.13	400.38	387.86	10.599	21.215	12.61	25.24	199.7	1599	0	101.2	20.6	0.794	1.0	-0.22	2.74	1.00	0.00	0.16	111115
143	"17:04:33"	6407.0	0	2.77	0.0766	302	3.61	4.68	38.47	6	1.42	1	2.84	42.60	38.47	45.13	400.40	387.87	10.598	21.212	12.61	25.24	199.7	1599	0	101.2	20.6	0.794	1.0	-0.22	2.74	1.00	0.00	0.16	111115
144	"17:04:34"	6408.0	0	2.77	0.0765	302	3.61	4.68	38.47	6	1.42	1	2.84	42.60	38.47	45.13	400.41	387.89	10.597	21.211	12.61	25.23	199.7	1599	0	101.2	20.6	0.794	1.0	-0.22	2.74	1.00	0.00	0.16	111115
145	"17:04:35"	6408.5	0	2.77	0.0765	302	3.61	4.68	38.47	6	1.42	1	2.84	42.60	38.47	45.13	400.43	387.90	10.598	21.210	12.61	25.23	199.7	1599	0	101.2	20.6	0.794	1.0	-0.22	2.74	1.00	0.00	0.16	111115
146	"17:04:35"	6409.0	0	2.77	0.0765	302	3.61	4.68	38.48	6	1.42	1	2.84	42.60	38.48	45.13	400.44	387.92	10.598	21.209	12.61	25.23	199.7	1599	0	101.2	20.6	0.794	1.0	-0.22	2.74	1.00	0.00	0.16	111115
147	"17:04:36"	6409.5	0	2.78	0.0765	302	3.61	4.69	38.48	6	1.42	1	2.84	42.60	38.48	45.13	400.46	387.91	10.600	21.209	12.61	25.23	199.7	1599	0	101.2	20.6	0.794	1.0	-0.22	2.74	1.00	0.00	0.16	111115
148	"17:04:37"	6410.5	0	2.79	0.0764	302	3.61	4.69	38.48	6	1.42	1	2.84	42.60	38.48	45.13	400.48	387.90	10.599	21.206	12.61	25.23	199.7	1599	0	101.2	20.6	0.794	1.0	-0.22	2.74	1.00	0.00	0.16	111115
149	"17:04:37"	6411.0	0	2.79	0.0764	301	3.61	4.69	38.48	6	1.42	1	2.84	42.60	38.48	45.13	400.49	387.89	10.601	21.206	12.61	25.22	199.7	1599	0	101.2	20.6	0.794	1.0	-0.22	2.74	1.00	0.00	0.16	111115
150	"17:04:38"	6411.5	0	2.79	0.0764	301	3.61	4.69	38.48	6	1.42	1	2.84	42.60	38.48	45.13	400.50	387.90	10.601	21.205	12.61	25.22	199.7	1599	0	101.2	20.6	0.794	1.0	-0.22	2.74	1.00	0.00	0.16	111115
"17:04:45 Coolers: Tblock -> 50.00 C"
"17:11:18 Flow: Fixed -> 200 umol/s"
151	"17:12:32"	6885.0	0	1.84	0.0746	317	4.12	5.45	40.80	6	1.42	1	2.84	46.74	40.80	49.81	399.73	389.38	10.554	22.643	10.13	21.74	199.7	1599	0	101.2	21.3	0.77	1.0	-0.22	2.74	1.00	0.00	0.16	111115
152	"17:12:32"	6885.5	0	1.84	0.0746	317	4.12	5.45	40.80	6	1.42	1	2.84	46.74	40.80	49.81	399.75	389.39	10.554	22.643	10.14	21.74	199.7	1599	0	101.2	21.3	0.77	1.0	-0.22	2.74	1.00	0.00	0.16	111115
153	"17:12:33"	6886.0	0	1.85	0.0746	317	4.12	5.45	40.80	6	1.42	1	2.84	46.74	40.80	49.81	399.77	389.40	10.555	22.643	10.14	21.74	199.7	1599	0	101.2	21.3	0.77	1.0	-0.22	2.74	1.00	0.00	0.16	111115
154	"17:12:34"	6887.0	0	1.85	0.0746	317	4.11	5.44	40.80	6	1.42	1	2.84	46.74	40.80	49.81	399.77	389.39	10.556	22.641	10.14	21.74	199.7	1599	0	101.2	21.3	0.77	1.0	-0.22	2.74	1.00	0.00	0.16	111115
155	"17:12:34"	6887.5	0	1.84	0.0746	317	4.11	5.44	40.79	6	1.42	1	2.84	46.74	40.79	49.81	399.77	389.44	10.556	22.640	10.14	21.74	199.7	1599	0	101.2	21.3	0.77	1.0	-0.22	2.74	1.00	0.00	0.16	111115
156	"17:12:35"	6888.0	0	1.83	0.0746	317	4.11	5.44	40.79	6	1.42	1	2.84	46.74	40.79	49.81	399.76	389.44	10.557	22.639	10.14	21.74	199.7	1599	0	101.2	21.3	0.77	1.0	-0.22	2.74	1.00	0.00	0.16	111115
157	"17:12:35"	6888.5	0	1.84	0.0747	317	4.12	5.44	40.79	6	1.42	1	2.84	46.74	40.79	49.81	399.77	389.43	10.557	22.639	10.14	21.74	199.7	1599	0	101.2	21.3	0.77	1.0	-0.22	2.74	1.00	0.00	0.16	111115
158	"17:12:36"	6889.0	0	1.85	0.0747	317	4.11	5.44	40.79	6	1.42	1	2.84	46.74	40.79	49.81	399.79	389.42	10.557	22.639	10.14	21.74	199.7	1599	0	101.2	21.3	0.77	1.0	-0.22	2.74	1.00	0.00	0.16	111115
159	"17:12:36"	6889.5	0	1.84	0.0747	317	4.11	5.44	40.79	6	1.42	1	2.84	46.74	40.79	49.81	399.76	389.42	10.557	22.638	10.14	21.74	199.7	1599	0	101.2	21.3	0.77	1.0	-0.22	2.74	1.00	0.00	0.16	111115
160	"17:12:37"	6890.0	0	1.84	0.0747	317	4.11	5.44	40.78	6	1.42	1	2.84	46.74	40.78	49.81	399.75	389.42	10.557	22.637	10.14	21.74	199.7	1599	0	101.2	21.3	0.77	1.0	-0.22	2.74	1.00	0.00	0.16	111115
161	"17:12:37"	6890.5	0	1.84	0.0746	317	4.11	5.44	40.78	6	1.42	1	2.84	46.74	40.78	49.81	399.76	389.41	10.557	22.636	10.14	21.74	199.7	1599	0	101.2	21.3	0.77	1.0	-0.22	2.74	1.00	0.00	0.16	111115
162	"17:12:38"	6891.0	0	1.85	0.0746	317	4.11	5.44	40.79	6	1.42	1	2.84	46.74	40.79	49.81	399.79	389.42	10.558	22.635	10.14	21.73	199.7	1599	0	101.2	21.3	0.77	1.0	-0.22	2.74	1.00	0.00	0.16	111115
163	"17:12:38"	6891.5	0	1.86	0.0746	317	4.11	5.44	40.79	6	1.42	1	2.84	46.74	40.79	49.81	399.78	389.38	10.558	22.633	10.14	21.73	199.7	1599	0	101.2	21.3	0.77	1.0	-0.22	2.74	1.00	0.00	0.16	111115
164	"17:12:39"	6892.5	0	1.86	0.0746	317	4.11	5.44	40.79	6	1.42	1	2.84	46.74	40.79	49.81	399.79	389.40	10.559	22.632	10.14	21.73	199.7	1599	0	101.2	21.3	0.77	1.0	-0.22	2.74	1.00	0.00	0.16	111115
165	"17:12:40"	6893.0	0	1.86	0.0745	317	4.11	5.44	40.79	6	1.42	1	2.84	46.74	40.79	49.81	399.80	389.39	10.559	22.630	10.14	21.73	199.7	1599	0	101.2	21.3	0.77	1.0	-0.22	2.74	1.00	0.00	0.16	111115
"17:12:47 Coolers: Tblock -> 20.00 C"
