"OPEN 6.2.5"
"Tue Jan 18 2022 10:53:56"
<open><version>"6.2.5"</version></open>
<open><configfile>"/User/Configs/UserPrefs/2x3 LED.xml"</configfile></open>
<open><light><source>"6400-02 or -02B LED Source"</source><par_in>1<sensor>"SI-3989"<cal>-0.92<actinity>1.00</actinity><transm>1.00</transm></cal></sensor><transm>1</transm></par_in><par_out>1<sensor>"Q50937"<cal>6.45</cal></sensor></par_out></light></open>
<open><comps><file>"/User/Configs/Comps/StdComps_6.2"<header>""</header><extras></extras></file><energybal>no<f_parIn>1</f_parIn><f_parOut>0</f_parOut><alphaK>0.16</alphaK></energybal><bc_total>2.840<stomatal_ratio>1</stomatal_ratio><bc_oneside>1.420<type>2</type><table>"/Sys/Lib/StdBLCTable"</table><area>6</area><slope>-0.219565</slope><offset>2.73739</offset><fan>5</fan></bc_oneside></bc_total></comps></open>
<open><prompts><onlog>off</onlog><items>"Default (none)"</items></prompts></open>
<open><constants><oxygen>21 %</oxygen><bb_vapor>1.5</bb_vapor><bb_oxy>0.9</bb_oxy></constants></open>
<open><stability><items>"Std Stability"<items[1]><id>-2</id><size>15</size><pcv><onoff>0</onoff><value>1</value></pcv><std><onoff>0</onoff><value>1</value></std><slp><onoff>1</onoff><value>1</value></slp></items[1]><items[2]><id>-5</id><size>15</size><pcv><onoff>0</onoff><value>1</value></pcv><std><onoff>0</onoff><value>1</value></std><slp><onoff>1</onoff><value>1</value></slp></items[2]><items[3]><id>-7</id><size>15</size><pcv><onoff>0</onoff><value>1</value></pcv><std><onoff>0</onoff><value>1</value></std><slp><onoff>1</onoff><value>1</value></slp></items[3]></items></stability></open>
<open><log><format>"StdLogFmt_6.0"<items>{ -35 -21 -36 -76 30 23 36 21 25 221 -33 111 -34 11 -9 -10 -8 -1 -2 -4 -5 -14 -15 -7 -12 -13 -11 -65 -66 -72 -18 -19 -77 -78 -79 -23  }<hdr>{  }</hdr></items></format><options><beep>on</beep><hdr>normal</hdr><rem>normal</rem><stab>no</stab><stats>no<mean>no</mean><file>no</file><period>15</period></stats><excel>yes</excel><controls>yes</controls><comm>no</comm></options><datafile>"/User/jcg_coar_lh"</datafile><button><action>"Normal Log"<code>" LogOneObsManual "</code></action></button><autoprog>"/User/Configs/AutoProgs/AutoLog2"<active>no</active></autoprog></log></open>
<open><a2d><avgtime>4.0 secs</avgtime><userchans><ch20>"Off"</ch20><ch21>"Off"</ch21><ch22>"Off"</ch22><ch23>"Off"</ch23></userchans></a2d></open>
<open><matching><type>0</type><disp>'a'</disp><settings><CO2Limit>10.0</CO2Limit><H2OLimit>1.0</H2OLimit><MaxAutoTime>60</MaxAutoTime></settings></matching></open>
<li6400><factory><unit>"PSC-4076"</unit><serviced>"31 Mar 2014"</serviced><fuseaware>0</fuseaware><co2mixer>yes</co2mixer><co2><coeffs>{ 0 0.215349 2.57678e-05 1.9763e-08 -3.21542e-12 3.03737e-16  }</coeffs><dvdt>-2.8</dvdt><xs>{ 0.0005 0.0003  }</xs></co2><h2o><coeffs>{ 0 0.00579256 2.19235e-06 9.06457e-12  }</coeffs><dvdt>-1</dvdt><xs>{ -0.0026 0.0003  }</xs></h2o><flow>{ 0 0.3607  }</flow><press>{ 88.32 0.00555  }</press></factory></li6400>
<li6400><user><flow_zero>-1560.7</flow_zero><irga_zero><co2>-312.6 -351.6<at>29.8235</at></co2><h2o>-156.6 77.4<at>31.0407</at></h2o></irga_zero><irga_span><co2>{ 0.988788 0.993555  }</co2><h2o>{ 0.996032 0.996401  }</h2o></irga_span><irga_match><co2>{ -1.32399 20.1463  }</co2><h2o>{ -0.104692 0.568441  }</h2o></irga_match><co2_mixer><pump_mv>4500</pump_mv><ppm>{ 2185.36 1052.7 419.509 255.894 118.056 69.8071 46.8351 46.4167  }</ppm><mv>{ 5000 3000 1500 1000 500 300 200 100  }</mv></co2_mixer><parin_offset>-0.0908794</parin_offset><led_cal><unit>"SI-3989"</unit><mv>{ 10 25 50 100 1000 2000 3000 4000 5000  }</mv><qntm>{ 5.41353 17.8999 38.6356 86.3019 941.421 1838.37 2690.41 3508.95 4284.65  }</qntm></led_cal><lcf_cal><unit>"unknown"</unit><red><mv>{ 50 100 500 1000 1500 5000  }</mv><qntm>{ 50 100 500 1000 2000 5000  }</qntm></red><blue><mv>{ 100 200 500 1000 2000 5000  }</mv><qntm>{ 10 20 50 100 200 500  }</qntm></blue></lcf_cal></user></li6400>
"10:53:58 "
$STARTOFDATA$
"Obs"	"HHMMSS"	"FTime"	"EBal?"	"Photo"	"Cond"	"Ci"	"Trmmol"	"VpdL"	"CTleaf"	"Area"	"BLC_1"	"StmRat"	"BLCond"	"Tair"	"Tleaf"	"TBlk"	"CO2R"	"CO2S"	"H2OR"	"H2OS"	"RH_R"	"RH_S"	"Flow"	"PARi"	"PARo"	"Press"	"CsMch"	"HsMch"	"StableF"	"BLCslope"	"BLCoffst"	"f_parin"	"f_parout"	"alphaK"	"Status"
"10:54:35 Flow: Fixed -> 200 umol/s"
"11:01:11 Coolers: Tblock -> 0.00 C"
"11:25:09 Flow: Fixed -> 200 umol/s"
1	"11:26:52"	1990.0	0	1.55	0.0538	343	0.542	1.03	10.93	6	1.42	1	2.84	3.82	10.93	0.66	401.21	395.91	1.215	2.839	15.17	35.46	199.7	1601	0	100.7	17.5	0.487	1.0	-0.22	2.74	1.00	0.00	0.16	111115
2	"11:26:52"	1990.5	0	1.56	0.0538	343	0.542	1.03	10.93	6	1.42	1	2.84	3.82	10.93	0.66	401.22	395.89	1.215	2.839	15.17	35.46	199.7	1601	0	100.7	17.5	0.487	1.0	-0.22	2.74	1.00	0.00	0.16	111115
3	"11:26:53"	1991.5	0	1.55	0.0538	343	0.542	1.03	10.93	6	1.42	1	2.84	3.81	10.93	0.66	401.18	395.86	1.215	2.839	15.17	35.46	199.7	1601	0	100.7	17.5	0.487	1.0	-0.22	2.74	1.00	0.00	0.16	111115
4	"11:26:54"	1992.0	0	1.55	0.0538	343	0.542	1.03	10.93	6	1.42	1	2.84	3.81	10.93	0.66	401.16	395.87	1.215	2.838	15.18	35.46	199.7	1601	0	100.7	17.5	0.487	1.0	-0.22	2.74	1.00	0.00	0.16	111115
5	"11:26:54"	1992.5	0	1.53	0.0538	344	0.542	1.03	10.93	6	1.42	1	2.84	3.81	10.93	0.66	401.10	395.85	1.215	2.839	15.17	35.46	199.7	1601	0	100.7	17.5	0.487	1.0	-0.22	2.74	1.00	0.00	0.16	111115
6	"11:26:55"	1993.5	0	1.49	0.0538	345	0.542	1.03	10.93	6	1.42	1	2.84	3.81	10.93	0.66	401.00	395.89	1.215	2.839	15.18	35.47	199.7	1601	0	100.7	17.5	0.487	1.0	-0.22	2.74	1.00	0.00	0.16	111115
7	"11:26:56"	1994.0	0	1.49	0.0538	345	0.542	1.03	10.93	6	1.42	1	2.84	3.81	10.93	0.66	401.02	395.88	1.215	2.839	15.18	35.48	199.7	1601	0	100.7	17.5	0.487	1.0	-0.22	2.74	1.00	0.00	0.16	111115
8	"11:26:57"	1995.0	0	1.5	0.0539	345	0.543	1.03	10.93	6	1.42	1	2.84	3.81	10.93	0.66	401.05	395.90	1.215	2.841	15.19	35.50	199.7	1601	0	100.7	17.5	0.487	1.0	-0.22	2.74	1.00	0.00	0.16	111115
9	"11:26:57"	1995.5	0	1.51	0.0539	344	0.543	1.02	10.93	6	1.42	1	2.84	3.80	10.93	0.66	401.11	395.93	1.215	2.841	15.19	35.50	199.7	1601	0	100.7	17.5	0.487	1.0	-0.22	2.74	1.00	0.00	0.16	111115
10	"11:26:58"	1996.5	0	1.55	0.0539	343	0.543	1.02	10.93	6	1.42	1	2.84	3.80	10.93	0.66	401.23	395.92	1.215	2.841	15.19	35.50	199.7	1601	0	100.7	17.5	0.487	1.0	-0.22	2.74	1.00	0.00	0.16	111115
11	"11:26:59"	1997.0	0	1.58	0.0539	342	0.543	1.02	10.92	6	1.42	1	2.84	3.80	10.92	0.66	401.32	395.92	1.215	2.841	15.19	35.51	199.7	1601	0	100.7	17.5	0.487	1.0	-0.22	2.74	1.00	0.00	0.16	111115
12	"11:26:59"	1997.5	0	1.61	0.054	341	0.543	1.02	10.92	6	1.42	1	2.84	3.80	10.92	0.66	401.41	395.91	1.215	2.842	15.19	35.52	199.7	1601	0	100.7	17.5	0.487	1.0	-0.22	2.74	1.00	0.00	0.16	111115
13	"11:27:00"	1998.5	0	1.62	0.0539	341	0.543	1.02	10.91	6	1.42	1	2.84	3.80	10.91	0.66	401.41	395.89	1.216	2.841	15.19	35.51	199.7	1600	0	100.7	17.5	0.487	1.0	-0.22	2.74	1.00	0.00	0.16	111115
14	"11:27:01"	1999.0	0	1.63	0.0539	341	0.543	1.02	10.91	6	1.42	1	2.84	3.80	10.91	0.66	401.43	395.87	1.216	2.841	15.19	35.50	199.8	1600	0	100.7	17.5	0.487	1.0	-0.22	2.74	1.00	0.00	0.16	111115
15	"11:27:02"	2000.0	0	1.63	0.054	341	0.543	1.02	10.90	6	1.42	1	2.84	3.80	10.90	0.66	401.40	395.86	1.216	2.842	15.20	35.51	199.8	1601	0	100.7	17.5	0.487	1.0	-0.22	2.74	1.00	0.00	0.16	111115
"11:27:08 Coolers: Tblock -> 5.00 C"
"11:32:25 Flow: Fixed -> 200 umol/s"
16	"11:35:02"	2480.5	0	1.8	0.0575	336	0.66	1.17	13.28	6	1.42	1	2.84	7.33	13.28	4.96	400.36	394.17	1.630	3.604	15.95	35.27	199.7	1599	0	100.7	17.4	0.536	1.0	-0.22	2.74	1.00	0.00	0.16	111115
17	"11:35:02"	2481.0	0	1.79	0.0575	337	0.66	1.17	13.28	6	1.42	1	2.84	7.33	13.28	4.96	400.33	394.16	1.629	3.605	15.94	35.28	199.7	1599	0	100.7	17.4	0.536	1.0	-0.22	2.74	1.00	0.00	0.16	111115
18	"11:35:03"	2481.5	0	1.78	0.0575	337	0.66	1.17	13.27	6	1.42	1	2.84	7.33	13.27	4.96	400.31	394.17	1.629	3.605	15.95	35.28	199.7	1599	0	100.7	17.4	0.536	1.0	-0.22	2.74	1.00	0.00	0.16	111115
19	"11:35:04"	2482.0	0	1.78	0.0575	337	0.659	1.17	13.27	6	1.42	1	2.84	7.33	13.27	4.96	400.32	394.18	1.630	3.604	15.95	35.27	199.7	1599	0	100.7	17.4	0.536	1.0	-0.22	2.74	1.00	0.00	0.16	111115
20	"11:35:04"	2482.5	0	1.79	0.0576	337	0.66	1.17	13.26	6	1.42	1	2.84	7.33	13.26	4.96	400.34	394.18	1.630	3.604	15.95	35.27	199.7	1599	0	100.7	17.4	0.536	1.0	-0.22	2.74	1.00	0.00	0.16	111115
21	"11:35:05"	2483.0	0	1.79	0.0575	337	0.659	1.17	13.25	6	1.42	1	2.84	7.33	13.25	4.96	400.33	394.17	1.630	3.603	15.95	35.26	199.7	1599	0	100.7	17.4	0.536	1.0	-0.22	2.74	1.00	0.00	0.16	111115
22	"11:35:05"	2484.0	0	1.79	0.0576	337	0.659	1.17	13.25	6	1.42	1	2.84	7.33	13.25	4.96	400.34	394.17	1.630	3.603	15.95	35.26	199.7	1599	0	100.7	17.4	0.536	1.0	-0.22	2.74	1.00	0.00	0.16	111115
23	"11:35:06"	2484.5	0	1.8	0.0576	337	0.66	1.17	13.25	6	1.42	1	2.84	7.33	13.25	4.96	400.35	394.17	1.630	3.604	15.95	35.27	199.7	1599	0	100.7	17.4	0.536	1.0	-0.22	2.74	1.00	0.00	0.16	111115
24	"11:35:06"	2485.0	0	1.8	0.0576	336	0.659	1.17	13.25	6	1.42	1	2.84	7.33	13.25	4.96	400.39	394.19	1.630	3.603	15.95	35.26	199.8	1599	0	100.7	17.4	0.536	1.0	-0.22	2.74	1.00	0.00	0.16	111115
25	"11:35:07"	2485.5	0	1.79	0.0576	337	0.66	1.17	13.26	6	1.42	1	2.84	7.33	13.26	4.96	400.37	394.22	1.630	3.604	15.95	35.27	199.8	1599	0	100.7	17.4	0.536	1.0	-0.22	2.74	1.00	0.00	0.16	111115
26	"11:35:08"	2486.5	0	1.78	0.0576	337	0.66	1.17	13.27	6	1.42	1	2.84	7.33	13.27	4.96	400.36	394.22	1.629	3.605	15.94	35.28	199.8	1599	0	100.7	17.4	0.536	1.0	-0.22	2.74	1.00	0.00	0.16	111115
27	"11:35:09"	2487.5	0	1.79	0.0575	337	0.66	1.17	13.27	6	1.42	1	2.84	7.33	13.27	4.96	400.37	394.20	1.629	3.604	15.94	35.27	199.8	1599	0	100.7	17.4	0.536	1.0	-0.22	2.74	1.00	0.00	0.16	111115
28	"11:35:10"	2488.0	0	1.79	0.0575	337	0.66	1.17	13.28	6	1.42	1	2.84	7.33	13.28	4.96	400.37	394.22	1.629	3.604	15.94	35.27	199.8	1599	0	100.7	17.4	0.536	1.0	-0.22	2.74	1.00	0.00	0.16	111115
29	"11:35:10"	2489.0	0	1.79	0.0575	337	0.66	1.17	13.28	6	1.42	1	2.84	7.33	13.28	4.96	400.38	394.21	1.629	3.604	15.94	35.27	199.7	1599	0	100.7	17.4	0.536	1.0	-0.22	2.74	1.00	0.00	0.16	111115
30	"11:35:11"	2489.5	0	1.8	0.0574	336	0.659	1.17	13.28	6	1.42	1	2.84	7.33	13.28	4.96	400.39	394.21	1.629	3.603	15.95	35.26	199.7	1599	0	100.7	17.4	0.536	1.0	-0.22	2.74	1.00	0.00	0.16	111115
"11:35:18 Coolers: Tblock -> 10.00 C"
"11:42:20 Flow: Fixed -> 200 umol/s"
31	"11:42:52"	2950.5	0	2.07	0.0588	328	0.802	1.38	16.40	6	1.42	1	2.84	11.64	16.40	10.03	400.20	393.05	2.450	4.847	17.95	35.51	199.7	1600	0	100.7	17.6	0.582	1.0	-0.22	2.74	1.00	0.00	0.16	111115
32	"11:42:52"	2951.0	0	2.06	0.0589	328	0.802	1.38	16.39	6	1.42	1	2.84	11.63	16.39	10.03	400.18	393.05	2.450	4.847	17.95	35.51	199.7	1600	0	100.7	17.6	0.582	1.0	-0.22	2.74	1.00	0.00	0.16	111115
33	"11:42:53"	2951.5	0	2.05	0.0589	328	0.802	1.38	16.39	6	1.42	1	2.84	11.64	16.39	10.03	400.16	393.06	2.450	4.847	17.95	35.51	199.7	1600	0	100.7	17.6	0.582	1.0	-0.22	2.74	1.00	0.00	0.16	111115
34	"11:42:53"	2952.0	0	2.04	0.0589	329	0.802	1.38	16.40	6	1.42	1	2.84	11.63	16.40	10.03	400.15	393.06	2.449	4.847	17.94	35.51	199.7	1600	0	100.7	17.6	0.582	1.0	-0.22	2.74	1.00	0.00	0.16	111115
35	"11:42:54"	2952.5	0	2.04	0.0589	329	0.802	1.38	16.40	6	1.42	1	2.84	11.63	16.40	10.03	400.14	393.08	2.449	4.848	17.94	35.52	199.7	1600	0	100.7	17.6	0.582	1.0	-0.22	2.74	1.00	0.00	0.16	111115
36	"11:42:54"	2953.0	0	2.02	0.0589	329	0.802	1.38	16.39	6	1.42	1	2.84	11.63	16.39	10.03	400.12	393.11	2.449	4.848	17.94	35.52	199.7	1600	0	100.7	17.6	0.582	1.0	-0.22	2.74	1.00	0.00	0.16	111115
37	"11:42:55"	2954.0	0	2.03	0.0589	329	0.802	1.38	16.39	6	1.42	1	2.84	11.63	16.39	10.03	400.16	393.11	2.450	4.848	17.95	35.52	199.8	1600	0	100.7	17.6	0.582	1.0	-0.22	2.74	1.00	0.00	0.16	111115
38	"11:42:56"	2954.5	0	2.04	0.0589	329	0.802	1.38	16.39	6	1.42	1	2.84	11.63	16.39	10.03	400.17	393.09	2.450	4.848	17.95	35.51	199.8	1600	0	100.7	17.6	0.582	1.0	-0.22	2.74	1.00	0.00	0.16	111115
39	"11:42:56"	2955.0	0	2.06	0.0589	328	0.802	1.38	16.39	6	1.42	1	2.84	11.64	16.39	10.03	400.18	393.05	2.450	4.847	17.95	35.51	199.8	1600	0	100.7	17.6	0.582	1.0	-0.22	2.74	1.00	0.00	0.16	111115
40	"11:42:57"	2955.5	0	2.08	0.059	328	0.802	1.38	16.39	6	1.42	1	2.84	11.64	16.39	10.03	400.23	393.04	2.450	4.848	17.95	35.52	199.8	1600	0	100.7	17.6	0.582	1.0	-0.22	2.74	1.00	0.00	0.16	111115
41	"11:42:57"	2956.0	0	2.08	0.0589	327	0.802	1.38	16.39	6	1.42	1	2.84	11.64	16.39	10.03	400.25	393.05	2.451	4.848	17.95	35.51	199.8	1600	0	100.7	17.6	0.582	1.0	-0.22	2.74	1.00	0.00	0.16	111115
42	"11:42:58"	2956.5	0	2.1	0.0589	327	0.802	1.38	16.39	6	1.42	1	2.84	11.64	16.39	10.03	400.30	393.05	2.451	4.848	17.95	35.51	199.8	1600	0	100.7	17.6	0.582	1.0	-0.22	2.74	1.00	0.00	0.16	111115
43	"11:42:58"	2957.0	0	2.12	0.0589	326	0.802	1.38	16.39	6	1.42	1	2.84	11.64	16.39	10.03	400.34	393.02	2.452	4.849	17.96	35.51	199.8	1600	0	100.7	17.6	0.582	1.0	-0.22	2.74	1.00	0.00	0.16	111115
44	"11:42:59"	2957.5	0	2.13	0.0589	326	0.802	1.38	16.39	6	1.42	1	2.84	11.64	16.39	10.03	400.37	393.03	2.452	4.849	17.96	35.52	199.8	1600	0	100.7	17.6	0.582	1.0	-0.22	2.74	1.00	0.00	0.16	111115
45	"11:42:59"	2958.5	0	2.13	0.0589	326	0.802	1.38	16.40	6	1.42	1	2.84	11.64	16.40	10.03	400.37	393.02	2.452	4.850	17.96	35.52	199.8	1600	0	100.7	17.6	0.582	1.0	-0.22	2.74	1.00	0.00	0.16	111115
"11:43:05 Coolers: Tblock -> 15.00 C"
"11:49:37 Flow: Fixed -> 200 umol/s"
46	"11:51:38"	3476.5	0	2.33	0.0611	320	0.983	1.63	19.71	6	1.42	1	2.84	16.14	19.71	15.10	400.06	391.89	3.755	6.689	20.53	36.57	199.7	1599	0	100.7	17.8	0.642	1.0	-0.22	2.74	1.00	0.00	0.16	111115
47	"11:51:38"	3477.0	0	2.34	0.0611	320	0.983	1.63	19.71	6	1.42	1	2.84	16.14	19.71	15.10	400.09	391.89	3.755	6.689	20.53	36.57	199.7	1599	0	100.7	17.8	0.642	1.0	-0.22	2.74	1.00	0.00	0.16	111115
48	"11:51:39"	3477.5	0	2.35	0.0611	320	0.983	1.63	19.71	6	1.42	1	2.84	16.14	19.71	15.10	400.11	391.89	3.755	6.689	20.53	36.57	199.7	1599	0	100.7	17.8	0.642	1.0	-0.22	2.74	1.00	0.00	0.16	111115
49	"11:51:40"	3478.0	0	2.35	0.0611	320	0.983	1.63	19.71	6	1.42	1	2.84	16.14	19.71	15.10	400.11	391.89	3.755	6.689	20.53	36.57	199.7	1599	0	100.7	17.8	0.642	1.0	-0.22	2.74	1.00	0.00	0.16	111115
50	"11:51:40"	3479.0	0	2.34	0.061	320	0.983	1.63	19.71	6	1.42	1	2.84	16.15	19.71	15.10	400.04	391.86	3.755	6.688	20.53	36.56	199.7	1599	0	100.7	17.8	0.642	1.0	-0.22	2.74	1.00	0.00	0.16	111115
51	"11:51:41"	3480.0	0	2.36	0.061	320	0.983	1.63	19.71	6	1.42	1	2.84	16.15	19.71	15.10	400.07	391.83	3.755	6.689	20.53	36.56	199.7	1599	0	100.7	17.8	0.642	1.0	-0.22	2.74	1.00	0.00	0.16	111115
52	"11:51:42"	3481.0	0	2.35	0.0611	320	0.983	1.63	19.71	6	1.42	1	2.84	16.15	19.71	15.10	400.05	391.83	3.756	6.689	20.53	36.56	199.7	1599	0	100.7	17.8	0.642	1.0	-0.22	2.74	1.00	0.00	0.16	111115
53	"11:51:43"	3481.5	0	2.35	0.0611	320	0.983	1.63	19.71	6	1.42	1	2.84	16.15	19.71	15.10	400.08	391.85	3.756	6.689	20.53	36.56	199.7	1599	0	100.7	17.8	0.642	1.0	-0.22	2.74	1.00	0.00	0.16	111115
54	"11:51:43"	3482.0	0	2.36	0.0611	320	0.983	1.63	19.71	6	1.42	1	2.84	16.15	19.71	15.10	400.09	391.86	3.756	6.689	20.53	36.56	199.7	1599	0	100.7	17.8	0.642	1.0	-0.22	2.74	1.00	0.00	0.16	111115
55	"11:51:44"	3482.5	0	2.36	0.0611	319	0.983	1.63	19.71	6	1.42	1	2.84	16.15	19.71	15.10	400.12	391.86	3.755	6.690	20.53	36.56	199.7	1599	0	100.7	17.8	0.642	1.0	-0.22	2.74	1.00	0.00	0.16	111115
56	"11:51:45"	3483.5	0	2.37	0.0611	319	0.983	1.63	19.71	6	1.42	1	2.84	16.15	19.71	15.10	400.17	391.88	3.755	6.689	20.52	36.56	199.7	1599	0	100.7	17.8	0.642	1.0	-0.22	2.74	1.00	0.00	0.16	111115
57	"11:51:45"	3484.0	0	2.38	0.0611	319	0.984	1.63	19.71	6	1.42	1	2.84	16.15	19.71	15.10	400.17	391.88	3.755	6.689	20.52	36.56	199.8	1599	0	100.7	17.8	0.642	1.0	-0.22	2.74	1.00	0.00	0.16	111115
58	"11:51:46"	3484.5	0	2.38	0.0611	319	0.984	1.63	19.71	6	1.42	1	2.84	16.15	19.71	15.10	400.18	391.88	3.754	6.690	20.52	36.57	199.7	1599	0	100.7	17.8	0.642	1.0	-0.22	2.74	1.00	0.00	0.16	111115
59	"11:51:46"	3485.0	0	2.38	0.0611	319	0.984	1.63	19.71	6	1.42	1	2.84	16.15	19.71	15.10	400.18	391.88	3.755	6.690	20.52	36.57	199.8	1599	0	100.7	17.8	0.642	1.0	-0.22	2.74	1.00	0.00	0.16	111115
60	"11:51:47"	3486.0	0	2.37	0.0611	319	0.984	1.63	19.71	6	1.42	1	2.84	16.15	19.71	15.10	400.14	391.86	3.755	6.691	20.52	36.57	199.8	1599	0	100.7	17.8	0.642	1.0	-0.22	2.74	1.00	0.00	0.16	111115
"11:51:53 Coolers: Tblock -> 20.00 C"
"12:01:43 Flow: Fixed -> 200 umol/s"
61	"12:02:23"	4122.0	0	2.54	0.0545	304	1.08	1.99	22.83	6	1.42	1	2.84	20.41	22.83	19.97	399.96	391.06	4.748	7.954	19.86	33.27	199.7	1599	0	100.7	18	0.69	1.0	-0.22	2.74	1.00	0.00	0.16	111115
62	"12:02:24"	4122.0	0	2.54	0.0545	304	1.08	1.99	22.83	6	1.42	1	2.84	20.41	22.83	19.97	399.96	391.06	4.748	7.954	19.86	33.27	199.7	1599	0	100.7	18	0.69	1.0	-0.22	2.74	1.00	0.00	0.16	111115
63	"12:02:24"	4122.5	0	2.53	0.0545	304	1.08	1.99	22.82	6	1.42	1	2.84	20.41	22.82	19.97	399.94	391.07	4.748	7.954	19.86	33.27	199.7	1600	0	100.7	18	0.69	1.0	-0.22	2.74	1.00	0.00	0.16	111115
64	"12:02:25"	4123.5	0	2.55	0.0545	304	1.08	1.99	22.82	6	1.42	1	2.84	20.41	22.82	19.97	399.97	391.05	4.748	7.953	19.86	33.27	199.7	1600	0	100.7	18	0.69	1.0	-0.22	2.74	1.00	0.00	0.16	111115
65	"12:02:25"	4124.0	0	2.54	0.0545	304	1.07	1.99	22.82	6	1.42	1	2.84	20.41	22.82	19.97	399.99	391.08	4.748	7.952	19.86	33.26	199.7	1600	0	100.7	18	0.69	1.0	-0.22	2.74	1.00	0.00	0.16	111115
66	"12:02:26"	4124.5	0	2.55	0.0545	304	1.08	1.99	22.82	6	1.42	1	2.84	20.41	22.82	19.97	399.99	391.06	4.748	7.953	19.86	33.26	199.7	1600	0	100.7	18	0.69	1.0	-0.22	2.74	1.00	0.00	0.16	111115
67	"12:02:26"	4125.0	0	2.54	0.0545	304	1.08	1.99	22.82	6	1.42	1	2.84	20.41	22.82	19.97	399.98	391.07	4.747	7.953	19.86	33.26	199.7	1600	0	100.7	18	0.69	1.0	-0.22	2.74	1.00	0.00	0.16	111115
68	"12:02:27"	4125.5	0	2.52	0.0545	305	1.08	1.99	22.82	6	1.42	1	2.84	20.41	22.82	19.97	399.95	391.11	4.748	7.953	19.86	33.27	199.7	1600	0	100.7	18	0.69	1.0	-0.22	2.74	1.00	0.00	0.16	111115
69	"12:02:27"	4125.5	0	2.52	0.0545	305	1.08	1.99	22.82	6	1.42	1	2.84	20.41	22.82	19.97	399.95	391.11	4.748	7.953	19.86	33.27	199.7	1600	0	100.7	18	0.69	1.0	-0.22	2.74	1.00	0.00	0.16	111115
70	"12:02:28"	4126.5	0	2.55	0.0545	304	1.08	1.99	22.82	6	1.42	1	2.84	20.41	22.82	19.97	400.02	391.10	4.748	7.954	19.86	33.27	199.8	1600	0	100.7	18	0.69	1.0	-0.22	2.74	1.00	0.00	0.16	111115
71	"12:02:30"	4128.5	0	2.53	0.0545	304	1.08	1.99	22.83	6	1.42	1	2.84	20.41	22.83	19.97	400.01	391.15	4.747	7.952	19.86	33.26	199.8	1600	0	100.7	18	0.69	1.0	-0.22	2.74	1.00	0.00	0.16	111115
72	"12:02:30"	4129.0	0	2.55	0.0544	304	1.07	1.99	22.83	6	1.42	1	2.84	20.41	22.83	19.97	400.04	391.12	4.748	7.951	19.86	33.26	199.7	1600	0	100.7	18	0.69	1.0	-0.22	2.74	1.00	0.00	0.16	111115
73	"12:02:31"	4129.0	0	2.55	0.0544	304	1.07	1.99	22.83	6	1.42	1	2.84	20.41	22.83	19.97	400.04	391.12	4.748	7.951	19.86	33.26	199.7	1600	0	100.7	18	0.69	1.0	-0.22	2.74	1.00	0.00	0.16	111115
74	"12:02:31"	4130.0	0	2.59	0.0544	303	1.07	1.99	22.83	6	1.42	1	2.84	20.41	22.83	19.97	400.12	391.08	4.748	7.949	19.86	33.25	199.7	1600	0	100.7	18	0.69	1.0	-0.22	2.74	1.00	0.00	0.16	111115
75	"12:02:32"	4130.5	0	2.59	0.0544	303	1.07	1.99	22.83	6	1.42	1	2.84	20.41	22.83	19.97	400.12	391.09	4.748	7.949	19.86	33.25	199.7	1600	0	100.7	18	0.69	1.0	-0.22	2.74	1.00	0.00	0.16	111115
"12:02:38 Coolers: Tblock -> 25.00 C"
"12:08:46 Flow: Fixed -> 200 umol/s"
76	"12:09:53"	4572.0	0	2.63	0.0474	290	1.07	2.27	25.81	6	1.42	1	2.84	24.78	25.81	25.03	401.35	392.19	7.455	10.647	23.92	34.16	199.7	1599	0	100.7	18.2	0.737	1.0	-0.22	2.74	1.00	0.00	0.16	111115
77	"12:09:54"	4572.5	0	2.62	0.0474	290	1.07	2.27	25.81	6	1.42	1	2.84	24.78	25.81	25.03	401.34	392.20	7.456	10.647	23.92	34.16	199.7	1599	0	100.7	18.2	0.737	1.0	-0.22	2.74	1.00	0.00	0.16	111115
78	"12:09:54"	4573.0	0	2.62	0.0474	290	1.07	2.26	25.81	6	1.42	1	2.84	24.78	25.81	25.04	401.32	392.19	7.456	10.646	23.92	34.15	199.7	1599	0	100.7	18.2	0.737	1.0	-0.22	2.74	1.00	0.00	0.16	111115
79	"12:09:55"	4574.0	0	2.6	0.0475	291	1.07	2.26	25.81	6	1.42	1	2.84	24.78	25.81	25.04	401.26	392.17	7.456	10.646	23.92	34.15	199.7	1599	0	100.7	18.2	0.737	1.0	-0.22	2.74	1.00	0.00	0.16	111115
80	"12:09:55"	4574.5	0	2.61	0.0475	290	1.07	2.26	25.81	6	1.42	1	2.84	24.78	25.81	25.04	401.27	392.16	7.456	10.646	23.92	34.15	199.7	1599	0	100.7	18.2	0.737	1.0	-0.22	2.74	1.00	0.00	0.16	111115
81	"12:09:56"	4575.0	0	2.62	0.0475	290	1.07	2.26	25.81	6	1.42	1	2.84	24.78	25.81	25.04	401.31	392.17	7.456	10.647	23.92	34.15	199.7	1599	0	100.7	18.2	0.737	1.0	-0.22	2.74	1.00	0.00	0.16	111115
82	"12:09:57"	4575.5	0	2.62	0.0475	290	1.07	2.26	25.81	6	1.42	1	2.84	24.78	25.81	25.04	401.30	392.15	7.457	10.646	23.92	34.15	199.8	1599	0	100.7	18.2	0.737	1.0	-0.22	2.74	1.00	0.00	0.16	111115
83	"12:09:57"	4576.0	0	2.61	0.0475	291	1.07	2.26	25.81	6	1.42	1	2.84	24.78	25.81	25.04	401.25	392.16	7.457	10.646	23.92	34.15	199.8	1599	0	100.7	18.2	0.737	1.0	-0.22	2.74	1.00	0.00	0.16	111115
84	"12:09:58"	4576.5	0	2.6	0.0475	291	1.07	2.26	25.81	6	1.42	1	2.84	24.78	25.81	25.04	401.24	392.16	7.457	10.646	23.92	34.15	199.7	1599	0	100.7	18.2	0.737	1.0	-0.22	2.74	1.00	0.00	0.16	111115
85	"12:09:58"	4577.0	0	2.6	0.0475	291	1.07	2.26	25.81	6	1.42	1	2.84	24.78	25.81	25.03	401.22	392.16	7.457	10.646	23.92	34.15	199.7	1599	0	100.7	18.2	0.737	1.0	-0.22	2.74	1.00	0.00	0.16	111115
86	"12:09:59"	4577.5	0	2.6	0.0474	291	1.07	2.26	25.81	6	1.42	1	2.84	24.78	25.81	25.04	401.25	392.16	7.458	10.646	23.92	34.15	199.7	1599	0	100.7	18.2	0.737	1.0	-0.22	2.74	1.00	0.00	0.16	111115
87	"12:09:59"	4578.0	0	2.61	0.0474	290	1.07	2.26	25.81	6	1.42	1	2.84	24.78	25.81	25.04	401.29	392.18	7.458	10.646	23.92	34.15	199.7	1599	0	100.7	18.2	0.737	1.0	-0.22	2.74	1.00	0.00	0.16	111115
88	"12:10:00"	4578.5	0	2.62	0.0474	290	1.07	2.26	25.81	6	1.42	1	2.84	24.78	25.81	25.04	401.31	392.17	7.459	10.646	23.92	34.15	199.7	1599	0	100.7	18.2	0.737	1.0	-0.22	2.74	1.00	0.00	0.16	111115
89	"12:10:00"	4579.0	0	2.61	0.0474	290	1.07	2.27	25.81	6	1.42	1	2.84	24.78	25.81	25.04	401.28	392.16	7.459	10.645	23.92	34.14	199.7	1599	0	100.7	18.2	0.737	1.0	-0.22	2.74	1.00	0.00	0.16	111115
90	"12:10:01"	4580.0	0	2.65	0.0474	289	1.07	2.27	25.81	6	1.42	1	2.84	24.78	25.81	25.03	401.38	392.15	7.458	10.645	23.92	34.15	199.7	1599	1	100.7	18.2	0.737	1.0	-0.22	2.74	1.00	0.00	0.16	111115
"12:10:07 Coolers: Tblock -> 30.00 C"
"12:16:11 Flow: Fixed -> 200 umol/s"
91	"12:17:44"	5042.5	0	2.49	0.0411	278	1.08	2.61	28.83	6	1.42	1	2.84	29.17	28.83	30.12	399.37	390.63	10.492	13.682	26.01	33.92	199.7	1599	0	100.7	18.6	0.791	1.0	-0.22	2.74	1.00	0.00	0.16	111115
92	"12:17:44"	5043.5	0	2.53	0.041	277	1.08	2.61	28.83	6	1.42	1	2.84	29.17	28.83	30.12	399.47	390.61	10.492	13.680	26.01	33.92	199.7	1599	0	100.7	18.6	0.791	1.0	-0.22	2.74	1.00	0.00	0.16	111115
93	"12:17:45"	5044.0	0	2.57	0.0411	275	1.08	2.61	28.83	6	1.42	1	2.84	29.17	28.83	30.12	399.60	390.60	10.492	13.681	26.01	33.91	199.7	1599	0	100.7	18.6	0.791	1.0	-0.22	2.74	1.00	0.00	0.16	111115
94	"12:17:46"	5044.5	0	2.62	0.041	273	1.08	2.61	28.83	6	1.42	1	2.84	29.17	28.83	30.12	399.73	390.60	10.492	13.680	26.01	33.91	199.7	1599	0	100.7	18.6	0.791	1.0	-0.22	2.74	1.00	0.00	0.16	111115
95	"12:17:46"	5045.0	0	2.66	0.041	272	1.08	2.61	28.83	6	1.42	1	2.84	29.17	28.83	30.12	399.82	390.58	10.493	13.680	26.01	33.91	199.7	1599	0	100.7	18.6	0.791	1.0	-0.22	2.74	1.00	0.00	0.16	111115
96	"12:17:47"	5046.0	0	2.68	0.0411	271	1.08	2.6	28.83	6	1.42	1	2.84	29.17	28.83	30.12	399.90	390.57	10.492	13.681	26.01	33.91	199.8	1599	0	100.7	18.6	0.791	1.0	-0.22	2.74	1.00	0.00	0.16	111115
97	"12:17:47"	5046.5	0	2.72	0.0411	269	1.08	2.6	28.83	6	1.42	1	2.84	29.17	28.83	30.12	399.97	390.55	10.492	13.681	26.01	33.91	199.8	1599	0	100.7	18.6	0.791	1.0	-0.22	2.74	1.00	0.00	0.16	111115
98	"12:17:48"	5047.0	0	2.72	0.0411	269	1.08	2.6	28.83	6	1.42	1	2.84	29.17	28.83	30.12	400.02	390.57	10.492	13.682	26.01	33.91	199.7	1598	0	100.7	18.6	0.791	1.0	-0.22	2.74	1.00	0.00	0.16	111115
99	"12:17:49"	5048.0	0	2.69	0.0411	271	1.08	2.6	28.83	6	1.42	1	2.84	29.17	28.83	30.12	399.92	390.58	10.492	13.680	26.00	33.91	199.7	1599	0	100.7	18.6	0.791	1.0	-0.22	2.74	1.00	0.00	0.16	111115
100	"12:17:49"	5048.5	0	2.67	0.0411	271	1.08	2.6	28.83	6	1.42	1	2.84	29.17	28.83	30.12	399.87	390.57	10.492	13.681	26.00	33.91	199.7	1599	0	100.7	18.6	0.791	1.0	-0.22	2.74	1.00	0.00	0.16	111115
101	"12:17:50"	5049.5	0	2.64	0.041	272	1.08	2.61	28.83	6	1.42	1	2.84	29.17	28.83	30.12	399.82	390.62	10.493	13.681	26.00	33.90	199.7	1599	0	100.7	18.6	0.791	1.0	-0.22	2.74	1.00	0.00	0.16	111115
102	"12:17:51"	5050.0	0	2.63	0.041	273	1.08	2.61	28.83	6	1.42	1	2.84	29.17	28.83	30.12	399.81	390.65	10.493	13.680	26.00	33.90	199.7	1599	0	100.7	18.6	0.791	1.0	-0.22	2.74	1.00	0.00	0.16	111115
103	"12:17:52"	5051.0	0	2.57	0.041	275	1.08	2.61	28.84	6	1.42	1	2.84	29.18	28.84	30.12	399.69	390.70	10.494	13.681	26.00	33.90	199.7	1599	0	100.7	18.6	0.791	1.0	-0.22	2.74	1.00	0.00	0.16	111115
104	"12:17:52"	5051.5	0	2.55	0.041	276	1.08	2.61	28.84	6	1.42	1	2.84	29.18	28.84	30.12	399.62	390.70	10.494	13.680	26.00	33.90	199.7	1599	0	100.7	18.6	0.791	1.0	-0.22	2.74	1.00	0.00	0.16	111115
105	"12:17:53"	5052.0	0	2.53	0.041	277	1.08	2.61	28.84	6	1.42	1	2.84	29.18	28.84	30.12	399.58	390.73	10.494	13.680	26.00	33.90	199.7	1599	0	100.7	18.6	0.791	1.0	-0.22	2.74	1.00	0.00	0.16	111115
"12:18:06 Coolers: Tblock -> 35.00 C"
"12:24:02 Flow: Fixed -> 200 umol/s"
106	"12:24:38"	5456.0	0	2.38	0.0347	264	1.08	3.07	32.25	6	1.42	1	2.84	33.62	32.25	34.95	399.59	391.18	14.452	17.642	27.82	33.96	199.6	1600	0	100.7	19	0.825	1.0	-0.22	2.74	1.00	0.00	0.16	111115
107	"12:24:38"	5457.0	0	2.4	0.0347	263	1.08	3.07	32.25	6	1.42	1	2.84	33.62	32.25	34.95	399.67	391.19	14.453	17.641	27.82	33.95	199.6	1600	0	100.7	19	0.825	1.0	-0.22	2.74	1.00	0.00	0.16	111115
108	"12:24:39"	5458.0	0	2.44	0.0347	261	1.08	3.07	32.25	6	1.42	1	2.84	33.62	32.25	34.95	399.78	391.17	14.452	17.639	27.81	33.95	199.6	1600	0	100.7	19	0.825	1.0	-0.22	2.74	1.00	0.00	0.16	111115
109	"12:24:40"	5458.5	0	2.47	0.0347	260	1.08	3.07	32.25	6	1.42	1	2.84	33.62	32.25	34.95	399.85	391.15	14.451	17.639	27.81	33.95	199.7	1600	0	100.7	19	0.825	1.0	-0.22	2.74	1.00	0.00	0.16	111115
110	"12:24:41"	5459.5	0	2.49	0.0347	259	1.08	3.07	32.25	6	1.42	1	2.84	33.62	32.25	34.95	399.90	391.16	14.451	17.639	27.81	33.95	199.7	1600	0	100.7	19	0.825	1.0	-0.22	2.74	1.00	0.00	0.16	111115
111	"12:24:42"	5460.5	0	2.5	0.0347	258	1.08	3.07	32.25	6	1.42	1	2.84	33.62	32.25	34.95	399.91	391.13	14.451	17.640	27.81	33.95	199.7	1600	0	100.7	19	0.825	1.0	-0.22	2.74	1.00	0.00	0.16	111115
112	"12:24:43"	5461.5	0	2.49	0.0347	259	1.08	3.07	32.25	6	1.42	1	2.84	33.62	32.25	34.95	399.89	391.14	14.453	17.639	27.81	33.94	199.7	1600	0	100.7	19	0.825	1.0	-0.22	2.74	1.00	0.00	0.16	111115
113	"12:24:44"	5462.0	0	2.48	0.0347	259	1.08	3.07	32.25	6	1.42	1	2.84	33.62	32.25	34.95	399.87	391.14	14.454	17.638	27.81	33.94	199.7	1600	0	100.7	19	0.825	1.0	-0.22	2.74	1.00	0.00	0.16	111115
114	"12:24:45"	5463.5	0	2.47	0.0346	260	1.08	3.07	32.26	6	1.42	1	2.84	33.63	32.26	34.95	399.84	391.16	14.453	17.637	27.81	33.94	199.7	1600	0	100.7	19	0.825	1.0	-0.22	2.74	1.00	0.00	0.16	111115
115	"12:24:46"	5464.0	0	2.47	0.0346	259	1.08	3.07	32.26	6	1.42	1	2.84	33.63	32.26	34.95	399.87	391.17	14.454	17.636	27.81	33.94	199.7	1600	0	100.7	19	0.825	1.0	-0.22	2.74	1.00	0.00	0.16	111115
116	"12:24:46"	5465.0	0	2.48	0.0346	259	1.08	3.07	32.26	6	1.42	1	2.84	33.62	32.26	34.95	399.89	391.16	14.453	17.634	27.81	33.93	199.7	1600	0	100.7	19	0.825	1.0	-0.22	2.74	1.00	0.00	0.16	111115
117	"12:24:47"	5466.0	0	2.48	0.0346	259	1.08	3.07	32.26	6	1.42	1	2.84	33.63	32.26	34.95	399.90	391.17	14.453	17.634	27.81	33.93	199.6	1600	0	100.7	19	0.825	1.0	-0.22	2.74	1.00	0.00	0.16	111115
118	"12:24:48"	5467.0	0	2.47	0.0345	259	1.08	3.07	32.27	6	1.42	1	2.84	33.63	32.27	34.95	399.91	391.20	14.453	17.633	27.81	33.93	199.6	1600	0	100.7	19	0.825	1.0	-0.22	2.74	1.00	0.00	0.16	111115
119	"12:24:49"	5468.0	0	2.46	0.0345	260	1.08	3.07	32.27	6	1.42	1	2.84	33.63	32.27	34.95	399.88	391.23	14.454	17.630	27.81	33.92	199.6	1600	0	100.7	19	0.825	1.0	-0.22	2.74	1.00	0.00	0.16	111115
120	"12:24:50"	5468.5	0	2.45	0.0345	260	1.08	3.07	32.27	6	1.42	1	2.84	33.63	32.27	34.96	399.85	391.22	14.454	17.630	27.81	33.92	199.6	1600	0	100.7	19	0.825	1.0	-0.22	2.74	1.00	0.00	0.16	111115
"12:24:55 Coolers: Tblock -> 40.00 C"
"12:32:59 Flow: Fixed -> 200 umol/s"
121	"12:34:24"	6042.5	0	1.8	0.0227	245	0.909	3.91	34.90	6	1.42	1	2.84	37.96	34.90	40.06	399.75	393.27	14.272	16.959	21.64	25.71	199.6	1600	0	100.7	19.6	0.821	1.0	-0.22	2.74	1.00	0.00	0.16	111115
122	"12:34:24"	6043.0	0	1.81	0.0227	244	0.909	3.91	34.90	6	1.42	1	2.84	37.96	34.90	40.06	399.78	393.26	14.272	16.957	21.64	25.71	199.6	1600	0	100.7	19.6	0.821	1.0	-0.22	2.74	1.00	0.00	0.16	111115
123	"12:34:25"	6043.0	0	1.81	0.0227	244	0.909	3.91	34.90	6	1.42	1	2.84	37.96	34.90	40.06	399.78	393.26	14.272	16.957	21.64	25.71	199.6	1600	0	100.7	19.6	0.821	1.0	-0.22	2.74	1.00	0.00	0.16	111115
124	"12:34:25"	6043.5	0	1.82	0.0227	244	0.909	3.91	34.90	6	1.42	1	2.84	37.96	34.90	40.06	399.80	393.25	14.272	16.958	21.64	25.71	199.6	1600	0	100.7	19.6	0.821	1.0	-0.22	2.74	1.00	0.00	0.16	111115
125	"12:34:26"	6044.0	0	1.81	0.0227	244	0.908	3.91	34.90	6	1.42	1	2.84	37.96	34.90	40.06	399.79	393.26	14.271	16.955	21.63	25.70	199.6	1600	0	100.7	19.6	0.821	1.0	-0.22	2.74	1.00	0.00	0.16	111115
126	"12:34:26"	6044.5	0	1.8	0.0227	245	0.908	3.91	34.90	6	1.42	1	2.84	37.96	34.90	40.06	399.80	393.30	14.272	16.954	21.64	25.70	199.6	1600	0	100.7	19.6	0.821	1.0	-0.22	2.74	1.00	0.00	0.16	111115
127	"12:34:27"	6045.0	0	1.78	0.0227	247	0.908	3.91	34.90	6	1.42	1	2.84	37.96	34.90	40.06	399.73	393.32	14.270	16.952	21.63	25.70	199.7	1600	0	100.7	19.6	0.821	1.0	-0.22	2.74	1.00	0.00	0.16	111115
128	"12:34:27"	6045.5	0	1.77	0.0227	247	0.907	3.91	34.90	6	1.42	1	2.84	37.96	34.90	40.06	399.73	393.34	14.270	16.951	21.63	25.70	199.7	1600	0	100.7	19.6	0.821	1.0	-0.22	2.74	1.00	0.00	0.16	111115
129	"12:34:28"	6046.0	0	1.77	0.0227	247	0.907	3.91	34.90	6	1.42	1	2.84	37.96	34.90	40.06	399.71	393.33	14.269	16.948	21.63	25.69	199.6	1600	0	100.7	19.6	0.821	1.0	-0.22	2.74	1.00	0.00	0.16	111115
130	"12:34:28"	6046.5	0	1.77	0.0227	247	0.907	3.91	34.90	6	1.42	1	2.84	37.96	34.90	40.06	399.74	393.35	14.268	16.948	21.63	25.69	199.7	1600	0	100.7	19.6	0.821	1.0	-0.22	2.74	1.00	0.00	0.16	111115
131	"12:34:29"	6047.0	0	1.77	0.0227	247	0.906	3.91	34.90	6	1.42	1	2.84	37.96	34.90	40.06	399.76	393.36	14.269	16.946	21.63	25.69	199.7	1600	0	100.7	19.6	0.821	1.0	-0.22	2.74	1.00	0.00	0.16	111115
132	"12:34:29"	6047.5	0	1.76	0.0226	247	0.905	3.91	34.90	6	1.42	1	2.84	37.96	34.90	40.06	399.74	393.37	14.269	16.943	21.63	25.69	199.6	1600	0	100.7	19.6	0.821	1.0	-0.22	2.74	1.00	0.00	0.16	111115
133	"12:34:30"	6048.0	0	1.76	0.0226	247	0.905	3.91	34.90	6	1.42	1	2.84	37.96	34.90	40.06	399.74	393.37	14.268	16.941	21.63	25.68	199.7	1600	0	100.7	19.6	0.821	1.0	-0.22	2.74	1.00	0.00	0.16	111115
134	"12:34:30"	6048.5	0	1.79	0.0226	245	0.904	3.91	34.90	6	1.42	1	2.84	37.96	34.90	40.06	399.80	393.36	14.268	16.940	21.63	25.68	199.7	1600	0	100.7	19.6	0.821	1.0	-0.22	2.74	1.00	0.00	0.16	111115
135	"12:34:31"	6049.0	0	1.81	0.0226	244	0.904	3.91	34.89	6	1.42	1	2.84	37.96	34.89	40.06	399.86	393.36	14.269	16.939	21.63	25.68	199.6	1600	0	100.7	19.6	0.821	1.0	-0.22	2.74	1.00	0.00	0.16	111115
"12:34:37 Coolers: Tblock -> 45.00 C"
"12:46:07 Flow: Fixed -> 200 umol/s"
136	"12:47:02"	6801.0	0	1.25	0.0161	242	0.853	5.14	38.40	6	1.42	1	2.84	42.72	38.40	45.13	399.01	394.23	13.986	16.506	16.45	19.42	199.7	1600	0	100.7	20.2	0.8	1.0	-0.22	2.74	1.00	0.00	0.16	111115
137	"12:47:03"	6801.5	0	1.27	0.0161	240	0.853	5.14	38.41	6	1.42	1	2.84	42.72	38.41	45.13	399.04	394.21	13.986	16.505	16.45	19.42	199.7	1600	0	100.7	20.2	0.8	1.0	-0.22	2.74	1.00	0.00	0.16	111115
138	"12:47:03"	6802.0	0	1.27	0.0161	240	0.853	5.14	38.41	6	1.42	1	2.84	42.72	38.41	45.13	399.04	394.21	13.985	16.505	16.45	19.42	199.7	1600	0	100.7	20.2	0.8	1.0	-0.22	2.74	1.00	0.00	0.16	111115
139	"12:47:04"	6802.5	0	1.28	0.0161	239	0.853	5.14	38.41	6	1.42	1	2.84	42.72	38.41	45.13	399.07	394.21	13.985	16.505	16.45	19.41	199.7	1600	0	100.7	20.2	0.8	1.0	-0.22	2.74	1.00	0.00	0.16	111115
140	"12:47:04"	6803.0	0	1.27	0.0161	240	0.853	5.14	38.41	6	1.42	1	2.84	42.72	38.41	45.13	399.05	394.22	13.986	16.506	16.45	19.41	199.7	1600	0	100.7	20.2	0.8	1.0	-0.22	2.74	1.00	0.00	0.16	111115
141	"12:47:05"	6803.5	0	1.28	0.0161	239	0.852	5.15	38.41	6	1.42	1	2.84	42.72	38.41	45.13	399.07	394.23	13.986	16.505	16.45	19.41	199.7	1600	0	100.7	20.2	0.8	1.0	-0.22	2.74	1.00	0.00	0.16	111115
142	"12:47:05"	6804.0	0	1.28	0.0161	239	0.852	5.15	38.41	6	1.42	1	2.84	42.72	38.41	45.13	399.08	394.22	13.986	16.504	16.45	19.41	199.7	1600	0	100.7	20.2	0.8	1.0	-0.22	2.74	1.00	0.00	0.16	111115
143	"12:47:06"	6805.0	0	1.29	0.0161	238	0.852	5.15	38.41	6	1.42	1	2.84	42.72	38.41	45.13	399.12	394.22	13.986	16.503	16.45	19.41	199.7	1600	0	100.7	20.2	0.8	1.0	-0.22	2.74	1.00	0.00	0.16	111115
144	"12:47:07"	6805.5	0	1.29	0.0161	238	0.852	5.15	38.41	6	1.42	1	2.84	42.72	38.41	45.13	399.09	394.22	13.986	16.503	16.45	19.41	199.7	1600	0	100.7	20.2	0.8	1.0	-0.22	2.74	1.00	0.00	0.16	111115
145	"12:47:07"	6806.0	0	1.28	0.016	239	0.851	5.15	38.41	6	1.42	1	2.84	42.72	38.41	45.13	399.07	394.23	13.986	16.501	16.45	19.41	199.7	1600	0	100.7	20.2	0.8	1.0	-0.22	2.74	1.00	0.00	0.16	111115
146	"12:47:08"	6806.0	0	1.28	0.016	239	0.851	5.15	38.41	6	1.42	1	2.84	42.72	38.41	45.13	399.07	394.23	13.986	16.501	16.45	19.41	199.7	1600	0	100.7	20.2	0.8	1.0	-0.22	2.74	1.00	0.00	0.16	111115
147	"12:47:08"	6806.5	0	1.26	0.016	240	0.851	5.14	38.41	6	1.42	1	2.84	42.72	38.41	45.13	399.03	394.22	13.986	16.500	16.45	19.40	199.7	1600	0	100.7	20.2	0.8	1.0	-0.22	2.74	1.00	0.00	0.16	111115
148	"12:47:09"	6807.0	0	1.27	0.016	240	0.851	5.14	38.41	6	1.42	1	2.84	42.72	38.41	45.13	399.05	394.23	13.985	16.500	16.45	19.40	199.7	1600	0	100.7	20.2	0.8	1.0	-0.22	2.74	1.00	0.00	0.16	111115
149	"12:47:09"	6807.5	0	1.27	0.016	240	0.851	5.14	38.41	6	1.42	1	2.84	42.72	38.41	45.13	399.06	394.23	13.985	16.499	16.45	19.40	199.7	1600	0	100.7	20.2	0.8	1.0	-0.22	2.74	1.00	0.00	0.16	111115
150	"12:47:10"	6808.5	0	1.25	0.016	242	0.851	5.14	38.41	6	1.42	1	2.84	42.72	38.41	45.13	399.03	394.26	13.983	16.498	16.45	19.40	199.7	1600	0	100.7	20.2	0.8	1.0	-0.22	2.74	1.00	0.00	0.16	111115
"12:47:18 Coolers: Tblock -> 50.00 C"
"12:53:08 Flow: Fixed -> 200 umol/s"
"12:54:51 Flow: Fixed -> 200 umol/s"
151	"12:55:08"	7287.0	0	0.975	0.0145	256	0.894	5.94	40.45	6	1.42	1	2.84	46.77	40.45	49.80	400.16	396.17	13.785	16.425	13.15	15.67	199.7	1599	0	100.7	20.6	0.779	1.0	-0.22	2.74	1.00	0.00	0.16	111115
152	"12:55:08"	7287.5	0	0.963	0.0145	257	0.893	5.94	40.45	6	1.42	1	2.84	46.77	40.45	49.80	400.14	396.18	13.786	16.425	13.15	15.67	199.7	1599	0	100.7	20.6	0.779	1.0	-0.22	2.74	1.00	0.00	0.16	111115
153	"12:55:09"	7288.0	0	0.969	0.0145	257	0.893	5.94	40.46	6	1.42	1	2.84	46.77	40.46	49.81	400.17	396.19	13.786	16.426	13.15	15.67	199.7	1599	0	100.7	20.6	0.779	1.0	-0.22	2.74	1.00	0.00	0.16	111115
154	"12:55:10"	7288.5	0	0.988	0.0145	254	0.893	5.94	40.46	6	1.42	1	2.84	46.77	40.46	49.81	400.22	396.19	13.786	16.424	13.15	15.67	199.7	1599	0	100.7	20.6	0.779	1.0	-0.22	2.74	1.00	0.00	0.16	111115
155	"12:55:10"	7289.0	0	1.02	0.0145	251	0.893	5.95	40.46	6	1.42	1	2.84	46.77	40.46	49.81	400.28	396.15	13.787	16.424	13.15	15.67	199.7	1599	0	100.7	20.6	0.779	1.0	-0.22	2.74	1.00	0.00	0.16	111115
156	"12:55:11"	7289.0	0	1.02	0.0145	251	0.893	5.95	40.46	6	1.42	1	2.84	46.77	40.46	49.81	400.28	396.15	13.787	16.424	13.15	15.67	199.7	1599	0	100.7	20.6	0.779	1.0	-0.22	2.74	1.00	0.00	0.16	111115
157	"12:55:11"	7289.5	0	1.03	0.0145	250	0.892	5.95	40.47	6	1.42	1	2.84	46.77	40.47	49.81	400.30	396.14	13.786	16.423	13.15	15.67	199.7	1599	0	100.7	20.6	0.779	1.0	-0.22	2.74	1.00	0.00	0.16	111115
158	"12:55:12"	7290.0	0	1.03	0.0145	250	0.892	5.95	40.47	6	1.42	1	2.84	46.77	40.47	49.81	400.31	396.14	13.786	16.423	13.15	15.67	199.7	1599	0	100.7	20.6	0.779	1.0	-0.22	2.74	1.00	0.00	0.16	111115
159	"12:55:12"	7290.5	0	1.03	0.0145	250	0.892	5.95	40.46	6	1.42	1	2.84	46.77	40.46	49.81	400.28	396.14	13.786	16.422	13.15	15.67	199.7	1599	0	100.7	20.6	0.779	1.0	-0.22	2.74	1.00	0.00	0.16	111115
160	"12:55:13"	7291.5	0	1.03	0.0145	250	0.892	5.94	40.46	6	1.42	1	2.84	46.77	40.46	49.82	400.30	396.15	13.786	16.422	13.15	15.67	199.7	1599	0	100.7	20.6	0.779	1.0	-0.22	2.74	1.00	0.00	0.16	111115
161	"12:55:14"	7292.0	0	1.02	0.0145	251	0.891	5.94	40.45	6	1.42	1	2.84	46.77	40.45	49.82	400.26	396.14	13.786	16.420	13.15	15.66	199.7	1599	0	100.7	20.6	0.779	1.0	-0.22	2.74	1.00	0.00	0.16	111115
162	"12:55:14"	7292.5	0	1	0.0145	253	0.891	5.94	40.45	6	1.42	1	2.84	46.77	40.45	49.82	400.20	396.13	13.785	16.419	13.15	15.66	199.7	1599	0	100.7	20.6	0.779	1.0	-0.22	2.74	1.00	0.00	0.16	111115
163	"12:55:15"	7294.0	0	0.975	0.0145	256	0.891	5.94	40.44	6	1.42	1	2.84	46.78	40.44	49.82	400.17	396.18	13.785	16.418	13.15	15.66	199.7	1599	0	100.7	20.6	0.779	1.0	-0.22	2.74	1.00	0.00	0.16	111115
164	"12:55:16"	7294.5	0	0.958	0.0145	258	0.891	5.94	40.44	6	1.42	1	2.84	46.78	40.44	49.82	400.13	396.19	13.785	16.417	13.15	15.66	199.7	1599	0	100.7	20.6	0.779	1.0	-0.22	2.74	1.00	0.00	0.16	111115
165	"12:55:16"	7295.0	0	0.958	0.0145	258	0.89	5.94	40.44	6	1.42	1	2.84	46.78	40.44	49.82	400.11	396.17	13.785	16.416	13.15	15.65	199.7	1599	0	100.7	20.6	0.779	1.0	-0.22	2.74	1.00	0.00	0.16	111115
"12:55:25 Coolers: Tblock -> 20.00 C"
