"OPEN 6.2.5"
"Wed Jan 26 2022 14:37:56"
<open><version>"6.2.5"</version></open>
<open><configfile>"/User/Configs/UserPrefs/2x3 LED.xml"</configfile></open>
<open><light><source>"6400-02 or -02B LED Source"</source><par_in>1<sensor>"SI-3989"<cal>-0.92<actinity>1.00</actinity><transm>1.00</transm></cal></sensor><transm>1</transm></par_in><par_out>1<sensor>"Q50937"<cal>6.45</cal></sensor></par_out></light></open>
<open><comps><file>"/User/Configs/Comps/StdComps_6.2"<header>""</header><extras></extras></file><energybal>no<f_parIn>1</f_parIn><f_parOut>0</f_parOut><alphaK>0.16</alphaK></energybal><bc_total>2.840<stomatal_ratio>1</stomatal_ratio><bc_oneside>1.420<type>2</type><table>"/Sys/Lib/StdBLCTable"</table><area>6</area><slope>-0.219565</slope><offset>2.73739</offset><fan>5</fan></bc_oneside></bc_total></comps></open>
<open><prompts><onlog>off</onlog><items>"Default (none)"</items></prompts></open>
<open><constants><oxygen>21 %</oxygen><bb_vapor>1.5</bb_vapor><bb_oxy>0.9</bb_oxy></constants></open>
<open><stability><items>"Std Stability"<items[1]><id>-2</id><size>15</size><pcv><onoff>0</onoff><value>1</value></pcv><std><onoff>0</onoff><value>1</value></std><slp><onoff>1</onoff><value>1</value></slp></items[1]><items[2]><id>-5</id><size>15</size><pcv><onoff>0</onoff><value>1</value></pcv><std><onoff>0</onoff><value>1</value></std><slp><onoff>1</onoff><value>1</value></slp></items[2]><items[3]><id>-7</id><size>15</size><pcv><onoff>0</onoff><value>1</value></pcv><std><onoff>0</onoff><value>1</value></std><slp><onoff>1</onoff><value>1</value></slp></items[3]></items></stability></open>
<open><log><format>"StdLogFmt_6.0"<items>{ -35 -21 -36 -76 30 23 36 21 25 221 -33 111 -34 11 -9 -10 -8 -1 -2 -4 -5 -14 -15 -7 -12 -13 -11 -65 -66 -72 -18 -19 -77 -78 -79 -23  }<hdr>{  }</hdr></items></format><options><beep>on</beep><hdr>normal</hdr><rem>normal</rem><stab>no</stab><stats>no<mean>no</mean><file>no</file><period>15</period></stats><excel>yes</excel><controls>yes</controls><comm>no</comm></options><datafile>"/User/jcg_anan_lh"</datafile><button><action>"Normal Log"<code>" LogOneObsManual "</code></action></button><autoprog>"/User/Configs/AutoProgs/AutoLog2"<active>no</active></autoprog></log></open>
<open><a2d><avgtime>4.0 secs</avgtime><userchans><ch20>"Off"</ch20><ch21>"Off"</ch21><ch22>"Off"</ch22><ch23>"Off"</ch23></userchans></a2d></open>
<open><matching><type>0</type><disp>'a'</disp><settings><CO2Limit>10.0</CO2Limit><H2OLimit>1.0</H2OLimit><MaxAutoTime>60</MaxAutoTime></settings></matching></open>
<li6400><factory><unit>"PSC-4076"</unit><serviced>"31 Mar 2014"</serviced><fuseaware>0</fuseaware><co2mixer>yes</co2mixer><co2><coeffs>{ 0 0.215349 2.57678e-05 1.9763e-08 -3.21542e-12 3.03737e-16  }</coeffs><dvdt>-2.8</dvdt><xs>{ 0.0005 0.0003  }</xs></co2><h2o><coeffs>{ 0 0.00579256 2.19235e-06 9.06457e-12  }</coeffs><dvdt>-1</dvdt><xs>{ -0.0026 0.0003  }</xs></h2o><flow>{ 0 0.3607  }</flow><press>{ 88.32 0.00555  }</press></factory></li6400>
<li6400><user><flow_zero>-1560.7</flow_zero><irga_zero><co2>-312.6 -351.6<at>29.8235</at></co2><h2o>-156.6 77.4<at>31.0407</at></h2o></irga_zero><irga_span><co2>{ 0.988788 0.993555  }</co2><h2o>{ 0.996032 0.996401  }</h2o></irga_span><irga_match><co2>{ -1.32399 21.2213  }</co2><h2o>{ -0.104692 0.798296  }</h2o></irga_match><co2_mixer><pump_mv>4500</pump_mv><ppm>{ 2185.36 1052.7 419.509 255.894 118.056 69.8071 46.8351 46.4167  }</ppm><mv>{ 5000 3000 1500 1000 500 300 200 100  }</mv></co2_mixer><parin_offset>-0.0908794</parin_offset><led_cal><unit>"SI-3989"</unit><mv>{ 10 25 50 100 1000 2000 3000 4000 5000  }</mv><qntm>{ 5.41353 17.8999 38.6356 86.3019 941.421 1838.37 2690.41 3508.95 4284.65  }</qntm></led_cal><lcf_cal><unit>"unknown"</unit><red><mv>{ 50 100 500 1000 1500 5000  }</mv><qntm>{ 50 100 500 1000 2000 5000  }</qntm></red><blue><mv>{ 100 200 500 1000 2000 5000  }</mv><qntm>{ 10 20 50 100 200 500  }</qntm></blue></lcf_cal></user></li6400>
"14:37:58 "
$STARTOFDATA$
"Obs"	"HHMMSS"	"FTime"	"EBal?"	"Photo"	"Cond"	"Ci"	"Trmmol"	"VpdL"	"CTleaf"	"Area"	"BLC_1"	"StmRat"	"BLCond"	"Tair"	"Tleaf"	"TBlk"	"CO2R"	"CO2S"	"H2OR"	"H2OS"	"RH_R"	"RH_S"	"Flow"	"PARi"	"PARo"	"Press"	"CsMch"	"HsMch"	"StableF"	"BLCslope"	"BLCoffst"	"f_parin"	"f_parout"	"alphaK"	"Status"
"14:38:08 Coolers: Tblock -> 0.00 C"
"14:55:40 Lamp: ParIn ->  1600 uml"
"14:55:40 CO2 Mixer: CO2R -> 400 uml"
"14:55:40 Coolers: Tblock -> 0.00 C"
"14:55:40 Flow: Fixed -> 200 umol/s"
"14:58:46 Coolers: Tblock -> 0.40 C"
"15:00:59 Flow: Fixed -> 200 umol/s"
1	"15:04:32"	1607.0	0	2.03	0.0283	273	0.285	1.02	10.83	6	1.42	1	2.84	3.54	10.83	0.47	400.32	393.89	1.908	2.763	24.46	35.42	199.7	1600	1	101.4	20.5	0.534	1.0	-0.22	2.74	1.00	0.00	0.16	111115
2	"15:04:33"	1607.0	0	2.03	0.0283	273	0.285	1.02	10.83	6	1.42	1	2.84	3.54	10.83	0.47	400.32	393.89	1.908	2.763	24.46	35.42	199.7	1600	1	101.4	20.5	0.534	1.0	-0.22	2.74	1.00	0.00	0.16	111115
3	"15:04:33"	1607.5	0	2.03	0.0284	273	0.286	1.02	10.83	6	1.42	1	2.84	3.54	10.83	0.47	400.33	393.88	1.907	2.763	24.46	35.43	199.7	1600	1	101.4	20.5	0.534	1.0	-0.22	2.74	1.00	0.00	0.16	111115
4	"15:04:34"	1608.0	0	2.03	0.0284	273	0.286	1.02	10.84	6	1.42	1	2.84	3.54	10.84	0.47	400.32	393.87	1.907	2.763	24.45	35.43	199.7	1600	1	101.4	20.5	0.534	1.0	-0.22	2.74	1.00	0.00	0.16	111115
5	"15:04:34"	1608.5	0	2.04	0.0284	273	0.286	1.02	10.84	6	1.42	1	2.84	3.54	10.84	0.47	400.32	393.87	1.907	2.763	24.45	35.44	199.7	1600	1	101.4	20.5	0.534	1.0	-0.22	2.74	1.00	0.00	0.16	111115
6	"15:04:35"	1609.0	0	2.04	0.0284	272	0.286	1.02	10.84	6	1.42	1	2.84	3.54	10.84	0.47	400.34	393.87	1.907	2.764	24.46	35.44	199.7	1600	1	101.4	20.5	0.534	1.0	-0.22	2.74	1.00	0.00	0.16	111115
7	"15:04:35"	1609.5	0	2.04	0.0284	273	0.286	1.02	10.84	6	1.42	1	2.84	3.54	10.84	0.47	400.32	393.86	1.907	2.764	24.46	35.45	199.8	1600	1	101.4	20.5	0.534	1.0	-0.22	2.74	1.00	0.00	0.16	111115
8	"15:04:36"	1610.0	0	2.05	0.0284	272	0.286	1.02	10.83	6	1.42	1	2.84	3.53	10.83	0.47	400.33	393.84	1.907	2.764	24.46	35.45	199.8	1600	1	101.4	20.5	0.534	1.0	-0.22	2.74	1.00	0.00	0.16	111115
9	"15:04:36"	1610.5	0	2.04	0.0284	273	0.286	1.02	10.83	6	1.42	1	2.84	3.53	10.83	0.47	400.33	393.85	1.907	2.764	24.46	35.46	199.8	1600	1	101.4	20.5	0.534	1.0	-0.22	2.74	1.00	0.00	0.16	111115
10	"15:04:37"	1611.0	0	2.05	0.0285	272	0.286	1.02	10.83	6	1.42	1	2.84	3.53	10.83	0.47	400.35	393.84	1.907	2.764	24.45	35.46	199.8	1600	1	101.4	20.5	0.534	1.0	-0.22	2.74	1.00	0.00	0.16	111115
11	"15:04:38"	1611.5	0	2.06	0.0285	272	0.286	1.02	10.82	6	1.42	1	2.84	3.53	10.82	0.46	400.38	393.85	1.907	2.764	24.46	35.46	199.8	1600	1	101.4	20.5	0.534	1.0	-0.22	2.74	1.00	0.00	0.16	111115
12	"15:04:38"	1612.0	0	2.06	0.0285	272	0.286	1.02	10.82	6	1.42	1	2.84	3.53	10.82	0.46	400.38	393.85	1.907	2.764	24.46	35.46	199.8	1600	1	101.4	20.5	0.534	1.0	-0.22	2.74	1.00	0.00	0.16	111115
13	"15:04:39"	1612.5	0	2.07	0.0285	271	0.286	1.02	10.82	6	1.42	1	2.84	3.53	10.82	0.46	400.40	393.85	1.907	2.764	24.46	35.46	199.8	1600	1	101.4	20.5	0.534	1.0	-0.22	2.74	1.00	0.00	0.16	111115
14	"15:04:40"	1614.0	0	2.06	0.0285	272	0.287	1.02	10.81	6	1.42	1	2.84	3.53	10.81	0.46	400.42	393.89	1.907	2.765	24.47	35.47	199.8	1600	1	101.4	20.5	0.534	1.0	-0.22	2.74	1.00	0.00	0.16	111115
15	"15:04:40"	1615.0	0	2.07	0.0285	272	0.287	1.02	10.81	6	1.42	1	2.84	3.53	10.81	0.46	400.42	393.88	1.908	2.766	24.47	35.48	199.8	1600	1	101.4	20.5	0.534	1.0	-0.22	2.74	1.00	0.00	0.16	111115
"15:04:45 Coolers: Tblock -> 5.00 C"
"15:12:07 Flow: Fixed -> 200 umol/s"
16	"15:12:20"	2075.0	0	2.48	0.0315	259	0.36	1.16	13.38	6	1.42	1	2.84	7.27	13.38	4.95	399.42	391.56	2.674	3.752	26.46	37.13	199.7	1599	1	101.3	20.5	0.599	1.0	-0.22	2.74	1.00	0.00	0.16	111115
17	"15:12:21"	2075.0	0	2.48	0.0315	259	0.36	1.16	13.38	6	1.42	1	2.84	7.27	13.38	4.95	399.42	391.56	2.674	3.752	26.46	37.13	199.7	1599	1	101.3	20.5	0.599	1.0	-0.22	2.74	1.00	0.00	0.16	111115
18	"15:12:21"	2075.5	0	2.47	0.0315	259	0.36	1.16	13.38	6	1.42	1	2.84	7.26	13.38	4.95	399.43	391.58	2.674	3.752	26.46	37.13	199.8	1599	1	101.3	20.5	0.599	1.0	-0.22	2.74	1.00	0.00	0.16	111115
19	"15:12:22"	2076.0	0	2.48	0.0315	258	0.36	1.16	13.38	6	1.42	1	2.84	7.26	13.38	4.95	399.42	391.53	2.674	3.752	26.46	37.13	199.8	1599	1	101.3	20.5	0.599	1.0	-0.22	2.74	1.00	0.00	0.16	111115
20	"15:12:22"	2076.5	0	2.48	0.0315	259	0.36	1.16	13.38	6	1.42	1	2.84	7.27	13.38	4.95	399.43	391.55	2.674	3.753	26.46	37.13	199.8	1599	1	101.3	20.5	0.599	1.0	-0.22	2.74	1.00	0.00	0.16	111115
21	"15:12:23"	2077.0	0	2.48	0.0316	259	0.361	1.16	13.37	6	1.42	1	2.84	7.27	13.37	4.95	399.43	391.56	2.675	3.754	26.46	37.14	199.8	1599	0	101.3	20.5	0.599	1.0	-0.22	2.74	1.00	0.00	0.16	111115
22	"15:12:23"	2077.5	0	2.46	0.0316	260	0.361	1.16	13.37	6	1.42	1	2.84	7.27	13.37	4.95	399.40	391.58	2.674	3.754	26.46	37.14	199.7	1599	0	101.3	20.5	0.599	1.0	-0.22	2.74	1.00	0.00	0.16	111115
23	"15:12:24"	2078.0	0	2.45	0.0316	260	0.361	1.16	13.37	6	1.42	1	2.84	7.27	13.37	4.95	399.41	391.62	2.674	3.753	26.46	37.14	199.7	1599	0	101.3	20.5	0.599	1.0	-0.22	2.74	1.00	0.00	0.16	111115
24	"15:12:25"	2078.5	0	2.44	0.0316	261	0.36	1.16	13.37	6	1.42	1	2.84	7.27	13.37	4.95	399.39	391.64	2.675	3.753	26.46	37.13	199.8	1599	0	101.3	20.5	0.599	1.0	-0.22	2.74	1.00	0.00	0.16	111115
25	"15:12:25"	2079.0	0	2.44	0.0316	261	0.361	1.16	13.36	6	1.42	1	2.84	7.27	13.36	4.95	399.38	391.64	2.674	3.753	26.46	37.14	199.8	1599	0	101.3	20.5	0.599	1.0	-0.22	2.74	1.00	0.00	0.16	111115
26	"15:12:26"	2080.0	0	2.43	0.0316	262	0.361	1.16	13.36	6	1.42	1	2.84	7.27	13.36	4.95	399.40	391.68	2.675	3.754	26.47	37.14	199.8	1599	0	101.3	20.5	0.599	1.0	-0.22	2.74	1.00	0.00	0.16	111115
27	"15:12:26"	2080.5	0	2.44	0.0316	261	0.361	1.16	13.35	6	1.42	1	2.84	7.27	13.35	4.95	399.42	391.65	2.675	3.754	26.47	37.14	199.8	1599	0	101.3	20.5	0.599	1.0	-0.22	2.74	1.00	0.00	0.16	111115
28	"15:12:27"	2081.0	0	2.44	0.0316	261	0.361	1.16	13.35	6	1.42	1	2.84	7.26	13.35	4.95	399.43	391.67	2.675	3.754	26.47	37.14	199.8	1599	0	101.3	20.5	0.599	1.0	-0.22	2.74	1.00	0.00	0.16	111115
29	"15:12:27"	2081.5	0	2.44	0.0317	261	0.361	1.16	13.34	6	1.42	1	2.84	7.26	13.34	4.95	399.44	391.67	2.674	3.754	26.47	37.15	199.8	1599	0	101.3	20.5	0.599	1.0	-0.22	2.74	1.00	0.00	0.16	111115
30	"15:12:28"	2082.0	0	2.45	0.0317	261	0.361	1.16	13.34	6	1.42	1	2.84	7.26	13.34	4.95	399.46	391.66	2.674	3.755	26.46	37.16	199.7	1599	0	101.3	20.5	0.599	1.0	-0.22	2.74	1.00	0.00	0.16	111115
"15:12:33 Coolers: Tblock -> 10.00 C"
"15:23:51 Flow: Fixed -> 200 umol/s"
31	"15:24:17"	2791.0	0	2.94	0.0381	258	0.535	1.43	16.74	6	1.42	1	2.84	11.79	16.74	10.03	399.35	389.89	3.191	4.791	23.29	34.98	199.7	1600	0	101.3	20.8	0.646	0.7	-0.22	2.74	1.00	0.00	0.16	111115
32	"15:24:18"	2791.5	0	2.94	0.0381	258	0.535	1.43	16.74	6	1.42	1	2.84	11.79	16.74	10.03	399.35	389.90	3.191	4.791	23.29	34.98	199.8	1600	0	101.3	20.8	0.646	0.7	-0.22	2.74	1.00	0.00	0.16	111115
33	"15:24:18"	2791.5	0	2.94	0.0381	258	0.535	1.43	16.74	6	1.42	1	2.84	11.79	16.74	10.03	399.35	389.90	3.191	4.791	23.29	34.98	199.8	1600	0	101.3	20.8	0.646	0.7	-0.22	2.74	1.00	0.00	0.16	111115
34	"15:24:18"	2791.5	0	2.94	0.0381	258	0.535	1.43	16.74	6	1.42	1	2.84	11.79	16.74	10.03	399.35	389.90	3.191	4.791	23.29	34.98	199.8	1600	0	101.3	20.8	0.646	0.7	-0.22	2.74	1.00	0.00	0.16	111115
35	"15:24:19"	2792.0	0	2.94	0.0381	258	0.535	1.43	16.73	6	1.42	1	2.84	11.79	16.73	10.03	399.35	389.90	3.191	4.791	23.29	34.97	199.8	1600	0	101.3	20.8	0.646	0.7	-0.22	2.74	1.00	0.00	0.16	111115
36	"15:24:19"	2792.5	0	2.94	0.0381	257	0.535	1.43	16.73	6	1.42	1	2.84	11.79	16.73	10.03	399.36	389.89	3.190	4.791	23.29	34.98	199.7	1600	0	101.3	20.8	0.646	0.7	-0.22	2.74	1.00	0.00	0.16	111115
37	"15:24:20"	2793.0	0	2.95	0.0381	257	0.535	1.43	16.73	6	1.42	1	2.84	11.79	16.73	10.03	399.36	389.88	3.191	4.791	23.29	34.98	199.7	1600	0	101.3	20.8	0.646	0.7	-0.22	2.74	1.00	0.00	0.16	111115
38	"15:24:20"	2793.5	0	2.95	0.0381	257	0.535	1.43	16.72	6	1.42	1	2.84	11.79	16.72	10.03	399.37	389.88	3.191	4.791	23.30	34.98	199.8	1600	0	101.3	20.8	0.646	0.7	-0.22	2.74	1.00	0.00	0.16	111115
39	"15:24:21"	2794.0	0	2.95	0.0381	257	0.535	1.42	16.72	6	1.42	1	2.84	11.79	16.72	10.03	399.38	389.88	3.191	4.791	23.30	34.98	199.8	1600	0	101.3	20.8	0.646	0.7	-0.22	2.74	1.00	0.00	0.16	111115
40	"15:24:21"	2794.5	0	2.97	0.0381	256	0.535	1.42	16.72	6	1.42	1	2.84	11.79	16.72	10.03	399.41	389.86	3.191	4.791	23.29	34.98	199.7	1600	0	101.3	20.8	0.646	1.0	-0.22	2.74	1.00	0.00	0.16	111115
41	"15:24:22"	2795.0	0	2.97	0.0382	257	0.536	1.42	16.72	6	1.42	1	2.84	11.79	16.72	10.03	399.39	389.84	3.189	4.791	23.29	34.98	199.7	1600	0	101.3	20.8	0.646	1.0	-0.22	2.74	1.00	0.00	0.16	111115
42	"15:24:22"	2795.5	0	2.96	0.0382	257	0.536	1.42	16.72	6	1.42	1	2.84	11.79	16.72	10.03	399.38	389.87	3.190	4.791	23.29	34.98	199.8	1600	0	101.4	20.8	0.646	1.0	-0.22	2.74	1.00	0.00	0.16	111115
43	"15:24:23"	2796.0	0	2.95	0.0382	258	0.536	1.42	16.72	6	1.42	1	2.84	11.79	16.72	10.03	399.36	389.87	3.189	4.792	23.29	34.99	199.8	1600	0	101.4	20.8	0.646	1.0	-0.22	2.74	1.00	0.00	0.16	111115
44	"15:24:23"	2796.5	0	2.93	0.0382	258	0.536	1.43	16.72	6	1.42	1	2.84	11.79	16.72	10.03	399.32	389.88	3.190	4.792	23.29	34.99	199.8	1600	0	101.4	20.8	0.646	1.0	-0.22	2.74	1.00	0.00	0.16	111115
45	"15:24:24"	2797.0	0	2.92	0.0382	259	0.536	1.43	16.73	6	1.42	1	2.84	11.79	16.73	10.03	399.28	389.89	3.190	4.792	23.29	34.99	199.8	1600	0	101.4	20.8	0.646	1.0	-0.22	2.74	1.00	0.00	0.16	111115
"15:24:29 Coolers: Tblock -> 15.00 C"
"15:34:18 Flow: Fixed -> 200 umol/s"
"15:34:21 Lamp: ParIn ->  1600 uml"
"15:34:21 CO2 Mixer: CO2R -> 400 uml"
"15:34:21 Coolers: Tblock -> 15.00 C"
"15:34:21 Flow: Fixed -> 200 umol/s"
46	"15:34:30"	3404.0	0	3.31	0.0396	245	0.663	1.7	19.93	6	1.42	1	2.84	16.19	19.93	15.10	399.94	389.23	4.327	6.307	23.75	34.62	199.7	1599	0	101.4	21	0.711	1.0	-0.22	2.74	1.00	0.00	0.16	111115
47	"15:34:30"	3404.0	0	3.31	0.0396	245	0.663	1.7	19.93	6	1.42	1	2.84	16.19	19.93	15.10	399.94	389.23	4.327	6.307	23.75	34.62	199.7	1599	0	101.4	21	0.711	1.0	-0.22	2.74	1.00	0.00	0.16	111115
48	"15:34:31"	3404.5	0	3.31	0.0396	245	0.664	1.7	19.93	6	1.42	1	2.84	16.19	19.93	15.10	399.96	389.24	4.326	6.307	23.75	34.62	199.7	1599	0	101.4	21	0.711	1.0	-0.22	2.74	1.00	0.00	0.16	111115
49	"15:34:31"	3405.0	0	3.31	0.0396	245	0.664	1.7	19.93	6	1.42	1	2.84	16.18	19.93	15.10	399.97	389.24	4.326	6.308	23.75	34.62	199.7	1599	0	101.4	21	0.711	1.0	-0.22	2.74	1.00	0.00	0.16	111115
50	"15:34:32"	3405.5	0	3.32	0.0396	245	0.664	1.7	19.93	6	1.42	1	2.84	16.18	19.93	15.10	399.97	389.22	4.326	6.307	23.75	34.63	199.7	1599	0	101.4	21	0.711	1.0	-0.22	2.74	1.00	0.00	0.16	111115
51	"15:34:32"	3406.0	0	3.32	0.0396	245	0.664	1.7	19.92	6	1.42	1	2.84	16.18	19.92	15.10	399.99	389.23	4.326	6.308	23.75	34.63	199.7	1599	0	101.4	21	0.711	1.0	-0.22	2.74	1.00	0.00	0.16	111115
52	"15:34:33"	3406.5	0	3.32	0.0396	245	0.664	1.7	19.92	6	1.42	1	2.84	16.18	19.92	15.10	399.99	389.23	4.327	6.308	23.75	34.63	199.7	1599	0	101.4	21	0.711	1.0	-0.22	2.74	1.00	0.00	0.16	111115
53	"15:34:33"	3407.0	0	3.32	0.0396	245	0.664	1.7	19.92	6	1.42	1	2.84	16.18	19.92	15.10	400.01	389.26	4.327	6.308	23.75	34.63	199.7	1599	0	101.4	21	0.711	1.0	-0.22	2.74	1.00	0.00	0.16	111115
54	"15:34:34"	3407.5	0	3.31	0.0396	245	0.663	1.7	19.92	6	1.42	1	2.84	16.18	19.92	15.10	400.00	389.27	4.327	6.308	23.76	34.63	199.7	1599	0	101.4	21	0.711	1.0	-0.22	2.74	1.00	0.00	0.16	111115
55	"15:34:34"	3408.0	0	3.31	0.0396	245	0.663	1.69	19.92	6	1.42	1	2.84	16.19	19.92	15.10	400.01	389.29	4.328	6.308	23.76	34.63	199.7	1599	0	101.4	21	0.711	1.0	-0.22	2.74	1.00	0.00	0.16	111115
56	"15:34:35"	3408.5	0	3.33	0.0396	245	0.663	1.69	19.91	6	1.42	1	2.84	16.19	19.91	15.10	400.04	389.27	4.328	6.307	23.76	34.62	199.8	1599	0	101.4	21	0.711	1.0	-0.22	2.74	1.00	0.00	0.16	111115
57	"15:34:35"	3409.0	0	3.33	0.0396	245	0.663	1.69	19.91	6	1.42	1	2.84	16.19	19.91	15.10	400.04	389.27	4.328	6.307	23.76	34.62	199.8	1599	0	101.4	21	0.711	1.0	-0.22	2.74	1.00	0.00	0.16	111115
58	"15:34:36"	3409.5	0	3.32	0.0396	245	0.663	1.7	19.92	6	1.42	1	2.84	16.19	19.92	15.10	400.03	389.28	4.328	6.307	23.75	34.62	199.8	1599	0	101.4	21	0.711	1.0	-0.22	2.74	1.00	0.00	0.16	111115
59	"15:34:36"	3410.0	0	3.32	0.0396	245	0.663	1.7	19.92	6	1.42	1	2.84	16.19	19.92	15.10	400.02	389.27	4.327	6.307	23.75	34.62	199.8	1599	0	101.4	21	0.711	1.0	-0.22	2.74	1.00	0.00	0.16	111115
60	"15:34:37"	3410.5	0	3.33	0.0396	245	0.663	1.69	19.91	6	1.42	1	2.84	16.19	19.91	15.10	400.02	389.24	4.327	6.307	23.75	34.62	199.8	1599	0	101.4	21	0.711	1.0	-0.22	2.74	1.00	0.00	0.16	111115
"15:34:44 Coolers: Tblock -> 20.00 C"
"15:44:55 Flow: Fixed -> 200 umol/s"
61	"15:45:10"	4044.0	0	3.35	0.0365	231	0.73	2.01	23.00	6	1.42	1	2.84	20.43	23.00	19.97	400.02	389.09	5.767	7.943	24.25	33.40	199.7	1599	0	101.3	21.3	0.761	1.0	-0.22	2.74	1.00	0.00	0.16	111115
62	"15:45:10"	4044.5	0	3.36	0.0366	230	0.73	2.01	23.00	6	1.42	1	2.84	20.43	23.00	19.97	400.02	389.08	5.767	7.943	24.25	33.40	199.7	1599	0	101.3	21.3	0.761	1.0	-0.22	2.74	1.00	0.00	0.16	111115
63	"15:45:11"	4045.0	0	3.36	0.0366	230	0.73	2.01	22.99	6	1.42	1	2.84	20.43	22.99	19.97	400.03	389.08	5.767	7.944	24.25	33.40	199.7	1598	0	101.3	21.3	0.761	1.0	-0.22	2.74	1.00	0.00	0.16	111115
64	"15:45:11"	4045.5	0	3.36	0.0366	230	0.73	2.01	22.99	6	1.42	1	2.84	20.43	22.99	19.97	400.04	389.08	5.767	7.944	24.25	33.40	199.7	1598	0	101.3	21.3	0.761	1.0	-0.22	2.74	1.00	0.00	0.16	111115
65	"15:45:12"	4046.0	0	3.37	0.0366	230	0.73	2.01	22.99	6	1.42	1	2.84	20.43	22.99	19.97	400.05	389.08	5.767	7.944	24.25	33.41	199.7	1598	0	101.3	21.3	0.761	1.0	-0.22	2.74	1.00	0.00	0.16	111115
66	"15:45:12"	4046.5	0	3.38	0.0366	230	0.73	2.01	22.98	6	1.42	1	2.84	20.43	22.98	19.97	400.06	389.06	5.767	7.944	24.25	33.41	199.7	1598	0	101.3	21.3	0.761	1.0	-0.22	2.74	1.00	0.00	0.16	111115
67	"15:45:13"	4047.0	0	3.38	0.0366	230	0.73	2.01	22.98	6	1.42	1	2.84	20.43	22.98	19.97	400.03	389.02	5.766	7.943	24.25	33.40	199.7	1598	0	101.3	21.3	0.761	1.0	-0.22	2.74	1.00	0.00	0.16	111115
68	"15:45:13"	4047.5	0	3.38	0.0366	230	0.73	2.01	22.98	6	1.42	1	2.84	20.43	22.98	19.97	400.04	389.04	5.767	7.943	24.25	33.40	199.7	1598	0	101.3	21.3	0.761	1.0	-0.22	2.74	1.00	0.00	0.16	111115
69	"15:45:14"	4048.0	0	3.38	0.0366	230	0.73	2.01	22.97	6	1.42	1	2.84	20.43	22.97	19.97	400.04	389.04	5.766	7.942	24.25	33.40	199.7	1599	0	101.3	21.3	0.761	1.0	-0.22	2.74	1.00	0.00	0.16	111115
70	"15:45:14"	4048.5	0	3.39	0.0366	230	0.73	2.01	22.97	6	1.42	1	2.84	20.43	22.97	19.97	400.06	389.03	5.765	7.942	24.25	33.40	199.7	1599	0	101.3	21.3	0.761	1.0	-0.22	2.74	1.00	0.00	0.16	111115
71	"15:45:15"	4049.5	0	3.37	0.0366	230	0.73	2.01	22.97	6	1.42	1	2.84	20.43	22.97	19.97	400.02	389.04	5.766	7.941	24.25	33.40	199.7	1599	0	101.3	21.3	0.761	1.0	-0.22	2.74	1.00	0.00	0.16	111115
72	"15:45:16"	4049.5	0	3.37	0.0366	230	0.73	2.01	22.97	6	1.42	1	2.84	20.43	22.97	19.97	400.02	389.04	5.766	7.941	24.25	33.40	199.7	1599	0	101.3	21.3	0.761	1.0	-0.22	2.74	1.00	0.00	0.16	111115
73	"15:45:16"	4050.0	0	3.38	0.0366	230	0.73	2.01	22.97	6	1.42	1	2.84	20.43	22.97	19.97	400.01	389.01	5.765	7.942	24.25	33.40	199.7	1599	0	101.3	21.3	0.761	1.0	-0.22	2.74	1.00	0.00	0.16	111115
74	"15:45:17"	4050.5	0	3.37	0.0366	230	0.73	2.01	22.97	6	1.42	1	2.84	20.43	22.97	19.97	400.00	389.00	5.766	7.942	24.25	33.40	199.7	1600	0	101.3	21.3	0.761	1.0	-0.22	2.74	1.00	0.00	0.16	111115
75	"15:45:17"	4051.0	0	3.38	0.0366	230	0.73	2.01	22.97	6	1.42	1	2.84	20.43	22.97	19.97	400.05	389.03	5.767	7.943	24.25	33.41	199.7	1600	0	101.3	21.3	0.761	1.0	-0.22	2.74	1.00	0.00	0.16	111115
"15:45:23 Coolers: Tblock -> 25.00 C"
"15:54:22 Flow: Fixed -> 200 umol/s"
76	"15:54:33"	4607.5	0	3.13	0.0296	208	0.699	2.37	26.06	6	1.42	1	2.84	24.81	26.06	25.04	400.59	390.36	7.975	10.053	25.70	32.40	199.7	1600	0	101.3	21.6	0.819	1.0	-0.22	2.74	1.00	0.00	0.16	111115
77	"15:54:33"	4607.5	0	3.13	0.0296	208	0.699	2.37	26.06	6	1.42	1	2.84	24.81	26.06	25.04	400.59	390.36	7.975	10.053	25.70	32.40	199.7	1600	0	101.3	21.6	0.819	1.0	-0.22	2.74	1.00	0.00	0.16	111115
78	"15:54:34"	4608.0	0	3.14	0.0295	207	0.699	2.37	26.06	6	1.42	1	2.84	24.81	26.06	25.04	400.60	390.35	7.974	10.052	25.70	32.39	199.7	1600	0	101.3	21.6	0.819	1.0	-0.22	2.74	1.00	0.00	0.16	111115
79	"15:54:34"	4608.5	0	3.13	0.0295	208	0.698	2.37	26.06	6	1.42	1	2.84	24.81	26.06	25.04	400.58	390.36	7.975	10.051	25.70	32.39	199.7	1600	0	101.3	21.6	0.819	1.0	-0.22	2.74	1.00	0.00	0.16	111115
80	"15:54:35"	4609.0	0	3.12	0.0295	208	0.698	2.37	26.06	6	1.42	1	2.84	24.82	26.06	25.04	400.57	390.37	7.974	10.052	25.70	32.39	199.7	1600	0	101.3	21.6	0.819	1.0	-0.22	2.74	1.00	0.00	0.16	111115
81	"15:54:36"	4610.5	0	3.14	0.0295	207	0.698	2.37	26.05	6	1.42	1	2.84	24.81	26.05	25.04	400.61	390.37	7.975	10.050	25.70	32.39	199.7	1600	0	101.3	21.6	0.819	1.0	-0.22	2.74	1.00	0.00	0.16	111115
82	"15:54:36"	4610.5	0	3.14	0.0295	207	0.698	2.37	26.05	6	1.42	1	2.84	24.81	26.05	25.04	400.61	390.37	7.975	10.050	25.70	32.39	199.7	1600	0	101.3	21.6	0.819	1.0	-0.22	2.74	1.00	0.00	0.16	111115
83	"15:54:37"	4611.0	0	3.14	0.0295	207	0.698	2.37	26.05	6	1.42	1	2.84	24.81	26.05	25.04	400.63	390.37	7.975	10.050	25.70	32.39	199.7	1600	0	101.3	21.6	0.819	1.0	-0.22	2.74	1.00	0.00	0.16	111115
84	"15:54:37"	4611.0	0	3.14	0.0295	207	0.698	2.37	26.05	6	1.42	1	2.84	24.81	26.05	25.04	400.63	390.37	7.975	10.050	25.70	32.39	199.7	1600	0	101.3	21.6	0.819	1.0	-0.22	2.74	1.00	0.00	0.16	111115
85	"15:54:38"	4611.5	0	3.14	0.0295	208	0.698	2.37	26.05	6	1.42	1	2.84	24.81	26.05	25.04	400.61	390.37	7.975	10.050	25.70	32.39	199.7	1600	0	101.3	21.6	0.819	1.0	-0.22	2.74	1.00	0.00	0.16	111115
86	"15:54:38"	4613.0	0	3.15	0.0295	207	0.697	2.37	26.05	6	1.42	1	2.84	24.81	26.05	25.04	400.66	390.39	7.975	10.047	25.70	32.38	199.7	1600	0	101.3	21.6	0.819	1.0	-0.22	2.74	1.00	0.00	0.16	111115
87	"15:54:39"	4613.0	0	3.15	0.0295	207	0.697	2.37	26.05	6	1.42	1	2.84	24.81	26.05	25.04	400.66	390.39	7.975	10.047	25.70	32.38	199.7	1600	0	101.3	21.6	0.819	1.0	-0.22	2.74	1.00	0.00	0.16	111115
88	"15:54:39"	4613.5	0	3.16	0.0295	206	0.696	2.37	26.05	6	1.42	1	2.84	24.82	26.05	25.04	400.67	390.37	7.976	10.047	25.70	32.38	199.7	1600	0	101.3	21.6	0.819	1.0	-0.22	2.74	1.00	0.00	0.16	111115
89	"15:54:40"	4614.0	0	3.15	0.0295	207	0.696	2.37	26.05	6	1.42	1	2.84	24.81	26.05	25.04	400.67	390.39	7.976	10.047	25.70	32.38	199.7	1600	0	101.3	21.6	0.819	1.0	-0.22	2.74	1.00	0.00	0.16	111115
90	"15:54:41"	4616.0	0	3.14	0.0294	207	0.696	2.37	26.06	6	1.42	1	2.84	24.82	26.06	25.04	400.62	390.37	7.976	10.045	25.70	32.37	199.7	1600	0	101.3	21.6	0.819	1.0	-0.22	2.74	1.00	0.00	0.16	111115
"15:54:50 Coolers: Tblock -> 30.00 C"
"16:03:02 Flow: Fixed -> 200 umol/s"
91	"16:03:30"	5144.0	0	2.91	0.0253	192	0.763	3	29.06	6	1.42	1	2.84	29.22	29.06	30.12	400.68	391.04	7.955	10.224	19.80	25.44	199.6	1600	0	101.3	21.9	0.821	1.0	-0.22	2.74	1.00	0.00	0.16	111115
92	"16:03:31"	5144.0	0	2.91	0.0253	192	0.763	3	29.06	6	1.42	1	2.84	29.22	29.06	30.12	400.68	391.04	7.955	10.224	19.80	25.44	199.6	1600	0	101.3	21.9	0.821	1.0	-0.22	2.74	1.00	0.00	0.16	111115
93	"16:03:31"	5144.5	0	2.9	0.0253	193	0.763	3	29.06	6	1.42	1	2.84	29.22	29.06	30.12	400.67	391.07	7.955	10.224	19.80	25.44	199.6	1600	0	101.3	21.9	0.821	1.0	-0.22	2.74	1.00	0.00	0.16	111115
94	"16:03:32"	5145.0	0	2.89	0.0253	193	0.762	3	29.06	6	1.42	1	2.84	29.22	29.06	30.12	400.66	391.09	7.955	10.223	19.80	25.44	199.6	1600	0	101.3	21.9	0.821	1.0	-0.22	2.74	1.00	0.00	0.16	111115
95	"16:03:32"	5145.5	0	2.9	0.0253	192	0.762	3	29.06	6	1.42	1	2.84	29.22	29.06	30.12	400.69	391.09	7.956	10.222	19.80	25.44	199.6	1600	0	101.3	21.9	0.821	1.0	-0.22	2.74	1.00	0.00	0.16	111115
96	"16:03:33"	5146.0	0	2.91	0.0253	192	0.762	3	29.06	6	1.42	1	2.84	29.22	29.06	30.12	400.70	391.07	7.955	10.221	19.80	25.43	199.6	1600	0	101.3	21.9	0.821	1.0	-0.22	2.74	1.00	0.00	0.16	111115
97	"16:03:33"	5146.5	0	2.92	0.0253	191	0.761	3	29.06	6	1.42	1	2.84	29.22	29.06	30.12	400.74	391.06	7.956	10.221	19.80	25.43	199.6	1600	0	101.3	21.9	0.821	1.0	-0.22	2.74	1.00	0.00	0.16	111115
98	"16:03:34"	5147.0	0	2.93	0.0253	190	0.761	3	29.06	6	1.42	1	2.84	29.22	29.06	30.12	400.75	391.05	7.956	10.220	19.79	25.43	199.6	1600	0	101.3	21.9	0.821	1.0	-0.22	2.74	1.00	0.00	0.16	111115
99	"16:03:34"	5147.5	0	2.92	0.0253	191	0.762	3	29.06	6	1.42	1	2.84	29.22	29.06	30.12	400.73	391.07	7.955	10.220	19.79	25.43	199.7	1600	0	101.3	21.9	0.821	1.0	-0.22	2.74	1.00	0.00	0.16	111115
100	"16:03:35"	5148.0	0	2.91	0.0253	192	0.762	3	29.06	6	1.42	1	2.84	29.22	29.06	30.12	400.72	391.08	7.955	10.221	19.79	25.43	199.7	1600	0	101.3	21.9	0.821	1.0	-0.22	2.74	1.00	0.00	0.16	111115
101	"16:03:35"	5149.0	0	2.93	0.0253	190	0.761	3	29.06	6	1.42	1	2.84	29.22	29.06	30.12	400.73	391.04	7.956	10.220	19.79	25.43	199.7	1600	0	101.3	21.9	0.821	1.0	-0.22	2.74	1.00	0.00	0.16	111115
102	"16:03:36"	5150.0	0	2.92	0.0253	191	0.761	3	29.05	6	1.42	1	2.84	29.22	29.05	30.12	400.70	391.04	7.956	10.219	19.79	25.42	199.7	1600	0	101.3	21.9	0.821	1.0	-0.22	2.74	1.00	0.00	0.16	111115
103	"16:03:37"	5150.5	0	2.92	0.0253	191	0.761	3	29.05	6	1.42	1	2.84	29.22	29.05	30.12	400.71	391.03	7.957	10.219	19.79	25.42	199.7	1600	0	101.3	21.9	0.821	1.0	-0.22	2.74	1.00	0.00	0.16	111115
104	"16:03:37"	5151.0	0	2.93	0.0253	190	0.76	3	29.05	6	1.42	1	2.84	29.22	29.05	30.12	400.72	391.03	7.958	10.218	19.80	25.42	199.7	1600	0	101.3	21.9	0.821	1.0	-0.22	2.74	1.00	0.00	0.16	111115
105	"16:03:38"	5151.5	0	2.92	0.0252	190	0.759	3	29.06	6	1.42	1	2.84	29.22	29.06	30.12	400.72	391.05	7.958	10.217	19.80	25.42	199.7	1600	0	101.3	21.9	0.821	1.0	-0.22	2.74	1.00	0.00	0.16	111115
"16:03:42 Coolers: Tblock -> 35.00 C"
"16:13:01 Flow: Fixed -> 200 umol/s"
106	"16:13:27"	5740.5	0	2.41	0.0196	178	0.762	3.84	32.37	6	1.42	1	2.84	33.61	32.37	34.99	400.51	392.38	7.932	10.199	15.38	19.77	199.6	1599	0	101.3	22.5	0.827	1.0	-0.22	2.74	1.00	0.00	0.16	111115
107	"16:13:27"	5741.0	0	2.41	0.0196	177	0.762	3.84	32.37	6	1.42	1	2.84	33.61	32.37	34.99	400.51	392.37	7.932	10.199	15.38	19.77	199.6	1599	0	101.3	22.5	0.827	1.0	-0.22	2.74	1.00	0.00	0.16	111115
108	"16:13:28"	5741.5	0	2.4	0.0197	178	0.762	3.84	32.37	6	1.42	1	2.84	33.61	32.37	34.99	400.52	392.39	7.932	10.199	15.38	19.77	199.6	1599	0	101.3	22.5	0.827	1.0	-0.22	2.74	1.00	0.00	0.16	111115
109	"16:13:28"	5742.0	0	2.4	0.0197	178	0.762	3.84	32.36	6	1.42	1	2.84	33.61	32.36	34.99	400.52	392.40	7.931	10.198	15.38	19.77	199.6	1599	0	101.3	22.5	0.827	1.0	-0.22	2.74	1.00	0.00	0.16	111115
110	"16:13:29"	5742.5	0	2.41	0.0197	178	0.762	3.84	32.36	6	1.42	1	2.84	33.61	32.36	34.99	400.53	392.40	7.931	10.198	15.38	19.77	199.6	1599	0	101.3	22.5	0.827	1.0	-0.22	2.74	1.00	0.00	0.16	111115
111	"16:13:29"	5742.5	0	2.41	0.0197	178	0.762	3.84	32.36	6	1.42	1	2.84	33.61	32.36	34.99	400.53	392.40	7.931	10.198	15.38	19.77	199.6	1599	0	101.3	22.5	0.827	1.0	-0.22	2.74	1.00	0.00	0.16	111115
112	"16:13:30"	5743.0	0	2.39	0.0197	179	0.762	3.84	32.36	6	1.42	1	2.84	33.61	32.36	34.99	400.52	392.43	7.932	10.197	15.38	19.77	199.6	1599	0	101.3	22.5	0.827	1.0	-0.22	2.74	1.00	0.00	0.16	111115
113	"16:13:30"	5744.0	0	2.39	0.0197	179	0.761	3.84	32.36	6	1.42	1	2.84	33.61	32.36	34.99	400.54	392.46	7.932	10.197	15.38	19.77	199.7	1599	0	101.3	22.5	0.827	1.0	-0.22	2.74	1.00	0.00	0.16	111115
114	"16:13:31"	5744.5	0	2.39	0.0196	179	0.761	3.84	32.36	6	1.42	1	2.84	33.61	32.36	34.99	400.55	392.47	7.932	10.196	15.37	19.76	199.7	1599	0	101.3	22.5	0.827	1.0	-0.22	2.74	1.00	0.00	0.16	111115
115	"16:13:31"	5745.0	0	2.4	0.0196	178	0.761	3.84	32.36	6	1.42	1	2.84	33.61	32.36	34.99	400.56	392.46	7.931	10.195	15.37	19.76	199.7	1599	1	101.3	22.5	0.827	1.0	-0.22	2.74	1.00	0.00	0.16	111115
116	"16:13:32"	5745.0	0	2.4	0.0196	178	0.761	3.84	32.36	6	1.42	1	2.84	33.61	32.36	34.99	400.56	392.46	7.931	10.195	15.37	19.76	199.7	1599	1	101.3	22.5	0.827	1.0	-0.22	2.74	1.00	0.00	0.16	111115
117	"16:13:32"	5746.0	0	2.4	0.0196	177	0.76	3.84	32.36	6	1.42	1	2.84	33.61	32.36	34.99	400.55	392.43	7.932	10.193	15.37	19.76	199.6	1599	1	101.3	22.5	0.827	1.0	-0.22	2.74	1.00	0.00	0.16	111115
118	"16:13:33"	5746.5	0	2.4	0.0196	178	0.759	3.84	32.36	6	1.42	1	2.84	33.61	32.36	34.99	400.55	392.45	7.932	10.191	15.37	19.75	199.6	1599	1	101.3	22.5	0.827	1.0	-0.22	2.74	1.00	0.00	0.16	111115
119	"16:13:33"	5747.0	0	2.41	0.0196	177	0.759	3.84	32.36	6	1.42	1	2.84	33.61	32.36	34.99	400.57	392.43	7.933	10.190	15.37	19.75	199.6	1600	1	101.3	22.5	0.827	1.0	-0.22	2.74	1.00	0.00	0.16	111115
120	"16:13:34"	5747.0	0	2.41	0.0196	177	0.759	3.84	32.36	6	1.42	1	2.84	33.61	32.36	34.99	400.57	392.43	7.933	10.190	15.37	19.75	199.6	1600	1	101.3	22.5	0.827	1.0	-0.22	2.74	1.00	0.00	0.16	111115
"16:13:38 Coolers: Tblock -> 40.00 C"
"16:22:36 Flow: Fixed -> 200 umol/s"
121	"16:22:50"	6304.5	0	2.34	0.02	182	0.933	4.6	35.10	6	1.42	1	2.84	38.06	35.10	40.06	400.01	391.87	7.893	10.667	11.98	16.19	199.6	1601	0	101.3	22.8	0.821	1.0	-0.22	2.74	1.00	0.00	0.16	111115
122	"16:22:51"	6305.0	0	2.35	0.02	181	0.932	4.6	35.11	6	1.42	1	2.84	38.06	35.11	40.06	400.03	391.86	7.893	10.666	11.98	16.19	199.6	1601	0	101.3	22.8	0.821	1.0	-0.22	2.74	1.00	0.00	0.16	111115
123	"16:22:51"	6305.0	0	2.35	0.02	181	0.932	4.6	35.11	6	1.42	1	2.84	38.06	35.11	40.06	400.03	391.86	7.893	10.666	11.98	16.19	199.6	1601	0	101.3	22.8	0.821	1.0	-0.22	2.74	1.00	0.00	0.16	111115
124	"16:22:52"	6305.5	0	2.35	0.02	181	0.933	4.6	35.11	6	1.42	1	2.84	38.05	35.11	40.06	400.01	391.85	7.892	10.665	11.98	16.19	199.6	1601	0	101.3	22.8	0.821	1.0	-0.22	2.74	1.00	0.00	0.16	111115
125	"16:22:52"	6306.0	0	2.35	0.02	181	0.932	4.6	35.11	6	1.42	1	2.84	38.05	35.11	40.06	400.03	391.88	7.894	10.664	11.98	16.18	199.7	1601	0	101.3	22.8	0.821	1.0	-0.22	2.74	1.00	0.00	0.16	111115
126	"16:22:53"	6306.5	0	2.36	0.02	180	0.932	4.6	35.11	6	1.42	1	2.84	38.05	35.11	40.06	400.05	391.86	7.894	10.664	11.98	16.19	199.7	1601	0	101.3	22.8	0.821	1.0	-0.22	2.74	1.00	0.00	0.16	111115
127	"16:22:53"	6307.0	0	2.38	0.02	179	0.932	4.6	35.11	6	1.42	1	2.84	38.05	35.11	40.06	400.07	391.83	7.893	10.662	11.98	16.18	199.7	1601	0	101.3	22.8	0.821	1.0	-0.22	2.74	1.00	0.00	0.16	111115
128	"16:22:54"	6307.5	0	2.39	0.02	178	0.932	4.6	35.11	6	1.42	1	2.84	38.05	35.11	40.06	400.10	391.83	7.893	10.662	11.98	16.18	199.7	1601	0	101.3	22.8	0.821	1.0	-0.22	2.74	1.00	0.00	0.16	111115
129	"16:22:54"	6308.0	0	2.4	0.02	177	0.931	4.6	35.11	6	1.42	1	2.84	38.05	35.11	40.06	400.12	391.80	7.893	10.661	11.98	16.18	199.7	1601	0	101.3	22.8	0.821	1.0	-0.22	2.74	1.00	0.00	0.16	111115
130	"16:22:55"	6308.5	0	2.41	0.0199	176	0.931	4.6	35.11	6	1.42	1	2.84	38.06	35.11	40.07	400.13	391.78	7.893	10.660	11.98	16.18	199.7	1601	0	101.3	22.8	0.821	1.0	-0.22	2.74	1.00	0.00	0.16	111115
131	"16:22:55"	6309.5	0	2.41	0.0199	175	0.93	4.6	35.11	6	1.42	1	2.84	38.06	35.11	40.07	400.17	391.82	7.894	10.658	11.98	16.17	199.7	1601	0	101.3	22.8	0.821	1.0	-0.22	2.74	1.00	0.00	0.16	111115
132	"16:22:56"	6310.0	0	2.42	0.0199	175	0.93	4.6	35.11	6	1.42	1	2.84	38.06	35.11	40.07	400.17	391.79	7.894	10.657	11.98	16.17	199.7	1600	0	101.3	22.8	0.821	1.0	-0.22	2.74	1.00	0.00	0.16	111115
133	"16:22:56"	6310.5	0	2.42	0.0199	175	0.929	4.6	35.11	6	1.42	1	2.84	38.06	35.11	40.07	400.16	391.81	7.894	10.656	11.98	16.17	199.7	1600	0	101.3	22.8	0.821	1.0	-0.22	2.74	1.00	0.00	0.16	111115
134	"16:22:57"	6311.0	0	2.41	0.0199	176	0.929	4.6	35.11	6	1.42	1	2.84	38.06	35.11	40.07	400.18	391.85	7.894	10.656	11.98	16.17	199.7	1601	0	101.3	22.8	0.821	1.0	-0.22	2.74	1.00	0.00	0.16	111115
135	"16:22:57"	6311.5	0	2.4	0.0199	176	0.929	4.6	35.11	6	1.42	1	2.84	38.06	35.11	40.07	400.17	391.86	7.895	10.655	11.98	16.16	199.7	1600	0	101.3	22.8	0.821	1.0	-0.22	2.74	1.00	0.00	0.16	111115
"16:23:02 Coolers: Tblock -> 45.00 C"
"16:33:15 Flow: Fixed -> 200 umol/s"
136	"16:33:40"	6954.5	0	2.07	0.0191	190	1.08	5.56	38.07	6	1.42	1	2.84	42.63	38.07	45.13	399.35	391.85	7.845	11.057	9.33	13.15	199.6	1600	0	101.4	23.2	0.821	1.0	-0.22	2.74	1.00	0.00	0.16	111115
137	"16:33:41"	6954.5	0	2.07	0.0191	190	1.08	5.56	38.07	6	1.42	1	2.84	42.63	38.07	45.13	399.35	391.85	7.845	11.057	9.33	13.15	199.6	1600	0	101.4	23.2	0.821	1.0	-0.22	2.74	1.00	0.00	0.16	111115
138	"16:33:41"	6955.0	0	2.06	0.0191	191	1.08	5.56	38.07	6	1.42	1	2.84	42.63	38.07	45.13	399.35	391.88	7.845	11.056	9.33	13.15	199.6	1600	0	101.4	23.2	0.821	1.0	-0.22	2.74	1.00	0.00	0.16	111115
139	"16:33:42"	6955.5	0	2.06	0.0191	191	1.08	5.56	38.07	6	1.42	1	2.84	42.63	38.07	45.13	399.34	391.88	7.845	11.056	9.33	13.15	199.6	1600	0	101.4	23.2	0.821	1.0	-0.22	2.74	1.00	0.00	0.16	111115
140	"16:33:42"	6956.0	0	2.05	0.0191	192	1.08	5.56	38.07	6	1.42	1	2.84	42.63	38.07	45.13	399.33	391.89	7.845	11.055	9.33	13.15	199.6	1600	0	101.4	23.2	0.821	1.0	-0.22	2.74	1.00	0.00	0.16	111115
141	"16:33:43"	6957.0	0	2.06	0.019	191	1.08	5.56	38.07	6	1.42	1	2.84	42.63	38.07	45.13	399.34	391.88	7.847	11.054	9.33	13.15	199.7	1600	0	101.4	23.2	0.821	1.0	-0.22	2.74	1.00	0.00	0.16	111115
142	"16:33:43"	6957.5	0	2.06	0.019	191	1.08	5.56	38.06	6	1.42	1	2.84	42.63	38.06	45.13	399.33	391.87	7.847	11.052	9.33	13.14	199.7	1600	0	101.4	23.2	0.821	1.0	-0.22	2.74	1.00	0.00	0.16	111115
143	"16:33:44"	6957.5	0	2.06	0.019	191	1.08	5.56	38.06	6	1.42	1	2.84	42.63	38.06	45.13	399.33	391.87	7.847	11.052	9.33	13.14	199.7	1600	0	101.4	23.2	0.821	1.0	-0.22	2.74	1.00	0.00	0.16	111115
144	"16:33:44"	6958.0	0	2.07	0.019	190	1.08	5.56	38.06	6	1.42	1	2.84	42.63	38.06	45.13	399.35	391.85	7.847	11.051	9.33	13.14	199.7	1600	0	101.4	23.2	0.821	1.0	-0.22	2.74	1.00	0.00	0.16	111115
145	"16:33:45"	6958.5	0	2.07	0.019	190	1.08	5.56	38.06	6	1.42	1	2.84	42.63	38.06	45.13	399.35	391.86	7.847	11.051	9.33	13.14	199.7	1600	0	101.4	23.2	0.821	1.0	-0.22	2.74	1.00	0.00	0.16	111115
146	"16:33:45"	6959.0	0	2.08	0.019	190	1.08	5.56	38.06	6	1.42	1	2.84	42.63	38.06	45.13	399.36	391.84	7.847	11.050	9.33	13.14	199.7	1600	0	101.4	23.2	0.821	1.0	-0.22	2.74	1.00	0.00	0.16	111115
147	"16:33:46"	6959.5	0	2.08	0.019	189	1.08	5.56	38.06	6	1.42	1	2.84	42.63	38.06	45.13	399.36	391.83	7.847	11.050	9.33	13.14	199.7	1600	0	101.4	23.2	0.821	1.0	-0.22	2.74	1.00	0.00	0.16	111115
148	"16:33:46"	6960.0	0	2.09	0.019	188	1.08	5.56	38.06	6	1.42	1	2.84	42.63	38.06	45.13	399.35	391.79	7.847	11.048	9.33	13.14	199.7	1600	0	101.4	23.2	0.821	1.0	-0.22	2.74	1.00	0.00	0.16	111115
149	"16:33:47"	6961.0	0	2.07	0.019	190	1.08	5.56	38.06	6	1.42	1	2.84	42.63	38.06	45.13	399.30	391.82	7.846	11.045	9.33	13.14	199.7	1600	0	101.4	23.2	0.821	1.0	-0.22	2.74	1.00	0.00	0.16	111115
150	"16:33:48"	6961.5	0	2.06	0.019	191	1.08	5.56	38.06	6	1.42	1	2.84	42.63	38.06	45.13	399.31	391.85	7.847	11.046	9.33	13.14	199.7	1600	0	101.4	23.2	0.821	1.0	-0.22	2.74	1.00	0.00	0.16	111115
"16:33:52 Coolers: Tblock -> 50.00 C"
"16:42:47 Flow: Fixed -> 200 umol/s"
151	"16:43:00"	7514.5	0	1.79	0.0259	249	1.64	6.2	40.19	6	1.42	1	2.84	46.73	40.19	49.81	400.14	392.81	7.827	12.705	7.53	12.22	199.6	1599	0	101.4	23.7	0.823	1.0	-0.22	2.74	1.00	0.00	0.16	111115
152	"16:43:00"	7514.5	0	1.79	0.0259	249	1.64	6.2	40.19	6	1.42	1	2.84	46.73	40.19	49.81	400.14	392.81	7.827	12.705	7.53	12.22	199.6	1599	0	101.4	23.7	0.823	1.0	-0.22	2.74	1.00	0.00	0.16	111115
153	"16:43:01"	7515.0	0	1.78	0.0259	249	1.64	6.2	40.19	6	1.42	1	2.84	46.74	40.19	49.81	400.10	392.80	7.827	12.705	7.53	12.22	199.6	1599	0	101.4	23.7	0.823	1.0	-0.22	2.74	1.00	0.00	0.16	111115
154	"16:43:02"	7515.5	0	1.77	0.0259	250	1.64	6.2	40.19	6	1.42	1	2.84	46.74	40.19	49.81	400.07	392.82	7.826	12.704	7.53	12.22	199.6	1600	0	101.4	23.7	0.823	1.0	-0.22	2.74	1.00	0.00	0.16	111115
155	"16:43:03"	7517.5	0	1.77	0.0259	250	1.64	6.2	40.19	6	1.42	1	2.84	46.74	40.19	49.82	400.04	392.78	7.827	12.705	7.53	12.22	199.7	1600	0	101.4	23.7	0.823	1.0	-0.22	2.74	1.00	0.00	0.16	111115
156	"16:43:03"	7517.5	0	1.77	0.0259	250	1.64	6.2	40.19	6	1.42	1	2.84	46.74	40.19	49.82	400.04	392.78	7.827	12.705	7.53	12.22	199.7	1600	0	101.4	23.7	0.823	1.0	-0.22	2.74	1.00	0.00	0.16	111115
157	"16:43:04"	7518.0	0	1.76	0.0259	250	1.64	6.2	40.19	6	1.42	1	2.84	46.74	40.19	49.82	400.04	392.80	7.828	12.706	7.53	12.22	199.7	1600	0	101.4	23.7	0.823	1.0	-0.22	2.74	1.00	0.00	0.16	111115
158	"16:43:04"	7518.5	0	1.77	0.0259	250	1.64	6.2	40.19	6	1.42	1	2.84	46.74	40.19	49.82	400.06	392.81	7.828	12.706	7.53	12.22	199.7	1600	0	101.4	23.7	0.823	1.0	-0.22	2.74	1.00	0.00	0.16	111115
159	"16:43:06"	7520.5	0	1.84	0.0259	246	1.64	6.2	40.20	6	1.42	1	2.84	46.75	40.20	49.82	400.29	392.82	7.827	12.706	7.53	12.22	199.6	1600	0	101.4	23.7	0.823	1.0	-0.22	2.74	1.00	0.00	0.16	111115
160	"16:43:08"	7522.0	0	1.87	0.026	244	1.65	6.2	40.19	6	1.42	1	2.84	46.75	40.19	49.81	400.39	392.84	7.826	12.707	7.52	12.22	199.6	1599	0	101.4	23.7	0.823	1.0	-0.22	2.74	1.00	0.00	0.16	111115
161	"16:43:08"	7522.0	0	1.87	0.026	244	1.65	6.2	40.19	6	1.42	1	2.84	46.75	40.19	49.81	400.39	392.84	7.826	12.707	7.52	12.22	199.6	1599	0	101.4	23.7	0.823	1.0	-0.22	2.74	1.00	0.00	0.16	111115
162	"16:43:09"	7523.0	0	1.87	0.026	244	1.65	6.2	40.19	6	1.42	1	2.84	46.75	40.19	49.81	400.42	392.85	7.827	12.708	7.53	12.22	199.7	1599	0	101.4	23.7	0.823	1.0	-0.22	2.74	1.00	0.00	0.16	111115
163	"16:43:09"	7523.0	0	1.87	0.026	244	1.65	6.2	40.19	6	1.42	1	2.84	46.75	40.19	49.81	400.42	392.85	7.827	12.708	7.53	12.22	199.7	1599	0	101.4	23.7	0.823	1.0	-0.22	2.74	1.00	0.00	0.16	111115
164	"16:43:10"	7524.5	0	1.85	0.026	245	1.65	6.2	40.19	6	1.42	1	2.84	46.75	40.19	49.81	400.36	392.85	7.829	12.708	7.53	12.22	199.8	1599	0	101.4	23.7	0.823	1.0	-0.22	2.74	1.00	0.00	0.16	111115
165	"16:43:11"	7525.0	0	1.84	0.026	246	1.65	6.2	40.19	6	1.42	1	2.84	46.75	40.19	49.81	400.32	392.86	7.829	12.707	7.53	12.22	199.8	1600	0	101.4	23.7	0.823	1.0	-0.22	2.74	1.00	0.00	0.16	111115
"16:43:17 Coolers: Tblock -> 20.00 C"
"16:43:26 Lamp: Off"
"16:43:32 CO2 Mixer -> OFF"
"16:43:40 Coolers: Off"
