"OPEN 6.2.5"
"Wed Jan 12 2022 14:35:04"
<open><version>"6.2.5"</version></open>
<open><configfile>"/User/Configs/UserPrefs/2x3 LED.xml"</configfile></open>
<open><light><source>"6400-02 or -02B LED Source"</source><par_in>1<sensor>"SI-3989"<cal>-0.92<actinity>1.00</actinity><transm>1.00</transm></cal></sensor><transm>1</transm></par_in><par_out>1<sensor>"Q50937"<cal>6.45</cal></sensor></par_out></light></open>
<open><comps><file>"/User/Configs/Comps/StdComps_6.2"<header>""</header><extras></extras></file><energybal>no<f_parIn>1</f_parIn><f_parOut>0</f_parOut><alphaK>0.16</alphaK></energybal><bc_total>2.840<stomatal_ratio>1</stomatal_ratio><bc_oneside>1.420<type>2</type><table>"/Sys/Lib/StdBLCTable"</table><area>6</area><slope>-0.219565</slope><offset>2.73739</offset><fan>5</fan></bc_oneside></bc_total></comps></open>
<open><prompts><onlog>off</onlog><items>"Default (none)"</items></prompts></open>
<open><constants><oxygen>21 %</oxygen><bb_vapor>1.5</bb_vapor><bb_oxy>0.9</bb_oxy></constants></open>
<open><stability><items>"Std Stability"<items[1]><id>-2</id><size>15</size><pcv><onoff>0</onoff><value>1</value></pcv><std><onoff>0</onoff><value>1</value></std><slp><onoff>1</onoff><value>1</value></slp></items[1]><items[2]><id>-5</id><size>15</size><pcv><onoff>0</onoff><value>1</value></pcv><std><onoff>0</onoff><value>1</value></std><slp><onoff>1</onoff><value>1</value></slp></items[2]><items[3]><id>-7</id><size>15</size><pcv><onoff>0</onoff><value>1</value></pcv><std><onoff>0</onoff><value>1</value></std><slp><onoff>1</onoff><value>1</value></slp></items[3]></items></stability></open>
<open><log><format>"StdLogFmt_6.0"<items>{ -35 -21 -36 -76 30 23 36 21 25 221 -33 111 -34 11 -9 -10 -8 -1 -2 -4 -5 -14 -15 -7 -12 -13 -11 -65 -66 -72 -18 -19 -77 -78 -79 -23  }<hdr>{  }</hdr></items></format><options><beep>on</beep><hdr>normal</hdr><rem>normal</rem><stab>no</stab><stats>no<mean>no</mean><file>no</file><period>15</period></stats><excel>yes</excel><controls>yes</controls><comm>no</comm></options><datafile>"/User/jcg_pime_lh"</datafile><button><action>"Normal Log"<code>" LogOneObsManual "</code></action></button><autoprog>"/User/Configs/AutoProgs/AutoLog2"<active>no</active></autoprog></log></open>
<open><a2d><avgtime>4.0 secs</avgtime><userchans><ch20>"Off"</ch20><ch21>"Off"</ch21><ch22>"Off"</ch22><ch23>"Off"</ch23></userchans></a2d></open>
<open><matching><type>0</type><disp>'a'</disp><settings><CO2Limit>10.0</CO2Limit><H2OLimit>1.0</H2OLimit><MaxAutoTime>60</MaxAutoTime></settings></matching></open>
<li6400><factory><unit>"PSC-4076"</unit><serviced>"31 Mar 2014"</serviced><fuseaware>0</fuseaware><co2mixer>yes</co2mixer><co2><coeffs>{ 0 0.215349 2.57678e-05 1.9763e-08 -3.21542e-12 3.03737e-16  }</coeffs><dvdt>-2.8</dvdt><xs>{ 0.0005 0.0003  }</xs></co2><h2o><coeffs>{ 0 0.00579256 2.19235e-06 9.06457e-12  }</coeffs><dvdt>-1</dvdt><xs>{ -0.0026 0.0003  }</xs></h2o><flow>{ 0 0.3607  }</flow><press>{ 88.32 0.00555  }</press></factory></li6400>
<li6400><user><flow_zero>-1560.7</flow_zero><irga_zero><co2>-312.6 -351.6<at>29.8235</at></co2><h2o>-156.6 77.4<at>31.0407</at></h2o></irga_zero><irga_span><co2>{ 0.988788 0.993555  }</co2><h2o>{ 0.996032 0.996401  }</h2o></irga_span><irga_match><co2>{ -1.32399 20.0674  }</co2><h2o>{ -0.104692 0.506282  }</h2o></irga_match><co2_mixer><pump_mv>4500</pump_mv><ppm>{ 2185.36 1052.7 419.509 255.894 118.056 69.8071 46.8351 46.4167  }</ppm><mv>{ 5000 3000 1500 1000 500 300 200 100  }</mv></co2_mixer><parin_offset>-0.0908794</parin_offset><led_cal><unit>"SI-3989"</unit><mv>{ 10 25 50 100 1000 2000 3000 4000 5000  }</mv><qntm>{ 5.41353 17.8999 38.6356 86.3019 941.421 1838.37 2690.41 3508.95 4284.65  }</qntm></led_cal><lcf_cal><unit>"unknown"</unit><red><mv>{ 50 100 500 1000 1500 5000  }</mv><qntm>{ 50 100 500 1000 2000 5000  }</qntm></red><blue><mv>{ 100 200 500 1000 2000 5000  }</mv><qntm>{ 10 20 50 100 200 500  }</qntm></blue></lcf_cal></user></li6400>
"14:35:07 "
$STARTOFDATA$
"Obs"	"HHMMSS"	"FTime"	"EBal?"	"Photo"	"Cond"	"Ci"	"Trmmol"	"VpdL"	"CTleaf"	"Area"	"BLC_1"	"StmRat"	"BLCond"	"Tair"	"Tleaf"	"TBlk"	"CO2R"	"CO2S"	"H2OR"	"H2OS"	"RH_R"	"RH_S"	"Flow"	"PARi"	"PARo"	"Press"	"CsMch"	"HsMch"	"StableF"	"BLCslope"	"BLCoffst"	"f_parin"	"f_parout"	"alphaK"	"Status"
"15:04:11 Coolers: Tblock -> 0.00 C"
"15:34:19 Flow: Fixed -> 200 umol/s"
"15:36:03 Coolers: Tblock -> 1.60 C"
1	"15:37:07"	3741.0	0	1.32	0.0563	352	0.544	0.982	10.70	6	1.42	1	2.84	4.68	10.70	1.63	400.85	396.24	1.460	3.088	17.11	36.20	199.7	1600	0	100.4	17.9	0.473	1.0	-0.22	2.74	1.00	0.00	0.16	111115
2	"15:37:08"	3741.5	0	1.33	0.0562	352	0.544	0.982	10.71	6	1.42	1	2.84	4.68	10.71	1.63	400.86	396.22	1.460	3.088	17.11	36.20	199.8	1600	0	100.4	17.9	0.473	1.0	-0.22	2.74	1.00	0.00	0.16	111115
3	"15:37:08"	3742.5	0	1.34	0.0562	352	0.544	0.983	10.72	6	1.42	1	2.84	4.68	10.72	1.63	400.88	396.22	1.459	3.088	17.10	36.19	199.7	1600	0	100.4	17.9	0.473	1.0	-0.22	2.74	1.00	0.00	0.16	111115
4	"15:37:09"	3743.0	0	1.34	0.0561	352	0.544	0.984	10.72	6	1.42	1	2.84	4.68	10.72	1.63	400.89	396.23	1.459	3.087	17.09	36.18	199.7	1600	0	100.4	17.9	0.473	1.0	-0.22	2.74	1.00	0.00	0.16	111115
5	"15:37:10"	3744.0	0	1.36	0.0561	351	0.544	0.984	10.73	6	1.42	1	2.84	4.68	10.73	1.63	400.95	396.22	1.459	3.087	17.10	36.18	199.7	1600	0	100.4	17.9	0.473	1.0	-0.22	2.74	1.00	0.00	0.16	111115
6	"15:37:11"	3744.5	0	1.36	0.0561	351	0.544	0.984	10.73	6	1.42	1	2.84	4.68	10.73	1.63	400.99	396.25	1.460	3.088	17.11	36.19	199.7	1600	0	100.4	17.9	0.473	1.0	-0.22	2.74	1.00	0.00	0.16	111115
7	"15:37:12"	3745.5	0	1.38	0.0561	350	0.543	0.983	10.72	6	1.42	1	2.84	4.68	10.72	1.63	401.01	396.23	1.460	3.087	17.11	36.19	199.7	1600	0	100.4	17.9	0.473	1.0	-0.22	2.74	1.00	0.00	0.16	111115
8	"15:37:12"	3746.5	0	1.38	0.0562	350	0.544	0.983	10.72	6	1.42	1	2.84	4.68	10.72	1.63	401.03	396.25	1.459	3.088	17.11	36.20	199.7	1600	0	100.4	17.9	0.473	1.0	-0.22	2.74	1.00	0.00	0.16	111115
9	"15:37:13"	3747.0	0	1.38	0.0562	350	0.544	0.983	10.72	6	1.42	1	2.84	4.68	10.72	1.63	401.02	396.24	1.460	3.088	17.11	36.20	199.7	1600	0	100.4	17.9	0.473	1.0	-0.22	2.74	1.00	0.00	0.16	111115
10	"15:37:14"	3747.5	0	1.36	0.0562	351	0.544	0.984	10.73	6	1.42	1	2.84	4.68	10.73	1.63	400.98	396.25	1.459	3.089	17.11	36.21	199.7	1600	0	100.4	17.9	0.473	1.0	-0.22	2.74	1.00	0.00	0.16	111115
11	"15:37:14"	3748.5	0	1.34	0.0562	352	0.545	0.985	10.74	6	1.42	1	2.84	4.67	10.74	1.63	400.92	396.26	1.459	3.090	17.10	36.22	199.8	1600	0	100.4	17.9	0.473	1.0	-0.22	2.74	1.00	0.00	0.16	111115
12	"15:37:15"	3749.0	0	1.32	0.0562	352	0.545	0.985	10.74	6	1.42	1	2.84	4.67	10.74	1.63	400.91	396.30	1.458	3.090	17.09	36.22	199.8	1600	0	100.4	17.9	0.473	1.0	-0.22	2.74	1.00	0.00	0.16	111115
13	"15:37:16"	3749.5	0	1.32	0.0562	352	0.545	0.985	10.74	6	1.42	1	2.84	4.67	10.74	1.63	400.91	396.29	1.458	3.090	17.09	36.22	199.8	1600	0	100.4	17.9	0.473	1.0	-0.22	2.74	1.00	0.00	0.16	111115
14	"15:37:16"	3750.5	0	1.33	0.0562	352	0.545	0.985	10.75	6	1.42	1	2.84	4.67	10.75	1.63	400.93	396.29	1.458	3.090	17.09	36.23	199.8	1600	0	100.4	17.9	0.473	1.0	-0.22	2.74	1.00	0.00	0.16	111115
15	"15:37:17"	3751.0	0	1.34	0.0562	352	0.545	0.986	10.75	6	1.42	1	2.84	4.67	10.75	1.63	400.97	396.31	1.458	3.090	17.09	36.23	199.8	1600	0	100.4	17.9	0.473	1.0	-0.22	2.74	1.00	0.00	0.16	111115
"15:37:23 Coolers: Tblock -> 5.00 C"
"15:45:35 Flow: Fixed -> 200 umol/s"
16	"15:46:00"	4273.5	0	1.49	0.0608	348	0.655	1.09	12.66	6	1.42	1	2.84	7.43	12.66	4.95	400.02	394.76	1.779	3.739	17.24	36.24	199.7	1599	0	100.4	17.8	0.53	1.0	-0.22	2.74	1.00	0.00	0.16	111115
17	"15:46:00"	4274.0	0	1.48	0.0608	349	0.655	1.09	12.65	6	1.42	1	2.84	7.43	12.65	4.95	400.00	394.78	1.779	3.739	17.24	36.24	199.7	1599	0	100.4	17.8	0.53	1.0	-0.22	2.74	1.00	0.00	0.16	111115
18	"15:46:01"	4274.5	0	1.47	0.0609	349	0.655	1.09	12.64	6	1.42	1	2.84	7.43	12.64	4.95	400.00	394.80	1.779	3.739	17.24	36.24	199.7	1598	0	100.4	17.8	0.53	1.0	-0.22	2.74	1.00	0.00	0.16	111115
19	"15:46:01"	4275.0	0	1.47	0.0609	349	0.655	1.09	12.64	6	1.42	1	2.84	7.43	12.64	4.95	400.00	394.80	1.779	3.739	17.24	36.24	199.7	1599	0	100.4	17.8	0.53	1.0	-0.22	2.74	1.00	0.00	0.16	111115
20	"15:46:02"	4275.5	0	1.48	0.0609	349	0.655	1.09	12.64	6	1.42	1	2.84	7.43	12.64	4.95	400.03	394.79	1.779	3.739	17.24	36.24	199.7	1598	0	100.4	17.8	0.53	1.0	-0.22	2.74	1.00	0.00	0.16	111115
21	"15:46:02"	4276.0	0	1.51	0.0609	348	0.655	1.09	12.63	6	1.42	1	2.84	7.43	12.63	4.95	400.08	394.77	1.778	3.739	17.24	36.24	199.7	1598	0	100.4	17.8	0.53	1.0	-0.22	2.74	1.00	0.00	0.16	111115
22	"15:46:03"	4276.5	0	1.52	0.0609	348	0.655	1.09	12.63	6	1.42	1	2.84	7.43	12.63	4.95	400.10	394.77	1.779	3.739	17.24	36.24	199.7	1598	0	100.4	17.8	0.53	1.0	-0.22	2.74	1.00	0.00	0.16	111115
23	"15:46:03"	4277.0	0	1.53	0.0609	347	0.655	1.09	12.63	6	1.42	1	2.84	7.43	12.63	4.95	400.12	394.74	1.778	3.738	17.24	36.24	199.7	1599	0	100.4	17.8	0.53	1.0	-0.22	2.74	1.00	0.00	0.16	111115
24	"15:46:04"	4277.5	0	1.55	0.0609	347	0.654	1.09	12.63	6	1.42	1	2.84	7.43	12.63	4.95	400.16	394.72	1.778	3.737	17.24	36.23	199.7	1599	0	100.4	17.8	0.53	1.0	-0.22	2.74	1.00	0.00	0.16	111115
25	"15:46:04"	4278.0	0	1.55	0.0608	347	0.654	1.09	12.64	6	1.42	1	2.84	7.43	12.64	4.95	400.15	394.73	1.779	3.737	17.24	36.22	199.7	1599	0	100.4	17.8	0.53	1.0	-0.22	2.74	1.00	0.00	0.16	111115
26	"15:46:05"	4278.5	0	1.55	0.0607	347	0.653	1.09	12.64	6	1.42	1	2.84	7.43	12.64	4.95	400.14	394.72	1.780	3.735	17.25	36.21	199.7	1599	0	100.4	17.8	0.53	1.0	-0.22	2.74	1.00	0.00	0.16	111115
27	"15:46:05"	4279.0	0	1.55	0.0606	347	0.652	1.09	12.64	6	1.42	1	2.84	7.43	12.64	4.95	400.16	394.73	1.781	3.733	17.26	36.19	199.7	1600	0	100.4	17.8	0.53	1.0	-0.22	2.74	1.00	0.00	0.16	111115
28	"15:46:06"	4279.5	0	1.56	0.0606	346	0.652	1.09	12.64	6	1.42	1	2.84	7.43	12.64	4.95	400.19	394.72	1.781	3.733	17.27	36.18	199.7	1600	0	100.4	17.8	0.53	1.0	-0.22	2.74	1.00	0.00	0.16	111115
29	"15:46:06"	4280.0	0	1.56	0.0606	346	0.652	1.09	12.64	6	1.42	1	2.84	7.43	12.64	4.95	400.20	394.74	1.782	3.734	17.27	36.19	199.8	1600	0	100.4	17.8	0.53	1.0	-0.22	2.74	1.00	0.00	0.16	111115
30	"15:46:07"	4280.5	0	1.54	0.0606	347	0.652	1.09	12.64	6	1.42	1	2.84	7.43	12.64	4.95	400.17	394.75	1.781	3.734	17.27	36.19	199.7	1600	0	100.4	17.8	0.53	1.0	-0.22	2.74	1.00	0.00	0.16	111115
"15:46:15 Coolers: Tblock -> 10.00 C"
"15:56:32 Flow: Fixed -> 200 umol/s"
31	"15:57:00"	4935.0	0	1.78	0.0515	330	0.677	1.33	15.86	6	1.42	1	2.84	11.68	15.86	10.03	399.86	393.71	2.744	4.769	19.99	34.73	199.7	1600	0	100.4	17.9	0.582	1.0	-0.22	2.74	1.00	0.00	0.16	111115
32	"15:57:01"	4935.5	0	1.78	0.0515	330	0.677	1.33	15.86	6	1.42	1	2.84	11.68	15.86	10.03	399.85	393.71	2.744	4.769	19.98	34.73	199.7	1600	0	100.4	17.9	0.582	1.0	-0.22	2.74	1.00	0.00	0.16	111115
33	"15:57:01"	4936.0	0	1.77	0.0515	330	0.678	1.33	15.85	6	1.42	1	2.84	11.68	15.85	10.03	399.84	393.72	2.743	4.769	19.98	34.73	199.7	1600	0	100.4	17.9	0.582	1.0	-0.22	2.74	1.00	0.00	0.16	111115
34	"15:57:02"	4936.5	0	1.76	0.0515	330	0.677	1.33	15.86	6	1.42	1	2.84	11.68	15.86	10.03	399.83	393.73	2.744	4.768	19.98	34.73	199.7	1600	0	100.4	17.9	0.582	1.0	-0.22	2.74	1.00	0.00	0.16	111115
35	"15:57:02"	4937.0	0	1.75	0.0514	331	0.677	1.33	15.86	6	1.42	1	2.84	11.68	15.86	10.03	399.81	393.76	2.744	4.768	19.98	34.72	199.7	1600	0	100.4	17.9	0.582	1.0	-0.22	2.74	1.00	0.00	0.16	111115
36	"15:57:03"	4937.5	0	1.74	0.0514	331	0.677	1.33	15.86	6	1.42	1	2.84	11.68	15.86	10.03	399.79	393.75	2.744	4.768	19.98	34.72	199.7	1600	0	100.4	17.9	0.582	1.0	-0.22	2.74	1.00	0.00	0.16	111115
37	"15:57:04"	4938.5	0	1.72	0.0514	332	0.677	1.33	15.86	6	1.42	1	2.84	11.68	15.86	10.03	399.76	393.79	2.743	4.767	19.98	34.71	199.7	1600	0	100.4	17.9	0.582	1.0	-0.22	2.74	1.00	0.00	0.16	111115
38	"15:57:04"	4939.0	0	1.72	0.0514	332	0.677	1.33	15.86	6	1.42	1	2.84	11.68	15.86	10.03	399.76	393.78	2.743	4.766	19.97	34.71	199.7	1600	0	100.4	17.9	0.582	1.0	-0.22	2.74	1.00	0.00	0.16	111115
39	"15:57:05"	4939.5	0	1.74	0.0514	331	0.677	1.33	15.86	6	1.42	1	2.84	11.68	15.86	10.03	399.79	393.77	2.743	4.765	19.97	34.70	199.7	1600	0	100.4	17.9	0.582	1.0	-0.22	2.74	1.00	0.00	0.16	111115
40	"15:57:06"	4940.5	0	1.76	0.0514	330	0.676	1.33	15.86	6	1.42	1	2.84	11.68	15.86	10.03	399.85	393.76	2.742	4.765	19.97	34.70	199.7	1600	0	100.4	17.9	0.582	1.0	-0.22	2.74	1.00	0.00	0.16	111115
41	"15:57:06"	4941.0	0	1.77	0.0515	330	0.677	1.33	15.85	6	1.42	1	2.84	11.68	15.85	10.03	399.86	393.75	2.742	4.765	19.97	34.70	199.7	1600	0	100.4	17.9	0.582	1.0	-0.22	2.74	1.00	0.00	0.16	111115
42	"15:57:07"	4941.5	0	1.78	0.0515	330	0.677	1.33	15.85	6	1.42	1	2.84	11.68	15.85	10.03	399.89	393.75	2.741	4.765	19.96	34.70	199.8	1600	0	100.4	17.9	0.582	1.0	-0.22	2.74	1.00	0.00	0.16	111115
43	"15:57:08"	4942.5	0	1.77	0.0515	330	0.677	1.33	15.84	6	1.42	1	2.84	11.68	15.84	10.03	399.86	393.75	2.741	4.764	19.96	34.69	199.8	1600	0	100.4	17.9	0.582	1.0	-0.22	2.74	1.00	0.00	0.16	111115
44	"15:57:09"	4943.0	0	1.76	0.0514	330	0.677	1.33	15.85	6	1.42	1	2.84	11.68	15.85	10.03	399.85	393.77	2.742	4.764	19.97	34.70	199.8	1600	0	100.4	17.9	0.582	1.0	-0.22	2.74	1.00	0.00	0.16	111115
45	"15:57:09"	4944.0	0	1.76	0.0514	330	0.676	1.33	15.85	6	1.42	1	2.84	11.68	15.85	10.03	399.85	393.76	2.741	4.763	19.96	34.68	199.7	1600	0	100.4	17.9	0.582	1.0	-0.22	2.74	1.00	0.00	0.16	111115
"15:57:16 Coolers: Tblock -> 15.00 C"
"16:07:57 Lamp: ParIn ->  1600 uml"
"16:07:57 CO2 Mixer: CO2R -> 400 uml"
"16:07:57 Coolers: Tblock -> 15.00 C"
"16:07:57 Flow: Fixed -> 200 umol/s"
"16:08:55 Flow: Fixed -> 200 umol/s"
46	"16:09:11"	5664.5	0	2	0.0368	296	0.598	1.63	19.38	6	1.42	1	2.84	16.18	19.38	15.09	399.66	392.96	4.501	6.286	24.49	34.20	199.7	1599	0	100.4	18.2	0.634	1.0	-0.22	2.74	1.00	0.00	0.16	111115
47	"16:09:11"	5665.0	0	1.99	0.0368	296	0.598	1.63	19.38	6	1.42	1	2.84	16.18	19.38	15.09	399.65	392.96	4.501	6.286	24.49	34.20	199.7	1599	0	100.4	18.2	0.634	1.0	-0.22	2.74	1.00	0.00	0.16	111115
48	"16:09:12"	5666.0	0	1.98	0.0369	297	0.598	1.63	19.37	6	1.42	1	2.84	16.18	19.37	15.10	399.63	392.97	4.501	6.287	24.49	34.20	199.7	1599	0	100.4	18.2	0.634	1.0	-0.22	2.74	1.00	0.00	0.16	111115
49	"16:09:13"	5666.5	0	1.99	0.0369	297	0.598	1.63	19.37	6	1.42	1	2.84	16.18	19.37	15.10	399.65	392.96	4.502	6.287	24.49	34.21	199.7	1599	0	100.4	18.2	0.634	1.0	-0.22	2.74	1.00	0.00	0.16	111115
50	"16:09:14"	5667.5	0	1.99	0.0369	297	0.598	1.62	19.37	6	1.42	1	2.84	16.18	19.37	15.10	399.64	392.95	4.501	6.287	24.49	34.20	199.7	1599	0	100.4	18.2	0.634	1.0	-0.22	2.74	1.00	0.00	0.16	111115
51	"16:09:14"	5668.0	0	1.99	0.0369	297	0.598	1.62	19.36	6	1.42	1	2.84	16.18	19.36	15.09	399.64	392.94	4.501	6.287	24.49	34.20	199.7	1599	0	100.4	18.2	0.634	1.0	-0.22	2.74	1.00	0.00	0.16	111115
52	"16:09:15"	5669.0	0	1.99	0.0369	297	0.598	1.62	19.37	6	1.42	1	2.84	16.18	19.37	15.09	399.67	393.00	4.502	6.287	24.49	34.20	199.7	1599	0	100.4	18.2	0.634	1.0	-0.22	2.74	1.00	0.00	0.16	111115
53	"16:09:16"	5669.5	0	1.99	0.0369	297	0.598	1.62	19.36	6	1.42	1	2.84	16.18	19.36	15.09	399.68	392.99	4.502	6.286	24.49	34.20	199.7	1599	0	100.4	18.2	0.634	1.0	-0.22	2.74	1.00	0.00	0.16	111115
54	"16:09:16"	5670.0	0	2.01	0.0369	296	0.598	1.62	19.36	6	1.42	1	2.84	16.18	19.36	15.09	399.70	392.96	4.502	6.286	24.49	34.20	199.7	1599	0	100.4	18.2	0.634	1.0	-0.22	2.74	1.00	0.00	0.16	111115
55	"16:09:17"	5671.0	0	1.99	0.0369	297	0.598	1.62	19.36	6	1.42	1	2.84	16.18	19.36	15.09	399.68	392.99	4.501	6.286	24.48	34.19	199.7	1599	0	100.4	18.2	0.634	1.0	-0.22	2.74	1.00	0.00	0.16	111115
56	"16:09:18"	5671.5	0	2	0.0369	296	0.598	1.62	19.36	6	1.42	1	2.84	16.18	19.36	15.09	399.69	392.98	4.501	6.286	24.48	34.19	199.7	1599	0	100.4	18.2	0.634	1.0	-0.22	2.74	1.00	0.00	0.16	111115
57	"16:09:19"	5672.5	0	2	0.0369	296	0.598	1.62	19.36	6	1.42	1	2.84	16.18	19.36	15.10	399.67	392.96	4.502	6.286	24.49	34.19	199.7	1599	0	100.4	18.2	0.634	1.0	-0.22	2.74	1.00	0.00	0.16	111115
58	"16:09:19"	5673.0	0	2.01	0.0369	296	0.597	1.62	19.36	6	1.42	1	2.84	16.18	19.36	15.10	399.67	392.93	4.502	6.285	24.49	34.19	199.7	1599	0	100.4	18.2	0.634	1.0	-0.22	2.74	1.00	0.00	0.16	111115
59	"16:09:20"	5674.0	0	2	0.0369	296	0.597	1.62	19.36	6	1.42	1	2.84	16.18	19.36	15.10	399.67	392.94	4.502	6.285	24.49	34.19	199.7	1599	0	100.4	18.2	0.634	1.0	-0.22	2.74	1.00	0.00	0.16	111115
60	"16:09:21"	5674.5	0	2	0.0369	296	0.597	1.62	19.36	6	1.42	1	2.84	16.18	19.36	15.10	399.64	392.92	4.502	6.285	24.49	34.19	199.7	1599	0	100.4	18.2	0.634	1.0	-0.22	2.74	1.00	0.00	0.16	111115
"16:09:28 Coolers: Tblock -> 20.00 C"
"16:20:39 Flow: Fixed -> 200 umol/s"
61	"16:20:56"	6370.5	0	2.31	0.0379	282	0.733	1.93	22.57	6	1.42	1	2.84	20.44	22.57	19.97	399.40	391.58	5.944	8.128	24.74	33.83	199.7	1600	0	100.4	18.4	0.687	1.0	-0.22	2.74	1.00	0.00	0.16	111115
62	"16:20:56"	6371.0	0	2.31	0.0379	282	0.733	1.93	22.57	6	1.42	1	2.84	20.44	22.57	19.97	399.38	391.57	5.944	8.128	24.74	33.83	199.7	1600	0	100.4	18.4	0.687	1.0	-0.22	2.74	1.00	0.00	0.16	111115
63	"16:20:57"	6372.0	0	2.31	0.0379	282	0.733	1.93	22.57	6	1.42	1	2.84	20.44	22.57	19.97	399.36	391.55	5.944	8.127	24.74	33.83	199.7	1600	0	100.4	18.4	0.687	1.0	-0.22	2.74	1.00	0.00	0.16	111115
64	"16:20:58"	6372.5	0	2.31	0.0379	283	0.732	1.93	22.57	6	1.42	1	2.84	20.44	22.57	19.97	399.35	391.55	5.944	8.128	24.74	33.83	199.7	1600	0	100.4	18.4	0.687	1.0	-0.22	2.74	1.00	0.00	0.16	111115
65	"16:20:59"	6373.5	0	2.29	0.0379	283	0.733	1.93	22.57	6	1.42	1	2.84	20.45	22.57	19.97	399.30	391.54	5.944	8.128	24.74	33.83	199.7	1600	0	100.4	18.4	0.687	1.0	-0.22	2.74	1.00	0.00	0.16	111115
66	"16:20:59"	6374.0	0	2.29	0.0379	283	0.733	1.93	22.57	6	1.42	1	2.84	20.44	22.57	19.97	399.30	391.55	5.944	8.129	24.74	33.83	199.7	1600	0	100.4	18.4	0.687	1.0	-0.22	2.74	1.00	0.00	0.16	111115
67	"16:21:00"	6374.5	0	2.3	0.038	283	0.733	1.93	22.57	6	1.42	1	2.84	20.44	22.57	19.97	399.33	391.55	5.944	8.130	24.74	33.84	199.7	1600	0	100.4	18.4	0.687	1.0	-0.22	2.74	1.00	0.00	0.16	111115
68	"16:21:01"	6375.5	0	2.31	0.0379	283	0.734	1.93	22.58	6	1.42	1	2.84	20.44	22.58	19.97	399.36	391.57	5.944	8.130	24.74	33.84	199.7	1600	0	100.4	18.4	0.687	1.0	-0.22	2.74	1.00	0.00	0.16	111115
69	"16:21:01"	6376.0	0	2.31	0.038	282	0.734	1.93	22.58	6	1.42	1	2.84	20.44	22.58	19.97	399.37	391.56	5.944	8.131	24.74	33.84	199.7	1600	0	100.4	18.4	0.687	1.0	-0.22	2.74	1.00	0.00	0.16	111115
70	"16:21:02"	6376.5	0	2.33	0.038	282	0.734	1.93	22.58	6	1.42	1	2.84	20.44	22.58	19.97	399.38	391.53	5.944	8.131	24.74	33.84	199.7	1600	0	100.4	18.4	0.687	1.0	-0.22	2.74	1.00	0.00	0.16	111115
71	"16:21:02"	6377.0	0	2.32	0.038	282	0.734	1.93	22.58	6	1.42	1	2.84	20.44	22.58	19.97	399.38	391.54	5.944	8.132	24.74	33.85	199.7	1600	0	100.4	18.4	0.687	1.0	-0.22	2.74	1.00	0.00	0.16	111115
72	"16:21:03"	6378.0	0	2.33	0.038	282	0.735	1.93	22.58	6	1.42	1	2.84	20.44	22.58	19.97	399.41	391.54	5.943	8.133	24.74	33.85	199.7	1600	0	100.4	18.4	0.687	1.0	-0.22	2.74	1.00	0.00	0.16	111115
73	"16:21:04"	6379.0	0	2.34	0.038	281	0.735	1.93	22.58	6	1.42	1	2.84	20.44	22.58	19.97	399.42	391.53	5.944	8.133	24.74	33.85	199.7	1600	0	100.4	18.4	0.687	1.0	-0.22	2.74	1.00	0.00	0.16	111115
74	"16:21:05"	6379.5	0	2.34	0.038	281	0.735	1.93	22.58	6	1.42	1	2.84	20.44	22.58	19.97	399.42	391.53	5.943	8.133	24.74	33.85	199.7	1600	0	100.4	18.4	0.687	1.0	-0.22	2.74	1.00	0.00	0.16	111115
75	"16:21:05"	6380.0	0	2.34	0.038	281	0.735	1.93	22.58	6	1.42	1	2.84	20.44	22.58	19.97	399.41	391.51	5.943	8.133	24.74	33.85	199.7	1600	0	100.4	18.4	0.687	1.0	-0.22	2.74	1.00	0.00	0.16	111115
"16:21:11 Coolers: Tblock -> 25.00 C"
"16:28:52 Flow: Fixed -> 200 umol/s"
"16:29:54 Flow: Fixed -> 200 umol/s"
76	"16:30:25"	6938.5	0	2.71	0.0466	283	1.02	2.19	25.71	6	1.42	1	2.84	24.83	25.71	25.04	398.77	389.43	8.206	11.244	26.18	35.87	199.7	1600	0	100.4	18.5	0.749	1.0	-0.22	2.74	1.00	0.00	0.16	111115
77	"16:30:25"	6939.0	0	2.72	0.0466	283	1.02	2.19	25.71	6	1.42	1	2.84	24.83	25.71	25.04	398.81	389.45	8.206	11.245	26.18	35.87	199.7	1600	0	100.4	18.5	0.749	1.0	-0.22	2.74	1.00	0.00	0.16	111115
78	"16:30:26"	6940.0	0	2.73	0.0467	283	1.02	2.19	25.71	6	1.42	1	2.84	24.83	25.71	25.04	398.85	389.45	8.205	11.247	26.17	35.87	199.7	1600	0	100.4	18.5	0.749	1.0	-0.22	2.74	1.00	0.00	0.16	111115
79	"16:30:26"	6940.5	0	2.77	0.0467	281	1.02	2.19	25.71	6	1.42	1	2.84	24.83	25.71	25.04	398.94	389.43	8.205	11.248	26.17	35.88	199.7	1600	0	100.4	18.5	0.749	1.0	-0.22	2.74	1.00	0.00	0.16	111115
80	"16:30:27"	6941.0	0	2.78	0.0467	281	1.02	2.19	25.71	6	1.42	1	2.84	24.83	25.71	25.04	398.97	389.42	8.205	11.249	26.17	35.88	199.7	1600	0	100.4	18.5	0.749	1.0	-0.22	2.74	1.00	0.00	0.16	111115
81	"16:30:28"	6941.5	0	2.8	0.0467	280	1.02	2.19	25.71	6	1.42	1	2.84	24.83	25.71	25.04	399.00	389.39	8.205	11.250	26.17	35.88	199.7	1600	0	100.4	18.5	0.749	1.0	-0.22	2.74	1.00	0.00	0.16	111115
82	"16:30:28"	6942.5	0	2.8	0.0467	280	1.03	2.19	25.72	6	1.42	1	2.84	24.83	25.72	25.04	399.03	389.42	8.205	11.251	26.17	35.88	199.7	1600	0	100.4	18.5	0.749	1.0	-0.22	2.74	1.00	0.00	0.16	111115
83	"16:30:29"	6943.0	0	2.8	0.0468	280	1.03	2.19	25.72	6	1.42	1	2.84	24.83	25.72	25.04	399.03	389.41	8.205	11.252	26.17	35.89	199.7	1600	0	100.4	18.5	0.749	1.0	-0.22	2.74	1.00	0.00	0.16	111115
84	"16:30:30"	6943.5	0	2.81	0.0467	280	1.03	2.19	25.72	6	1.42	1	2.84	24.83	25.72	25.04	399.05	389.41	8.206	11.252	26.17	35.89	199.7	1600	0	100.4	18.5	0.749	1.0	-0.22	2.74	1.00	0.00	0.16	111115
85	"16:30:30"	6944.0	0	2.81	0.0467	280	1.03	2.19	25.72	6	1.42	1	2.84	24.83	25.72	25.04	399.05	389.40	8.206	11.252	26.17	35.89	199.7	1600	0	100.4	18.5	0.749	1.0	-0.22	2.74	1.00	0.00	0.16	111115
86	"16:30:31"	6945.0	0	2.79	0.0467	281	1.03	2.19	25.72	6	1.42	1	2.84	24.83	25.72	25.04	399.01	389.43	8.206	11.253	26.17	35.89	199.7	1600	0	100.4	18.5	0.749	1.0	-0.22	2.74	1.00	0.00	0.16	111115
87	"16:30:31"	6945.5	0	2.78	0.0467	281	1.03	2.19	25.73	6	1.42	1	2.84	24.83	25.73	25.04	398.99	389.44	8.206	11.253	26.17	35.89	199.7	1600	0	100.4	18.5	0.749	1.0	-0.22	2.74	1.00	0.00	0.16	111115
88	"16:30:32"	6946.0	0	2.76	0.0468	282	1.03	2.19	25.73	6	1.42	1	2.84	24.83	25.73	25.04	398.94	389.44	8.205	11.254	26.17	35.89	199.7	1600	0	100.4	18.5	0.749	1.0	-0.22	2.74	1.00	0.00	0.16	111115
89	"16:30:33"	6947.0	0	2.77	0.0467	281	1.03	2.19	25.73	6	1.42	1	2.84	24.83	25.73	25.04	398.92	389.39	8.205	11.255	26.16	35.89	199.6	1600	0	100.4	18.5	0.749	1.0	-0.22	2.74	1.00	0.00	0.16	111115
90	"16:30:34"	6947.5	0	2.75	0.0468	282	1.03	2.19	25.73	6	1.42	1	2.84	24.83	25.73	25.04	398.88	389.41	8.205	11.256	26.16	35.89	199.6	1600	0	100.4	18.5	0.749	1.0	-0.22	2.74	1.00	0.00	0.16	111115
"16:30:40 Coolers: Tblock -> 30.00 C"
"16:42:59 Flow: Fixed -> 200 umol/s"
91	"16:43:22"	7716.0	0	3.03	0.0545	285	1.43	2.6	28.91	6	1.42	1	2.84	29.27	28.91	30.12	400.03	389.25	9.690	13.916	23.81	34.20	199.6	1599	0	100.4	18.8	0.788	1.0	-0.22	2.74	1.00	0.00	0.16	111115
92	"16:43:23"	7716.5	0	3.02	0.0545	285	1.43	2.6	28.91	6	1.42	1	2.84	29.27	28.91	30.12	400.03	389.28	9.691	13.917	23.81	34.20	199.6	1599	0	100.4	18.8	0.788	1.0	-0.22	2.74	1.00	0.00	0.16	111115
93	"16:43:23"	7717.5	0	3.03	0.0545	285	1.43	2.6	28.91	6	1.42	1	2.84	29.27	28.91	30.12	400.04	389.28	9.691	13.916	23.81	34.20	199.6	1599	0	100.4	18.8	0.788	1.0	-0.22	2.74	1.00	0.00	0.16	111115
94	"16:43:24"	7718.0	0	3.03	0.0545	285	1.43	2.6	28.91	6	1.42	1	2.84	29.27	28.91	30.12	400.04	389.28	9.691	13.915	23.81	34.19	199.6	1599	0	100.4	18.8	0.788	1.0	-0.22	2.74	1.00	0.00	0.16	111115
95	"16:43:24"	7718.5	0	3.01	0.0545	285	1.43	2.6	28.91	6	1.42	1	2.84	29.27	28.91	30.12	400.02	389.29	9.691	13.915	23.81	34.19	199.6	1599	0	100.4	18.8	0.788	1.0	-0.22	2.74	1.00	0.00	0.16	111115
96	"16:43:25"	7719.0	0	3.02	0.0546	285	1.43	2.6	28.90	6	1.42	1	2.84	29.27	28.90	30.12	400.01	389.28	9.691	13.915	23.81	34.19	199.6	1599	0	100.4	18.8	0.788	1.0	-0.22	2.74	1.00	0.00	0.16	111115
97	"16:43:25"	7719.5	0	3.02	0.0546	285	1.43	2.6	28.90	6	1.42	1	2.84	29.28	28.90	30.12	400.01	389.26	9.691	13.915	23.81	34.19	199.6	1599	0	100.4	18.8	0.788	1.0	-0.22	2.74	1.00	0.00	0.16	111115
98	"16:43:27"	7720.5	0	3.03	0.0546	285	1.43	2.6	28.90	6	1.42	1	2.84	29.28	28.90	30.12	400.04	389.27	9.689	13.914	23.81	34.19	199.7	1600	0	100.4	18.8	0.788	1.0	-0.22	2.74	1.00	0.00	0.16	111115
99	"16:43:27"	7721.5	0	3.02	0.0546	285	1.43	2.6	28.90	6	1.42	1	2.84	29.28	28.90	30.12	400.04	389.29	9.689	13.915	23.80	34.19	199.7	1600	0	100.4	18.8	0.788	1.0	-0.22	2.74	1.00	0.00	0.16	111115
100	"16:43:28"	7722.0	0	3.02	0.0546	285	1.43	2.6	28.91	6	1.42	1	2.84	29.28	28.91	30.12	400.04	389.29	9.689	13.916	23.80	34.19	199.7	1600	0	100.4	18.8	0.788	1.0	-0.22	2.74	1.00	0.00	0.16	111115
101	"16:43:29"	7723.0	0	3.02	0.0546	285	1.43	2.6	28.91	6	1.42	1	2.84	29.28	28.91	30.12	400.03	389.28	9.689	13.916	23.80	34.19	199.7	1600	0	100.4	18.8	0.788	1.0	-0.22	2.74	1.00	0.00	0.16	111115
102	"16:43:29"	7723.5	0	3.01	0.0546	285	1.43	2.6	28.91	6	1.42	1	2.84	29.28	28.91	30.12	400.03	389.33	9.689	13.915	23.80	34.19	199.7	1599	0	100.4	18.8	0.788	1.0	-0.22	2.74	1.00	0.00	0.16	111115
103	"16:43:30"	7724.5	0	2.98	0.0546	286	1.43	2.6	28.91	6	1.42	1	2.84	29.28	28.91	30.12	399.97	389.33	9.688	13.915	23.80	34.19	199.6	1600	0	100.4	18.8	0.788	1.0	-0.22	2.74	1.00	0.00	0.16	111115
104	"16:43:31"	7725.0	0	2.99	0.0546	286	1.43	2.6	28.91	6	1.42	1	2.84	29.28	28.91	30.12	399.98	389.34	9.688	13.915	23.80	34.19	199.6	1600	0	100.4	18.8	0.788	1.0	-0.22	2.74	1.00	0.00	0.16	111115
105	"16:43:32"	7726.0	0	3	0.0546	286	1.43	2.6	28.91	6	1.42	1	2.84	29.28	28.91	30.11	400.00	389.32	9.687	13.915	23.80	34.19	199.6	1600	0	100.4	18.8	0.788	1.0	-0.22	2.74	1.00	0.00	0.16	111115
"16:43:39 Coolers: Tblock -> 35.00 C"
"16:50:41 Flow: Fixed -> 200 umol/s"
106	"16:53:14"	8308.0	0	3.04	0.0484	272	1.42	2.9	31.81	6	1.42	1	2.84	33.50	31.81	35.00	400.64	389.83	14.022	18.205	27.10	35.18	199.6	1599	0	100.4	19.1	0.822	1.0	-0.22	2.74	1.00	0.00	0.16	111115
107	"16:53:15"	8308.5	0	3.05	0.0484	272	1.42	2.9	31.81	6	1.42	1	2.84	33.50	31.81	34.99	400.64	389.81	14.022	18.204	27.10	35.18	199.6	1599	0	100.4	19.1	0.822	1.0	-0.22	2.74	1.00	0.00	0.16	111115
108	"16:53:15"	8309.0	0	3.06	0.0484	272	1.42	2.9	31.81	6	1.42	1	2.84	33.51	31.81	34.99	400.66	389.81	14.022	18.205	27.09	35.18	199.6	1599	0	100.4	19.1	0.822	1.0	-0.22	2.74	1.00	0.00	0.16	111115
109	"16:53:16"	8310.0	0	3.08	0.0484	271	1.42	2.9	31.81	6	1.42	1	2.84	33.51	31.81	34.99	400.70	389.79	14.022	18.206	27.09	35.18	199.6	1599	0	100.4	19.1	0.822	1.0	-0.22	2.74	1.00	0.00	0.16	111115
110	"16:53:16"	8310.5	0	3.08	0.0484	271	1.42	2.89	31.81	6	1.42	1	2.84	33.51	31.81	34.99	400.69	389.78	14.022	18.205	27.09	35.18	199.6	1599	0	100.4	19.1	0.822	1.0	-0.22	2.74	1.00	0.00	0.16	111115
111	"16:53:17"	8311.0	0	3.07	0.0484	271	1.42	2.9	31.81	6	1.42	1	2.84	33.51	31.81	34.99	400.66	389.76	14.020	18.204	27.09	35.17	199.6	1599	0	100.4	19.1	0.822	1.0	-0.22	2.74	1.00	0.00	0.16	111115
112	"16:53:18"	8311.5	0	3.06	0.0484	271	1.42	2.9	31.81	6	1.42	1	2.84	33.51	31.81	34.99	400.66	389.79	14.021	18.204	27.09	35.17	199.6	1599	0	100.4	19.1	0.822	1.0	-0.22	2.74	1.00	0.00	0.16	111115
113	"16:53:18"	8312.5	0	3.03	0.0484	272	1.42	2.9	31.81	6	1.42	1	2.84	33.51	31.81	34.99	400.59	389.82	14.021	18.204	27.09	35.17	199.6	1600	0	100.4	19.1	0.822	1.0	-0.22	2.74	1.00	0.00	0.16	111115
114	"16:53:19"	8313.0	0	3.02	0.0484	273	1.42	2.9	31.81	6	1.42	1	2.84	33.51	31.81	34.99	400.56	389.82	14.022	18.203	27.09	35.17	199.6	1600	0	100.4	19.1	0.822	1.0	-0.22	2.74	1.00	0.00	0.16	111115
115	"16:53:20"	8313.5	0	3	0.0484	273	1.42	2.9	31.81	6	1.42	1	2.84	33.51	31.81	34.99	400.51	389.84	14.021	18.202	27.09	35.17	199.6	1600	0	100.4	19.1	0.822	1.0	-0.22	2.74	1.00	0.00	0.16	111115
116	"16:53:20"	8314.5	0	3	0.0483	273	1.42	2.9	31.81	6	1.42	1	2.84	33.51	31.81	34.99	400.52	389.85	14.022	18.203	27.09	35.17	199.6	1600	0	100.4	19.1	0.822	1.0	-0.22	2.74	1.00	0.00	0.16	111115
117	"16:53:21"	8314.5	0	3	0.0483	273	1.42	2.9	31.81	6	1.42	1	2.84	33.51	31.81	34.99	400.52	389.85	14.022	18.203	27.09	35.17	199.6	1600	0	100.4	19.1	0.822	1.0	-0.22	2.74	1.00	0.00	0.16	111115
118	"16:53:22"	8315.0	0	3	0.0483	274	1.42	2.9	31.81	6	1.42	1	2.84	33.51	31.81	34.99	400.55	389.89	14.023	18.204	27.09	35.17	199.7	1600	0	100.4	19.1	0.822	1.0	-0.22	2.74	1.00	0.00	0.16	111115
119	"16:53:22"	8316.0	0	2.99	0.0484	274	1.42	2.9	31.81	6	1.42	1	2.84	33.51	31.81	34.99	400.55	389.92	14.022	18.204	27.09	35.17	199.7	1599	0	100.4	19.1	0.822	1.0	-0.22	2.74	1.00	0.00	0.16	111115
120	"16:53:23"	8317.0	0	3.01	0.0484	273	1.42	2.9	31.81	6	1.42	1	2.84	33.51	31.81	34.99	400.61	389.92	14.022	18.204	27.09	35.17	199.7	1599	0	100.4	19.1	0.822	1.0	-0.22	2.74	1.00	0.00	0.16	111115
"16:53:31 Coolers: Tblock -> 40.00 C"
"17:01:16 Flow: Fixed -> 200 umol/s"
121	"17:01:57"	8831.5	0	2.84	0.0428	263	1.52	3.47	35.11	6	1.42	1	2.84	38.12	35.11	40.06	399.41	389.09	17.566	22.025	26.33	33.01	199.6	1600	0	100.4	19.5	0.82	1.0	-0.22	2.74	1.00	0.00	0.16	111115
122	"17:01:58"	8832.0	0	2.85	0.0428	262	1.52	3.47	35.11	6	1.42	1	2.84	38.12	35.11	40.06	399.42	389.08	17.566	22.024	26.33	33.02	199.7	1600	0	100.4	19.5	0.82	1.0	-0.22	2.74	1.00	0.00	0.16	111115
123	"17:01:59"	8833.0	0	2.83	0.0428	263	1.52	3.47	35.11	6	1.42	1	2.84	38.12	35.11	40.06	399.35	389.08	17.567	22.023	26.33	33.01	199.7	1600	0	100.4	19.5	0.82	1.0	-0.22	2.74	1.00	0.00	0.16	111115
124	"17:01:59"	8833.5	0	2.82	0.0428	263	1.52	3.47	35.11	6	1.42	1	2.84	38.12	35.11	40.06	399.34	389.08	17.567	22.021	26.33	33.01	199.6	1600	0	100.4	19.5	0.82	1.0	-0.22	2.74	1.00	0.00	0.16	111115
125	"17:02:00"	8834.5	0	2.82	0.0428	263	1.52	3.47	35.11	6	1.42	1	2.84	38.12	35.11	40.06	399.30	389.05	17.567	22.021	26.34	33.01	199.7	1600	0	100.4	19.5	0.82	1.0	-0.22	2.74	1.00	0.00	0.16	111115
126	"17:02:01"	8835.0	0	2.81	0.0428	264	1.52	3.47	35.11	6	1.42	1	2.84	38.11	35.11	40.06	399.29	389.07	17.566	22.022	26.34	33.01	199.7	1600	0	100.4	19.5	0.82	1.0	-0.22	2.74	1.00	0.00	0.16	111115
127	"17:02:02"	8835.5	0	2.8	0.0428	264	1.52	3.47	35.11	6	1.42	1	2.84	38.12	35.11	40.06	399.28	389.09	17.566	22.022	26.33	33.01	199.7	1600	0	100.4	19.5	0.82	1.0	-0.22	2.74	1.00	0.00	0.16	111115
128	"17:02:02"	8836.5	0	2.83	0.0428	263	1.52	3.47	35.11	6	1.42	1	2.84	38.12	35.11	40.06	399.33	389.07	17.566	22.022	26.33	33.01	199.7	1600	0	100.4	19.5	0.82	1.0	-0.22	2.74	1.00	0.00	0.16	111115
129	"17:02:03"	8837.0	0	2.84	0.0428	263	1.52	3.47	35.11	6	1.42	1	2.84	38.12	35.11	40.06	399.37	389.07	17.566	22.022	26.33	33.01	199.7	1600	0	100.4	19.5	0.82	1.0	-0.22	2.74	1.00	0.00	0.16	111115
130	"17:02:03"	8837.5	0	2.84	0.0428	263	1.52	3.47	35.11	6	1.42	1	2.84	38.12	35.11	40.06	399.40	389.08	17.567	22.021	26.33	33.01	199.7	1600	0	100.4	19.5	0.82	1.0	-0.22	2.74	1.00	0.00	0.16	111115
131	"17:02:04"	8838.0	0	2.85	0.0428	262	1.52	3.47	35.11	6	1.42	1	2.84	38.12	35.11	40.06	399.42	389.07	17.565	22.019	26.33	33.01	199.7	1600	0	100.4	19.5	0.82	1.0	-0.22	2.74	1.00	0.00	0.16	111115
132	"17:02:05"	8839.0	0	2.86	0.0427	262	1.51	3.47	35.11	6	1.42	1	2.84	38.12	35.11	40.06	399.41	389.05	17.566	22.019	26.33	33.00	199.7	1600	0	100.4	19.5	0.82	1.0	-0.22	2.74	1.00	0.00	0.16	111115
133	"17:02:05"	8839.5	0	2.86	0.0428	262	1.52	3.47	35.11	6	1.42	1	2.84	38.12	35.11	40.06	399.41	389.04	17.566	22.018	26.33	33.01	199.7	1600	0	100.4	19.5	0.82	1.0	-0.22	2.74	1.00	0.00	0.16	111115
134	"17:02:06"	8840.0	0	2.85	0.0427	262	1.51	3.47	35.11	6	1.42	1	2.84	38.12	35.11	40.06	399.39	389.06	17.566	22.018	26.33	33.00	199.7	1600	0	100.4	19.5	0.82	1.0	-0.22	2.74	1.00	0.00	0.16	111115
135	"17:02:07"	8841.0	0	2.83	0.0427	263	1.51	3.47	35.11	6	1.42	1	2.84	38.12	35.11	40.06	399.33	389.05	17.565	22.016	26.33	33.00	199.7	1600	0	100.4	19.5	0.82	1.0	-0.22	2.74	1.00	0.00	0.16	111115
"17:02:13 Coolers: Tblock -> 45.00 C"
"17:08:32 Flow: Fixed -> 200 umol/s"
"17:11:56 Flow: Fixed -> 200 umol/s"
136	"17:12:20"	9454.5	0	2.54	0.0414	266	1.83	4.32	37.86	6	1.42	1	2.84	42.56	37.86	45.13	398.91	389.12	17.429	22.814	20.62	26.99	199.6	1600	0	100.4	20.1	0.794	1.0	-0.22	2.74	1.00	0.00	0.16	111115
137	"17:12:21"	9455.0	0	2.56	0.0414	265	1.83	4.32	37.86	6	1.42	1	2.84	42.56	37.86	45.13	398.94	389.09	17.428	22.812	20.62	26.99	199.7	1600	0	100.4	20.1	0.794	1.0	-0.22	2.74	1.00	0.00	0.16	111115
138	"17:12:21"	9456.0	0	2.52	0.0414	267	1.83	4.31	37.85	6	1.42	1	2.84	42.56	37.85	45.13	398.86	389.14	17.428	22.811	20.62	26.99	199.7	1600	0	100.4	20.1	0.794	1.0	-0.22	2.74	1.00	0.00	0.16	111115
139	"17:12:22"	9456.5	0	2.51	0.0414	268	1.83	4.31	37.85	6	1.42	1	2.84	42.56	37.85	45.13	398.81	389.14	17.429	22.812	20.62	26.99	199.7	1600	0	100.4	20.1	0.794	1.0	-0.22	2.74	1.00	0.00	0.16	111115
140	"17:12:23"	9457.0	0	2.5	0.0414	268	1.83	4.31	37.85	6	1.42	1	2.84	42.56	37.85	45.13	398.81	389.15	17.430	22.812	20.62	26.99	199.7	1600	0	100.4	20.1	0.794	1.0	-0.22	2.74	1.00	0.00	0.16	111115
141	"17:12:23"	9458.0	0	2.5	0.0414	268	1.83	4.31	37.85	6	1.42	1	2.84	42.56	37.85	45.13	398.83	389.18	17.430	22.812	20.62	26.99	199.7	1600	0	100.4	20.1	0.794	1.0	-0.22	2.74	1.00	0.00	0.16	111115
142	"17:12:24"	9458.5	0	2.5	0.0414	268	1.83	4.31	37.85	6	1.42	1	2.84	42.56	37.85	45.13	398.84	389.17	17.430	22.812	20.62	26.99	199.7	1600	0	100.4	20.1	0.794	1.0	-0.22	2.74	1.00	0.00	0.16	111115
143	"17:12:25"	9459.0	0	2.5	0.0414	268	1.83	4.31	37.85	6	1.42	1	2.84	42.56	37.85	45.13	398.83	389.18	17.431	22.812	20.62	26.99	199.7	1600	0	100.4	20.1	0.794	1.0	-0.22	2.74	1.00	0.00	0.16	111115
144	"17:12:25"	9459.5	0	2.51	0.0414	267	1.83	4.31	37.86	6	1.42	1	2.84	42.56	37.86	45.13	398.87	389.17	17.430	22.813	20.62	26.99	199.7	1600	0	100.4	20.1	0.794	1.0	-0.22	2.74	1.00	0.00	0.16	111115
145	"17:12:26"	9460.5	0	2.54	0.0414	266	1.83	4.31	37.86	6	1.42	1	2.84	42.56	37.86	45.13	398.95	389.16	17.431	22.811	20.62	26.99	199.7	1600	0	100.4	20.1	0.794	1.0	-0.22	2.74	1.00	0.00	0.16	111115
146	"17:12:26"	9461.0	0	2.55	0.0414	266	1.83	4.31	37.86	6	1.42	1	2.84	42.56	37.86	45.13	398.95	389.16	17.430	22.811	20.62	26.99	199.7	1599	0	100.4	20.1	0.794	1.0	-0.22	2.74	1.00	0.00	0.16	111115
147	"17:12:27"	9461.5	0	2.55	0.0414	266	1.83	4.32	37.86	6	1.42	1	2.84	42.56	37.86	45.13	398.95	389.16	17.430	22.811	20.62	26.99	199.7	1599	0	100.4	20.1	0.794	1.0	-0.22	2.74	1.00	0.00	0.16	111115
148	"17:12:28"	9462.0	0	2.55	0.0414	266	1.83	4.32	37.86	6	1.42	1	2.84	42.56	37.86	45.13	398.94	389.14	17.431	22.811	20.63	26.99	199.7	1600	0	100.4	20.1	0.794	1.0	-0.22	2.74	1.00	0.00	0.16	111115
149	"17:12:28"	9463.0	0	2.52	0.0414	267	1.83	4.31	37.86	6	1.42	1	2.84	42.56	37.86	45.13	398.88	389.15	17.432	22.810	20.63	26.99	199.7	1599	0	100.4	20.1	0.794	1.0	-0.22	2.74	1.00	0.00	0.16	111115
150	"17:12:29"	9463.5	0	2.52	0.0414	267	1.83	4.31	37.85	6	1.42	1	2.84	42.56	37.85	45.13	398.88	389.16	17.432	22.809	20.63	26.99	199.7	1599	0	100.4	20.1	0.794	1.0	-0.22	2.74	1.00	0.00	0.16	111115
"17:12:37 Coolers: Tblock -> 50.00 C"
"17:21:41 Flow: Fixed -> 200 umol/s"
151	"17:22:16"	10050.5	0	2.13	0.0437	282	2.32	5.15	40.39	6	1.42	1	2.84	46.82	40.39	49.81	399.43	390.31	17.268	24.076	16.39	22.85	199.7	1599	0	100.4	20.6	0.754	1.0	-0.22	2.74	1.00	0.00	0.16	111115
152	"17:22:17"	10051.0	0	2.13	0.0436	282	2.32	5.15	40.40	6	1.42	1	2.84	46.82	40.40	49.81	399.43	390.30	17.268	24.076	16.39	22.85	199.7	1599	0	100.4	20.6	0.754	1.0	-0.22	2.74	1.00	0.00	0.16	111115
153	"17:22:18"	10052.0	0	2.15	0.0436	282	2.32	5.15	40.40	6	1.42	1	2.84	46.82	40.40	49.81	399.45	390.29	17.266	24.073	16.38	22.84	199.7	1599	0	100.4	20.6	0.754	1.0	-0.22	2.74	1.00	0.00	0.16	111115
154	"17:22:18"	10052.5	0	2.13	0.0436	282	2.32	5.15	40.40	6	1.42	1	2.84	46.82	40.40	49.81	399.42	390.29	17.265	24.072	16.38	22.84	199.7	1599	0	100.4	20.6	0.754	1.0	-0.22	2.74	1.00	0.00	0.16	111115
155	"17:22:19"	10053.5	0	2.13	0.0436	282	2.32	5.15	40.39	6	1.42	1	2.84	46.83	40.39	49.81	399.40	390.28	17.265	24.070	16.38	22.84	199.7	1599	0	100.4	20.6	0.754	1.0	-0.22	2.74	1.00	0.00	0.16	111115
156	"17:22:20"	10054.0	0	2.13	0.0436	282	2.32	5.15	40.39	6	1.42	1	2.84	46.83	40.39	49.81	399.39	390.27	17.264	24.070	16.38	22.84	199.7	1599	0	100.4	20.6	0.754	1.0	-0.22	2.74	1.00	0.00	0.16	111115
157	"17:22:21"	10054.5	0	2.13	0.0436	282	2.32	5.15	40.39	6	1.42	1	2.84	46.83	40.39	49.81	399.38	390.26	17.264	24.069	16.38	22.84	199.7	1599	0	100.4	20.6	0.754	1.0	-0.22	2.74	1.00	0.00	0.16	111115
158	"17:22:21"	10055.5	0	2.12	0.0437	282	2.32	5.15	40.38	6	1.42	1	2.84	46.83	40.38	49.81	399.37	390.27	17.264	24.068	16.38	22.83	199.7	1599	0	100.4	20.6	0.754	1.0	-0.22	2.74	1.00	0.00	0.16	111115
159	"17:22:22"	10056.0	0	2.13	0.0437	282	2.32	5.15	40.38	6	1.42	1	2.84	46.83	40.38	49.81	399.42	390.30	17.264	24.068	16.38	22.83	199.7	1599	0	100.4	20.6	0.754	1.0	-0.22	2.74	1.00	0.00	0.16	111115
160	"17:22:23"	10056.5	0	2.14	0.0437	282	2.32	5.15	40.38	6	1.42	1	2.84	46.83	40.38	49.81	399.46	390.30	17.266	24.068	16.38	22.83	199.7	1599	0	100.4	20.6	0.754	1.0	-0.22	2.74	1.00	0.00	0.16	111115
161	"17:22:23"	10057.5	0	2.14	0.0437	282	2.32	5.15	40.38	6	1.42	1	2.84	46.83	40.38	49.81	399.47	390.31	17.266	24.070	16.38	22.83	199.7	1599	0	100.4	20.6	0.754	1.0	-0.22	2.74	1.00	0.00	0.16	111115
162	"17:22:24"	10058.0	0	2.14	0.0437	282	2.32	5.15	40.38	6	1.42	1	2.84	46.83	40.38	49.81	399.49	390.33	17.267	24.071	16.38	22.83	199.7	1599	0	100.4	20.6	0.754	1.0	-0.22	2.74	1.00	0.00	0.16	111115
163	"17:22:25"	10058.5	0	2.13	0.0437	282	2.32	5.15	40.38	6	1.42	1	2.84	46.83	40.38	49.81	399.48	390.35	17.267	24.072	16.38	22.83	199.7	1599	0	100.4	20.6	0.754	1.0	-0.22	2.74	1.00	0.00	0.16	111115
164	"17:22:25"	10059.5	0	2.14	0.0437	282	2.32	5.15	40.38	6	1.42	1	2.84	46.83	40.38	49.81	399.47	390.31	17.267	24.071	16.38	22.83	199.7	1599	0	100.4	20.6	0.754	1.0	-0.22	2.74	1.00	0.00	0.16	111115
165	"17:22:26"	10060.0	0	2.13	0.0437	282	2.32	5.15	40.38	6	1.42	1	2.84	46.83	40.38	49.81	399.44	390.33	17.269	24.072	16.38	22.84	199.7	1599	0	100.4	20.6	0.754	1.0	-0.22	2.74	1.00	0.00	0.16	111115
"17:22:35 Coolers: Tblock -> 20.00 C"
