"OPEN 6.2.5"
"Tue Jan 18 2022 15:47:40"
<open><version>"6.2.5"</version></open>
<open><configfile>"/User/Configs/UserPrefs/2x3 LED.xml"</configfile></open>
<open><light><source>"6400-02 or -02B LED Source"</source><par_in>1<sensor>"SI-3989"<cal>-0.92<actinity>1.00</actinity><transm>1.00</transm></cal></sensor><transm>1</transm></par_in><par_out>1<sensor>"Q50937"<cal>6.45</cal></sensor></par_out></light></open>
<open><comps><file>"/User/Configs/Comps/StdComps_6.2"<header>""</header><extras></extras></file><energybal>no<f_parIn>1</f_parIn><f_parOut>0</f_parOut><alphaK>0.16</alphaK></energybal><bc_total>2.840<stomatal_ratio>1</stomatal_ratio><bc_oneside>1.420<type>2</type><table>"/Sys/Lib/StdBLCTable"</table><area>6</area><slope>-0.219565</slope><offset>2.73739</offset><fan>5</fan></bc_oneside></bc_total></comps></open>
<open><prompts><onlog>off</onlog><items>"Default (none)"</items></prompts></open>
<open><constants><oxygen>21 %</oxygen><bb_vapor>1.5</bb_vapor><bb_oxy>0.9</bb_oxy></constants></open>
<open><stability><items>"Std Stability"<items[1]><id>-2</id><size>15</size><pcv><onoff>0</onoff><value>1</value></pcv><std><onoff>0</onoff><value>1</value></std><slp><onoff>1</onoff><value>1</value></slp></items[1]><items[2]><id>-5</id><size>15</size><pcv><onoff>0</onoff><value>1</value></pcv><std><onoff>0</onoff><value>1</value></std><slp><onoff>1</onoff><value>1</value></slp></items[2]><items[3]><id>-7</id><size>15</size><pcv><onoff>0</onoff><value>1</value></pcv><std><onoff>0</onoff><value>1</value></std><slp><onoff>1</onoff><value>1</value></slp></items[3]></items></stability></open>
<open><log><format>"StdLogFmt_6.0"<items>{ -35 -21 -36 -76 30 23 36 21 25 221 -33 111 -34 11 -9 -10 -8 -1 -2 -4 -5 -14 -15 -7 -12 -13 -11 -65 -66 -72 -18 -19 -77 -78 -79 -23  }<hdr>{  }</hdr></items></format><options><beep>on</beep><hdr>normal</hdr><rem>normal</rem><stab>no</stab><stats>no<mean>no</mean><file>no</file><period>15</period></stats><excel>yes</excel><controls>yes</controls><comm>no</comm></options><datafile>"/User/jcg_stre_lh"</datafile><button><action>"Normal Log"<code>" LogOneObsManual "</code></action></button><autoprog>"/User/Configs/AutoProgs/AutoLog2"<active>no</active></autoprog></log></open>
<open><a2d><avgtime>4.0 secs</avgtime><userchans><ch20>"Off"</ch20><ch21>"Off"</ch21><ch22>"Off"</ch22><ch23>"Off"</ch23></userchans></a2d></open>
<open><matching><type>0</type><disp>'a'</disp><settings><CO2Limit>10.0</CO2Limit><H2OLimit>1.0</H2OLimit><MaxAutoTime>60</MaxAutoTime></settings></matching></open>
<li6400><factory><unit>"PSC-4076"</unit><serviced>"31 Mar 2014"</serviced><fuseaware>0</fuseaware><co2mixer>yes</co2mixer><co2><coeffs>{ 0 0.215349 2.57678e-05 1.9763e-08 -3.21542e-12 3.03737e-16  }</coeffs><dvdt>-2.8</dvdt><xs>{ 0.0005 0.0003  }</xs></co2><h2o><coeffs>{ 0 0.00579256 2.19235e-06 9.06457e-12  }</coeffs><dvdt>-1</dvdt><xs>{ -0.0026 0.0003  }</xs></h2o><flow>{ 0 0.3607  }</flow><press>{ 88.32 0.00555  }</press></factory></li6400>
<li6400><user><flow_zero>-1560.7</flow_zero><irga_zero><co2>-312.6 -351.6<at>29.8235</at></co2><h2o>-156.6 77.4<at>31.0407</at></h2o></irga_zero><irga_span><co2>{ 0.988788 0.993555  }</co2><h2o>{ 0.996032 0.996401  }</h2o></irga_span><irga_match><co2>{ -1.32399 18.8878  }</co2><h2o>{ -0.104692 0.831232  }</h2o></irga_match><co2_mixer><pump_mv>4500</pump_mv><ppm>{ 2185.36 1052.7 419.509 255.894 118.056 69.8071 46.8351 46.4167  }</ppm><mv>{ 5000 3000 1500 1000 500 300 200 100  }</mv></co2_mixer><parin_offset>-0.0908794</parin_offset><led_cal><unit>"SI-3989"</unit><mv>{ 10 25 50 100 1000 2000 3000 4000 5000  }</mv><qntm>{ 5.41353 17.8999 38.6356 86.3019 941.421 1838.37 2690.41 3508.95 4284.65  }</qntm></led_cal><lcf_cal><unit>"unknown"</unit><red><mv>{ 50 100 500 1000 1500 5000  }</mv><qntm>{ 50 100 500 1000 2000 5000  }</qntm></red><blue><mv>{ 100 200 500 1000 2000 5000  }</mv><qntm>{ 10 20 50 100 200 500  }</qntm></blue></lcf_cal></user></li6400>
"15:47:41 "
$STARTOFDATA$
"Obs"	"HHMMSS"	"FTime"	"EBal?"	"Photo"	"Cond"	"Ci"	"Trmmol"	"VpdL"	"CTleaf"	"Area"	"BLC_1"	"StmRat"	"BLCond"	"Tair"	"Tleaf"	"TBlk"	"CO2R"	"CO2S"	"H2OR"	"H2OS"	"RH_R"	"RH_S"	"Flow"	"PARi"	"PARo"	"Press"	"CsMch"	"HsMch"	"StableF"	"BLCslope"	"BLCoffst"	"f_parin"	"f_parout"	"alphaK"	"Status"
"15:59:38 Coolers: Tblock -> 0.00 C"
"16:17:40 Flow: Fixed -> 200 umol/s"
"16:22:49 Flow: Fixed -> 200 umol/s"
1	"16:25:47"	2299.0	0	2.07	0.0632	334	0.584	0.945	10.08	6	1.42	1	2.84	3.63	10.08	0.48	399.89	393.00	1.173	2.922	14.86	37.02	199.7	1600	0	100.8	17.9	0.492	1.0	-0.22	2.74	1.00	0.00	0.16	111115
2	"16:25:48"	2300.0	0	2.07	0.0632	334	0.584	0.945	10.08	6	1.42	1	2.84	3.63	10.08	0.48	399.91	393.00	1.173	2.922	14.86	37.02	199.7	1600	0	100.8	17.9	0.492	1.0	-0.22	2.74	1.00	0.00	0.16	111115
3	"16:25:48"	2300.5	0	2.07	0.0632	334	0.584	0.945	10.08	6	1.42	1	2.84	3.63	10.08	0.48	399.92	393.00	1.173	2.922	14.86	37.02	199.7	1600	0	100.8	17.9	0.492	1.0	-0.22	2.74	1.00	0.00	0.16	111115
4	"16:25:49"	2301.0	0	2.06	0.0632	334	0.584	0.945	10.08	6	1.42	1	2.84	3.63	10.08	0.48	399.91	393.02	1.173	2.922	14.86	37.02	199.7	1600	0	100.8	17.9	0.492	1.0	-0.22	2.74	1.00	0.00	0.16	111115
5	"16:25:50"	2302.0	0	2.05	0.0632	335	0.584	0.945	10.08	6	1.42	1	2.84	3.63	10.08	0.48	399.90	393.04	1.173	2.922	14.86	37.02	199.7	1600	0	100.8	17.9	0.492	1.0	-0.22	2.74	1.00	0.00	0.16	111115
6	"16:25:50"	2302.5	0	2.05	0.0632	335	0.584	0.945	10.08	6	1.42	1	2.84	3.63	10.08	0.48	399.90	393.05	1.173	2.922	14.86	37.02	199.7	1600	0	100.8	17.9	0.492	1.0	-0.22	2.74	1.00	0.00	0.16	111115
7	"16:25:51"	2303.0	0	2.04	0.0633	335	0.584	0.945	10.08	6	1.42	1	2.84	3.63	10.08	0.48	399.88	393.06	1.173	2.923	14.86	37.03	199.7	1600	0	100.8	17.9	0.492	1.0	-0.22	2.74	1.00	0.00	0.16	111115
8	"16:25:52"	2303.5	0	2.05	0.0633	335	0.584	0.945	10.08	6	1.42	1	2.84	3.63	10.08	0.48	399.88	393.05	1.173	2.923	14.86	37.03	199.7	1600	0	100.8	17.9	0.492	1.0	-0.22	2.74	1.00	0.00	0.16	111115
9	"16:25:52"	2304.5	0	2.04	0.0633	335	0.584	0.944	10.07	6	1.42	1	2.84	3.63	10.07	0.48	399.87	393.05	1.173	2.923	14.86	37.03	199.8	1600	0	100.8	17.9	0.492	1.0	-0.22	2.74	1.00	0.00	0.16	111115
10	"16:25:53"	2305.0	0	2.04	0.0634	335	0.585	0.943	10.07	6	1.42	1	2.84	3.63	10.07	0.48	399.87	393.04	1.173	2.923	14.86	37.04	199.8	1600	0	100.8	17.9	0.492	1.0	-0.22	2.74	1.00	0.00	0.16	111115
11	"16:25:54"	2305.5	0	2.05	0.0634	335	0.584	0.943	10.06	6	1.42	1	2.84	3.63	10.06	0.48	399.91	393.06	1.174	2.924	14.87	37.05	199.8	1600	0	100.8	17.9	0.492	1.0	-0.22	2.74	1.00	0.00	0.16	111115
12	"16:25:54"	2306.5	0	2.04	0.0635	335	0.585	0.943	10.06	6	1.42	1	2.84	3.63	10.06	0.49	399.88	393.06	1.173	2.924	14.87	37.05	199.8	1600	0	100.8	17.9	0.492	1.0	-0.22	2.74	1.00	0.00	0.16	111115
13	"16:25:55"	2307.0	0	2.05	0.0635	335	0.584	0.942	10.05	6	1.42	1	2.84	3.63	10.05	0.49	399.90	393.06	1.174	2.924	14.87	37.05	199.8	1600	0	100.8	17.9	0.492	1.0	-0.22	2.74	1.00	0.00	0.16	111115
14	"16:25:55"	2307.5	0	2.04	0.0635	335	0.584	0.942	10.05	6	1.42	1	2.84	3.63	10.05	0.49	399.89	393.06	1.174	2.924	14.87	37.05	199.8	1600	0	100.8	17.9	0.492	1.0	-0.22	2.74	1.00	0.00	0.16	111115
15	"16:25:56"	2308.0	0	2.04	0.0635	335	0.585	0.942	10.05	6	1.42	1	2.84	3.63	10.05	0.49	399.90	393.07	1.173	2.924	14.87	37.05	199.8	1600	0	100.8	17.9	0.492	1.0	-0.22	2.74	1.00	0.00	0.16	111115
"16:26:02 Coolers: Tblock -> 5.00 C"
"16:32:07 Flow: Fixed -> 200 umol/s"
16	"16:33:54"	2786.5	0	2.64	0.0647	318	0.69	1.09	12.61	6	1.42	1	2.84	7.30	12.61	4.96	399.73	391.00	1.663	3.728	16.33	36.60	199.7	1599	0	100.8	17.8	0.545	1.0	-0.22	2.74	1.00	0.00	0.16	111115
17	"16:33:55"	2787.5	0	2.62	0.0646	319	0.69	1.09	12.62	6	1.42	1	2.84	7.30	12.62	4.96	399.72	391.05	1.663	3.728	16.33	36.60	199.7	1599	0	100.8	17.8	0.545	1.0	-0.22	2.74	1.00	0.00	0.16	111115
18	"16:33:56"	2788.5	0	2.6	0.0646	319	0.69	1.09	12.63	6	1.42	1	2.84	7.30	12.63	4.96	399.73	391.11	1.664	3.728	16.34	36.60	199.8	1599	0	100.8	17.8	0.545	1.0	-0.22	2.74	1.00	0.00	0.16	111115
19	"16:33:56"	2789.0	0	2.59	0.0646	319	0.69	1.09	12.63	6	1.42	1	2.84	7.30	12.63	4.96	399.71	391.11	1.664	3.728	16.34	36.61	199.8	1599	0	100.8	17.8	0.545	1.0	-0.22	2.74	1.00	0.00	0.16	111115
20	"16:33:58"	2790.0	0	2.6	0.0647	319	0.69	1.09	12.63	6	1.42	1	2.84	7.30	12.63	4.96	399.74	391.13	1.663	3.729	16.33	36.62	199.8	1599	0	100.8	17.8	0.545	1.0	-0.22	2.74	1.00	0.00	0.16	111115
21	"16:33:58"	2791.0	0	2.58	0.0647	320	0.691	1.09	12.62	6	1.42	1	2.84	7.30	12.62	4.95	399.72	391.15	1.662	3.729	16.33	36.62	199.8	1599	0	100.8	17.8	0.545	1.0	-0.22	2.74	1.00	0.00	0.16	111115
22	"16:33:59"	2792.0	0	2.59	0.0648	320	0.691	1.09	12.61	6	1.42	1	2.84	7.30	12.61	4.95	399.72	391.13	1.662	3.730	16.33	36.64	199.7	1599	0	100.8	17.8	0.545	1.0	-0.22	2.74	1.00	0.00	0.16	111115
23	"16:34:00"	2792.5	0	2.6	0.0648	320	0.691	1.09	12.61	6	1.42	1	2.84	7.30	12.61	4.95	399.73	391.11	1.662	3.730	16.33	36.64	199.7	1599	0	100.8	17.8	0.545	1.0	-0.22	2.74	1.00	0.00	0.16	111115
24	"16:34:01"	2793.5	0	2.6	0.0649	320	0.691	1.09	12.61	6	1.42	1	2.84	7.30	12.61	4.95	399.75	391.12	1.662	3.730	16.33	36.64	199.7	1599	0	100.8	17.8	0.545	1.0	-0.22	2.74	1.00	0.00	0.16	111115
25	"16:34:02"	2794.5	0	2.61	0.0648	319	0.691	1.09	12.61	6	1.42	1	2.84	7.30	12.61	4.95	399.75	391.11	1.662	3.730	16.33	36.64	199.8	1599	0	100.8	17.8	0.545	1.0	-0.22	2.74	1.00	0.00	0.16	111115
26	"16:34:02"	2795.0	0	2.61	0.0648	319	0.691	1.09	12.62	6	1.42	1	2.84	7.30	12.62	4.95	399.76	391.10	1.663	3.730	16.33	36.64	199.8	1599	0	100.8	17.8	0.545	1.0	-0.22	2.74	1.00	0.00	0.16	111115
27	"16:34:03"	2796.0	0	2.62	0.0648	319	0.691	1.09	12.62	6	1.42	1	2.84	7.30	12.62	4.95	399.77	391.08	1.663	3.730	16.33	36.64	199.8	1599	0	100.8	17.8	0.545	1.0	-0.22	2.74	1.00	0.00	0.16	111115
28	"16:34:04"	2797.0	0	2.62	0.0648	319	0.691	1.09	12.62	6	1.42	1	2.84	7.30	12.62	4.95	399.76	391.08	1.663	3.731	16.34	36.65	199.8	1599	0	100.8	17.8	0.545	1.0	-0.22	2.74	1.00	0.00	0.16	111115
29	"16:34:05"	2797.5	0	2.61	0.0648	319	0.691	1.09	12.62	6	1.42	1	2.84	7.30	12.62	4.95	399.76	391.09	1.663	3.732	16.34	36.66	199.8	1599	0	100.8	17.8	0.545	1.0	-0.22	2.74	1.00	0.00	0.16	111115
30	"16:34:06"	2798.5	0	2.6	0.0649	320	0.692	1.09	12.62	6	1.42	1	2.84	7.29	12.62	4.94	399.73	391.11	1.663	3.733	16.34	36.67	199.8	1599	0	100.8	17.8	0.545	1.0	-0.22	2.74	1.00	0.00	0.16	111115
"16:34:13 Coolers: Tblock -> 10.00 C"
"16:40:54 Flow: Fixed -> 200 umol/s"
31	"16:42:08"	3280.5	0	3.12	0.0636	301	0.83	1.33	15.99	6	1.42	1	2.84	11.62	15.99	10.03	399.32	388.97	2.402	4.883	17.64	35.86	199.7	1600	0	100.8	18.1	0.589	1.0	-0.22	2.74	1.00	0.00	0.16	111115
32	"16:42:09"	3281.5	0	3.11	0.0636	302	0.83	1.33	15.99	6	1.42	1	2.84	11.63	15.99	10.03	399.32	388.99	2.402	4.884	17.63	35.86	199.7	1600	0	100.8	18.1	0.589	1.0	-0.22	2.74	1.00	0.00	0.16	111115
33	"16:42:10"	3282.0	0	3.11	0.0636	302	0.83	1.33	15.99	6	1.42	1	2.84	11.63	15.99	10.03	399.30	389.00	2.402	4.884	17.63	35.86	199.8	1600	0	100.8	18.1	0.589	1.0	-0.22	2.74	1.00	0.00	0.16	111115
34	"16:42:11"	3283.0	0	3.12	0.0636	302	0.83	1.33	15.99	6	1.42	1	2.84	11.63	15.99	10.03	399.36	389.01	2.402	4.884	17.63	35.86	199.7	1600	0	100.8	18.1	0.589	1.0	-0.22	2.74	1.00	0.00	0.16	111115
35	"16:42:11"	3283.5	0	3.14	0.0636	301	0.83	1.33	15.99	6	1.42	1	2.84	11.63	15.99	10.03	399.41	389.01	2.402	4.884	17.63	35.86	199.7	1600	0	100.8	18.1	0.589	1.0	-0.22	2.74	1.00	0.00	0.16	111115
36	"16:42:12"	3284.5	0	3.18	0.0636	300	0.83	1.33	15.99	6	1.42	1	2.84	11.63	15.99	10.03	399.49	388.98	2.402	4.884	17.63	35.86	199.7	1600	0	100.8	18.1	0.589	1.0	-0.22	2.74	1.00	0.00	0.16	111115
37	"16:42:13"	3285.0	0	3.18	0.0636	300	0.83	1.33	15.99	6	1.42	1	2.84	11.63	15.99	10.03	399.51	388.98	2.402	4.883	17.64	35.86	199.8	1600	0	100.8	18.1	0.589	1.0	-0.22	2.74	1.00	0.00	0.16	111115
38	"16:42:14"	3286.0	0	3.19	0.0636	300	0.83	1.33	15.99	6	1.42	1	2.84	11.63	15.99	10.03	399.53	388.98	2.402	4.883	17.63	35.85	199.8	1600	0	100.8	18.1	0.589	1.0	-0.22	2.74	1.00	0.00	0.16	111115
39	"16:42:14"	3286.5	0	3.18	0.0636	300	0.83	1.33	15.99	6	1.42	1	2.84	11.63	15.99	10.03	399.51	388.99	2.402	4.883	17.63	35.85	199.8	1600	0	100.8	18.1	0.589	1.0	-0.22	2.74	1.00	0.00	0.16	111115
40	"16:42:15"	3287.5	0	3.17	0.0635	300	0.83	1.33	15.99	6	1.42	1	2.84	11.63	15.99	10.03	399.48	388.99	2.402	4.884	17.64	35.85	199.8	1600	0	100.8	18.1	0.589	1.0	-0.22	2.74	1.00	0.00	0.16	111115
41	"16:42:16"	3288.5	0	3.15	0.0636	301	0.83	1.33	15.99	6	1.42	1	2.84	11.63	15.99	10.03	399.42	388.98	2.402	4.884	17.64	35.85	199.8	1600	0	100.8	18.1	0.589	1.0	-0.22	2.74	1.00	0.00	0.16	111115
42	"16:42:17"	3289.0	0	3.14	0.0636	301	0.83	1.33	15.99	6	1.42	1	2.84	11.63	15.99	10.03	399.38	388.99	2.402	4.883	17.63	35.85	199.8	1600	0	100.8	18.1	0.589	1.0	-0.22	2.74	1.00	0.00	0.16	111115
43	"16:42:18"	3290.0	0	3.12	0.0636	302	0.83	1.33	15.98	6	1.42	1	2.84	11.63	15.98	10.03	399.33	389.00	2.402	4.883	17.63	35.85	199.8	1600	0	100.8	18.1	0.589	1.0	-0.22	2.74	1.00	0.00	0.16	111115
44	"16:42:18"	3290.5	0	3.11	0.0636	302	0.83	1.33	15.98	6	1.42	1	2.84	11.63	15.98	10.03	399.31	389.01	2.402	4.883	17.64	35.85	199.8	1600	0	100.8	18.1	0.589	1.0	-0.22	2.74	1.00	0.00	0.16	111115
45	"16:42:19"	3291.5	0	3.09	0.0636	302	0.83	1.33	15.97	6	1.42	1	2.84	11.63	15.97	10.03	399.27	389.02	2.402	4.882	17.63	35.84	199.8	1600	0	100.8	18.1	0.589	1.0	-0.22	2.74	1.00	0.00	0.16	111115
"16:42:26 Coolers: Tblock -> 15.00 C"
"16:49:21 Flow: Fixed -> 200 umol/s"
46	"16:49:54"	3746.0	0	3.41	0.0595	287	0.93	1.59	19.24	6	1.42	1	2.84	16.08	19.24	15.10	400.57	389.22	3.698	6.475	20.34	35.60	199.7	1600	0	100.8	18.2	0.647	1.0	-0.22	2.74	1.00	0.00	0.16	111115
47	"16:49:54"	3747.0	0	3.42	0.0596	287	0.93	1.58	19.23	6	1.42	1	2.84	16.08	19.23	15.10	400.60	389.24	3.698	6.475	20.34	35.61	199.7	1600	0	100.8	18.2	0.647	1.0	-0.22	2.74	1.00	0.00	0.16	111115
48	"16:49:55"	3747.5	0	3.4	0.0596	288	0.93	1.58	19.23	6	1.42	1	2.84	16.08	19.23	15.10	400.56	389.25	3.699	6.476	20.34	35.61	199.7	1600	0	100.8	18.2	0.647	1.0	-0.22	2.74	1.00	0.00	0.16	111115
49	"16:49:56"	3748.5	0	3.41	0.0597	287	0.93	1.58	19.22	6	1.42	1	2.84	16.08	19.22	15.10	400.58	389.24	3.699	6.477	20.34	35.62	199.7	1601	0	100.8	18.2	0.647	1.0	-0.22	2.74	1.00	0.00	0.16	111115
50	"16:49:56"	3749.0	0	3.43	0.0597	287	0.93	1.58	19.22	6	1.42	1	2.84	16.08	19.22	15.10	400.62	389.23	3.699	6.477	20.34	35.62	199.6	1601	0	100.8	18.2	0.647	1.0	-0.22	2.74	1.00	0.00	0.16	111115
51	"16:49:57"	3750.0	0	3.45	0.0597	287	0.931	1.58	19.22	6	1.42	1	2.84	16.08	19.22	15.10	400.68	389.23	3.700	6.479	20.35	35.63	199.7	1601	0	100.8	18.2	0.647	1.0	-0.22	2.74	1.00	0.00	0.16	111115
52	"16:49:58"	3750.5	0	3.44	0.0597	287	0.93	1.58	19.22	6	1.42	1	2.84	16.07	19.22	15.10	400.65	389.22	3.700	6.478	20.35	35.63	199.7	1600	1	100.8	18.2	0.647	1.0	-0.22	2.74	1.00	0.00	0.16	111115
53	"16:49:59"	3751.0	0	3.44	0.0597	287	0.931	1.58	19.22	6	1.42	1	2.84	16.07	19.22	15.10	400.65	389.24	3.700	6.478	20.35	35.63	199.7	1601	1	100.8	18.2	0.647	1.0	-0.22	2.74	1.00	0.00	0.16	111115
54	"16:49:59"	3751.5	0	3.46	0.0597	286	0.931	1.58	19.22	6	1.42	1	2.84	16.08	19.22	15.10	400.72	389.22	3.700	6.478	20.35	35.62	199.7	1600	1	100.8	18.2	0.647	1.0	-0.22	2.74	1.00	0.00	0.16	111115
55	"16:50:00"	3752.0	0	3.46	0.0597	286	0.931	1.58	19.22	6	1.42	1	2.84	16.08	19.22	15.09	400.73	389.24	3.700	6.478	20.35	35.62	199.7	1600	0	100.8	18.2	0.647	1.0	-0.22	2.74	1.00	0.00	0.16	111115
56	"16:50:01"	3753.0	0	3.46	0.0597	286	0.931	1.58	19.23	6	1.42	1	2.84	16.08	19.23	15.10	400.72	389.23	3.701	6.478	20.35	35.63	199.8	1600	0	100.8	18.2	0.647	1.0	-0.22	2.74	1.00	0.00	0.16	111115
57	"16:50:01"	3753.5	0	3.45	0.0597	287	0.931	1.58	19.23	6	1.42	1	2.84	16.08	19.23	15.09	400.69	389.25	3.701	6.479	20.35	35.63	199.7	1600	0	100.8	18.2	0.647	1.0	-0.22	2.74	1.00	0.00	0.16	111115
58	"16:50:02"	3754.0	0	3.43	0.0596	287	0.931	1.58	19.23	6	1.42	1	2.84	16.08	19.23	15.09	400.64	389.23	3.701	6.479	20.35	35.63	199.7	1600	0	100.8	18.2	0.647	1.0	-0.22	2.74	1.00	0.00	0.16	111115
59	"16:50:02"	3754.0	0	3.43	0.0596	287	0.931	1.58	19.23	6	1.42	1	2.84	16.08	19.23	15.09	400.64	389.23	3.701	6.479	20.35	35.63	199.7	1600	0	100.8	18.2	0.647	1.0	-0.22	2.74	1.00	0.00	0.16	111115
60	"16:50:03"	3754.5	0	3.44	0.0596	287	0.931	1.58	19.23	6	1.42	1	2.84	16.08	19.23	15.10	400.66	389.23	3.701	6.479	20.35	35.63	199.8	1600	0	100.8	18.2	0.647	1.0	-0.22	2.74	1.00	0.00	0.16	111115
"16:50:13 Coolers: Tblock -> 20.00 C"
"16:57:29 Flow: Fixed -> 200 umol/s"
61	"16:58:19"	4251.0	0	3.62	0.062	283	1.16	1.89	22.38	6	1.42	1	2.84	20.34	22.38	19.97	400.29	388.06	4.687	8.145	19.72	34.26	199.7	1600	1	100.8	18.4	0.699	1.0	-0.22	2.74	1.00	0.00	0.16	111115
62	"16:58:20"	4251.5	0	3.62	0.062	283	1.16	1.89	22.38	6	1.42	1	2.84	20.34	22.38	19.97	400.29	388.08	4.687	8.144	19.72	34.26	199.7	1600	1	100.8	18.4	0.699	1.0	-0.22	2.74	1.00	0.00	0.16	111115
63	"16:58:20"	4252.0	0	3.62	0.062	283	1.16	1.89	22.38	6	1.42	1	2.84	20.34	22.38	19.97	400.30	388.06	4.688	8.144	19.72	34.26	199.7	1600	1	100.8	18.4	0.699	1.0	-0.22	2.74	1.00	0.00	0.16	111115
64	"16:58:21"	4253.0	0	3.63	0.062	282	1.16	1.89	22.38	6	1.42	1	2.84	20.34	22.38	19.97	400.29	388.03	4.687	8.145	19.72	34.27	199.7	1600	1	100.8	18.4	0.699	1.0	-0.22	2.74	1.00	0.00	0.16	111115
65	"16:58:21"	4253.0	0	3.63	0.062	282	1.16	1.89	22.38	6	1.42	1	2.84	20.34	22.38	19.97	400.29	388.03	4.687	8.145	19.72	34.27	199.7	1600	1	100.8	18.4	0.699	1.0	-0.22	2.74	1.00	0.00	0.16	111115
66	"16:58:22"	4253.5	0	3.63	0.062	282	1.16	1.89	22.38	6	1.42	1	2.84	20.34	22.38	19.97	400.29	388.02	4.688	8.145	19.72	34.26	199.7	1600	0	100.8	18.4	0.699	1.0	-0.22	2.74	1.00	0.00	0.16	111115
67	"16:58:23"	4254.5	0	3.63	0.062	282	1.16	1.89	22.38	6	1.42	1	2.84	20.34	22.38	19.97	400.27	388.02	4.688	8.145	19.72	34.26	199.7	1600	0	100.8	18.4	0.699	1.0	-0.22	2.74	1.00	0.00	0.16	111115
68	"16:58:23"	4255.0	0	3.62	0.062	283	1.16	1.89	22.38	6	1.42	1	2.84	20.34	22.38	19.97	400.25	388.01	4.688	8.144	19.72	34.26	199.7	1600	0	100.8	18.4	0.699	1.0	-0.22	2.74	1.00	0.00	0.16	111115
69	"16:58:24"	4256.0	0	3.63	0.062	282	1.16	1.89	22.38	6	1.42	1	2.84	20.35	22.38	19.97	400.27	388.01	4.687	8.146	19.72	34.26	199.7	1600	0	100.8	18.4	0.699	1.0	-0.22	2.74	1.00	0.00	0.16	111115
70	"16:58:24"	4256.5	0	3.64	0.062	282	1.16	1.89	22.38	6	1.42	1	2.84	20.35	22.38	19.97	400.30	388.01	4.688	8.146	19.72	34.26	199.7	1600	1	100.8	18.4	0.699	1.0	-0.22	2.74	1.00	0.00	0.16	111115
71	"16:58:25"	4257.0	0	3.63	0.062	282	1.16	1.89	22.38	6	1.42	1	2.84	20.35	22.38	19.97	400.29	388.03	4.688	8.146	19.72	34.26	199.7	1600	0	100.8	18.4	0.699	1.0	-0.22	2.74	1.00	0.00	0.16	111115
72	"16:58:25"	4257.5	0	3.62	0.062	283	1.16	1.89	22.38	6	1.42	1	2.84	20.35	22.38	19.97	400.28	388.04	4.688	8.146	19.72	34.26	199.7	1600	0	100.8	18.4	0.699	1.0	-0.22	2.74	1.00	0.00	0.16	111115
73	"16:58:26"	4258.0	0	3.63	0.062	282	1.16	1.89	22.38	6	1.42	1	2.84	20.35	22.38	19.97	400.28	388.02	4.688	8.147	19.72	34.26	199.7	1600	1	100.8	18.4	0.699	1.0	-0.22	2.74	1.00	0.00	0.16	111115
74	"16:58:27"	4258.5	0	3.64	0.062	282	1.16	1.89	22.38	6	1.42	1	2.84	20.35	22.38	19.98	400.29	388.01	4.688	8.148	19.72	34.27	199.7	1600	1	100.8	18.4	0.699	1.0	-0.22	2.74	1.00	0.00	0.16	111115
75	"16:58:27"	4258.5	0	3.64	0.062	282	1.16	1.89	22.38	6	1.42	1	2.84	20.35	22.38	19.98	400.29	388.01	4.688	8.148	19.72	34.27	199.7	1600	1	100.8	18.4	0.699	1.0	-0.22	2.74	1.00	0.00	0.16	111115
"16:58:34 Coolers: Tblock -> 25.00 C"
76	"17:06:26"	4738.0	0	3.83	0.0626	275	1.39	2.24	25.55	6	1.42	1	2.84	24.75	25.55	25.04	399.75	386.63	6.294	10.420	20.26	33.54	199.7	1600	0	100.9	18.4	0.699	1.0	-0.22	2.74	1.00	0.00	0.16	111115
77	"17:06:26"	4739.0	0	3.82	0.0627	275	1.39	2.24	25.55	6	1.42	1	2.84	24.75	25.55	25.04	399.71	386.62	6.293	10.422	20.26	33.55	199.7	1600	0	100.9	18.4	0.699	1.0	-0.22	2.74	1.00	0.00	0.16	111115
78	"17:06:27"	4739.5	0	3.81	0.0627	276	1.39	2.23	25.55	6	1.42	1	2.84	24.75	25.55	25.04	399.70	386.63	6.293	10.422	20.26	33.55	199.7	1600	0	100.9	18.4	0.699	1.0	-0.22	2.74	1.00	0.00	0.16	111115
79	"17:06:28"	4740.0	0	3.8	0.0627	276	1.39	2.23	25.55	6	1.42	1	2.84	24.75	25.55	25.04	399.68	386.65	6.293	10.423	20.26	33.55	199.7	1600	0	100.9	18.4	0.699	1.0	-0.22	2.74	1.00	0.00	0.16	111115
80	"17:06:28"	4740.5	0	3.82	0.0627	275	1.39	2.23	25.55	6	1.42	1	2.84	24.75	25.55	25.04	399.72	386.64	6.294	10.423	20.26	33.55	199.7	1600	0	100.9	18.4	0.699	1.0	-0.22	2.74	1.00	0.00	0.16	111115
81	"17:06:29"	4741.0	0	3.81	0.0628	276	1.39	2.23	25.55	6	1.42	1	2.84	24.75	25.55	25.04	399.72	386.66	6.293	10.425	20.26	33.56	199.7	1600	0	100.9	18.4	0.699	1.0	-0.22	2.74	1.00	0.00	0.16	111115
82	"17:06:29"	4741.5	0	3.83	0.0628	275	1.39	2.23	25.55	6	1.42	1	2.84	24.75	25.55	25.04	399.76	386.64	6.293	10.426	20.26	33.56	199.7	1600	0	100.9	18.4	0.699	1.0	-0.22	2.74	1.00	0.00	0.16	111115
83	"17:06:30"	4742.0	0	3.86	0.0628	274	1.39	2.23	25.54	6	1.42	1	2.84	24.75	25.54	25.04	399.81	386.60	6.293	10.426	20.26	33.56	199.8	1600	0	100.9	18.4	0.699	1.0	-0.22	2.74	1.00	0.00	0.16	111115
84	"17:06:30"	4742.5	0	3.87	0.0628	274	1.39	2.23	25.54	6	1.42	1	2.84	24.75	25.54	25.04	399.84	386.59	6.292	10.426	20.25	33.56	199.7	1600	0	100.9	18.4	0.699	1.0	-0.22	2.74	1.00	0.00	0.16	111115
85	"17:06:31"	4743.0	0	3.89	0.0628	274	1.39	2.23	25.54	6	1.42	1	2.84	24.75	25.54	25.04	399.91	386.62	6.292	10.426	20.25	33.56	199.8	1600	0	100.9	18.4	0.699	1.0	-0.22	2.74	1.00	0.00	0.16	111115
86	"17:06:32"	4743.5	0	3.91	0.0629	273	1.39	2.23	25.54	6	1.42	1	2.84	24.75	25.54	25.04	399.97	386.62	6.292	10.427	20.25	33.56	199.8	1600	0	100.8	18.4	0.699	1.0	-0.22	2.74	1.00	0.00	0.16	111115
87	"17:06:32"	4744.0	0	3.92	0.0629	273	1.39	2.23	25.54	6	1.42	1	2.84	24.75	25.54	25.04	400.01	386.61	6.292	10.427	20.25	33.56	199.8	1600	0	100.8	18.4	0.699	1.0	-0.22	2.74	1.00	0.00	0.16	111115
88	"17:06:33"	4744.5	0	3.93	0.0629	273	1.39	2.23	25.54	6	1.42	1	2.84	24.75	25.54	25.04	400.05	386.61	6.291	10.428	20.25	33.56	199.7	1600	0	100.8	18.4	0.699	1.0	-0.22	2.74	1.00	0.00	0.16	111115
89	"17:06:33"	4745.0	0	3.96	0.0628	272	1.39	2.23	25.54	6	1.42	1	2.84	24.76	25.54	25.04	400.11	386.59	6.293	10.427	20.25	33.56	199.7	1600	0	100.8	18.4	0.699	1.0	-0.22	2.74	1.00	0.00	0.16	111115
90	"17:06:34"	4746.0	0	3.97	0.0628	272	1.39	2.23	25.54	6	1.42	1	2.84	24.76	25.54	25.04	400.15	386.61	6.293	10.427	20.25	33.56	199.7	1600	0	100.8	18.4	0.699	1.0	-0.22	2.74	1.00	0.00	0.16	111115
"17:06:41 Coolers: Tblock -> 30.00 C"
"17:13:48 Flow: Fixed -> 200 umol/s"
"17:15:08 Flow: Fixed -> 200 umol/s"
91	"17:15:26"	5278.5	0	3.65	0.0565	268	1.46	2.58	28.79	6	1.42	1	2.84	29.21	28.79	30.12	399.51	386.86	9.493	13.808	23.52	34.21	199.7	1599	0	100.9	19	0.798	1.0	-0.22	2.74	1.00	0.00	0.16	111115
92	"17:15:26"	5279.0	0	3.68	0.0565	267	1.46	2.58	28.79	6	1.42	1	2.84	29.21	28.79	30.12	399.60	386.85	9.493	13.807	23.52	34.21	199.7	1599	0	100.9	19	0.798	1.0	-0.22	2.74	1.00	0.00	0.16	111115
93	"17:15:27"	5279.5	0	3.72	0.0565	266	1.46	2.58	28.79	6	1.42	1	2.84	29.21	28.79	30.12	399.72	386.85	9.492	13.807	23.52	34.21	199.7	1599	0	100.9	19	0.798	1.0	-0.22	2.74	1.00	0.00	0.16	111115
94	"17:15:28"	5280.5	0	3.78	0.0565	264	1.46	2.58	28.79	6	1.42	1	2.84	29.21	28.79	30.12	399.86	386.81	9.493	13.806	23.52	34.21	199.6	1599	0	100.9	19	0.798	1.0	-0.22	2.74	1.00	0.00	0.16	111115
95	"17:15:29"	5281.0	0	3.79	0.0565	264	1.46	2.58	28.79	6	1.42	1	2.84	29.21	28.79	30.12	399.87	386.79	9.492	13.805	23.52	34.21	199.7	1599	0	100.9	19	0.798	1.0	-0.22	2.74	1.00	0.00	0.16	111115
96	"17:15:29"	5282.0	0	3.81	0.0565	263	1.46	2.58	28.79	6	1.42	1	2.84	29.21	28.79	30.12	399.89	386.75	9.492	13.804	23.52	34.20	199.7	1599	0	100.9	19	0.798	1.0	-0.22	2.74	1.00	0.00	0.16	111115
97	"17:15:30"	5282.5	0	3.8	0.0565	263	1.46	2.58	28.79	6	1.42	1	2.84	29.21	28.79	30.12	399.86	386.74	9.491	13.803	23.52	34.20	199.7	1599	0	100.9	19	0.798	1.0	-0.22	2.74	1.00	0.00	0.16	111115
98	"17:15:31"	5283.5	0	3.77	0.0564	264	1.45	2.58	28.79	6	1.42	1	2.84	29.21	28.79	30.12	399.76	386.73	9.491	13.803	23.52	34.20	199.7	1599	0	100.9	19	0.798	1.0	-0.22	2.74	1.00	0.00	0.16	111115
99	"17:15:31"	5284.0	0	3.77	0.0564	264	1.45	2.58	28.79	6	1.42	1	2.84	29.21	28.79	30.12	399.76	386.75	9.491	13.803	23.52	34.20	199.7	1599	0	100.9	19	0.798	1.0	-0.22	2.74	1.00	0.00	0.16	111115
100	"17:15:32"	5285.0	0	3.76	0.0564	265	1.46	2.58	28.80	6	1.42	1	2.84	29.21	28.80	30.12	399.76	386.77	9.491	13.803	23.52	34.20	199.7	1599	0	100.9	19	0.798	1.0	-0.22	2.74	1.00	0.00	0.16	111115
101	"17:15:33"	5285.5	0	3.74	0.0564	265	1.46	2.58	28.79	6	1.42	1	2.84	29.21	28.79	30.12	399.74	386.79	9.491	13.803	23.52	34.20	199.7	1599	0	100.9	19	0.798	1.0	-0.22	2.74	1.00	0.00	0.16	111115
102	"17:15:33"	5286.0	0	3.73	0.0564	265	1.45	2.58	28.79	6	1.42	1	2.84	29.21	28.79	30.12	399.72	386.81	9.491	13.802	23.52	34.20	199.7	1599	0	100.9	19	0.798	1.0	-0.22	2.74	1.00	0.00	0.16	111115
103	"17:15:34"	5287.0	0	3.71	0.0564	266	1.45	2.58	28.80	6	1.42	1	2.84	29.21	28.80	30.12	399.70	386.85	9.491	13.803	23.51	34.20	199.7	1599	0	100.9	19	0.798	1.0	-0.22	2.74	1.00	0.00	0.16	111115
104	"17:15:35"	5287.5	0	3.72	0.0564	266	1.46	2.58	28.80	6	1.42	1	2.84	29.21	28.80	30.12	399.73	386.86	9.491	13.803	23.51	34.19	199.7	1599	0	100.9	19	0.798	1.0	-0.22	2.74	1.00	0.00	0.16	111115
105	"17:15:36"	5288.0	0	3.71	0.0564	266	1.46	2.58	28.80	6	1.42	1	2.84	29.21	28.80	30.12	399.71	386.86	9.490	13.804	23.51	34.19	199.7	1599	0	100.9	19	0.798	1.0	-0.22	2.74	1.00	0.00	0.16	111115
"17:15:46 Coolers: Tblock -> 35.00 C"
"17:20:16 Flow: Fixed -> 200 umol/s"
"17:24:33 Flow: Fixed -> 200 umol/s"
106	"17:25:16"	5868.5	0	3.63	0.0511	256	1.59	3.09	31.91	6	1.42	1	2.84	33.55	31.91	34.99	399.82	387.08	11.829	16.520	22.90	31.98	199.6	1600	0	100.9	19.4	0.825	1.0	-0.22	2.74	1.00	0.00	0.16	111115
107	"17:25:17"	5869.0	0	3.63	0.0512	256	1.59	3.09	31.91	6	1.42	1	2.84	33.56	31.91	34.99	399.84	387.08	11.829	16.520	22.89	31.97	199.6	1600	0	100.9	19.4	0.825	1.0	-0.22	2.74	1.00	0.00	0.16	111115
108	"17:25:18"	5870.0	0	3.63	0.0512	256	1.59	3.08	31.91	6	1.42	1	2.84	33.55	31.91	34.99	399.85	387.10	11.829	16.520	22.89	31.97	199.7	1600	0	100.9	19.4	0.825	1.0	-0.22	2.74	1.00	0.00	0.16	111115
109	"17:25:18"	5870.5	0	3.63	0.0511	256	1.59	3.08	31.91	6	1.42	1	2.84	33.55	31.91	34.99	399.85	387.10	11.828	16.519	22.89	31.97	199.7	1600	0	100.9	19.4	0.825	1.0	-0.22	2.74	1.00	0.00	0.16	111115
110	"17:25:19"	5871.5	0	3.62	0.0512	256	1.59	3.08	31.91	6	1.42	1	2.84	33.55	31.91	34.99	399.84	387.11	11.828	16.519	22.89	31.97	199.6	1600	0	100.9	19.4	0.825	1.0	-0.22	2.74	1.00	0.00	0.16	111115
111	"17:25:20"	5872.0	0	3.6	0.0511	256	1.59	3.08	31.91	6	1.42	1	2.84	33.55	31.91	34.99	399.80	387.12	11.828	16.519	22.89	31.97	199.6	1600	0	100.9	19.4	0.825	1.0	-0.22	2.74	1.00	0.00	0.16	111115
112	"17:25:21"	5872.5	0	3.61	0.0511	256	1.59	3.08	31.91	6	1.42	1	2.84	33.55	31.91	34.99	399.79	387.10	11.829	16.519	22.89	31.97	199.6	1600	0	100.9	19.4	0.825	1.0	-0.22	2.74	1.00	0.00	0.16	111115
113	"17:25:21"	5873.5	0	3.61	0.0511	256	1.59	3.09	31.91	6	1.42	1	2.84	33.55	31.91	34.99	399.78	387.09	11.829	16.517	22.89	31.97	199.6	1600	0	100.9	19.4	0.825	1.0	-0.22	2.74	1.00	0.00	0.16	111115
114	"17:25:22"	5874.0	0	3.61	0.0511	256	1.59	3.09	31.91	6	1.42	1	2.84	33.56	31.91	34.99	399.79	387.08	11.829	16.518	22.89	31.97	199.6	1600	0	100.9	19.4	0.825	1.0	-0.22	2.74	1.00	0.00	0.16	111115
115	"17:25:23"	5874.5	0	3.62	0.0511	256	1.59	3.09	31.91	6	1.42	1	2.84	33.55	31.91	34.99	399.80	387.08	11.829	16.518	22.89	31.97	199.6	1600	0	100.9	19.4	0.825	1.0	-0.22	2.74	1.00	0.00	0.16	111115
116	"17:25:23"	5875.0	0	3.62	0.0511	256	1.59	3.09	31.91	6	1.42	1	2.84	33.55	31.91	34.99	399.83	387.09	11.829	16.519	22.90	31.97	199.6	1600	0	100.9	19.4	0.825	1.0	-0.22	2.74	1.00	0.00	0.16	111115
117	"17:25:24"	5876.0	0	3.64	0.0511	255	1.59	3.09	31.91	6	1.42	1	2.84	33.55	31.91	34.99	399.86	387.08	11.830	16.516	22.90	31.97	199.6	1600	0	100.9	19.4	0.825	1.0	-0.22	2.74	1.00	0.00	0.16	111115
118	"17:25:24"	5876.5	0	3.63	0.0511	255	1.59	3.09	31.91	6	1.42	1	2.84	33.56	31.91	34.99	399.88	387.11	11.830	16.516	22.90	31.97	199.6	1600	0	100.9	19.4	0.825	1.0	-0.22	2.74	1.00	0.00	0.16	111115
119	"17:25:25"	5877.0	0	3.63	0.0511	255	1.59	3.09	31.91	6	1.42	1	2.84	33.56	31.91	34.99	399.87	387.11	11.830	16.517	22.90	31.97	199.6	1600	0	100.9	19.4	0.825	1.0	-0.22	2.74	1.00	0.00	0.16	111115
120	"17:25:26"	5877.5	0	3.63	0.0511	255	1.58	3.08	31.91	6	1.42	1	2.84	33.56	31.91	34.99	399.85	387.09	11.830	16.515	22.90	31.96	199.6	1600	0	100.9	19.4	0.825	1.0	-0.22	2.74	1.00	0.00	0.16	111115
"17:25:32 Coolers: Tblock -> 40.00 C"
"17:36:23 Flow: Fixed -> 200 umol/s"
121	"17:36:40"	6552.0	0	3.18	0.0381	233	1.53	3.97	34.87	6	1.42	1	2.84	37.97	34.87	40.06	399.49	388.15	11.748	16.284	17.83	24.71	199.6	1600	0	100.9	19.9	0.816	1.0	-0.22	2.74	1.00	0.00	0.16	111115
122	"17:36:41"	6552.5	0	3.18	0.0381	233	1.53	3.97	34.87	6	1.42	1	2.84	37.97	34.87	40.06	399.49	388.14	11.748	16.283	17.83	24.71	199.6	1600	0	100.9	19.9	0.816	1.0	-0.22	2.74	1.00	0.00	0.16	111115
123	"17:36:41"	6553.5	0	3.12	0.0381	236	1.53	3.96	34.87	6	1.42	1	2.84	37.97	34.87	40.06	399.34	388.18	11.748	16.282	17.83	24.71	199.6	1600	0	100.9	19.9	0.816	1.0	-0.22	2.74	1.00	0.00	0.16	111115
124	"17:36:42"	6554.0	0	3.1	0.0381	236	1.53	3.96	34.87	6	1.42	1	2.84	37.97	34.87	40.06	399.30	388.18	11.748	16.282	17.83	24.71	199.6	1600	0	100.9	19.9	0.816	1.0	-0.22	2.74	1.00	0.00	0.16	111115
125	"17:36:42"	6554.5	0	3.07	0.0381	237	1.53	3.96	34.86	6	1.42	1	2.84	37.97	34.86	40.06	399.21	388.19	11.748	16.281	17.83	24.71	199.6	1600	0	100.9	19.9	0.816	1.0	-0.22	2.74	1.00	0.00	0.16	111115
126	"17:36:43"	6555.0	0	3.04	0.0381	239	1.53	3.96	34.86	6	1.42	1	2.84	37.97	34.86	40.06	399.17	388.23	11.748	16.281	17.83	24.71	199.6	1600	0	100.9	19.9	0.816	1.0	-0.22	2.74	1.00	0.00	0.16	111115
127	"17:36:44"	6555.5	0	3.05	0.0381	238	1.53	3.96	34.86	6	1.42	1	2.84	37.97	34.86	40.06	399.16	388.21	11.749	16.281	17.83	24.71	199.6	1600	0	100.9	19.9	0.816	1.0	-0.22	2.74	1.00	0.00	0.16	111115
128	"17:36:44"	6556.5	0	3.05	0.0381	238	1.53	3.96	34.86	6	1.42	1	2.84	37.97	34.86	40.06	399.15	388.20	11.748	16.280	17.83	24.71	199.6	1600	0	100.9	19.9	0.816	1.0	-0.22	2.74	1.00	0.00	0.16	111115
129	"17:36:45"	6557.0	0	3.07	0.0381	237	1.53	3.96	34.86	6	1.42	1	2.84	37.97	34.86	40.06	399.22	388.20	11.749	16.279	17.83	24.71	199.6	1600	0	100.9	19.9	0.816	1.0	-0.22	2.74	1.00	0.00	0.16	111115
130	"17:36:45"	6557.5	0	3.1	0.0381	236	1.53	3.96	34.86	6	1.42	1	2.84	37.97	34.86	40.06	399.32	388.21	11.749	16.279	17.83	24.70	199.6	1600	0	100.9	19.9	0.816	1.0	-0.22	2.74	1.00	0.00	0.16	111115
131	"17:36:46"	6558.0	0	3.13	0.0381	235	1.53	3.96	34.86	6	1.42	1	2.84	37.97	34.86	40.06	399.40	388.20	11.749	16.279	17.83	24.70	199.6	1600	0	100.9	19.9	0.816	1.0	-0.22	2.74	1.00	0.00	0.16	111115
132	"17:36:46"	6558.5	0	3.19	0.0381	233	1.53	3.96	34.86	6	1.42	1	2.84	37.97	34.86	40.06	399.55	388.18	11.749	16.279	17.83	24.70	199.6	1600	0	100.9	19.9	0.816	1.0	-0.22	2.74	1.00	0.00	0.16	111115
133	"17:36:47"	6559.0	0	3.22	0.0381	231	1.53	3.96	34.86	6	1.42	1	2.84	37.97	34.86	40.06	399.64	388.17	11.749	16.279	17.83	24.70	199.7	1600	0	100.9	19.9	0.816	1.0	-0.22	2.74	1.00	0.00	0.16	111115
134	"17:36:48"	6559.5	0	3.26	0.0381	230	1.53	3.96	34.86	6	1.42	1	2.84	37.97	34.86	40.06	399.74	388.15	11.749	16.278	17.83	24.70	199.6	1600	0	100.9	19.9	0.816	1.0	-0.22	2.74	1.00	0.00	0.16	111115
135	"17:36:48"	6560.0	0	3.27	0.0381	229	1.53	3.96	34.86	6	1.42	1	2.84	37.97	34.86	40.06	399.78	388.17	11.750	16.277	17.83	24.70	199.6	1600	0	100.9	19.9	0.816	1.0	-0.22	2.74	1.00	0.00	0.16	111115
"17:37:01 Coolers: Tblock -> 45.00 C"
"17:46:57 Flow: Fixed -> 200 umol/s"
136	"17:47:05"	7177.5	0	2.37	0.0234	203	1.24	5.17	38.11	6	1.42	1	2.84	42.62	38.11	45.12	400.33	391.74	11.496	15.160	13.62	17.96	199.7	1599	0	100.9	20.4	0.789	1.0	-0.22	2.74	1.00	0.00	0.16	111115
137	"17:47:06"	7178.0	0	2.38	0.0234	203	1.24	5.17	38.11	6	1.42	1	2.84	42.62	38.11	45.12	400.32	391.73	11.496	15.160	13.62	17.96	199.7	1599	0	100.9	20.4	0.789	1.0	-0.22	2.74	1.00	0.00	0.16	111115
138	"17:47:07"	7179.0	0	2.37	0.0234	203	1.24	5.17	38.10	6	1.42	1	2.84	42.62	38.10	45.12	400.33	391.74	11.496	15.161	13.62	17.96	199.7	1599	0	100.9	20.4	0.789	1.0	-0.22	2.74	1.00	0.00	0.16	111115
139	"17:47:08"	7179.0	0	2.37	0.0234	203	1.24	5.17	38.10	6	1.42	1	2.84	42.62	38.10	45.12	400.33	391.74	11.496	15.161	13.62	17.96	199.7	1599	0	100.9	20.4	0.789	1.0	-0.22	2.74	1.00	0.00	0.16	111115
140	"17:47:08"	7179.5	0	2.38	0.0234	203	1.24	5.16	38.10	6	1.42	1	2.84	42.62	38.10	45.12	400.34	391.74	11.495	15.163	13.62	17.96	199.7	1599	0	100.9	20.4	0.789	1.0	-0.22	2.74	1.00	0.00	0.16	111115
141	"17:47:09"	7181.0	0	2.36	0.0234	204	1.24	5.16	38.09	6	1.42	1	2.84	42.62	38.09	45.12	400.28	391.73	11.496	15.163	13.62	17.96	199.7	1599	0	100.9	20.4	0.789	1.0	-0.22	2.74	1.00	0.00	0.16	111115
142	"17:47:10"	7181.5	0	2.36	0.0234	204	1.24	5.16	38.09	6	1.42	1	2.84	42.62	38.09	45.12	400.26	391.72	11.496	15.162	13.62	17.96	199.7	1599	0	100.9	20.4	0.789	1.0	-0.22	2.74	1.00	0.00	0.16	111115
143	"17:47:10"	7182.0	0	2.35	0.0234	205	1.24	5.16	38.09	6	1.42	1	2.84	42.62	38.09	45.12	400.24	391.72	11.496	15.162	13.62	17.96	199.7	1599	0	100.9	20.4	0.789	1.0	-0.22	2.74	1.00	0.00	0.16	111115
144	"17:47:11"	7182.5	0	2.35	0.0234	205	1.24	5.16	38.09	6	1.42	1	2.84	42.62	38.09	45.12	400.26	391.74	11.496	15.161	13.62	17.96	199.7	1599	0	100.9	20.4	0.789	1.0	-0.22	2.74	1.00	0.00	0.16	111115
145	"17:47:11"	7183.0	0	2.36	0.0234	204	1.24	5.16	38.09	6	1.42	1	2.84	42.62	38.09	45.12	400.29	391.73	11.496	15.161	13.62	17.96	199.7	1599	0	100.9	20.4	0.789	1.0	-0.22	2.74	1.00	0.00	0.16	111115
146	"17:47:12"	7183.5	0	2.37	0.0234	203	1.24	5.16	38.09	6	1.42	1	2.84	42.62	38.09	45.12	400.31	391.74	11.496	15.160	13.62	17.96	199.7	1599	1	100.9	20.4	0.789	1.0	-0.22	2.74	1.00	0.00	0.16	111115
147	"17:47:12"	7184.0	0	2.37	0.0234	203	1.24	5.16	38.09	6	1.42	1	2.84	42.62	38.09	45.12	400.33	391.74	11.495	15.160	13.62	17.96	199.7	1599	0	100.9	20.4	0.789	1.0	-0.22	2.74	1.00	0.00	0.16	111115
148	"17:47:13"	7184.5	0	2.38	0.0234	203	1.24	5.16	38.09	6	1.42	1	2.84	42.62	38.09	45.12	400.38	391.77	11.496	15.161	13.62	17.96	199.7	1599	0	100.9	20.4	0.789	1.0	-0.22	2.74	1.00	0.00	0.16	111115
149	"17:47:14"	7185.0	0	2.38	0.0234	203	1.24	5.16	38.10	6	1.42	1	2.84	42.62	38.10	45.12	400.36	391.77	11.496	15.161	13.62	17.96	199.7	1599	0	100.9	20.4	0.789	1.0	-0.22	2.74	1.00	0.00	0.16	111115
150	"17:47:14"	7185.5	0	2.38	0.0234	203	1.24	5.16	38.10	6	1.42	1	2.84	42.62	38.10	45.13	400.38	391.78	11.495	15.161	13.62	17.96	199.7	1599	0	100.9	20.4	0.789	1.0	-0.22	2.74	1.00	0.00	0.16	111115
"17:47:20 Coolers: Tblock -> 50.00 C"
"17:55:35 Flow: Fixed -> 200 umol/s"
151	"17:57:27"	7800.0	0	1.61	0.0182	220	1.16	6.16	40.58	6	1.42	1	2.84	46.78	40.58	49.81	399.66	393.47	11.276	14.704	10.77	14.05	199.7	1600	0	100.9	21	0.773	1.0	-0.22	2.74	1.00	0.00	0.16	111115
152	"17:57:28"	7800.5	0	1.6	0.0182	221	1.16	6.16	40.58	6	1.42	1	2.84	46.78	40.58	49.81	399.63	393.46	11.275	14.707	10.77	14.05	199.7	1600	0	100.9	21	0.773	1.0	-0.22	2.74	1.00	0.00	0.16	111115
153	"17:57:28"	7801.0	0	1.6	0.0183	221	1.16	6.16	40.58	6	1.42	1	2.84	46.78	40.58	49.81	399.62	393.45	11.274	14.709	10.77	14.06	199.7	1600	0	100.9	21	0.773	1.0	-0.22	2.74	1.00	0.00	0.16	111115
154	"17:57:29"	7801.5	0	1.61	0.0183	220	1.16	6.16	40.57	6	1.42	1	2.84	46.78	40.57	49.81	399.66	393.45	11.274	14.713	10.77	14.06	199.7	1600	0	100.9	21	0.773	1.0	-0.22	2.74	1.00	0.00	0.16	111115
155	"17:57:29"	7802.0	0	1.62	0.0183	220	1.16	6.16	40.57	6	1.42	1	2.84	46.78	40.57	49.81	399.69	393.44	11.274	14.715	10.77	14.06	199.7	1600	0	100.9	21	0.773	1.0	-0.22	2.74	1.00	0.00	0.16	111115
156	"17:57:30"	7802.5	0	1.62	0.0183	220	1.16	6.15	40.56	6	1.42	1	2.84	46.78	40.56	49.81	399.70	393.45	11.274	14.718	10.77	14.06	199.7	1601	0	100.9	21	0.773	1.0	-0.22	2.74	1.00	0.00	0.16	111115
157	"17:57:30"	7803.0	0	1.62	0.0183	220	1.16	6.15	40.56	6	1.42	1	2.84	46.78	40.56	49.81	399.70	393.46	11.275	14.721	10.77	14.07	199.7	1601	0	100.9	21	0.773	1.0	-0.22	2.74	1.00	0.00	0.16	111115
158	"17:57:31"	7803.5	0	1.61	0.0184	221	1.17	6.15	40.55	6	1.42	1	2.84	46.78	40.55	49.81	399.71	393.51	11.276	14.724	10.77	14.07	199.7	1601	0	100.9	21	0.773	1.0	-0.22	2.74	1.00	0.00	0.16	111115
159	"17:57:31"	7804.0	0	1.61	0.0184	221	1.17	6.15	40.55	6	1.42	1	2.84	46.78	40.55	49.81	399.72	393.49	11.275	14.726	10.77	14.07	199.7	1601	0	100.9	21	0.773	1.0	-0.22	2.74	1.00	0.00	0.16	111115
160	"17:57:32"	7804.5	0	1.63	0.0184	220	1.17	6.15	40.55	6	1.42	1	2.84	46.78	40.55	49.81	399.77	393.50	11.276	14.728	10.77	14.07	199.7	1601	0	100.9	21	0.773	1.0	-0.22	2.74	1.00	0.00	0.16	111115
161	"17:57:32"	7805.0	0	1.63	0.0184	220	1.17	6.15	40.54	6	1.42	1	2.84	46.78	40.54	49.81	399.79	393.51	11.276	14.730	10.78	14.08	199.7	1601	0	100.9	21	0.773	1.0	-0.22	2.74	1.00	0.00	0.16	111115
162	"17:57:33"	7805.0	0	1.63	0.0184	220	1.17	6.15	40.54	6	1.42	1	2.84	46.78	40.54	49.81	399.79	393.51	11.276	14.730	10.78	14.08	199.7	1601	0	100.9	21	0.773	1.0	-0.22	2.74	1.00	0.00	0.16	111115
163	"17:57:33"	7806.0	0	1.63	0.0184	220	1.17	6.14	40.54	6	1.42	1	2.84	46.77	40.54	49.81	399.75	393.48	11.275	14.733	10.78	14.08	199.7	1601	0	100.9	21	0.773	1.0	-0.22	2.74	1.00	0.00	0.16	111115
164	"17:57:34"	7806.0	0	1.63	0.0184	220	1.17	6.14	40.54	6	1.42	1	2.84	46.77	40.54	49.81	399.75	393.48	11.275	14.733	10.78	14.08	199.7	1601	0	100.9	21	0.773	1.0	-0.22	2.74	1.00	0.00	0.16	111115
165	"17:57:34"	7806.5	0	1.62	0.0185	221	1.17	6.14	40.53	6	1.42	1	2.84	46.77	40.53	49.81	399.73	393.49	11.275	14.735	10.78	14.08	199.7	1600	0	100.9	21	0.773	1.0	-0.22	2.74	1.00	0.00	0.16	111115
