"OPEN 6.2.5"
"Fri Jan 21 2022 16:50:11"
<open><version>"6.2.5"</version></open>
<open><configfile>"/User/Configs/UserPrefs/2x3 LED.xml"</configfile></open>
<open><light><source>"6400-02 or -02B LED Source"</source><par_in>1<sensor>"SI-3989"<cal>-0.92<actinity>1.00</actinity><transm>1.00</transm></cal></sensor><transm>1</transm></par_in><par_out>1<sensor>"Q50937"<cal>6.45</cal></sensor></par_out></light></open>
<open><comps><file>"/User/Configs/Comps/StdComps_6.2"<header>""</header><extras></extras></file><energybal>no<f_parIn>1</f_parIn><f_parOut>0</f_parOut><alphaK>0.16</alphaK></energybal><bc_total>2.840<stomatal_ratio>1</stomatal_ratio><bc_oneside>1.420<type>2</type><table>"/Sys/Lib/StdBLCTable"</table><area>6</area><slope>-0.219565</slope><offset>2.73739</offset><fan>5</fan></bc_oneside></bc_total></comps></open>
<open><prompts><onlog>off</onlog><items>"Default (none)"</items></prompts></open>
<open><constants><oxygen>21 %</oxygen><bb_vapor>1.5</bb_vapor><bb_oxy>0.9</bb_oxy></constants></open>
<open><stability><items>"Std Stability"<items[1]><id>-2</id><size>15</size><pcv><onoff>0</onoff><value>1</value></pcv><std><onoff>0</onoff><value>1</value></std><slp><onoff>1</onoff><value>1</value></slp></items[1]><items[2]><id>-5</id><size>15</size><pcv><onoff>0</onoff><value>1</value></pcv><std><onoff>0</onoff><value>1</value></std><slp><onoff>1</onoff><value>1</value></slp></items[2]><items[3]><id>-7</id><size>15</size><pcv><onoff>0</onoff><value>1</value></pcv><std><onoff>0</onoff><value>1</value></std><slp><onoff>1</onoff><value>1</value></slp></items[3]></items></stability></open>
<open><log><format>"StdLogFmt_6.0"<items>{ -35 -21 -36 -76 30 23 36 21 25 221 -33 111 -34 11 -9 -10 -8 -1 -2 -4 -5 -14 -15 -7 -12 -13 -11 -65 -66 -72 -18 -19 -77 -78 -79 -23  }<hdr>{  }</hdr></items></format><options><beep>on</beep><hdr>normal</hdr><rem>normal</rem><stab>no</stab><stats>no<mean>no</mean><file>no</file><period>15</period></stats><excel>yes</excel><controls>yes</controls><comm>no</comm></options><datafile>"/User/jcg_rasa_aci_40c"</datafile><button><action>"Normal Log"<code>" LogOneObsManual "</code></action></button><autoprog>"/User/Configs/AutoProgs/AutoLog2"<active>no</active></autoprog></log></open>
<open><a2d><avgtime>4.0 secs</avgtime><userchans><ch20>"Off"</ch20><ch21>"Off"</ch21><ch22>"Off"</ch22><ch23>"Off"</ch23></userchans></a2d></open>
<open><matching><type>0</type><disp>'a'</disp><settings><CO2Limit>10.0</CO2Limit><H2OLimit>1.0</H2OLimit><MaxAutoTime>60</MaxAutoTime></settings></matching></open>
<li6400><factory><unit>"PSC-4076"</unit><serviced>"31 Mar 2014"</serviced><fuseaware>0</fuseaware><co2mixer>yes</co2mixer><co2><coeffs>{ 0 0.215349 2.57678e-05 1.9763e-08 -3.21542e-12 3.03737e-16  }</coeffs><dvdt>-2.8</dvdt><xs>{ 0.0005 0.0003  }</xs></co2><h2o><coeffs>{ 0 0.00579256 2.19235e-06 9.06457e-12  }</coeffs><dvdt>-1</dvdt><xs>{ -0.0026 0.0003  }</xs></h2o><flow>{ 0 0.3607  }</flow><press>{ 88.32 0.00555  }</press></factory></li6400>
<li6400><user><flow_zero>-1560.7</flow_zero><irga_zero><co2>-312.6 -351.6<at>29.8235</at></co2><h2o>-156.6 77.4<at>31.0407</at></h2o></irga_zero><irga_span><co2>{ 0.988788 0.993555  }</co2><h2o>{ 0.996032 0.996401  }</h2o></irga_span><irga_match><co2>{ -1.32399 21.432  }</co2><h2o>{ -0.104692 0.774841  }</h2o></irga_match><co2_mixer><pump_mv>4500</pump_mv><ppm>{ 2185.36 1052.7 419.509 255.894 118.056 69.8071 46.8351 46.4167  }</ppm><mv>{ 5000 3000 1500 1000 500 300 200 100  }</mv></co2_mixer><parin_offset>-0.0908794</parin_offset><led_cal><unit>"SI-3989"</unit><mv>{ 10 25 50 100 1000 2000 3000 4000 5000  }</mv><qntm>{ 5.41353 17.8999 38.6356 86.3019 941.421 1838.37 2690.41 3508.95 4284.65  }</qntm></led_cal><lcf_cal><unit>"unknown"</unit><red><mv>{ 50 100 500 1000 1500 5000  }</mv><qntm>{ 50 100 500 1000 2000 5000  }</qntm></red><blue><mv>{ 100 200 500 1000 2000 5000  }</mv><qntm>{ 10 20 50 100 200 500  }</qntm></blue></lcf_cal></user></li6400>
"16:50:13 "
$STARTOFDATA$
"Obs"	"HHMMSS"	"FTime"	"EBal?"	"Photo"	"Cond"	"Ci"	"Trmmol"	"VpdL"	"CTleaf"	"Area"	"BLC_1"	"StmRat"	"BLCond"	"Tair"	"Tleaf"	"TBlk"	"CO2R"	"CO2S"	"H2OR"	"H2OS"	"RH_R"	"RH_S"	"Flow"	"PARi"	"PARo"	"Press"	"CsMch"	"HsMch"	"StableF"	"BLCslope"	"BLCoffst"	"f_parin"	"f_parout"	"alphaK"	"Status"
1	"16:50:22"	15.5	0	10.8	0.315	283	8.49	2.94	34.72	6	1.42	1	2.84	38.10	34.72	40.00	400.03	358.39	0.651	25.528	1.00	39.09	199.6	1601	0	102.5	21.4	0.775	1.0	-0.22	2.74	1.00	0.00	0.16	111115
2	"16:50:22"	16.0	0	10.8	0.316	283	8.5	2.94	34.72	6	1.42	1	2.84	38.10	34.72	40.01	400.05	358.38	0.650	25.528	1.00	39.09	199.7	1601	0	102.5	21.4	0.775	1.0	-0.22	2.74	1.00	0.00	0.16	111115
3	"16:50:23"	16.5	0	10.8	0.316	283	8.5	2.94	34.71	6	1.42	1	2.84	38.10	34.71	40.01	400.04	358.39	0.650	25.529	0.99	39.09	199.6	1601	0	102.5	21.4	0.775	1.0	-0.22	2.74	1.00	0.00	0.16	111115
4	"16:50:23"	17.0	0	10.8	0.316	283	8.5	2.94	34.71	6	1.42	1	2.84	38.10	34.71	40.01	400.04	358.39	0.650	25.531	1.00	39.09	199.6	1601	0	102.5	21.4	0.775	1.0	-0.22	2.74	1.00	0.00	0.16	111115
5	"16:50:24"	17.5	0	10.8	0.316	283	8.5	2.94	34.70	6	1.42	1	2.84	38.10	34.70	40.01	400.04	358.40	0.650	25.531	0.99	39.09	199.7	1601	0	102.5	21.4	0.775	1.0	-0.22	2.74	1.00	0.00	0.16	111115
6	"16:50:24"	18.5	0	10.8	0.316	283	8.5	2.94	34.70	6	1.42	1	2.84	38.10	34.70	40.01	400.00	358.39	0.649	25.530	0.99	39.10	199.7	1601	0	102.5	21.4	0.775	1.0	-0.22	2.74	1.00	0.00	0.16	111115
7	"16:50:25"	18.5	0	10.8	0.316	283	8.5	2.94	34.70	6	1.42	1	2.84	38.10	34.70	40.01	400.00	358.39	0.649	25.530	0.99	39.10	199.7	1601	0	102.5	21.4	0.775	1.0	-0.22	2.74	1.00	0.00	0.16	111115
8	"16:50:25"	19.0	0	10.8	0.317	284	8.5	2.94	34.69	6	1.42	1	2.84	38.10	34.69	40.02	399.98	358.41	0.649	25.531	0.99	39.10	199.7	1601	0	102.5	21.4	0.775	1.0	-0.22	2.74	1.00	0.00	0.16	111115
9	"16:50:26"	19.5	0	10.8	0.316	284	8.5	2.94	34.70	6	1.42	1	2.84	38.10	34.70	40.02	399.98	358.44	0.650	25.532	0.99	39.10	199.6	1601	0	102.5	21.4	0.775	1.0	-0.22	2.74	1.00	0.00	0.16	111115
10	"16:50:26"	20.0	0	10.8	0.316	284	8.5	2.94	34.70	6	1.42	1	2.84	38.10	34.70	40.02	399.95	358.44	0.650	25.532	1.00	39.10	199.6	1601	0	102.5	21.4	0.775	1.0	-0.22	2.74	1.00	0.00	0.16	111115
11	"16:50:27"	20.5	0	10.8	0.316	284	8.5	2.94	34.70	6	1.42	1	2.84	38.10	34.70	40.02	399.99	358.44	0.650	25.533	1.00	39.10	199.6	1601	0	102.5	21.4	0.775	1.0	-0.22	2.74	1.00	0.00	0.16	111115
12	"16:50:27"	21.0	0	10.8	0.316	284	8.5	2.94	34.71	6	1.42	1	2.84	38.10	34.71	40.02	399.99	358.45	0.651	25.532	1.00	39.10	199.7	1601	0	102.5	21.4	0.775	1.0	-0.22	2.74	1.00	0.00	0.16	111115
13	"16:50:28"	21.5	0	10.8	0.316	284	8.5	2.94	34.71	6	1.42	1	2.84	38.10	34.71	40.03	400.00	358.45	0.651	25.534	1.00	39.11	199.6	1601	0	102.5	21.4	0.775	1.0	-0.22	2.74	1.00	0.00	0.16	111115
14	"16:50:28"	22.0	0	10.8	0.316	283	8.5	2.94	34.71	6	1.42	1	2.84	38.10	34.71	40.03	400.05	358.45	0.651	25.538	1.00	39.11	199.7	1601	0	102.5	21.4	0.775	1.0	-0.22	2.74	1.00	0.00	0.16	111115
15	"16:50:29"	22.5	0	10.8	0.316	283	8.5	2.94	34.72	6	1.42	1	2.84	38.10	34.72	40.03	400.05	358.45	0.652	25.540	1.00	39.12	199.7	1601	0	102.5	21.4	0.775	1.0	-0.22	2.74	1.00	0.00	0.16	111115
"16:52:33 CO2 Mixer: CO2R -> 300 uml"
"16:56:06 Flow: Fixed -> 200 umol/s"
16	"16:56:44"	398.0	0	8.04	0.338	215	8.73	2.84	34.60	6	1.42	1	2.84	38.10	34.60	40.06	299.22	268.03	0.660	26.200	1.01	40.12	199.6	1600	0	102.5	20	0.755	1.0	-0.22	2.74	1.00	0.00	0.16	111115
17	"16:56:45"	398.5	0	8.03	0.338	215	8.73	2.84	34.60	6	1.42	1	2.84	38.10	34.60	40.06	299.19	268.03	0.661	26.200	1.01	40.12	199.6	1600	0	102.5	20	0.755	1.0	-0.22	2.74	1.00	0.00	0.16	111115
18	"16:56:45"	399.0	0	8.03	0.339	215	8.73	2.84	34.59	6	1.42	1	2.84	38.10	34.59	40.06	299.20	268.03	0.661	26.202	1.01	40.13	199.6	1600	0	102.5	20	0.755	1.0	-0.22	2.74	1.00	0.00	0.16	111115
19	"16:56:46"	399.5	0	8.04	0.339	215	8.73	2.83	34.59	6	1.42	1	2.84	38.10	34.59	40.06	299.22	268.03	0.661	26.200	1.01	40.12	199.6	1600	0	102.5	20	0.755	1.0	-0.22	2.74	1.00	0.00	0.16	111115
20	"16:56:46"	400.0	0	8.04	0.339	215	8.73	2.83	34.58	6	1.42	1	2.84	38.10	34.58	40.06	299.23	268.04	0.661	26.200	1.01	40.13	199.6	1600	0	102.5	20	0.755	1.0	-0.22	2.74	1.00	0.00	0.16	111115
21	"16:56:47"	401.0	0	8.05	0.34	215	8.73	2.83	34.57	6	1.42	1	2.84	38.10	34.57	40.06	299.25	268.03	0.661	26.200	1.01	40.12	199.7	1600	0	102.5	20	0.755	1.0	-0.22	2.74	1.00	0.00	0.16	111115
22	"16:56:48"	401.5	0	8.05	0.34	215	8.73	2.83	34.56	6	1.42	1	2.84	38.10	34.56	40.06	299.26	268.05	0.661	26.202	1.01	40.13	199.7	1600	0	102.5	20	0.755	1.0	-0.22	2.74	1.00	0.00	0.16	111115
23	"16:56:48"	402.0	0	8.05	0.34	215	8.73	2.83	34.56	6	1.42	1	2.84	38.10	34.56	40.06	299.27	268.05	0.662	26.202	1.01	40.13	199.7	1600	0	102.5	20	0.755	1.0	-0.22	2.74	1.00	0.00	0.16	111115
24	"16:56:49"	402.5	0	8.07	0.34	215	8.73	2.83	34.56	6	1.42	1	2.84	38.10	34.56	40.06	299.32	268.04	0.661	26.203	1.01	40.13	199.7	1600	0	102.5	20	0.755	1.0	-0.22	2.74	1.00	0.00	0.16	111115
25	"16:56:50"	402.5	0	8.07	0.34	215	8.73	2.83	34.56	6	1.42	1	2.84	38.10	34.56	40.06	299.32	268.04	0.661	26.203	1.01	40.13	199.7	1600	0	102.5	20	0.755	1.0	-0.22	2.74	1.00	0.00	0.16	111115
26	"16:56:50"	404.0	0	8.08	0.34	215	8.73	2.83	34.56	6	1.42	1	2.84	38.10	34.56	40.06	299.33	268.02	0.661	26.205	1.01	40.13	199.7	1600	0	102.5	20	0.755	1.0	-0.22	2.74	1.00	0.00	0.16	111115
27	"16:56:51"	404.5	0	8.07	0.34	215	8.73	2.83	34.57	6	1.42	1	2.84	38.10	34.57	40.06	299.30	268.01	0.661	26.206	1.01	40.14	199.7	1600	0	102.5	20	0.755	1.0	-0.22	2.74	1.00	0.00	0.16	111115
28	"16:56:51"	405.0	0	8.06	0.34	215	8.73	2.83	34.57	6	1.42	1	2.84	38.10	34.57	40.06	299.27	268.01	0.661	26.208	1.01	40.14	199.7	1600	0	102.5	20	0.755	1.0	-0.22	2.74	1.00	0.00	0.16	111115
29	"16:56:52"	406.0	0	8.05	0.34	215	8.73	2.83	34.58	6	1.42	1	2.84	38.10	34.58	40.06	299.21	267.99	0.661	26.209	1.01	40.14	199.7	1600	0	102.5	20	0.755	1.0	-0.22	2.74	1.00	0.00	0.16	111115
30	"16:56:53"	406.5	0	8.04	0.34	215	8.73	2.83	34.58	6	1.42	1	2.84	38.10	34.58	40.06	299.20	268.01	0.661	26.210	1.01	40.14	199.7	1600	0	102.5	20	0.755	1.0	-0.22	2.74	1.00	0.00	0.16	111115
"16:57:04 CO2 Mixer: CO2R -> 200 uml"
"17:01:18 Flow: Fixed -> 200 umol/s"
31	"17:01:47"	701.0	0	4.52	0.371	151	9	2.7	34.42	6	1.42	1	2.84	38.08	34.42	40.06	198.62	180.17	0.672	26.998	1.03	41.40	199.6	1601	0	102.5	18.6	0.744	1.0	-0.22	2.74	1.00	0.00	0.16	111115
32	"17:01:48"	701.5	0	4.5	0.371	151	9	2.7	34.41	6	1.42	1	2.84	38.08	34.41	40.06	198.58	180.17	0.672	26.997	1.03	41.39	199.6	1601	0	102.5	18.6	0.744	1.0	-0.22	2.74	1.00	0.00	0.16	111115
33	"17:01:48"	702.0	0	4.49	0.371	151	9	2.7	34.41	6	1.42	1	2.84	38.08	34.41	40.06	198.54	180.18	0.672	26.996	1.03	41.39	199.6	1601	0	102.5	18.6	0.744	1.0	-0.22	2.74	1.00	0.00	0.16	111115
34	"17:01:49"	702.5	0	4.48	0.371	152	9	2.7	34.41	6	1.42	1	2.84	38.08	34.41	40.06	198.52	180.18	0.672	26.997	1.03	41.40	199.6	1601	0	102.5	18.6	0.744	1.0	-0.22	2.74	1.00	0.00	0.16	111115
35	"17:01:49"	703.0	0	4.49	0.371	152	9	2.7	34.41	6	1.42	1	2.84	38.08	34.41	40.06	198.57	180.20	0.672	27.000	1.03	41.40	199.6	1601	0	102.5	18.6	0.744	1.0	-0.22	2.74	1.00	0.00	0.16	111115
36	"17:01:50"	703.5	0	4.53	0.371	151	9	2.7	34.41	6	1.42	1	2.84	38.08	34.41	40.06	198.68	180.19	0.673	27.000	1.03	41.40	199.6	1601	0	102.5	18.6	0.744	1.0	-0.22	2.74	1.00	0.00	0.16	111115
37	"17:01:50"	704.0	0	4.58	0.371	151	9	2.7	34.41	6	1.42	1	2.84	38.08	34.41	40.06	198.80	180.17	0.672	27.001	1.03	41.40	199.6	1601	0	102.5	18.6	0.744	1.0	-0.22	2.74	1.00	0.00	0.16	111115
38	"17:01:51"	704.5	0	4.63	0.371	151	9.01	2.7	34.41	6	1.42	1	2.84	38.08	34.41	40.06	198.93	180.15	0.672	27.003	1.03	41.40	199.7	1601	0	102.5	18.6	0.744	1.0	-0.22	2.74	1.00	0.00	0.16	111115
39	"17:01:52"	705.5	0	4.7	0.371	150	9.01	2.7	34.42	6	1.42	1	2.84	38.08	34.42	40.06	199.12	180.12	0.671	27.005	1.03	41.40	199.7	1601	0	102.5	18.6	0.744	1.0	-0.22	2.74	1.00	0.00	0.16	111115
40	"17:01:52"	706.0	0	4.73	0.371	150	9.01	2.7	34.42	6	1.42	1	2.84	38.08	34.42	40.06	199.19	180.10	0.671	27.007	1.03	41.40	199.7	1601	0	102.5	18.6	0.744	1.0	-0.22	2.74	1.00	0.00	0.16	111115
41	"17:01:53"	706.5	0	4.76	0.371	150	9.01	2.7	34.42	6	1.42	1	2.84	38.08	34.42	40.06	199.27	180.09	0.671	27.009	1.03	41.41	199.7	1601	0	102.5	18.6	0.744	1.0	-0.22	2.74	1.00	0.00	0.16	111115
42	"17:01:54"	707.0	0	4.77	0.371	150	9.01	2.7	34.42	6	1.42	1	2.84	38.08	34.42	40.06	199.30	180.09	0.671	27.009	1.03	41.41	199.7	1601	0	102.5	18.6	0.744	1.0	-0.22	2.74	1.00	0.00	0.16	111115
43	"17:01:54"	707.5	0	4.76	0.371	150	9.01	2.7	34.41	6	1.42	1	2.84	38.08	34.41	40.06	199.27	180.09	0.670	27.011	1.03	41.41	199.7	1601	0	102.5	18.6	0.744	1.0	-0.22	2.74	1.00	0.00	0.16	111115
44	"17:01:55"	708.0	0	4.76	0.371	150	9.01	2.7	34.41	6	1.42	1	2.84	38.08	34.41	40.06	199.25	180.08	0.670	27.013	1.03	41.41	199.7	1601	0	102.5	18.6	0.744	1.0	-0.22	2.74	1.00	0.00	0.16	111115
45	"17:01:55"	708.5	0	4.75	0.372	150	9.01	2.7	34.41	6	1.42	1	2.84	38.08	34.41	40.06	199.21	180.07	0.670	27.012	1.03	41.41	199.7	1601	0	102.5	18.6	0.744	1.0	-0.22	2.74	1.00	0.00	0.16	111115
"17:02:17 CO2 Mixer: CO2R -> 100 uml"
"17:07:16 Flow: Fixed -> 200 umol/s"
46	"17:07:40"	1053.0	0	0.667	0.411	88.4	9.53	2.61	34.62	6	1.42	1	2.84	38.28	34.62	40.06	99.89	95.17	0.683	28.497	1.04	43.22	199.7	1599	0	102.5	17	0.737	1.0	-0.22	2.74	1.00	0.00	0.16	111115
47	"17:07:40"	1053.5	0	0.665	0.411	88.4	9.53	2.61	34.62	6	1.42	1	2.84	38.28	34.62	40.06	99.89	95.16	0.683	28.500	1.04	43.22	199.7	1599	0	102.5	17	0.737	1.0	-0.22	2.74	1.00	0.00	0.16	111115
48	"17:07:41"	1054.0	0	0.657	0.411	88.5	9.53	2.61	34.62	6	1.42	1	2.84	38.28	34.62	40.06	99.86	95.16	0.683	28.501	1.04	43.22	199.7	1599	0	102.5	17	0.737	1.0	-0.22	2.74	1.00	0.00	0.16	111115
49	"17:07:41"	1054.5	0	0.659	0.411	88.4	9.53	2.61	34.62	6	1.42	1	2.84	38.28	34.62	40.06	99.86	95.16	0.683	28.504	1.04	43.22	199.7	1599	0	102.5	17	0.737	1.0	-0.22	2.74	1.00	0.00	0.16	111115
50	"17:07:42"	1055.0	0	0.657	0.411	88.5	9.53	2.61	34.62	6	1.42	1	2.84	38.28	34.62	40.06	99.86	95.16	0.683	28.507	1.04	43.23	199.7	1599	0	102.5	17	0.737	1.0	-0.22	2.74	1.00	0.00	0.16	111115
51	"17:07:42"	1055.5	0	0.653	0.411	88.5	9.53	2.61	34.62	6	1.42	1	2.84	38.28	34.62	40.06	99.86	95.17	0.683	28.510	1.04	43.23	199.7	1599	0	102.5	17	0.737	1.0	-0.22	2.74	1.00	0.00	0.16	111115
52	"17:07:43"	1056.0	0	0.667	0.411	88.4	9.53	2.61	34.62	6	1.42	1	2.84	38.28	34.62	40.06	99.91	95.18	0.683	28.513	1.04	43.23	199.7	1599	0	102.5	17	0.737	1.0	-0.22	2.74	1.00	0.00	0.16	111115
53	"17:07:43"	1056.5	0	0.681	0.411	88.4	9.53	2.61	34.62	6	1.42	1	2.84	38.28	34.62	40.06	99.93	95.16	0.684	28.515	1.04	43.23	199.6	1599	0	102.5	17	0.737	1.0	-0.22	2.74	1.00	0.00	0.16	111115
54	"17:07:44"	1057.0	0	0.681	0.411	88.3	9.53	2.61	34.62	6	1.42	1	2.84	38.28	34.62	40.06	99.92	95.15	0.684	28.516	1.04	43.23	199.6	1599	0	102.5	17	0.737	1.0	-0.22	2.74	1.00	0.00	0.16	111115
55	"17:07:44"	1057.5	0	0.666	0.412	88.4	9.53	2.61	34.61	6	1.42	1	2.84	38.28	34.61	40.06	99.89	95.16	0.683	28.518	1.04	43.24	199.6	1599	0	102.5	17	0.737	1.0	-0.22	2.74	1.00	0.00	0.16	111115
56	"17:07:45"	1058.0	0	0.67	0.412	88.4	9.53	2.6	34.61	6	1.42	1	2.84	38.28	34.61	40.06	99.90	95.16	0.683	28.519	1.04	43.24	199.6	1599	0	102.5	17	0.737	1.0	-0.22	2.74	1.00	0.00	0.16	111115
57	"17:07:45"	1059.0	0	0.701	0.412	88.3	9.53	2.6	34.61	6	1.42	1	2.84	38.28	34.61	40.06	99.97	95.14	0.683	28.524	1.04	43.24	199.6	1599	0	102.5	17	0.737	1.0	-0.22	2.74	1.00	0.00	0.16	111115
58	"17:07:46"	1059.5	0	0.697	0.412	88.3	9.53	2.6	34.60	6	1.42	1	2.84	38.28	34.60	40.06	99.97	95.15	0.683	28.527	1.04	43.25	199.6	1599	0	102.5	17	0.737	1.0	-0.22	2.74	1.00	0.00	0.16	111115
59	"17:07:46"	1059.5	0	0.697	0.412	88.3	9.53	2.6	34.60	6	1.42	1	2.84	38.28	34.60	40.06	99.97	95.15	0.683	28.527	1.04	43.25	199.6	1599	0	102.5	17	0.737	1.0	-0.22	2.74	1.00	0.00	0.16	111115
60	"17:07:47"	1060.0	0	0.683	0.412	88.4	9.54	2.6	34.60	6	1.42	1	2.84	38.28	34.60	40.06	99.94	95.16	0.683	28.530	1.04	43.25	199.6	1599	0	102.5	17	0.737	1.0	-0.22	2.74	1.00	0.00	0.16	111115
"17:08:33 CO2 Mixer: CO2R -> 50 uml"
"17:12:51 Flow: Fixed -> 200 umol/s"
"17:13:38 Flow: Fixed -> 200 umol/s"
61	"17:13:45"	1419.0	0	-1.27	0.448	56.5	9.85	2.5	34.58	6	1.42	1	2.84	38.26	34.58	40.05	51.33	53.54	0.701	29.439	1.06	44.68	199.7	1601	0	102.5	16.3	0.735	1.0	-0.22	2.74	1.00	0.00	0.16	111135
62	"17:13:46"	1419.5	0	-1.26	0.448	56.5	9.85	2.5	34.58	6	1.42	1	2.84	38.26	34.58	40.05	51.32	53.53	0.701	29.439	1.06	44.68	199.7	1601	0	102.5	16.3	0.735	1.0	-0.22	2.74	1.00	0.00	0.16	111135
63	"17:13:47"	1420.5	0	-1.25	0.448	56.4	9.85	2.5	34.58	6	1.42	1	2.84	38.26	34.58	40.05	51.32	53.50	0.700	29.437	1.06	44.68	199.7	1601	0	102.5	16.3	0.735	1.0	-0.22	2.74	1.00	0.00	0.16	111135
64	"17:13:47"	1421.0	0	-1.25	0.448	56.4	9.85	2.5	34.57	6	1.42	1	2.84	38.26	34.57	40.05	51.34	53.51	0.699	29.437	1.06	44.68	199.7	1601	0	102.5	16.3	0.735	1.0	-0.22	2.74	1.00	0.00	0.16	111135
65	"17:13:48"	1421.5	0	-1.25	0.448	56.4	9.86	2.5	34.57	6	1.42	1	2.84	38.26	34.57	40.05	51.35	53.51	0.699	29.440	1.06	44.69	199.7	1601	0	102.5	16.3	0.735	1.0	-0.22	2.74	1.00	0.00	0.16	111135
66	"17:13:49"	1422.5	0	-1.25	0.448	56.4	9.85	2.5	34.57	6	1.42	1	2.84	38.26	34.57	40.05	51.34	53.51	0.699	29.437	1.06	44.69	199.7	1601	0	102.5	16.3	0.735	1.0	-0.22	2.74	1.00	0.00	0.16	111135
67	"17:13:49"	1423.0	0	-1.25	0.448	56.4	9.85	2.5	34.57	6	1.42	1	2.84	38.26	34.57	40.05	51.35	53.52	0.699	29.438	1.06	44.69	199.7	1601	0	102.5	16.3	0.735	1.0	-0.22	2.74	1.00	0.00	0.16	111135
68	"17:13:50"	1423.5	0	-1.25	0.448	56.4	9.85	2.5	34.58	6	1.42	1	2.84	38.26	34.58	40.06	51.36	53.52	0.699	29.439	1.06	44.69	199.7	1601	0	102.5	16.3	0.735	1.0	-0.22	2.74	1.00	0.00	0.16	111135
69	"17:13:50"	1424.0	0	-1.25	0.448	56.4	9.85	2.5	34.58	6	1.42	1	2.84	38.26	34.58	40.06	51.36	53.54	0.699	29.440	1.06	44.69	199.7	1601	0	102.5	16.3	0.735	1.0	-0.22	2.74	1.00	0.00	0.16	111135
70	"17:13:51"	1424.5	0	-1.25	0.448	56.4	9.85	2.5	34.58	6	1.42	1	2.84	38.26	34.58	40.06	51.36	53.53	0.698	29.440	1.06	44.69	199.7	1601	0	102.5	16.3	0.735	1.0	-0.22	2.74	1.00	0.00	0.16	111135
71	"17:13:52"	1425.5	0	-1.25	0.448	56.4	9.85	2.5	34.58	6	1.42	1	2.84	38.26	34.58	40.06	51.33	53.51	0.698	29.440	1.06	44.68	199.7	1601	0	102.5	16.3	0.735	1.0	-0.22	2.74	1.00	0.00	0.16	111135
72	"17:13:52"	1426.0	0	-1.25	0.448	56.4	9.86	2.5	34.59	6	1.42	1	2.84	38.26	34.59	40.06	51.34	53.51	0.698	29.440	1.06	44.68	199.7	1601	0	102.5	16.3	0.735	1.0	-0.22	2.74	1.00	0.00	0.16	111135
73	"17:13:53"	1426.5	0	-1.24	0.448	56.3	9.86	2.5	34.59	6	1.42	1	2.84	38.26	34.59	40.06	51.36	53.48	0.698	29.441	1.06	44.68	199.7	1601	0	102.5	16.3	0.735	1.0	-0.22	2.74	1.00	0.00	0.16	111135
74	"17:13:53"	1427.0	0	-1.23	0.448	56.3	9.86	2.5	34.59	6	1.42	1	2.84	38.26	34.59	40.06	51.37	53.48	0.699	29.441	1.06	44.68	199.7	1601	0	102.5	16.3	0.735	1.0	-0.22	2.74	1.00	0.00	0.16	111135
75	"17:13:54"	1427.5	0	-1.24	0.447	56.3	9.86	2.5	34.59	6	1.42	1	2.84	38.26	34.59	40.06	51.35	53.49	0.699	29.441	1.06	44.68	199.7	1601	0	102.5	16.3	0.735	1.0	-0.22	2.74	1.00	0.00	0.16	111135
"17:14:02 CO2 Mixer: CO2R -> 400 uml"
"17:22:27 Flow: Fixed -> 200 umol/s"
76	"17:23:15"	1989.0	0	10.5	0.379	295	9.3	2.74	34.83	6	1.42	1	2.84	38.16	34.83	40.06	400.03	358.55	0.716	27.901	1.09	42.59	199.6	1600	0	102.5	21.6	0.767	1.0	-0.22	2.74	1.00	0.00	0.16	111115
77	"17:23:15"	1989.5	0	10.5	0.379	295	9.3	2.73	34.83	6	1.42	1	2.84	38.16	34.83	40.06	400.03	358.56	0.715	27.898	1.09	42.58	199.6	1600	0	102.5	21.6	0.767	1.0	-0.22	2.74	1.00	0.00	0.16	111115
78	"17:23:16"	1989.5	0	10.5	0.379	295	9.3	2.73	34.83	6	1.42	1	2.84	38.16	34.83	40.06	400.03	358.56	0.715	27.898	1.09	42.58	199.6	1600	0	102.5	21.6	0.767	1.0	-0.22	2.74	1.00	0.00	0.16	111115
79	"17:23:16"	1990.0	0	10.5	0.379	295	9.3	2.73	34.82	6	1.42	1	2.84	38.16	34.82	40.06	400.04	358.54	0.715	27.896	1.09	42.58	199.6	1600	0	102.5	21.6	0.767	1.0	-0.22	2.74	1.00	0.00	0.16	111115
80	"17:23:17"	1990.5	0	10.5	0.379	295	9.3	2.73	34.82	6	1.42	1	2.84	38.16	34.82	40.06	400.04	358.55	0.715	27.892	1.09	42.57	199.6	1600	0	102.5	21.6	0.767	1.0	-0.22	2.74	1.00	0.00	0.16	111115
81	"17:23:17"	1991.5	0	10.5	0.379	295	9.3	2.73	34.81	6	1.42	1	2.84	38.16	34.81	40.06	400.04	358.57	0.715	27.887	1.09	42.57	199.6	1600	0	102.5	21.6	0.767	1.0	-0.22	2.74	1.00	0.00	0.16	111115
82	"17:23:18"	1992.0	0	10.5	0.38	295	9.3	2.73	34.80	6	1.42	1	2.84	38.16	34.80	40.06	400.07	358.56	0.716	27.886	1.09	42.56	199.6	1600	0	102.5	21.6	0.767	1.0	-0.22	2.74	1.00	0.00	0.16	111115
83	"17:23:18"	1992.5	0	10.5	0.38	295	9.3	2.73	34.80	6	1.42	1	2.84	38.16	34.80	40.06	400.08	358.56	0.716	27.884	1.09	42.56	199.7	1600	0	102.5	21.6	0.767	1.0	-0.22	2.74	1.00	0.00	0.16	111115
84	"17:23:19"	1992.5	0	10.5	0.38	295	9.3	2.73	34.80	6	1.42	1	2.84	38.16	34.80	40.06	400.08	358.56	0.716	27.884	1.09	42.56	199.7	1600	0	102.5	21.6	0.767	1.0	-0.22	2.74	1.00	0.00	0.16	111115
85	"17:23:19"	1993.0	0	10.5	0.38	295	9.3	2.73	34.80	6	1.42	1	2.84	38.16	34.80	40.06	400.12	358.59	0.716	27.883	1.09	42.56	199.6	1600	0	102.5	21.6	0.767	1.0	-0.22	2.74	1.00	0.00	0.16	111115
86	"17:23:20"	1994.0	0	10.5	0.38	295	9.3	2.73	34.79	6	1.42	1	2.84	38.16	34.79	40.06	400.11	358.58	0.717	27.881	1.09	42.55	199.7	1600	0	102.5	21.6	0.767	1.0	-0.22	2.74	1.00	0.00	0.16	111115
87	"17:23:20"	1994.5	0	10.5	0.38	295	9.3	2.73	34.79	6	1.42	1	2.84	38.16	34.79	40.06	400.11	358.56	0.716	27.880	1.09	42.55	199.6	1600	0	102.5	21.6	0.767	1.0	-0.22	2.74	1.00	0.00	0.16	111115
88	"17:23:21"	1994.5	0	10.5	0.38	295	9.3	2.73	34.79	6	1.42	1	2.84	38.16	34.79	40.06	400.11	358.56	0.716	27.880	1.09	42.55	199.6	1600	0	102.5	21.6	0.767	1.0	-0.22	2.74	1.00	0.00	0.16	111115
89	"17:23:21"	1995.0	0	10.5	0.38	295	9.3	2.73	34.80	6	1.42	1	2.84	38.16	34.80	40.06	400.12	358.55	0.717	27.879	1.09	42.55	199.6	1600	0	102.5	21.6	0.767	1.0	-0.22	2.74	1.00	0.00	0.16	111115
90	"17:23:22"	1995.5	0	10.5	0.379	295	9.3	2.73	34.80	6	1.42	1	2.84	38.16	34.80	40.06	400.14	358.54	0.717	27.878	1.09	42.55	199.6	1600	0	102.5	21.6	0.767	1.0	-0.22	2.74	1.00	0.00	0.16	111115
"17:25:42 CO2 Mixer: CO2R -> 600 uml"
"17:31:56 Flow: Fixed -> 200 umol/s"
91	"17:32:22"	2535.5	0	14.2	0.312	441	8.53	2.99	34.92	6	1.42	1	2.84	38.12	34.92	40.06	600.65	543.99	0.738	25.710	1.13	39.33	199.7	1600	0	102.5	23.9	0.778	1.0	-0.22	2.74	1.00	0.00	0.16	111115
92	"17:32:22"	2536.0	0	14.2	0.312	441	8.53	2.99	34.91	6	1.42	1	2.84	38.12	34.91	40.06	600.62	544.01	0.738	25.706	1.13	39.32	199.6	1600	0	102.5	23.9	0.778	1.0	-0.22	2.74	1.00	0.00	0.16	111115
93	"17:32:23"	2536.5	0	14.2	0.312	441	8.53	2.99	34.91	6	1.42	1	2.84	38.12	34.91	40.06	600.55	544.00	0.738	25.703	1.13	39.32	199.6	1600	0	102.5	23.9	0.778	1.0	-0.22	2.74	1.00	0.00	0.16	111115
94	"17:32:23"	2537.0	0	14.2	0.312	441	8.52	2.99	34.91	6	1.42	1	2.84	38.12	34.91	40.06	600.52	544.02	0.738	25.698	1.13	39.31	199.7	1600	0	102.5	23.9	0.778	1.0	-0.22	2.74	1.00	0.00	0.16	111115
95	"17:32:24"	2537.5	0	14.2	0.312	441	8.52	2.98	34.90	6	1.42	1	2.84	38.12	34.90	40.06	600.52	544.02	0.738	25.694	1.13	39.30	199.7	1600	0	102.5	23.9	0.778	1.0	-0.22	2.74	1.00	0.00	0.16	111115
96	"17:32:24"	2538.0	0	14.2	0.312	441	8.52	2.98	34.90	6	1.42	1	2.84	38.12	34.90	40.06	600.55	544.05	0.738	25.691	1.13	39.30	199.7	1600	0	102.5	23.9	0.778	1.0	-0.22	2.74	1.00	0.00	0.16	111115
97	"17:32:25"	2538.5	0	14.2	0.312	441	8.52	2.98	34.89	6	1.42	1	2.84	38.12	34.89	40.06	600.59	544.04	0.737	25.688	1.13	39.29	199.7	1600	0	102.5	23.9	0.778	1.0	-0.22	2.74	1.00	0.00	0.16	111115
98	"17:32:25"	2539.0	0	14.2	0.312	441	8.52	2.98	34.89	6	1.42	1	2.84	38.12	34.89	40.06	600.65	544.02	0.737	25.685	1.13	39.29	199.7	1600	0	102.5	23.9	0.778	1.0	-0.22	2.74	1.00	0.00	0.16	111115
99	"17:32:26"	2539.5	0	14.2	0.312	441	8.52	2.98	34.89	6	1.42	1	2.84	38.12	34.89	40.06	600.72	544.01	0.738	25.682	1.13	39.29	199.7	1600	0	102.5	23.9	0.778	1.0	-0.22	2.74	1.00	0.00	0.16	111115
100	"17:32:26"	2540.0	0	14.3	0.312	440	8.52	2.98	34.89	6	1.42	1	2.84	38.12	34.89	40.06	600.81	544.01	0.737	25.680	1.13	39.28	199.7	1600	0	102.5	23.9	0.778	1.0	-0.22	2.74	1.00	0.00	0.16	111115
101	"17:32:27"	2540.0	0	14.3	0.312	440	8.52	2.98	34.89	6	1.42	1	2.84	38.12	34.89	40.06	600.81	544.01	0.737	25.680	1.13	39.28	199.7	1600	0	102.5	23.9	0.778	1.0	-0.22	2.74	1.00	0.00	0.16	111115
102	"17:32:27"	2540.5	0	14.3	0.312	440	8.52	2.98	34.88	6	1.42	1	2.84	38.12	34.88	40.06	600.90	543.99	0.737	25.677	1.13	39.28	199.7	1600	0	102.5	23.9	0.778	1.0	-0.22	2.74	1.00	0.00	0.16	111115
103	"17:32:28"	2541.0	0	14.3	0.312	440	8.52	2.98	34.88	6	1.42	1	2.84	38.12	34.88	40.06	600.97	543.99	0.737	25.676	1.13	39.27	199.7	1600	0	102.5	23.9	0.778	1.0	-0.22	2.74	1.00	0.00	0.16	111115
104	"17:32:28"	2541.5	0	14.4	0.312	440	8.52	2.98	34.89	6	1.42	1	2.84	38.12	34.89	40.06	601.01	543.95	0.737	25.674	1.13	39.27	199.7	1600	0	102.5	23.9	0.778	1.0	-0.22	2.74	1.00	0.00	0.16	111115
105	"17:32:29"	2542.5	0	14.4	0.312	440	8.52	2.98	34.89	6	1.42	1	2.84	38.12	34.89	40.06	600.98	543.92	0.738	25.670	1.13	39.27	199.7	1600	0	102.5	23.9	0.778	1.0	-0.22	2.74	1.00	0.00	0.16	111115
"17:32:36 CO2 Mixer: CO2R -> 900 uml"
"17:41:58 Flow: Fixed -> 200 umol/s"
106	"17:42:17"	3130.5	0	17.8	0.247	664	7.54	3.27	34.90	6	1.42	1	2.84	38.08	34.90	40.06	899.68	827.49	0.765	22.899	1.17	35.10	199.6	1600	0	102.5	23.9	0.778	0.7	-0.22	2.74	1.00	0.00	0.16	111115
107	"17:42:17"	3130.5	0	17.8	0.247	664	7.54	3.27	34.90	6	1.42	1	2.84	38.08	34.90	40.06	899.68	827.49	0.765	22.899	1.17	35.10	199.6	1600	0	102.5	23.9	0.778	0.7	-0.22	2.74	1.00	0.00	0.16	111115
108	"17:42:18"	3131.0	0	17.8	0.247	664	7.54	3.27	34.90	6	1.42	1	2.84	38.08	34.90	40.06	899.73	827.51	0.764	22.897	1.17	35.10	199.6	1600	0	102.5	23.9	0.778	0.7	-0.22	2.74	1.00	0.00	0.16	111115
109	"17:42:18"	3131.5	0	17.8	0.247	664	7.54	3.27	34.90	6	1.42	1	2.84	38.08	34.90	40.06	899.77	827.48	0.765	22.895	1.17	35.10	199.6	1600	0	102.5	23.9	0.778	0.7	-0.22	2.74	1.00	0.00	0.16	111115
110	"17:42:19"	3132.0	0	17.8	0.246	664	7.54	3.27	34.91	6	1.42	1	2.84	38.08	34.91	40.06	899.79	827.48	0.765	22.893	1.17	35.10	199.6	1600	0	102.5	23.9	0.778	0.7	-0.22	2.74	1.00	0.00	0.16	111115
111	"17:42:19"	3132.5	0	17.8	0.246	664	7.53	3.27	34.91	6	1.42	1	2.84	38.08	34.91	40.06	899.80	827.48	0.765	22.891	1.17	35.09	199.6	1600	0	102.5	23.9	0.778	0.7	-0.22	2.74	1.00	0.00	0.16	111115
112	"17:42:20"	3133.0	0	17.8	0.246	664	7.53	3.28	34.92	6	1.42	1	2.84	38.08	34.92	40.06	899.82	827.47	0.765	22.890	1.17	35.09	199.7	1600	0	102.5	23.9	0.778	0.7	-0.22	2.74	1.00	0.00	0.16	111115
113	"17:42:20"	3133.5	0	17.8	0.246	664	7.53	3.28	34.92	6	1.42	1	2.84	38.08	34.92	40.06	899.80	827.48	0.766	22.889	1.17	35.09	199.7	1600	0	102.5	23.9	0.778	0.7	-0.22	2.74	1.00	0.00	0.16	111115
114	"17:42:21"	3134.0	0	17.8	0.246	663	7.53	3.28	34.93	6	1.42	1	2.84	38.08	34.93	40.06	899.79	827.47	0.766	22.886	1.17	35.08	199.7	1600	0	102.5	23.9	0.778	0.7	-0.22	2.74	1.00	0.00	0.16	111115
115	"17:42:21"	3135.0	0	17.8	0.245	663	7.53	3.29	34.94	6	1.42	1	2.84	38.08	34.94	40.06	899.81	827.45	0.766	22.882	1.17	35.08	199.7	1600	0	102.5	23.9	0.778	0.7	-0.22	2.74	1.00	0.00	0.16	111115
116	"17:42:22"	3135.0	0	17.8	0.245	663	7.53	3.29	34.94	6	1.42	1	2.84	38.08	34.94	40.06	899.81	827.45	0.766	22.882	1.17	35.08	199.7	1600	0	102.5	23.9	0.778	0.7	-0.22	2.74	1.00	0.00	0.16	111115
117	"17:42:22"	3135.5	0	17.8	0.245	663	7.53	3.29	34.95	6	1.42	1	2.84	38.08	34.95	40.06	899.81	827.45	0.765	22.880	1.17	35.07	199.6	1600	0	102.5	23.9	0.778	0.7	-0.22	2.74	1.00	0.00	0.16	111115
118	"17:42:23"	3136.0	0	17.9	0.245	663	7.53	3.29	34.95	6	1.42	1	2.84	38.08	34.95	40.06	899.82	827.45	0.766	22.877	1.17	35.07	199.6	1600	0	102.5	23.9	0.778	1.0	-0.22	2.74	1.00	0.00	0.16	111115
119	"17:42:23"	3136.5	0	17.9	0.245	663	7.53	3.29	34.96	6	1.42	1	2.84	38.08	34.96	40.06	899.78	827.40	0.766	22.876	1.17	35.06	199.6	1600	0	102.5	23.9	0.778	1.0	-0.22	2.74	1.00	0.00	0.16	111115
120	"17:42:24"	3137.0	0	17.8	0.244	663	7.53	3.29	34.97	6	1.42	1	2.84	38.08	34.97	40.06	899.77	827.41	0.766	22.874	1.17	35.06	199.6	1600	0	102.5	23.9	0.778	1.0	-0.22	2.74	1.00	0.00	0.16	111115
"17:42:49 CO2 Mixer: CO2R -> 1200 uml"
"17:50:14 Flow: Fixed -> 200 umol/s"
121	"17:50:34"	3628.0	0	18.7	0.201	910	6.39	3.34	35.40	6	1.42	1	2.84	38.26	35.40	40.07	1199.69	1121.93	4.953	23.716	7.52	35.99	199.6	1600	0	102.5	27.2	0.805	1.0	-0.22	2.74	1.00	0.00	0.16	111115
122	"17:50:35"	3628.0	0	18.7	0.201	910	6.39	3.34	35.40	6	1.42	1	2.84	38.26	35.40	40.07	1199.69	1121.93	4.953	23.716	7.52	35.99	199.6	1600	0	102.5	27.2	0.805	1.0	-0.22	2.74	1.00	0.00	0.16	111115
123	"17:50:35"	3628.5	0	18.7	0.202	910	6.39	3.34	35.40	6	1.42	1	2.84	38.26	35.40	40.07	1199.70	1121.94	4.952	23.717	7.52	35.99	199.6	1600	0	102.5	27.2	0.805	1.0	-0.22	2.74	1.00	0.00	0.16	111115
124	"17:50:36"	3628.5	0	18.7	0.202	910	6.39	3.34	35.40	6	1.42	1	2.84	38.26	35.40	40.07	1199.70	1121.94	4.952	23.717	7.52	35.99	199.6	1600	0	102.5	27.2	0.805	1.0	-0.22	2.74	1.00	0.00	0.16	111115
125	"17:50:36"	3629.0	0	18.7	0.202	910	6.39	3.34	35.39	6	1.42	1	2.84	38.26	35.39	40.07	1199.69	1121.98	4.952	23.716	7.52	35.99	199.6	1600	0	102.5	27.2	0.805	1.0	-0.22	2.74	1.00	0.00	0.16	111115
126	"17:50:37"	3629.5	0	18.7	0.202	910	6.39	3.34	35.38	6	1.42	1	2.84	38.26	35.38	40.06	1199.70	1121.97	4.952	23.714	7.52	35.99	199.6	1600	0	102.5	27.2	0.805	1.0	-0.22	2.74	1.00	0.00	0.16	111115
127	"17:50:37"	3630.0	0	18.7	0.202	910	6.39	3.34	35.38	6	1.42	1	2.84	38.26	35.38	40.07	1199.66	1121.93	4.952	23.713	7.52	35.99	199.6	1600	0	102.5	27.2	0.805	1.0	-0.22	2.74	1.00	0.00	0.16	111115
128	"17:50:38"	3630.5	0	18.7	0.202	910	6.39	3.34	35.38	6	1.42	1	2.84	38.26	35.38	40.07	1199.67	1121.96	4.952	23.712	7.52	35.99	199.6	1600	0	102.5	27.2	0.805	1.0	-0.22	2.74	1.00	0.00	0.16	111115
129	"17:50:38"	3631.0	0	18.7	0.202	910	6.39	3.34	35.37	6	1.42	1	2.84	38.26	35.37	40.07	1199.69	1121.96	4.952	23.711	7.52	35.99	199.6	1600	0	102.5	27.2	0.805	1.0	-0.22	2.74	1.00	0.00	0.16	111115
130	"17:50:39"	3631.5	0	18.7	0.202	910	6.39	3.34	35.37	6	1.42	1	2.84	38.26	35.37	40.07	1199.62	1121.97	4.953	23.708	7.52	35.98	199.7	1600	0	102.5	27.2	0.805	1.0	-0.22	2.74	1.00	0.00	0.16	111115
131	"17:50:40"	3633.0	0	18.6	0.202	911	6.39	3.34	35.38	6	1.42	1	2.84	38.27	35.38	40.07	1199.51	1122.00	4.953	23.703	7.52	35.97	199.7	1600	0	102.5	27.2	0.805	1.0	-0.22	2.74	1.00	0.00	0.16	111115
132	"17:50:40"	3633.5	0	18.6	0.202	911	6.39	3.34	35.37	6	1.42	1	2.84	38.27	35.37	40.07	1199.44	1122.02	4.953	23.702	7.52	35.97	199.7	1600	0	102.5	27.2	0.805	1.0	-0.22	2.74	1.00	0.00	0.16	111115
133	"17:50:41"	3634.0	0	18.6	0.202	911	6.39	3.34	35.37	6	1.42	1	2.84	38.27	35.37	40.07	1199.45	1122.06	4.953	23.700	7.52	35.96	199.7	1600	0	102.5	27.2	0.805	1.0	-0.22	2.74	1.00	0.00	0.16	111115
134	"17:50:41"	3634.5	0	18.6	0.202	911	6.39	3.33	35.36	6	1.42	1	2.84	38.27	35.36	40.07	1199.48	1122.07	4.954	23.699	7.52	35.96	199.7	1600	0	102.5	27.2	0.805	1.0	-0.22	2.74	1.00	0.00	0.16	111115
135	"17:50:42"	3635.5	0	18.6	0.202	911	6.39	3.33	35.35	6	1.42	1	2.84	38.27	35.35	40.07	1199.47	1122.03	4.954	23.698	7.52	35.96	199.7	1600	0	102.5	27.2	0.805	1.0	-0.22	2.74	1.00	0.00	0.16	111115
"17:50:54 CO2 Mixer: CO2R -> 1500 uml"
"17:55:37 Flow: Fixed -> 200 umol/s"
136	"17:55:49"	3942.5	0	19.7	0.192	1.17E+03	6.22	3.4	35.46	6	1.42	1	2.84	38.23	35.46	40.03	1500.03	1414.37	5.068	23.319	7.70	35.45	199.7	1600	0	102.5	27.6	0.837	1.0	-0.22	2.74	1.00	0.00	0.16	111115
137	"17:55:49"	3943.0	0	19.7	0.192	1.17E+03	6.22	3.4	35.45	6	1.42	1	2.84	38.23	35.45	40.03	1500.04	1414.36	5.068	23.316	7.71	35.45	199.7	1601	0	102.5	27.6	0.837	1.0	-0.22	2.74	1.00	0.00	0.16	111115
138	"17:55:50"	3943.5	0	19.7	0.192	1.17E+03	6.22	3.4	35.44	6	1.42	1	2.84	38.23	35.44	40.03	1500.07	1414.31	5.068	23.314	7.70	35.45	199.6	1601	0	102.5	27.6	0.837	1.0	-0.22	2.74	1.00	0.00	0.16	111115
139	"17:55:50"	3944.0	0	19.7	0.192	1.17E+03	6.22	3.4	35.43	6	1.42	1	2.84	38.23	35.43	40.03	1500.01	1414.29	5.068	23.312	7.71	35.44	199.6	1601	0	102.5	27.6	0.837	1.0	-0.22	2.74	1.00	0.00	0.16	111115
140	"17:55:51"	3944.5	0	19.7	0.192	1.17E+03	6.21	3.39	35.42	6	1.42	1	2.84	38.23	35.42	40.04	1500.01	1414.26	5.067	23.310	7.70	35.44	199.6	1601	0	102.5	27.6	0.837	1.0	-0.22	2.74	1.00	0.00	0.16	111115
141	"17:55:51"	3945.5	0	19.7	0.193	1.17E+03	6.21	3.39	35.41	6	1.42	1	2.84	38.23	35.41	40.04	1499.92	1414.25	5.067	23.306	7.70	35.43	199.6	1601	0	102.5	27.6	0.837	1.0	-0.22	2.74	1.00	0.00	0.16	111115
142	"17:55:52"	3945.5	0	19.7	0.193	1.17E+03	6.21	3.39	35.41	6	1.42	1	2.84	38.23	35.41	40.04	1499.92	1414.25	5.067	23.306	7.70	35.43	199.6	1601	0	102.5	27.6	0.837	1.0	-0.22	2.74	1.00	0.00	0.16	111115
143	"17:55:52"	3946.0	0	19.7	0.193	1.17E+03	6.21	3.39	35.41	6	1.42	1	2.84	38.23	35.41	40.05	1499.95	1414.25	5.068	23.305	7.70	35.43	199.6	1601	0	102.5	27.6	0.837	1.0	-0.22	2.74	1.00	0.00	0.16	111115
144	"17:55:53"	3946.5	0	19.7	0.192	1.17E+03	6.21	3.39	35.41	6	1.42	1	2.84	38.23	35.41	40.05	1499.93	1414.27	5.068	23.304	7.70	35.43	199.6	1601	0	102.5	27.6	0.837	1.0	-0.22	2.74	1.00	0.00	0.16	111115
145	"17:55:53"	3947.0	0	19.7	0.192	1.17E+03	6.21	3.39	35.42	6	1.42	1	2.84	38.23	35.42	40.05	1499.92	1414.32	5.068	23.303	7.70	35.42	199.6	1601	0	102.5	27.6	0.837	1.0	-0.22	2.74	1.00	0.00	0.16	111115
146	"17:55:54"	3948.0	0	19.7	0.192	1.17E+03	6.21	3.39	35.43	6	1.42	1	2.84	38.24	35.43	40.05	1499.90	1414.32	5.069	23.304	7.70	35.42	199.7	1601	0	102.5	27.6	0.837	1.0	-0.22	2.74	1.00	0.00	0.16	111115
147	"17:55:55"	3948.5	0	19.7	0.192	1.17E+03	6.21	3.4	35.43	6	1.42	1	2.84	38.24	35.43	40.06	1499.92	1414.37	5.070	23.301	7.71	35.41	199.7	1601	0	102.5	27.6	0.837	1.0	-0.22	2.74	1.00	0.00	0.16	111115
148	"17:55:55"	3949.0	0	19.7	0.192	1.17E+03	6.21	3.4	35.43	6	1.42	1	2.84	38.24	35.43	40.06	1499.96	1414.39	5.069	23.301	7.70	35.41	199.7	1601	0	102.5	27.6	0.837	1.0	-0.22	2.74	1.00	0.00	0.16	111115
149	"17:55:55"	3949.0	0	19.7	0.192	1.17E+03	6.21	3.4	35.43	6	1.42	1	2.84	38.24	35.43	40.06	1499.96	1414.39	5.069	23.301	7.70	35.41	199.7	1601	0	102.5	27.6	0.837	1.0	-0.22	2.74	1.00	0.00	0.16	111115
150	"17:55:56"	3949.5	0	19.7	0.192	1.17E+03	6.21	3.4	35.44	6	1.42	1	2.84	38.24	35.44	40.06	1500.04	1414.46	5.069	23.301	7.70	35.41	199.7	1601	0	102.5	27.6	0.837	1.0	-0.22	2.74	1.00	0.00	0.16	111115
"17:56:30 CO2 Mixer: CO2R -> 1800 uml"
"18:00:46 Flow: Fixed -> 200 umol/s"
151	"18:01:02"	4255.5	0	20.3	0.183	1.43E+03	6	3.43	35.34	6	1.42	1	2.84	38.19	35.34	40.06	1800.70	1708.78	5.023	22.661	7.65	34.52	199.6	1600	0	102.5	27.3	0.809	1.0	-0.22	2.74	1.00	0.00	0.16	111115
152	"18:01:03"	4256.0	0	20.3	0.183	1.43E+03	6	3.43	35.34	6	1.42	1	2.84	38.19	35.34	40.06	1800.58	1708.77	5.022	22.662	7.65	34.52	199.6	1600	0	102.5	27.3	0.809	1.0	-0.22	2.74	1.00	0.00	0.16	111115
153	"18:01:03"	4256.5	0	20.3	0.183	1.44E+03	6	3.44	35.35	6	1.42	1	2.84	38.19	35.35	40.06	1800.56	1708.85	5.023	22.661	7.65	34.52	199.6	1600	0	102.5	27.3	0.809	1.0	-0.22	2.74	1.00	0.00	0.16	111115
154	"18:01:04"	4257.0	0	20.3	0.183	1.43E+03	6	3.44	35.36	6	1.42	1	2.84	38.19	35.36	40.06	1800.58	1708.85	5.023	22.659	7.65	34.52	199.6	1600	0	102.5	27.3	0.809	1.0	-0.22	2.74	1.00	0.00	0.16	111115
155	"18:01:04"	4257.5	0	20.3	0.183	1.43E+03	6	3.44	35.36	6	1.42	1	2.84	38.19	35.36	40.06	1800.50	1708.78	5.023	22.658	7.65	34.52	199.6	1600	0	102.5	27.3	0.809	1.0	-0.22	2.74	1.00	0.00	0.16	111115
156	"18:01:05"	4258.0	0	20.3	0.183	1.43E+03	6	3.44	35.37	6	1.42	1	2.84	38.19	35.37	40.06	1800.53	1708.78	5.023	22.657	7.65	34.51	199.6	1600	0	102.5	27.3	0.809	1.0	-0.22	2.74	1.00	0.00	0.16	111115
157	"18:01:05"	4258.5	0	20.2	0.183	1.43E+03	6	3.45	35.38	6	1.42	1	2.84	38.19	35.38	40.06	1800.57	1708.88	5.023	22.657	7.65	34.51	199.6	1600	0	102.5	27.3	0.809	1.0	-0.22	2.74	1.00	0.00	0.16	111115
158	"18:01:06"	4259.0	0	20.2	0.182	1.43E+03	6	3.45	35.38	6	1.42	1	2.84	38.19	35.38	40.06	1800.48	1708.84	5.023	22.654	7.65	34.51	199.7	1600	0	102.5	27.3	0.809	1.0	-0.22	2.74	1.00	0.00	0.16	111115
159	"18:01:07"	4260.0	0	20.2	0.182	1.43E+03	6	3.45	35.40	6	1.42	1	2.84	38.19	35.40	40.06	1800.61	1708.95	5.023	22.653	7.65	34.51	199.7	1600	0	102.5	27.3	0.809	1.0	-0.22	2.74	1.00	0.00	0.16	111115
160	"18:01:07"	4260.5	0	20.3	0.182	1.43E+03	6	3.45	35.40	6	1.42	1	2.84	38.19	35.40	40.06	1800.57	1708.87	5.023	22.652	7.65	34.50	199.7	1600	0	102.5	27.3	0.809	1.0	-0.22	2.74	1.00	0.00	0.16	111115
161	"18:01:08"	4261.0	0	20.2	0.182	1.43E+03	6	3.46	35.40	6	1.42	1	2.84	38.19	35.40	40.06	1800.51	1708.88	5.022	22.651	7.65	34.50	199.7	1600	0	102.5	27.3	0.809	1.0	-0.22	2.74	1.00	0.00	0.16	111115
162	"18:01:08"	4261.5	0	20.2	0.182	1.43E+03	6	3.46	35.41	6	1.42	1	2.84	38.19	35.41	40.06	1800.55	1708.91	5.022	22.650	7.65	34.50	199.7	1600	0	102.5	27.3	0.809	0.7	-0.22	2.74	1.00	0.00	0.16	111115
163	"18:01:09"	4262.0	0	20.2	0.182	1.43E+03	6	3.46	35.40	6	1.42	1	2.84	38.19	35.40	40.06	1800.54	1708.89	5.022	22.650	7.65	34.50	199.7	1600	0	102.5	27.3	0.809	0.7	-0.22	2.74	1.00	0.00	0.16	111115
164	"18:01:09"	4262.0	0	20.2	0.182	1.43E+03	6	3.46	35.40	6	1.42	1	2.84	38.19	35.40	40.06	1800.54	1708.89	5.022	22.650	7.65	34.50	199.7	1600	0	102.5	27.3	0.809	0.7	-0.22	2.74	1.00	0.00	0.16	111115
165	"18:01:10"	4263.0	0	20.3	0.182	1.43E+03	6	3.45	35.39	6	1.42	1	2.84	38.20	35.39	40.06	1800.71	1708.94	5.021	22.651	7.65	34.50	199.7	1600	0	102.5	27.3	0.809	0.7	-0.22	2.74	1.00	0.00	0.16	111115
"18:01:26 CO2 Mixer: CO2R -> 400 uml"
"18:01:31 Coolers: Tblock -> 48.00 C"
