"OPEN 6.2.5"
"Fri Jan 21 2022 15:22:41"
<open><version>"6.2.5"</version></open>
<open><configfile>"/User/Configs/UserPrefs/2x3 LED.xml"</configfile></open>
<open><light><source>"6400-02 or -02B LED Source"</source><par_in>1<sensor>"SI-3989"<cal>-0.92<actinity>1.00</actinity><transm>1.00</transm></cal></sensor><transm>1</transm></par_in><par_out>1<sensor>"Q50937"<cal>6.45</cal></sensor></par_out></light></open>
<open><comps><file>"/User/Configs/Comps/StdComps_6.2"<header>""</header><extras></extras></file><energybal>no<f_parIn>1</f_parIn><f_parOut>0</f_parOut><alphaK>0.16</alphaK></energybal><bc_total>2.840<stomatal_ratio>1</stomatal_ratio><bc_oneside>1.420<type>2</type><table>"/Sys/Lib/StdBLCTable"</table><area>6</area><slope>-0.219565</slope><offset>2.73739</offset><fan>5</fan></bc_oneside></bc_total></comps></open>
<open><prompts><onlog>off</onlog><items>"Default (none)"</items></prompts></open>
<open><constants><oxygen>21 %</oxygen><bb_vapor>1.5</bb_vapor><bb_oxy>0.9</bb_oxy></constants></open>
<open><stability><items>"Std Stability"<items[1]><id>-2</id><size>15</size><pcv><onoff>0</onoff><value>1</value></pcv><std><onoff>0</onoff><value>1</value></std><slp><onoff>1</onoff><value>1</value></slp></items[1]><items[2]><id>-5</id><size>15</size><pcv><onoff>0</onoff><value>1</value></pcv><std><onoff>0</onoff><value>1</value></std><slp><onoff>1</onoff><value>1</value></slp></items[2]><items[3]><id>-7</id><size>15</size><pcv><onoff>0</onoff><value>1</value></pcv><std><onoff>0</onoff><value>1</value></std><slp><onoff>1</onoff><value>1</value></slp></items[3]></items></stability></open>
<open><log><format>"StdLogFmt_6.0"<items>{ -35 -21 -36 -76 30 23 36 21 25 221 -33 111 -34 11 -9 -10 -8 -1 -2 -4 -5 -14 -15 -7 -12 -13 -11 -65 -66 -72 -18 -19 -77 -78 -79 -23  }<hdr>{  }</hdr></items></format><options><beep>on</beep><hdr>normal</hdr><rem>normal</rem><stab>no</stab><stats>no<mean>no</mean><file>no</file><period>15</period></stats><excel>yes</excel><controls>yes</controls><comm>no</comm></options><datafile>"/User/jcg_rasa_aci_30c"</datafile><button><action>"Normal Log"<code>" LogOneObsManual "</code></action></button><autoprog>"/User/Configs/AutoProgs/AutoLog2"<active>no</active></autoprog></log></open>
<open><a2d><avgtime>4.0 secs</avgtime><userchans><ch20>"Off"</ch20><ch21>"Off"</ch21><ch22>"Off"</ch22><ch23>"Off"</ch23></userchans></a2d></open>
<open><matching><type>0</type><disp>'a'</disp><settings><CO2Limit>10.0</CO2Limit><H2OLimit>1.0</H2OLimit><MaxAutoTime>60</MaxAutoTime></settings></matching></open>
<li6400><factory><unit>"PSC-4076"</unit><serviced>"31 Mar 2014"</serviced><fuseaware>0</fuseaware><co2mixer>yes</co2mixer><co2><coeffs>{ 0 0.215349 2.57678e-05 1.9763e-08 -3.21542e-12 3.03737e-16  }</coeffs><dvdt>-2.8</dvdt><xs>{ 0.0005 0.0003  }</xs></co2><h2o><coeffs>{ 0 0.00579256 2.19235e-06 9.06457e-12  }</coeffs><dvdt>-1</dvdt><xs>{ -0.0026 0.0003  }</xs></h2o><flow>{ 0 0.3607  }</flow><press>{ 88.32 0.00555  }</press></factory></li6400>
<li6400><user><flow_zero>-1560.7</flow_zero><irga_zero><co2>-312.6 -351.6<at>29.8235</at></co2><h2o>-156.6 77.4<at>31.0407</at></h2o></irga_zero><irga_span><co2>{ 0.988788 0.993555  }</co2><h2o>{ 0.996032 0.996401  }</h2o></irga_span><irga_match><co2>{ -1.32399 24.0853  }</co2><h2o>{ -0.104692 0.798286  }</h2o></irga_match><co2_mixer><pump_mv>4500</pump_mv><ppm>{ 2185.36 1052.7 419.509 255.894 118.056 69.8071 46.8351 46.4167  }</ppm><mv>{ 5000 3000 1500 1000 500 300 200 100  }</mv></co2_mixer><parin_offset>-0.0908794</parin_offset><led_cal><unit>"SI-3989"</unit><mv>{ 10 25 50 100 1000 2000 3000 4000 5000  }</mv><qntm>{ 5.41353 17.8999 38.6356 86.3019 941.421 1838.37 2690.41 3508.95 4284.65  }</qntm></led_cal><lcf_cal><unit>"unknown"</unit><red><mv>{ 50 100 500 1000 1500 5000  }</mv><qntm>{ 50 100 500 1000 2000 5000  }</qntm></red><blue><mv>{ 100 200 500 1000 2000 5000  }</mv><qntm>{ 10 20 50 100 200 500  }</qntm></blue></lcf_cal></user></li6400>
"15:22:43 "
$STARTOFDATA$
"Obs"	"HHMMSS"	"FTime"	"EBal?"	"Photo"	"Cond"	"Ci"	"Trmmol"	"VpdL"	"CTleaf"	"Area"	"BLC_1"	"StmRat"	"BLCond"	"Tair"	"Tleaf"	"TBlk"	"CO2R"	"CO2S"	"H2OR"	"H2OS"	"RH_R"	"RH_S"	"Flow"	"PARi"	"PARo"	"Press"	"CsMch"	"HsMch"	"StableF"	"BLCslope"	"BLCoffst"	"f_parin"	"f_parout"	"alphaK"	"Status"
"15:25:44 Flow: Fixed -> 200 umol/s"
1	"15:26:08"	214.0	0	10.3	0.363	301	6.14	1.9	28.10	6	1.42	1	2.84	29.21	28.10	30.12	398.75	361.06	0.591	18.701	1.49	47.08	199.7	1600	0	102.5	20.6	0.818	1.0	-0.22	2.74	1.00	0.00	0.16	111115
2	"15:26:08"	214.5	0	10.3	0.363	301	6.14	1.9	28.10	6	1.42	1	2.84	29.21	28.10	30.12	398.77	361.07	0.590	18.702	1.49	47.09	199.7	1600	0	102.5	20.6	0.818	1.0	-0.22	2.74	1.00	0.00	0.16	111115
3	"15:26:09"	215.0	0	10.3	0.363	301	6.14	1.9	28.10	6	1.42	1	2.84	29.21	28.10	30.12	398.77	361.08	0.590	18.702	1.49	47.09	199.7	1600	0	102.5	20.6	0.818	1.0	-0.22	2.74	1.00	0.00	0.16	111115
4	"15:26:10"	215.5	0	10.3	0.363	301	6.14	1.9	28.10	6	1.42	1	2.84	29.21	28.10	30.12	398.76	361.07	0.590	18.702	1.49	47.09	199.6	1600	0	102.5	20.6	0.818	1.0	-0.22	2.74	1.00	0.00	0.16	111115
5	"15:26:10"	216.0	0	10.3	0.363	301	6.14	1.9	28.09	6	1.42	1	2.84	29.21	28.09	30.11	398.76	361.09	0.591	18.702	1.49	47.09	199.6	1600	0	102.5	20.6	0.818	1.0	-0.22	2.74	1.00	0.00	0.16	111115
6	"15:26:11"	216.5	0	10.3	0.363	301	6.14	1.9	28.09	6	1.42	1	2.84	29.21	28.09	30.11	398.77	361.10	0.590	18.702	1.49	47.09	199.6	1600	0	102.5	20.6	0.818	1.0	-0.22	2.74	1.00	0.00	0.16	111115
7	"15:26:11"	217.0	0	10.3	0.363	301	6.14	1.9	28.09	6	1.42	1	2.84	29.21	28.09	30.11	398.77	361.11	0.590	18.704	1.49	47.09	199.6	1600	1	102.5	20.6	0.818	1.0	-0.22	2.74	1.00	0.00	0.16	111115
8	"15:26:12"	217.5	0	10.3	0.364	301	6.14	1.9	28.09	6	1.42	1	2.84	29.21	28.09	30.12	398.78	361.10	0.590	18.706	1.49	47.09	199.7	1600	0	102.5	20.6	0.818	1.0	-0.22	2.74	1.00	0.00	0.16	111115
9	"15:26:12"	218.0	0	10.3	0.364	301	6.14	1.9	28.09	6	1.42	1	2.84	29.21	28.09	30.12	398.76	361.10	0.590	18.707	1.49	47.09	199.7	1600	1	102.5	20.6	0.818	1.0	-0.22	2.74	1.00	0.00	0.16	111115
10	"15:26:13"	218.5	0	10.3	0.364	301	6.14	1.9	28.09	6	1.42	1	2.84	29.21	28.09	30.12	398.74	361.08	0.590	18.708	1.48	47.10	199.6	1600	1	102.5	20.6	0.818	1.0	-0.22	2.74	1.00	0.00	0.16	111115
11	"15:26:13"	219.0	0	10.3	0.364	301	6.14	1.9	28.09	6	1.42	1	2.84	29.21	28.09	30.12	398.73	361.09	0.590	18.709	1.48	47.10	199.7	1600	1	102.5	20.6	0.818	1.0	-0.22	2.74	1.00	0.00	0.16	111115
12	"15:26:14"	219.5	0	10.3	0.364	301	6.15	1.9	28.09	6	1.42	1	2.84	29.21	28.09	30.12	398.78	361.09	0.590	18.710	1.48	47.10	199.7	1600	0	102.5	20.6	0.818	1.0	-0.22	2.74	1.00	0.00	0.16	111115
13	"15:26:14"	220.0	0	10.3	0.364	301	6.15	1.9	28.09	6	1.42	1	2.84	29.21	28.09	30.12	398.81	361.08	0.590	18.712	1.48	47.10	199.7	1600	0	102.5	20.6	0.818	1.0	-0.22	2.74	1.00	0.00	0.16	111115
14	"15:26:15"	220.5	0	10.3	0.364	301	6.15	1.9	28.09	6	1.42	1	2.84	29.21	28.09	30.12	398.79	361.09	0.590	18.713	1.48	47.10	199.7	1600	0	102.5	20.6	0.818	1.0	-0.22	2.74	1.00	0.00	0.16	111115
15	"15:26:15"	221.0	0	10.3	0.364	301	6.15	1.9	28.09	6	1.42	1	2.84	29.21	28.09	30.12	398.80	361.08	0.589	18.713	1.48	47.10	199.7	1600	0	102.5	20.6	0.818	1.0	-0.22	2.74	1.00	0.00	0.16	111115
"15:27:19 CO2 Mixer: CO2R -> 300 uml"
"15:34:32 Flow: Fixed -> 200 umol/s"
16	"15:34:42"	729.0	0	8.17	0.408	226	6.49	1.81	28.15	6	1.42	1	2.84	29.26	28.15	30.11	299.23	269.43	0.593	19.704	1.49	49.46	199.6	1599	0	102.5	19.2	0.816	1.0	-0.22	2.74	1.00	0.00	0.16	111115
17	"15:34:43"	730.0	0	8.16	0.408	226	6.49	1.81	28.15	6	1.42	1	2.84	29.26	28.15	30.12	299.23	269.44	0.593	19.706	1.49	49.47	199.7	1599	0	102.5	19.2	0.816	1.0	-0.22	2.74	1.00	0.00	0.16	111115
18	"15:34:44"	730.5	0	8.18	0.408	226	6.49	1.81	28.15	6	1.42	1	2.84	29.26	28.15	30.12	299.27	269.43	0.593	19.708	1.49	49.47	199.7	1599	0	102.5	19.2	0.816	1.0	-0.22	2.74	1.00	0.00	0.16	111115
19	"15:34:44"	731.0	0	8.18	0.408	226	6.49	1.81	28.15	6	1.42	1	2.84	29.26	28.15	30.12	299.28	269.43	0.593	19.708	1.49	49.47	199.7	1599	0	102.5	19.2	0.816	1.0	-0.22	2.74	1.00	0.00	0.16	111115
20	"15:34:45"	731.5	0	8.18	0.409	226	6.49	1.81	28.15	6	1.42	1	2.84	29.26	28.15	30.12	299.29	269.44	0.592	19.709	1.49	49.47	199.7	1599	0	102.5	19.2	0.816	1.0	-0.22	2.74	1.00	0.00	0.16	111115
21	"15:34:46"	732.0	0	8.18	0.409	226	6.49	1.81	28.15	6	1.42	1	2.84	29.26	28.15	30.12	299.29	269.45	0.592	19.711	1.49	49.48	199.7	1599	0	102.5	19.2	0.816	1.0	-0.22	2.74	1.00	0.00	0.16	111115
22	"15:34:46"	733.0	0	8.19	0.409	226	6.49	1.81	28.15	6	1.42	1	2.84	29.26	28.15	30.12	299.31	269.45	0.592	19.712	1.49	49.48	199.7	1599	0	102.5	19.2	0.816	1.0	-0.22	2.74	1.00	0.00	0.16	111115
23	"15:34:47"	733.5	0	8.2	0.409	226	6.49	1.81	28.14	6	1.42	1	2.84	29.26	28.14	30.12	299.34	269.43	0.592	19.714	1.49	49.48	199.7	1599	0	102.5	19.2	0.816	1.0	-0.22	2.74	1.00	0.00	0.16	111115
24	"15:34:47"	734.0	0	8.21	0.409	226	6.49	1.81	28.14	6	1.42	1	2.84	29.26	28.14	30.12	299.34	269.42	0.592	19.713	1.49	49.48	199.6	1599	0	102.5	19.2	0.816	1.0	-0.22	2.74	1.00	0.00	0.16	111115
25	"15:34:48"	734.5	0	8.2	0.409	226	6.49	1.81	28.15	6	1.42	1	2.84	29.26	28.15	30.12	299.33	269.43	0.592	19.715	1.49	49.48	199.7	1599	0	102.5	19.2	0.816	1.0	-0.22	2.74	1.00	0.00	0.16	111115
26	"15:34:49"	735.5	0	8.18	0.409	226	6.49	1.81	28.14	6	1.42	1	2.84	29.26	28.14	30.12	299.29	269.44	0.592	19.717	1.48	49.48	199.7	1599	0	102.5	19.2	0.816	1.0	-0.22	2.74	1.00	0.00	0.16	111115
27	"15:34:49"	736.0	0	8.19	0.409	226	6.49	1.81	28.14	6	1.42	1	2.84	29.26	28.14	30.12	299.29	269.43	0.591	19.716	1.48	49.49	199.6	1599	0	102.5	19.2	0.816	1.0	-0.22	2.74	1.00	0.00	0.16	111115
28	"15:34:50"	736.5	0	8.19	0.409	226	6.49	1.81	28.14	6	1.42	1	2.84	29.26	28.14	30.12	299.30	269.44	0.591	19.716	1.48	49.49	199.7	1599	0	102.5	19.2	0.816	1.0	-0.22	2.74	1.00	0.00	0.16	111115
29	"15:34:50"	737.0	0	8.19	0.41	226	6.49	1.81	28.14	6	1.42	1	2.84	29.26	28.14	30.12	299.32	269.44	0.591	19.717	1.48	49.49	199.7	1599	0	102.5	19.2	0.816	1.0	-0.22	2.74	1.00	0.00	0.16	111115
30	"15:34:51"	737.5	0	8.18	0.41	226	6.49	1.81	28.14	6	1.42	1	2.84	29.26	28.14	30.12	299.30	269.45	0.591	19.717	1.48	49.49	199.6	1599	0	102.5	19.2	0.816	1.0	-0.22	2.74	1.00	0.00	0.16	111115
"15:35:11 CO2 Mixer: CO2R -> 200 uml"
"15:39:32 Flow: Fixed -> 200 umol/s"
31	"15:40:17"	1062.5	0	5.11	0.45	155	6.73	1.73	28.10	6	1.42	1	2.84	29.27	28.10	30.11	199.34	180.33	0.590	20.408	1.48	51.20	199.7	1599	0	102.5	17.6	0.798	1.0	-0.22	2.74	1.00	0.00	0.16	111115
32	"15:40:17"	1063.5	0	5.08	0.45	155	6.73	1.73	28.10	6	1.42	1	2.84	29.27	28.10	30.11	199.27	180.35	0.591	20.411	1.48	51.21	199.7	1599	0	102.5	17.6	0.798	1.0	-0.22	2.74	1.00	0.00	0.16	111115
33	"15:40:18"	1064.0	0	5.08	0.45	155	6.73	1.73	28.10	6	1.42	1	2.84	29.27	28.10	30.11	199.23	180.33	0.591	20.411	1.48	51.21	199.7	1599	0	102.5	17.6	0.798	1.0	-0.22	2.74	1.00	0.00	0.16	111115
34	"15:40:19"	1064.5	0	5.07	0.45	155	6.73	1.72	28.10	6	1.42	1	2.84	29.27	28.10	30.11	199.21	180.31	0.590	20.412	1.48	51.22	199.7	1599	0	102.5	17.6	0.798	1.0	-0.22	2.74	1.00	0.00	0.16	111115
35	"15:40:19"	1065.5	0	5.04	0.45	155	6.73	1.72	28.10	6	1.42	1	2.84	29.27	28.10	30.11	199.14	180.33	0.590	20.413	1.48	51.22	199.7	1599	0	102.5	17.6	0.798	1.0	-0.22	2.74	1.00	0.00	0.16	111115
36	"15:40:20"	1066.0	0	5.04	0.45	155	6.73	1.72	28.10	6	1.42	1	2.84	29.27	28.10	30.12	199.15	180.35	0.590	20.414	1.48	51.22	199.7	1599	0	102.5	17.6	0.798	1.0	-0.22	2.74	1.00	0.00	0.16	111115
37	"15:40:21"	1067.0	0	5.06	0.45	155	6.73	1.72	28.10	6	1.42	1	2.84	29.27	28.10	30.12	199.21	180.35	0.590	20.417	1.48	51.23	199.6	1599	0	102.5	17.6	0.798	1.0	-0.22	2.74	1.00	0.00	0.16	111115
38	"15:40:22"	1067.5	0	5.08	0.45	155	6.73	1.72	28.10	6	1.42	1	2.84	29.27	28.10	30.12	199.26	180.35	0.590	20.419	1.48	51.23	199.6	1599	0	102.5	17.6	0.798	1.0	-0.22	2.74	1.00	0.00	0.16	111115
39	"15:40:22"	1068.0	0	5.09	0.45	155	6.73	1.72	28.10	6	1.42	1	2.84	29.27	28.10	30.12	199.32	180.37	0.590	20.421	1.48	51.23	199.6	1599	0	102.5	17.6	0.798	1.0	-0.22	2.74	1.00	0.00	0.16	111115
40	"15:40:23"	1068.0	0	5.09	0.45	155	6.73	1.72	28.10	6	1.42	1	2.84	29.27	28.10	30.12	199.32	180.37	0.590	20.421	1.48	51.23	199.6	1599	0	102.5	17.6	0.798	1.0	-0.22	2.74	1.00	0.00	0.16	111115
41	"15:40:24"	1069.5	0	5.13	0.451	155	6.74	1.72	28.10	6	1.42	1	2.84	29.27	28.10	30.12	199.43	180.35	0.590	20.425	1.48	51.24	199.6	1599	0	102.5	17.6	0.798	1.0	-0.22	2.74	1.00	0.00	0.16	111115
42	"15:40:24"	1070.0	0	5.14	0.451	155	6.74	1.72	28.09	6	1.42	1	2.84	29.27	28.09	30.11	199.44	180.35	0.590	20.426	1.48	51.24	199.6	1599	0	102.5	17.6	0.798	1.0	-0.22	2.74	1.00	0.00	0.16	111115
43	"15:40:25"	1070.5	0	5.13	0.451	155	6.74	1.72	28.09	6	1.42	1	2.84	29.27	28.09	30.11	199.42	180.34	0.590	20.427	1.48	51.24	199.6	1599	0	102.5	17.6	0.798	1.0	-0.22	2.74	1.00	0.00	0.16	111115
44	"15:40:25"	1071.0	0	5.13	0.452	155	6.74	1.72	28.09	6	1.42	1	2.84	29.27	28.09	30.11	199.42	180.34	0.590	20.429	1.48	51.25	199.6	1599	0	102.5	17.6	0.798	1.0	-0.22	2.74	1.00	0.00	0.16	111115
45	"15:40:26"	1071.5	0	5.14	0.452	155	6.74	1.72	28.08	6	1.42	1	2.84	29.27	28.08	30.11	199.41	180.32	0.589	20.429	1.48	51.26	199.6	1599	0	102.5	17.6	0.798	1.0	-0.22	2.74	1.00	0.00	0.16	111115
"15:40:58 CO2 Mixer: CO2R -> 100 uml"
"15:43:52 Flow: Fixed -> 200 umol/s"
46	"15:44:39"	1325.5	0	1.33	0.486	86.8	6.92	1.66	28.06	6	1.42	1	2.84	29.27	28.06	30.12	100.13	94.17	0.591	20.963	1.48	52.57	199.6	1599	0	102.5	16.1	0.793	1.0	-0.22	2.74	1.00	0.00	0.16	111115
47	"15:44:40"	1326.0	0	1.32	0.486	86.8	6.92	1.66	28.06	6	1.42	1	2.84	29.27	28.06	30.12	100.12	94.18	0.591	20.964	1.48	52.58	199.6	1599	0	102.5	16.1	0.793	1.0	-0.22	2.74	1.00	0.00	0.16	111115
48	"15:44:40"	1326.5	0	1.31	0.486	86.9	6.92	1.66	28.06	6	1.42	1	2.84	29.27	28.06	30.12	100.09	94.18	0.591	20.965	1.48	52.58	199.6	1599	0	102.5	16.1	0.793	1.0	-0.22	2.74	1.00	0.00	0.16	111115
49	"15:44:41"	1327.5	0	1.32	0.486	86.8	6.92	1.66	28.06	6	1.42	1	2.84	29.27	28.06	30.12	100.08	94.17	0.592	20.966	1.48	52.58	199.6	1599	0	102.5	16.1	0.793	1.0	-0.22	2.74	1.00	0.00	0.16	111115
50	"15:44:41"	1328.0	0	1.32	0.486	86.8	6.92	1.66	28.06	6	1.42	1	2.84	29.27	28.06	30.12	100.08	94.16	0.591	20.966	1.48	52.58	199.6	1599	0	102.5	16.1	0.793	1.0	-0.22	2.74	1.00	0.00	0.16	111115
51	"15:44:42"	1328.5	0	1.31	0.487	86.9	6.92	1.66	28.05	6	1.42	1	2.84	29.27	28.05	30.12	100.08	94.18	0.591	20.968	1.48	52.59	199.6	1599	0	102.5	16.1	0.793	1.0	-0.22	2.74	1.00	0.00	0.16	111115
52	"15:44:43"	1329.0	0	1.32	0.487	86.8	6.92	1.66	28.05	6	1.42	1	2.84	29.27	28.05	30.12	100.06	94.15	0.591	20.968	1.48	52.58	199.6	1599	0	102.5	16.1	0.793	1.0	-0.22	2.74	1.00	0.00	0.16	111115
53	"15:44:43"	1329.5	0	1.31	0.487	86.8	6.93	1.66	28.05	6	1.42	1	2.84	29.27	28.05	30.12	100.06	94.15	0.591	20.970	1.48	52.59	199.6	1599	0	102.5	16.1	0.793	1.0	-0.22	2.74	1.00	0.00	0.16	111115
54	"15:44:44"	1330.0	0	1.32	0.487	86.8	6.93	1.66	28.05	6	1.42	1	2.84	29.27	28.05	30.12	100.09	94.15	0.591	20.972	1.48	52.59	199.6	1599	0	102.5	16.1	0.793	1.0	-0.22	2.74	1.00	0.00	0.16	111115
55	"15:44:44"	1330.5	0	1.33	0.487	86.8	6.93	1.66	28.05	6	1.42	1	2.84	29.27	28.05	30.12	100.10	94.15	0.591	20.973	1.48	52.60	199.7	1599	0	102.5	16.1	0.793	1.0	-0.22	2.74	1.00	0.00	0.16	111115
56	"15:44:45"	1331.5	0	1.32	0.488	86.8	6.93	1.66	28.05	6	1.42	1	2.84	29.27	28.05	30.12	100.09	94.16	0.591	20.976	1.48	52.61	199.6	1599	0	102.5	16.1	0.793	1.0	-0.22	2.74	1.00	0.00	0.16	111115
57	"15:44:45"	1332.0	0	1.33	0.488	86.8	6.93	1.66	28.05	6	1.42	1	2.84	29.27	28.05	30.12	100.11	94.17	0.590	20.976	1.48	52.61	199.6	1599	0	102.5	16.1	0.793	1.0	-0.22	2.74	1.00	0.00	0.16	111115
58	"15:44:46"	1332.5	0	1.33	0.488	86.8	6.93	1.66	28.05	6	1.42	1	2.84	29.27	28.05	30.12	100.11	94.15	0.590	20.977	1.48	52.61	199.6	1599	0	102.5	16.1	0.793	1.0	-0.22	2.74	1.00	0.00	0.16	111115
59	"15:44:47"	1333.0	0	1.34	0.488	86.8	6.93	1.66	28.05	6	1.42	1	2.84	29.27	28.05	30.12	100.14	94.16	0.590	20.979	1.48	52.61	199.7	1599	0	102.5	16.1	0.793	1.0	-0.22	2.74	1.00	0.00	0.16	111115
60	"15:44:47"	1333.5	0	1.33	0.488	86.8	6.93	1.66	28.05	6	1.42	1	2.84	29.27	28.05	30.11	100.13	94.17	0.590	20.980	1.48	52.62	199.6	1599	0	102.5	16.1	0.793	1.0	-0.22	2.74	1.00	0.00	0.16	111115
"15:45:22 CO2 Mixer: CO2R -> 50 uml"
"15:48:26 Flow: Fixed -> 200 umol/s"
61	"15:49:00"	1586.5	0	-0.716	0.52	53.6	7.08	1.6	28.01	6	1.42	1	2.84	29.27	28.01	30.12	51.37	52.41	0.593	21.415	1.49	53.72	199.7	1599	0	102.5	15.2	0.803	1.0	-0.22	2.74	1.00	0.00	0.16	111135
62	"15:49:00"	1587.0	0	-0.721	0.52	53.6	7.08	1.6	28.01	6	1.42	1	2.84	29.27	28.01	30.12	51.36	52.41	0.593	21.415	1.49	53.72	199.6	1599	0	102.5	15.2	0.803	1.0	-0.22	2.74	1.00	0.00	0.16	111135
63	"15:49:01"	1587.5	0	-0.727	0.52	53.7	7.08	1.6	28.01	6	1.42	1	2.84	29.27	28.01	30.11	51.35	52.42	0.593	21.416	1.49	53.73	199.7	1599	0	102.5	15.2	0.803	1.0	-0.22	2.74	1.00	0.00	0.16	111135
64	"15:49:02"	1588.5	0	-0.723	0.521	53.7	7.08	1.6	28.00	6	1.42	1	2.84	29.27	28.00	30.11	51.36	52.42	0.592	21.418	1.49	53.73	199.7	1599	0	102.5	15.2	0.803	1.0	-0.22	2.74	1.00	0.00	0.16	111135
65	"15:49:02"	1589.0	0	-0.722	0.521	53.7	7.08	1.6	28.00	6	1.42	1	2.84	29.27	28.00	30.11	51.37	52.43	0.592	21.421	1.49	53.74	199.6	1599	0	102.5	15.2	0.803	1.0	-0.22	2.74	1.00	0.00	0.16	111135
66	"15:49:05"	1591.0	0	-0.713	0.521	53.6	7.08	1.6	28.00	6	1.42	1	2.84	29.27	28.00	30.12	51.38	52.41	0.592	21.427	1.49	53.74	199.7	1599	0	102.5	15.2	0.803	1.0	-0.22	2.74	1.00	0.00	0.16	111135
67	"15:49:06"	1592.0	0	-0.711	0.521	53.6	7.09	1.6	28.01	6	1.42	1	2.84	29.27	28.01	30.12	51.39	52.41	0.593	21.428	1.49	53.75	199.7	1599	0	102.5	15.2	0.803	1.0	-0.22	2.74	1.00	0.00	0.16	111135
68	"15:49:06"	1592.5	0	-0.712	0.521	53.6	7.09	1.6	28.01	6	1.42	1	2.84	29.27	28.01	30.12	51.38	52.41	0.593	21.430	1.49	53.75	199.7	1599	0	102.5	15.2	0.803	1.0	-0.22	2.74	1.00	0.00	0.16	111135
69	"15:49:06"	1592.5	0	-0.712	0.521	53.6	7.09	1.6	28.01	6	1.42	1	2.84	29.27	28.01	30.12	51.38	52.41	0.593	21.430	1.49	53.75	199.7	1599	0	102.5	15.2	0.803	1.0	-0.22	2.74	1.00	0.00	0.16	111135
70	"15:49:07"	1593.5	0	-0.717	0.521	53.6	7.09	1.6	28.01	6	1.42	1	2.84	29.27	28.01	30.12	51.36	52.40	0.593	21.429	1.49	53.75	199.7	1599	0	102.5	15.2	0.803	1.0	-0.22	2.74	1.00	0.00	0.16	111135
71	"15:49:08"	1594.0	0	-0.716	0.522	53.6	7.09	1.6	28.00	6	1.42	1	2.84	29.27	28.00	30.12	51.35	52.39	0.593	21.429	1.49	53.75	199.7	1599	0	102.5	15.2	0.803	1.0	-0.22	2.74	1.00	0.00	0.16	111135
72	"15:49:08"	1594.0	0	-0.716	0.522	53.6	7.09	1.6	28.00	6	1.42	1	2.84	29.27	28.00	30.12	51.35	52.39	0.593	21.429	1.49	53.75	199.7	1599	0	102.5	15.2	0.803	1.0	-0.22	2.74	1.00	0.00	0.16	111135
73	"15:49:08"	1594.5	0	-0.714	0.522	53.6	7.09	1.6	28.00	6	1.42	1	2.84	29.27	28.00	30.12	51.36	52.39	0.593	21.429	1.49	53.75	199.7	1599	0	102.5	15.2	0.803	1.0	-0.22	2.74	1.00	0.00	0.16	111135
74	"15:49:09"	1595.0	0	-0.72	0.522	53.6	7.09	1.6	28.00	6	1.42	1	2.84	29.27	28.00	30.11	51.36	52.41	0.593	21.428	1.49	53.75	199.7	1599	0	102.5	15.2	0.803	1.0	-0.22	2.74	1.00	0.00	0.16	111135
75	"15:49:10"	1596.0	0	-0.714	0.522	53.6	7.08	1.6	27.99	6	1.42	1	2.84	29.27	27.99	30.11	51.37	52.40	0.593	21.429	1.49	53.75	199.7	1599	0	102.5	15.2	0.803	1.0	-0.22	2.74	1.00	0.00	0.16	111135
"15:49:24 CO2 Mixer: CO2R -> 400 uml"
"15:56:13 Flow: Fixed -> 200 umol/s"
76	"15:57:19"	2085.5	0	11.1	0.553	313	7.23	1.55	27.99	6	1.42	1	2.84	29.27	27.99	30.12	399.87	358.80	0.596	21.841	1.49	54.78	199.6	1599	0	102.5	20.6	0.816	1.0	-0.22	2.74	1.00	0.00	0.16	111115
77	"15:57:19"	2085.5	0	11.1	0.553	313	7.23	1.55	27.99	6	1.42	1	2.84	29.27	27.99	30.12	399.87	358.80	0.596	21.841	1.49	54.78	199.6	1599	0	102.5	20.6	0.816	1.0	-0.22	2.74	1.00	0.00	0.16	111115
78	"15:57:20"	2086.0	0	11.1	0.552	313	7.23	1.55	27.99	6	1.42	1	2.84	29.27	27.99	30.12	399.87	358.80	0.596	21.842	1.50	54.78	199.6	1599	0	102.5	20.6	0.816	1.0	-0.22	2.74	1.00	0.00	0.16	111115
79	"15:57:20"	2086.5	0	11.1	0.553	313	7.23	1.55	27.99	6	1.42	1	2.84	29.27	27.99	30.12	399.91	358.80	0.596	21.842	1.50	54.78	199.6	1599	0	102.5	20.6	0.816	1.0	-0.22	2.74	1.00	0.00	0.16	111115
80	"15:57:21"	2087.0	0	11.1	0.553	313	7.23	1.55	27.99	6	1.42	1	2.84	29.27	27.99	30.12	399.92	358.80	0.596	21.844	1.50	54.78	199.6	1599	0	102.5	20.6	0.816	1.0	-0.22	2.74	1.00	0.00	0.16	111115
81	"15:57:21"	2087.5	0	11.1	0.553	313	7.23	1.55	27.99	6	1.42	1	2.84	29.27	27.99	30.12	399.92	358.80	0.596	21.843	1.50	54.78	199.6	1599	0	102.5	20.6	0.816	1.0	-0.22	2.74	1.00	0.00	0.16	111115
82	"15:57:22"	2088.0	0	11.1	0.553	313	7.23	1.55	27.99	6	1.42	1	2.84	29.27	27.99	30.12	399.92	358.81	0.596	21.844	1.49	54.78	199.6	1599	0	102.5	20.6	0.816	1.0	-0.22	2.74	1.00	0.00	0.16	111115
83	"15:57:22"	2088.5	0	11.1	0.553	313	7.23	1.55	27.99	6	1.42	1	2.84	29.27	27.99	30.12	399.94	358.78	0.596	21.844	1.50	54.78	199.6	1599	0	102.5	20.6	0.816	1.0	-0.22	2.74	1.00	0.00	0.16	111115
84	"15:57:23"	2089.0	0	11.1	0.553	313	7.23	1.55	27.99	6	1.42	1	2.84	29.27	27.99	30.12	399.95	358.81	0.596	21.845	1.50	54.78	199.6	1599	0	102.5	20.6	0.816	1.0	-0.22	2.74	1.00	0.00	0.16	111115
85	"15:57:23"	2089.5	0	11.1	0.552	313	7.23	1.55	27.99	6	1.42	1	2.84	29.28	27.99	30.12	399.98	358.84	0.597	21.845	1.50	54.78	199.6	1599	0	102.5	20.6	0.816	1.0	-0.22	2.74	1.00	0.00	0.16	111115
86	"15:57:24"	2090.0	0	11.1	0.552	313	7.23	1.55	27.99	6	1.42	1	2.84	29.28	27.99	30.12	400.00	358.82	0.597	21.845	1.50	54.78	199.6	1599	0	102.5	20.6	0.816	1.0	-0.22	2.74	1.00	0.00	0.16	111115
87	"15:57:24"	2090.5	0	11.1	0.552	313	7.23	1.56	27.99	6	1.42	1	2.84	29.28	27.99	30.12	400.03	358.81	0.597	21.844	1.50	54.78	199.6	1599	0	102.5	20.6	0.816	1.0	-0.22	2.74	1.00	0.00	0.16	111115
88	"15:57:24"	2090.5	0	11.1	0.552	313	7.23	1.56	27.99	6	1.42	1	2.84	29.28	27.99	30.12	400.03	358.81	0.597	21.844	1.50	54.78	199.6	1599	0	102.5	20.6	0.816	1.0	-0.22	2.74	1.00	0.00	0.16	111115
89	"15:57:25"	2091.0	0	11.1	0.552	313	7.23	1.56	27.99	6	1.42	1	2.84	29.28	27.99	30.12	400.01	358.80	0.597	21.844	1.50	54.78	199.6	1599	0	102.5	20.6	0.816	1.0	-0.22	2.74	1.00	0.00	0.16	111115
90	"15:57:25"	2092.0	0	11.1	0.552	313	7.23	1.56	28.00	6	1.42	1	2.84	29.27	28.00	30.12	400.02	358.80	0.597	21.844	1.50	54.78	199.7	1599	0	102.5	20.6	0.816	1.0	-0.22	2.74	1.00	0.00	0.16	111115
"15:57:35 CO2 Mixer: CO2R -> 600 uml"
"16:02:13 Flow: Fixed -> 200 umol/s"
91	"16:03:01"	2427.5	0	14	0.545	486	7.21	1.57	28.04	6	1.42	1	2.84	29.28	28.04	30.12	600.59	546.64	0.601	21.802	1.51	54.66	199.6	1599	0	102.5	23	0.796	1.0	-0.22	2.74	1.00	0.00	0.16	111115
92	"16:03:01"	2427.5	0	14	0.545	486	7.21	1.57	28.04	6	1.42	1	2.84	29.28	28.04	30.12	600.59	546.64	0.601	21.802	1.51	54.66	199.6	1599	0	102.5	23	0.796	1.0	-0.22	2.74	1.00	0.00	0.16	111115
93	"16:03:02"	2428.0	0	14	0.545	486	7.21	1.57	28.04	6	1.42	1	2.84	29.28	28.04	30.12	600.54	546.65	0.601	21.800	1.51	54.65	199.6	1599	0	102.5	23	0.796	1.0	-0.22	2.74	1.00	0.00	0.16	111115
94	"16:03:02"	2428.5	0	14	0.545	486	7.21	1.57	28.04	6	1.42	1	2.84	29.28	28.04	30.11	600.51	546.64	0.601	21.799	1.51	54.65	199.7	1599	0	102.5	23	0.796	1.0	-0.22	2.74	1.00	0.00	0.16	111115
95	"16:03:03"	2429.0	0	14	0.545	486	7.21	1.57	28.04	6	1.42	1	2.84	29.28	28.04	30.11	600.54	546.65	0.601	21.800	1.51	54.65	199.7	1599	0	102.5	23	0.796	1.0	-0.22	2.74	1.00	0.00	0.16	111115
96	"16:03:04"	2430.0	0	14	0.545	486	7.21	1.57	28.03	6	1.42	1	2.84	29.28	28.03	30.11	600.57	546.66	0.602	21.800	1.51	54.65	199.7	1599	0	102.5	23	0.796	1.0	-0.22	2.74	1.00	0.00	0.16	111115
97	"16:03:04"	2430.5	0	14	0.545	486	7.21	1.57	28.03	6	1.42	1	2.84	29.28	28.03	30.12	600.60	546.67	0.602	21.799	1.51	54.64	199.7	1599	0	102.5	23	0.796	1.0	-0.22	2.74	1.00	0.00	0.16	111115
98	"16:03:05"	2431.0	0	14	0.545	486	7.21	1.57	28.03	6	1.42	1	2.84	29.28	28.03	30.12	600.64	546.66	0.602	21.800	1.51	54.65	199.7	1599	0	102.5	23	0.796	1.0	-0.22	2.74	1.00	0.00	0.16	111115
99	"16:03:05"	2431.5	0	14	0.546	486	7.21	1.57	28.03	6	1.42	1	2.84	29.28	28.03	30.12	600.68	546.65	0.602	21.801	1.51	54.65	199.7	1599	0	102.5	23	0.796	1.0	-0.22	2.74	1.00	0.00	0.16	111115
100	"16:03:06"	2432.0	0	14.1	0.546	486	7.21	1.57	28.03	6	1.42	1	2.84	29.28	28.03	30.12	600.72	546.66	0.602	21.802	1.51	54.65	199.7	1599	0	102.5	23	0.796	1.0	-0.22	2.74	1.00	0.00	0.16	111115
101	"16:03:06"	2432.5	0	14.1	0.546	486	7.21	1.57	28.03	6	1.42	1	2.84	29.28	28.03	30.12	600.74	546.65	0.602	21.802	1.51	54.65	199.7	1599	0	102.5	23	0.796	1.0	-0.22	2.74	1.00	0.00	0.16	111115
102	"16:03:07"	2433.0	0	14.1	0.545	486	7.21	1.57	28.03	6	1.42	1	2.84	29.28	28.03	30.12	600.72	546.64	0.602	21.800	1.51	54.65	199.7	1599	0	102.5	23	0.796	1.0	-0.22	2.74	1.00	0.00	0.16	111115
103	"16:03:07"	2433.5	0	14.1	0.545	486	7.21	1.57	28.03	6	1.42	1	2.84	29.28	28.03	30.12	600.70	546.62	0.602	21.799	1.51	54.65	199.7	1599	0	102.5	23	0.796	1.0	-0.22	2.74	1.00	0.00	0.16	111115
104	"16:03:08"	2434.0	0	14.1	0.545	486	7.21	1.57	28.03	6	1.42	1	2.84	29.28	28.03	30.12	600.69	546.61	0.601	21.799	1.51	54.65	199.7	1599	0	102.5	23	0.796	1.0	-0.22	2.74	1.00	0.00	0.16	111115
105	"16:03:08"	2434.5	0	14.1	0.545	486	7.21	1.57	28.03	6	1.42	1	2.84	29.28	28.03	30.12	600.68	546.61	0.601	21.799	1.51	54.65	199.7	1599	0	102.5	23	0.796	1.0	-0.22	2.74	1.00	0.00	0.16	111115
"16:03:19 CO2 Mixer: CO2R -> 900 uml"
"16:07:47 Flow: Fixed -> 200 umol/s"
106	"16:08:05"	2732.0	0	15.8	0.514	759	7.1	1.62	28.13	6	1.42	1	2.84	29.28	28.13	30.11	901.11	835.84	0.607	21.481	1.52	53.85	199.6	1601	0	102.5	25.3	0.822	1.0	-0.22	2.74	1.00	0.00	0.16	111115
107	"16:08:06"	2732.5	0	15.8	0.514	759	7.1	1.62	28.13	6	1.42	1	2.84	29.28	28.13	30.11	901.10	835.83	0.607	21.481	1.52	53.84	199.6	1601	0	102.5	25.3	0.822	1.0	-0.22	2.74	1.00	0.00	0.16	111115
108	"16:08:06"	2733.0	0	15.7	0.514	759	7.09	1.62	28.13	6	1.42	1	2.84	29.28	28.13	30.11	901.04	835.89	0.607	21.480	1.52	53.84	199.6	1601	0	102.5	25.3	0.822	1.0	-0.22	2.74	1.00	0.00	0.16	111115
109	"16:08:07"	2733.5	0	15.7	0.514	759	7.1	1.62	28.12	6	1.42	1	2.84	29.28	28.12	30.11	901.03	835.87	0.607	21.479	1.52	53.84	199.6	1601	0	102.5	25.3	0.822	1.0	-0.22	2.74	1.00	0.00	0.16	111115
110	"16:08:07"	2734.0	0	15.7	0.514	759	7.1	1.62	28.12	6	1.42	1	2.84	29.28	28.12	30.11	901.00	835.87	0.607	21.476	1.52	53.83	199.6	1601	0	102.5	25.3	0.822	1.0	-0.22	2.74	1.00	0.00	0.16	111115
111	"16:08:08"	2734.5	0	15.7	0.514	759	7.1	1.62	28.12	6	1.42	1	2.84	29.28	28.12	30.11	900.98	835.90	0.607	21.474	1.52	53.83	199.6	1601	0	102.5	25.3	0.822	1.0	-0.22	2.74	1.00	0.00	0.16	111115
112	"16:08:08"	2735.0	0	15.7	0.514	759	7.1	1.62	28.12	6	1.42	1	2.84	29.28	28.12	30.11	900.98	835.89	0.607	21.474	1.52	53.83	199.6	1601	0	102.5	25.3	0.822	1.0	-0.22	2.74	1.00	0.00	0.16	111115
113	"16:08:09"	2735.5	0	15.7	0.514	759	7.09	1.62	28.12	6	1.42	1	2.84	29.28	28.12	30.11	901.04	835.90	0.607	21.472	1.52	53.82	199.6	1601	0	102.5	25.3	0.822	1.0	-0.22	2.74	1.00	0.00	0.16	111115
114	"16:08:10"	2736.0	0	15.8	0.514	759	7.09	1.62	28.12	6	1.42	1	2.84	29.28	28.12	30.11	901.07	835.87	0.607	21.471	1.52	53.82	199.6	1601	0	102.5	25.3	0.822	1.0	-0.22	2.74	1.00	0.00	0.16	111115
115	"16:08:10"	2736.5	0	15.8	0.514	759	7.1	1.62	28.12	6	1.42	1	2.84	29.28	28.12	30.11	901.13	835.87	0.607	21.470	1.52	53.81	199.7	1601	0	102.5	25.3	0.822	1.0	-0.22	2.74	1.00	0.00	0.16	111115
116	"16:08:11"	2737.0	0	15.8	0.514	759	7.1	1.62	28.12	6	1.42	1	2.84	29.28	28.12	30.11	901.23	835.87	0.607	21.468	1.52	53.81	199.7	1601	0	102.5	25.3	0.822	1.0	-0.22	2.74	1.00	0.00	0.16	111115
117	"16:08:11"	2737.5	0	15.8	0.514	759	7.09	1.62	28.12	6	1.42	1	2.84	29.28	28.12	30.12	901.26	835.89	0.606	21.467	1.52	53.80	199.7	1601	0	102.5	25.3	0.822	1.0	-0.22	2.74	1.00	0.00	0.16	111115
118	"16:08:12"	2738.0	0	15.8	0.514	759	7.09	1.62	28.12	6	1.42	1	2.84	29.29	28.12	30.12	901.29	835.90	0.606	21.466	1.52	53.80	199.7	1601	0	102.5	25.3	0.822	1.0	-0.22	2.74	1.00	0.00	0.16	111115
119	"16:08:12"	2738.5	0	15.8	0.514	759	7.09	1.62	28.12	6	1.42	1	2.84	29.29	28.12	30.12	901.32	835.89	0.606	21.464	1.52	53.79	199.7	1601	0	102.5	25.3	0.822	1.0	-0.22	2.74	1.00	0.00	0.16	111115
120	"16:08:13"	2739.5	0	15.8	0.514	759	7.09	1.62	28.12	6	1.42	1	2.84	29.29	28.12	30.12	901.25	835.96	0.606	21.461	1.52	53.78	199.7	1601	0	102.5	25.3	0.822	1.0	-0.22	2.74	1.00	0.00	0.16	111115
"16:08:47 CO2 Mixer: CO2R -> 1200 uml"
"16:13:53 Flow: Fixed -> 200 umol/s"
121	"16:14:39"	3126.0	0	16.2	0.446	1.03E+03	6.77	1.75	28.27	6	1.42	1	2.84	29.29	28.27	30.12	1200.59	1128.82	0.611	20.553	1.53	51.50	199.6	1600	0	102.5	26.2	0.819	1.0	-0.22	2.74	1.00	0.00	0.16	111115
122	"16:14:40"	3126.5	0	16.2	0.446	1.03E+03	6.77	1.75	28.27	6	1.42	1	2.84	29.29	28.27	30.12	1200.55	1128.79	0.611	20.551	1.53	51.50	199.6	1600	0	102.5	26.2	0.819	1.0	-0.22	2.74	1.00	0.00	0.16	111115
123	"16:14:40"	3127.0	0	16.2	0.446	1.03E+03	6.77	1.75	28.26	6	1.42	1	2.84	29.29	28.26	30.11	1200.56	1128.80	0.611	20.549	1.53	51.49	199.6	1600	0	102.5	26.2	0.819	1.0	-0.22	2.74	1.00	0.00	0.16	111115
124	"16:14:41"	3127.0	0	16.2	0.446	1.03E+03	6.77	1.75	28.26	6	1.42	1	2.84	29.29	28.26	30.11	1200.56	1128.80	0.611	20.549	1.53	51.49	199.6	1600	0	102.5	26.2	0.819	1.0	-0.22	2.74	1.00	0.00	0.16	111115
125	"16:14:41"	3127.5	0	16.2	0.446	1.03E+03	6.77	1.75	28.26	6	1.42	1	2.84	29.29	28.26	30.11	1200.56	1128.80	0.611	20.548	1.53	51.49	199.7	1600	0	102.5	26.2	0.819	1.0	-0.22	2.74	1.00	0.00	0.16	111115
126	"16:14:42"	3128.0	0	16.2	0.446	1.03E+03	6.77	1.75	28.26	6	1.42	1	2.84	29.29	28.26	30.11	1200.50	1128.74	0.611	20.547	1.53	51.49	199.7	1600	0	102.5	26.2	0.819	1.0	-0.22	2.74	1.00	0.00	0.16	111115
127	"16:14:42"	3128.5	0	16.2	0.447	1.03E+03	6.77	1.75	28.26	6	1.42	1	2.84	29.29	28.26	30.11	1200.50	1128.73	0.611	20.546	1.53	51.49	199.7	1600	0	102.5	26.2	0.819	1.0	-0.22	2.74	1.00	0.00	0.16	111115
128	"16:14:43"	3129.0	0	16.3	0.446	1.03E+03	6.77	1.75	28.25	6	1.42	1	2.84	29.29	28.25	30.11	1200.54	1128.70	0.611	20.543	1.53	51.48	199.7	1600	0	102.5	26.2	0.819	1.0	-0.22	2.74	1.00	0.00	0.16	111115
129	"16:14:43"	3129.5	0	16.3	0.446	1.03E+03	6.77	1.75	28.25	6	1.42	1	2.84	29.29	28.25	30.11	1200.55	1128.67	0.612	20.541	1.53	51.48	199.7	1600	0	102.5	26.2	0.819	1.0	-0.22	2.74	1.00	0.00	0.16	111115
130	"16:14:44"	3130.0	0	16.3	0.446	1.03E+03	6.77	1.75	28.25	6	1.42	1	2.84	29.29	28.25	30.12	1200.53	1128.63	0.611	20.537	1.53	51.47	199.6	1600	0	102.5	26.2	0.819	1.0	-0.22	2.74	1.00	0.00	0.16	111115
131	"16:14:44"	3130.5	0	16.3	0.446	1.03E+03	6.77	1.75	28.25	6	1.42	1	2.84	29.29	28.25	30.12	1200.59	1128.71	0.611	20.536	1.53	51.46	199.6	1600	0	102.5	26.2	0.819	1.0	-0.22	2.74	1.00	0.00	0.16	111115
132	"16:14:45"	3131.0	0	16.3	0.446	1.03E+03	6.77	1.75	28.25	6	1.42	1	2.84	29.29	28.25	30.12	1200.58	1128.69	0.611	20.532	1.53	51.45	199.6	1600	0	102.5	26.2	0.819	1.0	-0.22	2.74	1.00	0.00	0.16	111115
133	"16:14:45"	3131.5	0	16.3	0.446	1.03E+03	6.77	1.75	28.25	6	1.42	1	2.84	29.29	28.25	30.12	1200.57	1128.75	0.611	20.530	1.53	51.44	199.6	1600	0	102.5	26.2	0.819	1.0	-0.22	2.74	1.00	0.00	0.16	111115
134	"16:14:46"	3132.0	0	16.3	0.446	1.03E+03	6.77	1.75	28.25	6	1.42	1	2.84	29.29	28.25	30.12	1200.64	1128.78	0.611	20.529	1.53	51.44	199.6	1600	0	102.5	26.2	0.819	1.0	-0.22	2.74	1.00	0.00	0.16	111115
135	"16:14:46"	3132.5	0	16.3	0.446	1.03E+03	6.77	1.75	28.25	6	1.42	1	2.84	29.29	28.25	30.12	1200.68	1128.78	0.610	20.527	1.53	51.44	199.6	1600	0	102.5	26.2	0.819	1.0	-0.22	2.74	1.00	0.00	0.16	111115
"16:14:55 CO2 Mixer: CO2R -> 1500 uml"
"16:24:52 Flow: Fixed -> 200 umol/s"
136	"16:25:02"	3748.0	0	16.6	0.331	1.29E+03	5.99	2.01	28.43	6	1.42	1	2.84	29.29	28.43	30.11	1500.22	1424.56	0.624	18.306	1.56	45.87	199.6	1600	0	102.5	26.3	0.824	0.7	-0.22	2.74	1.00	0.00	0.16	111115
137	"16:25:03"	3748.5	0	16.6	0.331	1.29E+03	5.99	2.01	28.43	6	1.42	1	2.84	29.29	28.43	30.12	1500.24	1424.59	0.623	18.304	1.56	45.86	199.7	1600	0	102.5	26.3	0.824	0.7	-0.22	2.74	1.00	0.00	0.16	111115
138	"16:25:03"	3749.0	0	16.6	0.331	1.29E+03	5.99	2.02	28.43	6	1.42	1	2.84	29.29	28.43	30.12	1500.19	1424.50	0.623	18.301	1.56	45.85	199.6	1600	0	102.5	26.3	0.824	0.7	-0.22	2.74	1.00	0.00	0.16	111115
139	"16:25:04"	3749.5	0	16.7	0.331	1.29E+03	5.99	2.02	28.43	6	1.42	1	2.84	29.29	28.43	30.12	1500.23	1424.53	0.622	18.299	1.56	45.85	199.6	1600	0	102.5	26.3	0.824	0.7	-0.22	2.74	1.00	0.00	0.16	111115
140	"16:25:04"	3750.0	0	16.7	0.33	1.29E+03	5.99	2.02	28.43	6	1.42	1	2.84	29.29	28.43	30.12	1500.23	1424.53	0.622	18.297	1.56	45.84	199.6	1600	0	102.5	26.3	0.824	1.0	-0.22	2.74	1.00	0.00	0.16	111115
141	"16:25:05"	3750.5	0	16.7	0.33	1.29E+03	5.99	2.02	28.43	6	1.42	1	2.84	29.29	28.43	30.12	1500.26	1424.49	0.622	18.293	1.56	45.83	199.6	1600	0	102.5	26.3	0.824	1.0	-0.22	2.74	1.00	0.00	0.16	111115
142	"16:25:06"	3751.5	0	16.7	0.33	1.29E+03	5.99	2.02	28.43	6	1.42	1	2.84	29.29	28.43	30.12	1500.32	1424.55	0.621	18.289	1.55	45.82	199.6	1600	0	102.5	26.3	0.824	1.0	-0.22	2.74	1.00	0.00	0.16	111115
143	"16:25:06"	3752.0	0	16.7	0.33	1.29E+03	5.99	2.02	28.42	6	1.42	1	2.84	29.29	28.42	30.12	1500.32	1424.57	0.620	18.287	1.55	45.82	199.7	1600	0	102.5	26.3	0.824	1.0	-0.22	2.74	1.00	0.00	0.16	111115
144	"16:25:07"	3752.5	0	16.7	0.33	1.29E+03	5.99	2.02	28.43	6	1.42	1	2.84	29.29	28.43	30.12	1500.31	1424.52	0.620	18.284	1.55	45.81	199.6	1600	0	102.5	26.3	0.824	1.0	-0.22	2.74	1.00	0.00	0.16	111115
145	"16:25:07"	3753.0	0	16.7	0.33	1.29E+03	5.99	2.02	28.43	6	1.42	1	2.84	29.29	28.43	30.12	1500.34	1424.62	0.621	18.282	1.55	45.80	199.6	1600	0	102.5	26.3	0.824	1.0	-0.22	2.74	1.00	0.00	0.16	111115
146	"16:25:08"	3754.0	0	16.7	0.33	1.29E+03	5.98	2.02	28.43	6	1.42	1	2.84	29.29	28.43	30.12	1500.30	1424.62	0.621	18.278	1.56	45.79	199.7	1600	0	102.5	26.3	0.824	1.0	-0.22	2.74	1.00	0.00	0.16	111115
147	"16:25:09"	3754.5	0	16.7	0.33	1.29E+03	5.98	2.02	28.43	6	1.42	1	2.84	29.29	28.43	30.12	1500.28	1424.61	0.621	18.276	1.56	45.78	199.6	1600	0	102.5	26.3	0.824	1.0	-0.22	2.74	1.00	0.00	0.16	111115
148	"16:25:09"	3755.0	0	16.6	0.33	1.29E+03	5.98	2.02	28.43	6	1.42	1	2.84	29.30	28.43	30.12	1500.31	1424.67	0.621	18.274	1.56	45.78	199.6	1600	0	102.5	26.3	0.824	1.0	-0.22	2.74	1.00	0.00	0.16	111115
149	"16:25:10"	3756.0	0	16.6	0.33	1.29E+03	5.98	2.02	28.42	6	1.42	1	2.84	29.30	28.42	30.12	1500.35	1424.71	0.621	18.270	1.56	45.77	199.6	1600	0	102.5	26.3	0.824	0.7	-0.22	2.74	1.00	0.00	0.16	111115
150	"16:25:11"	3756.5	0	16.6	0.33	1.29E+03	5.98	2.02	28.42	6	1.42	1	2.84	29.29	28.42	30.12	1500.32	1424.70	0.621	18.268	1.56	45.76	199.7	1600	0	102.5	26.3	0.824	0.7	-0.22	2.74	1.00	0.00	0.16	111115
"16:25:34 CO2 Mixer: CO2R -> 1800 uml"
"16:30:31 Flow: Fixed -> 200 umol/s"
151	"16:30:59"	4105.0	0	16.9	0.279	1.56E+03	5.53	2.17	28.49	6	1.42	1	2.84	29.30	28.49	30.11	1799.53	1720.25	0.624	16.950	1.56	42.46	199.7	1600	0	102.5	25.9	0.817	1.0	-0.22	2.74	1.00	0.00	0.16	111115
152	"16:30:59"	4105.5	0	16.9	0.279	1.56E+03	5.53	2.17	28.49	6	1.42	1	2.84	29.30	28.49	30.11	1799.58	1720.24	0.624	16.948	1.56	42.46	199.7	1600	0	102.5	25.9	0.817	1.0	-0.22	2.74	1.00	0.00	0.16	111115
153	"16:31:00"	4106.0	0	16.9	0.279	1.56E+03	5.53	2.17	28.49	6	1.42	1	2.84	29.30	28.49	30.12	1799.59	1720.33	0.624	16.947	1.56	42.45	199.7	1600	0	102.5	25.9	0.817	1.0	-0.22	2.74	1.00	0.00	0.16	111115
154	"16:31:00"	4106.0	0	16.9	0.279	1.56E+03	5.53	2.17	28.49	6	1.42	1	2.84	29.30	28.49	30.12	1799.59	1720.33	0.624	16.947	1.56	42.45	199.7	1600	0	102.5	25.9	0.817	1.0	-0.22	2.74	1.00	0.00	0.16	111115
155	"16:31:01"	4106.5	0	16.9	0.279	1.56E+03	5.52	2.17	28.49	6	1.42	1	2.84	29.30	28.49	30.11	1799.63	1720.40	0.624	16.946	1.56	42.45	199.7	1600	0	102.5	25.9	0.817	1.0	-0.22	2.74	1.00	0.00	0.16	111115
156	"16:31:01"	4107.0	0	16.9	0.279	1.56E+03	5.52	2.17	28.49	6	1.42	1	2.84	29.30	28.49	30.12	1799.60	1720.34	0.624	16.944	1.56	42.45	199.6	1600	0	102.5	25.9	0.817	1.0	-0.22	2.74	1.00	0.00	0.16	111115
157	"16:31:02"	4107.5	0	16.9	0.279	1.56E+03	5.52	2.17	28.49	6	1.42	1	2.84	29.30	28.49	30.12	1799.61	1720.34	0.624	16.943	1.56	42.44	199.6	1600	0	102.5	25.9	0.817	1.0	-0.22	2.74	1.00	0.00	0.16	111115
158	"16:31:02"	4108.0	0	16.9	0.279	1.56E+03	5.52	2.17	28.48	6	1.42	1	2.84	29.30	28.48	30.12	1799.59	1720.37	0.625	16.941	1.56	42.44	199.6	1600	0	102.5	25.9	0.817	1.0	-0.22	2.74	1.00	0.00	0.16	111115
159	"16:31:03"	4108.5	0	16.9	0.279	1.56E+03	5.52	2.17	28.48	6	1.42	1	2.84	29.30	28.48	30.12	1799.64	1720.42	0.625	16.939	1.56	42.43	199.6	1600	0	102.5	25.9	0.817	1.0	-0.22	2.74	1.00	0.00	0.16	111115
160	"16:31:03"	4109.0	0	16.8	0.279	1.56E+03	5.52	2.17	28.48	6	1.42	1	2.84	29.30	28.48	30.11	1799.60	1720.46	0.625	16.936	1.56	42.43	199.6	1600	0	102.5	25.9	0.817	1.0	-0.22	2.74	1.00	0.00	0.16	111115
161	"16:31:04"	4109.5	0	16.8	0.279	1.56E+03	5.52	2.17	28.48	6	1.42	1	2.84	29.29	28.48	30.11	1799.52	1720.41	0.625	16.933	1.56	42.42	199.6	1600	0	102.5	25.9	0.817	1.0	-0.22	2.74	1.00	0.00	0.16	111115
162	"16:31:04"	4110.0	0	16.8	0.279	1.56E+03	5.52	2.17	28.47	6	1.42	1	2.84	29.30	28.47	30.12	1799.47	1720.32	0.624	16.929	1.56	42.41	199.7	1600	0	102.5	25.9	0.817	1.0	-0.22	2.74	1.00	0.00	0.16	111115
163	"16:31:05"	4110.5	0	16.8	0.279	1.56E+03	5.52	2.17	28.47	6	1.42	1	2.84	29.30	28.47	30.11	1799.48	1720.35	0.624	16.928	1.56	42.41	199.7	1600	0	102.5	25.9	0.817	1.0	-0.22	2.74	1.00	0.00	0.16	111115
164	"16:31:05"	4111.0	0	16.8	0.279	1.56E+03	5.52	2.17	28.47	6	1.42	1	2.84	29.30	28.47	30.11	1799.45	1720.38	0.624	16.925	1.56	42.40	199.7	1600	0	102.5	25.9	0.817	1.0	-0.22	2.74	1.00	0.00	0.16	111115
165	"16:31:06"	4111.5	0	16.8	0.279	1.56E+03	5.52	2.17	28.47	6	1.42	1	2.84	29.30	28.47	30.11	1799.39	1720.38	0.624	16.923	1.56	42.40	199.7	1600	0	102.5	25.9	0.817	1.0	-0.22	2.74	1.00	0.00	0.16	111115
"16:31:12 CO2 Mixer: CO2R -> 400 uml"
"16:31:22 Coolers: Tblock -> 40.00 C"
"16:49:14 Flow: Fixed -> 200 umol/s"
