"OPEN 6.2.5"
"Fri Jan 21 2022 18:13:52"
<open><version>"6.2.5"</version></open>
<open><configfile>"/User/Configs/UserPrefs/2x3 LED.xml"</configfile></open>
<open><light><source>"6400-02 or -02B LED Source"</source><par_in>1<sensor>"SI-3989"<cal>-0.92<actinity>1.00</actinity><transm>1.00</transm></cal></sensor><transm>1</transm></par_in><par_out>1<sensor>"Q50937"<cal>6.45</cal></sensor></par_out></light></open>
<open><comps><file>"/User/Configs/Comps/StdComps_6.2"<header>""</header><extras></extras></file><energybal>no<f_parIn>1</f_parIn><f_parOut>0</f_parOut><alphaK>0.16</alphaK></energybal><bc_total>2.840<stomatal_ratio>1</stomatal_ratio><bc_oneside>1.420<type>2</type><table>"/Sys/Lib/StdBLCTable"</table><area>6</area><slope>-0.219565</slope><offset>2.73739</offset><fan>5</fan></bc_oneside></bc_total></comps></open>
<open><prompts><onlog>off</onlog><items>"Default (none)"</items></prompts></open>
<open><constants><oxygen>21 %</oxygen><bb_vapor>1.5</bb_vapor><bb_oxy>0.9</bb_oxy></constants></open>
<open><stability><items>"Std Stability"<items[1]><id>-2</id><size>15</size><pcv><onoff>0</onoff><value>1</value></pcv><std><onoff>0</onoff><value>1</value></std><slp><onoff>1</onoff><value>1</value></slp></items[1]><items[2]><id>-5</id><size>15</size><pcv><onoff>0</onoff><value>1</value></pcv><std><onoff>0</onoff><value>1</value></std><slp><onoff>1</onoff><value>1</value></slp></items[2]><items[3]><id>-7</id><size>15</size><pcv><onoff>0</onoff><value>1</value></pcv><std><onoff>0</onoff><value>1</value></std><slp><onoff>1</onoff><value>1</value></slp></items[3]></items></stability></open>
<open><log><format>"StdLogFmt_6.0"<items>{ -35 -21 -36 -76 30 23 36 21 25 221 -33 111 -34 11 -9 -10 -8 -1 -2 -4 -5 -14 -15 -7 -12 -13 -11 -65 -66 -72 -18 -19 -77 -78 -79 -23  }<hdr>{  }</hdr></items></format><options><beep>on</beep><hdr>normal</hdr><rem>normal</rem><stab>no</stab><stats>no<mean>no</mean><file>no</file><period>15</period></stats><excel>yes</excel><controls>yes</controls><comm>no</comm></options><datafile>"/User/jcg_rasa_aci_50c"</datafile><button><action>"Normal Log"<code>" LogOneObsManual "</code></action></button><autoprog>"/User/Configs/AutoProgs/AutoLog2"<active>no</active></autoprog></log></open>
<open><a2d><avgtime>4.0 secs</avgtime><userchans><ch20>"Off"</ch20><ch21>"Off"</ch21><ch22>"Off"</ch22><ch23>"Off"</ch23></userchans></a2d></open>
<open><matching><type>0</type><disp>'a'</disp><settings><CO2Limit>10.0</CO2Limit><H2OLimit>1.0</H2OLimit><MaxAutoTime>60</MaxAutoTime></settings></matching></open>
<li6400><factory><unit>"PSC-4076"</unit><serviced>"31 Mar 2014"</serviced><fuseaware>0</fuseaware><co2mixer>yes</co2mixer><co2><coeffs>{ 0 0.215349 2.57678e-05 1.9763e-08 -3.21542e-12 3.03737e-16  }</coeffs><dvdt>-2.8</dvdt><xs>{ 0.0005 0.0003  }</xs></co2><h2o><coeffs>{ 0 0.00579256 2.19235e-06 9.06457e-12  }</coeffs><dvdt>-1</dvdt><xs>{ -0.0026 0.0003  }</xs></h2o><flow>{ 0 0.3607  }</flow><press>{ 88.32 0.00555  }</press></factory></li6400>
<li6400><user><flow_zero>-1560.7</flow_zero><irga_zero><co2>-312.6 -351.6<at>29.8235</at></co2><h2o>-156.6 77.4<at>31.0407</at></h2o></irga_zero><irga_span><co2>{ 0.988788 0.993555  }</co2><h2o>{ 0.996032 0.996401  }</h2o></irga_span><irga_match><co2>{ -1.32399 27.2923  }</co2><h2o>{ -0.104692 0.809187  }</h2o></irga_match><co2_mixer><pump_mv>4500</pump_mv><ppm>{ 2185.36 1052.7 419.509 255.894 118.056 69.8071 46.8351 46.4167  }</ppm><mv>{ 5000 3000 1500 1000 500 300 200 100  }</mv></co2_mixer><parin_offset>-0.0908794</parin_offset><led_cal><unit>"SI-3989"</unit><mv>{ 10 25 50 100 1000 2000 3000 4000 5000  }</mv><qntm>{ 5.41353 17.8999 38.6356 86.3019 941.421 1838.37 2690.41 3508.95 4284.65  }</qntm></led_cal><lcf_cal><unit>"unknown"</unit><red><mv>{ 50 100 500 1000 1500 5000  }</mv><qntm>{ 50 100 500 1000 2000 5000  }</qntm></red><blue><mv>{ 100 200 500 1000 2000 5000  }</mv><qntm>{ 10 20 50 100 200 500  }</qntm></blue></lcf_cal></user></li6400>
"18:13:54 "
$STARTOFDATA$
"Obs"	"HHMMSS"	"FTime"	"EBal?"	"Photo"	"Cond"	"Ci"	"Trmmol"	"VpdL"	"CTleaf"	"Area"	"BLC_1"	"StmRat"	"BLCond"	"Tair"	"Tleaf"	"TBlk"	"CO2R"	"CO2S"	"H2OR"	"H2OS"	"RH_R"	"RH_S"	"Flow"	"PARi"	"PARo"	"Press"	"CsMch"	"HsMch"	"StableF"	"BLCslope"	"BLCoffst"	"f_parin"	"f_parout"	"alphaK"	"Status"
"18:14:47 Flow: Fixed -> 200 umol/s"
1	"18:15:12"	87.0	0	9.02	0.318	295	10	3.41	39.03	6	1.42	1	2.84	45.32	39.03	48.06	400.94	362.89	6.311	35.422	6.60	37.05	199.7	1600	0	102.5	22.5	0.66	1.0	-0.22	2.74	1.00	0.00	0.16	111115
2	"18:15:12"	87.5	0	9	0.318	295	10	3.41	39.04	6	1.42	1	2.84	45.32	39.04	48.06	400.90	362.91	6.310	35.428	6.60	37.06	199.7	1600	0	102.5	22.5	0.66	1.0	-0.22	2.74	1.00	0.00	0.16	111115
3	"18:15:13"	88.0	0	8.98	0.318	295	10	3.41	39.04	6	1.42	1	2.84	45.32	39.04	48.06	400.84	362.90	6.310	35.431	6.60	37.06	199.7	1600	0	102.5	22.5	0.66	1.0	-0.22	2.74	1.00	0.00	0.16	111115
4	"18:15:14"	88.5	0	8.96	0.319	295	10	3.41	39.04	6	1.42	1	2.84	45.32	39.04	48.06	400.82	362.92	6.311	35.438	6.60	37.07	199.7	1600	0	102.5	22.5	0.66	1.0	-0.22	2.74	1.00	0.00	0.16	111115
5	"18:15:14"	89.0	0	8.95	0.319	295	10.1	3.41	39.04	6	1.42	1	2.84	45.32	39.04	48.06	400.77	362.91	6.311	35.440	6.60	37.07	199.7	1600	0	102.5	22.5	0.66	1.0	-0.22	2.74	1.00	0.00	0.16	111115
6	"18:15:15"	89.5	0	8.94	0.319	296	10.1	3.41	39.03	6	1.42	1	2.84	45.32	39.03	48.06	400.72	362.91	6.311	35.444	6.60	37.07	199.7	1600	0	102.5	22.5	0.66	1.0	-0.22	2.74	1.00	0.00	0.16	111115
7	"18:15:15"	90.5	0	8.91	0.32	296	10.1	3.4	39.02	6	1.42	1	2.84	45.32	39.02	48.06	400.65	362.90	6.310	35.451	6.60	37.08	199.7	1600	0	102.5	22.5	0.66	1.0	-0.22	2.74	1.00	0.00	0.16	111115
8	"18:15:16"	91.0	0	8.92	0.32	296	10.1	3.4	39.02	6	1.42	1	2.84	45.32	39.02	48.06	400.68	362.91	6.310	35.455	6.60	37.08	199.7	1600	0	102.5	22.5	0.66	1.0	-0.22	2.74	1.00	0.00	0.16	111115
9	"18:15:16"	91.5	0	8.94	0.32	296	10.1	3.4	39.02	6	1.42	1	2.84	45.32	39.02	48.06	400.73	362.90	6.310	35.459	6.60	37.09	199.7	1600	0	102.5	22.5	0.66	1.0	-0.22	2.74	1.00	0.00	0.16	111115
10	"18:15:17"	92.0	0	8.96	0.32	296	10.1	3.4	39.02	6	1.42	1	2.84	45.32	39.02	48.06	400.80	362.90	6.310	35.461	6.60	37.09	199.7	1600	0	102.5	22.5	0.66	1.0	-0.22	2.74	1.00	0.00	0.16	111115
11	"18:15:17"	92.5	0	9	0.32	295	10.1	3.4	39.01	6	1.42	1	2.84	45.32	39.01	48.05	400.90	362.89	6.309	35.464	6.60	37.09	199.8	1600	0	102.5	22.5	0.66	1.0	-0.22	2.74	1.00	0.00	0.16	111115
12	"18:15:18"	93.0	0	9.03	0.321	295	10.1	3.39	39.00	6	1.42	1	2.84	45.32	39.00	48.06	401.00	362.89	6.310	35.469	6.60	37.09	199.8	1600	0	102.5	22.5	0.66	1.0	-0.22	2.74	1.00	0.00	0.16	111115
13	"18:15:19"	93.5	0	9.06	0.321	295	10.1	3.39	38.99	6	1.42	1	2.84	45.32	38.99	48.06	401.11	362.91	6.310	35.473	6.60	37.10	199.8	1600	0	102.5	22.5	0.66	1.0	-0.22	2.74	1.00	0.00	0.16	111115
14	"18:15:19"	94.0	0	9.08	0.322	295	10.1	3.39	38.98	6	1.42	1	2.84	45.32	38.98	48.06	401.17	362.93	6.310	35.474	6.60	37.10	199.8	1600	0	102.5	22.5	0.66	1.0	-0.22	2.74	1.00	0.00	0.16	111115
15	"18:15:20"	94.5	0	9.1	0.322	295	10.1	3.38	38.97	6	1.42	1	2.84	45.32	38.97	48.06	401.20	362.90	6.311	35.477	6.60	37.10	199.7	1600	0	102.5	22.5	0.66	1.0	-0.22	2.74	1.00	0.00	0.16	111115
"18:16:02 CO2 Mixer: CO2R -> 300 uml"
"18:19:38 Flow: Fixed -> 200 umol/s"
16	"18:20:04"	378.0	0	6.38	0.362	227	10.5	3.17	38.72	6	1.42	1	2.84	45.27	38.72	48.06	299.10	271.38	6.289	36.610	6.59	38.38	199.7	1601	0	102.5	21.1	0.634	1.0	-0.22	2.74	1.00	0.00	0.16	111115
17	"18:20:04"	378.5	0	6.38	0.362	227	10.5	3.17	38.72	6	1.42	1	2.84	45.27	38.72	48.06	299.12	271.40	6.289	36.612	6.59	38.38	199.7	1601	0	102.5	21.1	0.634	1.0	-0.22	2.74	1.00	0.00	0.16	111115
18	"18:20:05"	379.5	0	6.39	0.362	227	10.5	3.17	38.71	6	1.42	1	2.84	45.28	38.71	48.06	299.14	271.39	6.288	36.611	6.59	38.38	199.7	1601	0	102.5	21.1	0.634	1.0	-0.22	2.74	1.00	0.00	0.16	111115
19	"18:20:05"	380.0	0	6.4	0.362	227	10.5	3.17	38.71	6	1.42	1	2.84	45.28	38.71	48.06	299.16	271.39	6.288	36.612	6.59	38.37	199.7	1601	0	102.5	21.1	0.634	1.0	-0.22	2.74	1.00	0.00	0.16	111115
20	"18:20:06"	380.5	0	6.4	0.362	227	10.5	3.17	38.71	6	1.42	1	2.84	45.28	38.71	48.06	299.16	271.39	6.288	36.617	6.59	38.38	199.7	1601	0	102.5	21.1	0.634	1.0	-0.22	2.74	1.00	0.00	0.16	111115
21	"18:20:06"	381.0	0	6.41	0.362	227	10.5	3.17	38.72	6	1.42	1	2.84	45.28	38.72	48.06	299.18	271.38	6.289	36.619	6.59	38.38	199.7	1601	0	102.5	21.1	0.634	1.0	-0.22	2.74	1.00	0.00	0.16	111115
22	"18:20:07"	381.5	0	6.42	0.362	227	10.5	3.17	38.72	6	1.42	1	2.84	45.28	38.72	48.06	299.19	271.37	6.288	36.621	6.59	38.38	199.8	1601	0	102.5	21.1	0.634	1.0	-0.22	2.74	1.00	0.00	0.16	111115
23	"18:20:07"	382.0	0	6.42	0.362	227	10.5	3.17	38.72	6	1.42	1	2.84	45.28	38.72	48.06	299.20	271.37	6.288	36.625	6.59	38.38	199.7	1601	0	102.5	21.1	0.634	1.0	-0.22	2.74	1.00	0.00	0.16	111115
24	"18:20:08"	382.5	0	6.43	0.362	227	10.5	3.17	38.72	6	1.42	1	2.84	45.28	38.72	48.06	299.21	271.36	6.288	36.628	6.59	38.39	199.7	1601	0	102.5	21.1	0.634	1.0	-0.22	2.74	1.00	0.00	0.16	111115
25	"18:20:09"	383.0	0	6.42	0.362	227	10.5	3.17	38.72	6	1.42	1	2.84	45.28	38.72	48.06	299.22	271.37	6.288	36.633	6.59	38.39	199.7	1601	0	102.5	21.1	0.634	1.0	-0.22	2.74	1.00	0.00	0.16	111115
26	"18:20:09"	383.5	0	6.43	0.363	227	10.5	3.17	38.72	6	1.42	1	2.84	45.28	38.72	48.06	299.22	271.37	6.288	36.636	6.59	38.40	199.7	1601	0	102.5	21.1	0.634	1.0	-0.22	2.74	1.00	0.00	0.16	111115
27	"18:20:10"	384.0	0	6.43	0.363	227	10.5	3.17	38.72	6	1.42	1	2.84	45.28	38.72	48.06	299.22	271.36	6.289	36.637	6.59	38.40	199.8	1601	0	102.5	21.1	0.634	1.0	-0.22	2.74	1.00	0.00	0.16	111115
28	"18:20:10"	384.5	0	6.43	0.363	227	10.5	3.16	38.71	6	1.42	1	2.84	45.28	38.71	48.06	299.22	271.37	6.290	36.638	6.59	38.40	199.8	1601	0	102.5	21.1	0.634	1.0	-0.22	2.74	1.00	0.00	0.16	111115
29	"18:20:11"	385.0	0	6.42	0.363	227	10.5	3.16	38.71	6	1.42	1	2.84	45.28	38.71	48.06	299.20	271.37	6.290	36.641	6.59	38.41	199.8	1601	0	102.5	21.1	0.634	1.0	-0.22	2.74	1.00	0.00	0.16	111115
30	"18:20:11"	385.5	0	6.42	0.364	227	10.5	3.16	38.70	6	1.42	1	2.84	45.28	38.70	48.06	299.19	271.36	6.291	36.640	6.59	38.41	199.7	1601	0	102.5	21.1	0.634	1.0	-0.22	2.74	1.00	0.00	0.16	111115
"18:20:22 CO2 Mixer: CO2R -> 200 uml"
"18:24:48 Flow: Fixed -> 200 umol/s"
31	"18:25:02"	677.5	0	3.43	0.403	161	10.7	2.96	38.35	6	1.42	1	2.84	45.23	38.35	48.06	201.01	184.73	6.251	37.332	6.57	39.22	199.7	1601	0	102.5	19.6	0.383	1.0	-0.22	2.74	1.00	0.00	0.16	111115
32	"18:25:03"	677.5	0	3.43	0.403	161	10.7	2.96	38.35	6	1.42	1	2.84	45.23	38.35	48.06	201.01	184.73	6.251	37.332	6.57	39.22	199.7	1601	0	102.5	19.6	0.383	1.0	-0.22	2.74	1.00	0.00	0.16	111115
33	"18:25:03"	678.0	0	3.41	0.403	161	10.7	2.96	38.34	6	1.42	1	2.84	45.23	38.34	48.06	200.97	184.75	6.251	37.333	6.57	39.22	199.7	1601	0	102.5	19.6	0.383	1.0	-0.22	2.74	1.00	0.00	0.16	111115
34	"18:25:04"	678.0	0	3.41	0.403	161	10.7	2.96	38.34	6	1.42	1	2.84	45.23	38.34	48.06	200.97	184.75	6.251	37.333	6.57	39.22	199.7	1601	0	102.5	19.6	0.383	1.0	-0.22	2.74	1.00	0.00	0.16	111115
35	"18:25:04"	678.5	0	3.4	0.403	161	10.7	2.96	38.34	6	1.42	1	2.84	45.23	38.34	48.06	200.94	184.77	6.251	37.336	6.57	39.22	199.7	1601	0	102.5	19.6	0.383	1.0	-0.22	2.74	1.00	0.00	0.16	111115
36	"18:25:05"	679.0	0	3.4	0.404	161	10.7	2.95	38.34	6	1.42	1	2.84	45.23	38.34	48.06	200.95	184.78	6.252	37.335	6.57	39.23	199.7	1601	0	102.5	19.6	0.383	1.0	-0.22	2.74	1.00	0.00	0.16	111115
37	"18:25:05"	679.5	0	3.4	0.404	161	10.7	2.95	38.34	6	1.42	1	2.84	45.23	38.34	48.06	200.97	184.78	6.252	37.335	6.57	39.22	199.7	1601	0	102.5	19.6	0.383	1.0	-0.22	2.74	1.00	0.00	0.16	111115
38	"18:25:06"	680.0	0	3.39	0.404	161	10.7	2.95	38.33	6	1.42	1	2.84	45.23	38.33	48.06	200.95	184.80	6.252	37.334	6.57	39.22	199.7	1601	0	102.5	19.6	0.383	1.0	-0.22	2.74	1.00	0.00	0.16	111115
39	"18:25:06"	680.5	0	3.39	0.404	161	10.7	2.95	38.33	6	1.42	1	2.84	45.23	38.33	48.06	200.97	184.81	6.253	37.337	6.57	39.22	199.7	1601	0	102.5	19.6	0.383	1.0	-0.22	2.74	1.00	0.00	0.16	111115
40	"18:25:07"	681.0	0	3.4	0.403	161	10.7	2.96	38.34	6	1.42	1	2.84	45.23	38.34	48.06	200.98	184.81	6.253	37.336	6.57	39.22	199.7	1601	0	102.5	19.6	0.383	1.0	-0.22	2.74	1.00	0.00	0.16	111115
41	"18:25:07"	681.5	0	3.4	0.403	161	10.7	2.96	38.35	6	1.42	1	2.84	45.23	38.35	48.06	201.00	184.80	6.252	37.337	6.57	39.22	199.7	1601	0	102.5	19.6	0.383	1.0	-0.22	2.74	1.00	0.00	0.16	111115
42	"18:25:08"	682.0	0	3.42	0.403	161	10.7	2.96	38.36	6	1.42	1	2.84	45.23	38.36	48.06	201.03	184.79	6.252	37.339	6.57	39.23	199.7	1601	0	102.5	19.6	0.383	1.0	-0.22	2.74	1.00	0.00	0.16	111115
43	"18:25:08"	682.5	0	3.43	0.402	161	10.7	2.96	38.37	6	1.42	1	2.84	45.23	38.37	48.06	201.05	184.79	6.252	37.339	6.57	39.23	199.7	1601	0	102.5	19.6	0.383	1.0	-0.22	2.74	1.00	0.00	0.16	111115
44	"18:25:09"	684.0	0	3.45	0.402	161	10.7	2.96	38.37	6	1.42	1	2.84	45.23	38.37	48.06	201.09	184.75	6.253	37.337	6.57	39.22	199.7	1601	0	102.5	19.6	0.383	1.0	-0.22	2.74	1.00	0.00	0.16	111115
45	"18:25:09"	684.5	0	3.45	0.402	161	10.7	2.96	38.36	6	1.42	1	2.84	45.23	38.36	48.06	201.09	184.75	6.254	37.334	6.57	39.22	199.7	1601	0	102.5	19.6	0.383	1.0	-0.22	2.74	1.00	0.00	0.16	111115
"18:25:19 CO2 Mixer: CO2R -> 100 uml"
"18:29:01 Flow: Fixed -> 200 umol/s"
46	"18:29:18"	933.5	0	-0.0152	0.427	92.3	10.8	2.84	38.12	6	1.42	1	2.84	45.22	38.12	48.06	99.66	96.56	6.272	37.643	6.59	39.57	199.7	1600	0	102.5	18	0.0247	1.0	-0.22	2.74	1.00	0.00	0.16	111115
47	"18:29:19"	934.0	0	-0.0118	0.427	92.3	10.8	2.84	38.11	6	1.42	1	2.84	45.22	38.11	48.06	99.67	96.56	6.273	37.642	6.59	39.56	199.7	1600	0	102.5	18	0.0247	1.0	-0.22	2.74	1.00	0.00	0.16	111115
48	"18:29:19"	934.5	0	-0.0189	0.427	92.3	10.8	2.84	38.12	6	1.42	1	2.84	45.22	38.12	48.06	99.66	96.57	6.273	37.641	6.59	39.56	199.7	1600	0	102.5	18	0.0247	1.0	-0.22	2.74	1.00	0.00	0.16	111115
49	"18:29:20"	934.5	0	-0.0189	0.427	92.3	10.8	2.84	38.12	6	1.42	1	2.84	45.22	38.12	48.06	99.66	96.57	6.273	37.641	6.59	39.56	199.7	1600	0	102.5	18	0.0247	1.0	-0.22	2.74	1.00	0.00	0.16	111115
50	"18:29:20"	935.0	0	-0.0124	0.426	92.3	10.8	2.84	38.12	6	1.42	1	2.84	45.22	38.12	48.06	99.66	96.55	6.274	37.639	6.59	39.56	199.7	1600	0	102.5	18	0.0247	1.0	-0.22	2.74	1.00	0.00	0.16	111115
51	"18:29:21"	935.5	0	-0.0174	0.426	92.3	10.8	2.85	38.13	6	1.42	1	2.84	45.22	38.13	48.06	99.64	96.54	6.273	37.640	6.59	39.56	199.7	1600	0	102.5	18	0.0247	1.0	-0.22	2.74	1.00	0.00	0.16	111115
52	"18:29:21"	936.0	0	-0.0198	0.426	92.3	10.8	2.85	38.13	6	1.42	1	2.84	45.22	38.13	48.06	99.63	96.55	6.273	37.640	6.59	39.56	199.7	1600	0	102.5	18	0.0247	1.0	-0.22	2.74	1.00	0.00	0.16	111115
53	"18:29:22"	936.5	0	-0.0274	0.425	92.3	10.8	2.85	38.14	6	1.42	1	2.84	45.22	38.14	48.06	99.61	96.55	6.273	37.642	6.59	39.56	199.7	1600	0	102.5	18	0.0247	1.0	-0.22	2.74	1.00	0.00	0.16	111115
54	"18:29:22"	937.0	0	-0.0297	0.424	92.3	10.8	2.86	38.15	6	1.42	1	2.84	45.22	38.15	48.06	99.60	96.54	6.273	37.642	6.59	39.56	199.7	1600	0	102.5	18	0.0247	1.0	-0.22	2.74	1.00	0.00	0.16	111115
55	"18:29:23"	937.5	0	-0.0261	0.424	92.3	10.8	2.86	38.16	6	1.42	1	2.84	45.22	38.16	48.06	99.62	96.55	6.273	37.646	6.59	39.57	199.7	1600	0	102.5	18	0.0247	1.0	-0.22	2.74	1.00	0.00	0.16	111115
56	"18:29:23"	938.0	0	-0.0164	0.424	92.2	10.9	2.86	38.17	6	1.42	1	2.84	45.22	38.17	48.06	99.64	96.54	6.273	37.648	6.59	39.57	199.7	1600	0	102.5	18	0.0247	1.0	-0.22	2.74	1.00	0.00	0.16	111115
57	"18:29:24"	938.5	0	-0.0166	0.424	92.3	10.9	2.86	38.17	6	1.42	1	2.84	45.22	38.17	48.06	99.64	96.55	6.273	37.651	6.59	39.57	199.7	1600	0	102.5	18	0.0247	1.0	-0.22	2.74	1.00	0.00	0.16	111115
58	"18:29:24"	939.0	0	-0.0038	0.424	92.2	10.9	2.86	38.17	6	1.42	1	2.84	45.22	38.17	48.06	99.68	96.54	6.273	37.653	6.59	39.57	199.7	1601	0	102.5	18	0.0247	1.0	-0.22	2.74	1.00	0.00	0.16	111115
59	"18:29:25"	939.5	0	0.0043	0.424	92.2	10.9	2.86	38.17	6	1.42	1	2.84	45.22	38.17	48.06	99.72	96.56	6.274	37.657	6.59	39.58	199.7	1600	0	102.5	18	0.0247	1.0	-0.22	2.74	1.00	0.00	0.16	111115
60	"18:29:26"	940.5	0	0.0294	0.424	92.1	10.9	2.86	38.16	6	1.42	1	2.84	45.22	38.16	48.06	99.79	96.55	6.273	37.657	6.59	39.57	199.7	1601	0	102.5	18	0.0247	1.0	-0.22	2.74	1.00	0.00	0.16	111115
"18:29:37 CO2 Mixer: CO2R -> 50 uml"
"18:34:14 Flow: Fixed -> 200 umol/s"
"18:35:01 Flow: Fixed -> 200 umol/s"
61	"18:35:22"	1296.0	0	-1.57	0.511	55.2	11.9	2.67	38.46	6	1.42	1	2.84	45.39	38.46	48.06	48.95	51.82	6.293	40.612	6.56	42.32	199.7	1599	0	102.5	17.2	1.57	1.0	-0.22	2.74	1.00	0.00	0.16	111115
62	"18:35:22"	1296.5	0	-1.56	0.511	55.1	11.9	2.66	38.46	6	1.42	1	2.84	45.39	38.46	48.06	48.98	51.81	6.293	40.617	6.56	42.32	199.7	1599	0	102.5	17.2	1.57	1.0	-0.22	2.74	1.00	0.00	0.16	111115
63	"18:35:23"	1296.5	0	-1.56	0.511	55.1	11.9	2.66	38.46	6	1.42	1	2.84	45.39	38.46	48.06	48.98	51.81	6.293	40.617	6.56	42.32	199.7	1599	0	102.5	17.2	1.57	1.0	-0.22	2.74	1.00	0.00	0.16	111115
64	"18:35:23"	1297.0	0	-1.55	0.512	55.1	11.9	2.66	38.46	6	1.42	1	2.84	45.39	38.46	48.06	49.00	51.80	6.293	40.618	6.56	42.32	199.7	1599	0	102.5	17.2	1.57	1.0	-0.22	2.74	1.00	0.00	0.16	111115
65	"18:35:23"	1297.5	0	-1.54	0.513	55	11.9	2.66	38.44	6	1.42	1	2.84	45.39	38.44	48.06	49.01	51.79	6.293	40.620	6.56	42.32	199.7	1599	0	102.5	17.2	1.57	1.0	-0.22	2.74	1.00	0.00	0.16	111115
66	"18:35:24"	1298.0	0	-1.53	0.515	55	11.9	2.65	38.42	6	1.42	1	2.84	45.39	38.42	48.06	49.04	51.78	6.292	40.622	6.56	42.32	199.7	1599	0	102.5	17.2	1.57	1.0	-0.22	2.74	1.00	0.00	0.16	111115
67	"18:35:25"	1298.5	0	-1.52	0.517	54.9	11.9	2.64	38.40	6	1.42	1	2.84	45.39	38.40	48.06	49.07	51.78	6.292	40.622	6.56	42.32	199.7	1599	0	102.5	17.2	1.57	1.0	-0.22	2.74	1.00	0.00	0.16	111115
68	"18:35:25"	1299.0	0	-1.52	0.518	54.9	11.9	2.64	38.39	6	1.42	1	2.84	45.39	38.39	48.06	49.07	51.77	6.291	40.622	6.55	42.32	199.7	1599	0	102.5	17.2	1.57	1.0	-0.22	2.74	1.00	0.00	0.16	111115
69	"18:35:26"	1299.5	0	-1.51	0.52	54.9	11.9	2.63	38.37	6	1.42	1	2.84	45.39	38.37	48.06	49.07	51.76	6.291	40.621	6.55	42.32	199.7	1599	0	102.5	17.2	1.57	1.0	-0.22	2.74	1.00	0.00	0.16	111115
70	"18:35:26"	1300.0	0	-1.52	0.521	54.9	11.9	2.62	38.36	6	1.42	1	2.84	45.39	38.36	48.06	49.05	51.77	6.290	40.619	6.55	42.32	199.7	1599	0	102.5	17.2	1.57	1.0	-0.22	2.74	1.00	0.00	0.16	111115
71	"18:35:27"	1300.5	0	-1.53	0.522	55	11.9	2.62	38.34	6	1.42	1	2.84	45.39	38.34	48.06	49.03	51.78	6.291	40.618	6.55	42.31	199.7	1599	0	102.5	17.2	1.57	1.0	-0.22	2.74	1.00	0.00	0.16	111115
72	"18:35:27"	1301.0	0	-1.54	0.523	55	11.9	2.61	38.33	6	1.42	1	2.84	45.39	38.33	48.06	49.01	51.78	6.291	40.619	6.55	42.31	199.7	1599	0	102.5	17.2	1.57	1.0	-0.22	2.74	1.00	0.00	0.16	111115
73	"18:35:28"	1301.5	0	-1.55	0.524	55	11.9	2.61	38.32	6	1.42	1	2.84	45.39	38.32	48.06	48.98	51.77	6.290	40.619	6.55	42.31	199.7	1599	0	102.5	17.2	1.57	1.0	-0.22	2.74	1.00	0.00	0.16	111115
74	"18:35:28"	1302.0	0	-1.55	0.524	55	11.9	2.61	38.31	6	1.42	1	2.84	45.39	38.31	48.06	48.97	51.77	6.290	40.617	6.55	42.31	199.7	1599	0	102.5	17.2	1.57	1.0	-0.22	2.74	1.00	0.00	0.16	111115
75	"18:35:29"	1303.0	0	-1.55	0.525	55	11.9	2.61	38.31	6	1.42	1	2.84	45.40	38.31	48.06	48.95	51.76	6.291	40.616	6.55	42.31	199.7	1599	0	102.5	17.2	1.57	1.0	-0.22	2.74	1.00	0.00	0.16	111115
"18:36:16 CO2 Mixer: CO2R -> 400 uml"
"18:41:31 Flow: Fixed -> 200 umol/s"
"18:42:02 Flow: Fixed -> 200 umol/s"
76	"18:42:09"	1704.0	0	8.09	0.471	317	11.6	2.79	38.36	6	1.42	1	2.84	45.36	38.36	48.05	400.44	363.46	5.585	39.078	5.83	40.78	199.7	1601	0	102.5	22.5	0.62	1.0	-0.22	2.74	1.00	0.00	0.16	111115
77	"18:42:10"	1704.5	0	8.1	0.471	317	11.6	2.79	38.37	6	1.42	1	2.84	45.36	38.37	48.05	400.47	363.47	5.585	39.077	5.83	40.78	199.7	1601	0	102.5	22.5	0.62	1.0	-0.22	2.74	1.00	0.00	0.16	111115
78	"18:42:10"	1705.0	0	8.11	0.47	317	11.6	2.79	38.37	6	1.42	1	2.84	45.36	38.37	48.05	400.48	363.46	5.585	39.078	5.83	40.78	199.7	1601	0	102.5	22.5	0.62	1.0	-0.22	2.74	1.00	0.00	0.16	111115
79	"18:42:11"	1705.5	0	8.11	0.47	317	11.6	2.79	38.38	6	1.42	1	2.84	45.36	38.38	48.05	400.49	363.46	5.584	39.079	5.83	40.78	199.7	1601	0	102.5	22.5	0.62	1.0	-0.22	2.74	1.00	0.00	0.16	111115
80	"18:42:11"	1706.0	0	8.12	0.47	317	11.6	2.79	38.38	6	1.42	1	2.84	45.36	38.38	48.05	400.51	363.45	5.584	39.080	5.83	40.78	199.7	1601	0	102.5	22.5	0.62	1.0	-0.22	2.74	1.00	0.00	0.16	111115
81	"18:42:12"	1706.5	0	8.14	0.47	317	11.6	2.79	38.38	6	1.42	1	2.84	45.36	38.38	48.05	400.57	363.45	5.584	39.077	5.83	40.78	199.7	1601	0	102.5	22.5	0.62	1.0	-0.22	2.74	1.00	0.00	0.16	111115
82	"18:42:12"	1707.0	0	8.14	0.471	317	11.6	2.79	38.37	6	1.42	1	2.84	45.36	38.37	48.05	400.58	363.45	5.585	39.073	5.83	40.77	199.7	1601	0	102.5	22.5	0.62	1.0	-0.22	2.74	1.00	0.00	0.16	111115
83	"18:42:13"	1707.5	0	8.16	0.471	316	11.6	2.79	38.36	6	1.42	1	2.84	45.36	38.36	48.05	400.61	363.43	5.584	39.071	5.83	40.77	199.7	1601	0	102.5	22.5	0.62	1.0	-0.22	2.74	1.00	0.00	0.16	111115
84	"18:42:13"	1707.5	0	8.16	0.471	316	11.6	2.79	38.36	6	1.42	1	2.84	45.36	38.36	48.05	400.61	363.43	5.584	39.071	5.83	40.77	199.7	1601	0	102.5	22.5	0.62	1.0	-0.22	2.74	1.00	0.00	0.16	111115
85	"18:42:14"	1708.5	0	8.17	0.471	316	11.6	2.78	38.35	6	1.42	1	2.84	45.36	38.35	48.05	400.61	363.41	5.585	39.059	5.83	40.76	199.7	1601	0	102.5	22.5	0.62	1.0	-0.22	2.74	1.00	0.00	0.16	111115
86	"18:42:14"	1709.0	0	8.17	0.471	316	11.6	2.78	38.35	6	1.42	1	2.84	45.36	38.35	48.05	400.62	363.43	5.585	39.053	5.83	40.75	199.7	1601	0	102.5	22.5	0.62	1.0	-0.22	2.74	1.00	0.00	0.16	111115
87	"18:42:15"	1709.5	0	8.15	0.471	317	11.6	2.78	38.35	6	1.42	1	2.84	45.36	38.35	48.06	400.60	363.45	5.586	39.048	5.83	40.75	199.7	1601	0	102.5	22.5	0.62	1.0	-0.22	2.74	1.00	0.00	0.16	111115
88	"18:42:15"	1710.0	0	8.16	0.471	316	11.6	2.79	38.35	6	1.42	1	2.84	45.36	38.35	48.06	400.58	363.42	5.586	39.043	5.83	40.74	199.7	1601	0	102.5	22.5	0.62	1.0	-0.22	2.74	1.00	0.00	0.16	111115
89	"18:42:16"	1710.0	0	8.16	0.471	316	11.6	2.79	38.35	6	1.42	1	2.84	45.36	38.35	48.06	400.58	363.42	5.586	39.043	5.83	40.74	199.7	1601	0	102.5	22.5	0.62	1.0	-0.22	2.74	1.00	0.00	0.16	111115
90	"18:42:17"	1710.5	0	8.14	0.47	317	11.6	2.79	38.36	6	1.42	1	2.84	45.36	38.36	48.06	400.55	363.43	5.586	39.042	5.83	40.74	199.7	1601	0	102.5	22.5	0.62	1.0	-0.22	2.74	1.00	0.00	0.16	111115
"18:42:29 CO2 Mixer: CO2R -> 600 uml"
"18:45:57 Flow: Fixed -> 200 umol/s"
91	"18:46:12"	1947.0	0	12	0.429	472	11.2	2.91	38.35	6	1.42	1	2.84	45.30	38.35	48.06	600.58	546.30	5.577	37.856	5.84	39.63	199.6	1601	0	102.5	24.8	0.584	1.0	-0.22	2.74	1.00	0.00	0.16	111115
92	"18:46:13"	1947.5	0	11.9	0.429	472	11.2	2.91	38.35	6	1.42	1	2.84	45.29	38.35	48.06	600.53	546.33	5.576	37.849	5.84	39.63	199.6	1601	0	102.5	24.8	0.584	1.0	-0.22	2.74	1.00	0.00	0.16	111115
93	"18:46:13"	1948.0	0	11.9	0.429	472	11.2	2.91	38.35	6	1.42	1	2.84	45.30	38.35	48.06	600.49	546.34	5.575	37.846	5.84	39.62	199.6	1601	0	102.5	24.8	0.584	1.0	-0.22	2.74	1.00	0.00	0.16	111115
94	"18:46:14"	1948.0	0	11.9	0.429	472	11.2	2.91	38.35	6	1.42	1	2.84	45.30	38.35	48.06	600.49	546.34	5.575	37.846	5.84	39.62	199.6	1601	0	102.5	24.8	0.584	1.0	-0.22	2.74	1.00	0.00	0.16	111115
95	"18:46:14"	1948.5	0	11.9	0.429	472	11.2	2.91	38.35	6	1.42	1	2.84	45.30	38.35	48.06	600.52	546.30	5.576	37.842	5.84	39.62	199.6	1601	0	102.5	24.8	0.584	1.0	-0.22	2.74	1.00	0.00	0.16	111115
96	"18:46:15"	1949.5	0	12	0.429	472	11.2	2.91	38.35	6	1.42	1	2.84	45.30	38.35	48.06	600.65	546.32	5.577	37.833	5.84	39.61	199.7	1601	0	102.5	24.8	0.584	1.0	-0.22	2.74	1.00	0.00	0.16	111115
97	"18:46:15"	1949.5	0	12	0.429	472	11.2	2.91	38.35	6	1.42	1	2.84	45.30	38.35	48.06	600.65	546.32	5.577	37.833	5.84	39.61	199.7	1601	0	102.5	24.8	0.584	1.0	-0.22	2.74	1.00	0.00	0.16	111115
98	"18:46:16"	1950.0	0	12	0.429	472	11.2	2.9	38.34	6	1.42	1	2.84	45.30	38.34	48.06	600.68	546.35	5.577	37.831	5.84	39.61	199.7	1601	0	102.5	24.8	0.584	1.0	-0.22	2.74	1.00	0.00	0.16	111115
99	"18:46:16"	1950.5	0	12	0.43	472	11.2	2.9	38.33	6	1.42	1	2.84	45.30	38.33	48.06	600.72	546.32	5.577	37.827	5.84	39.60	199.7	1601	0	102.5	24.8	0.584	1.0	-0.22	2.74	1.00	0.00	0.16	111115
100	"18:46:17"	1951.0	0	12	0.43	472	11.2	2.9	38.32	6	1.42	1	2.84	45.30	38.32	48.06	600.70	546.31	5.577	37.822	5.84	39.59	199.7	1601	0	102.5	24.8	0.584	1.0	-0.22	2.74	1.00	0.00	0.16	111115
101	"18:46:17"	1951.5	0	12	0.431	472	11.2	2.9	38.31	6	1.42	1	2.84	45.30	38.31	48.06	600.73	546.34	5.577	37.818	5.84	39.59	199.7	1601	0	102.5	24.8	0.584	1.0	-0.22	2.74	1.00	0.00	0.16	111115
102	"18:46:18"	1952.0	0	12	0.431	472	11.2	2.89	38.30	6	1.42	1	2.84	45.30	38.30	48.06	600.74	546.34	5.577	37.813	5.84	39.58	199.7	1601	0	102.5	24.8	0.584	1.0	-0.22	2.74	1.00	0.00	0.16	111115
103	"18:46:18"	1952.5	0	12	0.431	472	11.1	2.89	38.30	6	1.42	1	2.84	45.30	38.30	48.06	600.71	546.35	5.577	37.808	5.84	39.58	199.7	1601	0	102.5	24.8	0.584	1.0	-0.22	2.74	1.00	0.00	0.16	111115
104	"18:46:19"	1953.0	0	12	0.432	472	11.1	2.89	38.29	6	1.42	1	2.84	45.30	38.29	48.06	600.64	546.37	5.576	37.804	5.84	39.57	199.7	1601	0	102.5	24.8	0.584	1.0	-0.22	2.74	1.00	0.00	0.16	111115
105	"18:46:20"	1954.0	0	12	0.433	473	11.1	2.88	38.27	6	1.42	1	2.84	45.30	38.27	48.06	600.62	546.37	5.576	37.799	5.84	39.57	199.7	1601	0	102.5	24.8	0.584	1.0	-0.22	2.74	1.00	0.00	0.16	111115
"18:46:26 CO2 Mixer: CO2R -> 900 uml"
"18:46:39 Lamp: ParIn ->  1600 uml"
"18:46:39 CO2 Mixer: CO2R -> 900 uml"
"18:46:39 Coolers: Tblock -> 48.00 C"
"18:46:39 Flow: Fixed -> 200 umol/s"
"18:50:37 Flow: Fixed -> 200 umol/s"
106	"18:50:51"	2226.0	0	15.1	0.406	721	11.3	3.08	38.77	6	1.42	1	2.84	45.35	38.77	47.89	899.60	826.22	5.028	37.659	5.25	39.32	199.7	1600	0	102.5	26.4	1.41	1.0	-0.22	2.74	1.00	0.00	0.16	111115
107	"18:50:52"	2226.5	0	15.1	0.407	721	11.3	3.08	38.76	6	1.42	1	2.84	45.35	38.76	47.90	899.65	826.19	5.027	37.660	5.25	39.32	199.7	1600	0	102.5	26.4	1.41	1.0	-0.22	2.74	1.00	0.00	0.16	111115
108	"18:50:52"	2227.0	0	15.1	0.407	721	11.3	3.08	38.75	6	1.42	1	2.84	45.35	38.75	47.91	899.64	826.15	5.027	37.659	5.25	39.32	199.7	1600	0	102.5	26.4	1.41	1.0	-0.22	2.74	1.00	0.00	0.16	111115
109	"18:50:53"	2227.5	0	15.1	0.408	721	11.3	3.07	38.74	6	1.42	1	2.84	45.35	38.74	47.93	899.66	826.15	5.027	37.659	5.25	39.32	199.7	1600	0	102.5	26.4	1.41	1.0	-0.22	2.74	1.00	0.00	0.16	111115
110	"18:50:53"	2228.0	0	15.1	0.409	721	11.3	3.07	38.73	6	1.42	1	2.84	45.35	38.73	47.94	899.66	826.14	5.027	37.658	5.25	39.31	199.7	1600	0	102.5	26.4	1.41	1.0	-0.22	2.74	1.00	0.00	0.16	111115
111	"18:50:54"	2228.5	0	15.1	0.409	721	11.3	3.06	38.71	6	1.42	1	2.84	45.35	38.71	47.95	899.64	826.14	5.026	37.655	5.25	39.31	199.7	1600	0	102.5	26.4	1.41	1.0	-0.22	2.74	1.00	0.00	0.16	111115
112	"18:50:55"	2229.0	0	15.1	0.41	722	11.3	3.06	38.70	6	1.42	1	2.84	45.35	38.70	47.96	899.63	826.17	5.026	37.651	5.25	39.30	199.7	1600	0	102.5	26.4	1.41	1.0	-0.22	2.74	1.00	0.00	0.16	111115
113	"18:50:55"	2229.5	0	15.1	0.411	722	11.3	3.05	38.69	6	1.42	1	2.84	45.35	38.69	47.98	899.61	826.18	5.025	37.647	5.24	39.30	199.7	1600	0	102.5	26.4	1.41	1.0	-0.22	2.74	1.00	0.00	0.16	111115
114	"18:50:56"	2230.0	0	15.1	0.411	722	11.3	3.05	38.67	6	1.42	1	2.84	45.35	38.67	47.99	899.65	826.14	5.023	37.643	5.24	39.29	199.7	1600	0	102.5	26.4	1.41	1.0	-0.22	2.74	1.00	0.00	0.16	111115
115	"18:50:56"	2230.5	0	15.1	0.412	722	11.3	3.04	38.66	6	1.42	1	2.84	45.36	38.66	48.00	899.65	826.16	5.024	37.641	5.24	39.28	199.7	1600	0	102.5	26.4	1.41	1.0	-0.22	2.74	1.00	0.00	0.16	111115
116	"18:50:57"	2231.0	0	15.2	0.412	722	11.3	3.04	38.66	6	1.42	1	2.84	45.36	38.66	48.01	899.67	826.16	5.024	37.638	5.24	39.27	199.8	1600	0	102.5	26.4	1.41	1.0	-0.22	2.74	1.00	0.00	0.16	111115
117	"18:50:57"	2231.5	0	15.2	0.412	722	11.3	3.04	38.66	6	1.42	1	2.84	45.36	38.66	48.02	899.68	826.17	5.023	37.633	5.24	39.26	199.8	1600	0	102.5	26.4	1.41	0.7	-0.22	2.74	1.00	0.00	0.16	111115
118	"18:50:58"	2232.0	0	15.1	0.412	722	11.3	3.04	38.65	6	1.42	1	2.84	45.36	38.65	48.03	899.68	826.20	5.022	37.631	5.24	39.26	199.8	1600	0	102.5	26.4	1.41	0.7	-0.22	2.74	1.00	0.00	0.16	111115
119	"18:50:58"	2232.5	0	15.2	0.412	722	11.3	3.04	38.65	6	1.42	1	2.84	45.37	38.65	48.04	899.69	826.20	5.022	37.628	5.24	39.25	199.8	1600	0	102.5	26.4	1.41	0.7	-0.22	2.74	1.00	0.00	0.16	111115
120	"18:50:59"	2233.0	0	15.2	0.412	722	11.3	3.04	38.66	6	1.42	1	2.84	45.37	38.66	48.05	899.69	826.19	5.022	37.627	5.24	39.24	199.8	1600	0	102.5	26.4	1.41	0.7	-0.22	2.74	1.00	0.00	0.16	111115
"18:51:14 CO2 Mixer: CO2R -> 1200 uml"
"18:55:01 Flow: Fixed -> 200 umol/s"
121	"18:55:29"	2503.0	0	16.5	0.36	979	10.7	3.25	38.73	6	1.42	1	2.84	45.44	38.73	48.06	1200.51	1115.00	4.845	35.844	5.04	37.26	199.7	1600	0	102.5	28.6	0.769	1.0	-0.22	2.74	1.00	0.00	0.16	111115
122	"18:55:29"	2503.5	0	16.5	0.36	979	10.7	3.25	38.72	6	1.42	1	2.84	45.44	38.72	48.06	1200.52	1115.04	4.846	35.840	5.04	37.25	199.7	1600	0	102.5	28.6	0.769	1.0	-0.22	2.74	1.00	0.00	0.16	111115
123	"18:55:30"	2504.0	0	16.5	0.36	979	10.7	3.25	38.72	6	1.42	1	2.84	45.44	38.72	48.06	1200.56	1115.06	4.846	35.835	5.04	37.25	199.7	1600	0	102.5	28.6	0.769	1.0	-0.22	2.74	1.00	0.00	0.16	111115
124	"18:55:30"	2504.5	0	16.5	0.36	979	10.7	3.25	38.72	6	1.42	1	2.84	45.44	38.72	48.06	1200.56	1115.08	4.846	35.834	5.04	37.24	199.7	1600	0	102.5	28.6	0.769	1.0	-0.22	2.74	1.00	0.00	0.16	111115
125	"18:55:31"	2505.0	0	16.5	0.36	978	10.7	3.25	38.73	6	1.42	1	2.84	45.44	38.73	48.06	1200.58	1115.10	4.846	35.832	5.04	37.24	199.7	1600	0	102.5	28.6	0.769	1.0	-0.22	2.74	1.00	0.00	0.16	111115
126	"18:55:31"	2505.5	0	16.5	0.36	978	10.7	3.26	38.74	6	1.42	1	2.84	45.44	38.74	48.06	1200.57	1115.05	4.846	35.832	5.04	37.24	199.7	1600	0	102.5	28.6	0.769	1.0	-0.22	2.74	1.00	0.00	0.16	111115
127	"18:55:32"	2506.0	0	16.5	0.359	978	10.7	3.26	38.75	6	1.42	1	2.84	45.44	38.75	48.06	1200.58	1115.03	4.845	35.829	5.04	37.24	199.7	1600	0	102.5	28.6	0.769	1.0	-0.22	2.74	1.00	0.00	0.16	111115
128	"18:55:32"	2506.5	0	16.5	0.358	978	10.7	3.27	38.76	6	1.42	1	2.84	45.44	38.76	48.06	1200.54	1115.05	4.845	35.829	5.04	37.24	199.7	1600	0	102.5	28.6	0.769	1.0	-0.22	2.74	1.00	0.00	0.16	111115
129	"18:55:33"	2507.0	0	16.5	0.358	978	10.7	3.27	38.78	6	1.42	1	2.84	45.44	38.78	48.06	1200.53	1115.08	4.845	35.830	5.04	37.24	199.7	1600	0	102.5	28.6	0.769	0.7	-0.22	2.74	1.00	0.00	0.16	111115
130	"18:55:33"	2507.5	0	16.5	0.357	978	10.7	3.28	38.79	6	1.42	1	2.84	45.44	38.79	48.06	1200.50	1115.05	4.845	35.832	5.04	37.24	199.7	1600	0	102.5	28.6	0.769	0.7	-0.22	2.74	1.00	0.00	0.16	111115
131	"18:55:34"	2508.0	0	16.5	0.356	977	10.7	3.28	38.81	6	1.42	1	2.84	45.44	38.81	48.06	1200.45	1115.06	4.844	35.836	5.03	37.25	199.7	1600	0	102.5	28.6	0.769	0.7	-0.22	2.74	1.00	0.00	0.16	111115
132	"18:55:34"	2508.5	0	16.5	0.356	977	10.7	3.29	38.82	6	1.42	1	2.84	45.44	38.82	48.06	1200.44	1115.09	4.844	35.834	5.03	37.25	199.7	1600	0	102.5	28.6	0.769	0.7	-0.22	2.74	1.00	0.00	0.16	111115
133	"18:55:35"	2508.5	0	16.5	0.356	977	10.7	3.29	38.82	6	1.42	1	2.84	45.44	38.82	48.06	1200.44	1115.09	4.844	35.834	5.03	37.25	199.7	1600	0	102.5	28.6	0.769	0.7	-0.22	2.74	1.00	0.00	0.16	111115
134	"18:55:35"	2509.0	0	16.5	0.356	977	10.7	3.29	38.82	6	1.42	1	2.84	45.44	38.82	48.06	1200.46	1115.14	4.844	35.835	5.04	37.25	199.7	1600	0	102.5	28.6	0.769	0.7	-0.22	2.74	1.00	0.00	0.16	111115
135	"18:55:36"	2510.0	0	16.5	0.355	977	10.7	3.29	38.83	6	1.42	1	2.84	45.43	38.83	48.06	1200.42	1115.13	4.844	35.833	5.04	37.25	199.7	1600	0	102.5	28.6	0.769	0.7	-0.22	2.74	1.00	0.00	0.16	111115
"18:55:47 CO2 Mixer: CO2R -> 1500 uml"
"18:59:38 Flow: Fixed -> 200 umol/s"
136	"19:00:00"	2775.0	0	17.6	0.329	1.24E+03	10.2	3.37	38.68	6	1.42	1	2.84	45.38	38.68	48.06	1499.78	1403.94	4.859	34.494	5.06	35.96	199.7	1600	0	102.5	28.9	0.673	0.7	-0.22	2.74	1.00	0.00	0.16	111115
137	"19:00:01"	2776.0	0	17.5	0.328	1.24E+03	10.2	3.38	38.69	6	1.42	1	2.84	45.38	38.69	48.06	1499.79	1404.00	4.858	34.492	5.06	35.95	199.7	1600	0	102.5	28.9	0.673	0.7	-0.22	2.74	1.00	0.00	0.16	111115
138	"19:00:02"	2776.5	0	17.6	0.328	1.24E+03	10.2	3.38	38.69	6	1.42	1	2.84	45.38	38.69	48.06	1499.85	1403.98	4.858	34.491	5.06	35.95	199.7	1600	0	102.5	28.9	0.673	0.7	-0.22	2.74	1.00	0.00	0.16	111115
139	"19:00:02"	2777.0	0	17.6	0.328	1.24E+03	10.2	3.38	38.70	6	1.42	1	2.84	45.38	38.70	48.06	1499.88	1404.01	4.857	34.490	5.06	35.95	199.7	1600	0	102.5	28.9	0.673	0.7	-0.22	2.74	1.00	0.00	0.16	111115
140	"19:00:02"	2777.0	0	17.6	0.328	1.24E+03	10.2	3.38	38.70	6	1.42	1	2.84	45.38	38.70	48.06	1499.88	1404.01	4.857	34.490	5.06	35.95	199.7	1600	0	102.5	28.9	0.673	0.7	-0.22	2.74	1.00	0.00	0.16	111115
141	"19:00:03"	2778.0	0	17.5	0.328	1.24E+03	10.2	3.38	38.69	6	1.42	1	2.84	45.38	38.69	48.06	1499.90	1404.12	4.857	34.486	5.06	35.94	199.7	1600	0	102.5	28.9	0.673	0.7	-0.22	2.74	1.00	0.00	0.16	111115
142	"19:00:04"	2778.5	0	17.5	0.328	1.24E+03	10.2	3.38	38.69	6	1.42	1	2.84	45.38	38.69	48.06	1499.89	1404.13	4.857	34.482	5.06	35.94	199.7	1600	0	102.5	28.9	0.673	0.7	-0.22	2.74	1.00	0.00	0.16	111115
143	"19:00:04"	2779.0	0	17.5	0.328	1.24E+03	10.2	3.38	38.69	6	1.42	1	2.84	45.38	38.69	48.06	1499.88	1404.15	4.858	34.481	5.06	35.94	199.8	1600	0	102.5	28.9	0.673	0.7	-0.22	2.74	1.00	0.00	0.16	111115
144	"19:00:05"	2779.5	0	17.5	0.328	1.24E+03	10.2	3.38	38.69	6	1.42	1	2.84	45.38	38.69	48.06	1499.88	1404.12	4.858	34.478	5.06	35.94	199.8	1600	0	102.5	28.9	0.673	0.7	-0.22	2.74	1.00	0.00	0.16	111115
145	"19:00:05"	2779.5	0	17.5	0.328	1.24E+03	10.2	3.38	38.69	6	1.42	1	2.84	45.38	38.69	48.06	1499.88	1404.12	4.858	34.478	5.06	35.94	199.8	1600	0	102.5	28.9	0.673	0.7	-0.22	2.74	1.00	0.00	0.16	111115
146	"19:00:06"	2780.5	0	17.5	0.328	1.24E+03	10.2	3.38	38.70	6	1.42	1	2.84	45.38	38.70	48.06	1499.88	1404.16	4.859	34.474	5.06	35.93	199.7	1600	0	102.5	28.9	0.673	0.7	-0.22	2.74	1.00	0.00	0.16	111115
147	"19:00:06"	2781.0	0	17.5	0.327	1.24E+03	10.2	3.38	38.70	6	1.42	1	2.84	45.38	38.70	48.06	1499.89	1404.19	4.860	34.472	5.07	35.93	199.7	1600	0	102.5	28.9	0.673	0.7	-0.22	2.74	1.00	0.00	0.16	111115
148	"19:00:07"	2781.5	0	17.5	0.327	1.24E+03	10.2	3.38	38.70	6	1.42	1	2.84	45.38	38.70	48.06	1499.90	1404.18	4.860	34.470	5.07	35.93	199.7	1600	0	102.5	28.9	0.673	0.7	-0.22	2.74	1.00	0.00	0.16	111115
149	"19:00:07"	2782.0	0	17.5	0.327	1.24E+03	10.2	3.38	38.71	6	1.42	1	2.84	45.38	38.71	48.06	1499.90	1404.15	4.860	34.469	5.07	35.93	199.8	1600	0	102.5	28.9	0.673	0.7	-0.22	2.74	1.00	0.00	0.16	111115
150	"19:00:08"	2782.5	0	17.6	0.327	1.24E+03	10.2	3.39	38.71	6	1.42	1	2.84	45.38	38.71	48.06	1499.92	1404.14	4.860	34.469	5.07	35.92	199.7	1600	0	102.5	28.9	0.673	0.7	-0.22	2.74	1.00	0.00	0.16	111115
"19:00:28 CO2 Mixer: CO2R -> 1800 uml"
"19:04:51 Flow: Fixed -> 200 umol/s"
151	"19:05:08"	3082.5	0	18.4	0.3	1.5E+03	9.78	3.51	38.71	6	1.42	1	2.84	45.33	38.71	48.06	1800.29	1695.08	4.858	33.274	5.08	34.77	199.7	1601	0	102.5	28.5	0.69	1.0	-0.22	2.74	1.00	0.00	0.16	111115
152	"19:05:09"	3083.0	0	18.4	0.3	1.5E+03	9.78	3.51	38.72	6	1.42	1	2.84	45.33	38.72	48.06	1800.32	1695.06	4.858	33.276	5.08	34.77	199.7	1601	0	102.5	28.5	0.69	1.0	-0.22	2.74	1.00	0.00	0.16	111115
153	"19:05:09"	3083.0	0	18.4	0.3	1.5E+03	9.78	3.51	38.72	6	1.42	1	2.84	45.33	38.72	48.06	1800.32	1695.06	4.858	33.276	5.08	34.77	199.7	1601	0	102.5	28.5	0.69	1.0	-0.22	2.74	1.00	0.00	0.16	111115
154	"19:05:10"	3083.5	0	18.5	0.299	1.5E+03	9.78	3.52	38.73	6	1.42	1	2.84	45.33	38.73	48.06	1800.36	1695.08	4.858	33.276	5.08	34.77	199.7	1601	0	102.5	28.5	0.69	1.0	-0.22	2.74	1.00	0.00	0.16	111115
155	"19:05:10"	3084.0	0	18.5	0.299	1.5E+03	9.79	3.52	38.74	6	1.42	1	2.84	45.33	38.74	48.06	1800.46	1695.14	4.858	33.279	5.08	34.78	199.7	1601	0	102.5	28.5	0.69	0.7	-0.22	2.74	1.00	0.00	0.16	111115
156	"19:05:11"	3084.5	0	18.5	0.299	1.5E+03	9.79	3.52	38.74	6	1.42	1	2.84	45.33	38.74	48.06	1800.41	1695.09	4.858	33.281	5.08	34.78	199.7	1601	0	102.5	28.5	0.69	0.7	-0.22	2.74	1.00	0.00	0.16	111115
157	"19:05:11"	3085.0	0	18.5	0.299	1.5E+03	9.79	3.52	38.74	6	1.42	1	2.84	45.33	38.74	48.06	1800.41	1695.11	4.858	33.283	5.08	34.78	199.7	1601	0	102.5	28.5	0.69	0.7	-0.22	2.74	1.00	0.00	0.16	111115
158	"19:05:12"	3085.5	0	18.5	0.3	1.5E+03	9.79	3.51	38.72	6	1.42	1	2.84	45.33	38.72	48.06	1800.43	1695.10	4.858	33.284	5.08	34.78	199.7	1601	0	102.5	28.5	0.69	0.7	-0.22	2.74	1.00	0.00	0.16	111115
159	"19:05:12"	3086.0	0	18.5	0.3	1.5E+03	9.79	3.51	38.71	6	1.42	1	2.84	45.33	38.71	48.06	1800.41	1695.07	4.858	33.283	5.08	34.78	199.7	1601	0	102.5	28.5	0.69	0.7	-0.22	2.74	1.00	0.00	0.16	111115
160	"19:05:13"	3086.5	0	18.5	0.301	1.5E+03	9.79	3.5	38.69	6	1.42	1	2.84	45.33	38.69	48.06	1800.44	1695.06	4.858	33.282	5.08	34.78	199.7	1601	0	102.5	28.5	0.69	0.7	-0.22	2.74	1.00	0.00	0.16	111115
161	"19:05:13"	3087.0	0	18.5	0.302	1.5E+03	9.79	3.49	38.67	6	1.42	1	2.84	45.33	38.67	48.06	1800.36	1695.04	4.858	33.279	5.08	34.78	199.7	1601	0	102.5	28.5	0.69	0.7	-0.22	2.74	1.00	0.00	0.16	111115
162	"19:05:14"	3087.5	0	18.5	0.302	1.5E+03	9.79	3.49	38.65	6	1.42	1	2.84	45.33	38.65	48.06	1800.32	1695.02	4.858	33.277	5.08	34.77	199.7	1601	0	102.5	28.5	0.69	1.0	-0.22	2.74	1.00	0.00	0.16	111115
163	"19:05:14"	3088.0	0	18.5	0.303	1.5E+03	9.78	3.48	38.64	6	1.42	1	2.84	45.33	38.64	48.06	1800.35	1695.00	4.858	33.273	5.08	34.77	199.7	1601	0	102.5	28.5	0.69	1.0	-0.22	2.74	1.00	0.00	0.16	111115
164	"19:05:15"	3088.5	0	18.5	0.303	1.5E+03	9.78	3.48	38.63	6	1.42	1	2.84	45.33	38.63	48.06	1800.34	1695.03	4.858	33.267	5.08	34.76	199.7	1601	0	102.5	28.5	0.69	1.0	-0.22	2.74	1.00	0.00	0.16	111115
165	"19:05:15"	3089.5	0	18.5	0.303	1.5E+03	9.78	3.48	38.63	6	1.42	1	2.84	45.33	38.63	48.06	1800.35	1695.08	4.858	33.260	5.08	34.75	199.7	1601	0	102.5	28.5	0.69	1.0	-0.22	2.74	1.00	0.00	0.16	111115
"19:05:21 CO2 Mixer: CO2R -> 400 uml"
"19:05:28 Coolers: Tblock -> 20.00 C"
