"OPEN 6.2.5"
"Fri Jan 21 2022 12:48:35"
<open><version>"6.2.5"</version></open>
<open><configfile>"/User/Configs/UserPrefs/2x3 LED.xml"</configfile></open>
<open><light><source>"6400-02 or -02B LED Source"</source><par_in>1<sensor>"SI-3989"<cal>-0.92<actinity>1.00</actinity><transm>1.00</transm></cal></sensor><transm>1</transm></par_in><par_out>1<sensor>"Q50937"<cal>6.45</cal></sensor></par_out></light></open>
<open><comps><file>"/User/Configs/Comps/StdComps_6.2"<header>""</header><extras></extras></file><energybal>no<f_parIn>1</f_parIn><f_parOut>0</f_parOut><alphaK>0.16</alphaK></energybal><bc_total>2.840<stomatal_ratio>1</stomatal_ratio><bc_oneside>1.420<type>2</type><table>"/Sys/Lib/StdBLCTable"</table><area>6</area><slope>-0.219565</slope><offset>2.73739</offset><fan>5</fan></bc_oneside></bc_total></comps></open>
<open><prompts><onlog>off</onlog><items>"Default (none)"</items></prompts></open>
<open><constants><oxygen>21 %</oxygen><bb_vapor>1.5</bb_vapor><bb_oxy>0.9</bb_oxy></constants></open>
<open><stability><items>"Std Stability"<items[1]><id>-2</id><size>15</size><pcv><onoff>0</onoff><value>1</value></pcv><std><onoff>0</onoff><value>1</value></std><slp><onoff>1</onoff><value>1</value></slp></items[1]><items[2]><id>-5</id><size>15</size><pcv><onoff>0</onoff><value>1</value></pcv><std><onoff>0</onoff><value>1</value></std><slp><onoff>1</onoff><value>1</value></slp></items[2]><items[3]><id>-7</id><size>15</size><pcv><onoff>0</onoff><value>1</value></pcv><std><onoff>0</onoff><value>1</value></std><slp><onoff>1</onoff><value>1</value></slp></items[3]></items></stability></open>
<open><log><format>"StdLogFmt_6.0"<items>{ -35 -21 -36 -76 30 23 36 21 25 221 -33 111 -34 11 -9 -10 -8 -1 -2 -4 -5 -14 -15 -7 -12 -13 -11 -65 -66 -72 -18 -19 -77 -78 -79 -23  }<hdr>{  }</hdr></items></format><options><beep>on</beep><hdr>normal</hdr><rem>normal</rem><stab>no</stab><stats>no<mean>no</mean><file>no</file><period>15</period></stats><excel>yes</excel><controls>yes</controls><comm>no</comm></options><datafile>"/User/jcg_rasa_aci_10c"</datafile><button><action>"Normal Log"<code>" LogOneObsManual "</code></action></button><autoprog>"/User/Configs/AutoProgs/AutoLog2"<active>no</active></autoprog></log></open>
<open><a2d><avgtime>4.0 secs</avgtime><userchans><ch20>"Off"</ch20><ch21>"Off"</ch21><ch22>"Off"</ch22><ch23>"Off"</ch23></userchans></a2d></open>
<open><matching><type>0</type><disp>'a'</disp><settings><CO2Limit>10.0</CO2Limit><H2OLimit>1.0</H2OLimit><MaxAutoTime>60</MaxAutoTime></settings></matching></open>
<li6400><factory><unit>"PSC-4076"</unit><serviced>"31 Mar 2014"</serviced><fuseaware>0</fuseaware><co2mixer>yes</co2mixer><co2><coeffs>{ 0 0.215349 2.57678e-05 1.9763e-08 -3.21542e-12 3.03737e-16  }</coeffs><dvdt>-2.8</dvdt><xs>{ 0.0005 0.0003  }</xs></co2><h2o><coeffs>{ 0 0.00579256 2.19235e-06 9.06457e-12  }</coeffs><dvdt>-1</dvdt><xs>{ -0.0026 0.0003  }</xs></h2o><flow>{ 0 0.3607  }</flow><press>{ 88.32 0.00555  }</press></factory></li6400>
<li6400><user><flow_zero>-1560.7</flow_zero><irga_zero><co2>-312.6 -351.6<at>29.8235</at></co2><h2o>-156.6 77.4<at>31.0407</at></h2o></irga_zero><irga_span><co2>{ 0.988788 0.993555  }</co2><h2o>{ 0.996032 0.996401  }</h2o></irga_span><irga_match><co2>{ -1.32399 16.7715  }</co2><h2o>{ -0.104692 0.305311  }</h2o></irga_match><co2_mixer><pump_mv>4500</pump_mv><ppm>{ 2185.36 1052.7 419.509 255.894 118.056 69.8071 46.8351 46.4167  }</ppm><mv>{ 5000 3000 1500 1000 500 300 200 100  }</mv></co2_mixer><parin_offset>-0.0908794</parin_offset><led_cal><unit>"SI-3989"</unit><mv>{ 10 25 50 100 1000 2000 3000 4000 5000  }</mv><qntm>{ 5.41353 17.8999 38.6356 86.3019 941.421 1838.37 2690.41 3508.95 4284.65  }</qntm></led_cal><lcf_cal><unit>"unknown"</unit><red><mv>{ 50 100 500 1000 1500 5000  }</mv><qntm>{ 50 100 500 1000 2000 5000  }</qntm></red><blue><mv>{ 100 200 500 1000 2000 5000  }</mv><qntm>{ 10 20 50 100 200 500  }</qntm></blue></lcf_cal></user></li6400>
"12:48:38 "
$STARTOFDATA$
"Obs"	"HHMMSS"	"FTime"	"EBal?"	"Photo"	"Cond"	"Ci"	"Trmmol"	"VpdL"	"CTleaf"	"Area"	"BLC_1"	"StmRat"	"BLCond"	"Tair"	"Tleaf"	"TBlk"	"CO2R"	"CO2S"	"H2OR"	"H2OS"	"RH_R"	"RH_S"	"Flow"	"PARi"	"PARo"	"Press"	"CsMch"	"HsMch"	"StableF"	"BLCslope"	"BLCoffst"	"f_parin"	"f_parout"	"alphaK"	"Status"
"12:54:11 Flow: Fixed -> 200 umol/s"
"12:57:12 Flow: Fixed -> 200 umol/s"
"13:01:25 Flow: Fixed -> 200 umol/s"
1	"13:01:45"	796.0	0	9.21	1.19	348	3.79	0.457	14.68	6	1.42	1	2.84	11.80	14.68	10.04	399.36	367.52	0.638	11.901	4.71	87.80	199.7	1600	2	102.5	15.4	0.24	1.0	-0.22	2.74	1.00	0.00	0.16	111115
2	"13:01:46"	796.5	0	9.21	1.19	348	3.79	0.457	14.68	6	1.42	1	2.84	11.80	14.68	10.04	399.38	367.54	0.638	11.902	4.71	87.81	199.7	1600	2	102.5	15.4	0.24	1.0	-0.22	2.74	1.00	0.00	0.16	111115
3	"13:01:47"	797.0	0	9.21	1.19	348	3.79	0.457	14.68	6	1.42	1	2.84	11.80	14.68	10.04	399.39	367.53	0.638	11.902	4.71	87.81	199.7	1600	2	102.5	15.4	0.24	1.0	-0.22	2.74	1.00	0.00	0.16	111115
4	"13:01:47"	797.5	0	9.23	1.19	348	3.8	0.456	14.67	6	1.42	1	2.84	11.80	14.67	10.04	399.43	367.53	0.638	11.903	4.71	87.81	199.7	1600	2	102.5	15.4	0.24	1.0	-0.22	2.74	1.00	0.00	0.16	111115
5	"13:01:48"	798.0	0	9.23	1.19	348	3.79	0.456	14.67	6	1.42	1	2.84	11.80	14.67	10.04	399.47	367.54	0.638	11.902	4.71	87.80	199.7	1600	2	102.5	15.4	0.24	1.0	-0.22	2.74	1.00	0.00	0.16	111115
6	"13:01:48"	798.5	0	9.25	1.19	348	3.79	0.456	14.68	6	1.42	1	2.84	11.80	14.68	10.04	399.50	367.53	0.638	11.902	4.71	87.80	199.7	1600	2	102.5	15.4	0.24	1.0	-0.22	2.74	1.00	0.00	0.16	111115
7	"13:01:49"	799.0	0	9.24	1.19	348	3.79	0.457	14.68	6	1.42	1	2.84	11.80	14.68	10.04	399.52	367.55	0.638	11.902	4.71	87.79	199.7	1600	2	102.5	15.4	0.24	1.0	-0.22	2.74	1.00	0.00	0.16	111115
8	"13:01:49"	799.5	0	9.25	1.19	348	3.79	0.457	14.68	6	1.42	1	2.84	11.80	14.68	10.04	399.51	367.54	0.638	11.902	4.71	87.80	199.7	1600	2	102.5	15.4	0.24	1.0	-0.22	2.74	1.00	0.00	0.16	111115
9	"13:01:50"	800.0	0	9.24	1.19	348	3.79	0.457	14.68	6	1.42	1	2.84	11.80	14.68	10.04	399.51	367.55	0.637	11.903	4.70	87.80	199.7	1600	2	102.5	15.4	0.24	1.0	-0.22	2.74	1.00	0.00	0.16	111115
10	"13:01:50"	800.5	0	9.25	1.19	348	3.8	0.457	14.68	6	1.42	1	2.84	11.80	14.68	10.04	399.52	367.53	0.637	11.903	4.70	87.81	199.7	1600	2	102.5	15.4	0.24	1.0	-0.22	2.74	1.00	0.00	0.16	111115
11	"13:01:51"	801.0	0	9.25	1.19	348	3.8	0.457	14.68	6	1.42	1	2.84	11.80	14.68	10.04	399.51	367.53	0.637	11.903	4.70	87.81	199.7	1600	2	102.5	15.4	0.24	1.0	-0.22	2.74	1.00	0.00	0.16	111115
12	"13:01:51"	801.5	0	9.25	1.19	348	3.8	0.457	14.68	6	1.42	1	2.84	11.80	14.68	10.04	399.52	367.54	0.636	11.903	4.69	87.81	199.7	1600	2	102.5	15.4	0.24	1.0	-0.22	2.74	1.00	0.00	0.16	111115
13	"13:01:52"	802.0	0	9.27	1.19	348	3.8	0.457	14.68	6	1.42	1	2.84	11.80	14.68	10.04	399.55	367.51	0.635	11.903	4.69	87.81	199.7	1600	2	102.5	15.4	0.24	1.0	-0.22	2.74	1.00	0.00	0.16	111115
14	"13:01:52"	802.5	0	9.27	1.19	348	3.8	0.457	14.68	6	1.42	1	2.84	11.80	14.68	10.03	399.56	367.53	0.635	11.903	4.68	87.81	199.7	1600	2	102.5	15.4	0.24	1.0	-0.22	2.74	1.00	0.00	0.16	111115
15	"13:01:53"	803.0	0	9.28	1.19	348	3.8	0.457	14.68	6	1.42	1	2.84	11.80	14.68	10.04	399.59	367.51	0.635	11.903	4.68	87.81	199.7	1600	2	102.5	15.4	0.24	1.0	-0.22	2.74	1.00	0.00	0.16	111115
"13:01:59 CO2 Mixer: CO2R -> 300 uml"
"13:07:08 Flow: Fixed -> 200 umol/s"
16	"13:07:54"	1164.5	0	7.7	1.14	257	3.78	0.468	14.72	6	1.42	1	2.84	11.85	14.72	10.05	299.15	272.90	0.629	11.841	4.62	87.06	199.7	1599	2	102.5	14.4	0.217	1.0	-0.22	2.74	1.00	0.00	0.16	111115
17	"13:07:54"	1165.0	0	7.72	1.15	257	3.78	0.467	14.72	6	1.42	1	2.84	11.85	14.72	10.05	299.18	272.89	0.629	11.840	4.63	87.07	199.7	1599	2	102.5	14.4	0.217	1.0	-0.22	2.74	1.00	0.00	0.16	111115
18	"13:07:55"	1165.5	0	7.72	1.15	257	3.78	0.467	14.71	6	1.42	1	2.84	11.85	14.71	10.05	299.18	272.90	0.629	11.840	4.62	87.07	199.7	1599	2	102.5	14.4	0.217	1.0	-0.22	2.74	1.00	0.00	0.16	111115
19	"13:07:55"	1166.0	0	7.72	1.15	257	3.78	0.467	14.71	6	1.42	1	2.84	11.85	14.71	10.05	299.18	272.89	0.629	11.840	4.62	87.07	199.7	1600	2	102.5	14.4	0.217	1.0	-0.22	2.74	1.00	0.00	0.16	111115
20	"13:07:56"	1166.5	0	7.72	1.15	257	3.78	0.467	14.71	6	1.42	1	2.84	11.85	14.71	10.05	299.19	272.90	0.629	11.840	4.62	87.07	199.7	1600	2	102.5	14.4	0.217	1.0	-0.22	2.74	1.00	0.00	0.16	111115
21	"13:07:56"	1167.0	0	7.73	1.15	257	3.78	0.467	14.71	6	1.42	1	2.84	11.85	14.71	10.05	299.20	272.90	0.629	11.841	4.62	87.07	199.7	1600	2	102.5	14.4	0.217	1.0	-0.22	2.74	1.00	0.00	0.16	111115
22	"13:07:57"	1167.5	0	7.74	1.15	257	3.78	0.466	14.71	6	1.42	1	2.84	11.85	14.71	10.05	299.23	272.89	0.629	11.841	4.63	87.08	199.7	1600	2	102.5	14.4	0.217	1.0	-0.22	2.74	1.00	0.00	0.16	111115
23	"13:07:57"	1168.0	0	7.74	1.15	256	3.78	0.466	14.70	6	1.42	1	2.84	11.85	14.70	10.05	299.22	272.86	0.629	11.839	4.63	87.06	199.7	1600	2	102.5	14.4	0.217	1.0	-0.22	2.74	1.00	0.00	0.16	111115
24	"13:07:58"	1168.5	0	7.74	1.15	256	3.78	0.465	14.70	6	1.42	1	2.84	11.85	14.70	10.05	299.21	272.86	0.630	11.839	4.63	87.06	199.7	1599	2	102.5	14.4	0.217	1.0	-0.22	2.74	1.00	0.00	0.16	111115
25	"13:07:58"	1169.0	0	7.74	1.15	257	3.78	0.466	14.70	6	1.42	1	2.84	11.85	14.70	10.05	299.20	272.87	0.629	11.840	4.63	87.06	199.7	1600	2	102.5	14.4	0.217	1.0	-0.22	2.74	1.00	0.00	0.16	111115
26	"13:07:59"	1169.5	0	7.74	1.15	257	3.78	0.466	14.71	6	1.42	1	2.84	11.85	14.71	10.05	299.24	272.89	0.630	11.840	4.63	87.05	199.7	1599	2	102.5	14.4	0.217	1.0	-0.22	2.74	1.00	0.00	0.16	111115
27	"13:07:59"	1170.0	0	7.75	1.15	257	3.78	0.466	14.71	6	1.42	1	2.84	11.85	14.71	10.05	299.28	272.90	0.630	11.840	4.63	87.04	199.7	1599	2	102.5	14.4	0.217	1.0	-0.22	2.74	1.00	0.00	0.16	111115
28	"13:08:00"	1170.5	0	7.76	1.15	256	3.78	0.466	14.71	6	1.42	1	2.84	11.85	14.71	10.05	299.29	272.89	0.629	11.839	4.63	87.04	199.7	1599	2	102.5	14.4	0.217	1.0	-0.22	2.74	1.00	0.00	0.16	111115
29	"13:08:00"	1171.0	0	7.77	1.15	256	3.78	0.467	14.72	6	1.42	1	2.84	11.85	14.72	10.05	299.33	272.90	0.629	11.839	4.63	87.03	199.7	1599	2	102.5	14.4	0.217	1.0	-0.22	2.74	1.00	0.00	0.16	111115
30	"13:08:01"	1172.0	0	7.79	1.14	256	3.78	0.468	14.73	6	1.42	1	2.84	11.86	14.73	10.05	299.40	272.91	0.629	11.841	4.62	87.02	199.7	1599	2	102.5	14.4	0.217	1.0	-0.22	2.74	1.00	0.00	0.16	111115
"13:08:07 CO2 Mixer: CO2R -> 200 uml"
"13:11:32 Flow: Fixed -> 200 umol/s"
31	"13:12:20"	1431.0	0	5.48	1.2	170	3.8	0.455	14.67	6	1.42	1	2.84	11.87	14.67	10.09	199.85	181.33	0.629	11.908	4.62	87.43	199.7	1599	2	102.5	12.8	0.277	1.0	-0.22	2.74	1.00	0.00	0.16	111115
32	"13:12:21"	1431.5	0	5.48	1.2	170	3.8	0.454	14.66	6	1.42	1	2.84	11.87	14.66	10.09	199.85	181.33	0.629	11.907	4.62	87.42	199.7	1599	2	102.5	12.8	0.277	1.0	-0.22	2.74	1.00	0.00	0.16	111115
33	"13:12:21"	1431.5	0	5.48	1.2	170	3.8	0.454	14.66	6	1.42	1	2.84	11.87	14.66	10.09	199.85	181.33	0.629	11.907	4.62	87.42	199.7	1599	2	102.5	12.8	0.277	1.0	-0.22	2.74	1.00	0.00	0.16	111115
34	"13:12:22"	1432.0	0	5.49	1.21	170	3.8	0.452	14.64	6	1.42	1	2.84	11.87	14.64	10.09	199.87	181.32	0.629	11.908	4.61	87.41	199.7	1599	2	102.5	12.8	0.277	1.0	-0.22	2.74	1.00	0.00	0.16	111115
35	"13:12:22"	1433.0	0	5.49	1.22	170	3.8	0.451	14.63	6	1.42	1	2.84	11.87	14.63	10.09	199.86	181.30	0.628	11.909	4.61	87.41	199.7	1599	2	102.5	12.8	0.277	1.0	-0.22	2.74	1.00	0.00	0.16	111115
36	"13:12:23"	1433.5	0	5.49	1.22	170	3.8	0.45	14.62	6	1.42	1	2.84	11.87	14.62	10.09	199.88	181.32	0.628	11.910	4.61	87.42	199.7	1600	2	102.5	12.8	0.277	1.0	-0.22	2.74	1.00	0.00	0.16	111115
37	"13:12:24"	1434.0	0	5.5	1.22	170	3.8	0.449	14.61	6	1.42	1	2.84	11.87	14.61	10.09	199.93	181.32	0.628	11.910	4.61	87.42	199.7	1600	2	102.5	12.8	0.277	1.0	-0.22	2.74	1.00	0.00	0.16	111115
38	"13:12:24"	1434.5	0	5.51	1.22	170	3.8	0.449	14.61	6	1.42	1	2.84	11.87	14.61	10.09	199.96	181.32	0.628	11.911	4.61	87.43	199.7	1600	2	102.5	12.8	0.277	1.0	-0.22	2.74	1.00	0.00	0.16	111115
39	"13:12:25"	1435.0	0	5.52	1.23	170	3.8	0.449	14.61	6	1.42	1	2.84	11.87	14.61	10.09	199.98	181.32	0.628	11.912	4.61	87.43	199.7	1600	2	102.5	12.8	0.277	1.0	-0.22	2.74	1.00	0.00	0.16	111115
40	"13:12:25"	1435.5	0	5.52	1.23	170	3.8	0.449	14.61	6	1.42	1	2.84	11.87	14.61	10.09	199.98	181.32	0.628	11.913	4.61	87.44	199.7	1600	2	102.5	12.8	0.277	1.0	-0.22	2.74	1.00	0.00	0.16	111115
41	"13:12:26"	1436.0	0	5.53	1.22	170	3.8	0.45	14.62	6	1.42	1	2.84	11.87	14.62	10.09	200.00	181.32	0.627	11.913	4.60	87.45	199.7	1600	2	102.5	12.8	0.277	1.0	-0.22	2.74	1.00	0.00	0.16	111115
42	"13:12:26"	1436.5	0	5.53	1.22	170	3.8	0.45	14.63	6	1.42	1	2.84	11.87	14.63	10.09	200.02	181.33	0.627	11.913	4.60	87.44	199.7	1600	2	102.5	12.8	0.277	1.0	-0.22	2.74	1.00	0.00	0.16	111115
43	"13:12:27"	1437.0	0	5.54	1.22	170	3.8	0.45	14.63	6	1.42	1	2.84	11.87	14.63	10.09	200.06	181.33	0.627	11.912	4.60	87.44	199.7	1600	2	102.5	12.8	0.277	1.0	-0.22	2.74	1.00	0.00	0.16	111115
44	"13:12:27"	1437.5	0	5.55	1.22	170	3.8	0.451	14.64	6	1.42	1	2.84	11.88	14.64	10.09	200.07	181.33	0.627	11.912	4.60	87.43	199.7	1600	2	102.5	12.8	0.277	1.0	-0.22	2.74	1.00	0.00	0.16	111115
45	"13:12:28"	1438.0	0	5.54	1.21	170	3.8	0.452	14.64	6	1.42	1	2.84	11.88	14.64	10.10	200.04	181.32	0.627	11.912	4.60	87.43	199.7	1600	2	102.5	12.8	0.277	1.0	-0.22	2.74	1.00	0.00	0.16	111115
"13:12:33 CO2 Mixer: CO2R -> 100 uml"
"13:16:01 Flow: Fixed -> 200 umol/s"
46	"13:16:26"	1676.5	0	2.43	1.26	87.9	3.78	0.437	14.43	6	1.42	1	2.84	11.82	14.43	10.04	101.08	92.71	0.628	11.839	4.63	87.24	199.7	1600	2	102.5	11.4	0.287	1.0	-0.22	2.74	1.00	0.00	0.16	111115
47	"13:16:26"	1677.0	0	2.44	1.26	87.9	3.78	0.436	14.43	6	1.42	1	2.84	11.82	14.43	10.04	101.08	92.72	0.628	11.840	4.63	87.25	199.8	1600	2	102.5	11.4	0.287	1.0	-0.22	2.74	1.00	0.00	0.16	111115
48	"13:16:27"	1677.5	0	2.45	1.27	87.8	3.78	0.436	14.43	6	1.42	1	2.84	11.81	14.43	10.04	101.10	92.70	0.628	11.840	4.63	87.25	199.8	1600	2	102.5	11.4	0.287	1.0	-0.22	2.74	1.00	0.00	0.16	111115
49	"13:16:27"	1678.0	0	2.45	1.27	87.8	3.78	0.436	14.42	6	1.42	1	2.84	11.81	14.42	10.04	101.11	92.70	0.628	11.839	4.63	87.25	199.7	1600	2	102.5	11.4	0.287	1.0	-0.22	2.74	1.00	0.00	0.16	111115
50	"13:16:28"	1678.0	0	2.45	1.27	87.8	3.78	0.436	14.42	6	1.42	1	2.84	11.81	14.42	10.04	101.11	92.70	0.628	11.839	4.63	87.25	199.7	1600	2	102.5	11.4	0.287	1.0	-0.22	2.74	1.00	0.00	0.16	111115
51	"13:16:28"	1678.5	0	2.45	1.27	87.8	3.78	0.435	14.42	6	1.42	1	2.84	11.81	14.42	10.04	101.11	92.70	0.628	11.840	4.63	87.27	199.7	1600	2	102.5	11.4	0.287	1.0	-0.22	2.74	1.00	0.00	0.16	111115
52	"13:16:29"	1679.0	0	2.45	1.27	87.8	3.78	0.436	14.43	6	1.42	1	2.84	11.81	14.43	10.04	101.09	92.70	0.629	11.839	4.63	87.26	199.8	1600	2	102.5	11.4	0.287	1.0	-0.22	2.74	1.00	0.00	0.16	111115
53	"13:16:29"	1679.5	0	2.44	1.26	87.9	3.78	0.436	14.43	6	1.42	1	2.84	11.81	14.43	10.04	101.08	92.71	0.628	11.840	4.63	87.27	199.8	1600	2	102.5	11.4	0.287	1.0	-0.22	2.74	1.00	0.00	0.16	111115
54	"13:16:30"	1679.5	0	2.44	1.26	87.9	3.78	0.436	14.43	6	1.42	1	2.84	11.81	14.43	10.04	101.08	92.71	0.628	11.840	4.63	87.27	199.8	1600	2	102.5	11.4	0.287	1.0	-0.22	2.74	1.00	0.00	0.16	111115
55	"13:16:30"	1680.5	0	2.43	1.25	87.8	3.78	0.439	14.45	6	1.42	1	2.84	11.81	14.45	10.04	101.06	92.70	0.628	11.840	4.63	87.27	199.7	1600	2	102.5	11.4	0.287	1.0	-0.22	2.74	1.00	0.00	0.16	111115
56	"13:16:31"	1681.0	0	2.43	1.25	87.8	3.78	0.439	14.46	6	1.42	1	2.84	11.81	14.46	10.04	101.05	92.71	0.628	11.840	4.63	87.27	199.7	1600	2	102.5	11.4	0.287	1.0	-0.22	2.74	1.00	0.00	0.16	111115
57	"13:16:32"	1682.0	0	2.42	1.24	87.9	3.78	0.441	14.47	6	1.42	1	2.84	11.81	14.47	10.04	101.06	92.74	0.628	11.841	4.63	87.27	199.7	1600	2	102.5	11.4	0.287	1.0	-0.22	2.74	1.00	0.00	0.16	111115
58	"13:16:32"	1683.0	0	2.43	1.25	87.8	3.78	0.441	14.47	6	1.42	1	2.84	11.82	14.47	10.04	101.10	92.74	0.628	11.840	4.63	87.25	199.7	1600	2	102.5	11.4	0.287	1.0	-0.22	2.74	1.00	0.00	0.16	111115
59	"13:16:33"	1683.5	0	2.43	1.25	87.8	3.78	0.441	14.47	6	1.42	1	2.84	11.82	14.47	10.04	101.09	92.73	0.629	11.839	4.63	87.24	199.7	1600	2	102.5	11.4	0.287	1.0	-0.22	2.74	1.00	0.00	0.16	111115
60	"13:16:33"	1684.0	0	2.42	1.25	87.9	3.78	0.44	14.47	6	1.42	1	2.84	11.82	14.47	10.04	101.06	92.73	0.629	11.840	4.63	87.25	199.7	1600	2	102.5	11.4	0.287	1.0	-0.22	2.74	1.00	0.00	0.16	111115
"13:16:40 CO2 Mixer: CO2R -> 50 uml"
"13:21:52 Flow: Fixed -> 200 umol/s"
61	"13:22:57"	2067.0	0	0.546	1.16	46.7	3.77	0.464	14.67	6	1.42	1	2.84	11.90	14.67	10.12	50.21	48.03	0.622	11.822	4.55	86.62	199.7	1599	1	102.5	10.8	0.309	1.0	-0.22	2.74	1.00	0.00	0.16	111135
62	"13:22:57"	2067.0	0	0.546	1.16	46.7	3.77	0.464	14.67	6	1.42	1	2.84	11.90	14.67	10.12	50.21	48.03	0.622	11.822	4.55	86.62	199.7	1599	1	102.5	10.8	0.309	1.0	-0.22	2.74	1.00	0.00	0.16	111135
63	"13:22:58"	2067.5	0	0.532	1.16	46.7	3.77	0.463	14.67	6	1.42	1	2.84	11.91	14.67	10.12	50.19	48.05	0.621	11.822	4.55	86.62	199.7	1599	1	102.5	10.8	0.309	1.0	-0.22	2.74	1.00	0.00	0.16	111135
64	"13:22:58"	2068.0	0	0.518	1.16	46.8	3.77	0.463	14.66	6	1.42	1	2.84	11.91	14.66	10.12	50.16	48.06	0.621	11.823	4.55	86.61	199.7	1599	2	102.5	10.8	0.309	1.0	-0.22	2.74	1.00	0.00	0.16	111135
65	"13:22:59"	2068.5	0	0.511	1.16	46.8	3.77	0.462	14.66	6	1.42	1	2.84	11.91	14.66	10.12	50.15	48.07	0.621	11.824	4.55	86.61	199.7	1599	2	102.5	10.8	0.309	1.0	-0.22	2.74	1.00	0.00	0.16	111135
66	"13:22:59"	2069.0	0	0.51	1.17	46.8	3.77	0.461	14.65	6	1.42	1	2.84	11.91	14.65	10.12	50.15	48.07	0.621	11.825	4.55	86.63	199.7	1599	2	102.5	10.8	0.309	1.0	-0.22	2.74	1.00	0.00	0.16	111135
67	"13:23:00"	2069.5	0	0.52	1.17	46.8	3.77	0.46	14.64	6	1.42	1	2.84	11.91	14.64	10.12	50.18	48.07	0.621	11.826	4.55	86.63	199.7	1599	2	102.5	10.8	0.309	1.0	-0.22	2.74	1.00	0.00	0.16	111135
68	"13:23:01"	2070.0	0	0.522	1.17	46.8	3.77	0.459	14.63	6	1.42	1	2.84	11.91	14.63	10.12	50.19	48.07	0.621	11.826	4.55	86.63	199.7	1599	2	102.5	10.8	0.309	1.0	-0.22	2.74	1.00	0.00	0.16	111135
69	"13:23:01"	2070.5	0	0.527	1.18	46.8	3.78	0.458	14.62	6	1.42	1	2.84	11.91	14.62	10.12	50.20	48.07	0.621	11.827	4.55	86.63	199.8	1599	2	102.5	10.8	0.309	1.0	-0.22	2.74	1.00	0.00	0.16	111135
70	"13:23:02"	2071.0	0	0.526	1.18	46.8	3.78	0.457	14.61	6	1.42	1	2.84	11.91	14.61	10.12	50.18	48.05	0.621	11.826	4.55	86.63	199.8	1599	2	102.5	10.8	0.309	1.0	-0.22	2.74	1.00	0.00	0.16	111135
71	"13:23:02"	2071.5	0	0.539	1.18	46.7	3.77	0.457	14.61	6	1.42	1	2.84	11.91	14.61	10.12	50.20	48.04	0.621	11.825	4.55	86.62	199.8	1600	2	102.5	10.8	0.309	1.0	-0.22	2.74	1.00	0.00	0.16	111135
72	"13:23:03"	2072.0	0	0.556	1.19	46.7	3.78	0.456	14.60	6	1.42	1	2.84	11.91	14.60	10.13	50.24	48.03	0.621	11.826	4.55	86.63	199.8	1600	2	102.5	10.8	0.309	1.0	-0.22	2.74	1.00	0.00	0.16	111135
73	"13:23:03"	2072.5	0	0.576	1.19	46.6	3.77	0.456	14.60	6	1.42	1	2.84	11.91	14.60	10.13	50.30	48.02	0.621	11.825	4.55	86.62	199.8	1600	2	102.5	10.8	0.309	1.0	-0.22	2.74	1.00	0.00	0.16	111135
74	"13:23:04"	2073.0	0	0.599	1.19	46.6	3.78	0.456	14.60	6	1.42	1	2.84	11.91	14.60	10.13	50.36	48.02	0.621	11.824	4.55	86.62	199.8	1600	2	102.5	10.8	0.309	1.0	-0.22	2.74	1.00	0.00	0.16	111135
75	"13:23:04"	2073.5	0	0.607	1.19	46.6	3.78	0.455	14.59	6	1.42	1	2.84	11.91	14.59	10.13	50.39	48.03	0.621	11.825	4.55	86.62	199.8	1600	2	102.5	10.8	0.309	1.0	-0.22	2.74	1.00	0.00	0.16	111135
"13:23:12 CO2 Mixer: CO2R -> 400 uml"
"13:29:08 Flow: Fixed -> 200 umol/s"
76	"13:29:54"	2484.5	0	8.87	1.12	351	3.72	0.469	14.55	6	1.42	1	2.84	11.89	14.55	10.07	400.92	370.14	0.617	11.652	4.53	85.47	199.7	1599	2	102.5	16.3	0.316	1.0	-0.22	2.74	1.00	0.00	0.16	111115
77	"13:29:55"	2485.0	0	8.86	1.12	351	3.72	0.469	14.55	6	1.42	1	2.84	11.89	14.55	10.07	400.90	370.15	0.617	11.652	4.53	85.46	199.7	1599	2	102.5	16.3	0.316	1.0	-0.22	2.74	1.00	0.00	0.16	111115
78	"13:29:55"	2485.0	0	8.86	1.12	351	3.72	0.469	14.55	6	1.42	1	2.84	11.89	14.55	10.07	400.90	370.15	0.617	11.652	4.53	85.46	199.7	1599	2	102.5	16.3	0.316	1.0	-0.22	2.74	1.00	0.00	0.16	111115
79	"13:29:56"	2485.5	0	8.85	1.11	351	3.72	0.469	14.56	6	1.42	1	2.84	11.89	14.56	10.07	400.89	370.16	0.616	11.652	4.52	85.46	199.7	1599	2	102.5	16.3	0.316	1.0	-0.22	2.74	1.00	0.00	0.16	111115
80	"13:29:56"	2486.0	0	8.85	1.11	351	3.72	0.47	14.56	6	1.42	1	2.84	11.89	14.56	10.07	400.90	370.16	0.617	11.652	4.52	85.46	199.7	1599	2	102.5	16.3	0.316	1.0	-0.22	2.74	1.00	0.00	0.16	111115
81	"13:29:57"	2486.5	0	8.87	1.11	351	3.72	0.47	14.57	6	1.42	1	2.84	11.89	14.57	10.07	400.92	370.14	0.617	11.652	4.52	85.45	199.7	1599	2	102.5	16.3	0.316	1.0	-0.22	2.74	1.00	0.00	0.16	111115
82	"13:29:57"	2487.0	0	8.88	1.11	350	3.72	0.471	14.57	6	1.42	1	2.84	11.89	14.57	10.07	400.94	370.13	0.617	11.652	4.52	85.45	199.7	1599	1	102.5	16.3	0.316	1.0	-0.22	2.74	1.00	0.00	0.16	111115
83	"13:29:58"	2487.5	0	8.88	1.11	350	3.72	0.471	14.58	6	1.42	1	2.84	11.89	14.58	10.07	400.93	370.13	0.617	11.651	4.52	85.44	199.7	1599	1	102.5	16.3	0.316	1.0	-0.22	2.74	1.00	0.00	0.16	111115
84	"13:29:58"	2488.0	0	8.87	1.11	350	3.72	0.472	14.58	6	1.42	1	2.84	11.89	14.58	10.07	400.92	370.14	0.617	11.651	4.52	85.44	199.7	1599	1	102.5	16.3	0.316	1.0	-0.22	2.74	1.00	0.00	0.16	111115
85	"13:29:59"	2488.5	0	8.86	1.11	351	3.72	0.472	14.58	6	1.42	1	2.84	11.89	14.58	10.07	400.92	370.18	0.617	11.651	4.52	85.44	199.8	1599	1	102.5	16.3	0.316	1.0	-0.22	2.74	1.00	0.00	0.16	111115
86	"13:29:59"	2489.0	0	8.86	1.11	351	3.72	0.472	14.58	6	1.42	1	2.84	11.89	14.58	10.07	400.93	370.17	0.617	11.652	4.52	85.45	199.8	1599	1	102.5	16.3	0.316	1.0	-0.22	2.74	1.00	0.00	0.16	111115
87	"13:30:00"	2489.5	0	8.88	1.11	350	3.72	0.472	14.58	6	1.42	1	2.84	11.89	14.58	10.07	400.92	370.13	0.617	11.651	4.53	85.44	199.8	1599	1	102.5	16.3	0.316	1.0	-0.22	2.74	1.00	0.00	0.16	111115
88	"13:30:00"	2490.0	0	8.88	1.11	350	3.72	0.471	14.57	6	1.42	1	2.84	11.89	14.57	10.07	400.93	370.14	0.617	11.652	4.52	85.45	199.8	1599	1	102.5	16.3	0.316	1.0	-0.22	2.74	1.00	0.00	0.16	111115
89	"13:30:01"	2490.5	0	8.86	1.11	351	3.72	0.47	14.57	6	1.42	1	2.84	11.89	14.57	10.07	400.90	370.15	0.617	11.653	4.52	85.46	199.8	1599	1	102.5	16.3	0.316	1.0	-0.22	2.74	1.00	0.00	0.16	111115
90	"13:30:01"	2491.0	0	8.86	1.11	351	3.72	0.47	14.56	6	1.42	1	2.84	11.89	14.56	10.07	400.88	370.15	0.616	11.654	4.52	85.47	199.8	1599	2	102.5	16.3	0.316	1.0	-0.22	2.74	1.00	0.00	0.16	111115
"13:30:15 CO2 Mixer: CO2R -> 600 uml"
"13:33:52 Flow: Fixed -> 200 umol/s"
91	"13:34:32"	2761.5	0	9.85	1.14	542	3.7	0.459	14.41	6	1.42	1	2.84	11.81	14.41	10.05	600.33	564.46	0.614	11.604	4.53	85.53	199.7	1600	2	102.5	18.3	0.345	1.0	-0.22	2.74	1.00	0.00	0.16	111115
92	"13:34:32"	2762.0	0	9.85	1.14	542	3.7	0.459	14.42	6	1.42	1	2.84	11.81	14.42	10.05	600.35	564.47	0.615	11.605	4.53	85.53	199.7	1600	2	102.5	18.3	0.345	1.0	-0.22	2.74	1.00	0.00	0.16	111115
93	"13:34:33"	2762.5	0	9.86	1.14	542	3.7	0.459	14.41	6	1.42	1	2.84	11.81	14.41	10.05	600.37	564.48	0.615	11.604	4.53	85.53	199.7	1600	2	102.5	18.3	0.345	1.0	-0.22	2.74	1.00	0.00	0.16	111115
94	"13:34:33"	2763.0	0	9.86	1.14	542	3.7	0.459	14.41	6	1.42	1	2.84	11.81	14.41	10.05	600.40	564.50	0.615	11.604	4.53	85.53	199.8	1600	2	102.5	18.3	0.345	1.0	-0.22	2.74	1.00	0.00	0.16	111115
95	"13:34:34"	2763.5	0	9.84	1.15	542	3.7	0.458	14.41	6	1.42	1	2.84	11.81	14.41	10.05	600.37	564.53	0.614	11.605	4.53	85.53	199.8	1600	2	102.5	18.3	0.345	1.0	-0.22	2.74	1.00	0.00	0.16	111115
96	"13:34:34"	2764.0	0	9.85	1.15	542	3.7	0.458	14.41	6	1.42	1	2.84	11.81	14.41	10.05	600.40	564.54	0.615	11.605	4.53	85.53	199.8	1600	2	102.5	18.3	0.345	1.0	-0.22	2.74	1.00	0.00	0.16	111115
97	"13:34:35"	2764.5	0	9.86	1.15	542	3.7	0.458	14.41	6	1.42	1	2.84	11.81	14.41	10.05	600.44	564.56	0.614	11.606	4.53	85.54	199.8	1600	2	102.5	18.3	0.345	1.0	-0.22	2.74	1.00	0.00	0.16	111115
98	"13:34:35"	2765.0	0	9.86	1.15	542	3.7	0.458	14.41	6	1.42	1	2.84	11.81	14.41	10.05	600.46	564.56	0.615	11.606	4.53	85.54	199.7	1600	2	102.5	18.3	0.345	1.0	-0.22	2.74	1.00	0.00	0.16	111115
99	"13:34:36"	2765.5	0	9.85	1.15	542	3.7	0.458	14.41	6	1.42	1	2.84	11.81	14.41	10.05	600.42	564.56	0.614	11.606	4.53	85.54	199.8	1600	2	102.5	18.3	0.345	1.0	-0.22	2.74	1.00	0.00	0.16	111115
100	"13:34:36"	2765.5	0	9.85	1.15	542	3.7	0.458	14.41	6	1.42	1	2.84	11.81	14.41	10.05	600.42	564.56	0.614	11.606	4.53	85.54	199.8	1600	2	102.5	18.3	0.345	1.0	-0.22	2.74	1.00	0.00	0.16	111115
101	"13:34:37"	2766.0	0	9.83	1.15	542	3.7	0.458	14.41	6	1.42	1	2.84	11.81	14.41	10.05	600.37	564.58	0.615	11.606	4.53	85.54	199.8	1600	2	102.5	18.3	0.345	1.0	-0.22	2.74	1.00	0.00	0.16	111115
102	"13:34:37"	2766.5	0	9.81	1.15	542	3.7	0.458	14.41	6	1.42	1	2.84	11.81	14.41	10.05	600.32	564.58	0.614	11.606	4.53	85.53	199.7	1600	2	102.5	18.3	0.345	1.0	-0.22	2.74	1.00	0.00	0.16	111115
103	"13:34:38"	2767.0	0	9.81	1.15	542	3.7	0.458	14.41	6	1.42	1	2.84	11.81	14.41	10.05	600.31	564.56	0.614	11.606	4.53	85.53	199.7	1600	2	102.5	18.3	0.345	1.0	-0.22	2.74	1.00	0.00	0.16	111115
104	"13:34:39"	2768.0	0	9.82	1.15	542	3.7	0.458	14.41	6	1.42	1	2.84	11.82	14.41	10.05	600.37	564.58	0.614	11.606	4.53	85.52	199.7	1600	2	102.5	18.3	0.345	1.0	-0.22	2.74	1.00	0.00	0.16	111115
105	"13:34:39"	2769.0	0	9.85	1.15	542	3.7	0.458	14.41	6	1.42	1	2.84	11.82	14.41	10.05	600.44	564.58	0.615	11.605	4.53	85.51	199.7	1600	2	102.5	18.3	0.345	1.0	-0.22	2.74	1.00	0.00	0.16	111115
"13:34:49 CO2 Mixer: CO2R -> 900 uml"
"13:38:47 Flow: Fixed -> 200 umol/s"
106	"13:40:35"	3125.0	0	10.1	0.945	832	3.58	0.51	14.54	6	1.42	1	2.84	11.84	14.54	10.05	899.98	860.36	0.611	11.239	4.49	82.67	199.7	1599	2	102.5	20	0.388	1.0	-0.22	2.74	1.00	0.00	0.16	111115
107	"13:40:35"	3125.0	0	10.1	0.945	832	3.58	0.51	14.54	6	1.42	1	2.84	11.84	14.54	10.05	899.98	860.36	0.611	11.239	4.49	82.67	199.7	1599	2	102.5	20	0.388	1.0	-0.22	2.74	1.00	0.00	0.16	111115
108	"13:40:36"	3125.5	0	10.1	0.944	832	3.58	0.51	14.54	6	1.42	1	2.84	11.84	14.54	10.05	900.06	860.37	0.611	11.238	4.49	82.66	199.7	1599	2	102.5	20	0.388	1.0	-0.22	2.74	1.00	0.00	0.16	111115
109	"13:40:36"	3126.0	0	10.2	0.944	832	3.58	0.51	14.54	6	1.42	1	2.84	11.84	14.54	10.06	900.13	860.37	0.611	11.237	4.49	82.65	199.7	1599	2	102.5	20	0.388	1.0	-0.22	2.74	1.00	0.00	0.16	111115
110	"13:40:37"	3126.5	0	10.2	0.944	832	3.58	0.51	14.54	6	1.42	1	2.84	11.84	14.54	10.06	900.21	860.37	0.611	11.236	4.49	82.65	199.7	1599	2	102.5	20	0.388	1.0	-0.22	2.74	1.00	0.00	0.16	111115
111	"13:40:37"	3127.0	0	10.2	0.946	832	3.58	0.509	14.53	6	1.42	1	2.84	11.84	14.53	10.06	900.31	860.36	0.611	11.235	4.49	82.64	199.7	1599	2	102.5	20	0.388	1.0	-0.22	2.74	1.00	0.00	0.16	111115
112	"13:40:38"	3127.5	0	10.3	0.949	832	3.58	0.508	14.52	6	1.42	1	2.84	11.84	14.52	10.06	900.40	860.35	0.611	11.234	4.50	82.63	199.7	1599	2	102.5	20	0.388	1.0	-0.22	2.74	1.00	0.00	0.16	111115
113	"13:40:38"	3128.0	0	10.3	0.95	832	3.58	0.508	14.52	6	1.42	1	2.84	11.84	14.52	10.06	900.45	860.36	0.611	11.234	4.50	82.63	199.7	1599	2	102.5	20	0.388	1.0	-0.22	2.74	1.00	0.00	0.16	111115
114	"13:40:39"	3128.5	0	10.3	0.951	832	3.58	0.507	14.51	6	1.42	1	2.84	11.84	14.51	10.06	900.44	860.34	0.611	11.233	4.49	82.63	199.7	1599	2	102.5	20	0.388	1.0	-0.22	2.74	1.00	0.00	0.16	111115
115	"13:40:39"	3129.0	0	10.3	0.952	832	3.58	0.507	14.51	6	1.42	1	2.84	11.84	14.51	10.05	900.42	860.31	0.611	11.233	4.50	82.63	199.7	1599	2	102.5	20	0.388	1.0	-0.22	2.74	1.00	0.00	0.16	111115
116	"13:40:40"	3129.5	0	10.3	0.953	832	3.58	0.507	14.51	6	1.42	1	2.84	11.84	14.51	10.05	900.38	860.31	0.611	11.232	4.50	82.62	199.7	1599	2	102.5	20	0.388	1.0	-0.22	2.74	1.00	0.00	0.16	111115
117	"13:40:40"	3130.0	0	10.2	0.953	832	3.58	0.507	14.50	6	1.42	1	2.84	11.84	14.50	10.05	900.35	860.33	0.611	11.231	4.50	82.61	199.7	1599	2	102.5	20	0.388	1.0	-0.22	2.74	1.00	0.00	0.16	111115
118	"13:40:41"	3130.5	0	10.2	0.951	832	3.57	0.507	14.51	6	1.42	1	2.84	11.84	14.51	10.05	900.32	860.33	0.611	11.230	4.50	82.60	199.7	1599	2	102.5	20	0.388	1.0	-0.22	2.74	1.00	0.00	0.16	111115
119	"13:40:41"	3131.0	0	10.2	0.95	832	3.57	0.508	14.51	6	1.42	1	2.84	11.84	14.51	10.05	900.28	860.33	0.611	11.229	4.50	82.60	199.7	1599	2	102.5	20	0.388	1.0	-0.22	2.74	1.00	0.00	0.16	111115
120	"13:40:42"	3131.5	0	10.2	0.948	832	3.57	0.508	14.52	6	1.42	1	2.84	11.84	14.52	10.05	900.23	860.33	0.611	11.229	4.49	82.59	199.7	1599	2	102.5	20	0.388	1.0	-0.22	2.74	1.00	0.00	0.16	111115
"13:40:49 CO2 Mixer: CO2R -> 1200 uml"
"13:46:33 Flow: Fixed -> 200 umol/s"
121	"13:47:06"	3516.0	0	9.76	0.932	1.13E+03	3.55	0.511	14.47	6	1.42	1	2.84	11.83	14.47	10.04	1200.42	1158.74	0.611	11.155	4.50	82.10	199.7	1599	2	102.5	21.5	0.494	1.0	-0.22	2.74	1.00	0.00	0.16	111115
122	"13:47:07"	3516.5	0	9.75	0.933	1.13E+03	3.55	0.511	14.47	6	1.42	1	2.84	11.83	14.47	10.04	1200.38	1158.73	0.611	11.156	4.49	82.10	199.7	1599	2	102.5	21.5	0.494	1.0	-0.22	2.74	1.00	0.00	0.16	111115
123	"13:47:07"	3516.5	0	9.75	0.933	1.13E+03	3.55	0.511	14.47	6	1.42	1	2.84	11.83	14.47	10.04	1200.38	1158.73	0.611	11.156	4.49	82.10	199.7	1599	2	102.5	21.5	0.494	1.0	-0.22	2.74	1.00	0.00	0.16	111115
124	"13:47:08"	3517.0	0	9.76	0.933	1.13E+03	3.55	0.511	14.47	6	1.42	1	2.84	11.84	14.47	10.04	1200.44	1158.76	0.611	11.155	4.50	82.09	199.7	1599	2	102.5	21.5	0.494	1.0	-0.22	2.74	1.00	0.00	0.16	111115
125	"13:47:08"	3517.5	0	9.78	0.934	1.13E+03	3.55	0.51	14.47	6	1.42	1	2.84	11.84	14.47	10.04	1200.50	1158.75	0.611	11.157	4.49	82.11	199.7	1599	2	102.5	21.5	0.494	1.0	-0.22	2.74	1.00	0.00	0.16	111115
126	"13:47:09"	3518.0	0	9.77	0.935	1.13E+03	3.55	0.51	14.46	6	1.42	1	2.84	11.83	14.46	10.04	1200.46	1158.76	0.611	11.156	4.50	82.10	199.7	1599	2	102.5	21.5	0.494	1.0	-0.22	2.74	1.00	0.00	0.16	111115
127	"13:47:09"	3518.5	0	9.76	0.938	1.13E+03	3.55	0.509	14.45	6	1.42	1	2.84	11.84	14.45	10.04	1200.46	1158.77	0.611	11.157	4.50	82.10	199.7	1599	2	102.5	21.5	0.494	1.0	-0.22	2.74	1.00	0.00	0.16	111115
128	"13:47:10"	3519.0	0	9.75	0.938	1.13E+03	3.55	0.509	14.45	6	1.42	1	2.84	11.84	14.45	10.04	1200.43	1158.79	0.611	11.156	4.50	82.09	199.7	1599	2	102.5	21.5	0.494	1.0	-0.22	2.74	1.00	0.00	0.16	111115
129	"13:47:10"	3519.5	0	9.73	0.939	1.13E+03	3.55	0.508	14.45	6	1.42	1	2.84	11.83	14.45	10.04	1200.45	1158.85	0.611	11.157	4.50	82.11	199.7	1599	2	102.5	21.5	0.494	1.0	-0.22	2.74	1.00	0.00	0.16	111115
130	"13:47:11"	3520.0	0	9.71	0.939	1.13E+03	3.55	0.508	14.45	6	1.42	1	2.84	11.84	14.45	10.04	1200.38	1158.85	0.611	11.156	4.50	82.10	199.7	1599	2	102.5	21.5	0.494	1.0	-0.22	2.74	1.00	0.00	0.16	111115
131	"13:47:11"	3520.5	0	9.73	0.939	1.13E+03	3.55	0.509	14.45	6	1.42	1	2.84	11.84	14.45	10.04	1200.41	1158.81	0.612	11.155	4.50	82.09	199.7	1599	2	102.5	21.5	0.494	1.0	-0.22	2.74	1.00	0.00	0.16	111115
132	"13:47:12"	3521.5	0	9.72	0.939	1.13E+03	3.55	0.508	14.45	6	1.42	1	2.84	11.83	14.45	10.04	1200.38	1158.81	0.611	11.155	4.50	82.09	199.7	1599	2	102.5	21.5	0.494	1.0	-0.22	2.74	1.00	0.00	0.16	111115
133	"13:47:12"	3522.0	0	9.69	0.939	1.13E+03	3.55	0.508	14.45	6	1.42	1	2.84	11.83	14.45	10.04	1200.37	1158.89	0.611	11.155	4.49	82.10	199.7	1599	2	102.5	21.5	0.494	1.0	-0.22	2.74	1.00	0.00	0.16	111115
134	"13:47:13"	3522.5	0	9.7	0.939	1.13E+03	3.55	0.508	14.45	6	1.42	1	2.84	11.83	14.45	10.04	1200.35	1158.87	0.610	11.154	4.49	82.09	199.7	1599	2	102.5	21.5	0.494	1.0	-0.22	2.74	1.00	0.00	0.16	111115
135	"13:47:14"	3524.0	0	9.7	0.941	1.13E+03	3.55	0.508	14.44	6	1.42	1	2.84	11.83	14.44	10.04	1200.32	1158.83	0.610	11.154	4.49	82.10	199.7	1599	2	102.5	21.5	0.494	1.0	-0.22	2.74	1.00	0.00	0.16	111115
"13:47:27 CO2 Mixer: CO2R -> 1500 uml"
"13:51:35 Flow: Fixed -> 200 umol/s"
136	"13:52:17"	3826.5	0	9.58	0.887	1.42E+03	3.5	0.524	14.47	6	1.42	1	2.84	11.83	14.47	10.04	1500.28	1456.17	0.609	11.022	4.48	81.13	199.7	1599	2	102.5	21	0.506	1.0	-0.22	2.74	1.00	0.00	0.16	111115
137	"13:52:17"	3827.0	0	9.57	0.888	1.42E+03	3.51	0.524	14.46	6	1.42	1	2.84	11.83	14.46	10.04	1500.25	1456.17	0.608	11.023	4.48	81.13	199.7	1599	2	102.5	21	0.506	1.0	-0.22	2.74	1.00	0.00	0.16	111115
138	"13:52:18"	3827.5	0	9.55	0.889	1.42E+03	3.5	0.523	14.46	6	1.42	1	2.84	11.83	14.46	10.04	1500.18	1456.14	0.608	11.023	4.48	81.13	199.7	1599	2	102.5	21	0.506	1.0	-0.22	2.74	1.00	0.00	0.16	111115
139	"13:52:18"	3828.0	0	9.56	0.89	1.42E+03	3.5	0.523	14.45	6	1.42	1	2.84	11.83	14.45	10.04	1500.19	1456.14	0.608	11.022	4.48	81.12	199.7	1599	2	102.5	21	0.506	1.0	-0.22	2.74	1.00	0.00	0.16	111115
140	"13:52:19"	3828.5	0	9.58	0.891	1.42E+03	3.5	0.522	14.45	6	1.42	1	2.84	11.83	14.45	10.04	1500.22	1456.12	0.608	11.021	4.47	81.12	199.7	1599	2	102.5	21	0.506	1.0	-0.22	2.74	1.00	0.00	0.16	111115
141	"13:52:19"	3829.5	0	9.6	0.894	1.42E+03	3.5	0.521	14.44	6	1.42	1	2.84	11.83	14.44	10.04	1500.37	1456.21	0.608	11.020	4.48	81.11	199.8	1599	2	102.5	21	0.506	1.0	-0.22	2.74	1.00	0.00	0.16	111115
142	"13:52:20"	3830.0	0	9.59	0.893	1.42E+03	3.5	0.521	14.44	6	1.42	1	2.84	11.83	14.44	10.04	1500.32	1456.19	0.608	11.019	4.48	81.11	199.8	1599	2	102.5	21	0.506	1.0	-0.22	2.74	1.00	0.00	0.16	111115
143	"13:52:20"	3830.5	0	9.6	0.893	1.42E+03	3.5	0.522	14.44	6	1.42	1	2.84	11.83	14.44	10.04	1500.34	1456.18	0.608	11.018	4.48	81.10	199.8	1599	2	102.5	21	0.506	1.0	-0.22	2.74	1.00	0.00	0.16	111115
144	"13:52:21"	3831.0	0	9.63	0.892	1.42E+03	3.5	0.522	14.44	6	1.42	1	2.84	11.83	14.44	10.04	1500.40	1456.16	0.609	11.017	4.48	81.08	199.8	1599	2	102.5	21	0.506	1.0	-0.22	2.74	1.00	0.00	0.16	111115
145	"13:52:21"	3831.0	0	9.63	0.892	1.42E+03	3.5	0.522	14.44	6	1.42	1	2.84	11.83	14.44	10.04	1500.40	1456.16	0.609	11.017	4.48	81.08	199.8	1599	2	102.5	21	0.506	1.0	-0.22	2.74	1.00	0.00	0.16	111115
146	"13:52:22"	3832.0	0	9.66	0.888	1.42E+03	3.5	0.524	14.46	6	1.42	1	2.84	11.83	14.46	10.04	1500.52	1456.18	0.609	11.017	4.48	81.08	199.8	1599	2	102.5	21	0.506	1.0	-0.22	2.74	1.00	0.00	0.16	111115
147	"13:52:23"	3832.5	0	9.65	0.886	1.42E+03	3.5	0.524	14.46	6	1.42	1	2.84	11.84	14.46	10.04	1500.52	1456.22	0.610	11.017	4.49	81.08	199.8	1599	2	102.5	21	0.506	1.0	-0.22	2.74	1.00	0.00	0.16	111115
148	"13:52:23"	3833.0	0	9.66	0.885	1.42E+03	3.5	0.525	14.47	6	1.42	1	2.84	11.84	14.47	10.04	1500.55	1456.21	0.609	11.017	4.48	81.08	199.7	1599	2	102.5	21	0.506	1.0	-0.22	2.74	1.00	0.00	0.16	111115
149	"13:52:24"	3833.5	0	9.66	0.883	1.42E+03	3.5	0.526	14.48	6	1.42	1	2.84	11.84	14.48	10.04	1500.55	1456.21	0.609	11.018	4.48	81.08	199.7	1599	2	102.5	21	0.506	1.0	-0.22	2.74	1.00	0.00	0.16	111115
150	"13:52:24"	3834.5	0	9.67	0.882	1.42E+03	3.5	0.526	14.48	6	1.42	1	2.84	11.83	14.48	10.04	1500.59	1456.20	0.608	11.018	4.48	81.08	199.7	1599	2	102.5	21	0.506	1.0	-0.22	2.74	1.00	0.00	0.16	111115
"13:52:34 CO2 Mixer: CO2R -> 1800 uml"
"13:57:41 Flow: Fixed -> 200 umol/s"
151	"13:58:42"	4213.0	0	9.42	0.827	1.72E+03	3.45	0.544	14.48	6	1.42	1	2.84	11.83	14.48	10.04	1799.73	1753.25	0.605	10.846	4.46	79.85	199.7	1599	2	102.5	19.9	0.535	1.0	-0.22	2.74	1.00	0.00	0.16	111115
152	"13:58:43"	4213.5	0	9.43	0.828	1.72E+03	3.45	0.544	14.48	6	1.42	1	2.84	11.83	14.48	10.04	1799.74	1753.24	0.605	10.847	4.46	79.86	199.7	1599	2	102.5	19.9	0.535	1.0	-0.22	2.74	1.00	0.00	0.16	111115
153	"13:58:43"	4214.0	0	9.45	0.828	1.72E+03	3.45	0.543	14.48	6	1.42	1	2.84	11.83	14.48	10.04	1799.83	1753.27	0.606	10.847	4.46	79.85	199.7	1599	2	102.5	19.9	0.535	1.0	-0.22	2.74	1.00	0.00	0.16	111115
154	"13:58:44"	4214.5	0	9.47	0.828	1.72E+03	3.45	0.543	14.48	6	1.42	1	2.84	11.83	14.48	10.04	1799.91	1753.31	0.606	10.847	4.46	79.86	199.7	1599	2	102.5	19.9	0.535	1.0	-0.22	2.74	1.00	0.00	0.16	111115
155	"13:58:44"	4215.0	0	9.47	0.828	1.72E+03	3.45	0.543	14.48	6	1.42	1	2.84	11.83	14.48	10.04	1800.00	1753.40	0.606	10.847	4.46	79.85	199.7	1599	2	102.5	19.9	0.535	1.0	-0.22	2.74	1.00	0.00	0.16	111115
156	"13:58:45"	4215.5	0	9.49	0.829	1.72E+03	3.45	0.543	14.47	6	1.42	1	2.84	11.83	14.47	10.04	1800.05	1753.38	0.606	10.847	4.46	79.86	199.6	1599	2	102.5	19.9	0.535	1.0	-0.22	2.74	1.00	0.00	0.16	111115
157	"13:58:45"	4216.0	0	9.48	0.83	1.72E+03	3.45	0.542	14.47	6	1.42	1	2.84	11.83	14.47	10.04	1800.02	1753.38	0.606	10.847	4.46	79.86	199.7	1599	2	102.5	19.9	0.535	1.0	-0.22	2.74	1.00	0.00	0.16	111115
158	"13:58:46"	4216.5	0	9.49	0.831	1.72E+03	3.45	0.542	14.47	6	1.42	1	2.84	11.83	14.47	10.04	1800.07	1753.39	0.606	10.848	4.46	79.86	199.7	1599	2	102.5	19.9	0.535	1.0	-0.22	2.74	1.00	0.00	0.16	111115
159	"13:58:46"	4217.0	0	9.49	0.831	1.72E+03	3.45	0.542	14.47	6	1.42	1	2.84	11.83	14.47	10.04	1800.09	1753.43	0.606	10.848	4.46	79.85	199.7	1599	2	102.5	19.9	0.535	1.0	-0.22	2.74	1.00	0.00	0.16	111115
160	"13:58:47"	4217.5	0	9.48	0.832	1.72E+03	3.45	0.541	14.46	6	1.42	1	2.84	11.83	14.46	10.04	1800.08	1753.44	0.606	10.848	4.46	79.85	199.7	1599	2	102.5	19.9	0.535	1.0	-0.22	2.74	1.00	0.00	0.16	111115
161	"13:58:48"	4218.0	0	9.46	0.833	1.72E+03	3.45	0.541	14.46	6	1.42	1	2.84	11.83	14.46	10.04	1799.95	1753.37	0.606	10.848	4.46	79.86	199.7	1599	2	102.5	19.9	0.535	1.0	-0.22	2.74	1.00	0.00	0.16	111115
162	"13:58:48"	4218.5	0	9.46	0.833	1.72E+03	3.45	0.541	14.46	6	1.42	1	2.84	11.83	14.46	10.04	1799.93	1753.38	0.606	10.848	4.46	79.86	199.7	1599	2	102.5	19.9	0.535	1.0	-0.22	2.74	1.00	0.00	0.16	111115
163	"13:58:49"	4219.0	0	9.44	0.833	1.72E+03	3.45	0.541	14.45	6	1.42	1	2.84	11.83	14.45	10.04	1799.83	1753.31	0.606	10.847	4.46	79.85	199.7	1599	2	102.5	19.9	0.535	1.0	-0.22	2.74	1.00	0.00	0.16	111115
164	"13:58:49"	4219.5	0	9.45	0.834	1.72E+03	3.45	0.541	14.45	6	1.42	1	2.84	11.83	14.45	10.04	1799.81	1753.26	0.606	10.847	4.46	79.85	199.8	1599	2	102.5	19.9	0.535	1.0	-0.22	2.74	1.00	0.00	0.16	111115
165	"13:58:50"	4220.0	0	9.44	0.833	1.72E+03	3.45	0.541	14.45	6	1.42	1	2.84	11.83	14.45	10.04	1799.85	1753.33	0.606	10.847	4.46	79.85	199.8	1599	2	102.5	19.9	0.535	1.0	-0.22	2.74	1.00	0.00	0.16	111115
"13:59:18 CO2 Mixer: CO2R -> 400 uml"
"13:59:24 Coolers: Tblock -> 20.00 C"
