"OPEN 6.2.5"
"Fri Jan 21 2022 14:02:30"
<open><version>"6.2.5"</version></open>
<open><configfile>"/User/Configs/UserPrefs/2x3 LED.xml"</configfile></open>
<open><light><source>"6400-02 or -02B LED Source"</source><par_in>1<sensor>"SI-3989"<cal>-0.92<actinity>1.00</actinity><transm>1.00</transm></cal></sensor><transm>1</transm></par_in><par_out>1<sensor>"Q50937"<cal>6.45</cal></sensor></par_out></light></open>
<open><comps><file>"/User/Configs/Comps/StdComps_6.2"<header>""</header><extras></extras></file><energybal>no<f_parIn>1</f_parIn><f_parOut>0</f_parOut><alphaK>0.16</alphaK></energybal><bc_total>2.840<stomatal_ratio>1</stomatal_ratio><bc_oneside>1.420<type>2</type><table>"/Sys/Lib/StdBLCTable"</table><area>6</area><slope>-0.219565</slope><offset>2.73739</offset><fan>5</fan></bc_oneside></bc_total></comps></open>
<open><prompts><onlog>off</onlog><items>"Default (none)"</items></prompts></open>
<open><constants><oxygen>21 %</oxygen><bb_vapor>1.5</bb_vapor><bb_oxy>0.9</bb_oxy></constants></open>
<open><stability><items>"Std Stability"<items[1]><id>-2</id><size>15</size><pcv><onoff>0</onoff><value>1</value></pcv><std><onoff>0</onoff><value>1</value></std><slp><onoff>1</onoff><value>1</value></slp></items[1]><items[2]><id>-5</id><size>15</size><pcv><onoff>0</onoff><value>1</value></pcv><std><onoff>0</onoff><value>1</value></std><slp><onoff>1</onoff><value>1</value></slp></items[2]><items[3]><id>-7</id><size>15</size><pcv><onoff>0</onoff><value>1</value></pcv><std><onoff>0</onoff><value>1</value></std><slp><onoff>1</onoff><value>1</value></slp></items[3]></items></stability></open>
<open><log><format>"StdLogFmt_6.0"<items>{ -35 -21 -36 -76 30 23 36 21 25 221 -33 111 -34 11 -9 -10 -8 -1 -2 -4 -5 -14 -15 -7 -12 -13 -11 -65 -66 -72 -18 -19 -77 -78 -79 -23  }<hdr>{  }</hdr></items></format><options><beep>on</beep><hdr>normal</hdr><rem>normal</rem><stab>no</stab><stats>no<mean>no</mean><file>no</file><period>15</period></stats><excel>yes</excel><controls>yes</controls><comm>no</comm></options><datafile>"/User/jcg_rasa_aci_20c"</datafile><button><action>"Normal Log"<code>" LogOneObsManual "</code></action></button><autoprog>"/User/Configs/AutoProgs/AutoLog2"<active>no</active></autoprog></log></open>
<open><a2d><avgtime>4.0 secs</avgtime><userchans><ch20>"Off"</ch20><ch21>"Off"</ch21><ch22>"Off"</ch22><ch23>"Off"</ch23></userchans></a2d></open>
<open><matching><type>0</type><disp>'a'</disp><settings><CO2Limit>10.0</CO2Limit><H2OLimit>1.0</H2OLimit><MaxAutoTime>60</MaxAutoTime></settings></matching></open>
<li6400><factory><unit>"PSC-4076"</unit><serviced>"31 Mar 2014"</serviced><fuseaware>0</fuseaware><co2mixer>yes</co2mixer><co2><coeffs>{ 0 0.215349 2.57678e-05 1.9763e-08 -3.21542e-12 3.03737e-16  }</coeffs><dvdt>-2.8</dvdt><xs>{ 0.0005 0.0003  }</xs></co2><h2o><coeffs>{ 0 0.00579256 2.19235e-06 9.06457e-12  }</coeffs><dvdt>-1</dvdt><xs>{ -0.0026 0.0003  }</xs></h2o><flow>{ 0 0.3607  }</flow><press>{ 88.32 0.00555  }</press></factory></li6400>
<li6400><user><flow_zero>-1560.7</flow_zero><irga_zero><co2>-312.6 -351.6<at>29.8235</at></co2><h2o>-156.6 77.4<at>31.0407</at></h2o></irga_zero><irga_span><co2>{ 0.988788 0.993555  }</co2><h2o>{ 0.996032 0.996401  }</h2o></irga_span><irga_match><co2>{ -1.32399 19.9323  }</co2><h2o>{ -0.104692 0.534815  }</h2o></irga_match><co2_mixer><pump_mv>4500</pump_mv><ppm>{ 2185.36 1052.7 419.509 255.894 118.056 69.8071 46.8351 46.4167  }</ppm><mv>{ 5000 3000 1500 1000 500 300 200 100  }</mv></co2_mixer><parin_offset>-0.0908794</parin_offset><led_cal><unit>"SI-3989"</unit><mv>{ 10 25 50 100 1000 2000 3000 4000 5000  }</mv><qntm>{ 5.41353 17.8999 38.6356 86.3019 941.421 1838.37 2690.41 3508.95 4284.65  }</qntm></led_cal><lcf_cal><unit>"unknown"</unit><red><mv>{ 50 100 500 1000 1500 5000  }</mv><qntm>{ 50 100 500 1000 2000 5000  }</qntm></red><blue><mv>{ 100 200 500 1000 2000 5000  }</mv><qntm>{ 10 20 50 100 200 500  }</qntm></blue></lcf_cal></user></li6400>
"14:02:32 "
$STARTOFDATA$
"Obs"	"HHMMSS"	"FTime"	"EBal?"	"Photo"	"Cond"	"Ci"	"Trmmol"	"VpdL"	"CTleaf"	"Area"	"BLC_1"	"StmRat"	"BLCond"	"Tair"	"Tleaf"	"TBlk"	"CO2R"	"CO2S"	"H2OR"	"H2OS"	"RH_R"	"RH_S"	"Flow"	"PARi"	"PARo"	"Press"	"CsMch"	"HsMch"	"StableF"	"BLCslope"	"BLCoffst"	"f_parin"	"f_parout"	"alphaK"	"Status"
"14:13:19 Flow: Fixed -> 200 umol/s"
1	"14:13:47"	683.0	0	9.4	0.529	327	4.72	1.06	21.41	6	1.42	1	2.84	20.43	21.41	19.97	398.95	365.51	0.603	14.590	2.56	62.03	199.7	1599	1	102.5	19.8	0.778	1.0	-0.22	2.74	1.00	0.00	0.16	111115
2	"14:13:47"	683.5	0	9.41	0.529	327	4.72	1.06	21.40	6	1.42	1	2.84	20.43	21.40	19.97	398.97	365.51	0.603	14.590	2.56	62.03	199.7	1600	1	102.5	19.8	0.778	1.0	-0.22	2.74	1.00	0.00	0.16	111115
3	"14:13:48"	684.0	0	9.42	0.53	327	4.72	1.06	21.40	6	1.42	1	2.84	20.43	21.40	19.97	399.01	365.51	0.603	14.589	2.56	62.03	199.7	1600	1	102.5	19.8	0.778	1.0	-0.22	2.74	1.00	0.00	0.16	111115
4	"14:13:48"	684.0	0	9.42	0.53	327	4.72	1.06	21.40	6	1.42	1	2.84	20.43	21.40	19.97	399.01	365.51	0.603	14.589	2.56	62.03	199.7	1600	1	102.5	19.8	0.778	1.0	-0.22	2.74	1.00	0.00	0.16	111115
5	"14:13:49"	684.5	0	9.44	0.53	327	4.72	1.06	21.39	6	1.42	1	2.84	20.43	21.39	19.97	399.06	365.51	0.603	14.590	2.56	62.03	199.7	1600	1	102.5	19.8	0.778	1.0	-0.22	2.74	1.00	0.00	0.16	111115
6	"14:13:49"	685.0	0	9.44	0.53	327	4.72	1.06	21.39	6	1.42	1	2.84	20.43	21.39	19.97	399.08	365.52	0.603	14.590	2.56	62.03	199.7	1599	1	102.5	19.8	0.778	1.0	-0.22	2.74	1.00	0.00	0.16	111115
7	"14:13:50"	685.5	0	9.45	0.531	327	4.72	1.06	21.39	6	1.42	1	2.84	20.43	21.39	19.97	399.10	365.53	0.603	14.590	2.57	62.03	199.7	1600	1	102.5	19.8	0.778	1.0	-0.22	2.74	1.00	0.00	0.16	111115
8	"14:13:50"	686.0	0	9.45	0.531	327	4.72	1.06	21.39	6	1.42	1	2.84	20.43	21.39	19.97	399.10	365.53	0.603	14.590	2.56	62.03	199.7	1599	1	102.5	19.8	0.778	1.0	-0.22	2.74	1.00	0.00	0.16	111115
9	"14:13:51"	686.5	0	9.45	0.531	327	4.72	1.06	21.39	6	1.42	1	2.84	20.43	21.39	19.97	399.12	365.54	0.603	14.590	2.56	62.03	199.7	1599	1	102.5	19.8	0.778	1.0	-0.22	2.74	1.00	0.00	0.16	111115
10	"14:13:51"	687.5	0	9.43	0.53	327	4.72	1.06	21.39	6	1.42	1	2.84	20.43	21.39	19.97	399.08	365.55	0.603	14.589	2.56	62.02	199.7	1599	1	102.5	19.8	0.778	1.0	-0.22	2.74	1.00	0.00	0.16	111115
11	"14:13:52"	687.5	0	9.43	0.53	327	4.72	1.06	21.39	6	1.42	1	2.84	20.43	21.39	19.97	399.08	365.55	0.603	14.589	2.56	62.02	199.7	1599	1	102.5	19.8	0.778	1.0	-0.22	2.74	1.00	0.00	0.16	111115
12	"14:13:52"	688.0	0	9.42	0.53	327	4.72	1.06	21.39	6	1.42	1	2.84	20.43	21.39	19.97	399.04	365.54	0.603	14.588	2.56	62.02	199.7	1599	1	102.5	19.8	0.778	1.0	-0.22	2.74	1.00	0.00	0.16	111115
13	"14:13:53"	688.5	0	9.41	0.53	327	4.72	1.06	21.40	6	1.42	1	2.84	20.43	21.40	19.97	398.99	365.52	0.602	14.589	2.56	62.03	199.7	1599	1	102.5	19.8	0.778	1.0	-0.22	2.74	1.00	0.00	0.16	111115
14	"14:13:53"	689.0	0	9.41	0.53	327	4.72	1.06	21.40	6	1.42	1	2.84	20.43	21.40	19.97	398.96	365.52	0.602	14.588	2.56	62.02	199.7	1600	1	102.5	19.8	0.778	1.0	-0.22	2.74	1.00	0.00	0.16	111115
15	"14:13:54"	690.0	0	9.4	0.53	327	4.72	1.06	21.40	6	1.42	1	2.84	20.43	21.40	19.97	398.93	365.51	0.602	14.586	2.56	62.01	199.7	1600	1	102.5	19.8	0.778	1.0	-0.22	2.74	1.00	0.00	0.16	111115
"14:14:00 CO2 Mixer: CO2R -> 300 uml"
"14:18:30 Flow: Fixed -> 200 umol/s"
16	"14:18:48"	984.5	0	7.59	0.535	242	4.76	1.06	21.48	6	1.42	1	2.84	20.46	21.48	19.97	298.90	272.21	0.601	14.705	2.55	62.42	199.7	1599	1	102.5	18.4	0.778	1.0	-0.22	2.74	1.00	0.00	0.16	111115
17	"14:18:48"	985.0	0	7.59	0.535	242	4.76	1.06	21.48	6	1.42	1	2.84	20.46	21.48	19.97	298.89	272.20	0.601	14.705	2.55	62.42	199.7	1599	1	102.5	18.4	0.778	1.0	-0.22	2.74	1.00	0.00	0.16	111115
18	"14:18:49"	985.5	0	7.58	0.534	242	4.76	1.06	21.48	6	1.42	1	2.84	20.46	21.48	19.97	298.88	272.21	0.601	14.705	2.55	62.42	199.7	1599	1	102.5	18.4	0.778	1.0	-0.22	2.74	1.00	0.00	0.16	111115
19	"14:18:50"	986.5	0	7.58	0.534	242	4.76	1.06	21.48	6	1.42	1	2.84	20.46	21.48	19.97	298.90	272.21	0.601	14.705	2.55	62.42	199.7	1599	1	102.5	18.4	0.778	1.0	-0.22	2.74	1.00	0.00	0.16	111115
20	"14:18:50"	987.0	0	7.58	0.534	242	4.76	1.06	21.48	6	1.42	1	2.84	20.46	21.48	19.97	298.91	272.22	0.601	14.706	2.55	62.42	199.7	1599	1	102.5	18.4	0.778	1.0	-0.22	2.74	1.00	0.00	0.16	111115
21	"14:18:51"	987.5	0	7.59	0.534	242	4.76	1.06	21.48	6	1.42	1	2.84	20.46	21.48	19.97	298.90	272.21	0.601	14.706	2.55	62.42	199.7	1599	1	102.5	18.4	0.778	1.0	-0.22	2.74	1.00	0.00	0.16	111115
22	"14:18:52"	988.5	0	7.59	0.534	242	4.76	1.06	21.48	6	1.42	1	2.84	20.46	21.48	19.97	298.91	272.21	0.601	14.707	2.55	62.43	199.7	1599	0	102.5	18.4	0.778	1.0	-0.22	2.74	1.00	0.00	0.16	111115
23	"14:18:52"	989.0	0	7.58	0.534	242	4.77	1.06	21.48	6	1.42	1	2.84	20.46	21.48	19.97	298.90	272.23	0.601	14.707	2.55	62.43	199.7	1599	0	102.5	18.4	0.778	1.0	-0.22	2.74	1.00	0.00	0.16	111115
24	"14:18:53"	989.5	0	7.58	0.535	242	4.77	1.06	21.48	6	1.42	1	2.84	20.46	21.48	19.97	298.89	272.23	0.601	14.708	2.55	62.43	199.7	1599	0	102.5	18.4	0.778	1.0	-0.22	2.74	1.00	0.00	0.16	111115
25	"14:18:53"	990.0	0	7.57	0.535	242	4.77	1.06	21.48	6	1.42	1	2.84	20.46	21.48	19.97	298.88	272.24	0.601	14.708	2.55	62.43	199.7	1599	0	102.5	18.4	0.778	1.0	-0.22	2.74	1.00	0.00	0.16	111115
26	"14:18:54"	990.5	0	7.58	0.535	242	4.77	1.06	21.48	6	1.42	1	2.84	20.46	21.48	19.97	298.88	272.22	0.600	14.709	2.55	62.43	199.7	1599	0	102.5	18.4	0.778	1.0	-0.22	2.74	1.00	0.00	0.16	111115
27	"14:18:55"	991.5	0	7.58	0.535	242	4.77	1.06	21.48	6	1.42	1	2.84	20.46	21.48	19.97	298.87	272.20	0.599	14.709	2.54	62.43	199.7	1599	1	102.5	18.4	0.778	1.0	-0.22	2.74	1.00	0.00	0.16	111115
28	"14:18:55"	992.0	0	7.56	0.535	242	4.77	1.06	21.48	6	1.42	1	2.84	20.46	21.48	19.97	298.84	272.21	0.600	14.710	2.55	62.43	199.7	1599	0	102.5	18.4	0.778	1.0	-0.22	2.74	1.00	0.00	0.16	111115
29	"14:18:56"	992.5	0	7.57	0.535	242	4.77	1.06	21.49	6	1.42	1	2.84	20.46	21.49	19.97	298.84	272.20	0.600	14.711	2.55	62.43	199.7	1599	1	102.5	18.4	0.778	1.0	-0.22	2.74	1.00	0.00	0.16	111115
30	"14:18:56"	993.0	0	7.57	0.535	242	4.77	1.06	21.49	6	1.42	1	2.84	20.46	21.49	19.97	298.85	272.19	0.600	14.712	2.54	62.43	199.7	1599	1	102.5	18.4	0.778	1.0	-0.22	2.74	1.00	0.00	0.16	111115
"14:19:02 CO2 Mixer: CO2R -> 200 uml"
"14:23:28 Flow: Fixed -> 200 umol/s"
31	"14:23:46"	1283.5	0	4.98	0.571	162	4.88	1.03	21.50	6	1.42	1	2.84	20.47	21.50	19.97	198.91	181.30	0.601	15.053	2.55	63.83	199.7	1599	1	102.5	16.8	0.787	1.0	-0.22	2.74	1.00	0.00	0.16	111115
32	"14:23:47"	1284.0	0	4.98	0.572	162	4.88	1.03	21.49	6	1.42	1	2.84	20.47	21.49	19.97	198.91	181.30	0.600	15.053	2.55	63.83	199.7	1599	1	102.5	16.8	0.787	1.0	-0.22	2.74	1.00	0.00	0.16	111115
33	"14:23:48"	1284.5	0	4.98	0.572	162	4.88	1.03	21.49	6	1.42	1	2.84	20.47	21.49	19.97	198.91	181.30	0.600	15.054	2.55	63.83	199.7	1599	1	102.5	16.8	0.787	1.0	-0.22	2.74	1.00	0.00	0.16	111115
34	"14:23:48"	1285.0	0	4.98	0.572	162	4.88	1.03	21.49	6	1.42	1	2.84	20.47	21.49	19.97	198.91	181.30	0.600	15.054	2.54	63.83	199.7	1599	1	102.5	16.8	0.787	1.0	-0.22	2.74	1.00	0.00	0.16	111115
35	"14:23:49"	1285.5	0	4.97	0.573	162	4.89	1.03	21.49	6	1.42	1	2.84	20.48	21.49	19.97	198.91	181.31	0.600	15.055	2.54	63.84	199.7	1599	1	102.5	16.8	0.787	1.0	-0.22	2.74	1.00	0.00	0.16	111115
36	"14:23:49"	1286.0	0	4.98	0.573	162	4.89	1.03	21.48	6	1.42	1	2.84	20.48	21.48	19.97	198.92	181.30	0.600	15.056	2.54	63.84	199.7	1599	1	102.5	16.8	0.787	1.0	-0.22	2.74	1.00	0.00	0.16	111115
37	"14:23:50"	1286.5	0	4.99	0.574	162	4.89	1.03	21.48	6	1.42	1	2.84	20.47	21.48	19.97	198.93	181.29	0.600	15.057	2.54	63.84	199.7	1599	1	102.5	16.8	0.787	1.0	-0.22	2.74	1.00	0.00	0.16	111115
38	"14:23:50"	1287.0	0	4.99	0.575	162	4.89	1.03	21.47	6	1.42	1	2.84	20.48	21.47	19.97	198.95	181.30	0.600	15.058	2.54	63.85	199.7	1599	1	102.5	16.8	0.787	1.0	-0.22	2.74	1.00	0.00	0.16	111115
39	"14:23:51"	1287.5	0	4.99	0.575	162	4.89	1.03	21.47	6	1.42	1	2.84	20.48	21.47	19.97	198.96	181.31	0.600	15.059	2.54	63.85	199.7	1599	1	102.5	16.8	0.787	1.0	-0.22	2.74	1.00	0.00	0.16	111115
40	"14:23:51"	1288.0	0	4.99	0.575	162	4.89	1.03	21.48	6	1.42	1	2.84	20.48	21.48	19.97	198.95	181.31	0.599	15.060	2.54	63.85	199.7	1599	1	102.5	16.8	0.787	1.0	-0.22	2.74	1.00	0.00	0.16	111115
41	"14:23:52"	1288.5	0	4.99	0.575	162	4.89	1.03	21.48	6	1.42	1	2.84	20.48	21.48	19.97	198.94	181.30	0.599	15.061	2.54	63.85	199.7	1599	1	102.5	16.8	0.787	1.0	-0.22	2.74	1.00	0.00	0.16	111115
42	"14:23:52"	1289.0	0	4.99	0.575	162	4.89	1.03	21.48	6	1.42	1	2.84	20.48	21.48	19.97	198.94	181.30	0.599	15.062	2.54	63.86	199.7	1599	1	102.5	16.8	0.787	1.0	-0.22	2.74	1.00	0.00	0.16	111115
43	"14:23:53"	1289.5	0	4.99	0.575	162	4.89	1.03	21.48	6	1.42	1	2.84	20.48	21.48	19.97	198.95	181.29	0.599	15.062	2.54	63.86	199.8	1599	0	102.5	16.8	0.787	1.0	-0.22	2.74	1.00	0.00	0.16	111115
44	"14:23:53"	1290.0	0	4.98	0.575	162	4.89	1.03	21.48	6	1.42	1	2.84	20.48	21.48	19.97	198.93	181.30	0.599	15.063	2.54	63.86	199.8	1599	0	102.5	16.8	0.787	1.0	-0.22	2.74	1.00	0.00	0.16	111115
45	"14:23:54"	1290.5	0	4.98	0.575	162	4.89	1.03	21.48	6	1.42	1	2.84	20.48	21.48	19.97	198.92	181.31	0.598	15.064	2.54	63.86	199.8	1599	1	102.5	16.8	0.787	1.0	-0.22	2.74	1.00	0.00	0.16	111115
"14:24:00 CO2 Mixer: CO2R -> 100 uml"
"14:28:39 Flow: Fixed -> 200 umol/s"
46	"14:28:59"	1595.0	0	1.54	0.615	87.2	5	0.993	21.49	6	1.42	1	2.84	20.48	21.49	19.97	99.32	93.29	0.597	15.399	2.53	65.27	199.7	1599	0	102.5	15	0.763	1.0	-0.22	2.74	1.00	0.00	0.16	111115
47	"14:28:59"	1595.5	0	1.49	0.615	87.3	5	0.993	21.49	6	1.42	1	2.84	20.48	21.49	19.97	99.21	93.31	0.597	15.399	2.53	65.27	199.7	1599	0	102.5	15	0.763	1.0	-0.22	2.74	1.00	0.00	0.16	111115
48	"14:29:00"	1596.0	0	1.47	0.616	87.4	5	0.993	21.48	6	1.42	1	2.84	20.48	21.48	19.97	99.13	93.31	0.597	15.399	2.53	65.27	199.7	1599	0	102.5	15	0.763	1.0	-0.22	2.74	1.00	0.00	0.16	111115
49	"14:29:00"	1597.0	0	1.43	0.616	87.5	5	0.993	21.48	6	1.42	1	2.84	20.48	21.48	19.97	99.02	93.31	0.597	15.401	2.53	65.28	199.7	1599	0	102.5	15	0.763	1.0	-0.22	2.74	1.00	0.00	0.16	111115
50	"14:29:01"	1597.5	0	1.43	0.616	87.5	5.01	0.993	21.48	6	1.42	1	2.84	20.48	21.48	19.97	98.99	93.30	0.597	15.401	2.53	65.28	199.7	1599	0	102.5	15	0.763	1.0	-0.22	2.74	1.00	0.00	0.16	111115
51	"14:29:01"	1598.0	0	1.43	0.616	87.5	5.01	0.993	21.48	6	1.42	1	2.84	20.48	21.48	19.97	99.01	93.30	0.596	15.402	2.53	65.28	199.7	1599	0	102.5	15	0.763	1.0	-0.22	2.74	1.00	0.00	0.16	111115
52	"14:29:02"	1598.5	0	1.47	0.616	87.4	5.01	0.993	21.48	6	1.42	1	2.84	20.48	21.48	19.97	99.12	93.29	0.596	15.404	2.53	65.29	199.7	1599	0	102.5	15	0.763	1.0	-0.22	2.74	1.00	0.00	0.16	111115
53	"14:29:03"	1599.0	0	1.54	0.616	87.1	5.01	0.993	21.48	6	1.42	1	2.84	20.48	21.48	19.97	99.32	93.29	0.596	15.404	2.53	65.30	199.7	1599	1	102.5	15	0.763	1.0	-0.22	2.74	1.00	0.00	0.16	111115
54	"14:29:03"	1599.5	0	1.61	0.616	86.9	5.01	0.993	21.48	6	1.42	1	2.84	20.48	21.48	19.97	99.54	93.29	0.596	15.404	2.53	65.29	199.7	1599	1	102.5	15	0.763	1.0	-0.22	2.74	1.00	0.00	0.16	111115
55	"14:29:04"	1600.0	0	1.68	0.616	86.7	5.01	0.992	21.48	6	1.42	1	2.84	20.48	21.48	19.97	99.71	93.28	0.596	15.405	2.53	65.30	199.7	1599	1	102.5	15	0.763	1.0	-0.22	2.74	1.00	0.00	0.16	111115
56	"14:29:04"	1600.0	0	1.68	0.616	86.7	5.01	0.992	21.48	6	1.42	1	2.84	20.48	21.48	19.97	99.71	93.28	0.596	15.405	2.53	65.30	199.7	1599	1	102.5	15	0.763	1.0	-0.22	2.74	1.00	0.00	0.16	111115
57	"14:29:05"	1601.5	0	1.8	0.617	86.3	5.01	0.991	21.48	6	1.42	1	2.84	20.48	21.48	19.97	100.07	93.25	0.596	15.406	2.52	65.30	199.7	1599	1	102.5	15	0.763	1.0	-0.22	2.74	1.00	0.00	0.16	111115
58	"14:29:05"	1602.0	0	1.82	0.617	86.3	5.01	0.991	21.47	6	1.42	1	2.84	20.48	21.47	19.97	100.12	93.24	0.596	15.406	2.53	65.30	199.7	1599	1	102.5	15	0.763	1.0	-0.22	2.74	1.00	0.00	0.16	111115
59	"14:29:06"	1602.5	0	1.82	0.618	86.3	5.01	0.991	21.47	6	1.42	1	2.84	20.48	21.47	19.97	100.09	93.22	0.596	15.407	2.53	65.31	199.7	1599	1	102.5	15	0.763	1.0	-0.22	2.74	1.00	0.00	0.16	111115
60	"14:29:07"	1603.5	0	1.77	0.619	86.4	5.01	0.99	21.47	6	1.42	1	2.84	20.48	21.47	19.97	99.94	93.20	0.596	15.411	2.53	65.32	199.7	1599	1	102.5	15	0.763	1.0	-0.22	2.74	1.00	0.00	0.16	111115
"14:29:12 CO2 Mixer: CO2R -> 50 uml"
"14:34:09 Flow: Fixed -> 200 umol/s"
61	"14:34:32"	1929.0	0	-0.244	0.677	50.7	5.15	0.945	21.45	6	1.42	1	2.84	20.48	21.45	19.97	50.85	50.80	0.596	15.818	2.53	67.05	199.7	1600	0	102.5	14.1	0.793	1.0	-0.22	2.74	1.00	0.00	0.16	111135
62	"14:34:33"	1929.5	0	-0.241	0.677	50.7	5.15	0.945	21.45	6	1.42	1	2.84	20.48	21.45	19.97	50.85	50.79	0.596	15.820	2.53	67.05	199.7	1600	0	102.5	14.1	0.793	1.0	-0.22	2.74	1.00	0.00	0.16	111135
63	"14:34:33"	1930.0	0	-0.247	0.678	50.7	5.15	0.944	21.45	6	1.42	1	2.84	20.48	21.45	19.97	50.83	50.79	0.596	15.820	2.53	67.05	199.7	1600	1	102.5	14.1	0.793	1.0	-0.22	2.74	1.00	0.00	0.16	111135
64	"14:34:34"	1930.5	0	-0.245	0.678	50.7	5.15	0.944	21.45	6	1.42	1	2.84	20.48	21.45	19.97	50.83	50.78	0.596	15.821	2.52	67.05	199.7	1600	1	102.5	14.1	0.793	1.0	-0.22	2.74	1.00	0.00	0.16	111135
65	"14:34:34"	1931.0	0	-0.242	0.678	50.7	5.15	0.944	21.45	6	1.42	1	2.84	20.48	21.45	19.97	50.84	50.78	0.595	15.822	2.52	67.06	199.7	1600	1	102.5	14.1	0.793	1.0	-0.22	2.74	1.00	0.00	0.16	111135
66	"14:34:35"	1931.5	0	-0.229	0.678	50.7	5.15	0.944	21.44	6	1.42	1	2.84	20.48	21.44	19.97	50.87	50.77	0.596	15.821	2.52	67.06	199.7	1600	1	102.5	14.1	0.793	1.0	-0.22	2.74	1.00	0.00	0.16	111135
67	"14:34:35"	1932.0	0	-0.22	0.679	50.6	5.15	0.944	21.44	6	1.42	1	2.84	20.48	21.44	19.97	50.89	50.76	0.595	15.821	2.52	67.06	199.7	1600	1	102.5	14.1	0.793	1.0	-0.22	2.74	1.00	0.00	0.16	111135
68	"14:34:36"	1932.5	0	-0.219	0.679	50.6	5.15	0.943	21.44	6	1.42	1	2.84	20.48	21.44	19.97	50.88	50.75	0.595	15.822	2.52	67.06	199.7	1600	1	102.5	14.1	0.793	1.0	-0.22	2.74	1.00	0.00	0.16	111135
69	"14:34:36"	1933.0	0	-0.212	0.679	50.6	5.15	0.943	21.44	6	1.42	1	2.84	20.48	21.44	19.97	50.89	50.74	0.595	15.823	2.52	67.07	199.8	1600	1	102.5	14.1	0.793	1.0	-0.22	2.74	1.00	0.00	0.16	111135
70	"14:34:37"	1933.5	0	-0.207	0.68	50.6	5.15	0.943	21.44	6	1.42	1	2.84	20.48	21.44	19.97	50.89	50.73	0.595	15.823	2.52	67.07	199.8	1600	1	102.5	14.1	0.793	1.0	-0.22	2.74	1.00	0.00	0.16	111135
71	"14:34:37"	1934.0	0	-0.211	0.68	50.6	5.15	0.943	21.44	6	1.42	1	2.84	20.48	21.44	19.97	50.89	50.74	0.595	15.823	2.52	67.07	199.8	1600	1	102.5	14.1	0.793	1.0	-0.22	2.74	1.00	0.00	0.16	111135
72	"14:34:38"	1934.5	0	-0.213	0.68	50.6	5.15	0.943	21.44	6	1.42	1	2.84	20.48	21.44	19.97	50.88	50.73	0.595	15.823	2.52	67.07	199.8	1601	1	102.5	14.1	0.793	1.0	-0.22	2.74	1.00	0.00	0.16	111135
73	"14:34:38"	1935.5	0	-0.232	0.68	50.7	5.15	0.943	21.44	6	1.42	1	2.84	20.48	21.44	19.97	50.84	50.75	0.594	15.824	2.52	67.07	199.8	1601	1	102.5	14.1	0.793	1.0	-0.22	2.74	1.00	0.00	0.16	111135
74	"14:34:39"	1936.0	0	-0.245	0.68	50.7	5.15	0.943	21.44	6	1.42	1	2.84	20.48	21.44	19.97	50.81	50.76	0.594	15.824	2.52	67.07	199.8	1601	1	102.5	14.1	0.793	1.0	-0.22	2.74	1.00	0.00	0.16	111135
75	"14:34:40"	1936.5	0	-0.243	0.68	50.7	5.15	0.942	21.44	6	1.42	1	2.84	20.48	21.44	19.97	50.81	50.76	0.594	15.824	2.52	67.07	199.7	1601	1	102.5	14.1	0.793	1.0	-0.22	2.74	1.00	0.00	0.16	111135
"14:34:49 CO2 Mixer: CO2R -> 400 uml"
"14:39:09 Flow: Fixed -> 200 umol/s"
76	"14:41:34"	2351.5	0	9.64	0.722	334	5.25	0.916	21.46	6	1.42	1	2.84	20.49	21.46	19.97	400.25	365.49	0.588	16.119	2.49	68.28	199.7	1600	1	102.5	19.9	0.788	1.0	-0.22	2.74	1.00	0.00	0.16	111115
77	"14:41:35"	2352.0	0	9.63	0.722	335	5.25	0.916	21.46	6	1.42	1	2.84	20.49	21.46	19.97	400.23	365.51	0.588	16.120	2.49	68.28	199.7	1600	0	102.5	19.9	0.788	1.0	-0.22	2.74	1.00	0.00	0.16	111115
78	"14:41:35"	2352.5	0	9.64	0.723	335	5.25	0.915	21.45	6	1.42	1	2.84	20.49	21.45	19.97	400.22	365.49	0.588	16.119	2.49	68.28	199.6	1600	0	102.5	19.9	0.788	1.0	-0.22	2.74	1.00	0.00	0.16	111115
79	"14:41:36"	2353.0	0	9.65	0.723	335	5.25	0.914	21.45	6	1.42	1	2.84	20.49	21.45	19.97	400.26	365.50	0.588	16.119	2.49	68.28	199.7	1600	0	102.5	19.9	0.788	1.0	-0.22	2.74	1.00	0.00	0.16	111115
80	"14:41:36"	2353.0	0	9.65	0.723	335	5.25	0.914	21.45	6	1.42	1	2.84	20.49	21.45	19.97	400.26	365.50	0.588	16.119	2.49	68.28	199.7	1600	0	102.5	19.9	0.788	1.0	-0.22	2.74	1.00	0.00	0.16	111115
81	"14:41:37"	2354.0	0	9.66	0.725	335	5.25	0.913	21.44	6	1.42	1	2.84	20.49	21.44	19.97	400.29	365.49	0.588	16.119	2.49	68.28	199.7	1600	0	102.5	19.9	0.788	1.0	-0.22	2.74	1.00	0.00	0.16	111115
82	"14:41:37"	2354.5	0	9.66	0.725	335	5.25	0.913	21.44	6	1.42	1	2.84	20.49	21.44	19.97	400.28	365.49	0.588	16.119	2.49	68.28	199.7	1600	0	102.5	19.9	0.788	1.0	-0.22	2.74	1.00	0.00	0.16	111115
83	"14:41:38"	2354.5	0	9.66	0.725	335	5.25	0.913	21.44	6	1.42	1	2.84	20.49	21.44	19.97	400.28	365.49	0.588	16.119	2.49	68.28	199.7	1600	0	102.5	19.9	0.788	1.0	-0.22	2.74	1.00	0.00	0.16	111115
84	"14:41:38"	2355.5	0	9.65	0.725	335	5.25	0.913	21.44	6	1.42	1	2.84	20.49	21.44	19.97	400.28	365.51	0.588	16.119	2.49	68.28	199.7	1600	1	102.5	19.9	0.788	1.0	-0.22	2.74	1.00	0.00	0.16	111115
85	"14:41:39"	2355.5	0	9.65	0.725	335	5.25	0.913	21.44	6	1.42	1	2.84	20.49	21.44	19.97	400.28	365.51	0.588	16.119	2.49	68.28	199.7	1600	1	102.5	19.9	0.788	1.0	-0.22	2.74	1.00	0.00	0.16	111115
86	"14:41:39"	2356.0	0	9.67	0.725	335	5.25	0.913	21.44	6	1.42	1	2.84	20.49	21.44	19.97	400.32	365.49	0.587	16.119	2.49	68.28	199.7	1600	1	102.5	19.9	0.788	1.0	-0.22	2.74	1.00	0.00	0.16	111115
87	"14:41:40"	2356.5	0	9.67	0.725	335	5.25	0.913	21.44	6	1.42	1	2.84	20.49	21.44	19.97	400.34	365.52	0.588	16.120	2.49	68.28	199.7	1600	1	102.5	19.9	0.788	1.0	-0.22	2.74	1.00	0.00	0.16	111115
88	"14:41:40"	2357.0	0	9.68	0.725	335	5.25	0.913	21.44	6	1.42	1	2.84	20.49	21.44	19.97	400.36	365.50	0.588	16.120	2.49	68.28	199.7	1600	0	102.5	19.9	0.788	1.0	-0.22	2.74	1.00	0.00	0.16	111115
89	"14:41:41"	2358.0	0	9.69	0.724	334	5.25	0.914	21.45	6	1.42	1	2.84	20.49	21.45	19.97	400.38	365.51	0.588	16.121	2.49	68.29	199.7	1600	1	102.5	19.9	0.788	1.0	-0.22	2.74	1.00	0.00	0.16	111115
90	"14:41:41"	2358.5	0	9.68	0.724	335	5.25	0.914	21.45	6	1.42	1	2.84	20.49	21.45	19.97	400.38	365.53	0.588	16.120	2.49	68.28	199.7	1600	1	102.5	19.9	0.788	1.0	-0.22	2.74	1.00	0.00	0.16	111115
"14:41:49 CO2 Mixer: CO2R -> 600 uml"
"14:45:49 Flow: Fixed -> 200 umol/s"
91	"14:46:19"	2635.5	0	11.5	0.737	518	5.28	0.906	21.45	6	1.42	1	2.84	20.49	21.45	19.97	599.17	555.74	0.589	16.200	2.49	68.63	199.7	1600	1	102.5	22.2	0.791	1.0	-0.22	2.74	1.00	0.00	0.16	111115
92	"14:46:20"	2636.0	0	11.5	0.737	518	5.28	0.906	21.45	6	1.42	1	2.84	20.49	21.45	19.97	599.16	555.73	0.589	16.200	2.49	68.63	199.7	1600	1	102.5	22.2	0.791	1.0	-0.22	2.74	1.00	0.00	0.16	111115
93	"14:46:20"	2636.5	0	11.5	0.737	518	5.28	0.906	21.45	6	1.42	1	2.84	20.49	21.45	19.97	599.17	555.73	0.589	16.200	2.49	68.63	199.7	1600	1	102.5	22.2	0.791	1.0	-0.22	2.74	1.00	0.00	0.16	111115
94	"14:46:21"	2637.0	0	11.5	0.737	518	5.28	0.906	21.45	6	1.42	1	2.84	20.49	21.45	19.97	599.21	555.74	0.588	16.200	2.49	68.63	199.7	1600	1	102.5	22.2	0.791	1.0	-0.22	2.74	1.00	0.00	0.16	111115
95	"14:46:21"	2637.5	0	11.5	0.737	518	5.28	0.906	21.45	6	1.42	1	2.84	20.49	21.45	19.97	599.25	555.75	0.588	16.200	2.49	68.63	199.7	1600	0	102.5	22.2	0.791	1.0	-0.22	2.74	1.00	0.00	0.16	111115
96	"14:46:22"	2638.0	0	11.5	0.737	518	5.28	0.906	21.45	6	1.42	1	2.84	20.49	21.45	19.97	599.27	555.75	0.589	16.200	2.49	68.63	199.7	1600	0	102.5	22.2	0.791	1.0	-0.22	2.74	1.00	0.00	0.16	111115
97	"14:46:22"	2638.5	0	11.5	0.738	518	5.28	0.905	21.44	6	1.42	1	2.84	20.49	21.44	19.97	599.23	555.74	0.589	16.199	2.49	68.63	199.7	1600	0	102.5	22.2	0.791	1.0	-0.22	2.74	1.00	0.00	0.16	111115
98	"14:46:23"	2639.0	0	11.5	0.738	518	5.28	0.905	21.44	6	1.42	1	2.84	20.49	21.44	19.97	599.23	555.74	0.588	16.201	2.49	68.63	199.7	1600	0	102.5	22.2	0.791	1.0	-0.22	2.74	1.00	0.00	0.16	111115
99	"14:46:23"	2639.5	0	11.5	0.739	518	5.28	0.904	21.44	6	1.42	1	2.84	20.49	21.44	19.97	599.25	555.75	0.588	16.201	2.49	68.64	199.7	1600	0	102.5	22.2	0.791	1.0	-0.22	2.74	1.00	0.00	0.16	111115
100	"14:46:24"	2640.0	0	11.5	0.739	518	5.28	0.904	21.44	6	1.42	1	2.84	20.49	21.44	19.97	599.21	555.75	0.588	16.200	2.49	68.64	199.7	1600	0	102.5	22.2	0.791	1.0	-0.22	2.74	1.00	0.00	0.16	111115
101	"14:46:25"	2640.5	0	11.5	0.739	518	5.28	0.904	21.43	6	1.42	1	2.84	20.49	21.43	19.97	599.22	555.76	0.588	16.200	2.49	68.64	199.7	1600	0	102.5	22.2	0.791	1.0	-0.22	2.74	1.00	0.00	0.16	111115
102	"14:46:25"	2641.0	0	11.5	0.739	518	5.28	0.904	21.44	6	1.42	1	2.84	20.49	21.44	19.97	599.19	555.75	0.588	16.201	2.49	68.64	199.7	1600	0	102.5	22.2	0.791	1.0	-0.22	2.74	1.00	0.00	0.16	111115
103	"14:46:26"	2641.5	0	11.5	0.739	518	5.28	0.904	21.43	6	1.42	1	2.84	20.49	21.43	19.97	599.20	555.75	0.588	16.201	2.49	68.64	199.7	1600	0	102.5	22.2	0.791	1.0	-0.22	2.74	1.00	0.00	0.16	111115
104	"14:46:26"	2642.0	0	11.5	0.739	518	5.28	0.904	21.44	6	1.42	1	2.84	20.49	21.44	19.97	599.17	555.75	0.588	16.201	2.49	68.64	199.7	1600	0	102.5	22.2	0.791	1.0	-0.22	2.74	1.00	0.00	0.16	111115
105	"14:46:27"	2642.5	0	11.5	0.739	518	5.28	0.904	21.44	6	1.42	1	2.84	20.49	21.44	19.97	599.20	555.78	0.588	16.202	2.49	68.64	199.7	1600	0	102.5	22.2	0.791	1.0	-0.22	2.74	1.00	0.00	0.16	111115
"14:47:25 CO2 Mixer: CO2R -> 900 uml"
"14:51:51 Flow: Fixed -> 200 umol/s"
106	"14:52:15"	2992.0	0	12.2	0.72	806	5.26	0.919	21.49	6	1.42	1	2.84	20.49	21.49	19.97	900.85	850.63	0.588	16.142	2.49	68.38	199.7	1600	0	102.5	24.3	0.796	1.0	-0.22	2.74	1.00	0.00	0.16	111115
107	"14:52:16"	2992.5	0	12.2	0.72	806	5.26	0.919	21.49	6	1.42	1	2.84	20.49	21.49	19.97	900.83	850.64	0.588	16.142	2.49	68.38	199.7	1600	0	102.5	24.3	0.796	1.0	-0.22	2.74	1.00	0.00	0.16	111115
108	"14:52:16"	2993.0	0	12.2	0.72	806	5.26	0.919	21.49	6	1.42	1	2.84	20.49	21.49	19.97	900.82	850.64	0.588	16.141	2.49	68.38	199.7	1600	0	102.5	24.3	0.796	1.0	-0.22	2.74	1.00	0.00	0.16	111115
109	"14:52:17"	2993.5	0	12.2	0.72	806	5.26	0.919	21.49	6	1.42	1	2.84	20.49	21.49	19.97	900.85	850.66	0.588	16.140	2.49	68.37	199.7	1600	0	102.5	24.3	0.796	1.0	-0.22	2.74	1.00	0.00	0.16	111115
110	"14:52:17"	2994.0	0	12.2	0.721	806	5.26	0.919	21.49	6	1.42	1	2.84	20.49	21.49	19.97	900.80	850.68	0.588	16.140	2.49	68.37	199.7	1600	0	102.5	24.3	0.796	1.0	-0.22	2.74	1.00	0.00	0.16	111115
111	"14:52:18"	2994.5	0	12.2	0.721	806	5.26	0.918	21.49	6	1.42	1	2.84	20.49	21.49	19.97	900.81	850.65	0.588	16.140	2.49	68.37	199.7	1600	0	102.5	24.3	0.796	1.0	-0.22	2.74	1.00	0.00	0.16	111115
112	"14:52:18"	2995.0	0	12.2	0.721	806	5.26	0.918	21.49	6	1.42	1	2.84	20.49	21.49	19.97	900.79	850.66	0.587	16.139	2.49	68.37	199.7	1600	0	102.5	24.3	0.796	1.0	-0.22	2.74	1.00	0.00	0.16	111115
113	"14:52:19"	2995.5	0	12.2	0.722	806	5.26	0.918	21.48	6	1.42	1	2.84	20.49	21.48	19.97	900.77	850.66	0.588	16.139	2.49	68.37	199.8	1600	1	102.5	24.3	0.796	1.0	-0.22	2.74	1.00	0.00	0.16	111115
114	"14:52:19"	2996.0	0	12.2	0.722	806	5.26	0.917	21.48	6	1.42	1	2.84	20.49	21.48	19.97	900.81	850.68	0.587	16.139	2.49	68.37	199.8	1600	1	102.5	24.3	0.796	1.0	-0.22	2.74	1.00	0.00	0.16	111115
115	"14:52:20"	2996.5	0	12.2	0.723	806	5.26	0.917	21.48	6	1.42	1	2.84	20.49	21.48	19.97	900.79	850.65	0.587	16.138	2.49	68.36	199.7	1600	0	102.5	24.3	0.796	1.0	-0.22	2.74	1.00	0.00	0.16	111115
116	"14:52:20"	2997.0	0	12.2	0.723	806	5.26	0.916	21.48	6	1.42	1	2.84	20.49	21.48	19.97	900.81	850.63	0.587	16.139	2.49	68.36	199.7	1600	1	102.5	24.3	0.796	1.0	-0.22	2.74	1.00	0.00	0.16	111115
117	"14:52:21"	2997.5	0	12.2	0.724	806	5.26	0.916	21.47	6	1.42	1	2.84	20.49	21.47	19.97	900.79	850.63	0.587	16.139	2.49	68.37	199.7	1600	1	102.5	24.3	0.796	1.0	-0.22	2.74	1.00	0.00	0.16	111115
118	"14:52:21"	2998.0	0	12.2	0.724	806	5.26	0.915	21.47	6	1.42	1	2.84	20.49	21.47	19.97	900.83	850.59	0.587	16.139	2.49	68.36	199.7	1600	1	102.5	24.3	0.796	1.0	-0.22	2.74	1.00	0.00	0.16	111115
119	"14:52:22"	2998.5	0	12.2	0.725	806	5.26	0.915	21.46	6	1.42	1	2.84	20.49	21.46	19.97	900.82	850.60	0.587	16.139	2.49	68.37	199.8	1600	0	102.5	24.3	0.796	1.0	-0.22	2.74	1.00	0.00	0.16	111115
120	"14:52:22"	2999.0	0	12.3	0.725	806	5.26	0.914	21.46	6	1.42	1	2.84	20.49	21.46	19.97	900.82	850.57	0.587	16.138	2.49	68.36	199.7	1600	0	102.5	24.3	0.796	1.0	-0.22	2.74	1.00	0.00	0.16	111115
"14:52:55 CO2 Mixer: CO2R -> 1200 uml"
"14:58:51 Flow: Fixed -> 200 umol/s"
121	"14:59:27"	3423.5	0	12.2	0.662	1.09E+03	5.14	0.96	21.51	6	1.42	1	2.84	20.49	21.51	19.97	1200.69	1146.24	0.585	15.773	2.48	66.82	199.7	1600	0	102.5	25.2	0.798	1.0	-0.22	2.74	1.00	0.00	0.16	111115
122	"14:59:27"	3424.0	0	12.2	0.662	1.09E+03	5.13	0.959	21.51	6	1.42	1	2.84	20.49	21.51	19.97	1200.65	1146.23	0.585	15.771	2.48	66.81	199.7	1600	0	102.5	25.2	0.798	1.0	-0.22	2.74	1.00	0.00	0.16	111115
123	"14:59:28"	3424.5	0	12.2	0.663	1.09E+03	5.13	0.959	21.51	6	1.42	1	2.84	20.49	21.51	19.97	1200.67	1146.26	0.585	15.770	2.48	66.81	199.7	1600	0	102.5	25.2	0.798	1.0	-0.22	2.74	1.00	0.00	0.16	111115
124	"14:59:29"	3425.5	0	12.2	0.662	1.09E+03	5.13	0.959	21.51	6	1.42	1	2.84	20.49	21.51	19.97	1200.61	1146.26	0.584	15.768	2.48	66.80	199.7	1600	1	102.5	25.2	0.798	1.0	-0.22	2.74	1.00	0.00	0.16	111115
125	"14:59:29"	3426.0	0	12.2	0.662	1.09E+03	5.13	0.96	21.51	6	1.42	1	2.84	20.49	21.51	19.97	1200.60	1146.26	0.585	15.768	2.48	66.80	199.7	1600	1	102.5	25.2	0.798	1.0	-0.22	2.74	1.00	0.00	0.16	111115
126	"14:59:30"	3426.5	0	12.2	0.662	1.09E+03	5.13	0.96	21.51	6	1.42	1	2.84	20.49	21.51	19.97	1200.59	1146.25	0.585	15.767	2.48	66.79	199.7	1600	1	102.5	25.2	0.798	1.0	-0.22	2.74	1.00	0.00	0.16	111115
127	"14:59:30"	3427.0	0	12.2	0.662	1.09E+03	5.13	0.96	21.51	6	1.42	1	2.84	20.49	21.51	19.97	1200.58	1146.26	0.585	15.767	2.48	66.79	199.7	1600	1	102.5	25.2	0.798	1.0	-0.22	2.74	1.00	0.00	0.16	111115
128	"14:59:31"	3427.5	0	12.2	0.662	1.09E+03	5.13	0.96	21.51	6	1.42	1	2.84	20.49	21.51	19.97	1200.58	1146.28	0.585	15.767	2.48	66.79	199.7	1600	1	102.5	25.2	0.798	1.0	-0.22	2.74	1.00	0.00	0.16	111115
129	"14:59:32"	3428.5	0	12.2	0.662	1.09E+03	5.13	0.96	21.51	6	1.42	1	2.84	20.49	21.51	19.97	1200.62	1146.22	0.585	15.766	2.48	66.79	199.7	1600	1	102.5	25.2	0.798	1.0	-0.22	2.74	1.00	0.00	0.16	111115
130	"14:59:32"	3429.0	0	12.2	0.661	1.09E+03	5.13	0.96	21.51	6	1.42	1	2.84	20.49	21.51	19.97	1200.65	1146.26	0.585	15.765	2.48	66.78	199.7	1600	1	102.5	25.2	0.798	1.0	-0.22	2.74	1.00	0.00	0.16	111115
131	"14:59:33"	3429.5	0	12.2	0.661	1.09E+03	5.13	0.961	21.51	6	1.42	1	2.84	20.49	21.51	19.97	1200.67	1146.26	0.585	15.764	2.48	66.78	199.7	1600	1	102.5	25.2	0.798	1.0	-0.22	2.74	1.00	0.00	0.16	111115
132	"14:59:33"	3430.0	0	12.2	0.661	1.09E+03	5.13	0.961	21.51	6	1.42	1	2.84	20.49	21.51	19.97	1200.67	1146.27	0.585	15.763	2.48	66.77	199.7	1600	1	102.5	25.2	0.798	1.0	-0.22	2.74	1.00	0.00	0.16	111115
133	"14:59:34"	3430.5	0	12.2	0.66	1.09E+03	5.13	0.961	21.52	6	1.42	1	2.84	20.49	21.52	19.97	1200.66	1146.27	0.585	15.761	2.48	66.76	199.7	1600	1	102.5	25.2	0.798	1.0	-0.22	2.74	1.00	0.00	0.16	111115
134	"14:59:35"	3431.0	0	12.2	0.66	1.09E+03	5.13	0.962	21.52	6	1.42	1	2.84	20.49	21.52	19.97	1200.67	1146.27	0.584	15.760	2.47	66.76	199.7	1600	1	102.5	25.2	0.798	1.0	-0.22	2.74	1.00	0.00	0.16	111115
135	"14:59:35"	3431.5	0	12.2	0.66	1.09E+03	5.13	0.962	21.52	6	1.42	1	2.84	20.49	21.52	19.97	1200.64	1146.26	0.584	15.759	2.47	66.76	199.7	1600	1	102.5	25.2	0.798	1.0	-0.22	2.74	1.00	0.00	0.16	111115
"14:59:43 CO2 Mixer: CO2R -> 1500 uml"
"15:04:12 Flow: Fixed -> 200 umol/s"
136	"15:04:21"	3717.5	0	12.2	0.599	1.38E+03	4.98	1.01	21.56	6	1.42	1	2.84	20.49	21.56	19.97	1500.51	1442.12	0.589	15.341	2.50	64.99	199.6	1599	0	102.5	25.1	0.802	0.7	-0.22	2.74	1.00	0.00	0.16	111115
137	"15:04:21"	3718.0	0	12.2	0.599	1.38E+03	4.98	1.01	21.56	6	1.42	1	2.84	20.49	21.56	19.97	1500.52	1442.17	0.589	15.340	2.49	64.98	199.6	1599	0	102.5	25.1	0.802	0.7	-0.22	2.74	1.00	0.00	0.16	111115
138	"15:04:22"	3718.5	0	12.2	0.599	1.38E+03	4.98	1.01	21.56	6	1.42	1	2.84	20.49	21.56	19.97	1500.51	1442.18	0.589	15.339	2.50	64.98	199.6	1599	0	102.5	25.1	0.802	0.7	-0.22	2.74	1.00	0.00	0.16	111115
139	"15:04:23"	3719.5	0	12.2	0.6	1.38E+03	4.98	1.01	21.55	6	1.42	1	2.84	20.49	21.55	19.97	1500.46	1442.16	0.588	15.336	2.49	64.97	199.6	1599	0	102.5	25.1	0.802	1.0	-0.22	2.74	1.00	0.00	0.16	111115
140	"15:04:23"	3720.0	0	12.2	0.6	1.38E+03	4.98	1.01	21.55	6	1.42	1	2.84	20.49	21.55	19.97	1500.48	1442.18	0.588	15.336	2.49	64.96	199.6	1600	0	102.5	25.1	0.802	1.0	-0.22	2.74	1.00	0.00	0.16	111115
141	"15:04:24"	3720.5	0	12.2	0.6	1.38E+03	4.98	1.01	21.54	6	1.42	1	2.84	20.49	21.54	19.97	1500.47	1442.16	0.588	15.334	2.49	64.95	199.6	1600	0	102.5	25.1	0.802	1.0	-0.22	2.74	1.00	0.00	0.16	111115
142	"15:04:24"	3721.0	0	12.2	0.6	1.38E+03	4.98	1.01	21.54	6	1.42	1	2.84	20.49	21.54	19.97	1500.44	1442.12	0.588	15.333	2.49	64.95	199.6	1599	0	102.5	25.1	0.802	1.0	-0.22	2.74	1.00	0.00	0.16	111115
143	"15:04:25"	3721.5	0	12.2	0.6	1.38E+03	4.98	1.01	21.54	6	1.42	1	2.84	20.49	21.54	19.97	1500.44	1442.11	0.588	15.332	2.49	64.95	199.7	1599	0	102.5	25.1	0.802	1.0	-0.22	2.74	1.00	0.00	0.16	111115
144	"15:04:25"	3722.0	0	12.2	0.6	1.38E+03	4.98	1.01	21.54	6	1.42	1	2.84	20.49	21.54	19.97	1500.45	1442.08	0.588	15.331	2.49	64.94	199.7	1599	0	102.5	25.1	0.802	1.0	-0.22	2.74	1.00	0.00	0.16	111115
145	"15:04:26"	3723.0	0	12.2	0.6	1.38E+03	4.98	1.01	21.54	6	1.42	1	2.84	20.49	21.54	19.97	1500.51	1442.15	0.588	15.327	2.49	64.92	199.7	1599	0	102.5	25.1	0.802	1.0	-0.22	2.74	1.00	0.00	0.16	111115
146	"15:04:27"	3723.5	0	12.3	0.599	1.38E+03	4.98	1.01	21.54	6	1.42	1	2.84	20.49	21.54	19.97	1500.53	1442.11	0.588	15.326	2.49	64.92	199.7	1599	0	102.5	25.1	0.802	1.0	-0.22	2.74	1.00	0.00	0.16	111115
147	"15:04:27"	3724.0	0	12.3	0.6	1.38E+03	4.98	1.01	21.54	6	1.42	1	2.84	20.49	21.54	19.97	1500.50	1442.06	0.587	15.325	2.49	64.92	199.7	1599	1	102.5	25.1	0.802	1.0	-0.22	2.74	1.00	0.00	0.16	111115
148	"15:04:28"	3724.5	0	12.3	0.599	1.38E+03	4.98	1.01	21.54	6	1.42	1	2.84	20.49	21.54	19.97	1500.52	1442.11	0.587	15.324	2.49	64.92	199.7	1599	1	102.5	25.1	0.802	1.0	-0.22	2.74	1.00	0.00	0.16	111115
149	"15:04:28"	3725.0	0	12.2	0.599	1.38E+03	4.98	1.01	21.54	6	1.42	1	2.84	20.49	21.54	19.97	1500.52	1442.15	0.587	15.323	2.49	64.92	199.7	1599	1	102.5	25.1	0.802	1.0	-0.22	2.74	1.00	0.00	0.16	111115
150	"15:04:29"	3725.5	0	12.2	0.599	1.38E+03	4.98	1.01	21.54	6	1.42	1	2.84	20.49	21.54	19.97	1500.49	1442.13	0.586	15.322	2.48	64.92	199.7	1599	1	102.5	25.1	0.802	1.0	-0.22	2.74	1.00	0.00	0.16	111115
"15:04:35 CO2 Mixer: CO2R -> 1800 uml"
"15:12:19 Flow: Fixed -> 200 umol/s"
151	"15:12:39"	4215.5	0	12.2	0.484	1.66E+03	4.63	1.12	21.61	6	1.42	1	2.84	20.49	21.61	19.97	1799.20	1738.23	0.585	14.311	2.48	60.61	199.7	1599	0	102.5	24.1	0.798	0.7	-0.22	2.74	1.00	0.00	0.16	111115
152	"15:12:40"	4216.0	0	12.2	0.484	1.66E+03	4.63	1.13	21.61	6	1.42	1	2.84	20.49	21.61	19.97	1799.18	1738.19	0.585	14.310	2.48	60.61	199.7	1599	0	102.5	24.1	0.798	0.7	-0.22	2.74	1.00	0.00	0.16	111115
153	"15:12:40"	4216.5	0	12.2	0.484	1.66E+03	4.63	1.13	21.61	6	1.42	1	2.84	20.49	21.61	19.97	1799.19	1738.22	0.585	14.309	2.48	60.60	199.7	1599	0	102.5	24.1	0.798	0.7	-0.22	2.74	1.00	0.00	0.16	111115
154	"15:12:41"	4217.0	0	12.2	0.484	1.66E+03	4.63	1.13	21.61	6	1.42	1	2.84	20.49	21.61	19.97	1799.14	1738.27	0.584	14.309	2.47	60.60	199.7	1599	0	102.5	24.1	0.798	0.7	-0.22	2.74	1.00	0.00	0.16	111115
155	"15:12:41"	4217.5	0	12.2	0.484	1.66E+03	4.63	1.12	21.61	6	1.42	1	2.84	20.49	21.61	19.97	1799.19	1738.35	0.584	14.309	2.47	60.60	199.7	1599	0	102.5	24.1	0.798	0.7	-0.22	2.74	1.00	0.00	0.16	111115
156	"15:12:42"	4218.0	0	12.2	0.485	1.66E+03	4.63	1.12	21.61	6	1.42	1	2.84	20.49	21.61	19.97	1799.15	1738.30	0.584	14.308	2.47	60.60	199.7	1599	0	102.5	24.1	0.798	0.7	-0.22	2.74	1.00	0.00	0.16	111115
157	"15:12:42"	4218.5	0	12.2	0.485	1.66E+03	4.64	1.12	21.61	6	1.42	1	2.84	20.49	21.61	19.97	1799.19	1738.32	0.584	14.308	2.47	60.60	199.7	1599	0	102.5	24.1	0.798	0.7	-0.22	2.74	1.00	0.00	0.16	111115
158	"15:12:43"	4219.0	0	12.2	0.485	1.66E+03	4.64	1.12	21.61	6	1.42	1	2.84	20.49	21.61	19.97	1799.20	1738.35	0.584	14.307	2.47	60.59	199.8	1599	0	102.5	24.1	0.798	0.7	-0.22	2.74	1.00	0.00	0.16	111115
159	"15:12:43"	4219.5	0	12.2	0.485	1.66E+03	4.64	1.12	21.61	6	1.42	1	2.84	20.49	21.61	19.97	1799.21	1738.33	0.584	14.308	2.47	60.59	199.8	1599	0	102.5	24.1	0.798	0.7	-0.22	2.74	1.00	0.00	0.16	111115
160	"15:12:44"	4220.0	0	12.2	0.485	1.66E+03	4.63	1.12	21.61	6	1.42	1	2.84	20.49	21.61	19.97	1799.23	1738.41	0.585	14.307	2.48	60.59	199.8	1599	0	102.5	24.1	0.798	0.7	-0.22	2.74	1.00	0.00	0.16	111115
161	"15:12:44"	4220.5	0	12.2	0.485	1.66E+03	4.63	1.12	21.61	6	1.42	1	2.84	20.49	21.61	19.97	1799.25	1738.42	0.585	14.306	2.48	60.59	199.7	1599	1	102.5	24.1	0.798	0.7	-0.22	2.74	1.00	0.00	0.16	111115
162	"15:12:45"	4221.0	0	12.2	0.484	1.66E+03	4.63	1.12	21.61	6	1.42	1	2.84	20.49	21.61	19.97	1799.17	1738.35	0.585	14.303	2.48	60.58	199.8	1599	1	102.5	24.1	0.798	0.7	-0.22	2.74	1.00	0.00	0.16	111115
163	"15:12:45"	4221.5	0	12.2	0.484	1.66E+03	4.63	1.13	21.61	6	1.42	1	2.84	20.49	21.61	19.97	1799.12	1738.29	0.585	14.301	2.48	60.57	199.7	1599	0	102.5	24.1	0.798	0.7	-0.22	2.74	1.00	0.00	0.16	111115
164	"15:12:46"	4222.0	0	12.2	0.484	1.66E+03	4.63	1.13	21.61	6	1.42	1	2.84	20.49	21.61	19.97	1799.17	1738.35	0.584	14.300	2.48	60.56	199.7	1599	0	102.5	24.1	0.798	0.7	-0.22	2.74	1.00	0.00	0.16	111115
165	"15:12:46"	4222.5	0	12.2	0.483	1.66E+03	4.63	1.13	21.61	6	1.42	1	2.84	20.50	21.61	19.97	1799.12	1738.30	0.584	14.299	2.47	60.55	199.7	1599	0	102.5	24.1	0.798	0.7	-0.22	2.74	1.00	0.00	0.16	111115
"15:13:22 CO2 Mixer: CO2R -> 400 uml"
"15:13:28 Coolers: Tblock -> 30.00 C"
