"OPEN 6.2.5"
"Fri Jan 21 2022 11:31:37"
<open><version>"6.2.5"</version></open>
<open><configfile>"/User/Configs/UserPrefs/2x3 LED.xml"</configfile></open>
<open><light><source>"6400-02 or -02B LED Source"</source><par_in>1<sensor>"SI-3989"<cal>-0.92<actinity>1.00</actinity><transm>1.00</transm></cal></sensor><transm>1</transm></par_in><par_out>1<sensor>"Q50937"<cal>6.45</cal></sensor></par_out></light></open>
<open><comps><file>"/User/Configs/Comps/StdComps_6.2"<header>""</header><extras></extras></file><energybal>no<f_parIn>1</f_parIn><f_parOut>0</f_parOut><alphaK>0.16</alphaK></energybal><bc_total>2.840<stomatal_ratio>1</stomatal_ratio><bc_oneside>1.420<type>2</type><table>"/Sys/Lib/StdBLCTable"</table><area>6</area><slope>-0.219565</slope><offset>2.73739</offset><fan>5</fan></bc_oneside></bc_total></comps></open>
<open><prompts><onlog>off</onlog><items>"Default (none)"</items></prompts></open>
<open><constants><oxygen>21 %</oxygen><bb_vapor>1.5</bb_vapor><bb_oxy>0.9</bb_oxy></constants></open>
<open><stability><items>"Std Stability"<items[1]><id>-2</id><size>15</size><pcv><onoff>0</onoff><value>1</value></pcv><std><onoff>0</onoff><value>1</value></std><slp><onoff>1</onoff><value>1</value></slp></items[1]><items[2]><id>-5</id><size>15</size><pcv><onoff>0</onoff><value>1</value></pcv><std><onoff>0</onoff><value>1</value></std><slp><onoff>1</onoff><value>1</value></slp></items[2]><items[3]><id>-7</id><size>15</size><pcv><onoff>0</onoff><value>1</value></pcv><std><onoff>0</onoff><value>1</value></std><slp><onoff>1</onoff><value>1</value></slp></items[3]></items></stability></open>
<open><log><format>"StdLogFmt_6.0"<items>{ -35 -21 -36 -76 30 23 36 21 25 221 -33 111 -34 11 -9 -10 -8 -1 -2 -4 -5 -14 -15 -7 -12 -13 -11 -65 -66 -72 -18 -19 -77 -78 -79 -23  }<hdr>{  }</hdr></items></format><options><beep>on</beep><hdr>normal</hdr><rem>normal</rem><stab>no</stab><stats>no<mean>no</mean><file>no</file><period>15</period></stats><excel>yes</excel><controls>yes</controls><comm>no</comm></options><datafile>"/User/jcg_rasa_aci_2c"</datafile><button><action>"Normal Log"<code>" LogOneObsManual "</code></action></button><autoprog>"/User/Configs/AutoProgs/AutoLog2"<active>no</active></autoprog></log></open>
<open><a2d><avgtime>4.0 secs</avgtime><userchans><ch20>"Off"</ch20><ch21>"Off"</ch21><ch22>"Off"</ch22><ch23>"Off"</ch23></userchans></a2d></open>
<open><matching><type>0</type><disp>'a'</disp><settings><CO2Limit>10.0</CO2Limit><H2OLimit>1.0</H2OLimit><MaxAutoTime>60</MaxAutoTime></settings></matching></open>
<li6400><factory><unit>"PSC-4076"</unit><serviced>"31 Mar 2014"</serviced><fuseaware>0</fuseaware><co2mixer>yes</co2mixer><co2><coeffs>{ 0 0.215349 2.57678e-05 1.9763e-08 -3.21542e-12 3.03737e-16  }</coeffs><dvdt>-2.8</dvdt><xs>{ 0.0005 0.0003  }</xs></co2><h2o><coeffs>{ 0 0.00579256 2.19235e-06 9.06457e-12  }</coeffs><dvdt>-1</dvdt><xs>{ -0.0026 0.0003  }</xs></h2o><flow>{ 0 0.3607  }</flow><press>{ 88.32 0.00555  }</press></factory></li6400>
<li6400><user><flow_zero>-1560.7</flow_zero><irga_zero><co2>-312.6 -351.6<at>29.8235</at></co2><h2o>-156.6 77.4<at>31.0407</at></h2o></irga_zero><irga_span><co2>{ 0.988788 0.993555  }</co2><h2o>{ 0.996032 0.996401  }</h2o></irga_span><irga_match><co2>{ -1.32399 18.5087  }</co2><h2o>{ -0.104692 0.783852  }</h2o></irga_match><co2_mixer><pump_mv>4500</pump_mv><ppm>{ 2185.36 1052.7 419.509 255.894 118.056 69.8071 46.8351 46.4167  }</ppm><mv>{ 5000 3000 1500 1000 500 300 200 100  }</mv></co2_mixer><parin_offset>-0.0908794</parin_offset><led_cal><unit>"SI-3989"</unit><mv>{ 10 25 50 100 1000 2000 3000 4000 5000  }</mv><qntm>{ 5.41353 17.8999 38.6356 86.3019 941.421 1838.37 2690.41 3508.95 4284.65  }</qntm></led_cal><lcf_cal><unit>"unknown"</unit><red><mv>{ 50 100 500 1000 1500 5000  }</mv><qntm>{ 50 100 500 1000 2000 5000  }</qntm></red><blue><mv>{ 100 200 500 1000 2000 5000  }</mv><qntm>{ 10 20 50 100 200 500  }</qntm></blue></lcf_cal></user></li6400>
"11:31:39 "
$STARTOFDATA$
"Obs"	"HHMMSS"	"FTime"	"EBal?"	"Photo"	"Cond"	"Ci"	"Trmmol"	"VpdL"	"CTleaf"	"Area"	"BLC_1"	"StmRat"	"BLCond"	"Tair"	"Tleaf"	"TBlk"	"CO2R"	"CO2S"	"H2OR"	"H2OS"	"RH_R"	"RH_S"	"Flow"	"PARi"	"PARo"	"Press"	"CsMch"	"HsMch"	"StableF"	"BLCslope"	"BLCoffst"	"f_parin"	"f_parout"	"alphaK"	"Status"
"11:39:28 Flow: Fixed -> 200 umol/s"
1	"11:40:01"	519.5	0	8.93	0.583	340	2.17	0.456	9.46	6	1.42	1	2.84	4.90	9.46	1.99	400.19	370.93	0.667	7.146	7.86	84.23	199.7	1601	1	102.5	15.4	0.295	1.0	-0.22	2.74	1.00	0.00	0.16	111115
2	"11:40:01"	520.0	0	8.94	0.582	340	2.17	0.456	9.46	6	1.42	1	2.84	4.90	9.46	1.99	400.23	370.93	0.667	7.146	7.86	84.23	199.7	1601	1	102.5	15.4	0.295	1.0	-0.22	2.74	1.00	0.00	0.16	111115
3	"11:40:02"	521.0	0	8.98	0.582	339	2.17	0.457	9.46	6	1.42	1	2.84	4.89	9.46	1.99	400.31	370.92	0.666	7.146	7.86	84.24	199.7	1601	1	102.5	15.4	0.295	1.0	-0.22	2.74	1.00	0.00	0.16	111115
4	"11:40:02"	521.5	0	8.98	0.582	339	2.17	0.457	9.47	6	1.42	1	2.84	4.89	9.47	1.99	400.33	370.92	0.666	7.146	7.86	84.25	199.7	1601	0	102.5	15.4	0.295	1.0	-0.22	2.74	1.00	0.00	0.16	111115
5	"11:40:03"	522.0	0	8.98	0.582	339	2.17	0.456	9.46	6	1.42	1	2.84	4.89	9.46	1.99	400.30	370.92	0.666	7.146	7.85	84.25	199.7	1601	0	102.5	15.4	0.295	1.0	-0.22	2.74	1.00	0.00	0.16	111115
6	"11:40:04"	523.0	0	8.95	0.582	340	2.17	0.456	9.46	6	1.42	1	2.84	4.89	9.46	1.99	400.22	370.91	0.666	7.145	7.86	84.25	199.7	1601	0	102.5	15.4	0.295	1.0	-0.22	2.74	1.00	0.00	0.16	111115
7	"11:40:04"	523.5	0	8.95	0.582	340	2.17	0.456	9.46	6	1.42	1	2.84	4.89	9.46	1.99	400.21	370.92	0.666	7.144	7.86	84.26	199.7	1601	1	102.5	15.4	0.295	1.0	-0.22	2.74	1.00	0.00	0.16	111115
8	"11:40:05"	524.0	0	8.94	0.583	340	2.17	0.456	9.45	6	1.42	1	2.84	4.89	9.45	1.99	400.21	370.92	0.666	7.144	7.86	84.26	199.7	1601	1	102.5	15.4	0.295	1.0	-0.22	2.74	1.00	0.00	0.16	111115
9	"11:40:06"	524.5	0	8.94	0.583	340	2.17	0.456	9.45	6	1.42	1	2.84	4.89	9.45	1.99	400.20	370.92	0.666	7.143	7.85	84.26	199.7	1601	1	102.5	15.4	0.295	1.0	-0.22	2.74	1.00	0.00	0.16	111115
10	"11:40:06"	525.5	0	8.93	0.583	340	2.17	0.456	9.45	6	1.42	1	2.84	4.88	9.45	1.99	400.20	370.94	0.666	7.143	7.85	84.27	199.7	1601	1	102.5	15.4	0.295	1.0	-0.22	2.74	1.00	0.00	0.16	111115
11	"11:40:07"	526.0	0	8.93	0.583	340	2.17	0.456	9.45	6	1.42	1	2.84	4.88	9.45	1.99	400.22	370.96	0.666	7.143	7.85	84.27	199.7	1601	1	102.5	15.4	0.295	1.0	-0.22	2.74	1.00	0.00	0.16	111115
12	"11:40:08"	526.5	0	8.94	0.583	340	2.17	0.456	9.45	6	1.42	1	2.84	4.88	9.45	1.99	400.23	370.96	0.665	7.143	7.85	84.28	199.7	1601	1	102.5	15.4	0.295	1.0	-0.22	2.74	1.00	0.00	0.16	111115
13	"11:40:08"	527.0	0	8.94	0.583	340	2.17	0.456	9.46	6	1.42	1	2.84	4.88	9.46	1.99	400.25	370.96	0.665	7.144	7.85	84.30	199.8	1601	1	102.5	15.4	0.295	1.0	-0.22	2.74	1.00	0.00	0.16	111115
14	"11:40:09"	528.0	0	8.96	0.582	340	2.17	0.456	9.46	6	1.42	1	2.84	4.88	9.46	1.99	400.29	370.97	0.665	7.144	7.84	84.31	199.8	1601	1	102.5	15.4	0.295	1.0	-0.22	2.74	1.00	0.00	0.16	111115
15	"11:40:09"	528.5	0	8.95	0.583	340	2.17	0.456	9.46	6	1.42	1	2.84	4.88	9.46	1.99	400.29	370.98	0.665	7.145	7.85	84.32	199.7	1601	1	102.5	15.4	0.295	1.0	-0.22	2.74	1.00	0.00	0.16	111115
"11:40:52 CO2 Mixer: CO2R -> 300 uml"
"11:48:54 Flow: Fixed -> 200 umol/s"
16	"11:49:14"	1072.5	0	7.6	0.588	248	2.19	0.456	9.52	6	1.42	1	2.84	4.88	9.52	2.02	298.99	274.35	0.667	7.191	7.87	84.87	199.7	1600	1	102.5	14.1	0.314	1.0	-0.22	2.74	1.00	0.00	0.16	111115
17	"11:49:15"	1073.0	0	7.6	0.586	248	2.19	0.457	9.52	6	1.42	1	2.84	4.88	9.52	2.02	299.00	274.37	0.667	7.190	7.87	84.87	199.7	1600	1	102.5	14.1	0.314	1.0	-0.22	2.74	1.00	0.00	0.16	111115
18	"11:49:15"	1073.5	0	7.61	0.586	248	2.19	0.457	9.52	6	1.42	1	2.84	4.88	9.52	2.02	299.04	274.36	0.667	7.190	7.87	84.87	199.7	1600	1	102.5	14.1	0.314	1.0	-0.22	2.74	1.00	0.00	0.16	111115
19	"11:49:16"	1074.5	0	7.65	0.585	248	2.19	0.457	9.53	6	1.42	1	2.84	4.88	9.53	2.02	299.13	274.34	0.666	7.188	7.87	84.86	199.7	1600	1	102.5	14.1	0.314	1.0	-0.22	2.74	1.00	0.00	0.16	111115
20	"11:49:17"	1075.0	0	7.66	0.586	248	2.19	0.457	9.53	6	1.42	1	2.84	4.88	9.53	2.02	299.16	274.33	0.666	7.188	7.86	84.85	199.7	1600	1	102.5	14.1	0.314	1.0	-0.22	2.74	1.00	0.00	0.16	111115
21	"11:49:17"	1075.5	0	7.66	0.586	248	2.19	0.457	9.52	6	1.42	1	2.84	4.87	9.52	2.02	299.17	274.34	0.666	7.189	7.86	84.86	199.7	1600	1	102.5	14.1	0.314	1.0	-0.22	2.74	1.00	0.00	0.16	111115
22	"11:49:18"	1076.0	0	7.67	0.587	248	2.19	0.456	9.52	6	1.42	1	2.84	4.88	9.52	2.02	299.19	274.34	0.666	7.188	7.86	84.85	199.7	1600	1	102.5	14.1	0.314	1.0	-0.22	2.74	1.00	0.00	0.16	111115
23	"11:49:18"	1076.5	0	7.67	0.588	248	2.19	0.456	9.51	6	1.42	1	2.84	4.87	9.51	2.02	299.18	274.33	0.666	7.188	7.86	84.86	199.7	1600	1	102.5	14.1	0.314	1.0	-0.22	2.74	1.00	0.00	0.16	111115
24	"11:49:19"	1077.0	0	7.69	0.589	248	2.19	0.455	9.50	6	1.42	1	2.84	4.87	9.50	2.02	299.23	274.31	0.666	7.188	7.86	84.86	199.7	1600	1	102.5	14.1	0.314	1.0	-0.22	2.74	1.00	0.00	0.16	111115
25	"11:49:19"	1077.5	0	7.68	0.59	248	2.19	0.455	9.49	6	1.42	1	2.84	4.87	9.49	2.02	299.20	274.32	0.666	7.188	7.86	84.87	199.7	1600	1	102.5	14.1	0.314	1.0	-0.22	2.74	1.00	0.00	0.16	111115
26	"11:49:20"	1078.0	0	7.68	0.591	248	2.19	0.454	9.48	6	1.42	1	2.84	4.87	9.48	2.02	299.20	274.33	0.665	7.189	7.86	84.87	199.7	1600	1	102.5	14.1	0.314	1.0	-0.22	2.74	1.00	0.00	0.16	111115
27	"11:49:20"	1078.5	0	7.67	0.592	248	2.19	0.453	9.48	6	1.42	1	2.84	4.87	9.48	2.02	299.19	274.34	0.665	7.189	7.85	84.88	199.7	1600	1	102.5	14.1	0.314	1.0	-0.22	2.74	1.00	0.00	0.16	111115
28	"11:49:21"	1079.5	0	7.66	0.595	248	2.19	0.452	9.46	6	1.42	1	2.84	4.87	9.46	2.02	299.15	274.34	0.665	7.189	7.85	84.88	199.7	1600	1	102.5	14.1	0.314	1.0	-0.22	2.74	1.00	0.00	0.16	111115
29	"11:49:22"	1080.0	0	7.65	0.595	248	2.19	0.451	9.45	6	1.42	1	2.84	4.87	9.45	2.02	299.12	274.33	0.665	7.188	7.85	84.89	199.7	1600	1	102.5	14.1	0.314	1.0	-0.22	2.74	1.00	0.00	0.16	111115
30	"11:49:22"	1080.5	0	7.64	0.595	248	2.19	0.452	9.46	6	1.42	1	2.84	4.87	9.46	2.02	299.13	274.36	0.664	7.188	7.85	84.89	199.7	1600	1	102.5	14.1	0.314	1.0	-0.22	2.74	1.00	0.00	0.16	111115
"11:49:47 CO2 Mixer: CO2R -> 200 uml"
"11:53:17 Flow: Fixed -> 200 umol/s"
31	"11:53:41"	1339.5	0	5.57	0.602	163	2.19	0.447	9.40	6	1.42	1	2.84	4.83	9.40	2.02	199.81	181.88	0.665	7.191	7.88	85.18	199.7	1600	1	102.5	12.6	0.305	1.0	-0.22	2.74	1.00	0.00	0.16	111115
32	"11:53:41"	1340.0	0	5.56	0.602	163	2.19	0.447	9.41	6	1.42	1	2.84	4.83	9.41	2.02	199.78	181.88	0.665	7.191	7.88	85.18	199.7	1600	1	102.5	12.6	0.305	1.0	-0.22	2.74	1.00	0.00	0.16	111115
33	"11:53:42"	1340.5	0	5.55	0.602	163	2.19	0.448	9.41	6	1.42	1	2.84	4.83	9.41	2.02	199.74	181.88	0.665	7.191	7.88	85.18	199.7	1600	1	102.5	12.6	0.305	1.0	-0.22	2.74	1.00	0.00	0.16	111115
34	"11:53:42"	1341.0	0	5.55	0.601	163	2.19	0.448	9.41	6	1.42	1	2.84	4.83	9.41	2.02	199.73	181.86	0.665	7.190	7.88	85.16	199.7	1600	1	102.5	12.6	0.305	1.0	-0.22	2.74	1.00	0.00	0.16	111115
35	"11:53:43"	1341.5	0	5.56	0.6	163	2.19	0.448	9.42	6	1.42	1	2.84	4.83	9.42	2.02	199.75	181.85	0.665	7.190	7.88	85.16	199.7	1600	1	102.5	12.6	0.305	1.0	-0.22	2.74	1.00	0.00	0.16	111115
36	"11:53:43"	1342.0	0	5.56	0.6	163	2.19	0.448	9.42	6	1.42	1	2.84	4.83	9.42	2.02	199.76	181.86	0.665	7.190	7.88	85.15	199.7	1600	1	102.5	12.6	0.305	1.0	-0.22	2.74	1.00	0.00	0.16	111115
37	"11:53:44"	1342.5	0	5.55	0.6	163	2.19	0.448	9.42	6	1.42	1	2.84	4.83	9.42	2.02	199.76	181.88	0.665	7.190	7.87	85.15	199.7	1600	1	102.5	12.6	0.305	1.0	-0.22	2.74	1.00	0.00	0.16	111115
38	"11:53:44"	1343.0	0	5.56	0.6	163	2.19	0.448	9.42	6	1.42	1	2.84	4.83	9.42	2.02	199.78	181.87	0.665	7.189	7.87	85.15	199.7	1600	1	102.5	12.6	0.305	1.0	-0.22	2.74	1.00	0.00	0.16	111115
39	"11:53:45"	1343.5	0	5.57	0.6	163	2.19	0.448	9.42	6	1.42	1	2.84	4.83	9.42	2.02	199.81	181.87	0.664	7.189	7.87	85.15	199.7	1600	1	102.5	12.6	0.305	1.0	-0.22	2.74	1.00	0.00	0.16	111115
40	"11:53:45"	1344.0	0	5.58	0.6	163	2.19	0.448	9.42	6	1.42	1	2.84	4.83	9.42	2.02	199.83	181.87	0.665	7.189	7.87	85.15	199.7	1600	1	102.5	12.6	0.305	1.0	-0.22	2.74	1.00	0.00	0.16	111115
41	"11:53:46"	1344.5	0	5.57	0.599	163	2.19	0.449	9.42	6	1.42	1	2.84	4.83	9.42	2.02	199.83	181.89	0.665	7.189	7.87	85.14	199.7	1600	1	102.5	12.6	0.305	1.0	-0.22	2.74	1.00	0.00	0.16	111115
42	"11:53:46"	1345.0	0	5.57	0.599	163	2.19	0.449	9.42	6	1.42	1	2.84	4.83	9.42	2.02	199.83	181.89	0.665	7.189	7.87	85.15	199.7	1600	1	102.5	12.6	0.305	1.0	-0.22	2.74	1.00	0.00	0.16	111115
43	"11:53:47"	1345.5	0	5.57	0.599	163	2.19	0.449	9.43	6	1.42	1	2.84	4.83	9.43	2.02	199.81	181.88	0.664	7.189	7.87	85.15	199.7	1600	1	102.5	12.6	0.305	1.0	-0.22	2.74	1.00	0.00	0.16	111115
44	"11:53:47"	1346.0	0	5.57	0.599	163	2.19	0.449	9.43	6	1.42	1	2.84	4.83	9.43	2.02	199.82	181.88	0.664	7.189	7.87	85.15	199.7	1600	1	102.5	12.6	0.305	1.0	-0.22	2.74	1.00	0.00	0.16	111115
45	"11:53:48"	1347.0	0	5.58	0.598	163	2.19	0.449	9.43	6	1.42	1	2.84	4.83	9.43	2.02	199.85	181.89	0.664	7.189	7.87	85.15	199.7	1600	1	102.5	12.6	0.305	1.0	-0.22	2.74	1.00	0.00	0.16	111115
"11:53:54 CO2 Mixer: CO2R -> 100 uml"
"11:56:58 Flow: Fixed -> 200 umol/s"
46	"11:57:22"	1560.5	0	2.66	0.607	83.2	2.19	0.445	9.40	6	1.42	1	2.84	4.86	9.40	2.02	100.72	92.11	0.663	7.206	7.83	85.15	199.7	1600	1	102.5	11.1	0.294	1.0	-0.22	2.74	1.00	0.00	0.16	111115
47	"11:57:23"	1561.0	0	2.68	0.607	83.2	2.19	0.445	9.40	6	1.42	1	2.84	4.86	9.40	2.02	100.74	92.10	0.663	7.206	7.83	85.15	199.7	1600	1	102.5	11.1	0.294	1.0	-0.22	2.74	1.00	0.00	0.16	111115
48	"11:57:23"	1561.5	0	2.68	0.607	83.2	2.19	0.445	9.40	6	1.42	1	2.84	4.86	9.40	2.02	100.76	92.11	0.663	7.206	7.83	85.15	199.7	1600	1	102.5	11.1	0.294	1.0	-0.22	2.74	1.00	0.00	0.16	111115
49	"11:57:24"	1562.0	0	2.69	0.607	83.1	2.19	0.445	9.40	6	1.42	1	2.84	4.86	9.40	2.02	100.79	92.11	0.663	7.206	7.83	85.15	199.7	1600	1	102.5	11.1	0.294	1.0	-0.22	2.74	1.00	0.00	0.16	111115
50	"11:57:24"	1562.5	0	2.71	0.606	83	2.19	0.446	9.40	6	1.42	1	2.84	4.86	9.40	2.02	100.84	92.10	0.663	7.205	7.83	85.14	199.7	1600	1	102.5	11.1	0.294	1.0	-0.22	2.74	1.00	0.00	0.16	111115
51	"11:57:25"	1563.0	0	2.73	0.607	83	2.19	0.445	9.40	6	1.42	1	2.84	4.86	9.40	2.02	100.92	92.11	0.662	7.206	7.83	85.14	199.7	1600	1	102.5	11.1	0.294	1.0	-0.22	2.74	1.00	0.00	0.16	111115
52	"11:57:25"	1563.5	0	2.74	0.608	83	2.19	0.445	9.39	6	1.42	1	2.84	4.86	9.39	2.02	100.95	92.10	0.662	7.206	7.82	85.14	199.7	1600	1	102.5	11.1	0.294	1.0	-0.22	2.74	1.00	0.00	0.16	111115
53	"11:57:26"	1564.0	0	2.73	0.608	83	2.19	0.445	9.39	6	1.42	1	2.84	4.86	9.39	2.02	100.91	92.09	0.662	7.206	7.82	85.14	199.7	1600	1	102.5	11.1	0.294	1.0	-0.22	2.74	1.00	0.00	0.16	111115
54	"11:57:26"	1564.5	0	2.72	0.609	83	2.19	0.444	9.39	6	1.42	1	2.84	4.86	9.39	2.02	100.88	92.10	0.662	7.206	7.82	85.14	199.7	1600	1	102.5	11.1	0.294	1.0	-0.22	2.74	1.00	0.00	0.16	111115
55	"11:57:27"	1565.0	0	2.72	0.609	83.1	2.19	0.444	9.39	6	1.42	1	2.84	4.86	9.39	2.02	100.88	92.11	0.661	7.206	7.81	85.14	199.7	1600	1	102.5	11.1	0.294	1.0	-0.22	2.74	1.00	0.00	0.16	111115
56	"11:57:27"	1565.5	0	2.72	0.609	83.1	2.19	0.444	9.39	6	1.42	1	2.84	4.86	9.39	2.02	100.88	92.11	0.661	7.206	7.81	85.14	199.7	1600	1	102.5	11.1	0.294	1.0	-0.22	2.74	1.00	0.00	0.16	111115
57	"11:57:28"	1566.0	0	2.71	0.609	83.1	2.19	0.444	9.39	6	1.42	1	2.84	4.86	9.39	2.02	100.86	92.11	0.661	7.206	7.81	85.14	199.7	1600	1	102.5	11.1	0.294	1.0	-0.22	2.74	1.00	0.00	0.16	111115
58	"11:57:28"	1566.5	0	2.69	0.609	83.2	2.19	0.444	9.38	6	1.42	1	2.84	4.86	9.38	2.02	100.80	92.12	0.661	7.206	7.82	85.13	199.7	1600	1	102.5	11.1	0.294	1.0	-0.22	2.74	1.00	0.00	0.16	111115
59	"11:57:29"	1567.0	0	2.67	0.61	83.2	2.19	0.444	9.38	6	1.42	1	2.84	4.86	9.38	2.02	100.75	92.12	0.662	7.206	7.82	85.14	199.7	1600	1	102.5	11.1	0.294	1.0	-0.22	2.74	1.00	0.00	0.16	111115
60	"11:57:29"	1567.5	0	2.65	0.609	83.3	2.19	0.444	9.38	6	1.42	1	2.84	4.86	9.38	2.02	100.71	92.14	0.662	7.206	7.82	85.14	199.7	1600	1	102.5	11.1	0.294	1.0	-0.22	2.74	1.00	0.00	0.16	111115
"11:58:29 CO2 Mixer: CO2R -> 50 uml"
"12:04:21 Flow: Fixed -> 200 umol/s"
61	"12:04:49"	2007.5	0	0.857	0.636	43.8	2.22	0.433	9.34	6	1.42	1	2.84	4.85	9.34	2.02	49.57	46.69	0.665	7.278	7.86	86.08	199.7	1600	1	102.5	10.1	0.344	1.0	-0.22	2.74	1.00	0.00	0.16	111135
62	"12:04:50"	2008.0	0	0.869	0.636	43.8	2.22	0.433	9.34	6	1.42	1	2.84	4.85	9.34	2.02	49.60	46.68	0.664	7.278	7.86	86.08	199.7	1600	1	102.5	10.1	0.344	1.0	-0.22	2.74	1.00	0.00	0.16	111135
63	"12:04:50"	2008.5	0	0.872	0.636	43.8	2.22	0.433	9.34	6	1.42	1	2.84	4.85	9.34	2.02	49.60	46.67	0.664	7.278	7.86	86.08	199.7	1600	1	102.5	10.1	0.344	1.0	-0.22	2.74	1.00	0.00	0.16	111135
64	"12:04:51"	2009.0	0	0.881	0.636	43.7	2.22	0.434	9.35	6	1.42	1	2.84	4.85	9.35	2.02	49.62	46.67	0.664	7.278	7.85	86.08	199.7	1600	1	102.5	10.1	0.344	1.0	-0.22	2.74	1.00	0.00	0.16	111135
65	"12:04:51"	2009.5	0	0.896	0.636	43.7	2.22	0.434	9.35	6	1.42	1	2.84	4.85	9.35	2.02	49.67	46.67	0.664	7.279	7.85	86.09	199.7	1600	1	102.5	10.1	0.344	1.0	-0.22	2.74	1.00	0.00	0.16	111135
66	"12:04:52"	2010.0	0	0.915	0.635	43.6	2.22	0.434	9.35	6	1.42	1	2.84	4.85	9.35	2.02	49.73	46.67	0.664	7.280	7.85	86.10	199.7	1600	1	102.5	10.1	0.344	1.0	-0.22	2.74	1.00	0.00	0.16	111135
67	"12:04:52"	2010.5	0	0.919	0.635	43.6	2.22	0.434	9.36	6	1.42	1	2.84	4.85	9.36	2.02	49.75	46.68	0.663	7.281	7.85	86.10	199.8	1600	1	102.5	10.1	0.344	1.0	-0.22	2.74	1.00	0.00	0.16	111135
68	"12:04:53"	2011.0	0	0.904	0.635	43.7	2.22	0.434	9.36	6	1.42	1	2.84	4.85	9.36	2.02	49.71	46.68	0.664	7.281	7.85	86.10	199.8	1600	1	102.5	10.1	0.344	1.0	-0.22	2.74	1.00	0.00	0.16	111135
69	"12:04:53"	2011.5	0	0.893	0.635	43.7	2.22	0.434	9.36	6	1.42	1	2.84	4.85	9.36	2.02	49.68	46.69	0.663	7.281	7.84	86.10	199.8	1600	1	102.5	10.1	0.344	1.0	-0.22	2.74	1.00	0.00	0.16	111135
70	"12:04:54"	2012.0	0	0.883	0.636	43.7	2.22	0.434	9.35	6	1.42	1	2.84	4.85	9.35	2.02	49.65	46.69	0.663	7.282	7.85	86.11	199.8	1600	1	102.5	10.1	0.344	1.0	-0.22	2.74	1.00	0.00	0.16	111135
71	"12:04:54"	2012.5	0	0.864	0.637	43.8	2.22	0.433	9.35	6	1.42	1	2.84	4.85	9.35	2.03	49.59	46.68	0.663	7.282	7.85	86.11	199.8	1600	1	102.5	10.1	0.344	1.0	-0.22	2.74	1.00	0.00	0.16	111135
72	"12:04:55"	2013.0	0	0.836	0.638	43.9	2.22	0.433	9.34	6	1.42	1	2.84	4.85	9.34	2.03	49.51	46.69	0.663	7.283	7.84	86.11	199.7	1600	1	102.5	10.1	0.344	1.0	-0.22	2.74	1.00	0.00	0.16	111135
73	"12:04:55"	2013.5	0	0.821	0.639	43.9	2.22	0.432	9.33	6	1.42	1	2.84	4.85	9.33	2.03	49.46	46.69	0.663	7.283	7.84	86.11	199.8	1600	1	102.5	10.1	0.344	1.0	-0.22	2.74	1.00	0.00	0.16	111135
74	"12:04:56"	2014.0	0	0.812	0.64	44	2.22	0.432	9.33	6	1.42	1	2.84	4.85	9.33	2.03	49.44	46.69	0.663	7.283	7.84	86.10	199.8	1600	1	102.5	10.1	0.344	1.0	-0.22	2.74	1.00	0.00	0.16	111135
75	"12:04:56"	2014.5	0	0.812	0.64	44	2.22	0.431	9.33	6	1.42	1	2.84	4.86	9.33	2.03	49.43	46.68	0.663	7.283	7.84	86.10	199.8	1600	1	102.5	10.1	0.344	1.0	-0.22	2.74	1.00	0.00	0.16	111135
"12:05:03 CO2 Mixer: CO2R -> 400 uml"
"12:11:19 Flow: Fixed -> 200 umol/s"
76	"12:11:58"	2437.0	0	7.48	0.618	350	2.2	0.44	9.33	6	1.42	1	2.84	4.85	9.33	2.02	400.77	375.82	0.654	7.210	7.74	85.28	199.7	1599	2	102.5	15.8	0.258	1.0	-0.22	2.74	1.00	0.00	0.16	111115
77	"12:11:58"	2437.5	0	7.49	0.619	350	2.2	0.439	9.33	6	1.42	1	2.84	4.85	9.33	2.02	400.82	375.84	0.655	7.210	7.74	85.27	199.7	1599	2	102.5	15.8	0.258	1.0	-0.22	2.74	1.00	0.00	0.16	111115
78	"12:11:59"	2438.0	0	7.5	0.619	350	2.2	0.439	9.32	6	1.42	1	2.84	4.85	9.32	2.02	400.86	375.84	0.654	7.210	7.74	85.27	199.7	1599	2	102.5	15.8	0.258	1.0	-0.22	2.74	1.00	0.00	0.16	111115
79	"12:11:59"	2438.5	0	7.52	0.621	350	2.2	0.438	9.32	6	1.42	1	2.84	4.85	9.32	2.02	400.91	375.85	0.654	7.211	7.73	85.28	199.7	1599	2	102.5	15.8	0.258	1.0	-0.22	2.74	1.00	0.00	0.16	111115
80	"12:12:00"	2439.0	0	7.51	0.622	350	2.2	0.438	9.31	6	1.42	1	2.84	4.85	9.31	2.02	400.90	375.86	0.654	7.211	7.74	85.28	199.7	1599	2	102.5	15.8	0.258	1.0	-0.22	2.74	1.00	0.00	0.16	111115
81	"12:12:01"	2439.5	0	7.49	0.623	351	2.2	0.437	9.30	6	1.42	1	2.84	4.85	9.30	2.02	400.86	375.87	0.654	7.211	7.73	85.27	199.7	1599	2	102.5	15.8	0.258	1.0	-0.22	2.74	1.00	0.00	0.16	111115
82	"12:12:01"	2440.0	0	7.5	0.624	351	2.2	0.437	9.30	6	1.42	1	2.84	4.85	9.30	2.02	400.86	375.86	0.654	7.211	7.73	85.28	199.8	1599	2	102.5	15.8	0.258	1.0	-0.22	2.74	1.00	0.00	0.16	111115
83	"12:12:01"	2440.0	0	7.5	0.624	351	2.2	0.437	9.30	6	1.42	1	2.84	4.85	9.30	2.02	400.86	375.86	0.654	7.211	7.73	85.28	199.8	1599	2	102.5	15.8	0.258	1.0	-0.22	2.74	1.00	0.00	0.16	111115
84	"12:12:02"	2440.5	0	7.5	0.623	351	2.2	0.437	9.30	6	1.42	1	2.84	4.85	9.30	2.02	400.90	375.88	0.653	7.212	7.73	85.28	199.8	1599	1	102.5	15.8	0.258	1.0	-0.22	2.74	1.00	0.00	0.16	111115
85	"12:12:02"	2441.0	0	7.5	0.624	351	2.2	0.437	9.30	6	1.42	1	2.84	4.85	9.30	2.02	400.90	375.89	0.653	7.213	7.73	85.29	199.8	1599	1	102.5	15.8	0.258	1.0	-0.22	2.74	1.00	0.00	0.16	111115
86	"12:12:03"	2442.0	0	7.49	0.626	351	2.2	0.436	9.29	6	1.42	1	2.84	4.85	9.29	2.02	400.85	375.88	0.654	7.214	7.73	85.30	199.8	1599	1	102.5	15.8	0.258	1.0	-0.22	2.74	1.00	0.00	0.16	111115
87	"12:12:04"	2443.0	0	7.46	0.628	351	2.2	0.435	9.27	6	1.42	1	2.84	4.85	9.27	2.02	400.78	375.87	0.653	7.214	7.73	85.29	199.7	1599	1	102.5	15.8	0.258	1.0	-0.22	2.74	1.00	0.00	0.16	111115
88	"12:12:04"	2443.0	0	7.46	0.628	351	2.2	0.435	9.27	6	1.42	1	2.84	4.85	9.27	2.02	400.78	375.87	0.653	7.214	7.73	85.29	199.7	1599	1	102.5	15.8	0.258	1.0	-0.22	2.74	1.00	0.00	0.16	111115
89	"12:12:05"	2443.5	0	7.45	0.629	351	2.2	0.434	9.27	6	1.42	1	2.84	4.85	9.27	2.02	400.75	375.88	0.653	7.214	7.73	85.30	199.7	1599	1	102.5	15.8	0.258	1.0	-0.22	2.74	1.00	0.00	0.16	111115
90	"12:12:06"	2444.5	0	7.4	0.631	351	2.2	0.433	9.25	6	1.42	1	2.84	4.85	9.25	2.02	400.58	375.87	0.653	7.214	7.73	85.31	199.7	1599	2	102.5	15.8	0.258	1.0	-0.22	2.74	1.00	0.00	0.16	111115
"12:12:12 CO2 Mixer: CO2R -> 600 uml"
"12:17:25 Flow: Fixed -> 200 umol/s"
91	"12:18:17"	2816.5	0	8.05	0.62	545	2.21	0.441	9.40	6	1.42	1	2.84	4.87	9.40	2.05	601.06	573.05	0.648	7.246	7.65	85.59	199.7	1599	2	102.5	17.5	0.286	1.0	-0.22	2.74	1.00	0.00	0.16	111115
92	"12:18:18"	2817.0	0	8.06	0.618	545	2.21	0.442	9.41	6	1.42	1	2.84	4.87	9.41	2.05	601.07	573.04	0.648	7.246	7.65	85.59	199.7	1599	2	102.5	17.5	0.286	1.0	-0.22	2.74	1.00	0.00	0.16	111115
93	"12:18:18"	2817.0	0	8.06	0.618	545	2.21	0.442	9.41	6	1.42	1	2.84	4.87	9.41	2.05	601.07	573.04	0.648	7.246	7.65	85.59	199.7	1599	2	102.5	17.5	0.286	1.0	-0.22	2.74	1.00	0.00	0.16	111115
94	"12:18:19"	2818.0	0	8.06	0.616	544	2.21	0.444	9.43	6	1.42	1	2.84	4.87	9.43	2.05	601.07	573.04	0.648	7.247	7.65	85.60	199.7	1599	2	102.5	17.5	0.286	1.0	-0.22	2.74	1.00	0.00	0.16	111115
95	"12:18:19"	2818.0	0	8.06	0.616	544	2.21	0.444	9.43	6	1.42	1	2.84	4.87	9.43	2.05	601.07	573.04	0.648	7.247	7.65	85.60	199.7	1599	2	102.5	17.5	0.286	1.0	-0.22	2.74	1.00	0.00	0.16	111115
96	"12:18:20"	2819.0	0	8.05	0.615	544	2.21	0.444	9.44	6	1.42	1	2.84	4.87	9.44	2.05	600.99	573.01	0.648	7.246	7.66	85.59	199.7	1599	2	102.5	17.5	0.286	1.0	-0.22	2.74	1.00	0.00	0.16	111115
97	"12:18:20"	2819.0	0	8.05	0.615	544	2.21	0.444	9.44	6	1.42	1	2.84	4.87	9.44	2.05	600.99	573.01	0.648	7.246	7.66	85.59	199.7	1599	2	102.5	17.5	0.286	1.0	-0.22	2.74	1.00	0.00	0.16	111115
98	"12:18:21"	2820.0	0	8.04	0.613	544	2.21	0.445	9.45	6	1.42	1	2.84	4.87	9.45	2.04	600.97	573.01	0.649	7.246	7.66	85.58	199.7	1599	2	102.5	17.5	0.286	1.0	-0.22	2.74	1.00	0.00	0.16	111115
99	"12:18:21"	2820.0	0	8.04	0.613	544	2.21	0.445	9.45	6	1.42	1	2.84	4.87	9.45	2.04	600.97	573.01	0.649	7.246	7.66	85.58	199.7	1599	2	102.5	17.5	0.286	1.0	-0.22	2.74	1.00	0.00	0.16	111115
100	"12:18:22"	2820.5	0	8.03	0.613	544	2.21	0.445	9.45	6	1.42	1	2.84	4.87	9.45	2.04	600.95	573.01	0.649	7.245	7.66	85.58	199.7	1599	2	102.5	17.5	0.286	1.0	-0.22	2.74	1.00	0.00	0.16	111115
101	"12:18:22"	2821.0	0	8.03	0.613	544	2.21	0.446	9.45	6	1.42	1	2.84	4.87	9.45	2.04	600.93	573.02	0.649	7.245	7.66	85.58	199.7	1599	2	102.5	17.5	0.286	1.0	-0.22	2.74	1.00	0.00	0.16	111115
102	"12:18:23"	2821.5	0	8.02	0.612	544	2.21	0.446	9.46	6	1.42	1	2.84	4.86	9.46	2.04	600.96	573.07	0.649	7.244	7.66	85.58	199.8	1599	2	102.5	17.5	0.286	1.0	-0.22	2.74	1.00	0.00	0.16	111115
103	"12:18:23"	2822.0	0	8.02	0.611	544	2.21	0.447	9.47	6	1.42	1	2.84	4.87	9.47	2.04	600.98	573.08	0.649	7.244	7.66	85.57	199.8	1599	2	102.5	17.5	0.286	1.0	-0.22	2.74	1.00	0.00	0.16	111115
104	"12:18:24"	2822.5	0	8.04	0.61	544	2.21	0.447	9.47	6	1.42	1	2.84	4.87	9.47	2.04	601.03	573.08	0.649	7.244	7.66	85.57	199.8	1599	2	102.5	17.5	0.286	1.0	-0.22	2.74	1.00	0.00	0.16	111115
105	"12:18:25"	2823.0	0	8.04	0.61	544	2.21	0.447	9.48	6	1.42	1	2.84	4.86	9.48	2.04	601.07	573.10	0.649	7.245	7.67	85.58	199.8	1599	2	102.5	17.5	0.286	1.0	-0.22	2.74	1.00	0.00	0.16	111115
"12:18:32 CO2 Mixer: CO2R -> 900 uml"
"12:27:40 Flow: Fixed -> 200 umol/s"
106	"12:27:56"	3395.0	0	8.11	0.616	839	2.2	0.441	9.36	6	1.42	1	2.84	4.85	9.36	2.02	899.89	869.76	0.650	7.212	7.68	85.26	199.7	1601	2	102.5	19.1	0.29	1.0	-0.22	2.74	1.00	0.00	0.16	111115
107	"12:27:56"	3395.0	0	8.11	0.616	839	2.2	0.441	9.36	6	1.42	1	2.84	4.85	9.36	2.02	899.89	869.76	0.650	7.212	7.68	85.26	199.7	1601	2	102.5	19.1	0.29	1.0	-0.22	2.74	1.00	0.00	0.16	111115
108	"12:27:57"	3395.5	0	8.12	0.616	839	2.2	0.441	9.35	6	1.42	1	2.84	4.85	9.35	2.02	899.86	869.73	0.650	7.212	7.68	85.26	199.7	1601	2	102.5	19.1	0.29	1.0	-0.22	2.74	1.00	0.00	0.16	111115
109	"12:27:57"	3396.0	0	8.11	0.617	839	2.2	0.441	9.35	6	1.42	1	2.84	4.85	9.35	2.02	899.83	869.72	0.649	7.212	7.67	85.26	199.7	1601	2	102.5	19.1	0.29	1.0	-0.22	2.74	1.00	0.00	0.16	111115
110	"12:27:58"	3396.5	0	8.11	0.618	839	2.2	0.44	9.34	6	1.42	1	2.84	4.85	9.34	2.02	899.83	869.71	0.649	7.211	7.67	85.25	199.7	1601	2	102.5	19.1	0.29	1.0	-0.22	2.74	1.00	0.00	0.16	111115
111	"12:27:59"	3397.0	0	8.1	0.618	839	2.2	0.44	9.35	6	1.42	1	2.84	4.85	9.35	2.02	899.82	869.73	0.648	7.212	7.67	85.26	199.7	1601	2	102.5	19.1	0.29	1.0	-0.22	2.74	1.00	0.00	0.16	111115
112	"12:27:59"	3397.5	0	8.11	0.618	839	2.2	0.44	9.35	6	1.42	1	2.84	4.85	9.35	2.02	899.81	869.70	0.648	7.212	7.67	85.26	199.7	1601	2	102.5	19.1	0.29	1.0	-0.22	2.74	1.00	0.00	0.16	111115
113	"12:28:00"	3398.0	0	8.12	0.617	839	2.2	0.441	9.35	6	1.42	1	2.84	4.85	9.35	2.02	899.85	869.72	0.649	7.212	7.67	85.26	199.7	1601	2	102.5	19.1	0.29	1.0	-0.22	2.74	1.00	0.00	0.16	111115
114	"12:28:00"	3398.5	0	8.12	0.617	839	2.2	0.441	9.35	6	1.42	1	2.84	4.85	9.35	2.02	899.86	869.73	0.649	7.211	7.67	85.25	199.7	1601	2	102.5	19.1	0.29	1.0	-0.22	2.74	1.00	0.00	0.16	111115
115	"12:28:01"	3399.0	0	8.11	0.617	839	2.2	0.441	9.36	6	1.42	1	2.84	4.85	9.36	2.02	899.87	869.75	0.649	7.212	7.67	85.26	199.7	1601	2	102.5	19.1	0.29	1.0	-0.22	2.74	1.00	0.00	0.16	111115
116	"12:28:01"	3399.5	0	8.1	0.616	839	2.2	0.441	9.36	6	1.42	1	2.84	4.85	9.36	2.02	899.87	869.80	0.649	7.213	7.67	85.26	199.7	1601	2	102.5	19.1	0.29	1.0	-0.22	2.74	1.00	0.00	0.16	111115
117	"12:28:02"	3400.0	0	8.08	0.616	839	2.2	0.442	9.36	6	1.42	1	2.84	4.85	9.36	2.02	899.84	869.82	0.649	7.213	7.67	85.27	199.7	1601	2	102.5	19.1	0.29	1.0	-0.22	2.74	1.00	0.00	0.16	111115
118	"12:28:02"	3400.5	0	8.08	0.616	839	2.2	0.441	9.36	6	1.42	1	2.84	4.86	9.36	2.02	899.82	869.80	0.648	7.214	7.67	85.27	199.7	1601	2	102.5	19.1	0.29	1.0	-0.22	2.74	1.00	0.00	0.16	111115
119	"12:28:03"	3401.0	0	8.1	0.616	839	2.2	0.441	9.36	6	1.42	1	2.84	4.86	9.36	2.02	899.86	869.79	0.649	7.213	7.67	85.27	199.8	1601	2	102.5	19.1	0.29	1.0	-0.22	2.74	1.00	0.00	0.16	111115
120	"12:28:03"	3401.5	0	8.1	0.616	839	2.2	0.441	9.36	6	1.42	1	2.84	4.86	9.36	2.02	899.90	869.82	0.649	7.213	7.67	85.26	199.8	1601	2	102.5	19.1	0.29	1.0	-0.22	2.74	1.00	0.00	0.16	111115
"12:28:09 CO2 Mixer: CO2R -> 1200 uml"
"12:32:15 Flow: Fixed -> 200 umol/s"
121	"12:33:05"	3704.0	0	7.77	0.622	1.14E+03	2.2	0.437	9.27	6	1.42	1	2.84	4.84	9.27	2.02	1201.01	1169.95	0.641	7.188	7.58	85.03	199.8	1601	2	102.5	19	0.268	1.0	-0.22	2.74	1.00	0.00	0.16	111115
122	"12:33:06"	3704.5	0	7.77	0.623	1.14E+03	2.2	0.436	9.26	6	1.42	1	2.84	4.84	9.26	2.02	1201.03	1169.99	0.641	7.187	7.58	85.02	199.8	1601	2	102.5	19	0.268	1.0	-0.22	2.74	1.00	0.00	0.16	111115
123	"12:33:07"	3705.0	0	7.78	0.624	1.14E+03	2.2	0.436	9.26	6	1.42	1	2.84	4.84	9.26	2.02	1201.06	1169.99	0.640	7.187	7.58	85.02	199.8	1601	2	102.5	19	0.268	1.0	-0.22	2.74	1.00	0.00	0.16	111115
124	"12:33:07"	3706.0	0	7.77	0.624	1.14E+03	2.2	0.436	9.25	6	1.42	1	2.84	4.84	9.25	2.02	1201.11	1170.06	0.640	7.188	7.58	85.03	199.7	1601	2	102.5	19	0.268	1.0	-0.22	2.74	1.00	0.00	0.16	111115
125	"12:33:08"	3706.5	0	7.75	0.623	1.14E+03	2.2	0.436	9.26	6	1.42	1	2.84	4.84	9.26	2.02	1201.10	1170.09	0.640	7.188	7.57	85.03	199.7	1601	2	102.5	19	0.268	1.0	-0.22	2.74	1.00	0.00	0.16	111115
126	"12:33:09"	3707.0	0	7.77	0.622	1.14E+03	2.2	0.437	9.27	6	1.42	1	2.84	4.84	9.27	2.02	1201.13	1170.08	0.640	7.188	7.57	85.03	199.8	1601	2	102.5	19	0.268	1.0	-0.22	2.74	1.00	0.00	0.16	111115
127	"12:33:09"	3707.5	0	7.78	0.621	1.14E+03	2.2	0.437	9.28	6	1.42	1	2.84	4.84	9.28	2.02	1201.13	1170.05	0.640	7.188	7.57	85.03	199.7	1601	2	102.5	19	0.268	1.0	-0.22	2.74	1.00	0.00	0.16	111115
128	"12:33:10"	3708.5	0	7.78	0.62	1.14E+03	2.2	0.438	9.29	6	1.42	1	2.84	4.84	9.29	2.02	1201.12	1170.04	0.640	7.187	7.57	85.02	199.7	1601	2	102.5	19	0.268	1.0	-0.22	2.74	1.00	0.00	0.16	111115
129	"12:33:10"	3709.0	0	7.79	0.619	1.14E+03	2.2	0.438	9.29	6	1.42	1	2.84	4.84	9.29	2.02	1201.17	1170.07	0.641	7.187	7.58	85.01	199.7	1601	2	102.5	19	0.268	1.0	-0.22	2.74	1.00	0.00	0.16	111115
130	"12:33:11"	3709.5	0	7.79	0.619	1.14E+03	2.19	0.439	9.29	6	1.42	1	2.84	4.85	9.29	2.02	1201.13	1170.01	0.641	7.187	7.58	85.01	199.7	1601	2	102.5	19	0.268	1.0	-0.22	2.74	1.00	0.00	0.16	111115
131	"12:33:12"	3710.0	0	7.79	0.618	1.14E+03	2.19	0.439	9.30	6	1.42	1	2.84	4.85	9.30	2.02	1201.14	1170.02	0.641	7.187	7.58	85.02	199.7	1601	2	102.5	19	0.268	1.0	-0.22	2.74	1.00	0.00	0.16	111115
132	"12:33:12"	3710.5	0	7.78	0.617	1.14E+03	2.2	0.44	9.31	6	1.42	1	2.84	4.85	9.31	2.03	1201.11	1170.03	0.641	7.187	7.58	85.02	199.8	1601	2	102.5	19	0.268	1.0	-0.22	2.74	1.00	0.00	0.16	111115
133	"12:33:13"	3711.0	0	7.76	0.616	1.14E+03	2.2	0.44	9.31	6	1.42	1	2.84	4.85	9.31	2.03	1201.04	1170.03	0.641	7.187	7.58	85.01	199.8	1601	2	102.5	19	0.268	1.0	-0.22	2.74	1.00	0.00	0.16	111115
134	"12:33:13"	3711.5	0	7.74	0.616	1.14E+03	2.2	0.44	9.31	6	1.42	1	2.84	4.85	9.31	2.03	1201.01	1170.04	0.641	7.187	7.58	85.01	199.8	1601	2	102.5	19	0.268	1.0	-0.22	2.74	1.00	0.00	0.16	111115
135	"12:33:14"	3712.0	0	7.73	0.617	1.14E+03	2.2	0.44	9.31	6	1.42	1	2.84	4.85	9.31	2.03	1200.97	1170.03	0.641	7.188	7.58	85.03	199.8	1601	2	102.5	19	0.268	1.0	-0.22	2.74	1.00	0.00	0.16	111115
"12:33:19 CO2 Mixer: CO2R -> 1500 uml"
"12:37:52 Flow: Fixed -> 200 umol/s"
136	"12:38:14"	4013.5	0	7.59	0.606	1.43E+03	2.19	0.445	9.34	6	1.42	1	2.84	4.82	9.34	2.02	1500.12	1467.68	0.642	7.166	7.60	84.92	199.7	1601	2	102.5	18.2	0.289	1.0	-0.22	2.74	1.00	0.00	0.16	111115
137	"12:38:15"	4014.0	0	7.59	0.607	1.43E+03	2.19	0.444	9.33	6	1.42	1	2.84	4.82	9.33	2.02	1500.12	1467.68	0.641	7.165	7.60	84.92	199.7	1601	2	102.5	18.2	0.289	1.0	-0.22	2.74	1.00	0.00	0.16	111115
138	"12:38:15"	4014.5	0	7.59	0.607	1.43E+03	2.19	0.444	9.33	6	1.42	1	2.84	4.81	9.33	2.02	1500.18	1467.74	0.641	7.166	7.60	84.94	199.7	1601	2	102.5	18.2	0.289	1.0	-0.22	2.74	1.00	0.00	0.16	111115
139	"12:38:16"	4015.0	0	7.6	0.608	1.43E+03	2.19	0.443	9.32	6	1.42	1	2.84	4.81	9.32	2.01	1500.20	1467.72	0.641	7.166	7.60	84.95	199.7	1601	2	102.5	18.2	0.289	1.0	-0.22	2.74	1.00	0.00	0.16	111115
140	"12:38:16"	4015.5	0	7.59	0.609	1.43E+03	2.19	0.443	9.32	6	1.42	1	2.84	4.81	9.32	2.01	1500.18	1467.72	0.641	7.166	7.60	84.95	199.7	1601	2	102.5	18.2	0.289	1.0	-0.22	2.74	1.00	0.00	0.16	111115
141	"12:38:17"	4016.0	0	7.61	0.609	1.43E+03	2.19	0.443	9.31	6	1.42	1	2.84	4.81	9.31	2.01	1500.25	1467.74	0.641	7.165	7.60	84.95	199.7	1601	2	102.5	18.2	0.289	1.0	-0.22	2.74	1.00	0.00	0.16	111115
142	"12:38:18"	4016.5	0	7.63	0.61	1.43E+03	2.19	0.442	9.31	6	1.42	1	2.84	4.81	9.31	2.01	1500.28	1467.71	0.641	7.166	7.60	84.96	199.7	1601	2	102.5	18.2	0.289	1.0	-0.22	2.74	1.00	0.00	0.16	111115
143	"12:38:18"	4017.0	0	7.63	0.61	1.43E+03	2.19	0.442	9.31	6	1.42	1	2.84	4.81	9.31	2.01	1500.33	1467.77	0.642	7.166	7.61	84.96	199.8	1601	2	102.5	18.2	0.289	1.0	-0.22	2.74	1.00	0.00	0.16	111115
144	"12:38:19"	4017.5	0	7.63	0.611	1.43E+03	2.19	0.442	9.30	6	1.42	1	2.84	4.81	9.30	2.01	1500.34	1467.76	0.642	7.166	7.61	84.97	199.8	1601	2	102.5	18.2	0.289	1.0	-0.22	2.74	1.00	0.00	0.16	111115
145	"12:38:19"	4017.5	0	7.63	0.611	1.43E+03	2.19	0.442	9.30	6	1.42	1	2.84	4.81	9.30	2.01	1500.34	1467.76	0.642	7.166	7.61	84.97	199.8	1601	2	102.5	18.2	0.289	1.0	-0.22	2.74	1.00	0.00	0.16	111115
146	"12:38:20"	4018.5	0	7.63	0.614	1.43E+03	2.19	0.44	9.29	6	1.42	1	2.84	4.81	9.29	2.01	1500.30	1467.73	0.642	7.167	7.61	84.99	199.8	1601	2	102.5	18.2	0.289	1.0	-0.22	2.74	1.00	0.00	0.16	111115
147	"12:38:20"	4019.0	0	7.63	0.615	1.43E+03	2.19	0.44	9.28	6	1.42	1	2.84	4.81	9.28	2.02	1500.27	1467.71	0.642	7.167	7.62	84.99	199.8	1600	2	102.5	18.2	0.289	1.0	-0.22	2.74	1.00	0.00	0.16	111115
148	"12:38:21"	4019.5	0	7.65	0.615	1.43E+03	2.19	0.439	9.27	6	1.42	1	2.84	4.81	9.27	2.01	1500.29	1467.66	0.642	7.168	7.61	85.00	199.8	1601	2	102.5	18.2	0.289	1.0	-0.22	2.74	1.00	0.00	0.16	111115
149	"12:38:21"	4020.0	0	7.64	0.616	1.43E+03	2.19	0.439	9.27	6	1.42	1	2.84	4.81	9.27	2.01	1500.31	1467.71	0.642	7.168	7.61	85.02	199.8	1601	2	102.5	18.2	0.289	1.0	-0.22	2.74	1.00	0.00	0.16	111115
150	"12:38:22"	4020.5	0	7.63	0.615	1.43E+03	2.19	0.439	9.28	6	1.42	1	2.84	4.81	9.28	2.02	1500.24	1467.68	0.642	7.168	7.61	85.01	199.8	1601	2	102.5	18.2	0.289	1.0	-0.22	2.74	1.00	0.00	0.16	111115
"12:39:22 CO2 Mixer: CO2R -> 1800 uml"
"12:42:54 Flow: Fixed -> 200 umol/s"
"12:45:47 Flow: Fixed -> 200 umol/s"
151	"12:46:44"	4522.5	0	7.12	0.608	1.73E+03	2.19	0.444	9.33	6	1.42	1	2.84	4.83	9.33	2.02	1800.00	1766.96	0.637	7.170	7.54	84.87	199.7	1600	2	102.5	16.8	0.305	1.0	-0.22	2.74	1.00	0.00	0.16	111115
152	"12:46:44"	4522.5	0	7.12	0.608	1.73E+03	2.19	0.444	9.33	6	1.42	1	2.84	4.83	9.33	2.02	1800.00	1766.96	0.637	7.170	7.54	84.87	199.7	1600	2	102.5	16.8	0.305	1.0	-0.22	2.74	1.00	0.00	0.16	111115
153	"12:46:44"	4522.5	0	7.12	0.608	1.73E+03	2.19	0.444	9.33	6	1.42	1	2.84	4.83	9.33	2.02	1800.00	1766.96	0.637	7.170	7.54	84.87	199.7	1600	2	102.5	16.8	0.305	1.0	-0.22	2.74	1.00	0.00	0.16	111115
154	"12:46:45"	4523.0	0	7.13	0.609	1.73E+03	2.19	0.443	9.33	6	1.42	1	2.84	4.83	9.33	2.02	1800.05	1767.00	0.637	7.171	7.54	84.88	199.7	1600	2	102.5	16.8	0.305	1.0	-0.22	2.74	1.00	0.00	0.16	111115
155	"12:46:45"	4523.5	0	7.14	0.61	1.73E+03	2.19	0.443	9.33	6	1.42	1	2.84	4.84	9.33	2.02	1800.11	1767.03	0.637	7.171	7.54	84.88	199.7	1600	2	102.5	16.8	0.305	1.0	-0.22	2.74	1.00	0.00	0.16	111115
156	"12:46:46"	4524.0	0	7.15	0.61	1.73E+03	2.19	0.443	9.33	6	1.42	1	2.84	4.84	9.33	2.02	1800.13	1767.01	0.636	7.171	7.53	84.88	199.7	1600	2	102.5	16.8	0.305	1.0	-0.22	2.74	1.00	0.00	0.16	111115
157	"12:46:46"	4524.5	0	7.16	0.611	1.73E+03	2.19	0.443	9.32	6	1.42	1	2.84	4.84	9.32	2.02	1800.20	1767.07	0.636	7.172	7.53	84.88	199.7	1600	2	102.5	16.8	0.305	1.0	-0.22	2.74	1.00	0.00	0.16	111115
158	"12:46:47"	4525.0	0	7.18	0.61	1.73E+03	2.19	0.443	9.32	6	1.42	1	2.84	4.84	9.32	2.02	1800.26	1767.07	0.636	7.171	7.53	84.86	199.7	1600	2	102.5	16.8	0.305	1.0	-0.22	2.74	1.00	0.00	0.16	111115
159	"12:46:47"	4525.5	0	7.18	0.61	1.73E+03	2.19	0.443	9.33	6	1.42	1	2.84	4.84	9.33	2.02	1800.27	1767.07	0.636	7.171	7.53	84.87	199.7	1600	2	102.5	16.8	0.305	1.0	-0.22	2.74	1.00	0.00	0.16	111115
160	"12:46:48"	4526.0	0	7.21	0.61	1.73E+03	2.19	0.443	9.33	6	1.42	1	2.84	4.84	9.33	2.02	1800.35	1767.07	0.636	7.172	7.52	84.87	199.7	1600	2	102.5	16.8	0.305	1.0	-0.22	2.74	1.00	0.00	0.16	111115
161	"12:46:48"	4526.5	0	7.21	0.61	1.73E+03	2.19	0.443	9.33	6	1.42	1	2.84	4.84	9.33	2.02	1800.39	1767.11	0.636	7.172	7.52	84.87	199.7	1600	2	102.5	16.8	0.305	1.0	-0.22	2.74	1.00	0.00	0.16	111115
162	"12:46:49"	4527.0	0	7.19	0.61	1.73E+03	2.19	0.443	9.33	6	1.42	1	2.84	4.84	9.33	2.02	1800.31	1767.07	0.635	7.172	7.52	84.88	199.7	1600	2	102.5	16.8	0.305	1.0	-0.22	2.74	1.00	0.00	0.16	111115
163	"12:46:50"	4527.5	0	7.17	0.61	1.73E+03	2.19	0.443	9.33	6	1.42	1	2.84	4.84	9.33	2.02	1800.27	1767.09	0.635	7.172	7.52	84.88	199.8	1600	2	102.5	16.8	0.305	1.0	-0.22	2.74	1.00	0.00	0.16	111115
164	"12:46:50"	4528.0	0	7.15	0.611	1.73E+03	2.19	0.443	9.33	6	1.42	1	2.84	4.84	9.33	2.02	1800.15	1767.05	0.635	7.172	7.52	84.89	199.8	1600	2	102.5	16.8	0.305	1.0	-0.22	2.74	1.00	0.00	0.16	111115
165	"12:46:51"	4529.5	0	7.13	0.612	1.73E+03	2.19	0.442	9.31	6	1.42	1	2.84	4.84	9.31	2.02	1800.15	1767.09	0.636	7.173	7.53	84.90	199.8	1600	2	102.5	16.8	0.305	1.0	-0.22	2.74	1.00	0.00	0.16	111115
"12:47:14 CO2 Mixer: CO2R -> 400 uml"
"12:48:04 Coolers: Tblock -> 10.00 C"
