"OPEN 6.2.5"
"Mon Jan 24 2022 13:19:04"
<open><version>"6.2.5"</version></open>
<open><configfile>"/User/Configs/UserPrefs/2x3 LED.xml"</configfile></open>
<open><light><source>"6400-02 or -02B LED Source"</source><par_in>1<sensor>"SI-3989"<cal>-0.92<actinity>1.00</actinity><transm>1.00</transm></cal></sensor><transm>1</transm></par_in><par_out>1<sensor>"Q50937"<cal>6.45</cal></sensor></par_out></light></open>
<open><comps><file>"/User/Configs/Comps/StdComps_6.2"<header>""</header><extras></extras></file><energybal>no<f_parIn>1</f_parIn><f_parOut>0</f_parOut><alphaK>0.16</alphaK></energybal><bc_total>2.840<stomatal_ratio>1</stomatal_ratio><bc_oneside>1.420<type>2</type><table>"/Sys/Lib/StdBLCTable"</table><area>6</area><slope>-0.219565</slope><offset>2.73739</offset><fan>5</fan></bc_oneside></bc_total></comps></open>
<open><prompts><onlog>off</onlog><items>"Default (none)"</items></prompts></open>
<open><constants><oxygen>21 %</oxygen><bb_vapor>1.5</bb_vapor><bb_oxy>0.9</bb_oxy></constants></open>
<open><stability><items>"Std Stability"<items[1]><id>-2</id><size>15</size><pcv><onoff>0</onoff><value>1</value></pcv><std><onoff>0</onoff><value>1</value></std><slp><onoff>1</onoff><value>1</value></slp></items[1]><items[2]><id>-5</id><size>15</size><pcv><onoff>0</onoff><value>1</value></pcv><std><onoff>0</onoff><value>1</value></std><slp><onoff>1</onoff><value>1</value></slp></items[2]><items[3]><id>-7</id><size>15</size><pcv><onoff>0</onoff><value>1</value></pcv><std><onoff>0</onoff><value>1</value></std><slp><onoff>1</onoff><value>1</value></slp></items[3]></items></stability></open>
<open><log><format>"StdLogFmt_6.0"<items>{ -35 -21 -36 -76 30 23 36 21 25 221 -33 111 -34 11 -9 -10 -8 -1 -2 -4 -5 -14 -15 -7 -12 -13 -11 -65 -66 -72 -18 -19 -77 -78 -79 -23  }<hdr>{  }</hdr></items></format><options><beep>on</beep><hdr>normal</hdr><rem>normal</rem><stab>no</stab><stats>no<mean>no</mean><file>no</file><period>15</period></stats><excel>yes</excel><controls>yes</controls><comm>no</comm></options><datafile>"/User/jcg_rasa_at_a_1"</datafile><button><action>"Normal Log"<code>" LogOneObsManual "</code></action></button><autoprog>"/User/Configs/AutoProgs/AutoLog2"<active>no</active></autoprog></log></open>
<open><a2d><avgtime>4.0 secs</avgtime><userchans><ch20>"Off"</ch20><ch21>"Off"</ch21><ch22>"Off"</ch22><ch23>"Off"</ch23></userchans></a2d></open>
<open><matching><type>0</type><disp>'a'</disp><settings><CO2Limit>10.0</CO2Limit><H2OLimit>1.0</H2OLimit><MaxAutoTime>60</MaxAutoTime></settings></matching></open>
<li6400><factory><unit>"PSC-4076"</unit><serviced>"31 Mar 2014"</serviced><fuseaware>0</fuseaware><co2mixer>yes</co2mixer><co2><coeffs>{ 0 0.215349 2.57678e-05 1.9763e-08 -3.21542e-12 3.03737e-16  }</coeffs><dvdt>-2.8</dvdt><xs>{ 0.0005 0.0003  }</xs></co2><h2o><coeffs>{ 0 0.00579256 2.19235e-06 9.06457e-12  }</coeffs><dvdt>-1</dvdt><xs>{ -0.0026 0.0003  }</xs></h2o><flow>{ 0 0.3607  }</flow><press>{ 88.32 0.00555  }</press></factory></li6400>
<li6400><user><flow_zero>-1560.7</flow_zero><irga_zero><co2>-312.6 -351.6<at>29.8235</at></co2><h2o>-156.6 77.4<at>31.0407</at></h2o></irga_zero><irga_span><co2>{ 0.988788 0.993555  }</co2><h2o>{ 0.996032 0.996401  }</h2o></irga_span><irga_match><co2>{ -1.32399 20.5941  }</co2><h2o>{ -0.104692 0.79517  }</h2o></irga_match><co2_mixer><pump_mv>4500</pump_mv><ppm>{ 2185.36 1052.7 419.509 255.894 118.056 69.8071 46.8351 46.4167  }</ppm><mv>{ 5000 3000 1500 1000 500 300 200 100  }</mv></co2_mixer><parin_offset>-0.0908794</parin_offset><led_cal><unit>"SI-3989"</unit><mv>{ 10 25 50 100 1000 2000 3000 4000 5000  }</mv><qntm>{ 5.41353 17.8999 38.6356 86.3019 941.421 1838.37 2690.41 3508.95 4284.65  }</qntm></led_cal><lcf_cal><unit>"unknown"</unit><red><mv>{ 50 100 500 1000 1500 5000  }</mv><qntm>{ 50 100 500 1000 2000 5000  }</qntm></red><blue><mv>{ 100 200 500 1000 2000 5000  }</mv><qntm>{ 10 20 50 100 200 500  }</qntm></blue></lcf_cal></user></li6400>
"13:19:06 "
$STARTOFDATA$
"Obs"	"HHMMSS"	"FTime"	"EBal?"	"Photo"	"Cond"	"Ci"	"Trmmol"	"VpdL"	"CTleaf"	"Area"	"BLC_1"	"StmRat"	"BLCond"	"Tair"	"Tleaf"	"TBlk"	"CO2R"	"CO2S"	"H2OR"	"H2OS"	"RH_R"	"RH_S"	"Flow"	"PARi"	"PARo"	"Press"	"CsMch"	"HsMch"	"StableF"	"BLCslope"	"BLCoffst"	"f_parin"	"f_parout"	"alphaK"	"Status"
"13:24:46 Coolers: Tblock -> 0.00 C"
"13:43:08 Flow: Fixed -> 200 umol/s"
"13:48:18 Coolers: Tblock -> 0.60 C"
"13:49:11 Coolers: Tblock -> 0.70 C"
"13:50:46 Flow: Fixed -> 200 umol/s"
1	"13:51:45"	1983.0	0	8.07	0.28	320	1.82	0.717	10.88	6	1.42	1	2.84	3.67	10.88	0.66	400.17	373.89	0.385	5.815	4.89	73.89	199.7	1601	1	101.4	19.7	0.618	1.0	-0.22	2.74	1.00	0.00	0.16	111115
2	"13:51:45"	1983.5	0	8.06	0.28	320	1.82	0.717	10.87	6	1.42	1	2.84	3.67	10.87	0.66	400.16	373.91	0.385	5.815	4.89	73.89	199.7	1601	1	101.4	19.7	0.618	1.0	-0.22	2.74	1.00	0.00	0.16	111115
3	"13:51:46"	1983.5	0	8.06	0.28	320	1.82	0.717	10.87	6	1.42	1	2.84	3.67	10.87	0.66	400.16	373.91	0.385	5.815	4.89	73.89	199.7	1601	1	101.4	19.7	0.618	1.0	-0.22	2.74	1.00	0.00	0.16	111115
4	"13:51:46"	1984.0	0	8.05	0.28	320	1.82	0.717	10.87	6	1.42	1	2.84	3.67	10.87	0.66	400.13	373.92	0.385	5.816	4.89	73.90	199.7	1601	1	101.4	19.7	0.618	1.0	-0.22	2.74	1.00	0.00	0.16	111115
5	"13:51:47"	1984.5	0	8.04	0.28	320	1.82	0.716	10.87	6	1.42	1	2.84	3.67	10.87	0.66	400.09	373.89	0.385	5.814	4.89	73.89	199.7	1601	1	101.4	19.7	0.618	1.0	-0.22	2.74	1.00	0.00	0.16	111115
6	"13:51:47"	1985.0	0	8.02	0.28	320	1.82	0.716	10.86	6	1.42	1	2.84	3.66	10.86	0.66	400.05	373.91	0.385	5.814	4.89	73.90	199.7	1601	1	101.4	19.7	0.618	1.0	-0.22	2.74	1.00	0.00	0.16	111115
7	"13:51:48"	1985.5	0	7.99	0.28	321	1.82	0.716	10.86	6	1.42	1	2.84	3.66	10.86	0.66	399.97	373.92	0.385	5.814	4.90	73.89	199.7	1601	1	101.4	19.7	0.618	1.0	-0.22	2.74	1.00	0.00	0.16	111115
8	"13:51:48"	1986.0	0	7.98	0.28	321	1.82	0.715	10.85	6	1.42	1	2.84	3.66	10.85	0.66	399.95	373.93	0.386	5.813	4.90	73.90	199.7	1601	1	101.4	19.7	0.618	1.0	-0.22	2.74	1.00	0.00	0.16	111115
9	"13:51:49"	1986.5	0	7.97	0.28	321	1.82	0.715	10.85	6	1.42	1	2.84	3.66	10.85	0.66	399.91	373.92	0.386	5.813	4.91	73.89	199.7	1601	1	101.4	19.7	0.618	1.0	-0.22	2.74	1.00	0.00	0.16	111115
10	"13:51:49"	1987.0	0	7.95	0.28	321	1.82	0.715	10.85	6	1.42	1	2.84	3.66	10.85	0.66	399.87	373.93	0.386	5.813	4.90	73.90	199.7	1601	1	101.4	19.7	0.618	1.0	-0.22	2.74	1.00	0.00	0.16	111115
11	"13:51:50"	1987.5	0	7.94	0.28	321	1.82	0.715	10.85	6	1.42	1	2.84	3.66	10.85	0.66	399.82	373.93	0.386	5.814	4.90	73.90	199.7	1601	1	101.4	19.7	0.618	1.0	-0.22	2.74	1.00	0.00	0.16	111115
12	"13:51:50"	1988.5	0	7.92	0.28	321	1.82	0.716	10.85	6	1.42	1	2.84	3.66	10.85	0.66	399.78	373.96	0.386	5.814	4.90	73.89	199.7	1601	1	101.4	19.7	0.618	1.0	-0.22	2.74	1.00	0.00	0.16	111115
13	"13:51:51"	1989.0	0	7.92	0.28	321	1.82	0.716	10.86	6	1.42	1	2.84	3.66	10.86	0.66	399.80	373.96	0.385	5.814	4.90	73.90	199.7	1601	1	101.4	19.7	0.618	1.0	-0.22	2.74	1.00	0.00	0.16	111115
14	"13:51:52"	1989.5	0	7.94	0.28	321	1.82	0.716	10.86	6	1.42	1	2.84	3.66	10.86	0.66	399.88	373.97	0.385	5.815	4.89	73.91	199.7	1601	1	101.4	19.7	0.618	1.0	-0.22	2.74	1.00	0.00	0.16	111115
15	"13:51:52"	1990.0	0	7.97	0.28	321	1.82	0.715	10.85	6	1.42	1	2.84	3.67	10.85	0.66	399.93	373.95	0.384	5.815	4.88	73.90	199.7	1601	1	101.4	19.7	0.618	1.0	-0.22	2.74	1.00	0.00	0.16	111115
"13:51:58 Coolers: Tblock -> 5.00 C"
"14:03:14 Flow: Fixed -> 200 umol/s"
16	"14:03:29"	2687.0	0	9.04	0.279	310	2.18	0.859	13.54	6	1.42	1	2.84	7.31	13.54	4.95	400.19	370.59	0.390	6.883	3.85	67.94	199.7	1599	1	101.4	19.7	0.646	1.0	-0.22	2.74	1.00	0.00	0.16	111115
17	"14:03:30"	2687.0	0	9.04	0.279	310	2.18	0.859	13.54	6	1.42	1	2.84	7.31	13.54	4.95	400.19	370.59	0.390	6.883	3.85	67.94	199.7	1599	1	101.4	19.7	0.646	1.0	-0.22	2.74	1.00	0.00	0.16	111115
18	"14:03:30"	2687.5	0	9.04	0.279	310	2.18	0.859	13.54	6	1.42	1	2.84	7.31	13.54	4.95	400.17	370.59	0.390	6.883	3.85	67.94	199.7	1599	1	101.4	19.7	0.646	1.0	-0.22	2.74	1.00	0.00	0.16	111115
19	"14:03:31"	2688.0	0	9.05	0.279	310	2.18	0.859	13.54	6	1.42	1	2.84	7.31	13.54	4.95	400.18	370.58	0.390	6.883	3.85	67.94	199.7	1599	1	101.4	19.7	0.646	1.0	-0.22	2.74	1.00	0.00	0.16	111115
20	"14:03:31"	2688.5	0	9.04	0.279	310	2.18	0.859	13.54	6	1.42	1	2.84	7.31	13.54	4.95	400.15	370.57	0.389	6.883	3.84	67.95	199.7	1599	1	101.4	19.7	0.646	1.0	-0.22	2.74	1.00	0.00	0.16	111115
21	"14:03:32"	2689.0	0	9.03	0.279	310	2.18	0.859	13.54	6	1.42	1	2.84	7.31	13.54	4.95	400.13	370.58	0.389	6.883	3.84	67.95	199.7	1599	1	101.4	19.7	0.646	1.0	-0.22	2.74	1.00	0.00	0.16	111115
22	"14:03:32"	2689.5	0	9.02	0.279	310	2.18	0.859	13.54	6	1.42	1	2.84	7.30	13.54	4.95	400.11	370.59	0.389	6.882	3.84	67.94	199.8	1599	1	101.4	19.7	0.646	1.0	-0.22	2.74	1.00	0.00	0.16	111115
23	"14:03:33"	2690.0	0	9.01	0.279	310	2.18	0.859	13.54	6	1.42	1	2.84	7.30	13.54	4.95	400.10	370.62	0.389	6.882	3.84	67.95	199.8	1599	1	101.4	19.7	0.646	1.0	-0.22	2.74	1.00	0.00	0.16	111115
24	"14:03:33"	2691.0	0	8.99	0.279	310	2.18	0.858	13.53	6	1.42	1	2.84	7.30	13.53	4.95	400.10	370.67	0.389	6.883	3.84	67.96	199.8	1599	1	101.4	19.7	0.646	1.0	-0.22	2.74	1.00	0.00	0.16	111115
25	"14:03:35"	2692.5	0	8.98	0.28	310	2.18	0.858	13.53	6	1.42	1	2.84	7.30	13.53	4.95	400.09	370.69	0.389	6.883	3.84	67.95	199.8	1599	1	101.4	19.7	0.646	1.0	-0.22	2.74	1.00	0.00	0.16	111115
26	"14:03:35"	2692.5	0	8.98	0.28	310	2.18	0.858	13.53	6	1.42	1	2.84	7.30	13.53	4.95	400.09	370.69	0.389	6.883	3.84	67.95	199.8	1599	1	101.4	19.7	0.646	1.0	-0.22	2.74	1.00	0.00	0.16	111115
27	"14:03:36"	2693.0	0	8.97	0.28	310	2.18	0.858	13.52	6	1.42	1	2.84	7.30	13.52	4.95	400.09	370.71	0.389	6.883	3.84	67.96	199.7	1599	1	101.4	19.7	0.646	1.0	-0.22	2.74	1.00	0.00	0.16	111115
28	"14:03:36"	2693.5	0	8.97	0.28	310	2.18	0.857	13.52	6	1.42	1	2.84	7.30	13.52	4.95	400.06	370.70	0.388	6.883	3.84	67.96	199.7	1599	1	101.4	19.7	0.646	1.0	-0.22	2.74	1.00	0.00	0.16	111115
29	"14:03:37"	2694.0	0	8.96	0.28	310	2.18	0.857	13.52	6	1.42	1	2.84	7.30	13.52	4.95	400.06	370.70	0.389	6.883	3.84	67.97	199.7	1599	1	101.4	19.7	0.646	1.0	-0.22	2.74	1.00	0.00	0.16	111115
30	"14:03:37"	2695.0	0	8.96	0.28	311	2.18	0.857	13.52	6	1.42	1	2.84	7.30	13.52	4.95	400.05	370.70	0.389	6.884	3.84	67.97	199.7	1599	1	101.4	19.7	0.646	1.0	-0.22	2.74	1.00	0.00	0.16	111115
"14:03:43 Coolers: Tblock -> 10.00 C"
"14:10:30 Flow: Fixed -> 200 umol/s"
31	"14:11:04"	3142.0	0	10.1	0.281	299	2.65	1.04	16.43	6	1.42	1	2.84	11.61	16.43	10.03	400.13	366.94	0.391	8.280	2.89	61.19	199.7	1601	1	101.4	19.8	0.716	1.0	-0.22	2.74	1.00	0.00	0.16	111115
32	"14:11:04"	3142.0	0	10.1	0.281	299	2.65	1.04	16.43	6	1.42	1	2.84	11.61	16.43	10.03	400.13	366.94	0.391	8.280	2.89	61.19	199.7	1601	1	101.4	19.8	0.716	1.0	-0.22	2.74	1.00	0.00	0.16	111115
33	"14:11:05"	3142.5	0	10.1	0.281	299	2.65	1.04	16.44	6	1.42	1	2.84	11.61	16.44	10.03	400.13	366.94	0.391	8.280	2.89	61.19	199.7	1600	1	101.4	19.8	0.716	1.0	-0.22	2.74	1.00	0.00	0.16	111115
34	"14:11:05"	3143.0	0	10.1	0.281	299	2.65	1.04	16.44	6	1.42	1	2.84	11.61	16.44	10.03	400.15	366.94	0.391	8.280	2.89	61.19	199.7	1601	1	101.4	19.8	0.716	1.0	-0.22	2.74	1.00	0.00	0.16	111115
35	"14:11:06"	3143.5	0	10.1	0.281	299	2.65	1.04	16.44	6	1.42	1	2.84	11.61	16.44	10.03	400.16	366.91	0.391	8.280	2.89	61.19	199.7	1601	1	101.4	19.8	0.716	1.0	-0.22	2.74	1.00	0.00	0.16	111115
36	"14:11:06"	3144.5	0	10.1	0.281	299	2.65	1.04	16.44	6	1.42	1	2.84	11.61	16.44	10.03	400.20	366.91	0.391	8.280	2.89	61.19	199.7	1601	1	101.4	19.8	0.716	1.0	-0.22	2.74	1.00	0.00	0.16	111115
37	"14:11:07"	3144.5	0	10.1	0.281	299	2.65	1.04	16.44	6	1.42	1	2.84	11.61	16.44	10.03	400.20	366.91	0.391	8.280	2.89	61.19	199.7	1601	1	101.4	19.8	0.716	1.0	-0.22	2.74	1.00	0.00	0.16	111115
38	"14:11:07"	3145.0	0	10.1	0.281	299	2.65	1.04	16.44	6	1.42	1	2.84	11.61	16.44	10.03	400.22	366.86	0.391	8.280	2.89	61.19	199.7	1601	1	101.4	19.8	0.716	1.0	-0.22	2.74	1.00	0.00	0.16	111115
39	"14:11:08"	3145.5	0	10.1	0.281	299	2.65	1.04	16.44	6	1.42	1	2.84	11.61	16.44	10.03	400.23	366.85	0.390	8.280	2.88	61.19	199.7	1601	1	101.4	19.8	0.716	1.0	-0.22	2.74	1.00	0.00	0.16	111115
40	"14:11:08"	3146.0	0	10.1	0.281	299	2.65	1.04	16.44	6	1.42	1	2.84	11.62	16.44	10.03	400.26	366.86	0.390	8.281	2.88	61.19	199.7	1601	1	101.4	19.8	0.716	1.0	-0.22	2.74	1.00	0.00	0.16	111115
41	"14:11:09"	3147.5	0	10.1	0.281	299	2.65	1.04	16.43	6	1.42	1	2.84	11.62	16.43	10.03	400.28	366.89	0.389	8.282	2.88	61.20	199.7	1601	1	101.4	19.8	0.716	1.0	-0.22	2.74	1.00	0.00	0.16	111115
42	"14:11:10"	3147.5	0	10.1	0.281	299	2.65	1.04	16.43	6	1.42	1	2.84	11.62	16.43	10.03	400.28	366.89	0.389	8.282	2.88	61.20	199.7	1601	1	101.4	19.8	0.716	1.0	-0.22	2.74	1.00	0.00	0.16	111115
43	"14:11:10"	3148.0	0	10.1	0.281	299	2.65	1.04	16.43	6	1.42	1	2.84	11.62	16.43	10.03	400.26	366.90	0.389	8.282	2.87	61.19	199.7	1601	1	101.4	19.8	0.716	1.0	-0.22	2.74	1.00	0.00	0.16	111115
44	"14:11:11"	3148.5	0	10.1	0.281	299	2.65	1.04	16.43	6	1.42	1	2.84	11.62	16.43	10.03	400.25	366.92	0.389	8.283	2.87	61.20	199.7	1601	1	101.4	19.8	0.716	1.0	-0.22	2.74	1.00	0.00	0.16	111115
45	"14:11:11"	3149.0	0	10.1	0.281	299	2.65	1.04	16.43	6	1.42	1	2.84	11.62	16.43	10.03	400.24	366.93	0.389	8.284	2.87	61.21	199.7	1601	1	101.4	19.8	0.716	1.0	-0.22	2.74	1.00	0.00	0.16	111115
"14:13:00 Coolers: Tblock -> 15.00 C"
"14:22:03 Flow: Fixed -> 200 umol/s"
"14:22:34 Flow: Fixed -> 200 umol/s"
46	"14:22:47"	3845.5	0	11.2	0.297	291	3.34	1.24	19.57	6	1.42	1	2.84	16.16	19.57	15.10	400.56	363.31	0.390	10.306	2.14	56.68	199.8	1599	1	101.4	20.1	0.754	1.0	-0.22	2.74	1.00	0.00	0.16	111115
47	"14:22:47"	3846.0	0	11.2	0.296	291	3.34	1.24	19.57	6	1.42	1	2.84	16.16	19.57	15.10	400.54	363.32	0.389	10.306	2.14	56.67	199.8	1599	1	101.4	20.1	0.754	1.0	-0.22	2.74	1.00	0.00	0.16	111115
48	"14:22:48"	3846.5	0	11.2	0.296	291	3.34	1.24	19.57	6	1.42	1	2.84	16.16	19.57	15.10	400.53	363.34	0.389	10.306	2.14	56.68	199.8	1599	1	101.4	20.1	0.754	1.0	-0.22	2.74	1.00	0.00	0.16	111115
49	"14:22:49"	3847.0	0	11.2	0.296	291	3.34	1.24	19.57	6	1.42	1	2.84	16.16	19.57	15.10	400.52	363.31	0.389	10.306	2.14	56.68	199.8	1599	1	101.4	20.1	0.754	0.7	-0.22	2.74	1.00	0.00	0.16	111115
50	"14:22:49"	3847.5	0	11.2	0.297	291	3.34	1.24	19.57	6	1.42	1	2.84	16.16	19.57	15.10	400.54	363.30	0.389	10.307	2.14	56.68	199.8	1599	1	101.4	20.1	0.754	0.7	-0.22	2.74	1.00	0.00	0.16	111115
51	"14:22:50"	3848.5	0	11.2	0.297	291	3.34	1.24	19.57	6	1.42	1	2.84	16.16	19.57	15.10	400.56	363.31	0.389	10.308	2.14	56.69	199.8	1599	1	101.4	20.1	0.754	0.7	-0.22	2.74	1.00	0.00	0.16	111115
52	"14:22:51"	3849.0	0	11.2	0.297	291	3.34	1.24	19.56	6	1.42	1	2.84	16.16	19.56	15.10	400.59	363.30	0.389	10.308	2.14	56.69	199.8	1599	1	101.4	20.1	0.754	0.7	-0.22	2.74	1.00	0.00	0.16	111115
53	"14:22:51"	3849.5	0	11.2	0.297	291	3.34	1.24	19.56	6	1.42	1	2.84	16.16	19.56	15.10	400.67	363.30	0.389	10.309	2.14	56.69	199.8	1599	1	101.4	20.1	0.754	0.7	-0.22	2.74	1.00	0.00	0.16	111115
54	"14:22:52"	3850.0	0	11.3	0.297	291	3.34	1.24	19.56	6	1.42	1	2.84	16.16	19.56	15.10	400.69	363.27	0.389	10.308	2.14	56.69	199.8	1599	1	101.4	20.1	0.754	0.7	-0.22	2.74	1.00	0.00	0.16	111115
55	"14:22:52"	3850.5	0	11.3	0.297	291	3.34	1.24	19.56	6	1.42	1	2.84	16.16	19.56	15.10	400.73	363.26	0.388	10.309	2.13	56.70	199.9	1599	1	101.4	20.1	0.754	0.7	-0.22	2.74	1.00	0.00	0.16	111115
56	"14:22:53"	3852.0	0	11.2	0.297	291	3.34	1.24	19.56	6	1.42	1	2.84	16.16	19.56	15.10	400.68	363.33	0.388	10.309	2.13	56.70	199.8	1599	1	101.4	20.1	0.754	0.7	-0.22	2.74	1.00	0.00	0.16	111115
57	"14:22:54"	3852.5	0	11.2	0.297	291	3.34	1.24	19.56	6	1.42	1	2.84	16.16	19.56	15.10	400.69	363.35	0.388	10.310	2.14	56.70	199.8	1599	1	101.4	20.1	0.754	0.7	-0.22	2.74	1.00	0.00	0.16	111115
58	"14:22:55"	3853.0	0	11.2	0.297	291	3.34	1.24	19.56	6	1.42	1	2.84	16.16	19.56	15.10	400.68	363.35	0.388	10.310	2.14	56.70	199.8	1599	1	101.4	20.1	0.754	0.7	-0.22	2.74	1.00	0.00	0.16	111115
59	"14:22:55"	3853.5	0	11.2	0.297	291	3.34	1.24	19.55	6	1.42	1	2.84	16.16	19.55	15.10	400.63	363.35	0.388	10.310	2.14	56.71	199.7	1599	1	101.4	20.1	0.754	0.7	-0.22	2.74	1.00	0.00	0.16	111115
60	"14:22:56"	3854.0	0	11.2	0.297	291	3.34	1.24	19.55	6	1.42	1	2.84	16.16	19.55	15.10	400.63	363.38	0.388	10.311	2.14	56.71	199.7	1599	1	101.4	20.1	0.754	0.7	-0.22	2.74	1.00	0.00	0.16	111115
"14:23:08 Coolers: Tblock -> 20.00 C"
"14:33:48 Flow: Fixed -> 200 umol/s"
61	"14:34:05"	4524.0	0	11.9	0.304	284	4.07	1.47	22.52	6	1.42	1	2.84	20.45	22.52	19.97	400.88	360.59	0.387	12.478	1.63	52.42	199.7	1600	1	101.4	20.3	0.801	1.0	-0.22	2.74	1.00	0.00	0.16	111115
62	"14:34:06"	4524.0	0	11.9	0.304	284	4.07	1.47	22.52	6	1.42	1	2.84	20.45	22.52	19.97	400.88	360.59	0.387	12.478	1.63	52.42	199.7	1600	1	101.4	20.3	0.801	1.0	-0.22	2.74	1.00	0.00	0.16	111115
63	"14:34:06"	4524.5	0	12	0.304	284	4.07	1.47	22.52	6	1.42	1	2.84	20.45	22.52	19.97	400.97	360.58	0.387	12.479	1.63	52.42	199.6	1600	1	101.4	20.3	0.801	1.0	-0.22	2.74	1.00	0.00	0.16	111115
64	"14:34:07"	4525.0	0	12	0.304	284	4.07	1.47	22.52	6	1.42	1	2.84	20.45	22.52	19.97	401.01	360.61	0.387	12.478	1.63	52.41	199.6	1600	0	101.4	20.3	0.801	1.0	-0.22	2.74	1.00	0.00	0.16	111115
65	"14:34:07"	4525.5	0	12	0.304	284	4.07	1.47	22.52	6	1.42	1	2.84	20.45	22.52	19.97	401.03	360.59	0.387	12.478	1.63	52.41	199.7	1600	1	101.4	20.3	0.801	1.0	-0.22	2.74	1.00	0.00	0.16	111115
66	"14:34:08"	4526.5	0	12	0.304	284	4.07	1.47	22.52	6	1.42	1	2.84	20.45	22.52	19.97	400.99	360.61	0.388	12.477	1.63	52.41	199.7	1600	0	101.4	20.3	0.801	1.0	-0.22	2.74	1.00	0.00	0.16	111115
67	"14:34:08"	4526.5	0	12	0.304	284	4.07	1.47	22.52	6	1.42	1	2.84	20.45	22.52	19.97	400.99	360.61	0.388	12.477	1.63	52.41	199.7	1600	0	101.4	20.3	0.801	1.0	-0.22	2.74	1.00	0.00	0.16	111115
68	"14:34:09"	4527.0	0	12	0.304	284	4.07	1.47	22.52	6	1.42	1	2.84	20.45	22.52	19.97	400.96	360.60	0.387	12.477	1.63	52.41	199.7	1600	0	101.4	20.3	0.801	1.0	-0.22	2.74	1.00	0.00	0.16	111115
69	"14:34:09"	4527.5	0	12	0.304	284	4.07	1.47	22.51	6	1.42	1	2.84	20.45	22.51	19.97	400.95	360.60	0.387	12.476	1.62	52.40	199.7	1600	0	101.4	20.3	0.801	1.0	-0.22	2.74	1.00	0.00	0.16	111115
70	"14:34:10"	4529.0	0	11.9	0.305	285	4.07	1.47	22.51	6	1.42	1	2.84	20.45	22.51	19.97	400.88	360.61	0.386	12.477	1.62	52.41	199.7	1600	1	101.4	20.3	0.801	1.0	-0.22	2.74	1.00	0.00	0.16	111115
71	"14:34:11"	4530.0	0	11.9	0.305	285	4.08	1.47	22.51	6	1.42	1	2.84	20.45	22.51	19.97	400.90	360.60	0.386	12.479	1.62	52.41	199.7	1600	1	101.4	20.3	0.801	1.0	-0.22	2.74	1.00	0.00	0.16	111115
72	"14:34:12"	4530.0	0	11.9	0.305	285	4.08	1.47	22.51	6	1.42	1	2.84	20.45	22.51	19.97	400.90	360.60	0.386	12.479	1.62	52.41	199.7	1600	1	101.4	20.3	0.801	1.0	-0.22	2.74	1.00	0.00	0.16	111115
73	"14:34:12"	4530.5	0	11.9	0.305	285	4.08	1.47	22.51	6	1.42	1	2.84	20.45	22.51	19.97	400.91	360.62	0.386	12.479	1.62	52.41	199.7	1600	1	101.4	20.3	0.801	1.0	-0.22	2.74	1.00	0.00	0.16	111115
74	"14:34:13"	4531.0	0	11.9	0.305	285	4.08	1.47	22.50	6	1.42	1	2.84	20.45	22.50	19.97	400.91	360.59	0.386	12.479	1.62	52.41	199.7	1600	1	101.4	20.3	0.801	1.0	-0.22	2.74	1.00	0.00	0.16	111115
75	"14:34:13"	4532.0	0	11.9	0.305	285	4.08	1.47	22.50	6	1.42	1	2.84	20.46	22.50	19.97	400.90	360.62	0.387	12.481	1.63	52.42	199.7	1600	1	101.4	20.3	0.801	1.0	-0.22	2.74	1.00	0.00	0.16	111115
"14:34:19 Coolers: Tblock -> 25.00 C"
"14:46:06 Flow: Fixed -> 200 umol/s"
76	"14:47:53"	5351.5	0	12.4	0.319	280	5.01	1.73	25.48	6	1.42	1	2.84	24.90	25.48	25.04	399.34	356.66	0.381	15.219	1.22	48.82	199.7	1600	0	101.4	20.7	0.843	1.0	-0.22	2.74	1.00	0.00	0.16	111115
77	"14:47:54"	5352.0	0	12.4	0.319	280	5.01	1.73	25.48	6	1.42	1	2.84	24.90	25.48	25.04	399.32	356.68	0.380	15.220	1.22	48.82	199.7	1600	0	101.4	20.7	0.843	1.0	-0.22	2.74	1.00	0.00	0.16	111115
78	"14:47:54"	5352.5	0	12.4	0.319	280	5.01	1.73	25.48	6	1.42	1	2.84	24.90	25.48	25.04	399.33	356.68	0.381	15.219	1.22	48.81	199.7	1600	0	101.4	20.7	0.843	1.0	-0.22	2.74	1.00	0.00	0.16	111115
79	"14:47:55"	5353.0	0	12.4	0.319	280	5.02	1.73	25.48	6	1.42	1	2.84	24.90	25.48	25.04	399.34	356.71	0.380	15.220	1.22	48.82	199.7	1600	0	101.4	20.7	0.843	1.0	-0.22	2.74	1.00	0.00	0.16	111115
80	"14:47:55"	5353.5	0	12.4	0.32	280	5.02	1.73	25.48	6	1.42	1	2.84	24.90	25.48	25.04	399.33	356.70	0.380	15.220	1.22	48.81	199.7	1600	0	101.4	20.7	0.843	1.0	-0.22	2.74	1.00	0.00	0.16	111115
81	"14:47:56"	5354.0	0	12.4	0.32	280	5.02	1.73	25.47	6	1.42	1	2.84	24.90	25.47	25.04	399.34	356.72	0.380	15.221	1.22	48.81	199.7	1600	0	101.4	20.7	0.843	1.0	-0.22	2.74	1.00	0.00	0.16	111115
82	"14:47:57"	5354.5	0	12.4	0.32	280	5.02	1.73	25.47	6	1.42	1	2.84	24.90	25.47	25.04	399.35	356.70	0.380	15.221	1.22	48.81	199.7	1600	0	101.4	20.7	0.843	1.0	-0.22	2.74	1.00	0.00	0.16	111115
83	"14:47:57"	5354.5	0	12.4	0.32	280	5.02	1.73	25.47	6	1.42	1	2.84	24.90	25.47	25.04	399.35	356.70	0.380	15.221	1.22	48.81	199.7	1600	0	101.4	20.7	0.843	1.0	-0.22	2.74	1.00	0.00	0.16	111115
84	"14:47:58"	5355.5	0	12.4	0.32	280	5.02	1.73	25.47	6	1.42	1	2.84	24.90	25.47	25.04	399.34	356.70	0.380	15.221	1.22	48.81	199.7	1600	0	101.4	20.7	0.843	1.0	-0.22	2.74	1.00	0.00	0.16	111115
85	"14:47:58"	5356.0	0	12.4	0.32	280	5.02	1.73	25.47	6	1.42	1	2.84	24.90	25.47	25.04	399.32	356.69	0.380	15.221	1.22	48.81	199.7	1600	0	101.4	20.7	0.843	1.0	-0.22	2.74	1.00	0.00	0.16	111115
86	"14:47:59"	5357.0	0	12.4	0.32	280	5.02	1.73	25.47	6	1.42	1	2.84	24.90	25.47	25.04	399.25	356.67	0.380	15.221	1.22	48.82	199.7	1600	0	101.4	20.7	0.843	1.0	-0.22	2.74	1.00	0.00	0.16	111115
87	"14:47:59"	5357.0	0	12.4	0.32	280	5.02	1.73	25.47	6	1.42	1	2.84	24.90	25.47	25.04	399.25	356.67	0.380	15.221	1.22	48.82	199.7	1600	0	101.4	20.7	0.843	1.0	-0.22	2.74	1.00	0.00	0.16	111115
88	"14:48:00"	5357.5	0	12.4	0.32	280	5.02	1.73	25.47	6	1.42	1	2.84	24.90	25.47	25.04	399.26	356.68	0.381	15.221	1.22	48.82	199.7	1600	0	101.4	20.7	0.843	1.0	-0.22	2.74	1.00	0.00	0.16	111115
89	"14:48:00"	5357.5	0	12.4	0.32	280	5.02	1.73	25.47	6	1.42	1	2.84	24.90	25.47	25.04	399.26	356.68	0.381	15.221	1.22	48.82	199.7	1600	0	101.4	20.7	0.843	1.0	-0.22	2.74	1.00	0.00	0.16	111115
90	"14:48:00"	5358.0	0	12.4	0.32	280	5.02	1.73	25.47	6	1.42	1	2.84	24.90	25.47	25.04	399.28	356.68	0.381	15.222	1.22	48.82	199.7	1600	0	101.4	20.7	0.843	1.0	-0.22	2.74	1.00	0.00	0.16	111115
"14:49:13 Coolers: Tblock -> 30.00 C"
"15:04:35 Flow: Fixed -> 200 umol/s"
91	"15:04:46"	6363.5	0	13	0.365	280	6.33	1.93	28.27	6	1.42	1	2.84	29.35	28.27	30.11	399.23	353.44	0.381	19.033	0.94	47.02	199.6	1600	0	101.4	20.9	0.844	1.0	-0.22	2.74	1.00	0.00	0.16	111115
92	"15:04:46"	6364.0	0	13	0.365	280	6.33	1.93	28.27	6	1.42	1	2.84	29.35	28.27	30.11	399.23	353.45	0.381	19.033	0.94	47.02	199.6	1600	0	101.4	20.9	0.844	1.0	-0.22	2.74	1.00	0.00	0.16	111115
93	"15:04:47"	6364.5	0	13	0.365	281	6.33	1.93	28.27	6	1.42	1	2.84	29.35	28.27	30.11	399.25	353.47	0.380	19.033	0.94	47.02	199.6	1600	0	101.4	20.9	0.844	1.0	-0.22	2.74	1.00	0.00	0.16	111115
94	"15:04:47"	6365.0	0	13	0.365	280	6.33	1.92	28.27	6	1.42	1	2.84	29.35	28.27	30.11	399.30	353.43	0.380	19.034	0.94	47.02	199.6	1600	0	101.4	20.9	0.844	1.0	-0.22	2.74	1.00	0.00	0.16	111115
95	"15:04:48"	6365.0	0	13	0.365	280	6.33	1.92	28.27	6	1.42	1	2.84	29.35	28.27	30.11	399.30	353.43	0.380	19.034	0.94	47.02	199.6	1600	0	101.4	20.9	0.844	1.0	-0.22	2.74	1.00	0.00	0.16	111115
96	"15:04:48"	6365.5	0	13	0.365	280	6.33	1.92	28.27	6	1.42	1	2.84	29.35	28.27	30.11	399.32	353.45	0.380	19.034	0.94	47.02	199.7	1600	0	101.4	20.9	0.844	1.0	-0.22	2.74	1.00	0.00	0.16	111115
97	"15:04:49"	6366.0	0	13	0.366	280	6.33	1.92	28.26	6	1.42	1	2.84	29.35	28.26	30.11	399.35	353.45	0.380	19.036	0.94	47.02	199.7	1600	0	101.4	20.9	0.844	1.0	-0.22	2.74	1.00	0.00	0.16	111115
98	"15:04:49"	6366.5	0	13.1	0.366	280	6.33	1.92	28.26	6	1.42	1	2.84	29.35	28.26	30.12	399.38	353.45	0.380	19.035	0.94	47.02	199.7	1600	0	101.4	20.9	0.844	1.0	-0.22	2.74	1.00	0.00	0.16	111115
99	"15:04:50"	6367.0	0	13.1	0.366	280	6.33	1.92	28.26	6	1.42	1	2.84	29.35	28.26	30.12	399.42	353.45	0.380	19.036	0.94	47.02	199.7	1600	0	101.4	20.9	0.844	1.0	-0.22	2.74	1.00	0.00	0.16	111115
100	"15:04:50"	6367.5	0	13.1	0.366	280	6.33	1.92	28.26	6	1.42	1	2.84	29.35	28.26	30.12	399.43	353.44	0.379	19.036	0.94	47.02	199.7	1600	0	101.4	20.9	0.844	1.0	-0.22	2.74	1.00	0.00	0.16	111115
101	"15:04:51"	6368.0	0	13.1	0.366	280	6.33	1.92	28.26	6	1.42	1	2.84	29.35	28.26	30.12	399.48	353.44	0.379	19.037	0.94	47.02	199.7	1600	0	101.4	20.9	0.844	1.0	-0.22	2.74	1.00	0.00	0.16	111115
102	"15:04:51"	6368.5	0	13.1	0.366	280	6.33	1.92	28.26	6	1.42	1	2.84	29.35	28.26	30.12	399.50	353.42	0.379	19.038	0.94	47.02	199.7	1600	0	101.4	20.9	0.844	1.0	-0.22	2.74	1.00	0.00	0.16	111115
103	"15:04:52"	6369.0	0	13.1	0.366	280	6.33	1.92	28.26	6	1.42	1	2.84	29.35	28.26	30.12	399.51	353.43	0.379	19.038	0.93	47.02	199.7	1600	0	101.4	20.9	0.844	1.0	-0.22	2.74	1.00	0.00	0.16	111115
104	"15:04:52"	6369.5	0	13.1	0.366	280	6.33	1.92	28.26	6	1.42	1	2.84	29.35	28.26	30.12	399.53	353.44	0.378	19.039	0.93	47.02	199.7	1600	0	101.4	20.9	0.844	1.0	-0.22	2.74	1.00	0.00	0.16	111115
105	"15:04:53"	6370.0	0	13.1	0.366	280	6.33	1.92	28.26	6	1.42	1	2.84	29.35	28.26	30.12	399.51	353.43	0.378	19.039	0.93	47.02	199.7	1600	0	101.4	20.9	0.844	1.0	-0.22	2.74	1.00	0.00	0.16	111115
"15:04:59 Coolers: Tblock -> 35.00 C"
"15:16:19 Flow: Fixed -> 200 umol/s"
106	"15:16:35"	7073.5	0	13.4	0.421	284	7.77	2.08	30.68	6	1.42	1	2.84	33.59	30.68	34.99	401.16	352.50	0.379	23.204	0.74	45.04	199.6	1599	0	101.4	21.5	0.852	1.0	-0.22	2.74	1.00	0.00	0.16	111115
107	"15:16:35"	7073.5	0	13.4	0.421	284	7.77	2.08	30.68	6	1.42	1	2.84	33.59	30.68	34.99	401.16	352.50	0.379	23.204	0.74	45.04	199.6	1599	0	101.4	21.5	0.852	1.0	-0.22	2.74	1.00	0.00	0.16	111115
108	"15:16:36"	7074.0	0	13.5	0.421	284	7.77	2.08	30.68	6	1.42	1	2.84	33.59	30.68	34.99	401.16	352.49	0.379	23.205	0.74	45.04	199.6	1599	0	101.4	21.5	0.852	1.0	-0.22	2.74	1.00	0.00	0.16	111115
109	"15:16:36"	7074.0	0	13.5	0.421	284	7.77	2.08	30.68	6	1.42	1	2.84	33.59	30.68	34.99	401.16	352.49	0.379	23.205	0.74	45.04	199.6	1599	0	101.4	21.5	0.852	1.0	-0.22	2.74	1.00	0.00	0.16	111115
110	"15:16:37"	7074.5	0	13.5	0.421	284	7.78	2.08	30.68	6	1.42	1	2.84	33.59	30.68	34.99	401.18	352.49	0.379	23.206	0.74	45.04	199.6	1599	0	101.4	21.5	0.852	1.0	-0.22	2.74	1.00	0.00	0.16	111115
111	"15:16:37"	7076.0	0	13.5	0.421	284	7.78	2.08	30.67	6	1.42	1	2.84	33.59	30.67	34.99	401.19	352.51	0.378	23.206	0.73	45.04	199.7	1599	0	101.4	21.5	0.852	1.0	-0.22	2.74	1.00	0.00	0.16	111115
112	"15:16:38"	7076.0	0	13.5	0.421	284	7.78	2.08	30.67	6	1.42	1	2.84	33.59	30.67	34.99	401.19	352.51	0.378	23.206	0.73	45.04	199.7	1599	0	101.4	21.5	0.852	1.0	-0.22	2.74	1.00	0.00	0.16	111115
113	"15:16:38"	7076.0	0	13.5	0.421	284	7.78	2.08	30.67	6	1.42	1	2.84	33.59	30.67	34.99	401.19	352.51	0.378	23.206	0.73	45.04	199.7	1599	0	101.4	21.5	0.852	1.0	-0.22	2.74	1.00	0.00	0.16	111115
114	"15:16:39"	7076.5	0	13.5	0.421	284	7.78	2.08	30.67	6	1.42	1	2.84	33.59	30.67	34.99	401.18	352.52	0.379	23.206	0.73	45.04	199.7	1599	0	101.4	21.5	0.852	1.0	-0.22	2.74	1.00	0.00	0.16	111115
115	"15:16:39"	7077.0	0	13.5	0.422	284	7.78	2.08	30.67	6	1.42	1	2.84	33.59	30.67	34.99	401.18	352.51	0.379	23.207	0.73	45.04	199.7	1599	0	101.4	21.5	0.852	1.0	-0.22	2.74	1.00	0.00	0.16	111115
116	"15:16:40"	7078.0	0	13.5	0.422	284	7.78	2.07	30.67	6	1.42	1	2.84	33.59	30.67	34.99	401.25	352.52	0.379	23.208	0.74	45.04	199.7	1599	0	101.4	21.5	0.852	1.0	-0.22	2.74	1.00	0.00	0.16	111115
117	"15:16:40"	7078.0	0	13.5	0.422	284	7.78	2.07	30.67	6	1.42	1	2.84	33.59	30.67	34.99	401.25	352.52	0.379	23.208	0.74	45.04	199.7	1599	0	101.4	21.5	0.852	1.0	-0.22	2.74	1.00	0.00	0.16	111115
118	"15:16:41"	7079.0	0	13.5	0.422	284	7.78	2.07	30.67	6	1.42	1	2.84	33.59	30.67	34.99	401.29	352.52	0.380	23.210	0.74	45.05	199.7	1599	0	101.4	21.5	0.852	1.0	-0.22	2.74	1.00	0.00	0.16	111115
119	"15:16:41"	7079.5	0	13.5	0.422	284	7.78	2.07	30.67	6	1.42	1	2.84	33.59	30.67	34.99	401.29	352.52	0.380	23.211	0.74	45.05	199.6	1599	0	101.4	21.5	0.852	1.0	-0.22	2.74	1.00	0.00	0.16	111115
120	"15:16:42"	7080.0	0	13.5	0.422	284	7.78	2.07	30.67	6	1.42	1	2.84	33.59	30.67	34.99	401.28	352.51	0.379	23.211	0.74	45.05	199.6	1599	0	101.4	21.5	0.852	1.0	-0.22	2.74	1.00	0.00	0.16	111115
"15:16:50 Coolers: Tblock -> 40.00 C"
"15:24:32 Lamp: ParIn ->  1600 uml"
"15:24:32 CO2 Mixer: CO2R -> 400 uml"
"15:24:32 Coolers: Tblock -> 40.00 C"
"15:24:32 Flow: Fixed -> 200 umol/s"
"15:26:38 Flow: Fixed -> 200 umol/s"
121	"15:26:58"	7696.0	0	13.4	0.423	280	9.42	2.49	33.90	6	1.42	1	2.84	38.16	33.90	40.06	400.09	349.96	0.377	27.880	0.57	42.08	199.7	1600	0	101.3	21.7	0.804	1.0	-0.22	2.74	1.00	0.00	0.16	111115
122	"15:26:59"	7696.5	0	13.4	0.423	280	9.42	2.49	33.90	6	1.42	1	2.84	38.16	33.90	40.06	400.09	349.96	0.377	27.880	0.57	42.08	199.7	1600	0	101.3	21.7	0.804	1.0	-0.22	2.74	1.00	0.00	0.16	111115
123	"15:26:59"	7697.0	0	13.4	0.423	280	9.42	2.49	33.90	6	1.42	1	2.84	38.16	33.90	40.06	400.08	349.96	0.377	27.882	0.57	42.08	199.7	1600	0	101.3	21.7	0.804	1.0	-0.22	2.74	1.00	0.00	0.16	111115
124	"15:27:00"	7697.5	0	13.4	0.423	280	9.42	2.49	33.90	6	1.42	1	2.84	38.16	33.90	40.06	400.06	349.97	0.377	27.883	0.57	42.08	199.7	1600	0	101.3	21.7	0.804	1.0	-0.22	2.74	1.00	0.00	0.16	111115
125	"15:27:00"	7698.0	0	13.4	0.423	280	9.42	2.49	33.91	6	1.42	1	2.84	38.16	33.91	40.06	400.06	349.96	0.377	27.883	0.57	42.08	199.7	1600	0	101.3	21.7	0.804	1.0	-0.22	2.74	1.00	0.00	0.16	111115
126	"15:27:01"	7699.0	0	13.4	0.423	280	9.42	2.49	33.90	6	1.42	1	2.84	38.16	33.90	40.06	400.03	349.98	0.377	27.885	0.57	42.09	199.7	1600	0	101.3	21.7	0.804	1.0	-0.22	2.74	1.00	0.00	0.16	111115
127	"15:27:02"	7699.5	0	13.4	0.424	280	9.42	2.48	33.89	6	1.42	1	2.84	38.16	33.89	40.06	400.01	349.97	0.377	27.885	0.57	42.09	199.7	1600	0	101.3	21.7	0.804	1.0	-0.22	2.74	1.00	0.00	0.16	111115
128	"15:27:02"	7700.0	0	13.4	0.424	281	9.42	2.48	33.88	6	1.42	1	2.84	38.16	33.88	40.06	400.01	349.99	0.377	27.885	0.57	42.09	199.7	1600	0	101.3	21.7	0.804	1.0	-0.22	2.74	1.00	0.00	0.16	111115
129	"15:27:02"	7700.0	0	13.4	0.424	281	9.42	2.48	33.88	6	1.42	1	2.84	38.16	33.88	40.06	400.01	349.99	0.377	27.885	0.57	42.09	199.7	1600	0	101.3	21.7	0.804	1.0	-0.22	2.74	1.00	0.00	0.16	111115
130	"15:27:03"	7700.5	0	13.4	0.425	281	9.42	2.48	33.86	6	1.42	1	2.84	38.16	33.86	40.06	400.03	350.00	0.377	27.885	0.57	42.09	199.7	1600	0	101.3	21.7	0.804	1.0	-0.22	2.74	1.00	0.00	0.16	111115
131	"15:27:04"	7702.0	0	13.3	0.427	281	9.42	2.47	33.84	6	1.42	1	2.84	38.16	33.84	40.06	400.01	350.01	0.377	27.889	0.57	42.09	199.7	1600	0	101.3	21.7	0.804	1.0	-0.22	2.74	1.00	0.00	0.16	111115
132	"15:27:05"	7702.5	0	13.4	0.427	281	9.42	2.47	33.83	6	1.42	1	2.84	38.16	33.83	40.06	400.05	349.99	0.377	27.887	0.57	42.09	199.7	1600	0	101.3	21.7	0.804	1.0	-0.22	2.74	1.00	0.00	0.16	111115
133	"15:27:05"	7703.0	0	13.4	0.428	281	9.42	2.46	33.82	6	1.42	1	2.84	38.16	33.82	40.06	400.06	349.99	0.376	27.889	0.57	42.09	199.7	1600	0	101.3	21.7	0.804	1.0	-0.22	2.74	1.00	0.00	0.16	111115
134	"15:27:06"	7703.5	0	13.4	0.428	281	9.42	2.46	33.82	6	1.42	1	2.84	38.16	33.82	40.06	400.09	349.99	0.376	27.890	0.57	42.09	199.7	1600	0	101.3	21.7	0.804	1.0	-0.22	2.74	1.00	0.00	0.16	111115
135	"15:27:06"	7704.0	0	13.4	0.428	281	9.42	2.46	33.82	6	1.42	1	2.84	38.16	33.82	40.06	400.08	350.00	0.377	27.891	0.57	42.09	199.7	1600	0	101.3	21.7	0.804	1.0	-0.22	2.74	1.00	0.00	0.16	111115
"15:27:13 Coolers: Tblock -> 45.00 C"
"15:39:21 Flow: Fixed -> 200 umol/s"
136	"15:39:46"	8464.5	0	12.4	0.413	282	10.9	2.91	36.55	6	1.42	1	2.84	42.71	36.55	45.14	399.70	351.03	0.377	31.956	0.45	37.84	199.7	1600	0	101.3	22.2	0.761	1.0	-0.22	2.74	1.00	0.00	0.16	111115
137	"15:39:47"	8465.0	0	12.4	0.413	282	10.9	2.91	36.54	6	1.42	1	2.84	42.71	36.54	45.14	399.70	351.04	0.376	31.958	0.45	37.85	199.7	1600	0	101.3	22.2	0.761	1.0	-0.22	2.74	1.00	0.00	0.16	111115
138	"15:39:47"	8465.5	0	12.4	0.414	282	10.9	2.91	36.53	6	1.42	1	2.84	42.71	36.53	45.14	399.68	351.09	0.376	31.959	0.45	37.85	199.7	1600	0	101.3	22.2	0.761	1.0	-0.22	2.74	1.00	0.00	0.16	111115
139	"15:39:47"	8465.5	0	12.4	0.414	282	10.9	2.91	36.53	6	1.42	1	2.84	42.71	36.53	45.14	399.68	351.09	0.376	31.959	0.45	37.85	199.7	1600	0	101.3	22.2	0.761	1.0	-0.22	2.74	1.00	0.00	0.16	111115
140	"15:39:48"	8466.0	0	12.4	0.414	282	10.9	2.9	36.53	6	1.42	1	2.84	42.71	36.53	45.14	399.68	351.07	0.376	31.962	0.45	37.85	199.7	1600	0	101.3	22.2	0.761	1.0	-0.22	2.74	1.00	0.00	0.16	111115
141	"15:39:49"	8467.0	0	12.4	0.414	282	10.9	2.9	36.53	6	1.42	1	2.84	42.71	36.53	45.14	399.71	351.09	0.376	31.964	0.45	37.85	199.7	1600	0	101.3	22.2	0.761	1.0	-0.22	2.74	1.00	0.00	0.16	111115
142	"15:39:49"	8467.5	0	12.4	0.415	283	10.9	2.9	36.52	6	1.42	1	2.84	42.71	36.52	45.14	399.71	351.12	0.376	31.966	0.45	37.85	199.8	1600	0	101.3	22.2	0.761	1.0	-0.22	2.74	1.00	0.00	0.16	111115
143	"15:39:49"	8467.5	0	12.4	0.415	283	10.9	2.9	36.52	6	1.42	1	2.84	42.71	36.52	45.14	399.71	351.12	0.376	31.966	0.45	37.85	199.8	1600	0	101.3	22.2	0.761	1.0	-0.22	2.74	1.00	0.00	0.16	111115
144	"15:39:50"	8468.0	0	12.4	0.415	283	10.9	2.9	36.51	6	1.42	1	2.84	42.72	36.51	45.14	399.68	351.12	0.376	31.966	0.44	37.85	199.7	1600	0	101.3	22.2	0.761	1.0	-0.22	2.74	1.00	0.00	0.16	111115
145	"15:39:50"	8468.5	0	12.4	0.416	283	10.9	2.9	36.50	6	1.42	1	2.84	42.71	36.50	45.14	399.68	351.11	0.376	31.966	0.44	37.85	199.7	1600	0	101.3	22.2	0.761	1.0	-0.22	2.74	1.00	0.00	0.16	111115
146	"15:39:51"	8469.0	0	12.3	0.416	283	10.9	2.9	36.50	6	1.42	1	2.84	42.72	36.50	45.14	399.67	351.13	0.376	31.964	0.45	37.85	199.7	1600	0	101.3	22.2	0.761	1.0	-0.22	2.74	1.00	0.00	0.16	111115
147	"15:39:52"	8469.5	0	12.4	0.415	283	10.9	2.9	36.51	6	1.42	1	2.84	42.72	36.51	45.14	399.69	351.12	0.376	31.965	0.45	37.85	199.7	1600	0	101.3	22.2	0.761	1.0	-0.22	2.74	1.00	0.00	0.16	111115
148	"15:39:52"	8470.0	0	12.3	0.415	283	10.9	2.9	36.51	6	1.42	1	2.84	42.72	36.51	45.14	399.67	351.12	0.377	31.961	0.45	37.84	199.7	1600	0	101.3	22.2	0.761	1.0	-0.22	2.74	1.00	0.00	0.16	111115
149	"15:39:53"	8470.5	0	12.3	0.415	283	10.9	2.9	36.51	6	1.42	1	2.84	42.71	36.51	45.13	399.66	351.12	0.376	31.961	0.45	37.85	199.7	1600	0	101.3	22.2	0.761	1.0	-0.22	2.74	1.00	0.00	0.16	111115
150	"15:39:53"	8471.0	0	12.3	0.416	283	10.9	2.89	36.50	6	1.42	1	2.84	42.71	36.50	45.13	399.62	351.11	0.376	31.959	0.45	37.84	199.7	1601	0	101.3	22.2	0.761	1.0	-0.22	2.74	1.00	0.00	0.16	111115
"15:40:26 Coolers: Tblock -> 50.00 C"
"15:50:38 Flow: Fixed -> 200 umol/s"
151	"15:50:49"	9127.0	0	10.8	0.437	295	11.7	2.97	38.19	6	1.42	1	2.84	46.80	38.19	49.81	400.35	355.33	3.091	37.020	2.96	35.50	199.7	1600	0	101.4	23	0.648	1.0	-0.22	2.74	1.00	0.00	0.16	111115
152	"15:50:49"	9127.5	0	10.8	0.437	295	11.7	2.98	38.20	6	1.42	1	2.84	46.80	38.20	49.81	400.36	355.34	3.091	37.019	2.96	35.50	199.7	1600	0	101.4	23	0.648	1.0	-0.22	2.74	1.00	0.00	0.16	111115
153	"15:50:50"	9127.5	0	10.8	0.437	295	11.7	2.98	38.20	6	1.42	1	2.84	46.80	38.20	49.81	400.36	355.34	3.091	37.019	2.96	35.50	199.7	1600	0	101.4	23	0.648	1.0	-0.22	2.74	1.00	0.00	0.16	111115
154	"15:50:50"	9128.0	0	10.8	0.437	295	11.7	2.98	38.20	6	1.42	1	2.84	46.80	38.20	49.81	400.35	355.35	3.091	37.020	2.96	35.50	199.7	1600	0	101.4	23	0.648	1.0	-0.22	2.74	1.00	0.00	0.16	111115
155	"15:50:51"	9128.5	0	10.8	0.437	295	11.7	2.97	38.19	6	1.42	1	2.84	46.80	38.19	49.81	400.35	355.36	3.091	37.022	2.96	35.50	199.7	1600	0	101.4	23	0.648	1.0	-0.22	2.74	1.00	0.00	0.16	111115
156	"15:50:52"	9130.0	0	10.8	0.438	295	11.7	2.97	38.18	6	1.42	1	2.84	46.80	38.18	49.82	400.30	355.37	3.091	37.024	2.96	35.50	199.7	1600	0	101.4	23	0.648	1.0	-0.22	2.74	1.00	0.00	0.16	111115
157	"15:50:52"	9130.0	0	10.8	0.438	295	11.7	2.97	38.18	6	1.42	1	2.84	46.80	38.18	49.82	400.30	355.37	3.091	37.024	2.96	35.50	199.7	1600	0	101.4	23	0.648	1.0	-0.22	2.74	1.00	0.00	0.16	111115
158	"15:50:53"	9130.5	0	10.8	0.437	295	11.7	2.97	38.19	6	1.42	1	2.84	46.80	38.19	49.82	400.29	355.38	3.091	37.024	2.96	35.50	199.7	1600	0	101.4	23	0.648	1.0	-0.22	2.74	1.00	0.00	0.16	111115
159	"15:50:53"	9131.0	0	10.8	0.437	295	11.7	2.98	38.20	6	1.42	1	2.84	46.80	38.20	49.82	400.31	355.37	3.091	37.023	2.96	35.50	199.7	1600	0	101.4	23	0.648	1.0	-0.22	2.74	1.00	0.00	0.16	111115
160	"15:50:54"	9131.5	0	10.8	0.438	295	11.7	2.97	38.19	6	1.42	1	2.84	46.80	38.19	49.82	400.32	355.36	3.091	37.026	2.96	35.50	199.7	1600	0	101.4	23	0.648	1.0	-0.22	2.74	1.00	0.00	0.16	111115
161	"15:50:54"	9132.5	0	10.8	0.437	295	11.7	2.98	38.20	6	1.42	1	2.84	46.80	38.20	49.82	400.31	355.34	3.091	37.020	2.96	35.49	199.7	1600	0	101.4	23	0.648	1.0	-0.22	2.74	1.00	0.00	0.16	111115
162	"15:50:55"	9132.5	0	10.8	0.437	295	11.7	2.98	38.20	6	1.42	1	2.84	46.80	38.20	49.82	400.31	355.34	3.091	37.020	2.96	35.49	199.7	1600	0	101.4	23	0.648	1.0	-0.22	2.74	1.00	0.00	0.16	111115
163	"15:50:55"	9133.0	0	10.8	0.436	295	11.7	2.98	38.21	6	1.42	1	2.84	46.80	38.21	49.82	400.31	355.35	3.090	37.022	2.96	35.49	199.7	1600	0	101.4	23	0.648	1.0	-0.22	2.74	1.00	0.00	0.16	111115
164	"15:50:56"	9133.5	0	10.8	0.435	295	11.7	2.99	38.22	6	1.42	1	2.84	46.81	38.22	49.82	400.33	355.37	3.091	37.023	2.96	35.49	199.7	1600	0	101.4	23	0.648	1.0	-0.22	2.74	1.00	0.00	0.16	111115
165	"15:50:57"	9134.5	0	10.8	0.435	295	11.7	2.99	38.23	6	1.42	1	2.84	46.81	38.23	49.82	400.35	355.36	3.090	37.025	2.96	35.49	199.7	1600	0	101.4	23	0.648	1.0	-0.22	2.74	1.00	0.00	0.16	111115
"15:51:38 Coolers: Tblock -> 20.00 C"
"15:55:18 Coolers: Tblock -> 10.00 C"
