"OPEN 6.2.5"
"Mon Jan 24 2022 16:03:46"
<open><version>"6.2.5"</version></open>
<open><configfile>"/User/Configs/UserPrefs/2x3 LED.xml"</configfile></open>
<open><light><source>"6400-02 or -02B LED Source"</source><par_in>1<sensor>"SI-3989"<cal>-0.92<actinity>1.00</actinity><transm>1.00</transm></cal></sensor><transm>1</transm></par_in><par_out>1<sensor>"Q50937"<cal>6.45</cal></sensor></par_out></light></open>
<open><comps><file>"/User/Configs/Comps/StdComps_6.2"<header>""</header><extras></extras></file><energybal>no<f_parIn>1</f_parIn><f_parOut>0</f_parOut><alphaK>0.16</alphaK></energybal><bc_total>2.840<stomatal_ratio>1</stomatal_ratio><bc_oneside>1.420<type>2</type><table>"/Sys/Lib/StdBLCTable"</table><area>6</area><slope>-0.219565</slope><offset>2.73739</offset><fan>5</fan></bc_oneside></bc_total></comps></open>
<open><prompts><onlog>off</onlog><items>"Default (none)"</items></prompts></open>
<open><constants><oxygen>21 %</oxygen><bb_vapor>1.5</bb_vapor><bb_oxy>0.9</bb_oxy></constants></open>
<open><stability><items>"Std Stability"<items[1]><id>-2</id><size>15</size><pcv><onoff>0</onoff><value>1</value></pcv><std><onoff>0</onoff><value>1</value></std><slp><onoff>1</onoff><value>1</value></slp></items[1]><items[2]><id>-5</id><size>15</size><pcv><onoff>0</onoff><value>1</value></pcv><std><onoff>0</onoff><value>1</value></std><slp><onoff>1</onoff><value>1</value></slp></items[2]><items[3]><id>-7</id><size>15</size><pcv><onoff>0</onoff><value>1</value></pcv><std><onoff>0</onoff><value>1</value></std><slp><onoff>1</onoff><value>1</value></slp></items[3]></items></stability></open>
<open><log><format>"StdLogFmt_6.0"<items>{ -35 -21 -36 -76 30 23 36 21 25 221 -33 111 -34 11 -9 -10 -8 -1 -2 -4 -5 -14 -15 -7 -12 -13 -11 -65 -66 -72 -18 -19 -77 -78 -79 -23  }<hdr>{  }</hdr></items></format><options><beep>on</beep><hdr>normal</hdr><rem>normal</rem><stab>no</stab><stats>no<mean>no</mean><file>no</file><period>15</period></stats><excel>yes</excel><controls>yes</controls><comm>no</comm></options><datafile>"/User/jcg_rasa_at_a_2"</datafile><button><action>"Normal Log"<code>" LogOneObsManual "</code></action></button><autoprog>"/User/Configs/AutoProgs/AutoLog2"<active>no</active></autoprog></log></open>
<open><a2d><avgtime>4.0 secs</avgtime><userchans><ch20>"Off"</ch20><ch21>"Off"</ch21><ch22>"Off"</ch22><ch23>"Off"</ch23></userchans></a2d></open>
<open><matching><type>0</type><disp>'a'</disp><settings><CO2Limit>10.0</CO2Limit><H2OLimit>1.0</H2OLimit><MaxAutoTime>60</MaxAutoTime></settings></matching></open>
<li6400><factory><unit>"PSC-4076"</unit><serviced>"31 Mar 2014"</serviced><fuseaware>0</fuseaware><co2mixer>yes</co2mixer><co2><coeffs>{ 0 0.215349 2.57678e-05 1.9763e-08 -3.21542e-12 3.03737e-16  }</coeffs><dvdt>-2.8</dvdt><xs>{ 0.0005 0.0003  }</xs></co2><h2o><coeffs>{ 0 0.00579256 2.19235e-06 9.06457e-12  }</coeffs><dvdt>-1</dvdt><xs>{ -0.0026 0.0003  }</xs></h2o><flow>{ 0 0.3607  }</flow><press>{ 88.32 0.00555  }</press></factory></li6400>
<li6400><user><flow_zero>-1560.7</flow_zero><irga_zero><co2>-312.6 -351.6<at>29.8235</at></co2><h2o>-156.6 77.4<at>31.0407</at></h2o></irga_zero><irga_span><co2>{ 0.988788 0.993555  }</co2><h2o>{ 0.996032 0.996401  }</h2o></irga_span><irga_match><co2>{ -1.32399 23.0473  }</co2><h2o>{ -0.104692 0.648447  }</h2o></irga_match><co2_mixer><pump_mv>4500</pump_mv><ppm>{ 2185.36 1052.7 419.509 255.894 118.056 69.8071 46.8351 46.4167  }</ppm><mv>{ 5000 3000 1500 1000 500 300 200 100  }</mv></co2_mixer><parin_offset>-0.0908794</parin_offset><led_cal><unit>"SI-3989"</unit><mv>{ 10 25 50 100 1000 2000 3000 4000 5000  }</mv><qntm>{ 5.41353 17.8999 38.6356 86.3019 941.421 1838.37 2690.41 3508.95 4284.65  }</qntm></led_cal><lcf_cal><unit>"unknown"</unit><red><mv>{ 50 100 500 1000 1500 5000  }</mv><qntm>{ 50 100 500 1000 2000 5000  }</qntm></red><blue><mv>{ 100 200 500 1000 2000 5000  }</mv><qntm>{ 10 20 50 100 200 500  }</qntm></blue></lcf_cal></user></li6400>
"16:03:53 "
$STARTOFDATA$
"Obs"	"HHMMSS"	"FTime"	"EBal?"	"Photo"	"Cond"	"Ci"	"Trmmol"	"VpdL"	"CTleaf"	"Area"	"BLC_1"	"StmRat"	"BLCond"	"Tair"	"Tleaf"	"TBlk"	"CO2R"	"CO2S"	"H2OR"	"H2OS"	"RH_R"	"RH_S"	"Flow"	"PARi"	"PARo"	"Press"	"CsMch"	"HsMch"	"StableF"	"BLCslope"	"BLCoffst"	"f_parin"	"f_parout"	"alphaK"	"Status"
"16:11:21 Flow: Fixed -> 200 umol/s"
"16:31:38 Coolers: Tblock -> 0.00 C"
"16:45:05 Coolers: Tblock -> 1.00 C"
"16:47:58 Flow: Fixed -> 200 umol/s"
1	"16:52:57"	2968.5	0	8.67	0.313	320	1.99	0.707	11.31	6	1.42	1	2.84	4.00	11.31	1.03	400.37	372.09	0.369	6.297	4.58	78.17	199.7	1600	1	101.4	18.5	0.467	1.0	-0.22	2.74	1.00	0.00	0.16	111115
2	"16:52:57"	2968.5	0	8.67	0.313	320	1.99	0.707	11.31	6	1.42	1	2.84	4.00	11.31	1.03	400.37	372.09	0.369	6.297	4.58	78.17	199.7	1600	1	101.4	18.5	0.467	1.0	-0.22	2.74	1.00	0.00	0.16	111115
3	"16:52:58"	2969.0	0	8.68	0.313	320	1.99	0.706	11.31	6	1.42	1	2.84	4.00	11.31	1.03	400.39	372.10	0.369	6.298	4.58	78.18	199.7	1600	1	101.4	18.5	0.467	1.0	-0.22	2.74	1.00	0.00	0.16	111115
4	"16:52:58"	2969.5	0	8.68	0.314	320	1.99	0.706	11.31	6	1.42	1	2.84	4.00	11.31	1.03	400.39	372.10	0.369	6.298	4.58	78.18	199.7	1600	1	101.4	18.5	0.467	1.0	-0.22	2.74	1.00	0.00	0.16	111115
5	"16:52:59"	2970.0	0	8.66	0.314	320	1.99	0.706	11.30	6	1.42	1	2.84	4.00	11.30	1.03	400.37	372.12	0.369	6.299	4.58	78.18	199.7	1600	1	101.4	18.5	0.467	1.0	-0.22	2.74	1.00	0.00	0.16	111115
6	"16:53:00"	2970.5	0	8.66	0.314	320	1.99	0.705	11.30	6	1.42	1	2.84	4.00	11.30	1.03	400.36	372.13	0.369	6.299	4.58	78.19	199.7	1600	1	101.4	18.5	0.467	1.0	-0.22	2.74	1.00	0.00	0.16	111115
7	"16:53:00"	2971.0	0	8.66	0.314	320	1.99	0.704	11.29	6	1.42	1	2.84	4.00	11.29	1.03	400.36	372.14	0.369	6.299	4.58	78.19	199.7	1600	2	101.4	18.5	0.467	1.0	-0.22	2.74	1.00	0.00	0.16	111115
8	"16:53:01"	2972.0	0	8.64	0.315	320	1.99	0.703	11.28	6	1.42	1	2.84	4.00	11.28	1.04	400.33	372.14	0.369	6.299	4.58	78.19	199.7	1600	2	101.4	18.5	0.467	1.0	-0.22	2.74	1.00	0.00	0.16	111115
9	"16:53:01"	2972.5	0	8.64	0.315	320	1.99	0.703	11.27	6	1.42	1	2.84	4.00	11.27	1.04	400.32	372.15	0.369	6.300	4.58	78.20	199.8	1600	2	101.4	18.5	0.467	1.0	-0.22	2.74	1.00	0.00	0.16	111115
10	"16:53:02"	2973.0	0	8.63	0.315	320	1.99	0.703	11.27	6	1.42	1	2.84	4.00	11.27	1.04	400.31	372.15	0.369	6.300	4.58	78.20	199.8	1600	2	101.4	18.5	0.467	1.0	-0.22	2.74	1.00	0.00	0.16	111115
11	"16:53:02"	2973.5	0	8.62	0.315	320	1.99	0.703	11.28	6	1.42	1	2.84	4.00	11.28	1.04	400.31	372.19	0.369	6.301	4.58	78.21	199.8	1600	2	101.4	18.5	0.467	1.0	-0.22	2.74	1.00	0.00	0.16	111115
12	"16:53:03"	2974.0	0	8.65	0.315	320	1.99	0.704	11.28	6	1.42	1	2.84	4.00	11.28	1.05	400.39	372.17	0.369	6.301	4.58	78.20	199.8	1600	2	101.4	18.5	0.467	1.0	-0.22	2.74	1.00	0.00	0.16	111115
13	"16:53:03"	2974.5	0	8.67	0.315	320	1.99	0.704	11.28	6	1.42	1	2.84	4.00	11.28	1.05	400.42	372.16	0.369	6.301	4.58	78.19	199.8	1600	2	101.4	18.5	0.467	1.0	-0.22	2.74	1.00	0.00	0.16	111115
14	"16:53:04"	2975.0	0	8.69	0.315	320	1.99	0.704	11.28	6	1.42	1	2.84	4.00	11.28	1.05	400.46	372.14	0.369	6.301	4.58	78.19	199.8	1600	2	101.4	18.5	0.467	1.0	-0.22	2.74	1.00	0.00	0.16	111115
15	"16:53:05"	2975.5	0	8.71	0.315	320	1.99	0.704	11.28	6	1.42	1	2.84	4.00	11.28	1.05	400.51	372.12	0.369	6.301	4.58	78.20	199.7	1600	2	101.4	18.5	0.467	1.0	-0.22	2.74	1.00	0.00	0.16	111115
"16:53:20 Coolers: Tblock -> 5.00 C"
"17:00:27 Flow: Fixed -> 200 umol/s"
16	"17:00:46"	3437.0	0	9.71	0.326	312	2.35	0.804	13.49	6	1.42	1	2.84	7.27	13.49	4.95	400.32	368.56	0.377	7.382	3.73	73.05	199.7	1599	2	101.4	18.8	0.533	1.0	-0.22	2.74	1.00	0.00	0.16	111115
17	"17:00:46"	3437.5	0	9.72	0.327	312	2.35	0.804	13.49	6	1.42	1	2.84	7.27	13.49	4.95	400.36	368.55	0.377	7.383	3.73	73.05	199.7	1599	2	101.4	18.8	0.533	1.0	-0.22	2.74	1.00	0.00	0.16	111115
18	"17:00:46"	3437.5	0	9.72	0.327	312	2.35	0.804	13.49	6	1.42	1	2.84	7.27	13.49	4.95	400.36	368.55	0.377	7.383	3.73	73.05	199.7	1599	2	101.4	18.8	0.533	1.0	-0.22	2.74	1.00	0.00	0.16	111115
19	"17:00:47"	3438.5	0	9.73	0.327	312	2.35	0.803	13.49	6	1.42	1	2.84	7.27	13.49	4.95	400.41	368.57	0.376	7.384	3.73	73.06	199.7	1599	2	101.4	18.8	0.533	1.0	-0.22	2.74	1.00	0.00	0.16	111115
20	"17:00:48"	3438.5	0	9.73	0.327	312	2.35	0.803	13.49	6	1.42	1	2.84	7.27	13.49	4.95	400.41	368.57	0.376	7.384	3.73	73.06	199.7	1599	2	101.4	18.8	0.533	1.0	-0.22	2.74	1.00	0.00	0.16	111115
21	"17:00:48"	3439.0	0	9.74	0.327	312	2.35	0.803	13.49	6	1.42	1	2.84	7.27	13.49	4.95	400.41	368.56	0.377	7.384	3.73	73.06	199.7	1599	2	101.4	18.8	0.533	1.0	-0.22	2.74	1.00	0.00	0.16	111115
22	"17:00:49"	3439.5	0	9.75	0.327	312	2.35	0.803	13.49	6	1.42	1	2.84	7.27	13.49	4.95	400.43	368.54	0.377	7.385	3.73	73.07	199.7	1599	2	101.4	18.8	0.533	1.0	-0.22	2.74	1.00	0.00	0.16	111115
23	"17:00:49"	3440.0	0	9.76	0.327	312	2.35	0.803	13.49	6	1.42	1	2.84	7.27	13.49	4.95	400.45	368.53	0.377	7.385	3.73	73.07	199.7	1599	2	101.4	18.8	0.533	1.0	-0.22	2.74	1.00	0.00	0.16	111115
24	"17:00:50"	3440.5	0	9.76	0.327	312	2.35	0.803	13.48	6	1.42	1	2.84	7.27	13.48	4.95	400.46	368.53	0.376	7.385	3.72	73.07	199.7	1599	2	101.4	18.8	0.533	1.0	-0.22	2.74	1.00	0.00	0.16	111115
25	"17:00:50"	3441.0	0	9.77	0.328	312	2.35	0.802	13.48	6	1.42	1	2.84	7.27	13.48	4.95	400.47	368.53	0.376	7.385	3.72	73.07	199.7	1599	2	101.4	18.8	0.533	1.0	-0.22	2.74	1.00	0.00	0.16	111115
26	"17:00:51"	3441.5	0	9.76	0.328	312	2.35	0.802	13.48	6	1.42	1	2.84	7.27	13.48	4.95	400.47	368.54	0.376	7.386	3.72	73.07	199.7	1599	2	101.4	18.8	0.533	1.0	-0.22	2.74	1.00	0.00	0.16	111115
27	"17:00:51"	3442.0	0	9.76	0.328	312	2.35	0.802	13.48	6	1.42	1	2.84	7.27	13.48	4.95	400.47	368.54	0.376	7.386	3.72	73.08	199.7	1599	2	101.4	18.8	0.533	1.0	-0.22	2.74	1.00	0.00	0.16	111115
28	"17:00:52"	3443.0	0	9.76	0.328	312	2.35	0.802	13.48	6	1.42	1	2.84	7.27	13.48	4.95	400.45	368.54	0.377	7.388	3.73	73.09	199.7	1599	2	101.4	18.8	0.533	1.0	-0.22	2.74	1.00	0.00	0.16	111115
29	"17:00:53"	3443.5	0	9.74	0.328	312	2.35	0.802	13.48	6	1.42	1	2.84	7.27	13.48	4.95	400.41	368.55	0.376	7.388	3.72	73.09	199.7	1599	2	101.4	18.8	0.533	1.0	-0.22	2.74	1.00	0.00	0.16	111115
30	"17:00:53"	3444.0	0	9.73	0.328	312	2.35	0.802	13.48	6	1.42	1	2.84	7.27	13.48	4.95	400.40	368.57	0.377	7.388	3.73	73.09	199.7	1599	2	101.4	18.8	0.533	1.0	-0.22	2.74	1.00	0.00	0.16	111115
"17:01:01 Coolers: Tblock -> 10.00 C"
"17:10:22 Flow: Fixed -> 200 umol/s"
31	"17:10:41"	4033.0	0	10.9	0.358	306	2.96	0.933	16.35	6	1.42	1	2.84	11.61	16.35	10.03	400.36	364.45	0.379	9.202	2.80	68.01	199.7	1599	2	101.4	19.9	0.703	1.0	-0.22	2.74	1.00	0.00	0.16	111115
32	"17:10:42"	4033.5	0	10.9	0.358	306	2.96	0.933	16.35	6	1.42	1	2.84	11.61	16.35	10.03	400.39	364.46	0.379	9.203	2.80	68.02	199.7	1599	2	101.4	19.9	0.703	1.0	-0.22	2.74	1.00	0.00	0.16	111115
33	"17:10:42"	4033.5	0	10.9	0.358	306	2.96	0.933	16.35	6	1.42	1	2.84	11.61	16.35	10.03	400.39	364.46	0.379	9.203	2.80	68.02	199.7	1599	2	101.4	19.9	0.703	1.0	-0.22	2.74	1.00	0.00	0.16	111115
34	"17:10:43"	4034.0	0	10.9	0.358	306	2.96	0.933	16.35	6	1.42	1	2.84	11.61	16.35	10.03	400.39	364.46	0.379	9.203	2.80	68.02	199.7	1599	2	101.4	19.9	0.703	1.0	-0.22	2.74	1.00	0.00	0.16	111115
35	"17:10:43"	4034.5	0	10.9	0.358	306	2.96	0.933	16.35	6	1.42	1	2.84	11.61	16.35	10.03	400.39	364.45	0.378	9.204	2.80	68.02	199.7	1599	2	101.4	19.9	0.703	1.0	-0.22	2.74	1.00	0.00	0.16	111115
36	"17:10:44"	4035.0	0	10.9	0.358	306	2.97	0.933	16.35	6	1.42	1	2.84	11.61	16.35	10.03	400.38	364.46	0.378	9.204	2.80	68.02	199.7	1599	2	101.4	19.9	0.703	1.0	-0.22	2.74	1.00	0.00	0.16	111115
37	"17:10:44"	4035.5	0	10.9	0.358	306	2.97	0.933	16.35	6	1.42	1	2.84	11.61	16.35	10.03	400.40	364.46	0.378	9.206	2.79	68.04	199.7	1599	2	101.4	19.9	0.703	1.0	-0.22	2.74	1.00	0.00	0.16	111115
38	"17:10:45"	4036.0	0	10.9	0.358	306	2.97	0.933	16.35	6	1.42	1	2.84	11.61	16.35	10.03	400.41	364.45	0.378	9.206	2.79	68.04	199.7	1599	2	101.4	19.9	0.703	1.0	-0.22	2.74	1.00	0.00	0.16	111115
39	"17:10:46"	4036.5	0	10.9	0.358	306	2.97	0.933	16.35	6	1.42	1	2.84	11.61	16.35	10.03	400.42	364.47	0.378	9.206	2.79	68.04	199.7	1599	2	101.4	19.9	0.703	1.0	-0.22	2.74	1.00	0.00	0.16	111115
40	"17:10:46"	4037.0	0	10.9	0.358	306	2.97	0.932	16.35	6	1.42	1	2.84	11.61	16.35	10.03	400.42	364.48	0.377	9.207	2.79	68.05	199.7	1599	2	101.4	19.9	0.703	1.0	-0.22	2.74	1.00	0.00	0.16	111115
41	"17:10:47"	4037.5	0	10.9	0.358	306	2.97	0.932	16.35	6	1.42	1	2.84	11.61	16.35	10.03	400.42	364.47	0.378	9.207	2.79	68.05	199.8	1599	2	101.4	19.9	0.703	1.0	-0.22	2.74	1.00	0.00	0.16	111115
42	"17:10:47"	4038.0	0	10.9	0.359	306	2.97	0.932	16.34	6	1.42	1	2.84	11.61	16.34	10.03	400.43	364.47	0.378	9.208	2.79	68.05	199.7	1599	2	101.4	19.9	0.703	1.0	-0.22	2.74	1.00	0.00	0.16	111115
43	"17:10:48"	4039.0	0	10.9	0.359	306	2.97	0.932	16.34	6	1.42	1	2.84	11.61	16.34	10.03	400.44	364.48	0.378	9.209	2.80	68.06	199.7	1599	2	101.4	19.9	0.703	1.0	-0.22	2.74	1.00	0.00	0.16	111115
44	"17:10:48"	4039.5	0	10.9	0.359	306	2.97	0.932	16.35	6	1.42	1	2.84	11.61	16.35	10.03	400.43	364.48	0.378	9.209	2.80	68.06	199.7	1599	2	101.4	19.9	0.703	1.0	-0.22	2.74	1.00	0.00	0.16	111115
45	"17:10:49"	4040.0	0	10.9	0.358	306	2.97	0.932	16.35	6	1.42	1	2.84	11.61	16.35	10.03	400.39	364.48	0.378	9.209	2.80	68.07	199.7	1599	2	101.4	19.9	0.703	1.0	-0.22	2.74	1.00	0.00	0.16	111115
"17:10:57 Coolers: Tblock -> 15.00 C"
"17:19:40 Flow: Fixed -> 200 umol/s"
46	"17:20:03"	4594.5	0	12.1	0.379	296	3.69	1.1	19.33	6	1.42	1	2.84	16.10	19.33	15.09	398.79	358.61	0.378	11.348	2.09	62.63	199.7	1599	1	101.4	20.1	0.76	1.0	-0.22	2.74	1.00	0.00	0.16	111115
47	"17:20:03"	4595.0	0	12.1	0.38	296	3.69	1.1	19.32	6	1.42	1	2.84	16.10	19.32	15.09	398.80	358.62	0.379	11.348	2.09	62.63	199.7	1599	2	101.4	20.1	0.76	1.0	-0.22	2.74	1.00	0.00	0.16	111115
48	"17:20:04"	4595.5	0	12.1	0.38	296	3.69	1.1	19.32	6	1.42	1	2.84	16.10	19.32	15.09	398.81	358.62	0.378	11.348	2.09	62.63	199.7	1599	2	101.4	20.1	0.76	1.0	-0.22	2.74	1.00	0.00	0.16	111115
49	"17:20:04"	4596.0	0	12.1	0.38	296	3.69	1.1	19.31	6	1.42	1	2.84	16.10	19.31	15.09	398.82	358.60	0.378	11.349	2.09	62.64	199.7	1599	2	101.4	20.1	0.76	1.0	-0.22	2.74	1.00	0.00	0.16	111115
50	"17:20:05"	4596.5	0	12.1	0.381	297	3.69	1.1	19.30	6	1.42	1	2.84	16.10	19.30	15.09	398.82	358.61	0.378	11.351	2.09	62.65	199.7	1599	2	101.4	20.1	0.76	1.0	-0.22	2.74	1.00	0.00	0.16	111115
51	"17:20:06"	4597.5	0	12.1	0.383	297	3.69	1.09	19.27	6	1.42	1	2.84	16.10	19.27	15.09	398.90	358.58	0.378	11.351	2.08	62.65	199.7	1599	2	101.4	20.1	0.76	1.0	-0.22	2.74	1.00	0.00	0.16	111115
52	"17:20:06"	4598.0	0	12.1	0.383	297	3.69	1.09	19.26	6	1.42	1	2.84	16.10	19.26	15.09	398.94	358.58	0.378	11.352	2.09	62.66	199.7	1599	2	101.4	20.1	0.76	1.0	-0.22	2.74	1.00	0.00	0.16	111115
53	"17:20:06"	4598.0	0	12.1	0.383	297	3.69	1.09	19.26	6	1.42	1	2.84	16.10	19.26	15.09	398.94	358.58	0.378	11.352	2.09	62.66	199.7	1599	2	101.4	20.1	0.76	1.0	-0.22	2.74	1.00	0.00	0.16	111115
54	"17:20:07"	4598.5	0	12.1	0.384	297	3.7	1.09	19.25	6	1.42	1	2.84	16.10	19.25	15.09	398.97	358.60	0.378	11.352	2.09	62.66	199.7	1599	2	101.4	20.1	0.76	1.0	-0.22	2.74	1.00	0.00	0.16	111115
55	"17:20:08"	4599.0	0	12.1	0.384	297	3.7	1.09	19.25	6	1.42	1	2.84	16.10	19.25	15.09	398.96	358.61	0.378	11.354	2.09	62.68	199.7	1599	2	101.4	20.1	0.76	1.0	-0.22	2.74	1.00	0.00	0.16	111115
56	"17:20:08"	4599.5	0	12.1	0.384	297	3.7	1.09	19.25	6	1.42	1	2.84	16.10	19.25	15.09	398.98	358.60	0.378	11.354	2.09	62.67	199.7	1599	2	101.4	20.1	0.76	1.0	-0.22	2.74	1.00	0.00	0.16	111115
57	"17:20:09"	4600.0	0	12.1	0.384	297	3.7	1.09	19.25	6	1.42	1	2.84	16.10	19.25	15.09	398.98	358.59	0.378	11.354	2.09	62.68	199.7	1599	2	101.4	20.1	0.76	1.0	-0.22	2.74	1.00	0.00	0.16	111115
58	"17:20:09"	4600.5	0	12.1	0.384	297	3.7	1.09	19.25	6	1.42	1	2.84	16.10	19.25	15.09	398.99	358.61	0.378	11.354	2.09	62.68	199.7	1599	2	101.4	20.1	0.76	1.0	-0.22	2.74	1.00	0.00	0.16	111115
59	"17:20:10"	4601.0	0	12.1	0.384	297	3.7	1.09	19.25	6	1.42	1	2.84	16.10	19.25	15.09	398.97	358.61	0.378	11.355	2.08	62.68	199.7	1599	2	101.4	20.1	0.76	1.0	-0.22	2.74	1.00	0.00	0.16	111115
60	"17:20:10"	4601.5	0	12.1	0.384	297	3.7	1.09	19.25	6	1.42	1	2.84	16.10	19.25	15.09	398.99	358.65	0.378	11.356	2.09	62.68	199.7	1599	2	101.4	20.1	0.76	1.0	-0.22	2.74	1.00	0.00	0.16	111115
"17:20:19 Coolers: Tblock -> 20.00 C"
"17:28:51 Flow: Fixed -> 200 umol/s"
61	"17:29:08"	5140.5	0	12.9	0.398	291	4.46	1.27	21.95	6	1.42	1	2.84	20.33	21.95	19.97	398.86	355.26	0.379	13.587	1.61	57.54	199.7	1599	2	101.4	20.3	0.8	1.0	-0.22	2.74	1.00	0.00	0.16	111115
62	"17:29:09"	5141.0	0	12.9	0.398	291	4.46	1.27	21.95	6	1.42	1	2.84	20.33	21.95	19.97	398.87	355.25	0.379	13.588	1.60	57.54	199.6	1599	2	101.4	20.3	0.8	1.0	-0.22	2.74	1.00	0.00	0.16	111115
63	"17:29:10"	5141.5	0	12.9	0.398	291	4.46	1.27	21.95	6	1.42	1	2.84	20.33	21.95	19.97	398.86	355.22	0.379	13.589	1.60	57.54	199.6	1599	2	101.4	20.3	0.8	1.0	-0.22	2.74	1.00	0.00	0.16	111115
64	"17:29:10"	5142.0	0	12.9	0.399	291	4.46	1.27	21.95	6	1.42	1	2.84	20.33	21.95	19.97	398.82	355.22	0.379	13.590	1.60	57.54	199.7	1599	2	101.4	20.3	0.8	1.0	-0.22	2.74	1.00	0.00	0.16	111115
65	"17:29:10"	5142.0	0	12.9	0.399	291	4.46	1.27	21.95	6	1.42	1	2.84	20.33	21.95	19.97	398.82	355.22	0.379	13.590	1.60	57.54	199.7	1599	2	101.4	20.3	0.8	1.0	-0.22	2.74	1.00	0.00	0.16	111115
66	"17:29:11"	5142.5	0	12.9	0.399	291	4.46	1.27	21.94	6	1.42	1	2.84	20.33	21.94	19.97	398.82	355.19	0.379	13.591	1.60	57.54	199.7	1599	2	101.4	20.3	0.8	1.0	-0.22	2.74	1.00	0.00	0.16	111115
67	"17:29:11"	5143.0	0	12.9	0.399	291	4.46	1.27	21.94	6	1.42	1	2.84	20.33	21.94	19.97	398.81	355.19	0.379	13.591	1.60	57.54	199.7	1599	2	101.4	20.3	0.8	1.0	-0.22	2.74	1.00	0.00	0.16	111115
68	"17:29:12"	5143.5	0	12.9	0.399	291	4.46	1.27	21.94	6	1.42	1	2.84	20.33	21.94	19.97	398.81	355.19	0.379	13.592	1.60	57.55	199.7	1599	2	101.4	20.3	0.8	1.0	-0.22	2.74	1.00	0.00	0.16	111115
69	"17:29:13"	5144.0	0	12.9	0.399	291	4.46	1.27	21.94	6	1.42	1	2.84	20.33	21.94	19.97	398.79	355.18	0.379	13.592	1.60	57.55	199.7	1599	2	101.4	20.3	0.8	1.0	-0.22	2.74	1.00	0.00	0.16	111115
70	"17:29:13"	5144.5	0	12.9	0.399	291	4.46	1.27	21.94	6	1.42	1	2.84	20.33	21.94	19.97	398.77	355.16	0.379	13.592	1.60	57.55	199.7	1599	2	101.4	20.3	0.8	1.0	-0.22	2.74	1.00	0.00	0.16	111115
71	"17:29:14"	5145.0	0	12.9	0.399	291	4.46	1.27	21.94	6	1.42	1	2.84	20.33	21.94	19.97	398.76	355.17	0.379	13.592	1.60	57.55	199.7	1599	2	101.4	20.3	0.8	1.0	-0.22	2.74	1.00	0.00	0.16	111115
72	"17:29:14"	5145.5	0	12.9	0.399	291	4.46	1.27	21.95	6	1.42	1	2.84	20.33	21.95	19.97	398.78	355.17	0.379	13.592	1.61	57.54	199.7	1599	2	101.4	20.3	0.8	1.0	-0.22	2.74	1.00	0.00	0.16	111115
73	"17:29:15"	5146.0	0	12.9	0.399	291	4.46	1.27	21.95	6	1.42	1	2.84	20.33	21.95	19.97	398.83	355.18	0.379	13.592	1.60	57.54	199.8	1599	2	101.4	20.3	0.8	1.0	-0.22	2.74	1.00	0.00	0.16	111115
74	"17:29:15"	5146.5	0	13	0.399	290	4.46	1.27	21.95	6	1.42	1	2.84	20.33	21.95	19.97	398.87	355.18	0.379	13.593	1.60	57.55	199.8	1599	2	101.4	20.3	0.8	1.0	-0.22	2.74	1.00	0.00	0.16	111115
75	"17:29:16"	5147.5	0	13	0.399	290	4.46	1.27	21.96	6	1.42	1	2.84	20.33	21.96	19.97	398.92	355.21	0.379	13.595	1.60	57.55	199.8	1599	2	101.4	20.3	0.8	1.0	-0.22	2.74	1.00	0.00	0.16	111115
"17:29:30 Coolers: Tblock -> 25.00 C"
"17:38:09 Flow: Fixed -> 200 umol/s"
76	"17:38:36"	5707.5	0	13.6	0.406	284	5.34	1.49	24.73	6	1.42	1	2.84	24.73	24.73	25.04	399.08	352.43	0.376	16.167	1.22	52.39	199.7	1599	1	101.4	20.7	0.783	1.0	-0.22	2.74	1.00	0.00	0.16	111115
77	"17:38:36"	5707.5	0	13.6	0.406	284	5.34	1.49	24.73	6	1.42	1	2.84	24.73	24.73	25.04	399.08	352.43	0.376	16.167	1.22	52.39	199.7	1599	1	101.4	20.7	0.783	1.0	-0.22	2.74	1.00	0.00	0.16	111115
78	"17:38:37"	5708.0	0	13.7	0.406	284	5.34	1.49	24.73	6	1.42	1	2.84	24.73	24.73	25.04	399.08	352.41	0.376	16.166	1.22	52.39	199.7	1599	1	101.4	20.7	0.783	1.0	-0.22	2.74	1.00	0.00	0.16	111115
79	"17:38:38"	5708.5	0	13.7	0.406	284	5.34	1.49	24.73	6	1.42	1	2.84	24.73	24.73	25.04	399.09	352.39	0.377	16.167	1.22	52.39	199.7	1599	1	101.4	20.7	0.783	1.0	-0.22	2.74	1.00	0.00	0.16	111115
80	"17:38:38"	5709.0	0	13.6	0.406	285	5.34	1.49	24.72	6	1.42	1	2.84	24.73	24.72	25.04	399.06	352.40	0.377	16.167	1.22	52.39	199.7	1599	1	101.4	20.7	0.783	1.0	-0.22	2.74	1.00	0.00	0.16	111115
81	"17:38:39"	5709.5	0	13.7	0.406	285	5.34	1.49	24.72	6	1.42	1	2.84	24.73	24.72	25.04	399.09	352.39	0.376	16.168	1.22	52.39	199.7	1599	2	101.4	20.7	0.783	1.0	-0.22	2.74	1.00	0.00	0.16	111115
82	"17:38:39"	5710.0	0	13.7	0.407	285	5.34	1.49	24.72	6	1.42	1	2.84	24.73	24.72	25.04	399.11	352.41	0.376	16.169	1.22	52.39	199.7	1599	2	101.4	20.7	0.783	1.0	-0.22	2.74	1.00	0.00	0.16	111115
83	"17:38:40"	5710.5	0	13.7	0.407	285	5.34	1.49	24.72	6	1.42	1	2.84	24.73	24.72	25.04	399.13	352.41	0.376	16.169	1.22	52.39	199.7	1599	1	101.4	20.7	0.783	1.0	-0.22	2.74	1.00	0.00	0.16	111115
84	"17:38:40"	5711.0	0	13.7	0.407	285	5.34	1.49	24.71	6	1.42	1	2.84	24.73	24.71	25.04	399.15	352.41	0.376	16.170	1.22	52.39	199.7	1599	1	101.4	20.7	0.783	1.0	-0.22	2.74	1.00	0.00	0.16	111115
85	"17:38:41"	5711.5	0	13.7	0.407	285	5.34	1.49	24.71	6	1.42	1	2.84	24.73	24.71	25.04	399.15	352.40	0.376	16.170	1.22	52.40	199.7	1599	1	101.4	20.7	0.783	1.0	-0.22	2.74	1.00	0.00	0.16	111115
86	"17:38:41"	5712.0	0	13.7	0.407	285	5.35	1.49	24.71	6	1.42	1	2.84	24.73	24.71	25.04	399.16	352.42	0.376	16.172	1.22	52.40	199.7	1599	1	101.4	20.7	0.783	1.0	-0.22	2.74	1.00	0.00	0.16	111115
87	"17:38:42"	5713.0	0	13.7	0.407	285	5.35	1.49	24.72	6	1.42	1	2.84	24.73	24.72	25.04	399.20	352.43	0.376	16.175	1.22	52.41	199.8	1599	1	101.4	20.7	0.783	1.0	-0.22	2.74	1.00	0.00	0.16	111115
88	"17:38:42"	5713.5	0	13.7	0.407	285	5.35	1.49	24.72	6	1.42	1	2.84	24.73	24.72	25.04	399.21	352.46	0.376	16.175	1.22	52.41	199.7	1599	1	101.4	20.7	0.783	1.0	-0.22	2.74	1.00	0.00	0.16	111115
89	"17:38:43"	5714.5	0	13.7	0.407	285	5.35	1.49	24.72	6	1.42	1	2.84	24.73	24.72	25.04	399.23	352.46	0.376	16.177	1.22	52.41	199.7	1599	1	101.4	20.7	0.783	1.0	-0.22	2.74	1.00	0.00	0.16	111115
90	"17:38:44"	5716.0	0	13.7	0.407	285	5.35	1.49	24.72	6	1.42	1	2.84	24.74	24.72	25.04	399.25	352.46	0.376	16.180	1.22	52.42	199.7	1599	1	101.4	20.7	0.783	1.0	-0.22	2.74	1.00	0.00	0.16	111115
"17:38:53 Coolers: Tblock -> 30.00 C"
"17:53:15 Flow: Fixed -> 200 umol/s"
91	"17:53:31"	6603.0	0	14.4	0.439	283	6.58	1.71	27.62	6	1.42	1	2.84	29.22	27.62	30.12	400.86	350.72	0.372	19.764	0.93	49.20	199.7	1600	0	101.4	21	0.837	1.0	-0.22	2.74	1.00	0.00	0.16	111115
92	"17:53:32"	6603.5	0	14.4	0.439	283	6.58	1.71	27.62	6	1.42	1	2.84	29.22	27.62	30.12	400.85	350.73	0.372	19.763	0.93	49.19	199.7	1600	0	101.4	21	0.837	1.0	-0.22	2.74	1.00	0.00	0.16	111115
93	"17:53:32"	6603.5	0	14.4	0.439	283	6.58	1.71	27.62	6	1.42	1	2.84	29.22	27.62	30.12	400.85	350.73	0.372	19.763	0.93	49.19	199.7	1600	0	101.4	21	0.837	1.0	-0.22	2.74	1.00	0.00	0.16	111115
94	"17:53:33"	6604.0	0	14.4	0.439	283	6.58	1.71	27.62	6	1.42	1	2.84	29.22	27.62	30.12	400.84	350.71	0.372	19.763	0.93	49.19	199.7	1600	0	101.4	21	0.837	1.0	-0.22	2.74	1.00	0.00	0.16	111115
95	"17:53:33"	6604.5	0	14.4	0.439	283	6.58	1.71	27.62	6	1.42	1	2.84	29.22	27.62	30.12	400.83	350.71	0.372	19.765	0.93	49.19	199.7	1600	0	101.4	21	0.837	1.0	-0.22	2.74	1.00	0.00	0.16	111115
96	"17:53:34"	6605.0	0	14.4	0.439	283	6.58	1.71	27.61	6	1.42	1	2.84	29.22	27.61	30.12	400.83	350.72	0.372	19.765	0.92	49.19	199.7	1600	0	101.4	21	0.837	1.0	-0.22	2.74	1.00	0.00	0.16	111115
97	"17:53:34"	6605.5	0	14.4	0.439	283	6.58	1.71	27.61	6	1.42	1	2.84	29.22	27.61	30.12	400.83	350.71	0.372	19.765	0.93	49.19	199.6	1600	0	101.4	21	0.837	1.0	-0.22	2.74	1.00	0.00	0.16	111115
98	"17:53:35"	6606.0	0	14.4	0.439	283	6.58	1.7	27.61	6	1.42	1	2.84	29.22	27.61	30.12	400.83	350.73	0.372	19.765	0.93	49.19	199.7	1600	0	101.4	21	0.837	1.0	-0.22	2.74	1.00	0.00	0.16	111115
99	"17:53:36"	6607.0	0	14.4	0.44	283	6.58	1.7	27.61	6	1.42	1	2.84	29.22	27.61	30.12	400.85	350.73	0.372	19.767	0.93	49.20	199.7	1600	0	101.4	21	0.837	1.0	-0.22	2.74	1.00	0.00	0.16	111115
100	"17:53:36"	6607.5	0	14.4	0.44	283	6.58	1.7	27.61	6	1.42	1	2.84	29.22	27.61	30.12	400.87	350.72	0.372	19.768	0.92	49.20	199.7	1600	1	101.4	21	0.837	1.0	-0.22	2.74	1.00	0.00	0.16	111115
101	"17:53:37"	6608.0	0	14.4	0.44	283	6.59	1.7	27.60	6	1.42	1	2.84	29.22	27.60	30.12	400.87	350.75	0.371	19.769	0.92	49.21	199.7	1600	1	101.4	21	0.837	1.0	-0.22	2.74	1.00	0.00	0.16	111115
102	"17:53:37"	6608.5	0	14.4	0.44	283	6.59	1.7	27.61	6	1.42	1	2.84	29.22	27.61	30.11	400.90	350.76	0.371	19.771	0.92	49.21	199.7	1600	1	101.4	21	0.837	1.0	-0.22	2.74	1.00	0.00	0.16	111115
103	"17:53:38"	6609.0	0	14.4	0.44	283	6.59	1.7	27.61	6	1.42	1	2.84	29.22	27.61	30.11	400.93	350.75	0.371	19.770	0.92	49.21	199.7	1600	0	101.4	21	0.837	1.0	-0.22	2.74	1.00	0.00	0.16	111115
104	"17:53:38"	6609.5	0	14.4	0.44	283	6.59	1.7	27.61	6	1.42	1	2.84	29.22	27.61	30.11	400.93	350.75	0.371	19.771	0.92	49.21	199.7	1600	0	101.4	21	0.837	1.0	-0.22	2.74	1.00	0.00	0.16	111115
105	"17:53:40"	6611.5	0	14.4	0.439	283	6.59	1.71	27.62	6	1.42	1	2.84	29.22	27.62	30.12	400.97	350.74	0.370	19.772	0.92	49.22	199.7	1600	0	101.4	21	0.837	1.0	-0.22	2.74	1.00	0.00	0.16	111115
"17:53:48 Coolers: Tblock -> 35.00 C"
"18:08:44 Flow: Fixed -> 200 umol/s"
106	"18:09:01"	7532.5	0	14.8	0.499	284	8.12	1.88	30.27	6	1.42	1	2.84	33.55	30.27	35.00	400.65	347.71	0.369	24.181	0.72	47.07	199.6	1600	0	101.4	21.3	0.84	1.0	-0.22	2.74	1.00	0.00	0.16	111115
107	"18:09:01"	7533.0	0	14.8	0.499	284	8.12	1.87	30.27	6	1.42	1	2.84	33.55	30.27	34.99	400.64	347.73	0.368	24.181	0.72	47.07	199.6	1600	0	101.4	21.3	0.84	1.0	-0.22	2.74	1.00	0.00	0.16	111115
108	"18:09:01"	7533.0	0	14.8	0.499	284	8.12	1.87	30.27	6	1.42	1	2.84	33.55	30.27	34.99	400.64	347.73	0.368	24.181	0.72	47.07	199.6	1600	0	101.4	21.3	0.84	1.0	-0.22	2.74	1.00	0.00	0.16	111115
109	"18:09:02"	7533.5	0	14.8	0.499	284	8.12	1.87	30.27	6	1.42	1	2.84	33.55	30.27	34.99	400.66	347.72	0.368	24.180	0.72	47.07	199.6	1600	0	101.4	21.3	0.84	1.0	-0.22	2.74	1.00	0.00	0.16	111115
110	"18:09:02"	7534.0	0	14.8	0.5	284	8.12	1.87	30.26	6	1.42	1	2.84	33.55	30.26	34.99	400.67	347.72	0.368	24.180	0.72	47.06	199.6	1600	0	101.4	21.3	0.84	1.0	-0.22	2.74	1.00	0.00	0.16	111115
111	"18:09:03"	7534.5	0	14.8	0.5	284	8.12	1.87	30.26	6	1.42	1	2.84	33.55	30.26	34.99	400.65	347.71	0.367	24.179	0.71	47.06	199.6	1600	0	101.4	21.3	0.84	1.0	-0.22	2.74	1.00	0.00	0.16	111115
112	"18:09:03"	7535.0	0	14.8	0.5	284	8.12	1.87	30.26	6	1.42	1	2.84	33.55	30.26	34.99	400.69	347.71	0.367	24.179	0.71	47.07	199.6	1600	0	101.4	21.3	0.84	1.0	-0.22	2.74	1.00	0.00	0.16	111115
113	"18:09:04"	7535.5	0	14.8	0.5	284	8.12	1.87	30.25	6	1.42	1	2.84	33.55	30.25	34.99	400.67	347.71	0.367	24.178	0.71	47.07	199.6	1600	0	101.4	21.3	0.84	1.0	-0.22	2.74	1.00	0.00	0.16	111115
114	"18:09:05"	7536.0	0	14.8	0.5	284	8.12	1.87	30.25	6	1.42	1	2.84	33.55	30.25	34.99	400.69	347.71	0.367	24.176	0.71	47.06	199.6	1600	0	101.4	21.3	0.84	1.0	-0.22	2.74	1.00	0.00	0.16	111115
115	"18:09:05"	7536.5	0	14.8	0.501	284	8.12	1.87	30.25	6	1.42	1	2.84	33.55	30.25	34.99	400.69	347.68	0.366	24.175	0.71	47.06	199.6	1600	0	101.4	21.3	0.84	1.0	-0.22	2.74	1.00	0.00	0.16	111115
116	"18:09:06"	7537.0	0	14.8	0.501	284	8.12	1.87	30.25	6	1.42	1	2.84	33.55	30.25	34.99	400.73	347.66	0.366	24.175	0.71	47.06	199.6	1600	0	101.4	21.3	0.84	1.0	-0.22	2.74	1.00	0.00	0.16	111115
117	"18:09:06"	7537.5	0	14.8	0.501	284	8.12	1.87	30.25	6	1.42	1	2.84	33.55	30.25	34.99	400.70	347.66	0.366	24.175	0.71	47.06	199.7	1600	0	101.4	21.3	0.84	1.0	-0.22	2.74	1.00	0.00	0.16	111115
118	"18:09:07"	7538.0	0	14.8	0.501	284	8.12	1.87	30.25	6	1.42	1	2.84	33.55	30.25	34.99	400.70	347.67	0.367	24.175	0.71	47.06	199.7	1600	0	101.4	21.3	0.84	1.0	-0.22	2.74	1.00	0.00	0.16	111115
119	"18:09:07"	7538.5	0	14.8	0.501	284	8.12	1.87	30.25	6	1.42	1	2.84	33.55	30.25	34.99	400.71	347.67	0.367	24.176	0.71	47.07	199.7	1600	0	101.4	21.3	0.84	1.0	-0.22	2.74	1.00	0.00	0.16	111115
120	"18:09:08"	7540.0	0	14.8	0.501	284	8.12	1.87	30.24	6	1.42	1	2.84	33.55	30.24	34.99	400.67	347.68	0.367	24.176	0.71	47.07	199.7	1600	0	101.4	21.3	0.84	1.0	-0.22	2.74	1.00	0.00	0.16	111115
"18:09:16 Coolers: Tblock -> 40.00 C"
"18:22:38 Flow: Fixed -> 200 umol/s"
121	"18:22:47"	8359.0	0	14.8	0.556	286	9.62	2.02	32.46	6	1.42	1	2.84	37.97	32.46	40.06	400.49	345.92	0.368	28.448	0.56	43.42	199.6	1600	0	101.4	21.9	0.781	1.0	-0.22	2.74	1.00	0.00	0.16	111115
122	"18:22:47"	8359.0	0	14.8	0.556	286	9.62	2.02	32.46	6	1.42	1	2.84	37.97	32.46	40.06	400.49	345.92	0.368	28.448	0.56	43.42	199.6	1600	0	101.4	21.9	0.781	1.0	-0.22	2.74	1.00	0.00	0.16	111115
123	"18:22:48"	8359.0	0	14.8	0.556	286	9.62	2.02	32.46	6	1.42	1	2.84	37.97	32.46	40.06	400.49	345.92	0.368	28.448	0.56	43.42	199.6	1600	0	101.4	21.9	0.781	1.0	-0.22	2.74	1.00	0.00	0.16	111115
124	"18:22:48"	8359.5	0	14.8	0.556	286	9.62	2.02	32.46	6	1.42	1	2.84	37.97	32.46	40.06	400.47	345.94	0.368	28.449	0.56	43.41	199.6	1600	0	101.4	21.9	0.781	1.0	-0.22	2.74	1.00	0.00	0.16	111115
125	"18:22:49"	8360.0	0	14.8	0.556	286	9.62	2.02	32.46	6	1.42	1	2.84	37.97	32.46	40.06	400.48	345.95	0.368	28.448	0.56	43.41	199.6	1600	0	101.4	21.9	0.781	1.0	-0.22	2.74	1.00	0.00	0.16	111115
126	"18:22:49"	8360.5	0	14.8	0.556	286	9.62	2.02	32.46	6	1.42	1	2.84	37.97	32.46	40.06	400.47	345.93	0.367	28.448	0.56	43.41	199.6	1600	0	101.4	21.9	0.781	1.0	-0.22	2.74	1.00	0.00	0.16	111115
127	"18:22:50"	8361.0	0	14.8	0.557	286	9.62	2.01	32.46	6	1.42	1	2.84	37.97	32.46	40.06	400.50	345.92	0.367	28.449	0.56	43.41	199.6	1600	0	101.4	21.9	0.781	1.0	-0.22	2.74	1.00	0.00	0.16	111115
128	"18:22:50"	8361.5	0	14.8	0.557	286	9.62	2.01	32.45	6	1.42	1	2.84	37.97	32.45	40.06	400.50	345.93	0.367	28.452	0.56	43.42	199.6	1600	0	101.4	21.9	0.781	1.0	-0.22	2.74	1.00	0.00	0.16	111115
129	"18:22:51"	8362.0	0	14.8	0.557	286	9.62	2.01	32.45	6	1.42	1	2.84	37.97	32.45	40.06	400.49	345.97	0.367	28.452	0.56	43.42	199.6	1600	0	101.4	21.9	0.781	1.0	-0.22	2.74	1.00	0.00	0.16	111115
130	"18:22:51"	8362.5	0	14.8	0.558	286	9.62	2.01	32.45	6	1.42	1	2.84	37.97	32.45	40.06	400.49	345.95	0.367	28.451	0.56	43.42	199.6	1600	0	101.4	21.9	0.781	1.0	-0.22	2.74	1.00	0.00	0.16	111115
131	"18:22:52"	8363.0	0	14.8	0.558	286	9.62	2.01	32.44	6	1.42	1	2.84	37.97	32.44	40.06	400.52	345.96	0.367	28.453	0.56	43.42	199.6	1600	0	101.4	21.9	0.781	1.0	-0.22	2.74	1.00	0.00	0.16	111115
132	"18:22:53"	8363.5	0	14.8	0.558	286	9.62	2.01	32.44	6	1.42	1	2.84	37.97	32.44	40.06	400.56	345.93	0.367	28.452	0.56	43.42	199.6	1600	0	101.4	21.9	0.781	1.0	-0.22	2.74	1.00	0.00	0.16	111115
133	"18:22:53"	8364.5	0	14.9	0.558	286	9.62	2.01	32.44	6	1.42	1	2.84	37.97	32.44	40.06	400.64	345.93	0.367	28.454	0.56	43.42	199.7	1600	0	101.4	21.9	0.781	1.0	-0.22	2.74	1.00	0.00	0.16	111115
134	"18:22:54"	8365.0	0	14.9	0.558	286	9.62	2.01	32.45	6	1.42	1	2.84	37.97	32.45	40.06	400.63	345.96	0.367	28.454	0.56	43.42	199.7	1600	0	101.4	21.9	0.781	1.0	-0.22	2.74	1.00	0.00	0.16	111115
135	"18:22:54"	8365.5	0	14.9	0.558	286	9.62	2.01	32.45	6	1.42	1	2.84	37.97	32.45	40.06	400.62	345.96	0.367	28.455	0.56	43.42	199.6	1600	0	101.4	21.9	0.781	1.0	-0.22	2.74	1.00	0.00	0.16	111115
"18:23:02 Coolers: Tblock -> 45.00 C"
"18:35:03 Flow: Fixed -> 200 umol/s"
136	"18:35:23"	9114.0	0	14.4	0.634	290	11.5	2.14	34.70	6	1.42	1	2.84	42.54	34.70	45.13	399.72	344.55	0.367	33.645	0.44	40.24	199.7	1599	0	101.4	22.4	0.693	1.0	-0.22	2.74	1.00	0.00	0.16	111115
137	"18:35:23"	9114.0	0	14.4	0.634	290	11.5	2.14	34.70	6	1.42	1	2.84	42.54	34.70	45.13	399.72	344.55	0.367	33.645	0.44	40.24	199.7	1599	0	101.4	22.4	0.693	1.0	-0.22	2.74	1.00	0.00	0.16	111115
138	"18:35:23"	9114.5	0	14.4	0.634	290	11.5	2.14	34.70	6	1.42	1	2.84	42.54	34.70	45.13	399.74	344.56	0.367	33.647	0.44	40.24	199.7	1599	0	101.4	22.4	0.693	1.0	-0.22	2.74	1.00	0.00	0.16	111115
139	"18:35:24"	9115.0	0	14.4	0.634	290	11.5	2.14	34.70	6	1.42	1	2.84	42.54	34.70	45.13	399.77	344.56	0.367	33.648	0.44	40.24	199.7	1599	0	101.4	22.4	0.693	1.0	-0.22	2.74	1.00	0.00	0.16	111115
140	"18:35:25"	9116.5	0	14.4	0.634	290	11.5	2.14	34.70	6	1.42	1	2.84	42.54	34.70	45.13	399.81	344.55	0.366	33.656	0.44	40.25	199.7	1599	0	101.4	22.4	0.693	1.0	-0.22	2.74	1.00	0.00	0.16	111115
141	"18:35:26"	9117.5	0	14.4	0.635	290	11.5	2.14	34.69	6	1.42	1	2.84	42.54	34.69	45.13	399.78	344.55	0.366	33.653	0.44	40.24	199.7	1599	0	101.4	22.4	0.693	1.0	-0.22	2.74	1.00	0.00	0.16	111115
142	"18:35:26"	9117.5	0	14.4	0.635	290	11.5	2.14	34.69	6	1.42	1	2.84	42.54	34.69	45.13	399.78	344.55	0.366	33.653	0.44	40.24	199.7	1599	0	101.4	22.4	0.693	1.0	-0.22	2.74	1.00	0.00	0.16	111115
143	"18:35:27"	9118.0	0	14.4	0.635	290	11.5	2.14	34.69	6	1.42	1	2.84	42.54	34.69	45.13	399.80	344.56	0.366	33.654	0.44	40.24	199.7	1600	0	101.4	22.4	0.693	1.0	-0.22	2.74	1.00	0.00	0.16	111115
144	"18:35:27"	9118.5	0	14.4	0.636	290	11.5	2.14	34.69	6	1.42	1	2.84	42.54	34.69	45.13	399.78	344.56	0.366	33.655	0.44	40.24	199.7	1600	0	101.4	22.4	0.693	1.0	-0.22	2.74	1.00	0.00	0.16	111115
145	"18:35:28"	9119.0	0	14.4	0.636	290	11.5	2.14	34.68	6	1.42	1	2.84	42.54	34.68	45.13	399.75	344.55	0.365	33.655	0.44	40.24	199.7	1600	0	101.4	22.4	0.693	1.0	-0.22	2.74	1.00	0.00	0.16	111115
146	"18:35:29"	9120.5	0	14.4	0.636	290	11.5	2.14	34.68	6	1.42	1	2.84	42.54	34.68	45.13	399.68	344.55	0.365	33.650	0.44	40.24	199.7	1600	0	101.4	22.4	0.693	1.0	-0.22	2.74	1.00	0.00	0.16	111115
147	"18:35:29"	9120.5	0	14.4	0.636	290	11.5	2.14	34.68	6	1.42	1	2.84	42.54	34.68	45.13	399.68	344.55	0.365	33.650	0.44	40.24	199.7	1600	0	101.4	22.4	0.693	1.0	-0.22	2.74	1.00	0.00	0.16	111115
148	"18:35:30"	9121.0	0	14.4	0.637	290	11.5	2.14	34.68	6	1.42	1	2.84	42.54	34.68	45.13	399.69	344.55	0.365	33.651	0.44	40.24	199.7	1600	0	101.4	22.4	0.693	1.0	-0.22	2.74	1.00	0.00	0.16	111115
149	"18:35:30"	9121.5	0	14.4	0.637	291	11.5	2.14	34.68	6	1.42	1	2.84	42.54	34.68	45.13	399.70	344.56	0.364	33.651	0.44	40.24	199.7	1600	0	101.4	22.4	0.693	1.0	-0.22	2.74	1.00	0.00	0.16	111115
150	"18:35:32"	9123.0	0	14.4	0.637	291	11.5	2.14	34.68	6	1.42	1	2.84	42.54	34.68	45.13	399.71	344.58	0.364	33.654	0.44	40.24	199.7	1600	0	101.4	22.4	0.693	1.0	-0.22	2.74	1.00	0.00	0.16	111115
"18:35:40 Coolers: Tblock -> 50.00 C"
"18:47:20 Flow: Fixed -> 200 umol/s"
151	"18:47:42"	9854.0	0	13.4	0.722	297	13.1	2.19	36.25	6	1.42	1	2.84	46.63	36.25	49.80	398.79	344.93	0.366	38.115	0.35	36.88	199.7	1599	0	101.4	22.9	0.532	1.0	-0.22	2.74	1.00	0.00	0.16	111115
152	"18:47:43"	9854.0	0	13.4	0.722	297	13.1	2.19	36.25	6	1.42	1	2.84	46.63	36.25	49.80	398.79	344.93	0.366	38.115	0.35	36.88	199.7	1599	0	101.4	22.9	0.532	1.0	-0.22	2.74	1.00	0.00	0.16	111115
153	"18:47:43"	9854.5	0	13.4	0.722	297	13.1	2.19	36.26	6	1.42	1	2.84	46.63	36.26	49.80	398.79	344.92	0.366	38.115	0.35	36.89	199.7	1599	0	101.4	22.9	0.532	1.0	-0.22	2.74	1.00	0.00	0.16	111115
154	"18:47:44"	9855.0	0	13.4	0.722	297	13.1	2.19	36.26	6	1.42	1	2.84	46.63	36.26	49.80	398.78	344.89	0.366	38.116	0.35	36.88	199.7	1599	0	101.4	22.9	0.532	1.0	-0.22	2.74	1.00	0.00	0.16	111115
155	"18:47:44"	9855.5	0	13.4	0.722	297	13.1	2.19	36.25	6	1.42	1	2.84	46.63	36.25	49.80	398.78	344.90	0.366	38.116	0.35	36.88	199.7	1600	0	101.4	22.9	0.532	1.0	-0.22	2.74	1.00	0.00	0.16	111115
156	"18:47:45"	9856.0	0	13.4	0.722	297	13.1	2.19	36.25	6	1.42	1	2.84	46.63	36.25	49.80	398.79	344.90	0.366	38.116	0.35	36.89	199.7	1599	0	101.4	22.9	0.532	1.0	-0.22	2.74	1.00	0.00	0.16	111115
157	"18:47:45"	9856.5	0	13.4	0.723	297	13.1	2.19	36.25	6	1.42	1	2.84	46.63	36.25	49.80	398.79	344.91	0.366	38.117	0.35	36.89	199.7	1600	0	101.4	22.9	0.532	1.0	-0.22	2.74	1.00	0.00	0.16	111115
158	"18:47:46"	9857.0	0	13.4	0.723	297	13.1	2.19	36.25	6	1.42	1	2.84	46.63	36.25	49.80	398.81	344.90	0.366	38.118	0.35	36.89	199.7	1600	0	101.4	22.9	0.532	1.0	-0.22	2.74	1.00	0.00	0.16	111115
159	"18:47:48"	9859.5	0	13.5	0.725	297	13.1	2.18	36.24	6	1.42	1	2.84	46.63	36.24	49.80	398.91	344.94	0.365	38.122	0.35	36.89	199.7	1599	0	101.4	22.9	0.532	1.0	-0.22	2.74	1.00	0.00	0.16	111115
160	"18:47:48"	9859.5	0	13.5	0.725	297	13.1	2.18	36.24	6	1.42	1	2.84	46.63	36.24	49.80	398.91	344.94	0.365	38.122	0.35	36.89	199.7	1599	0	101.4	22.9	0.532	1.0	-0.22	2.74	1.00	0.00	0.16	111115
161	"18:47:49"	9860.0	0	13.5	0.726	297	13.1	2.18	36.23	6	1.42	1	2.84	46.63	36.23	49.80	398.93	344.91	0.366	38.121	0.35	36.89	199.7	1600	0	101.4	22.9	0.532	1.0	-0.22	2.74	1.00	0.00	0.16	111115
162	"18:47:49"	9860.5	0	13.5	0.726	297	13.1	2.18	36.23	6	1.42	1	2.84	46.63	36.23	49.80	398.93	344.90	0.365	38.121	0.35	36.89	199.7	1599	0	101.4	22.9	0.532	1.0	-0.22	2.74	1.00	0.00	0.16	111115
163	"18:47:50"	9862.0	0	13.4	0.727	298	13.1	2.18	36.22	6	1.42	1	2.84	46.63	36.22	49.79	398.85	344.94	0.366	38.122	0.35	36.89	199.7	1599	0	101.4	22.9	0.532	1.0	-0.22	2.74	1.00	0.00	0.16	111115
164	"18:47:51"	9862.0	0	13.4	0.727	298	13.1	2.18	36.22	6	1.42	1	2.84	46.63	36.22	49.79	398.85	344.94	0.366	38.122	0.35	36.89	199.7	1599	0	101.4	22.9	0.532	1.0	-0.22	2.74	1.00	0.00	0.16	111115
165	"18:47:52"	9863.0	0	13.4	0.726	298	13.1	2.18	36.23	6	1.42	1	2.84	46.63	36.23	49.79	398.85	344.97	0.366	38.124	0.35	36.89	199.7	1599	0	101.4	22.9	0.532	1.0	-0.22	2.74	1.00	0.00	0.16	111115
"18:48:02 Coolers: Tblock -> 20.00 C"
