"OPEN 6.2.5"
"Thr Feb 10 2022 12:03:11"
<open><version>"6.2.5"</version></open>
<open><configfile>"/User/Configs/UserPrefs/2x3 LED.xml"</configfile></open>
<open><light><source>"6400-02 or -02B LED Source"</source><par_in>1<sensor>"SI-3989"<cal>-0.92<actinity>1.00</actinity><transm>1.00</transm></cal></sensor><transm>1</transm></par_in><par_out>1<sensor>"Q50937"<cal>6.45</cal></sensor></par_out></light></open>
<open><comps><file>"/User/Configs/Comps/StdComps_6.2"<header>""</header><extras></extras></file><energybal>no<f_parIn>1</f_parIn><f_parOut>0</f_parOut><alphaK>0.16</alphaK></energybal><bc_total>2.840<stomatal_ratio>1</stomatal_ratio><bc_oneside>1.420<type>2</type><table>"/Sys/Lib/StdBLCTable"</table><area>6</area><slope>-0.219565</slope><offset>2.73739</offset><fan>5</fan></bc_oneside></bc_total></comps></open>
<open><prompts><onlog>off</onlog><items>"Default (none)"</items></prompts></open>
<open><constants><oxygen>21 %</oxygen><bb_vapor>1.5</bb_vapor><bb_oxy>0.9</bb_oxy></constants></open>
<open><stability><items>"Std Stability"<items[1]><id>-2</id><size>15</size><pcv><onoff>0</onoff><value>1</value></pcv><std><onoff>0</onoff><value>1</value></std><slp><onoff>1</onoff><value>1</value></slp></items[1]><items[2]><id>-5</id><size>15</size><pcv><onoff>0</onoff><value>1</value></pcv><std><onoff>0</onoff><value>1</value></std><slp><onoff>1</onoff><value>1</value></slp></items[2]><items[3]><id>-7</id><size>15</size><pcv><onoff>0</onoff><value>1</value></pcv><std><onoff>0</onoff><value>1</value></std><slp><onoff>1</onoff><value>1</value></slp></items[3]></items></stability></open>
<open><log><format>"StdLogFmt_6.0"<items>{ -35 -21 -36 -76 30 23 36 21 25 221 -33 111 -34 11 -9 -10 -8 -1 -2 -4 -5 -14 -15 -7 -12 -13 -11 -65 -66 -72 -18 -19 -77 -78 -79 -23  }<hdr>{  }</hdr></items></format><options><beep>on</beep><hdr>normal</hdr><rem>normal</rem><stab>no</stab><stats>no<mean>no</mean><file>no</file><period>15</period></stats><excel>yes</excel><controls>yes</controls><comm>no</comm></options><datafile>"/User/jcg_gash_7"</datafile><button><action>"Normal Log"<code>" LogOneObsManual "</code></action></button><autoprog>"/User/Configs/AutoProgs/AutoLog2"<active>no</active></autoprog></log></open>
<open><a2d><avgtime>4.0 secs</avgtime><userchans><ch20>"Off"</ch20><ch21>"Off"</ch21><ch22>"Off"</ch22><ch23>"Off"</ch23></userchans></a2d></open>
<open><matching><type>0</type><disp>'a'</disp><settings><CO2Limit>10.0</CO2Limit><H2OLimit>1.0</H2OLimit><MaxAutoTime>60</MaxAutoTime></settings></matching></open>
<li6400><factory><unit>"PSC-4076"</unit><serviced>"31 Mar 2014"</serviced><fuseaware>0</fuseaware><co2mixer>yes</co2mixer><co2><coeffs>{ 0 0.215349 2.57678e-05 1.9763e-08 -3.21542e-12 3.03737e-16  }</coeffs><dvdt>-2.8</dvdt><xs>{ 0.0005 0.0003  }</xs></co2><h2o><coeffs>{ 0 0.00579256 2.19235e-06 9.06457e-12  }</coeffs><dvdt>-1</dvdt><xs>{ -0.0026 0.0003  }</xs></h2o><flow>{ 0 0.3607  }</flow><press>{ 88.32 0.00555  }</press></factory></li6400>
<li6400><user><flow_zero>-1560.7</flow_zero><irga_zero><co2>-312.6 -351.6<at>29.8235</at></co2><h2o>-156.6 77.4<at>31.0407</at></h2o></irga_zero><irga_span><co2>{ 0.988788 0.993555  }</co2><h2o>{ 0.996032 0.996401  }</h2o></irga_span><irga_match><co2>{ -1.32399 20.8079  }</co2><h2o>{ -0.104692 0.668302  }</h2o></irga_match><co2_mixer><pump_mv>4500</pump_mv><ppm>{ 2185.36 1052.7 419.509 255.894 118.056 69.8071 46.8351 46.4167  }</ppm><mv>{ 5000 3000 1500 1000 500 300 200 100  }</mv></co2_mixer><parin_offset>-0.0908794</parin_offset><led_cal><unit>"SI-3989"</unit><mv>{ 10 25 50 100 1000 2000 3000 4000 5000  }</mv><qntm>{ 5.41353 17.8999 38.6356 86.3019 941.421 1838.37 2690.41 3508.95 4284.65  }</qntm></led_cal><lcf_cal><unit>"unknown"</unit><red><mv>{ 50 100 500 1000 1500 5000  }</mv><qntm>{ 50 100 500 1000 2000 5000  }</qntm></red><blue><mv>{ 100 200 500 1000 2000 5000  }</mv><qntm>{ 10 20 50 100 200 500  }</qntm></blue></lcf_cal></user></li6400>
"12:03:13 "
$STARTOFDATA$
"Obs"	"HHMMSS"	"FTime"	"EBal?"	"Photo"	"Cond"	"Ci"	"Trmmol"	"VpdL"	"CTleaf"	"Area"	"BLC_1"	"StmRat"	"BLCond"	"Tair"	"Tleaf"	"TBlk"	"CO2R"	"CO2S"	"H2OR"	"H2OS"	"RH_R"	"RH_S"	"Flow"	"PARi"	"PARo"	"Press"	"CsMch"	"HsMch"	"StableF"	"BLCslope"	"BLCoffst"	"f_parin"	"f_parout"	"alphaK"	"Status"
"12:04:06 Coolers: Tblock -> 0.00 C"
"12:26:22 Flow: Fixed -> 200 umol/s"
"12:30:51 Coolers: Tblock -> 15.00 C"
"12:45:52 Flow: Fixed -> 200 umol/s"
1	"12:46:27"	2606.5	0	4.04	0.0471	239	0.819	1.78	19.81	6	1.42	1	2.84	16.33	19.81	15.09	400.27	387.17	2.858	5.304	15.64	29.03	199.7	1599	0	102	20.3	0.653	1.0	-0.22	2.74	1.00	0.00	0.16	111115
2	"12:46:28"	2607.5	0	4.03	0.0471	239	0.819	1.78	19.80	6	1.42	1	2.84	16.33	19.80	15.09	400.28	387.21	2.858	5.306	15.64	29.03	199.7	1599	0	102	20.3	0.653	1.0	-0.22	2.74	1.00	0.00	0.16	111115
3	"12:46:28"	2608.0	0	4.02	0.0471	240	0.819	1.78	19.81	6	1.42	1	2.84	16.33	19.81	15.09	400.26	387.22	2.858	5.305	15.64	29.03	199.7	1599	0	102	20.3	0.653	1.0	-0.22	2.74	1.00	0.00	0.16	111115
4	"12:46:29"	2609.0	0	4.04	0.0471	239	0.819	1.78	19.81	6	1.42	1	2.84	16.33	19.81	15.09	400.29	387.21	2.858	5.306	15.64	29.03	199.7	1599	0	102	20.3	0.653	1.0	-0.22	2.74	1.00	0.00	0.16	111115
5	"12:46:30"	2610.0	0	4.04	0.0471	239	0.82	1.78	19.81	6	1.42	1	2.84	16.33	19.81	15.09	400.28	387.20	2.858	5.307	15.63	29.04	199.7	1599	0	102	20.3	0.653	1.0	-0.22	2.74	1.00	0.00	0.16	111115
6	"12:46:31"	2610.5	0	4.02	0.0472	240	0.82	1.78	19.81	6	1.42	1	2.84	16.33	19.81	15.09	400.24	387.22	2.857	5.309	15.63	29.04	199.7	1600	0	102	20.3	0.653	1.0	-0.22	2.74	1.00	0.00	0.16	111115
7	"12:46:32"	2611.5	0	4.03	0.0471	240	0.82	1.78	19.80	6	1.42	1	2.84	16.33	19.80	15.09	400.27	387.21	2.857	5.307	15.63	29.03	199.7	1600	0	102	20.3	0.653	1.0	-0.22	2.74	1.00	0.00	0.16	111115
8	"12:46:33"	2612.5	0	4.06	0.0472	239	0.82	1.78	19.80	6	1.42	1	2.84	16.33	19.80	15.09	400.32	387.17	2.857	5.307	15.63	29.04	199.7	1599	0	102	20.3	0.653	1.0	-0.22	2.74	1.00	0.00	0.16	111115
9	"12:46:33"	2613.0	0	4.05	0.0472	239	0.82	1.78	19.80	6	1.42	1	2.84	16.33	19.80	15.09	400.33	387.20	2.856	5.307	15.63	29.04	199.7	1599	0	102	20.3	0.653	1.0	-0.22	2.74	1.00	0.00	0.16	111115
10	"12:46:34"	2614.0	0	4.02	0.0472	240	0.82	1.78	19.80	6	1.42	1	2.84	16.33	19.80	15.09	400.28	387.25	2.857	5.307	15.64	29.04	199.7	1599	0	102	20.3	0.653	1.0	-0.22	2.74	1.00	0.00	0.16	111115
11	"12:46:35"	2615.0	0	4.01	0.0472	241	0.82	1.78	19.80	6	1.42	1	2.84	16.33	19.80	15.09	400.27	387.28	2.857	5.308	15.63	29.04	199.7	1599	0	102	20.3	0.653	1.0	-0.22	2.74	1.00	0.00	0.16	111115
12	"12:46:36"	2615.5	0	4.02	0.0472	240	0.82	1.78	19.80	6	1.42	1	2.84	16.33	19.80	15.09	400.28	387.24	2.857	5.308	15.63	29.04	199.7	1599	0	102	20.3	0.653	1.0	-0.22	2.74	1.00	0.00	0.16	111115
13	"12:46:37"	2616.5	0	4	0.0471	241	0.82	1.78	19.81	6	1.42	1	2.84	16.33	19.81	15.09	400.26	387.28	2.857	5.307	15.63	29.04	199.7	1599	0	102	20.3	0.653	1.0	-0.22	2.74	1.00	0.00	0.16	111115
14	"12:46:38"	2617.5	0	4	0.0472	241	0.821	1.78	19.81	6	1.42	1	2.84	16.33	19.81	15.09	400.25	387.27	2.857	5.309	15.63	29.05	199.7	1599	0	102	20.3	0.653	1.0	-0.22	2.74	1.00	0.00	0.16	111115
15	"12:46:38"	2618.0	0	4.01	0.0472	240	0.821	1.78	19.81	6	1.42	1	2.84	16.33	19.81	15.09	400.27	387.26	2.857	5.308	15.63	29.05	199.7	1599	0	102	20.3	0.653	1.0	-0.22	2.74	1.00	0.00	0.16	111115
"12:46:45 Coolers: Tblock -> 19.00 C"
"13:00:22 Flow: Fixed -> 200 umol/s"
16	"13:00:45"	3464.5	0	4.14	0.0505	242	1.01	2.03	22.24	6	1.42	1	2.84	19.67	22.24	18.99	399.34	385.73	3.457	6.462	15.33	28.65	199.7	1600	0	102	20.6	0.696	1.0	-0.22	2.74	1.00	0.00	0.16	111115
17	"13:00:46"	3465.0	0	4.16	0.0506	242	1.01	2.03	22.23	6	1.42	1	2.84	19.67	22.23	18.99	399.41	385.75	3.457	6.462	15.33	28.65	199.7	1600	0	102	20.6	0.696	1.0	-0.22	2.74	1.00	0.00	0.16	111115
18	"13:00:46"	3465.5	0	4.18	0.0506	241	1.01	2.03	22.23	6	1.42	1	2.84	19.67	22.23	18.99	399.45	385.73	3.457	6.462	15.33	28.65	199.7	1600	0	102	20.6	0.696	1.0	-0.22	2.74	1.00	0.00	0.16	111115
19	"13:00:47"	3466.5	0	4.19	0.0506	241	1.01	2.03	22.22	6	1.42	1	2.84	19.67	22.22	18.99	399.49	385.75	3.457	6.463	15.33	28.66	199.7	1600	0	102	20.6	0.696	1.0	-0.22	2.74	1.00	0.00	0.16	111115
20	"13:00:48"	3467.0	0	4.2	0.0506	241	1.01	2.03	22.21	6	1.42	1	2.84	19.67	22.21	18.99	399.53	385.73	3.457	6.462	15.33	28.65	199.7	1600	0	102	20.6	0.696	1.0	-0.22	2.74	1.00	0.00	0.16	111115
21	"13:00:49"	3468.0	0	4.25	0.0507	239	1.01	2.03	22.20	6	1.42	1	2.84	19.67	22.20	18.99	399.61	385.68	3.456	6.461	15.33	28.65	199.7	1600	0	102	20.6	0.696	1.0	-0.22	2.74	1.00	0.00	0.16	111115
22	"13:00:49"	3468.5	0	4.26	0.0507	239	1.01	2.03	22.20	6	1.42	1	2.84	19.67	22.20	18.99	399.65	385.67	3.456	6.461	15.33	28.65	199.7	1600	0	102	20.6	0.696	1.0	-0.22	2.74	1.00	0.00	0.16	111115
23	"13:00:50"	3469.0	0	4.27	0.0507	239	1.01	2.03	22.20	6	1.42	1	2.84	19.67	22.20	18.99	399.65	385.66	3.456	6.461	15.33	28.65	199.7	1600	0	102	20.6	0.696	1.0	-0.22	2.74	1.00	0.00	0.16	111115
24	"13:00:51"	3470.0	0	4.26	0.0506	239	1.01	2.03	22.21	6	1.42	1	2.84	19.67	22.21	18.99	399.64	385.67	3.457	6.460	15.33	28.65	199.7	1600	0	102	20.6	0.696	1.0	-0.22	2.74	1.00	0.00	0.16	111115
25	"13:00:51"	3470.5	0	4.22	0.0506	240	1.01	2.03	22.21	6	1.42	1	2.84	19.67	22.21	18.99	399.54	385.69	3.457	6.459	15.33	28.65	199.7	1600	0	102	20.6	0.696	1.0	-0.22	2.74	1.00	0.00	0.16	111115
26	"13:00:52"	3471.5	0	4.06	0.0507	245	1.01	2.03	22.21	6	1.42	1	2.84	19.67	22.21	18.99	399.11	385.74	3.457	6.460	15.33	28.65	199.7	1600	0	102	20.6	0.696	1.0	-0.22	2.74	1.00	0.00	0.16	111115
27	"13:00:53"	3472.0	0	3.98	0.0507	248	1.01	2.03	22.21	6	1.42	1	2.84	19.67	22.21	18.99	398.89	385.78	3.458	6.460	15.34	28.66	199.8	1600	0	102	20.6	0.696	1.0	-0.22	2.74	1.00	0.00	0.16	111115
28	"13:00:53"	3472.5	0	3.89	0.0506	251	1.01	2.03	22.20	6	1.42	1	2.84	19.67	22.20	18.99	398.64	385.80	3.458	6.459	15.34	28.65	199.7	1600	0	102	20.6	0.696	1.0	-0.22	2.74	1.00	0.00	0.16	111115
29	"13:00:54"	3473.5	0	3.76	0.0507	255	1.01	2.03	22.20	6	1.42	1	2.84	19.67	22.20	18.99	398.29	385.84	3.458	6.460	15.34	28.66	199.7	1600	0	102	20.6	0.696	1.0	-0.22	2.74	1.00	0.00	0.16	111115
30	"13:00:55"	3474.0	0	3.72	0.0507	256	1.01	2.03	22.20	6	1.42	1	2.84	19.67	22.20	18.99	398.18	385.84	3.457	6.460	15.34	28.66	199.7	1600	0	102	20.6	0.696	1.0	-0.22	2.74	1.00	0.00	0.16	111115
"13:01:02 Coolers: Tblock -> 23.00 C"
"13:20:26 Flow: Fixed -> 200 umol/s"
31	"13:21:24"	4703.5	0	4.2	0.0485	233	1.14	2.38	24.78	6	1.42	1	2.84	23.21	24.78	23.09	399.69	385.76	3.996	7.385	14.26	26.36	199.7	1600	0	102	20.8	0.721	1.0	-0.22	2.74	1.00	0.00	0.16	111115
32	"13:21:25"	4704.0	0	4.23	0.0485	233	1.14	2.38	24.78	6	1.42	1	2.84	23.21	24.78	23.09	399.75	385.74	3.995	7.385	14.26	26.36	199.7	1600	0	102	20.8	0.721	1.0	-0.22	2.74	1.00	0.00	0.16	111115
33	"13:21:25"	4705.0	0	4.27	0.0485	231	1.14	2.38	24.77	6	1.42	1	2.84	23.21	24.77	23.09	399.88	385.74	3.995	7.384	14.26	26.36	199.7	1600	0	102	20.8	0.721	1.0	-0.22	2.74	1.00	0.00	0.16	111115
34	"13:21:26"	4705.5	0	4.27	0.0485	231	1.14	2.38	24.77	6	1.42	1	2.84	23.21	24.77	23.09	399.90	385.75	3.995	7.385	14.26	26.36	199.7	1600	0	102	20.8	0.721	1.0	-0.22	2.74	1.00	0.00	0.16	111115
35	"13:21:27"	4706.5	0	4.28	0.0485	231	1.14	2.38	24.77	6	1.42	1	2.84	23.21	24.77	23.09	399.92	385.75	3.996	7.385	14.26	26.36	199.7	1600	0	102	20.8	0.721	1.0	-0.22	2.74	1.00	0.00	0.16	111115
36	"13:21:28"	4707.0	0	4.26	0.0485	231	1.14	2.38	24.77	6	1.42	1	2.84	23.21	24.77	23.09	399.86	385.74	3.996	7.384	14.26	26.36	199.7	1600	0	102	20.8	0.721	1.0	-0.22	2.74	1.00	0.00	0.16	111115
37	"13:21:28"	4708.0	0	4.25	0.0485	232	1.14	2.38	24.77	6	1.42	1	2.84	23.21	24.77	23.09	399.82	385.74	3.996	7.385	14.26	26.36	199.7	1600	0	102	20.8	0.721	1.0	-0.22	2.74	1.00	0.00	0.16	111115
38	"13:21:29"	4708.5	0	4.23	0.0485	232	1.14	2.38	24.77	6	1.42	1	2.84	23.21	24.77	23.09	399.79	385.76	3.996	7.385	14.26	26.36	199.7	1600	0	102	20.8	0.721	1.0	-0.22	2.74	1.00	0.00	0.16	111115
39	"13:21:30"	4709.5	0	4.21	0.0485	233	1.14	2.38	24.77	6	1.42	1	2.84	23.21	24.77	23.09	399.73	385.76	3.995	7.384	14.26	26.36	199.7	1600	0	102	20.8	0.721	1.0	-0.22	2.74	1.00	0.00	0.16	111115
40	"13:21:31"	4710.0	0	4.21	0.0485	233	1.14	2.38	24.77	6	1.42	1	2.84	23.21	24.77	23.09	399.72	385.75	3.996	7.384	14.26	26.35	199.7	1600	0	102	20.8	0.721	1.0	-0.22	2.74	1.00	0.00	0.16	111115
41	"13:21:31"	4711.0	0	4.2	0.0485	233	1.14	2.38	24.78	6	1.42	1	2.84	23.21	24.78	23.09	399.71	385.78	3.995	7.384	14.26	26.35	199.7	1600	0	102	20.8	0.721	1.0	-0.22	2.74	1.00	0.00	0.16	111115
42	"13:21:32"	4711.5	0	4.2	0.0485	233	1.14	2.39	24.78	6	1.42	1	2.84	23.21	24.78	23.09	399.71	385.76	3.995	7.384	14.26	26.36	199.7	1600	0	102	20.8	0.721	1.0	-0.22	2.74	1.00	0.00	0.16	111115
43	"13:21:33"	4712.5	0	4.19	0.0484	234	1.14	2.39	24.78	6	1.42	1	2.84	23.21	24.78	23.09	399.67	385.78	3.995	7.383	14.26	26.35	199.7	1600	0	102	20.8	0.721	1.0	-0.22	2.74	1.00	0.00	0.16	111115
44	"13:21:33"	4713.0	0	4.2	0.0484	233	1.14	2.39	24.78	6	1.42	1	2.84	23.21	24.78	23.10	399.71	385.77	3.995	7.382	14.26	26.35	199.7	1600	0	102	20.8	0.721	1.0	-0.22	2.74	1.00	0.00	0.16	111115
45	"13:21:34"	4714.0	0	4.2	0.0485	233	1.14	2.39	24.78	6	1.42	1	2.84	23.21	24.78	23.10	399.73	385.80	3.996	7.385	14.26	26.36	199.7	1600	0	102	20.8	0.721	1.0	-0.22	2.74	1.00	0.00	0.16	111115
"13:21:41 Coolers: Tblock -> 27.00 C"
"13:34:56 Flow: Fixed -> 200 umol/s"
46	"13:35:03"	5522.5	0	4.03	0.0432	222	1.17	2.74	27.20	6	1.42	1	2.84	26.57	27.20	26.99	399.67	386.21	5.158	8.639	15.07	25.24	199.7	1599	0	102	21.1	0.758	1.0	-0.22	2.74	1.00	0.00	0.16	111115
47	"13:35:04"	5523.0	0	4.02	0.0432	222	1.17	2.74	27.20	6	1.42	1	2.84	26.57	27.20	26.99	399.65	386.22	5.158	8.638	15.07	25.23	199.7	1599	0	102	21.1	0.758	1.0	-0.22	2.74	1.00	0.00	0.16	111115
48	"13:35:05"	5524.0	0	4.01	0.0431	222	1.17	2.74	27.20	6	1.42	1	2.84	26.57	27.20	26.99	399.63	386.22	5.158	8.638	15.07	25.23	199.7	1599	0	102	21.1	0.758	1.0	-0.22	2.74	1.00	0.00	0.16	111115
49	"13:35:05"	5524.5	0	4.01	0.0431	222	1.17	2.74	27.20	6	1.42	1	2.84	26.57	27.20	26.99	399.63	386.23	5.158	8.637	15.07	25.23	199.7	1599	0	102	21.1	0.758	1.0	-0.22	2.74	1.00	0.00	0.16	111115
50	"13:35:06"	5525.5	0	4.02	0.0431	222	1.17	2.74	27.20	6	1.42	1	2.84	26.57	27.20	26.99	399.65	386.21	5.158	8.636	15.07	25.23	199.7	1600	0	102	21.1	0.758	1.0	-0.22	2.74	1.00	0.00	0.16	111115
51	"13:35:07"	5526.5	0	4.02	0.0431	222	1.17	2.74	27.20	6	1.42	1	2.84	26.57	27.20	26.99	399.64	386.21	5.158	8.635	15.07	25.23	199.6	1600	0	102	21.1	0.758	1.0	-0.22	2.74	1.00	0.00	0.16	111115
52	"13:35:08"	5527.0	0	4.03	0.0431	221	1.17	2.74	27.20	6	1.42	1	2.84	26.57	27.20	26.99	399.66	386.20	5.158	8.635	15.07	25.23	199.6	1600	0	102	21.1	0.758	1.0	-0.22	2.74	1.00	0.00	0.16	111115
53	"13:35:08"	5527.5	0	4.04	0.0431	221	1.17	2.74	27.20	6	1.42	1	2.84	26.57	27.20	26.99	399.69	386.21	5.158	8.635	15.07	25.23	199.7	1600	0	102	21.1	0.758	1.0	-0.22	2.74	1.00	0.00	0.16	111115
54	"13:35:09"	5528.5	0	4.06	0.0431	220	1.17	2.74	27.19	6	1.42	1	2.84	26.57	27.19	26.99	399.75	386.19	5.157	8.636	15.07	25.23	199.7	1600	0	102	21.1	0.758	1.0	-0.22	2.74	1.00	0.00	0.16	111115
55	"13:35:10"	5529.0	0	4.04	0.0431	221	1.17	2.74	27.20	6	1.42	1	2.84	26.57	27.20	26.99	399.73	386.23	5.157	8.636	15.07	25.23	199.7	1600	0	102	21.1	0.758	1.0	-0.22	2.74	1.00	0.00	0.16	111115
56	"13:35:11"	5530.0	0	4.04	0.0431	221	1.17	2.74	27.20	6	1.42	1	2.84	26.57	27.20	26.99	399.75	386.25	5.157	8.636	15.06	25.23	199.7	1600	0	102	21.1	0.758	1.0	-0.22	2.74	1.00	0.00	0.16	111115
57	"13:35:11"	5530.5	0	4.04	0.0431	221	1.17	2.74	27.20	6	1.42	1	2.84	26.57	27.20	26.99	399.74	386.25	5.158	8.637	15.07	25.23	199.7	1600	0	102	21.1	0.758	1.0	-0.22	2.74	1.00	0.00	0.16	111115
58	"13:35:12"	5531.5	0	4.03	0.0431	222	1.17	2.74	27.20	6	1.42	1	2.84	26.57	27.20	26.99	399.73	386.27	5.158	8.636	15.07	25.22	199.7	1600	0	102	21.1	0.758	1.0	-0.22	2.74	1.00	0.00	0.16	111115
59	"13:35:13"	5532.0	0	4.03	0.0431	221	1.17	2.74	27.20	6	1.42	1	2.84	26.58	27.20	26.99	399.75	386.28	5.158	8.635	15.07	25.22	199.7	1600	0	102	21.1	0.758	1.0	-0.22	2.74	1.00	0.00	0.16	111115
60	"13:35:13"	5533.0	0	4.04	0.0431	221	1.17	2.74	27.21	6	1.42	1	2.84	26.58	27.21	26.99	399.76	386.28	5.160	8.636	15.07	25.22	199.7	1600	0	102	21.1	0.758	1.0	-0.22	2.74	1.00	0.00	0.16	111115
"13:35:21 Coolers: Tblock -> 31.00 C"
"13:48:19 Flow: Fixed -> 200 umol/s"
61	"13:49:13"	6371.5	0	3.67	0.0375	215	1.19	3.19	29.75	6	1.42	1	2.84	30.12	29.75	31.09	401.24	388.81	6.357	9.894	15.11	23.51	199.6	1599	0	101.9	21.5	0.784	1.0	-0.22	2.74	1.00	0.00	0.16	111115
62	"13:49:13"	6372.5	0	3.66	0.0375	215	1.19	3.19	29.74	6	1.42	1	2.84	30.12	29.74	31.09	401.22	388.83	6.356	9.893	15.10	23.51	199.6	1599	0	101.9	21.5	0.784	1.0	-0.22	2.74	1.00	0.00	0.16	111115
63	"13:49:14"	6373.0	0	3.66	0.0375	216	1.19	3.19	29.74	6	1.42	1	2.84	30.12	29.74	31.09	401.23	388.85	6.357	9.894	15.10	23.51	199.6	1599	0	101.9	21.5	0.784	1.0	-0.22	2.74	1.00	0.00	0.16	111115
64	"13:49:15"	6374.0	0	3.65	0.0375	216	1.19	3.19	29.74	6	1.42	1	2.84	30.12	29.74	31.09	401.22	388.86	6.357	9.893	15.10	23.51	199.7	1599	0	101.9	21.5	0.784	1.0	-0.22	2.74	1.00	0.00	0.16	111115
65	"13:49:16"	6374.5	0	3.65	0.0375	216	1.19	3.19	29.73	6	1.42	1	2.84	30.12	29.73	31.09	401.22	388.86	6.357	9.893	15.10	23.51	199.7	1599	0	101.9	21.5	0.784	1.0	-0.22	2.74	1.00	0.00	0.16	111115
66	"13:49:16"	6375.0	0	3.65	0.0375	216	1.19	3.19	29.73	6	1.42	1	2.84	30.12	29.73	31.09	401.22	388.87	6.357	9.893	15.10	23.51	199.7	1599	0	101.9	21.5	0.784	1.0	-0.22	2.74	1.00	0.00	0.16	111115
67	"13:49:17"	6376.0	0	3.65	0.0376	216	1.19	3.19	29.73	6	1.42	1	2.84	30.12	29.73	31.09	401.23	388.86	6.357	9.895	15.11	23.51	199.7	1599	0	101.9	21.5	0.784	1.0	-0.22	2.74	1.00	0.00	0.16	111115
68	"13:49:18"	6376.5	0	3.66	0.0376	216	1.19	3.19	29.73	6	1.42	1	2.84	30.12	29.73	31.09	401.24	388.85	6.357	9.895	15.11	23.51	199.7	1598	0	101.9	21.5	0.784	1.0	-0.22	2.74	1.00	0.00	0.16	111115
69	"13:49:18"	6377.5	0	3.68	0.0375	215	1.19	3.19	29.73	6	1.42	1	2.84	30.12	29.73	31.09	401.25	388.80	6.357	9.894	15.11	23.51	199.7	1599	0	101.9	21.5	0.784	1.0	-0.22	2.74	1.00	0.00	0.16	111115
70	"13:49:19"	6378.0	0	3.68	0.0375	215	1.19	3.19	29.73	6	1.42	1	2.84	30.12	29.73	31.09	401.25	388.81	6.357	9.895	15.11	23.51	199.7	1599	0	101.9	21.5	0.784	1.0	-0.22	2.74	1.00	0.00	0.16	111115
71	"13:49:20"	6379.0	0	3.67	0.0376	215	1.19	3.19	29.73	6	1.42	1	2.84	30.12	29.73	31.09	401.24	388.82	6.356	9.895	15.10	23.51	199.7	1599	0	101.9	21.5	0.784	1.0	-0.22	2.74	1.00	0.00	0.16	111115
72	"13:49:21"	6380.0	0	3.69	0.0376	214	1.19	3.19	29.73	6	1.42	1	2.84	30.12	29.73	31.09	401.29	388.80	6.357	9.895	15.10	23.51	199.7	1599	0	101.9	21.5	0.784	1.0	-0.22	2.74	1.00	0.00	0.16	111115
73	"13:49:22"	6380.5	0	3.69	0.0375	214	1.19	3.19	29.73	6	1.42	1	2.84	30.12	29.73	31.09	401.29	388.81	6.356	9.894	15.10	23.51	199.6	1599	0	101.9	21.5	0.784	1.0	-0.22	2.74	1.00	0.00	0.16	111115
74	"13:49:22"	6381.0	0	3.68	0.0376	215	1.19	3.19	29.73	6	1.42	1	2.84	30.12	29.73	31.09	401.29	388.83	6.356	9.896	15.10	23.51	199.7	1599	0	101.9	21.5	0.784	1.0	-0.22	2.74	1.00	0.00	0.16	111115
75	"13:49:23"	6382.0	0	3.69	0.0375	214	1.19	3.19	29.73	6	1.42	1	2.84	30.12	29.73	31.09	401.29	388.82	6.357	9.895	15.10	23.51	199.6	1599	0	101.9	21.5	0.784	1.0	-0.22	2.74	1.00	0.00	0.16	111115
"13:49:29 Coolers: Tblock -> 35.00 C"
"14:04:28 Flow: Fixed -> 200 umol/s"
76	"14:04:39"	7298.5	0	3.25	0.0323	209	1.18	3.67	32.14	6	1.42	1	2.84	33.51	32.14	34.99	399.96	388.81	7.663	11.185	15.02	21.93	199.6	1600	0	101.9	21.7	0.813	1.0	-0.22	2.74	1.00	0.00	0.16	111115
77	"14:04:40"	7299.0	0	3.25	0.0323	209	1.18	3.67	32.14	6	1.42	1	2.84	33.51	32.14	34.99	399.98	388.82	7.664	11.186	15.02	21.93	199.6	1600	0	101.9	21.7	0.813	1.0	-0.22	2.74	1.00	0.00	0.16	111115
78	"14:04:41"	7300.0	0	3.27	0.0323	207	1.18	3.67	32.13	6	1.42	1	2.84	33.51	32.13	34.99	400.02	388.80	7.664	11.183	15.02	21.92	199.6	1600	0	101.9	21.7	0.813	1.0	-0.22	2.74	1.00	0.00	0.16	111115
79	"14:04:41"	7301.0	0	3.29	0.0323	206	1.18	3.67	32.13	6	1.42	1	2.84	33.51	32.13	34.99	400.06	388.78	7.665	11.183	15.03	21.92	199.6	1600	0	101.9	21.7	0.813	1.0	-0.22	2.74	1.00	0.00	0.16	111115
80	"14:04:42"	7301.5	0	3.29	0.0323	206	1.18	3.67	32.13	6	1.42	1	2.84	33.51	32.13	34.99	400.06	388.78	7.666	11.183	15.03	21.92	199.6	1600	0	101.9	21.7	0.813	1.0	-0.22	2.74	1.00	0.00	0.16	111115
81	"14:04:43"	7302.5	0	3.28	0.0323	207	1.18	3.67	32.13	6	1.42	1	2.84	33.51	32.13	34.99	400.05	388.81	7.665	11.183	15.03	21.92	199.6	1600	0	101.9	21.7	0.813	1.0	-0.22	2.74	1.00	0.00	0.16	111115
82	"14:04:44"	7303.5	0	3.28	0.0322	207	1.18	3.67	32.13	6	1.42	1	2.84	33.51	32.13	34.99	400.06	388.83	7.665	11.181	15.03	21.92	199.6	1600	0	101.9	21.7	0.813	1.0	-0.22	2.74	1.00	0.00	0.16	111115
83	"14:04:45"	7304.5	0	3.26	0.0322	208	1.18	3.67	32.14	6	1.42	1	2.84	33.51	32.14	34.99	400.05	388.86	7.664	11.181	15.02	21.92	199.6	1600	0	101.9	21.7	0.813	1.0	-0.22	2.74	1.00	0.00	0.16	111115
84	"14:04:46"	7305.0	0	3.26	0.0322	208	1.18	3.67	32.14	6	1.42	1	2.84	33.51	32.14	34.99	400.04	388.86	7.665	11.180	15.03	21.92	199.6	1600	0	101.9	21.7	0.813	1.0	-0.22	2.74	1.00	0.00	0.16	111115
85	"14:04:46"	7306.0	0	3.26	0.0322	208	1.18	3.67	32.14	6	1.42	1	2.84	33.51	32.14	34.99	400.05	388.87	7.664	11.180	15.02	21.92	199.6	1600	0	101.9	21.7	0.813	1.0	-0.22	2.74	1.00	0.00	0.16	111115
86	"14:04:47"	7306.5	0	3.27	0.0322	207	1.18	3.67	32.14	6	1.42	1	2.84	33.51	32.14	34.99	400.07	388.85	7.665	11.180	15.03	21.92	199.6	1600	0	101.9	21.7	0.813	1.0	-0.22	2.74	1.00	0.00	0.16	111115
87	"14:04:48"	7307.5	0	3.29	0.0322	206	1.18	3.67	32.14	6	1.42	1	2.84	33.51	32.14	34.99	400.12	388.84	7.667	11.180	15.03	21.92	199.6	1600	0	101.9	21.7	0.813	1.0	-0.22	2.74	1.00	0.00	0.16	111115
88	"14:04:49"	7308.5	0	3.3	0.0322	206	1.18	3.67	32.14	6	1.42	1	2.84	33.51	32.14	34.99	400.12	388.83	7.668	11.180	15.03	21.92	199.6	1600	0	101.9	21.7	0.813	1.0	-0.22	2.74	1.00	0.00	0.16	111115
89	"14:04:50"	7309.0	0	3.3	0.0322	206	1.18	3.67	32.14	6	1.42	1	2.84	33.51	32.14	34.99	400.12	388.82	7.667	11.180	15.03	21.92	199.6	1600	0	101.9	21.7	0.813	1.0	-0.22	2.74	1.00	0.00	0.16	111115
90	"14:04:51"	7310.0	0	3.28	0.0322	207	1.18	3.67	32.14	6	1.42	1	2.84	33.51	32.14	34.99	400.06	388.83	7.667	11.179	15.03	21.91	199.6	1600	0	101.9	21.7	0.813	1.0	-0.22	2.74	1.00	0.00	0.16	111115
"14:04:57 Coolers: Tblock -> 39.00 C"
"14:22:38 Flow: Fixed -> 200 umol/s"
91	"14:23:39"	8437.5	0	2.6	0.0241	196	1.04	4.28	34.66	6	1.42	1	2.84	37.09	34.66	39.08	399.80	390.75	9.282	12.362	14.93	19.88	199.6	1600	0	101.9	22.1	0.828	1.0	-0.22	2.74	1.00	0.00	0.16	111115
92	"14:23:39"	8438.0	0	2.58	0.0241	198	1.04	4.28	34.66	6	1.42	1	2.84	37.09	34.66	39.08	399.76	390.80	9.281	12.362	14.93	19.88	199.6	1600	0	101.9	22.1	0.828	1.0	-0.22	2.74	1.00	0.00	0.16	111115
93	"14:23:40"	8438.5	0	2.58	0.0241	198	1.04	4.28	34.66	6	1.42	1	2.84	37.09	34.66	39.08	399.77	390.79	9.281	12.361	14.93	19.88	199.6	1600	0	101.9	22.1	0.828	1.0	-0.22	2.74	1.00	0.00	0.16	111115
94	"14:23:41"	8439.5	0	2.62	0.0241	195	1.04	4.28	34.66	6	1.42	1	2.84	37.09	34.66	39.08	399.85	390.75	9.280	12.360	14.93	19.88	199.6	1600	0	101.9	22.1	0.828	1.0	-0.22	2.74	1.00	0.00	0.16	111115
95	"14:23:42"	8440.5	0	2.59	0.024	197	1.04	4.28	34.66	6	1.42	1	2.84	37.09	34.66	39.08	399.79	390.79	9.282	12.359	14.93	19.88	199.6	1600	0	101.9	22.1	0.828	1.0	-0.22	2.74	1.00	0.00	0.16	111115
96	"14:23:42"	8441.0	0	2.61	0.0241	196	1.04	4.28	34.66	6	1.42	1	2.84	37.09	34.66	39.08	399.82	390.77	9.282	12.360	14.93	19.88	199.6	1600	0	101.9	22.1	0.828	1.0	-0.22	2.74	1.00	0.00	0.16	111115
97	"14:23:43"	8442.0	0	2.6	0.024	196	1.04	4.28	34.66	6	1.42	1	2.84	37.09	34.66	39.08	399.83	390.81	9.284	12.358	14.93	19.88	199.6	1600	0	101.9	22.1	0.828	1.0	-0.22	2.74	1.00	0.00	0.16	111115
98	"14:23:44"	8443.0	0	2.6	0.024	196	1.03	4.28	34.66	6	1.42	1	2.84	37.09	34.66	39.08	399.82	390.79	9.287	12.359	14.94	19.88	199.6	1600	0	101.9	22.1	0.828	1.0	-0.22	2.74	1.00	0.00	0.16	111115
99	"14:23:45"	8443.5	0	2.57	0.024	198	1.04	4.28	34.66	6	1.42	1	2.84	37.09	34.66	39.08	399.77	390.84	9.285	12.361	14.94	19.88	199.6	1600	0	101.9	22.1	0.828	1.0	-0.22	2.74	1.00	0.00	0.16	111115
100	"14:23:46"	8444.5	0	2.6	0.024	196	1.04	4.28	34.66	6	1.42	1	2.84	37.09	34.66	39.08	399.83	390.80	9.286	12.359	14.94	19.88	199.6	1600	0	101.9	22.1	0.828	1.0	-0.22	2.74	1.00	0.00	0.16	111115
101	"14:23:46"	8445.0	0	2.58	0.024	197	1.03	4.28	34.66	6	1.42	1	2.84	37.09	34.66	39.08	399.81	390.84	9.287	12.358	14.94	19.88	199.6	1601	0	101.9	22.1	0.828	1.0	-0.22	2.74	1.00	0.00	0.16	111115
102	"14:23:47"	8446.0	0	2.59	0.024	196	1.04	4.28	34.66	6	1.42	1	2.84	37.09	34.66	39.08	399.83	390.82	9.286	12.360	14.94	19.88	199.6	1601	0	101.9	22.1	0.828	1.0	-0.22	2.74	1.00	0.00	0.16	111115
103	"14:23:48"	8446.5	0	2.6	0.024	196	1.03	4.28	34.67	6	1.42	1	2.84	37.09	34.67	39.08	399.84	390.81	9.287	12.359	14.94	19.88	199.6	1601	0	101.9	22.1	0.828	1.0	-0.22	2.74	1.00	0.00	0.16	111115
104	"14:23:49"	8447.5	0	2.61	0.024	195	1.03	4.29	34.67	6	1.42	1	2.84	37.09	34.67	39.08	399.87	390.81	9.286	12.358	14.94	19.88	199.6	1601	0	101.9	22.1	0.828	1.0	-0.22	2.74	1.00	0.00	0.16	111115
105	"14:23:49"	8448.0	0	2.61	0.024	195	1.03	4.29	34.67	6	1.42	1	2.84	37.09	34.67	39.08	399.88	390.82	9.287	12.358	14.94	19.88	199.6	1601	0	101.9	22.1	0.828	1.0	-0.22	2.74	1.00	0.00	0.16	111115
"14:23:55 Coolers: Tblock -> 43.00 C"
"14:50:15 Flow: Fixed -> 200 umol/s"
106	"14:50:39"	10058.0	0	1.95	0.0176	192	0.843	4.73	36.26	6	1.42	1	2.84	39.34	36.26	41.65	399.80	392.93	10.444	12.944	14.88	18.44	199.6	1600	0	101.9	22.3	0.846	1.0	-0.22	2.74	1.00	0.00	0.16	111115
107	"14:50:40"	10059.0	0	1.96	0.0176	191	0.842	4.74	36.26	6	1.42	1	2.84	39.34	36.26	41.65	399.79	392.92	10.444	12.941	14.88	18.43	199.6	1600	0	101.9	22.3	0.846	1.0	-0.22	2.74	1.00	0.00	0.16	111115
108	"14:50:41"	10060.0	0	1.93	0.0175	193	0.84	4.74	36.26	6	1.42	1	2.84	39.34	36.26	41.65	399.72	392.93	10.446	12.939	14.88	18.43	199.7	1600	0	101.9	22.3	0.846	1.0	-0.22	2.74	1.00	0.00	0.16	111115
109	"14:50:41"	10060.5	0	1.9	0.0176	196	0.841	4.74	36.26	6	1.42	1	2.84	39.34	36.26	41.65	399.67	392.96	10.445	12.940	14.88	18.43	199.7	1600	0	101.9	22.3	0.846	1.0	-0.22	2.74	1.00	0.00	0.16	111115
110	"14:50:42"	10061.5	0	1.9	0.0175	196	0.84	4.74	36.26	6	1.42	1	2.84	39.34	36.26	41.65	399.62	392.93	10.445	12.937	14.88	18.43	199.7	1600	0	101.9	22.3	0.846	1.0	-0.22	2.74	1.00	0.00	0.16	111115
111	"14:50:44"	10063.0	0	1.86	0.0175	199	0.841	4.74	36.26	6	1.42	1	2.84	39.34	36.26	41.65	399.55	392.95	10.444	12.938	14.88	18.43	199.7	1600	0	101.9	22.3	0.846	1.0	-0.22	2.74	1.00	0.00	0.16	111115
112	"14:50:44"	10063.5	0	1.86	0.0176	200	0.842	4.74	36.26	6	1.42	1	2.84	39.34	36.26	41.65	399.55	392.96	10.443	12.940	14.88	18.43	199.7	1600	0	101.9	22.3	0.846	1.0	-0.22	2.74	1.00	0.00	0.16	111115
113	"14:50:45"	10064.5	0	1.92	0.0176	195	0.841	4.74	36.26	6	1.42	1	2.84	39.34	36.26	41.65	399.67	392.92	10.444	12.937	14.88	18.43	199.7	1600	0	101.9	22.3	0.846	1.0	-0.22	2.74	1.00	0.00	0.16	111115
114	"14:50:46"	10065.0	0	1.96	0.0176	191	0.842	4.74	36.26	6	1.42	1	2.84	39.34	36.26	41.65	399.77	392.90	10.443	12.939	14.88	18.43	199.7	1600	0	101.9	22.3	0.846	1.0	-0.22	2.74	1.00	0.00	0.16	111115
115	"14:50:46"	10065.5	0	1.96	0.0176	190	0.841	4.74	36.26	6	1.42	1	2.84	39.34	36.26	41.65	399.83	392.93	10.443	12.939	14.88	18.43	199.7	1600	0	101.9	22.3	0.846	1.0	-0.22	2.74	1.00	0.00	0.16	111115
116	"14:50:48"	10067.0	0	2.04	0.0176	184	0.841	4.74	36.26	6	1.42	1	2.84	39.34	36.26	41.65	399.99	392.86	10.444	12.938	14.88	18.43	199.7	1599	0	101.9	22.3	0.846	1.0	-0.22	2.74	1.00	0.00	0.16	111115
117	"14:50:48"	10067.5	0	2.07	0.0175	181	0.84	4.74	36.26	6	1.42	1	2.84	39.34	36.26	41.65	400.04	392.83	10.445	12.938	14.88	18.43	199.7	1599	0	101.9	22.3	0.846	1.0	-0.22	2.74	1.00	0.00	0.16	111115
118	"14:50:49"	10068.5	0	2.07	0.0176	181	0.841	4.74	36.26	6	1.42	1	2.84	39.34	36.26	41.65	400.04	392.82	10.444	12.939	14.88	18.43	199.7	1599	0	101.9	22.3	0.846	1.0	-0.22	2.74	1.00	0.00	0.16	111115
119	"14:50:50"	10069.0	0	2.07	0.0175	181	0.84	4.74	36.26	6	1.42	1	2.84	39.34	36.26	41.65	400.01	392.80	10.445	12.936	14.88	18.42	199.7	1599	0	101.9	22.3	0.846	1.0	-0.22	2.74	1.00	0.00	0.16	111115
120	"14:50:50"	10069.5	0	2.04	0.0175	183	0.84	4.74	36.26	6	1.42	1	2.84	39.34	36.26	41.65	399.96	392.83	10.445	12.936	14.88	18.42	199.7	1599	0	101.9	22.3	0.846	1.0	-0.22	2.74	1.00	0.00	0.16	111115
