"OPEN 6.1.4"
"Sun Feb  5 2106 23:59:26"
<open><version>"6.1.4"</version></open>
<open><configfile>"/User/Configs/UserPrefs/LED2x3.xml"</configfile></open>
<open><light><source>"6400-02 or -02B LED Source"</source><par_in>1 <sensor>"SI-2541"<cal>-0.81<actinity>1.00</actinity><transm>1.00</transm></cal></sensor><transm>1 </transm></par_in><par_out>1 <sensor>"Q40855"<cal>6.35 </cal></sensor></par_out></light></open>
<open><comps><file>"/User/Configs/Comps/StdComps_6.1"<header>""</header><extras></extras></file><energybal>no<f_parIn>1 </f_parIn><f_parOut>0 </f_parOut><alphaK>0.16</alphaK></energybal><bc_total>2.840<stomatal_ratio>1</stomatal_ratio><bc_oneside>1.420<type>2 </type><table>"/Sys/Lib/StdBLCTable"</table><area>6</area><slope>-0.219565 </slope><offset>2.73739 </offset><fan>5 </fan></bc_oneside></bc_total></comps></open>
<open><prompts><onlog>off</onlog><items>"Default (none)"</items></prompts></open>
<open><constants><oxygen>21 %</oxygen><bb_vapor>1.5 </bb_vapor><bb_oxy>0.9 </bb_oxy></constants></open>
<open><stability><items>"Std Stability"<items[1]><id>-2 </id><size>15 </size><pcv><onoff>0 </onoff><value>1 </value></pcv><std><onoff>0 </onoff><value>1 </value></std><slp><onoff>1 </onoff><value>1 </value></slp></items[1]><items[2]><id>-5 </id><size>15 </size><pcv><onoff>0 </onoff><value>1 </value></pcv><std><onoff>0 </onoff><value>1 </value></std><slp><onoff>1 </onoff><value>1 </value></slp></items[2]><items[3]><id>-7 </id><size>15 </size><pcv><onoff>0 </onoff><value>1 </value></pcv><std><onoff>0 </onoff><value>1 </value></std><slp><onoff>1 </onoff><value>1 </value></slp></items[3]></items></stability></open>
<open><log><format>"StdLogFmt_6.0"<items>{ -35  -21  -36  -76  30  23  36  21  25  221  -33  111  -34  11  -9  -10  -8  -1  -2  -4  -5  -14  -15  -7  -12  -13  -11  -65  -66  -72  -18  -19  -77  -78  -79  -23   }<hdr>{  }</hdr></items></format><options><beep>on</beep><hdr>normal</hdr><rem>normal</rem><stab>no</stab><stats>no<period>15 </period></stats><excel>yes</excel><comm>no</comm></options><datafile>"/User/jcg_gash_2"</datafile><button><action>"Normal Log"<code>" LogOneObsManual "</code></action></button><autoprog>"/User/Configs/AutoProgs/AutoLog"<active>no</active></autoprog></log></open>
<open><a2d><avgtime>4.0 secs</avgtime><userchans><ch20>"Off"</ch20><ch21>"Off"</ch21><ch22>"Off"</ch22><ch23>"Off"</ch23></userchans></a2d></open>
<open><matching><type>0 </type><disp>'a'</disp><settings><CO2Limit>10.0</CO2Limit><H2OLimit>1.0</H2OLimit><MaxAutoTime>60 </MaxAutoTime></settings></matching></open>
<li6400><factory><unit>"PSC-2519"</unit><serviced>"1 Aug 2013"</serviced><fuseaware>0 </fuseaware><co2mixer>yes</co2mixer><co2><coeffs>{ 0  0.217817  1.90936e-05  2.56335e-08  -5.21136e-12  5.14133e-16   }</coeffs><dvdt>-3.1 </dvdt><xs>{ 0.0008  -0.0006   }</xs></co2><h2o><coeffs>{ 0  0.00577826  2.21643e-06  -7.00029e-12   }</coeffs><dvdt>-2.3 </dvdt><xs>{ -0.0051  0.0023   }</xs></h2o><flow>{ 0  0.3744   }</flow><press>{ 86.571  0.0055   }</press></factory></li6400>
<li6400><user><flow_zero>-277.5</flow_zero><irga_zero><co2>1165.9 853.8<at>28.8058 </at></co2><h2o>1360.9 1555.9<at>30.0013 </at></h2o></irga_zero><irga_span><co2>{ 1.016  1.01529   }</co2><h2o>{ 1.05479  1.08601   }</h2o></irga_span><irga_match><co2>{ 0.17117  -6.84098   }</co2><h2o>{ -0.036676  0.259362   }</h2o></irga_match><co2_mixer><pump_mv>4500 </pump_mv><ppm>{ 2127.98  1010.65  388.241  227.934  94.9201  47.1748  34.635  32.3342   }</ppm><mv>{ 5000  3000  1500  1000  500  300  200  100   }</mv></co2_mixer><parin_offset>-0.120314 </parin_offset><led_cal><unit>"SI-2541"</unit><mv>{ 10  25  50  100  1000  2000  3000  4000  5000   }</mv><qntm>{ 2.01301  8.80926  21.163  50.9379  635.024  1268.62  1868.91  2441.75  2980.87   }</qntm></led_cal><lcf_cal><unit>"LCF-1015"</unit><red><mv>{ 50  100  200  400  800  1500   }</mv><qntm>{ 63.946  145.991  315.029  669.142  1387.95  2639.5   }</qntm></red><blue><mv>{ 100  500  1000  2000  3000  4000  5000   }</mv><qntm>{ 8.52557  37.8843  71.6104  129.288  182.615  231.294  272.803   }</qntm></blue></lcf_cal></user></li6400>
"23:59:27 "
$STARTOFDATA$
"Obs"	"HHMMSS"	"FTime"	"EBal?"	"Photo"	"Cond"	"Ci"	"Trmmol"	"VpdL"	"CTleaf"	"Area"	"BLC_1"	"StmRat"	"BLCond"	"Tair"	"Tleaf"	"TBlk"	"CO2R"	"CO2S"	"H2OR"	"H2OS"	"RH_R"	"RH_S"	"Flow"	"PARi"	"PARo"	"Press"	"CsMch"	"HsMch"	"StableF"	"BLCslope"	"BLCoffst"	"f_parin"	"f_parout"	"alphaK"	"Status"
1	"23:59:56"	50.5	0	4.06	0.0383	212	0.369	0.98	10.87	6	1.42	1	2.84	4.20	10.87	1.23	400.92	388.33	2.118	3.220	25.90	39.37	200.3	1600	14	101.3	-6.84	0.259	1.0	-0.22	2.74	1.00	0.00	0.16	111115
2	"23:59:57"	51.0	0	4.07	0.0384	212	0.369	0.979	10.86	6	1.42	1	2.84	4.20	10.86	1.23	400.97	388.35	2.119	3.221	25.90	39.38	200.3	1600	14	101.3	-6.84	0.259	1.0	-0.22	2.74	1.00	0.00	0.16	111115
3	"23:59:57"	51.5	0	4.08	0.0384	212	0.369	0.979	10.85	6	1.42	1	2.84	4.20	10.85	1.23	401.00	388.34	2.119	3.221	25.90	39.38	200.3	1600	14	101.3	-6.84	0.259	1.0	-0.22	2.74	1.00	0.00	0.16	111115
4	"23:59:58"	52.5	0	4.1	0.0384	211	0.369	0.979	10.86	6	1.42	1	2.84	4.20	10.86	1.23	401.05	388.35	2.119	3.221	25.91	39.38	200.3	1600	15	101.3	-6.84	0.259	1.0	-0.22	2.74	1.00	0.00	0.16	111115
5	"23:59:59"	53.0	0	4.1	0.0384	211	0.369	0.979	10.86	6	1.42	1	2.84	4.20	10.86	1.23	401.04	388.34	2.119	3.221	25.90	39.38	200.3	1600	14	101.3	-6.84	0.259	1.0	-0.22	2.74	1.00	0.00	0.16	111115
6	"23:59:59"	53.5	0	4.09	0.0384	211	0.369	0.979	10.86	6	1.42	1	2.84	4.20	10.86	1.23	401.02	388.33	2.119	3.220	25.90	39.37	200.3	1600	15	101.3	-6.84	0.259	1.0	-0.22	2.74	1.00	0.00	0.16	111115
7	"00:00:00"	54.5	0	4.1	0.0384	211	0.369	0.979	10.86	6	1.42	1	2.84	4.20	10.86	1.23	401.02	388.32	2.118	3.220	25.90	39.37	200.3	1600	15	101.3	-6.84	0.259	1.0	-0.22	2.74	1.00	0.00	0.16	111115
8	"00:00:01"	55.0	0	4.09	0.0384	211	0.369	0.979	10.86	6	1.42	1	2.84	4.20	10.86	1.23	400.98	388.30	2.118	3.220	25.90	39.37	200.3	1600	15	101.3	-6.84	0.259	1.0	-0.22	2.74	1.00	0.00	0.16	111115
9	"00:00:01"	55.5	0	4.09	0.0384	211	0.369	0.979	10.86	6	1.42	1	2.84	4.20	10.86	1.23	400.98	388.31	2.118	3.220	25.90	39.38	200.3	1600	15	101.3	-6.84	0.259	1.0	-0.22	2.74	1.00	0.00	0.16	111115
10	"00:00:02"	56.5	0	4.08	0.0384	212	0.37	0.98	10.87	6	1.42	1	2.84	4.20	10.87	1.22	400.94	388.30	2.117	3.221	25.89	39.39	200.3	1600	14	101.3	-6.84	0.259	1.0	-0.22	2.74	1.00	0.00	0.16	111115
11	"00:00:03"	57.0	0	4.07	0.0384	212	0.37	0.979	10.86	6	1.42	1	2.84	4.20	10.86	1.22	400.94	388.32	2.118	3.221	25.90	39.39	200.4	1600	15	101.3	-6.84	0.259	1.0	-0.22	2.74	1.00	0.00	0.16	111115
12	"00:00:03"	57.5	0	4.08	0.0385	212	0.37	0.979	10.86	6	1.42	1	2.84	4.20	10.86	1.22	400.95	388.31	2.117	3.222	25.89	39.40	200.3	1600	14	101.3	-6.84	0.259	1.0	-0.22	2.74	1.00	0.00	0.16	111115
13	"00:00:04"	58.0	0	4.08	0.0385	212	0.37	0.978	10.85	6	1.42	1	2.84	4.20	10.85	1.22	400.96	388.31	2.117	3.222	25.89	39.40	200.4	1600	14	101.3	-6.84	0.259	1.0	-0.22	2.74	1.00	0.00	0.16	111115
14	"00:00:04"	58.5	0	4.09	0.0386	212	0.37	0.978	10.85	6	1.42	1	2.84	4.20	10.85	1.22	400.99	388.30	2.117	3.223	25.89	39.41	200.3	1600	14	101.3	-6.84	0.259	1.0	-0.22	2.74	1.00	0.00	0.16	111115
15	"00:00:05"	59.5	0	4.1	0.0385	212	0.37	0.978	10.84	6	1.42	1	2.84	4.20	10.84	1.22	401.02	388.31	2.117	3.222	25.89	39.40	200.3	1600	14	101.3	-6.84	0.259	1.0	-0.22	2.74	1.00	0.00	0.16	111115
16	"00:08:56"	590.0	0	4.35	0.0466	231	0.526	1.15	13.09	6	1.42	1	2.84	7.50	13.09	5.10	401.50	387.88	1.994	3.562	19.40	34.66	200.3	1599	15	101.3	-7.11	0.248	0.7	-0.22	2.74	1.00	0.00	0.16	111115
17	"00:08:57"	591.0	0	4.36	0.0466	230	0.526	1.15	13.08	6	1.42	1	2.84	7.50	13.08	5.10	401.51	387.85	1.994	3.562	19.40	34.66	200.3	1599	15	101.3	-7.11	0.248	0.7	-0.22	2.74	1.00	0.00	0.16	111115
18	"00:08:57"	591.5	0	4.36	0.0466	230	0.526	1.15	13.08	6	1.42	1	2.84	7.50	13.08	5.10	401.52	387.85	1.994	3.563	19.40	34.66	200.3	1599	15	101.3	-7.11	0.248	0.7	-0.22	2.74	1.00	0.00	0.16	111115
19	"00:08:58"	592.0	0	4.37	0.0466	230	0.526	1.15	13.08	6	1.42	1	2.84	7.50	13.08	5.10	401.52	387.83	1.994	3.562	19.40	34.65	200.3	1599	15	101.3	-7.11	0.248	0.7	-0.22	2.74	1.00	0.00	0.16	111115
20	"00:08:58"	592.5	0	4.37	0.0466	230	0.525	1.15	13.08	6	1.42	1	2.84	7.50	13.08	5.10	401.53	387.82	1.994	3.562	19.40	34.65	200.3	1599	15	101.3	-7.11	0.248	0.7	-0.22	2.74	1.00	0.00	0.16	111115
21	"00:08:59"	593.0	0	4.38	0.0466	230	0.525	1.15	13.08	6	1.42	1	2.84	7.50	13.08	5.10	401.52	387.80	1.994	3.562	19.40	34.65	200.3	1599	15	101.3	-7.11	0.248	0.7	-0.22	2.74	1.00	0.00	0.16	111115
22	"00:08:59"	593.5	0	4.37	0.0466	230	0.526	1.15	13.08	6	1.42	1	2.84	7.50	13.08	5.10	401.49	387.79	1.994	3.562	19.40	34.65	200.3	1599	15	101.3	-7.11	0.248	0.7	-0.22	2.74	1.00	0.00	0.16	111115
23	"00:09:00"	594.0	0	4.35	0.0466	231	0.525	1.15	13.07	6	1.42	1	2.84	7.50	13.07	5.09	401.40	387.77	1.994	3.562	19.40	34.65	200.3	1599	15	101.3	-7.11	0.248	0.7	-0.22	2.74	1.00	0.00	0.16	111115
24	"00:09:01"	594.5	0	4.31	0.0466	232	0.526	1.15	13.07	6	1.42	1	2.84	7.50	13.07	5.09	401.29	387.76	1.994	3.563	19.39	34.66	200.3	1599	15	101.3	-7.11	0.248	0.7	-0.22	2.74	1.00	0.00	0.16	111115
25	"00:09:01"	595.0	0	4.27	0.0466	234	0.526	1.15	13.08	6	1.42	1	2.84	7.50	13.08	5.09	401.14	387.76	1.994	3.562	19.39	34.65	200.3	1599	15	101.3	-7.11	0.248	0.7	-0.22	2.74	1.00	0.00	0.16	111115
26	"00:09:02"	595.5	0	4.21	0.0466	235	0.525	1.15	13.07	6	1.42	1	2.84	7.50	13.07	5.09	400.99	387.76	1.994	3.562	19.40	34.65	200.3	1599	15	101.3	-7.11	0.248	1.0	-0.22	2.74	1.00	0.00	0.16	111115
27	"00:09:02"	596.0	0	4.17	0.0466	237	0.525	1.15	13.07	6	1.42	1	2.84	7.50	13.07	5.09	400.83	387.74	1.994	3.562	19.40	34.65	200.3	1599	14	101.3	-7.11	0.248	1.0	-0.22	2.74	1.00	0.00	0.16	111115
28	"00:09:02"	596.0	0	4.17	0.0466	237	0.525	1.15	13.07	6	1.42	1	2.84	7.50	13.07	5.09	400.83	387.74	1.994	3.562	19.40	34.65	200.3	1599	14	101.3	-7.11	0.248	1.0	-0.22	2.74	1.00	0.00	0.16	111115
29	"00:09:03"	596.5	0	4.11	0.0466	239	0.526	1.15	13.08	6	1.42	1	2.84	7.50	13.08	5.09	400.66	387.74	1.994	3.562	19.40	34.66	200.3	1599	15	101.3	-7.11	0.248	0.7	-0.22	2.74	1.00	0.00	0.16	111115
30	"00:09:04"	597.5	0	4	0.0466	242	0.525	1.15	13.08	6	1.42	1	2.84	7.50	13.08	5.09	400.31	387.72	1.994	3.562	19.39	34.65	200.3	1599	15	101.3	-7.11	0.248	0.7	-0.22	2.74	1.00	0.00	0.16	111115
31	"00:21:25"	1340.0	0	4.8	0.0508	224	0.673	1.35	16.48	6	1.42	1	2.84	11.78	16.48	9.97	399.30	384.15	3.244	5.250	23.68	38.32	200.3	1599	16	101.3	-7.26	0.213	1.0	-0.22	2.74	1.00	0.00	0.16	111115
32	"00:21:26"	1340.5	0	4.77	0.0508	225	0.673	1.35	16.48	6	1.42	1	2.84	11.78	16.48	9.97	399.20	384.14	3.244	5.250	23.68	38.32	200.3	1599	16	101.3	-7.26	0.213	1.0	-0.22	2.74	1.00	0.00	0.16	111115
33	"00:21:26"	1341.0	0	4.74	0.0508	226	0.673	1.35	16.47	6	1.42	1	2.84	11.78	16.47	9.97	399.12	384.15	3.244	5.250	23.68	38.32	200.3	1599	16	101.3	-7.26	0.213	1.0	-0.22	2.74	1.00	0.00	0.16	111115
34	"00:21:27"	1341.5	0	4.73	0.0509	226	0.673	1.35	16.47	6	1.42	1	2.84	11.78	16.47	9.97	399.12	384.17	3.245	5.251	23.68	38.32	200.4	1599	16	101.3	-7.26	0.213	1.0	-0.22	2.74	1.00	0.00	0.16	111115
35	"00:21:27"	1342.0	0	4.74	0.0508	226	0.674	1.35	16.48	6	1.42	1	2.84	11.78	16.48	9.97	399.12	384.16	3.245	5.251	23.68	38.33	200.4	1599	16	101.3	-7.26	0.213	1.0	-0.22	2.74	1.00	0.00	0.16	111115
36	"00:21:28"	1342.5	0	4.75	0.0508	226	0.673	1.35	16.48	6	1.42	1	2.84	11.78	16.48	9.97	399.16	384.17	3.245	5.251	23.69	38.33	200.4	1599	16	101.3	-7.26	0.213	1.0	-0.22	2.74	1.00	0.00	0.16	111115
37	"00:21:28"	1343.0	0	4.77	0.0508	225	0.673	1.35	16.48	6	1.42	1	2.84	11.78	16.48	9.97	399.22	384.15	3.245	5.252	23.69	38.33	200.4	1599	16	101.3	-7.26	0.213	1.0	-0.22	2.74	1.00	0.00	0.16	111115
38	"00:21:29"	1343.5	0	4.82	0.0508	223	0.673	1.35	16.48	6	1.42	1	2.84	11.78	16.48	9.97	399.35	384.14	3.246	5.252	23.69	38.33	200.3	1599	16	101.3	-7.26	0.213	1.0	-0.22	2.74	1.00	0.00	0.16	111115
39	"00:21:30"	1344.0	0	4.89	0.0508	221	0.673	1.35	16.48	6	1.42	1	2.84	11.78	16.48	9.97	399.52	384.11	3.246	5.252	23.69	38.33	200.3	1599	16	101.3	-7.26	0.213	1.0	-0.22	2.74	1.00	0.00	0.16	111115
40	"00:21:30"	1344.0	0	4.89	0.0508	221	0.673	1.35	16.48	6	1.42	1	2.84	11.78	16.48	9.97	399.52	384.11	3.246	5.252	23.69	38.33	200.3	1599	16	101.3	-7.26	0.213	1.0	-0.22	2.74	1.00	0.00	0.16	111115
41	"00:21:31"	1344.5	0	4.97	0.0508	219	0.673	1.35	16.48	6	1.42	1	2.84	11.78	16.48	9.97	399.74	384.09	3.246	5.252	23.69	38.33	200.3	1599	16	101.2	-7.26	0.213	1.0	-0.22	2.74	1.00	0.00	0.16	111115
42	"00:21:31"	1345.0	0	5.04	0.0508	217	0.674	1.35	16.48	6	1.42	1	2.84	11.78	16.48	9.97	399.95	384.09	3.246	5.253	23.69	38.34	200.4	1599	16	101.2	-7.26	0.213	1.0	-0.22	2.74	1.00	0.00	0.16	111115
43	"00:21:32"	1345.5	0	5.1	0.0508	214	0.674	1.35	16.49	6	1.42	1	2.84	11.78	16.49	9.97	400.12	384.06	3.246	5.253	23.69	38.34	200.3	1599	16	101.2	-7.26	0.213	1.0	-0.22	2.74	1.00	0.00	0.16	111115
44	"00:21:32"	1346.0	0	5.17	0.0508	212	0.674	1.35	16.49	6	1.42	1	2.84	11.78	16.49	9.97	400.29	384.04	3.246	5.254	23.69	38.35	200.3	1599	16	101.2	-7.26	0.213	1.0	-0.22	2.74	1.00	0.00	0.16	111115
45	"00:21:33"	1346.5	0	5.22	0.0509	211	0.674	1.35	16.48	6	1.42	1	2.84	11.78	16.48	9.97	400.42	384.01	3.246	5.254	23.69	38.35	200.3	1599	16	101.2	-7.26	0.213	1.0	-0.22	2.74	1.00	0.00	0.16	111115
46	"00:30:22"	1876.5	0	5.42	0.0583	224	0.932	1.63	19.67	6	1.42	1	2.84	16.22	19.67	15.04	400.60	383.30	3.858	6.632	21.10	36.27	200.3	1599	17	101.2	-7.51	0.179	1.0	-0.22	2.74	1.00	0.00	0.16	111115
47	"00:30:23"	1877.0	0	5.41	0.0583	224	0.932	1.63	19.67	6	1.42	1	2.84	16.22	19.67	15.04	400.60	383.32	3.858	6.632	21.10	36.27	200.3	1599	17	101.2	-7.51	0.179	1.0	-0.22	2.74	1.00	0.00	0.16	111115
48	"00:30:23"	1877.0	0	5.41	0.0583	224	0.932	1.63	19.67	6	1.42	1	2.84	16.22	19.67	15.04	400.60	383.32	3.858	6.632	21.10	36.27	200.3	1599	17	101.2	-7.51	0.179	1.0	-0.22	2.74	1.00	0.00	0.16	111115
49	"00:30:24"	1877.5	0	5.41	0.0583	224	0.932	1.63	19.67	6	1.42	1	2.84	16.23	19.67	15.04	400.60	383.32	3.858	6.632	21.10	36.27	200.3	1599	17	101.2	-7.51	0.179	1.0	-0.22	2.74	1.00	0.00	0.16	111115
50	"00:30:24"	1878.0	0	5.41	0.0583	224	0.933	1.63	19.67	6	1.42	1	2.84	16.22	19.67	15.04	400.60	383.32	3.858	6.632	21.10	36.27	200.3	1599	17	101.2	-7.51	0.179	1.0	-0.22	2.74	1.00	0.00	0.16	111115
51	"00:30:25"	1879.0	0	5.41	0.0583	225	0.933	1.63	19.67	6	1.42	1	2.84	16.23	19.67	15.04	400.61	383.35	3.858	6.634	21.10	36.28	200.3	1599	17	101.2	-7.51	0.179	1.0	-0.22	2.74	1.00	0.00	0.16	111115
52	"00:30:25"	1879.0	0	5.41	0.0583	225	0.933	1.63	19.67	6	1.42	1	2.84	16.23	19.67	15.04	400.61	383.35	3.858	6.634	21.10	36.28	200.3	1599	17	101.2	-7.51	0.179	1.0	-0.22	2.74	1.00	0.00	0.16	111115
53	"00:30:26"	1879.5	0	5.4	0.0583	225	0.933	1.63	19.67	6	1.42	1	2.84	16.23	19.67	15.04	400.61	383.35	3.859	6.634	21.10	36.28	200.3	1599	16	101.2	-7.51	0.179	1.0	-0.22	2.74	1.00	0.00	0.16	111115
54	"00:30:26"	1880.0	0	5.4	0.0584	225	0.933	1.63	19.67	6	1.42	1	2.84	16.23	19.67	15.04	400.60	383.36	3.859	6.635	21.10	36.28	200.3	1599	17	101.2	-7.51	0.179	1.0	-0.22	2.74	1.00	0.00	0.16	111115
55	"00:30:27"	1880.5	0	5.4	0.0584	225	0.933	1.63	19.66	6	1.42	1	2.84	16.23	19.66	15.04	400.60	383.35	3.859	6.635	21.10	36.29	200.3	1599	16	101.2	-7.51	0.179	1.0	-0.22	2.74	1.00	0.00	0.16	111115
56	"00:30:28"	1881.0	0	5.41	0.0584	225	0.933	1.63	19.66	6	1.42	1	2.84	16.23	19.66	15.04	400.59	383.32	3.859	6.635	21.10	36.28	200.3	1599	16	101.2	-7.51	0.179	1.0	-0.22	2.74	1.00	0.00	0.16	111115
57	"00:30:28"	1881.5	0	5.41	0.0584	225	0.933	1.63	19.66	6	1.42	1	2.84	16.23	19.66	15.04	400.60	383.32	3.859	6.635	21.10	36.29	200.3	1599	16	101.2	-7.51	0.179	1.0	-0.22	2.74	1.00	0.00	0.16	111115
58	"00:30:29"	1882.0	0	5.42	0.0584	224	0.933	1.63	19.66	6	1.42	1	2.84	16.23	19.66	15.04	400.60	383.30	3.859	6.636	21.10	36.29	200.3	1599	16	101.2	-7.51	0.179	1.0	-0.22	2.74	1.00	0.00	0.16	111115
59	"00:30:29"	1882.5	0	5.42	0.0584	224	0.933	1.63	19.66	6	1.42	1	2.84	16.23	19.66	15.04	400.61	383.30	3.859	6.635	21.10	36.28	200.3	1599	16	101.2	-7.51	0.179	1.0	-0.22	2.74	1.00	0.00	0.16	111115
60	"00:30:30"	1883.0	0	5.44	0.0585	224	0.933	1.63	19.66	6	1.42	1	2.84	16.23	19.66	15.04	400.65	383.28	3.859	6.636	21.10	36.29	200.3	1599	16	101.2	-7.51	0.179	1.0	-0.22	2.74	1.00	0.00	0.16	111115
61	"00:41:47"	2560.5	0	5.77	0.0637	225	1.2	1.91	22.96	6	1.42	1	2.84	20.70	22.96	20.11	400.47	381.81	5.372	8.928	22.20	36.89	200.3	1599	17	101.2	-7.72	0.108	1.0	-0.22	2.74	1.00	0.00	0.16	111115
62	"00:41:47"	2561.0	0	5.78	0.0637	225	1.2	1.91	22.96	6	1.42	1	2.84	20.70	22.96	20.11	400.49	381.80	5.372	8.929	22.20	36.90	200.3	1599	17	101.2	-7.72	0.108	1.0	-0.22	2.74	1.00	0.00	0.16	111115
63	"00:41:48"	2561.5	0	5.8	0.0638	224	1.2	1.91	22.96	6	1.42	1	2.84	20.70	22.96	20.11	400.53	381.78	5.372	8.929	22.20	36.90	200.3	1599	17	101.2	-7.72	0.108	1.0	-0.22	2.74	1.00	0.00	0.16	111115
64	"00:41:48"	2562.0	0	5.81	0.0637	224	1.2	1.91	22.96	6	1.42	1	2.84	20.70	22.96	20.11	400.54	381.78	5.372	8.928	22.20	36.90	200.3	1599	17	101.2	-7.72	0.108	1.0	-0.22	2.74	1.00	0.00	0.16	111115
65	"00:41:49"	2562.5	0	5.81	0.0637	224	1.2	1.91	22.96	6	1.42	1	2.84	20.70	22.96	20.11	400.58	381.79	5.373	8.929	22.20	36.90	200.3	1599	17	101.2	-7.72	0.108	1.0	-0.22	2.74	1.00	0.00	0.16	111115
66	"00:41:50"	2563.5	0	5.81	0.0637	224	1.2	1.91	22.96	6	1.42	1	2.84	20.70	22.96	20.11	400.57	381.79	5.373	8.928	22.20	36.90	200.3	1599	17	101.2	-7.72	0.108	1.0	-0.22	2.74	1.00	0.00	0.16	111115
67	"00:41:50"	2564.0	0	5.81	0.0637	224	1.2	1.91	22.96	6	1.42	1	2.84	20.70	22.96	20.11	400.57	381.78	5.372	8.928	22.20	36.89	200.3	1599	17	101.2	-7.72	0.108	1.0	-0.22	2.74	1.00	0.00	0.16	111115
68	"00:41:51"	2564.5	0	5.81	0.0638	224	1.2	1.91	22.95	6	1.42	1	2.84	20.70	22.95	20.11	400.56	381.79	5.372	8.928	22.20	36.90	200.3	1599	17	101.2	-7.72	0.108	1.0	-0.22	2.74	1.00	0.00	0.16	111115
69	"00:41:51"	2565.5	0	5.8	0.0638	224	1.2	1.91	22.96	6	1.42	1	2.84	20.70	22.96	20.11	400.55	381.80	5.373	8.928	22.20	36.89	200.3	1599	17	101.2	-7.72	0.108	1.0	-0.22	2.74	1.00	0.00	0.16	111115
70	"00:41:52"	2566.0	0	5.8	0.0638	224	1.2	1.91	22.95	6	1.42	1	2.84	20.70	22.95	20.11	400.54	381.79	5.373	8.928	22.20	36.89	200.3	1599	17	101.2	-7.72	0.108	1.0	-0.22	2.74	1.00	0.00	0.16	111115
71	"00:41:53"	2567.0	0	5.81	0.0638	224	1.2	1.91	22.96	6	1.42	1	2.84	20.70	22.96	20.11	400.55	381.79	5.373	8.928	22.20	36.89	200.3	1599	17	101.2	-7.72	0.108	1.0	-0.22	2.74	1.00	0.00	0.16	111115
72	"00:41:54"	2567.5	0	5.81	0.0638	224	1.2	1.91	22.96	6	1.42	1	2.84	20.70	22.96	20.11	400.57	381.80	5.373	8.928	22.20	36.89	200.3	1599	17	101.2	-7.72	0.108	1.0	-0.22	2.74	1.00	0.00	0.16	111115
73	"00:41:54"	2568.0	0	5.81	0.0638	224	1.2	1.91	22.96	6	1.42	1	2.84	20.70	22.96	20.12	400.57	381.81	5.373	8.928	22.20	36.89	200.3	1599	17	101.2	-7.72	0.108	1.0	-0.22	2.74	1.00	0.00	0.16	111115
74	"00:41:55"	2568.5	0	5.8	0.0638	224	1.2	1.91	22.96	6	1.42	1	2.84	20.70	22.96	20.12	400.55	381.82	5.374	8.928	22.21	36.89	200.3	1599	17	101.2	-7.72	0.108	1.0	-0.22	2.74	1.00	0.00	0.16	111115
75	"00:41:55"	2569.0	0	5.78	0.0638	225	1.2	1.91	22.95	6	1.42	1	2.84	20.70	22.95	20.12	400.53	381.84	5.374	8.928	22.21	36.89	200.3	1599	17	101.2	-7.72	0.108	1.0	-0.22	2.74	1.00	0.00	0.16	111115
76	"01:01:29"	3743.5	0	4.26	0.0333	170	0.771	2.32	26.46	6	1.42	1	2.84	25.03	26.46	25.00	400.13	386.48	9.096	11.379	28.91	36.16	200.3	1599	17	101.2	-7.82	0.0263	1.0	-0.22	2.74	1.00	0.00	0.16	111115
77	"01:01:30"	3744.0	0	4.26	0.0333	170	0.771	2.32	26.46	6	1.42	1	2.84	25.03	26.46	25.00	400.11	386.47	9.095	11.379	28.91	36.16	200.3	1599	17	101.2	-7.82	0.0263	1.0	-0.22	2.74	1.00	0.00	0.16	111115
78	"01:01:30"	3744.5	0	4.26	0.0333	169	0.771	2.32	26.46	6	1.42	1	2.84	25.03	26.46	25.00	400.12	386.47	9.096	11.379	28.91	36.16	200.3	1599	17	101.2	-7.82	0.0263	1.0	-0.22	2.74	1.00	0.00	0.16	111115
79	"01:01:31"	3745.0	0	4.27	0.0333	169	0.771	2.32	26.46	6	1.42	1	2.84	25.03	26.46	25.00	400.14	386.46	9.096	11.379	28.91	36.16	200.3	1599	17	101.2	-7.82	0.0263	1.0	-0.22	2.74	1.00	0.00	0.16	111115
80	"01:01:31"	3745.5	0	4.27	0.0333	169	0.77	2.32	26.46	6	1.42	1	2.84	25.02	26.46	25.00	400.13	386.46	9.096	11.378	28.91	36.16	200.3	1599	17	101.2	-7.82	0.0263	1.0	-0.22	2.74	1.00	0.00	0.16	111115
81	"01:01:32"	3746.0	0	4.27	0.0333	169	0.77	2.32	26.46	6	1.42	1	2.84	25.02	26.46	25.00	400.15	386.48	9.097	11.378	28.91	36.16	200.3	1599	17	101.2	-7.82	0.0263	1.0	-0.22	2.74	1.00	0.00	0.16	111115
82	"01:01:32"	3746.5	0	4.27	0.0333	169	0.77	2.32	26.46	6	1.42	1	2.84	25.02	26.46	25.00	400.15	386.47	9.097	11.378	28.91	36.16	200.3	1599	17	101.2	-7.82	0.0263	1.0	-0.22	2.74	1.00	0.00	0.16	111115
83	"01:01:33"	3747.0	0	4.27	0.0333	169	0.77	2.32	26.46	6	1.42	1	2.84	25.02	26.46	25.00	400.15	386.47	9.097	11.378	28.91	36.16	200.3	1599	17	101.2	-7.82	0.0263	1.0	-0.22	2.74	1.00	0.00	0.16	111115
84	"01:01:33"	3747.5	0	4.27	0.0332	168	0.77	2.32	26.46	6	1.42	1	2.84	25.02	26.46	25.00	400.17	386.47	9.097	11.378	28.91	36.16	200.3	1599	17	101.2	-7.82	0.0263	1.0	-0.22	2.74	1.00	0.00	0.16	111115
85	"01:01:34"	3748.0	0	4.27	0.0332	168	0.77	2.32	26.46	6	1.42	1	2.84	25.02	26.46	25.00	400.19	386.49	9.098	11.377	28.91	36.16	200.3	1599	17	101.2	-7.82	0.0263	1.0	-0.22	2.74	1.00	0.00	0.16	111115
86	"01:01:34"	3748.5	0	4.27	0.0332	169	0.769	2.32	26.46	6	1.42	1	2.84	25.02	26.46	25.00	400.18	386.50	9.098	11.377	28.92	36.16	200.3	1599	17	101.2	-7.82	0.0263	1.0	-0.22	2.74	1.00	0.00	0.16	111115
87	"01:01:35"	3749.0	0	4.26	0.0333	169	0.77	2.32	26.46	6	1.42	1	2.84	25.02	26.46	25.00	400.18	386.51	9.098	11.377	28.91	36.16	200.3	1599	17	101.2	-7.82	0.0263	1.0	-0.22	2.74	1.00	0.00	0.16	111115
88	"01:01:35"	3749.5	0	4.26	0.0333	169	0.77	2.32	26.46	6	1.42	1	2.84	25.02	26.46	25.00	400.18	386.52	9.098	11.377	28.91	36.16	200.3	1599	17	101.2	-7.82	0.0263	1.0	-0.22	2.74	1.00	0.00	0.16	111115
89	"01:01:36"	3750.0	0	4.26	0.0333	169	0.77	2.32	26.46	6	1.42	1	2.84	25.02	26.46	25.00	400.17	386.51	9.097	11.377	28.91	36.16	200.3	1599	17	101.2	-7.82	0.0263	1.0	-0.22	2.74	1.00	0.00	0.16	111115
90	"01:01:37"	3750.5	0	4.26	0.0333	169	0.77	2.32	26.46	6	1.42	1	2.84	25.02	26.46	25.00	400.16	386.51	9.098	11.377	28.91	36.16	200.3	1599	17	101.2	-7.82	0.0263	1.0	-0.22	2.74	1.00	0.00	0.16	111115
91	"01:12:33"	4407.0	0	2.9	0.0186	127	0.515	2.74	29.69	6	1.42	1	2.84	29.43	29.69	30.08	399.09	389.79	12.782	14.302	31.37	35.11	200.3	1600	16	101.2	-7.98	-0.0771	1.0	-0.22	2.74	1.00	0.00	0.16	111115
92	"01:12:33"	4407.5	0	2.92	0.0186	126	0.515	2.74	29.69	6	1.42	1	2.84	29.43	29.69	30.08	399.15	389.80	12.782	14.303	31.38	35.11	200.3	1600	16	101.2	-7.98	-0.0771	1.0	-0.22	2.74	1.00	0.00	0.16	111115
93	"01:12:34"	4407.5	0	2.92	0.0186	126	0.515	2.74	29.69	6	1.42	1	2.84	29.43	29.69	30.08	399.15	389.80	12.782	14.303	31.38	35.11	200.3	1600	16	101.2	-7.98	-0.0771	1.0	-0.22	2.74	1.00	0.00	0.16	111115
94	"01:12:34"	4408.0	0	2.95	0.0186	123	0.515	2.74	29.69	6	1.42	1	2.84	29.43	29.69	30.08	399.22	389.78	12.782	14.301	31.37	35.10	200.3	1600	16	101.2	-7.98	-0.0771	1.0	-0.22	2.74	1.00	0.00	0.16	111115
95	"01:12:35"	4408.5	0	2.97	0.0186	121	0.515	2.74	29.69	6	1.42	1	2.84	29.43	29.69	30.08	399.30	389.79	12.782	14.302	31.37	35.10	200.3	1600	16	101.2	-7.98	-0.0771	1.0	-0.22	2.74	1.00	0.00	0.16	111115
96	"01:12:35"	4409.5	0	2.98	0.0186	121	0.514	2.74	29.69	6	1.42	1	2.84	29.43	29.69	30.08	399.28	389.76	12.782	14.301	31.37	35.10	200.3	1600	16	101.2	-7.98	-0.0771	1.0	-0.22	2.74	1.00	0.00	0.16	111115
97	"01:12:36"	4409.5	0	2.98	0.0186	121	0.514	2.74	29.69	6	1.42	1	2.84	29.43	29.69	30.08	399.28	389.76	12.782	14.301	31.37	35.10	200.3	1600	16	101.2	-7.98	-0.0771	1.0	-0.22	2.74	1.00	0.00	0.16	111115
98	"01:12:36"	4410.0	0	2.97	0.0186	122	0.514	2.74	29.68	6	1.42	1	2.84	29.43	29.68	30.08	399.26	389.77	12.783	14.300	31.37	35.10	200.3	1600	16	101.2	-7.98	-0.0771	1.0	-0.22	2.74	1.00	0.00	0.16	111115
99	"01:12:37"	4410.5	0	2.96	0.0186	123	0.514	2.74	29.68	6	1.42	1	2.84	29.43	29.68	30.08	399.23	389.77	12.783	14.301	31.37	35.10	200.3	1600	16	101.2	-7.98	-0.0771	1.0	-0.22	2.74	1.00	0.00	0.16	111115
100	"01:12:38"	4411.0	0	2.94	0.0186	124	0.514	2.74	29.68	6	1.42	1	2.84	29.43	29.68	30.08	399.19	389.78	12.783	14.301	31.37	35.10	200.3	1600	16	101.2	-7.98	-0.0771	1.0	-0.22	2.74	1.00	0.00	0.16	111115
101	"01:12:38"	4412.5	0	2.9	0.0186	127	0.513	2.74	29.68	6	1.42	1	2.84	29.43	29.68	30.08	399.08	389.78	12.784	14.299	31.37	35.09	200.3	1600	16	101.2	-7.98	-0.0771	1.0	-0.22	2.74	1.00	0.00	0.16	111115
102	"01:12:39"	4412.5	0	2.9	0.0186	127	0.513	2.74	29.68	6	1.42	1	2.84	29.43	29.68	30.08	399.08	389.78	12.784	14.299	31.37	35.09	200.3	1600	16	101.2	-7.98	-0.0771	1.0	-0.22	2.74	1.00	0.00	0.16	111115
103	"01:12:40"	4413.0	0	2.9	0.0186	127	0.513	2.74	29.68	6	1.42	1	2.84	29.43	29.68	30.08	399.08	389.79	12.784	14.298	31.37	35.09	200.3	1600	16	101.2	-7.98	-0.0771	1.0	-0.22	2.74	1.00	0.00	0.16	111115
104	"01:12:40"	4414.0	0	2.91	0.0186	126	0.513	2.74	29.68	6	1.42	1	2.84	29.43	29.68	30.08	399.11	389.78	12.783	14.298	31.37	35.09	200.3	1600	16	101.2	-7.98	-0.0771	1.0	-0.22	2.74	1.00	0.00	0.16	111115
105	"01:12:41"	4414.5	0	2.91	0.0185	125	0.513	2.74	29.69	6	1.42	1	2.84	29.43	29.69	30.08	399.12	389.79	12.782	14.296	31.37	35.08	200.3	1600	16	101.2	-7.98	-0.0771	1.0	-0.22	2.74	1.00	0.00	0.16	111115
106	"01:25:34"	5188.5	0	1.44	0.00778	86.6	0.258	3.25	33.15	6	1.42	1	2.84	33.94	33.15	35.15	400.92	396.30	17.472	18.231	33.19	34.63	200.3	1599	15	101.2	-8.09	-0.228	1.0	-0.22	2.74	1.00	0.00	0.16	111115
107	"01:25:34"	5189.0	0	1.45	0.00778	84.6	0.258	3.25	33.15	6	1.42	1	2.84	33.94	33.15	35.15	400.91	396.26	17.471	18.230	33.18	34.63	200.3	1599	15	101.2	-8.09	-0.228	1.0	-0.22	2.74	1.00	0.00	0.16	111115
108	"01:25:35"	5189.5	0	1.45	0.00779	85.3	0.258	3.25	33.15	6	1.42	1	2.84	33.94	33.15	35.15	400.90	396.26	17.470	18.230	33.18	34.63	200.3	1600	15	101.2	-8.09	-0.228	1.0	-0.22	2.74	1.00	0.00	0.16	111115
109	"01:25:35"	5190.0	0	1.45	0.00778	85.2	0.258	3.25	33.15	6	1.42	1	2.84	33.94	33.15	35.15	400.90	396.26	17.470	18.229	33.18	34.62	200.3	1599	15	101.2	-8.09	-0.228	1.0	-0.22	2.74	1.00	0.00	0.16	111115
110	"01:25:36"	5190.5	0	1.44	0.00777	86.1	0.258	3.25	33.15	6	1.42	1	2.84	33.94	33.15	35.15	400.89	396.27	17.470	18.228	33.18	34.62	200.3	1599	15	101.2	-8.09	-0.228	1.0	-0.22	2.74	1.00	0.00	0.16	111115
111	"01:25:36"	5191.0	0	1.45	0.00777	84.9	0.258	3.25	33.15	6	1.42	1	2.84	33.94	33.15	35.15	400.90	396.26	17.469	18.228	33.18	34.62	200.3	1599	15	101.2	-8.09	-0.228	1.0	-0.22	2.74	1.00	0.00	0.16	111115
112	"01:25:37"	5191.5	0	1.45	0.00778	84	0.258	3.25	33.15	6	1.42	1	2.84	33.94	33.15	35.15	400.93	396.27	17.469	18.228	33.18	34.62	200.3	1600	15	101.2	-8.09	-0.228	1.0	-0.22	2.74	1.00	0.00	0.16	111115
113	"01:25:37"	5192.0	0	1.46	0.00778	83.1	0.258	3.25	33.14	6	1.42	1	2.84	33.94	33.14	35.15	400.93	396.26	17.469	18.228	33.18	34.62	200.3	1600	15	101.2	-8.09	-0.228	1.0	-0.22	2.74	1.00	0.00	0.16	111115
114	"01:25:38"	5192.5	0	1.46	0.00778	83.4	0.258	3.25	33.14	6	1.42	1	2.84	33.94	33.14	35.15	400.92	396.26	17.469	18.227	33.18	34.62	200.3	1600	15	101.2	-8.09	-0.228	1.0	-0.22	2.74	1.00	0.00	0.16	111115
115	"01:25:38"	5192.5	0	1.46	0.00778	83.4	0.258	3.25	33.14	6	1.42	1	2.84	33.94	33.14	35.15	400.92	396.26	17.469	18.227	33.18	34.62	200.3	1600	15	101.2	-8.09	-0.228	1.0	-0.22	2.74	1.00	0.00	0.16	111115
116	"01:25:39"	5193.5	0	1.45	0.00777	83.8	0.258	3.25	33.15	6	1.42	1	2.84	33.94	33.15	35.15	400.94	396.29	17.470	18.228	33.18	34.62	200.3	1600	15	101.2	-8.09	-0.228	1.0	-0.22	2.74	1.00	0.00	0.16	111115
117	"01:25:40"	5194.0	0	1.45	0.00778	83.7	0.258	3.25	33.15	6	1.42	1	2.84	33.94	33.15	35.15	400.96	396.30	17.470	18.229	33.18	34.63	200.3	1600	15	101.2	-8.09	-0.228	1.0	-0.22	2.74	1.00	0.00	0.16	111115
118	"01:25:40"	5194.5	0	1.47	0.00778	80.8	0.258	3.25	33.15	6	1.42	1	2.84	33.94	33.15	35.15	400.98	396.27	17.470	18.229	33.18	34.63	200.3	1600	15	101.2	-8.09	-0.228	1.0	-0.22	2.74	1.00	0.00	0.16	111115
119	"01:25:41"	5195.0	0	1.47	0.00777	80.3	0.258	3.25	33.15	6	1.42	1	2.84	33.94	33.15	35.15	401.00	396.29	17.470	18.228	33.19	34.63	200.3	1600	15	101.2	-8.09	-0.228	1.0	-0.22	2.74	1.00	0.00	0.16	111115
120	"01:25:41"	5195.5	0	1.47	0.00777	81.1	0.258	3.25	33.15	6	1.42	1	2.84	33.94	33.15	35.15	400.98	396.28	17.469	18.227	33.19	34.63	200.3	1600	15	101.2	-8.09	-0.228	1.0	-0.22	2.74	1.00	0.00	0.16	111115
121	"01:36:08"	5822.5	0	0.819	0.0049	112	0.213	4.24	36.23	6	1.42	1	2.84	38.31	36.23	40.02	400.14	397.43	17.211	17.839	25.72	26.66	200.3	1599	16	101.1	-8.19	-0.227	1.0	-0.22	2.74	1.00	0.00	0.16	111115
122	"01:36:09"	5823.0	0	0.805	0.0049	116	0.213	4.24	36.23	6	1.42	1	2.84	38.31	36.23	40.02	400.10	397.44	17.211	17.839	25.72	26.65	200.3	1599	16	101.1	-8.19	-0.227	1.0	-0.22	2.74	1.00	0.00	0.16	111115
123	"01:36:09"	5823.5	0	0.797	0.0049	119	0.213	4.24	36.23	6	1.42	1	2.84	38.31	36.23	40.02	400.10	397.45	17.212	17.839	25.72	26.65	200.3	1599	16	101.1	-8.19	-0.227	1.0	-0.22	2.74	1.00	0.00	0.16	111115
124	"01:36:10"	5824.0	0	0.796	0.0049	119	0.213	4.24	36.23	6	1.42	1	2.84	38.31	36.23	40.02	400.10	397.46	17.212	17.839	25.72	26.66	200.3	1599	16	101.1	-8.19	-0.227	1.0	-0.22	2.74	1.00	0.00	0.16	111115
125	"01:36:10"	5824.5	0	0.795	0.0049	119	0.213	4.24	36.23	6	1.42	1	2.84	38.31	36.23	40.02	400.11	397.47	17.212	17.840	25.72	26.66	200.3	1599	16	101.1	-8.19	-0.227	1.0	-0.22	2.74	1.00	0.00	0.16	111115
126	"01:36:11"	5825.5	0	0.8	0.00491	118	0.214	4.24	36.23	6	1.42	1	2.84	38.31	36.23	40.02	400.12	397.46	17.212	17.841	25.72	26.66	200.3	1599	16	101.1	-8.19	-0.227	1.0	-0.22	2.74	1.00	0.00	0.16	111115
127	"01:36:12"	5826.0	0	0.793	0.00491	120	0.214	4.24	36.23	6	1.42	1	2.84	38.31	36.23	40.02	400.10	397.47	17.212	17.841	25.72	26.66	200.3	1599	15	101.1	-8.19	-0.227	1.0	-0.22	2.74	1.00	0.00	0.16	111115
128	"01:36:12"	5826.5	0	0.8	0.00491	118	0.214	4.24	36.23	6	1.42	1	2.84	38.31	36.23	40.02	400.12	397.47	17.213	17.842	25.72	26.66	200.3	1599	15	101.1	-8.19	-0.227	1.0	-0.22	2.74	1.00	0.00	0.16	111115
129	"01:36:13"	5827.0	0	0.8	0.0049	118	0.213	4.24	36.23	6	1.42	1	2.84	38.31	36.23	40.02	400.11	397.46	17.214	17.842	25.72	26.66	200.3	1599	15	101.1	-8.19	-0.227	1.0	-0.22	2.74	1.00	0.00	0.16	111115
130	"01:36:13"	5827.5	0	0.81	0.0049	115	0.213	4.24	36.23	6	1.42	1	2.84	38.31	36.23	40.02	400.15	397.47	17.214	17.842	25.72	26.66	200.3	1599	15	101.1	-8.19	-0.227	1.0	-0.22	2.74	1.00	0.00	0.16	111115
131	"01:36:14"	5828.5	0	0.809	0.00489	114	0.213	4.24	36.23	6	1.42	1	2.84	38.31	36.23	40.02	400.14	397.46	17.215	17.841	25.72	26.65	200.3	1599	15	101.1	-8.19	-0.227	1.0	-0.22	2.74	1.00	0.00	0.16	111115
132	"01:36:15"	5829.0	0	0.812	0.00488	113	0.212	4.24	36.23	6	1.42	1	2.84	38.31	36.23	40.02	400.14	397.45	17.215	17.841	25.72	26.66	200.3	1599	16	101.1	-8.19	-0.227	1.0	-0.22	2.74	1.00	0.00	0.16	111115
133	"01:36:15"	5829.5	0	0.808	0.00488	114	0.212	4.24	36.23	6	1.42	1	2.84	38.31	36.23	40.02	400.13	397.45	17.216	17.840	25.72	26.66	200.3	1599	16	101.1	-8.19	-0.227	1.0	-0.22	2.74	1.00	0.00	0.16	111115
134	"01:36:16"	5830.0	0	0.811	0.00487	113	0.212	4.24	36.23	6	1.42	1	2.84	38.31	36.23	40.02	400.12	397.44	17.216	17.840	25.72	26.65	200.3	1599	16	101.1	-8.19	-0.227	1.0	-0.22	2.74	1.00	0.00	0.16	111115
135	"01:36:17"	5830.5	0	0.813	0.00487	112	0.212	4.24	36.23	6	1.42	1	2.84	38.31	36.23	40.02	400.12	397.44	17.215	17.839	25.72	26.65	200.3	1599	16	101.1	-8.19	-0.227	1.0	-0.22	2.74	1.00	0.00	0.16	111115
136	"01:49:26"	6620.0	0	0.412	0.00253	114	0.143	5.46	39.53	6	1.42	1	2.84	42.92	39.53	45.09	399.55	398.15	17.019	17.440	19.89	20.38	200.3	1599	16	101.1	-8.15	-0.217	1.0	-0.22	2.74	1.00	0.00	0.16	111115
137	"01:49:26"	6620.5	0	0.41	0.00253	115	0.143	5.46	39.53	6	1.42	1	2.84	42.92	39.53	45.09	399.56	398.16	17.020	17.440	19.89	20.38	200.3	1599	16	101.1	-8.15	-0.217	1.0	-0.22	2.74	1.00	0.00	0.16	111115
138	"01:49:27"	6621.0	0	0.437	0.00252	98.3	0.143	5.46	39.53	6	1.42	1	2.84	42.92	39.53	45.09	399.63	398.15	17.021	17.441	19.89	20.38	200.3	1599	16	101.1	-8.15	-0.217	1.0	-0.22	2.74	1.00	0.00	0.16	111115
139	"01:49:28"	6622.0	0	0.436	0.00253	99	0.143	5.46	39.53	6	1.42	1	2.84	42.92	39.53	45.09	399.65	398.17	17.022	17.442	19.89	20.38	200.3	1599	16	101.1	-8.15	-0.217	1.0	-0.22	2.74	1.00	0.00	0.16	111115
140	"01:49:28"	6622.5	0	0.438	0.00252	97.7	0.143	5.46	39.53	6	1.42	1	2.84	42.92	39.53	45.09	399.62	398.14	17.021	17.441	19.89	20.38	200.3	1599	16	101.1	-8.15	-0.217	1.0	-0.22	2.74	1.00	0.00	0.16	111115
141	"01:49:29"	6623.0	0	0.44	0.00252	96.9	0.143	5.46	39.53	6	1.42	1	2.84	42.92	39.53	45.09	399.63	398.14	17.022	17.442	19.89	20.38	200.3	1599	16	101.1	-8.15	-0.217	1.0	-0.22	2.74	1.00	0.00	0.16	111115
142	"01:49:29"	6623.5	0	0.437	0.00252	98.3	0.143	5.46	39.53	6	1.42	1	2.84	42.92	39.53	45.09	399.61	398.13	17.021	17.441	19.89	20.38	200.3	1599	16	101.1	-8.15	-0.217	1.0	-0.22	2.74	1.00	0.00	0.16	111115
143	"01:49:30"	6624.5	0	0.436	0.00254	100	0.143	5.46	39.52	6	1.42	1	2.84	42.92	39.52	45.09	399.61	398.14	17.020	17.442	19.89	20.38	200.3	1599	16	101.1	-8.15	-0.217	1.0	-0.22	2.74	1.00	0.00	0.16	111115
144	"01:49:31"	6625.0	0	0.421	0.00253	109	0.143	5.46	39.52	6	1.42	1	2.84	42.92	39.52	45.09	399.57	398.14	17.020	17.441	19.89	20.38	200.4	1599	16	101.1	-8.15	-0.217	1.0	-0.22	2.74	1.00	0.00	0.16	111115
145	"01:49:31"	6625.5	0	0.42	0.00253	109	0.143	5.46	39.53	6	1.42	1	2.84	42.92	39.53	45.09	399.57	398.14	17.020	17.441	19.89	20.38	200.3	1599	16	101.1	-8.15	-0.217	1.0	-0.22	2.74	1.00	0.00	0.16	111115
146	"01:49:32"	6626.0	0	0.424	0.00253	107	0.143	5.46	39.53	6	1.42	1	2.84	42.92	39.53	45.09	399.56	398.12	17.020	17.440	19.89	20.38	200.3	1599	16	101.1	-8.15	-0.217	1.0	-0.22	2.74	1.00	0.00	0.16	111115
147	"01:49:33"	6627.0	0	0.42	0.00253	109	0.143	5.47	39.53	6	1.42	1	2.84	42.92	39.53	45.09	399.57	398.14	17.020	17.441	19.89	20.38	200.3	1599	16	101.1	-8.15	-0.217	1.0	-0.22	2.74	1.00	0.00	0.16	111115
148	"01:49:33"	6627.5	0	0.42	0.00253	109	0.143	5.46	39.53	6	1.42	1	2.84	42.92	39.53	45.09	399.57	398.15	17.020	17.440	19.89	20.38	200.3	1599	15	101.1	-8.15	-0.217	1.0	-0.22	2.74	1.00	0.00	0.16	111115
149	"01:49:34"	6628.0	0	0.418	0.00252	109	0.142	5.47	39.53	6	1.42	1	2.84	42.93	39.53	45.09	399.57	398.15	17.021	17.440	19.89	20.38	200.3	1599	15	101.1	-8.15	-0.217	1.0	-0.22	2.74	1.00	0.00	0.16	111115
150	"01:49:34"	6628.5	0	0.404	0.00251	117	0.142	5.47	39.53	6	1.42	1	2.84	42.93	39.53	45.09	399.54	398.16	17.021	17.439	19.89	20.38	200.3	1599	15	101.1	-8.15	-0.217	1.0	-0.22	2.74	1.00	0.00	0.16	111115
151	"01:59:42"	7236.0	0	0.278	0.00221	167	0.146	6.39	41.81	6	1.42	1	2.84	47.00	41.81	49.75	400.13	399.12	17.131	17.562	16.22	16.63	200.3	1599	14	101.1	-8.37	-0.234	0.7	-0.22	2.74	1.00	0.00	0.16	111115
152	"01:59:43"	7236.5	0	0.288	0.0022	160	0.146	6.38	41.81	6	1.42	1	2.84	47.00	41.81	49.75	400.15	399.11	17.132	17.561	16.22	16.63	200.3	1599	14	101.1	-8.37	-0.234	0.7	-0.22	2.74	1.00	0.00	0.16	111115
153	"01:59:43"	7237.0	0	0.286	0.0022	161	0.146	6.38	41.81	6	1.42	1	2.84	47.00	41.81	49.75	400.15	399.12	17.132	17.561	16.22	16.63	200.3	1599	14	101.1	-8.37	-0.234	0.7	-0.22	2.74	1.00	0.00	0.16	111115
154	"01:59:44"	7237.5	0	0.295	0.0022	155	0.146	6.38	41.80	6	1.42	1	2.84	47.00	41.80	49.75	400.17	399.11	17.131	17.561	16.22	16.63	200.3	1599	14	101.1	-8.37	-0.234	0.7	-0.22	2.74	1.00	0.00	0.16	111115
155	"01:59:44"	7238.0	0	0.306	0.0022	148	0.146	6.38	41.80	6	1.42	1	2.84	47.00	41.80	49.75	400.18	399.09	17.131	17.561	16.22	16.63	200.3	1599	14	101.1	-8.37	-0.234	0.7	-0.22	2.74	1.00	0.00	0.16	111115
156	"01:59:45"	7238.5	0	0.313	0.0022	142	0.146	6.38	41.80	6	1.42	1	2.84	47.00	41.80	49.75	400.20	399.09	17.132	17.561	16.22	16.63	200.3	1599	14	101.1	-8.37	-0.234	0.7	-0.22	2.74	1.00	0.00	0.16	111115
157	"01:59:45"	7239.0	0	0.31	0.0022	144	0.146	6.38	41.80	6	1.42	1	2.84	47.00	41.80	49.76	400.18	399.07	17.133	17.561	16.22	16.63	200.3	1599	14	101.1	-8.37	-0.234	0.7	-0.22	2.74	1.00	0.00	0.16	111115
158	"01:59:46"	7239.5	0	0.3	0.0022	151	0.146	6.38	41.80	6	1.42	1	2.84	47.00	41.80	49.76	400.14	399.07	17.132	17.561	16.22	16.62	200.3	1599	14	101.1	-8.37	-0.234	0.7	-0.22	2.74	1.00	0.00	0.16	111115
159	"01:59:46"	7240.0	0	0.304	0.00219	148	0.145	6.38	41.80	6	1.42	1	2.84	47.00	41.80	49.76	400.14	399.05	17.133	17.560	16.22	16.63	200.3	1599	14	101.1	-8.37	-0.234	0.7	-0.22	2.74	1.00	0.00	0.16	111115
160	"01:59:47"	7240.5	0	0.308	0.00219	145	0.145	6.38	41.80	6	1.42	1	2.84	47.00	41.80	49.76	400.15	399.06	17.133	17.560	16.22	16.62	200.3	1599	14	101.1	-8.37	-0.234	0.7	-0.22	2.74	1.00	0.00	0.16	111115
161	"01:59:47"	7241.0	0	0.318	0.00219	138	0.145	6.38	41.80	6	1.42	1	2.84	47.00	41.80	49.77	400.17	399.04	17.132	17.560	16.22	16.62	200.3	1599	14	101.1	-8.37	-0.234	0.7	-0.22	2.74	1.00	0.00	0.16	111115
162	"01:59:48"	7241.5	0	0.318	0.00218	137	0.145	6.38	41.81	6	1.42	1	2.84	47.00	41.81	49.77	400.18	399.05	17.134	17.560	16.22	16.63	200.3	1599	14	101.1	-8.37	-0.234	1.0	-0.22	2.74	1.00	0.00	0.16	111115
163	"01:59:49"	7242.0	0	0.315	0.00218	139	0.145	6.38	41.81	6	1.42	1	2.84	47.00	41.81	49.77	400.16	399.04	17.133	17.560	16.22	16.63	200.3	1599	14	101.1	-8.37	-0.234	1.0	-0.22	2.74	1.00	0.00	0.16	111115
164	"01:59:49"	7242.5	0	0.309	0.00219	144	0.145	6.38	41.81	6	1.42	1	2.84	47.00	41.81	49.77	400.13	399.04	17.133	17.561	16.22	16.63	200.3	1599	14	101.1	-8.37	-0.234	1.0	-0.22	2.74	1.00	0.00	0.16	111115
165	"01:59:50"	7243.5	0	0.313	0.00219	142	0.145	6.39	41.81	6	1.42	1	2.84	47.00	41.81	49.77	400.14	399.03	17.133	17.562	16.22	16.63	200.3	1599	14	101.1	-8.37	-0.234	1.0	-0.22	2.74	1.00	0.00	0.16	111115
