"OPEN 6.2.5"
"Thr Jan 27 2022 12:08:18"
<open><version>"6.2.5"</version></open>
<open><configfile>"/User/Configs/UserPrefs/2x3 LED.xml"</configfile></open>
<open><light><source>"6400-02 or -02B LED Source"</source><par_in>1<sensor>"SI-3989"<cal>-0.92<actinity>1.00</actinity><transm>1.00</transm></cal></sensor><transm>1</transm></par_in><par_out>1<sensor>"Q50937"<cal>6.45</cal></sensor></par_out></light></open>
<open><comps><file>"/User/Configs/Comps/StdComps_6.2"<header>""</header><extras></extras></file><energybal>no<f_parIn>1</f_parIn><f_parOut>0</f_parOut><alphaK>0.16</alphaK></energybal><bc_total>2.840<stomatal_ratio>1</stomatal_ratio><bc_oneside>1.420<type>2</type><table>"/Sys/Lib/StdBLCTable"</table><area>6</area><slope>-0.219565</slope><offset>2.73739</offset><fan>5</fan></bc_oneside></bc_total></comps></open>
<open><prompts><onlog>off</onlog><items>"Default (none)"</items></prompts></open>
<open><constants><oxygen>21 %</oxygen><bb_vapor>1.5</bb_vapor><bb_oxy>0.9</bb_oxy></constants></open>
<open><stability><items>"Std Stability"<items[1]><id>-2</id><size>15</size><pcv><onoff>0</onoff><value>1</value></pcv><std><onoff>0</onoff><value>1</value></std><slp><onoff>1</onoff><value>1</value></slp></items[1]><items[2]><id>-5</id><size>15</size><pcv><onoff>0</onoff><value>1</value></pcv><std><onoff>0</onoff><value>1</value></std><slp><onoff>1</onoff><value>1</value></slp></items[2]><items[3]><id>-7</id><size>15</size><pcv><onoff>0</onoff><value>1</value></pcv><std><onoff>0</onoff><value>1</value></std><slp><onoff>1</onoff><value>1</value></slp></items[3]></items></stability></open>
<open><log><format>"StdLogFmt_6.0"<items>{ -35 -21 -36 -76 30 23 36 21 25 221 -33 111 -34 11 -9 -10 -8 -1 -2 -4 -5 -14 -15 -7 -12 -13 -11 -65 -66 -72 -18 -19 -77 -78 -79 -23  }<hdr>{  }</hdr></items></format><options><beep>on</beep><hdr>normal</hdr><rem>normal</rem><stab>no</stab><stats>no<mean>no</mean><file>no</file><period>15</period></stats><excel>yes</excel><controls>yes</controls><comm>no</comm></options><datafile>"/User/jcg_gash_1"</datafile><button><action>"Normal Log"<code>" LogOneObsManual "</code></action></button><autoprog>"/User/Configs/AutoProgs/AutoLog2"<active>no</active></autoprog></log></open>
<open><a2d><avgtime>4.0 secs</avgtime><userchans><ch20>"Off"</ch20><ch21>"Off"</ch21><ch22>"Off"</ch22><ch23>"Off"</ch23></userchans></a2d></open>
<open><matching><type>0</type><disp>'a'</disp><settings><CO2Limit>10.0</CO2Limit><H2OLimit>1.0</H2OLimit><MaxAutoTime>60</MaxAutoTime></settings></matching></open>
<li6400><factory><unit>"PSC-4076"</unit><serviced>"31 Mar 2014"</serviced><fuseaware>0</fuseaware><co2mixer>yes</co2mixer><co2><coeffs>{ 0 0.215349 2.57678e-05 1.9763e-08 -3.21542e-12 3.03737e-16  }</coeffs><dvdt>-2.8</dvdt><xs>{ 0.0005 0.0003  }</xs></co2><h2o><coeffs>{ 0 0.00579256 2.19235e-06 9.06457e-12  }</coeffs><dvdt>-1</dvdt><xs>{ -0.0026 0.0003  }</xs></h2o><flow>{ 0 0.3607  }</flow><press>{ 88.32 0.00555  }</press></factory></li6400>
<li6400><user><flow_zero>-1560.7</flow_zero><irga_zero><co2>-312.6 -351.6<at>29.8235</at></co2><h2o>-156.6 77.4<at>31.0407</at></h2o></irga_zero><irga_span><co2>{ 0.988788 0.993555  }</co2><h2o>{ 0.996032 0.996401  }</h2o></irga_span><irga_match><co2>{ -1.32399 20.7898  }</co2><h2o>{ -0.104692 0.775516  }</h2o></irga_match><co2_mixer><pump_mv>4500</pump_mv><ppm>{ 2185.36 1052.7 419.509 255.894 118.056 69.8071 46.8351 46.4167  }</ppm><mv>{ 5000 3000 1500 1000 500 300 200 100  }</mv></co2_mixer><parin_offset>-0.0908794</parin_offset><led_cal><unit>"SI-3989"</unit><mv>{ 10 25 50 100 1000 2000 3000 4000 5000  }</mv><qntm>{ 5.41353 17.8999 38.6356 86.3019 941.421 1838.37 2690.41 3508.95 4284.65  }</qntm></led_cal><lcf_cal><unit>"unknown"</unit><red><mv>{ 50 100 500 1000 1500 5000  }</mv><qntm>{ 50 100 500 1000 2000 5000  }</qntm></red><blue><mv>{ 100 200 500 1000 2000 5000  }</mv><qntm>{ 10 20 50 100 200 500  }</qntm></blue></lcf_cal></user></li6400>
"12:08:19 "
$STARTOFDATA$
"Obs"	"HHMMSS"	"FTime"	"EBal?"	"Photo"	"Cond"	"Ci"	"Trmmol"	"VpdL"	"CTleaf"	"Area"	"BLC_1"	"StmRat"	"BLCond"	"Tair"	"Tleaf"	"TBlk"	"CO2R"	"CO2S"	"H2OR"	"H2OS"	"RH_R"	"RH_S"	"Flow"	"PARi"	"PARo"	"Press"	"CsMch"	"HsMch"	"StableF"	"BLCslope"	"BLCoffst"	"f_parin"	"f_parout"	"alphaK"	"Status"
"12:29:34 Flow: Fixed -> 200 umol/s"
1	"12:33:25"	1523.5	0	2.17	0.031	275	0.25	0.823	8.33	6	1.42	1	2.84	3.14	8.33	0.06	398.98	392.17	1.984	2.732	26.25	36.15	199.8	1600	1	101.7	20.2	0.544	1.0	-0.22	2.74	1.00	0.00	0.16	111115
2	"12:33:25"	1523.5	0	2.17	0.031	275	0.25	0.823	8.33	6	1.42	1	2.84	3.14	8.33	0.06	398.98	392.17	1.984	2.732	26.25	36.15	199.8	1600	1	101.7	20.2	0.544	1.0	-0.22	2.74	1.00	0.00	0.16	111115
3	"12:33:25"	1524.0	0	2.17	0.031	274	0.25	0.824	8.33	6	1.42	1	2.84	3.14	8.33	0.06	398.96	392.14	1.984	2.732	26.26	36.16	199.8	1600	1	101.7	20.2	0.544	1.0	-0.22	2.74	1.00	0.00	0.16	111115
4	"12:33:26"	1524.5	0	2.18	0.0309	274	0.25	0.824	8.33	6	1.42	1	2.84	3.13	8.33	0.06	398.97	392.12	1.984	2.732	26.27	36.16	199.8	1600	1	101.7	20.2	0.544	1.0	-0.22	2.74	1.00	0.00	0.16	111115
5	"12:33:26"	1524.5	0	2.18	0.0309	274	0.25	0.824	8.33	6	1.42	1	2.84	3.13	8.33	0.06	398.97	392.12	1.984	2.732	26.27	36.16	199.8	1600	1	101.7	20.2	0.544	1.0	-0.22	2.74	1.00	0.00	0.16	111115
6	"12:33:27"	1526.0	0	2.19	0.031	274	0.25	0.822	8.32	6	1.42	1	2.84	3.13	8.32	0.05	398.96	392.09	1.984	2.732	26.28	36.19	199.8	1600	2	101.7	20.2	0.544	1.0	-0.22	2.74	1.00	0.00	0.16	111115
7	"12:33:28"	1526.5	0	2.2	0.0311	274	0.25	0.821	8.30	6	1.42	1	2.84	3.12	8.30	0.05	398.97	392.08	1.983	2.733	26.28	36.21	199.8	1600	2	101.7	20.2	0.544	1.0	-0.22	2.74	1.00	0.00	0.16	111115
8	"12:33:28"	1526.5	0	2.2	0.0311	274	0.25	0.821	8.30	6	1.42	1	2.84	3.12	8.30	0.05	398.97	392.08	1.983	2.733	26.28	36.21	199.8	1600	2	101.7	20.2	0.544	1.0	-0.22	2.74	1.00	0.00	0.16	111115
9	"12:33:28"	1526.5	0	2.2	0.0311	274	0.25	0.821	8.30	6	1.42	1	2.84	3.12	8.30	0.05	398.97	392.08	1.983	2.733	26.28	36.21	199.8	1600	2	101.7	20.2	0.544	1.0	-0.22	2.74	1.00	0.00	0.16	111115
10	"12:33:29"	1527.0	0	2.21	0.0311	273	0.25	0.821	8.29	6	1.42	1	2.84	3.12	8.29	0.05	399.00	392.08	1.984	2.733	26.28	36.21	199.8	1600	2	101.7	20.2	0.544	1.0	-0.22	2.74	1.00	0.00	0.16	111115
11	"12:33:29"	1528.0	0	2.22	0.0312	273	0.25	0.82	8.28	6	1.42	1	2.84	3.12	8.28	0.04	399.06	392.11	1.984	2.734	26.29	36.22	199.8	1600	2	101.7	20.2	0.544	1.0	-0.22	2.74	1.00	0.00	0.16	111115
12	"12:33:30"	1528.0	0	2.22	0.0312	273	0.25	0.82	8.28	6	1.42	1	2.84	3.12	8.28	0.04	399.06	392.11	1.984	2.734	26.29	36.22	199.8	1600	2	101.7	20.2	0.544	1.0	-0.22	2.74	1.00	0.00	0.16	111115
13	"12:33:30"	1528.5	0	2.21	0.0312	273	0.251	0.819	8.28	6	1.42	1	2.84	3.12	8.28	0.04	399.06	392.12	1.984	2.734	26.29	36.23	199.8	1600	2	101.7	20.2	0.544	1.0	-0.22	2.74	1.00	0.00	0.16	111115
14	"12:33:31"	1529.0	0	2.21	0.0312	273	0.251	0.819	8.28	6	1.42	1	2.84	3.11	8.28	0.04	399.04	392.11	1.984	2.734	26.30	36.24	199.8	1600	2	101.7	20.2	0.544	1.0	-0.22	2.74	1.00	0.00	0.16	111115
15	"12:33:31"	1529.5	0	2.2	0.0312	274	0.25	0.82	8.29	6	1.42	1	2.84	3.11	8.29	0.04	399.02	392.11	1.984	2.734	26.30	36.24	199.8	1600	2	101.7	20.2	0.544	1.0	-0.22	2.74	1.00	0.00	0.16	111115
"12:34:07 Coolers: Tblock -> 5.00 C"
"12:40:53 Flow: Fixed -> 200 umol/s"
16	"12:42:00"	2038.5	0	2.51	0.0313	259	0.301	0.982	11.42	6	1.42	1	2.84	7.17	11.42	4.96	401.19	393.30	2.763	3.665	27.61	36.63	199.7	1600	2	101.7	20.1	0.588	1.0	-0.22	2.74	1.00	0.00	0.16	111115
17	"12:42:00"	2039.0	0	2.5	0.0313	259	0.301	0.982	11.42	6	1.42	1	2.84	7.17	11.42	4.96	401.18	393.32	2.763	3.665	27.62	36.64	199.7	1600	2	101.7	20.1	0.588	1.0	-0.22	2.74	1.00	0.00	0.16	111115
18	"12:42:01"	2039.5	0	2.5	0.0312	259	0.301	0.982	11.43	6	1.42	1	2.84	7.17	11.43	4.96	401.18	393.32	2.764	3.665	27.62	36.62	199.7	1600	2	101.7	20.1	0.588	1.0	-0.22	2.74	1.00	0.00	0.16	111115
19	"12:42:01"	2040.0	0	2.51	0.0312	258	0.301	0.982	11.42	6	1.42	1	2.84	7.17	11.42	4.96	401.23	393.33	2.764	3.666	27.62	36.62	199.7	1600	2	101.7	20.1	0.588	1.0	-0.22	2.74	1.00	0.00	0.16	111115
20	"12:42:02"	2040.5	0	2.53	0.0313	258	0.301	0.982	11.43	6	1.42	1	2.84	7.18	11.43	4.96	401.26	393.32	2.764	3.666	27.62	36.63	199.7	1600	2	101.7	20.1	0.588	1.0	-0.22	2.74	1.00	0.00	0.16	111115
21	"12:42:02"	2041.0	0	2.54	0.0313	257	0.301	0.982	11.43	6	1.42	1	2.84	7.18	11.43	4.96	401.28	393.31	2.764	3.667	27.62	36.63	199.7	1600	2	101.7	20.1	0.588	1.0	-0.22	2.74	1.00	0.00	0.16	111115
22	"12:42:03"	2041.5	0	2.55	0.0313	257	0.302	0.982	11.42	6	1.42	1	2.84	7.17	11.42	4.96	401.32	393.31	2.765	3.667	27.62	36.64	199.7	1600	2	101.7	20.1	0.588	1.0	-0.22	2.74	1.00	0.00	0.16	111115
23	"12:42:03"	2042.0	0	2.57	0.0313	256	0.301	0.983	11.43	6	1.42	1	2.84	7.18	11.43	4.96	401.36	393.29	2.765	3.666	27.62	36.62	199.8	1600	1	101.7	20.1	0.588	1.0	-0.22	2.74	1.00	0.00	0.16	111115
24	"12:42:04"	2042.5	0	2.59	0.0313	255	0.301	0.982	11.43	6	1.42	1	2.84	7.18	11.43	4.96	401.39	393.27	2.765	3.667	27.62	36.63	199.8	1600	1	101.7	20.1	0.588	1.0	-0.22	2.74	1.00	0.00	0.16	111115
25	"12:42:04"	2043.0	0	2.59	0.0313	254	0.301	0.982	11.42	6	1.42	1	2.84	7.18	11.42	4.96	401.39	393.25	2.765	3.666	27.62	36.62	199.8	1600	1	101.7	20.1	0.588	1.0	-0.22	2.74	1.00	0.00	0.16	111115
26	"12:42:05"	2043.5	0	2.6	0.0313	254	0.302	0.981	11.41	6	1.42	1	2.84	7.18	11.41	4.96	401.40	393.25	2.764	3.666	27.61	36.63	199.8	1600	1	101.7	20.1	0.588	1.0	-0.22	2.74	1.00	0.00	0.16	111115
27	"12:42:05"	2043.5	0	2.6	0.0313	254	0.302	0.981	11.41	6	1.42	1	2.84	7.18	11.41	4.96	401.40	393.25	2.764	3.666	27.61	36.63	199.8	1600	1	101.7	20.1	0.588	1.0	-0.22	2.74	1.00	0.00	0.16	111115
28	"12:42:06"	2044.0	0	2.59	0.0314	255	0.302	0.981	11.41	6	1.42	1	2.84	7.17	11.41	4.96	401.37	393.24	2.764	3.667	27.61	36.63	199.9	1600	1	101.7	20.1	0.588	1.0	-0.22	2.74	1.00	0.00	0.16	111115
29	"12:42:06"	2045.0	0	2.6	0.0313	254	0.302	0.981	11.41	6	1.42	1	2.84	7.17	11.41	4.96	401.39	393.23	2.764	3.666	27.62	36.63	199.8	1600	1	101.7	20.1	0.588	1.0	-0.22	2.74	1.00	0.00	0.16	111115
30	"12:42:07"	2045.5	0	2.6	0.0313	254	0.302	0.982	11.42	6	1.42	1	2.84	7.18	11.42	4.96	401.39	393.23	2.764	3.667	27.61	36.63	199.8	1600	1	101.7	20.1	0.588	1.0	-0.22	2.74	1.00	0.00	0.16	111115
"12:42:12 Coolers: Tblock -> 10.00 C"
"12:50:15 Flow: Fixed -> 200 umol/s"
31	"12:50:55"	2574.0	0	2.91	0.0337	245	0.404	1.22	15.05	6	1.42	1	2.84	11.56	15.05	10.03	399.46	390.26	3.655	4.863	27.18	36.16	199.8	1600	1	101.7	20.4	0.647	1.0	-0.22	2.74	1.00	0.00	0.16	111115
32	"12:50:56"	2574.5	0	2.91	0.0337	244	0.404	1.22	15.04	6	1.42	1	2.84	11.56	15.04	10.03	399.49	390.27	3.655	4.863	27.17	36.16	199.8	1600	1	101.7	20.4	0.647	1.0	-0.22	2.74	1.00	0.00	0.16	111115
33	"12:50:57"	2575.0	0	2.93	0.0337	244	0.404	1.22	15.04	6	1.42	1	2.84	11.56	15.04	10.03	399.51	390.25	3.655	4.864	27.17	36.16	199.8	1600	1	101.7	20.4	0.647	1.0	-0.22	2.74	1.00	0.00	0.16	111115
34	"12:50:57"	2575.5	0	2.93	0.0337	244	0.404	1.22	15.03	6	1.42	1	2.84	11.56	15.03	10.03	399.51	390.25	3.655	4.864	27.18	36.16	199.8	1600	2	101.7	20.4	0.647	1.0	-0.22	2.74	1.00	0.00	0.16	111115
35	"12:50:58"	2576.0	0	2.94	0.0337	243	0.405	1.22	15.04	6	1.42	1	2.84	11.56	15.04	10.03	399.54	390.25	3.655	4.864	27.17	36.16	199.8	1600	2	101.7	20.4	0.647	1.0	-0.22	2.74	1.00	0.00	0.16	111115
36	"12:50:58"	2576.0	0	2.94	0.0337	243	0.405	1.22	15.04	6	1.42	1	2.84	11.56	15.04	10.03	399.54	390.25	3.655	4.864	27.17	36.16	199.8	1600	2	101.7	20.4	0.647	1.0	-0.22	2.74	1.00	0.00	0.16	111115
37	"12:50:58"	2576.5	0	2.94	0.0337	243	0.404	1.22	15.04	6	1.42	1	2.84	11.56	15.04	10.03	399.53	390.23	3.655	4.863	27.18	36.16	199.8	1600	2	101.7	20.4	0.647	1.0	-0.22	2.74	1.00	0.00	0.16	111115
38	"12:50:59"	2577.5	0	2.95	0.0336	242	0.404	1.22	15.04	6	1.42	1	2.84	11.56	15.04	10.03	399.58	390.24	3.656	4.863	27.18	36.16	199.8	1600	1	101.7	20.4	0.647	1.0	-0.22	2.74	1.00	0.00	0.16	111115
39	"12:50:59"	2577.5	0	2.95	0.0336	242	0.404	1.22	15.04	6	1.42	1	2.84	11.56	15.04	10.03	399.58	390.24	3.656	4.863	27.18	36.16	199.8	1600	1	101.7	20.4	0.647	1.0	-0.22	2.74	1.00	0.00	0.16	111115
40	"12:51:00"	2578.0	0	2.97	0.0336	241	0.403	1.22	15.04	6	1.42	1	2.84	11.56	15.04	10.03	399.58	390.20	3.657	4.862	27.19	36.16	199.8	1600	1	101.7	20.4	0.647	1.0	-0.22	2.74	1.00	0.00	0.16	111115
41	"12:51:01"	2578.5	0	2.96	0.0336	242	0.404	1.22	15.04	6	1.42	1	2.84	11.56	15.04	10.02	399.57	390.21	3.657	4.863	27.20	36.17	199.8	1600	1	101.7	20.4	0.647	1.0	-0.22	2.74	1.00	0.00	0.16	111115
42	"12:51:01"	2579.0	0	2.95	0.0336	242	0.403	1.22	15.04	6	1.42	1	2.84	11.56	15.04	10.02	399.56	390.23	3.657	4.862	27.20	36.17	199.8	1600	1	101.7	20.4	0.647	1.0	-0.22	2.74	1.00	0.00	0.16	111115
43	"12:51:02"	2579.5	0	2.95	0.0336	242	0.404	1.22	15.05	6	1.42	1	2.84	11.56	15.05	10.03	399.56	390.23	3.657	4.863	27.20	36.17	199.8	1600	1	101.7	20.4	0.647	1.0	-0.22	2.74	1.00	0.00	0.16	111115
44	"12:51:02"	2580.0	0	2.96	0.0336	242	0.403	1.22	15.05	6	1.42	1	2.84	11.56	15.05	10.03	399.57	390.22	3.658	4.862	27.21	36.17	199.8	1600	1	101.7	20.4	0.647	1.0	-0.22	2.74	1.00	0.00	0.16	111115
45	"12:51:03"	2581.5	0	2.95	0.0336	242	0.403	1.22	15.04	6	1.42	1	2.84	11.56	15.04	10.03	399.55	390.23	3.658	4.863	27.21	36.17	199.8	1600	1	101.7	20.4	0.647	1.0	-0.22	2.74	1.00	0.00	0.16	111115
"12:51:10 Coolers: Tblock -> 15.00 C"
"12:58:58 Flow: Fixed -> 200 umol/s"
46	"12:59:19"	3077.5	0	3.27	0.0349	230	0.522	1.52	18.69	6	1.42	1	2.84	16.06	18.69	15.10	399.41	388.97	4.788	6.346	26.58	35.24	199.8	1600	1	101.7	20.5	0.702	1.0	-0.22	2.74	1.00	0.00	0.16	111115
47	"12:59:20"	3078.0	0	3.28	0.0349	229	0.522	1.52	18.69	6	1.42	1	2.84	16.06	18.69	15.10	399.42	388.95	4.788	6.346	26.58	35.23	199.8	1600	1	101.7	20.5	0.702	1.0	-0.22	2.74	1.00	0.00	0.16	111115
48	"12:59:20"	3078.5	0	3.29	0.0349	229	0.522	1.52	18.69	6	1.42	1	2.84	16.06	18.69	15.10	399.41	388.93	4.788	6.345	26.58	35.22	199.8	1600	1	101.7	20.5	0.702	1.0	-0.22	2.74	1.00	0.00	0.16	111115
49	"12:59:21"	3079.0	0	3.29	0.0348	229	0.521	1.52	18.69	6	1.42	1	2.84	16.06	18.69	15.10	399.42	388.94	4.789	6.345	26.58	35.21	199.8	1600	1	101.7	20.5	0.702	1.0	-0.22	2.74	1.00	0.00	0.16	111115
50	"12:59:21"	3079.5	0	3.28	0.0349	229	0.521	1.52	18.69	6	1.42	1	2.84	16.07	18.69	15.10	399.42	388.96	4.789	6.345	26.58	35.21	199.8	1600	1	101.7	20.5	0.702	1.0	-0.22	2.74	1.00	0.00	0.16	111115
51	"12:59:22"	3080.0	0	3.28	0.0349	229	0.521	1.52	18.69	6	1.42	1	2.84	16.07	18.69	15.10	399.41	388.95	4.789	6.345	26.57	35.20	199.8	1600	1	101.7	20.5	0.702	1.0	-0.22	2.74	1.00	0.00	0.16	111115
52	"12:59:22"	3080.5	0	3.28	0.0349	230	0.521	1.52	18.69	6	1.42	1	2.84	16.07	18.69	15.10	399.39	388.94	4.789	6.344	26.57	35.20	199.8	1600	1	101.7	20.5	0.702	1.0	-0.22	2.74	1.00	0.00	0.16	111115
53	"12:59:23"	3081.0	0	3.26	0.0349	230	0.522	1.52	18.69	6	1.42	1	2.84	16.07	18.69	15.10	399.36	388.96	4.788	6.345	26.56	35.20	199.8	1600	1	101.7	20.5	0.702	1.0	-0.22	2.74	1.00	0.00	0.16	111115
54	"12:59:23"	3081.5	0	3.27	0.0349	230	0.522	1.52	18.69	6	1.42	1	2.84	16.07	18.69	15.10	399.35	388.93	4.787	6.345	26.56	35.20	199.8	1600	1	101.7	20.5	0.702	1.0	-0.22	2.74	1.00	0.00	0.16	111115
55	"12:59:24"	3082.0	0	3.25	0.0349	231	0.522	1.52	18.68	6	1.42	1	2.84	16.07	18.68	15.10	399.34	388.96	4.787	6.345	26.56	35.21	199.8	1600	1	101.7	20.5	0.702	1.0	-0.22	2.74	1.00	0.00	0.16	111115
56	"12:59:25"	3082.5	0	3.25	0.035	231	0.522	1.52	18.68	6	1.42	1	2.84	16.07	18.68	15.10	399.34	388.98	4.787	6.346	26.56	35.21	199.8	1600	1	101.7	20.5	0.702	1.0	-0.22	2.74	1.00	0.00	0.16	111115
57	"12:59:25"	3083.0	0	3.25	0.035	232	0.523	1.52	18.68	6	1.42	1	2.84	16.06	18.68	15.10	399.35	388.98	4.786	6.347	26.56	35.23	199.8	1600	1	101.7	20.5	0.702	1.0	-0.22	2.74	1.00	0.00	0.16	111115
58	"12:59:26"	3083.5	0	3.26	0.035	231	0.523	1.52	18.68	6	1.42	1	2.84	16.06	18.68	15.10	399.38	388.98	4.787	6.348	26.57	35.23	199.8	1600	1	101.7	20.5	0.702	1.0	-0.22	2.74	1.00	0.00	0.16	111115
59	"12:59:26"	3084.0	0	3.26	0.0351	231	0.523	1.51	18.67	6	1.42	1	2.84	16.06	18.67	15.09	399.40	389.00	4.787	6.348	26.57	35.24	199.8	1600	1	101.7	20.5	0.702	1.0	-0.22	2.74	1.00	0.00	0.16	111115
60	"12:59:27"	3084.5	0	3.27	0.0351	231	0.523	1.51	18.66	6	1.42	1	2.84	16.06	18.66	15.09	399.43	389.01	4.787	6.348	26.58	35.25	199.8	1600	1	101.7	20.5	0.702	1.0	-0.22	2.74	1.00	0.00	0.16	111115
"13:00:02 Coolers: Tblock -> 20.00 C"
"13:07:58 Flow: Fixed -> 200 umol/s"
61	"13:08:42"	3641.0	0	3.3	0.0312	210	0.565	1.83	22.10	6	1.42	1	2.84	20.32	22.10	19.97	399.80	389.22	6.559	8.244	27.86	35.01	199.7	1599	1	101.7	20.7	0.763	1.0	-0.22	2.74	1.00	0.00	0.16	111115
62	"13:08:43"	3641.0	0	3.3	0.0312	210	0.565	1.83	22.10	6	1.42	1	2.84	20.32	22.10	19.97	399.80	389.22	6.559	8.244	27.86	35.01	199.7	1599	1	101.7	20.7	0.763	1.0	-0.22	2.74	1.00	0.00	0.16	111115
63	"13:08:43"	3641.5	0	3.3	0.0312	210	0.565	1.83	22.10	6	1.42	1	2.84	20.32	22.10	19.97	399.82	389.25	6.559	8.243	27.85	35.01	199.7	1599	1	101.7	20.7	0.763	1.0	-0.22	2.74	1.00	0.00	0.16	111115
64	"13:08:44"	3642.0	0	3.29	0.0312	210	0.565	1.83	22.10	6	1.42	1	2.84	20.32	22.10	19.97	399.80	389.27	6.559	8.243	27.85	35.01	199.7	1599	1	101.7	20.7	0.763	1.0	-0.22	2.74	1.00	0.00	0.16	111115
65	"13:08:44"	3642.5	0	3.28	0.0312	211	0.566	1.83	22.09	6	1.42	1	2.84	20.32	22.09	19.97	399.79	389.28	6.559	8.244	27.86	35.01	199.7	1599	1	101.7	20.7	0.763	1.0	-0.22	2.74	1.00	0.00	0.16	111115
66	"13:08:45"	3643.0	0	3.28	0.0312	211	0.566	1.83	22.09	6	1.42	1	2.84	20.32	22.09	19.97	399.78	389.28	6.559	8.244	27.85	35.01	199.7	1599	1	101.7	20.7	0.763	1.0	-0.22	2.74	1.00	0.00	0.16	111115
67	"13:08:45"	3643.5	0	3.27	0.0312	211	0.566	1.83	22.09	6	1.42	1	2.84	20.32	22.09	19.97	399.77	389.29	6.559	8.244	27.86	35.01	199.7	1599	1	101.7	20.7	0.763	1.0	-0.22	2.74	1.00	0.00	0.16	111115
68	"13:08:46"	3644.0	0	3.28	0.0312	211	0.565	1.83	22.09	6	1.42	1	2.84	20.32	22.09	19.97	399.80	389.30	6.560	8.244	27.86	35.01	199.7	1599	1	101.7	20.7	0.763	1.0	-0.22	2.74	1.00	0.00	0.16	111115
69	"13:08:47"	3644.5	0	3.28	0.0312	211	0.565	1.83	22.09	6	1.42	1	2.84	20.32	22.09	19.97	399.81	389.30	6.560	8.244	27.86	35.01	199.7	1599	1	101.7	20.7	0.763	1.0	-0.22	2.74	1.00	0.00	0.16	111115
70	"13:08:47"	3645.0	0	3.28	0.0312	211	0.565	1.83	22.10	6	1.42	1	2.84	20.32	22.10	19.97	399.81	389.30	6.560	8.244	27.86	35.01	199.7	1599	1	101.7	20.7	0.763	1.0	-0.22	2.74	1.00	0.00	0.16	111115
71	"13:08:48"	3645.5	0	3.28	0.0312	211	0.565	1.83	22.10	6	1.42	1	2.84	20.32	22.10	19.97	399.80	389.28	6.559	8.244	27.85	35.00	199.7	1599	1	101.7	20.7	0.763	1.0	-0.22	2.74	1.00	0.00	0.16	111115
72	"13:08:48"	3646.5	0	3.29	0.0312	210	0.565	1.83	22.11	6	1.42	1	2.84	20.33	22.11	19.98	399.84	389.28	6.560	8.244	27.85	35.00	199.7	1599	1	101.7	20.7	0.763	1.0	-0.22	2.74	1.00	0.00	0.16	111115
73	"13:08:49"	3647.0	0	3.29	0.0312	210	0.566	1.83	22.11	6	1.42	1	2.84	20.33	22.11	19.98	399.84	389.29	6.559	8.244	27.85	35.00	199.7	1599	1	101.7	20.7	0.763	1.0	-0.22	2.74	1.00	0.00	0.16	111115
74	"13:08:49"	3647.5	0	3.29	0.0312	210	0.566	1.83	22.11	6	1.42	1	2.84	20.33	22.11	19.98	399.88	389.32	6.559	8.246	27.85	35.01	199.7	1599	1	101.7	20.7	0.763	1.0	-0.22	2.74	1.00	0.00	0.16	111115
75	"13:08:50"	3648.0	0	3.29	0.0312	210	0.567	1.83	22.11	6	1.42	1	2.84	20.33	22.11	19.98	399.86	389.32	6.558	8.246	27.84	35.01	199.8	1599	1	101.7	20.7	0.763	1.0	-0.22	2.74	1.00	0.00	0.16	111115
"13:08:59 Coolers: Tblock -> 25.00 C"
"13:15:34 Flow: Fixed -> 200 umol/s"
"13:19:18 Flow: Fixed -> 200 umol/s"
76	"13:19:33"	4292.0	0	2.72	0.0231	192	0.541	2.35	25.73	6	1.42	1	2.84	24.76	25.73	25.04	401.11	392.30	7.938	9.549	25.75	30.97	199.7	1599	1	101.7	21.2	0.799	1.0	-0.22	2.74	1.00	0.00	0.16	111115
77	"13:19:34"	4292.0	0	2.72	0.0231	192	0.541	2.35	25.73	6	1.42	1	2.84	24.76	25.73	25.04	401.11	392.30	7.938	9.549	25.75	30.97	199.7	1599	1	101.7	21.2	0.799	1.0	-0.22	2.74	1.00	0.00	0.16	111115
78	"13:19:34"	4292.5	0	2.71	0.0231	192	0.541	2.35	25.73	6	1.42	1	2.84	24.76	25.73	25.04	401.10	392.31	7.938	9.548	25.74	30.97	199.7	1599	1	101.7	21.2	0.799	1.0	-0.22	2.74	1.00	0.00	0.16	111115
79	"13:19:35"	4293.0	0	2.71	0.0231	193	0.542	2.35	25.73	6	1.42	1	2.84	24.76	25.73	25.04	401.09	392.32	7.937	9.548	25.74	30.97	199.7	1599	1	101.7	21.2	0.799	1.0	-0.22	2.74	1.00	0.00	0.16	111115
80	"13:19:35"	4293.5	0	2.71	0.0231	192	0.541	2.35	25.73	6	1.42	1	2.84	24.76	25.73	25.04	401.12	392.33	7.938	9.548	25.74	30.96	199.8	1599	1	101.7	21.2	0.799	1.0	-0.22	2.74	1.00	0.00	0.16	111115
81	"13:19:36"	4294.0	0	2.71	0.0231	193	0.541	2.35	25.72	6	1.42	1	2.84	24.76	25.72	25.04	401.13	392.35	7.938	9.548	25.74	30.96	199.7	1599	1	101.7	21.2	0.799	1.0	-0.22	2.74	1.00	0.00	0.16	111115
82	"13:19:36"	4294.5	0	2.71	0.0231	193	0.541	2.35	25.72	6	1.42	1	2.84	24.76	25.72	25.04	401.12	392.36	7.937	9.546	25.74	30.95	199.7	1599	1	101.7	21.2	0.799	1.0	-0.22	2.74	1.00	0.00	0.16	111115
83	"13:19:37"	4295.0	0	2.71	0.0231	192	0.541	2.35	25.72	6	1.42	1	2.84	24.77	25.72	25.04	401.13	392.35	7.936	9.546	25.73	30.95	199.7	1599	1	101.7	21.2	0.799	1.0	-0.22	2.74	1.00	0.00	0.16	111115
84	"13:19:37"	4295.5	0	2.7	0.0231	193	0.541	2.35	25.72	6	1.42	1	2.84	24.77	25.72	25.04	401.13	392.37	7.936	9.545	25.73	30.95	199.7	1599	1	101.7	21.2	0.799	1.0	-0.22	2.74	1.00	0.00	0.16	111115
85	"13:19:38"	4296.0	0	2.71	0.0231	192	0.54	2.35	25.71	6	1.42	1	2.84	24.76	25.71	25.04	401.14	392.37	7.937	9.544	25.74	30.95	199.7	1599	1	101.7	21.2	0.799	1.0	-0.22	2.74	1.00	0.00	0.16	111115
86	"13:19:38"	4296.5	0	2.71	0.0231	192	0.54	2.35	25.71	6	1.42	1	2.84	24.76	25.71	25.04	401.15	392.38	7.937	9.543	25.74	30.95	199.7	1599	2	101.7	21.2	0.799	1.0	-0.22	2.74	1.00	0.00	0.16	111115
87	"13:19:39"	4297.0	0	2.71	0.023	192	0.539	2.35	25.71	6	1.42	1	2.84	24.76	25.71	25.04	401.14	392.37	7.937	9.541	25.74	30.94	199.7	1599	2	101.7	21.2	0.799	1.0	-0.22	2.74	1.00	0.00	0.16	111115
88	"13:19:40"	4297.5	0	2.71	0.023	192	0.539	2.35	25.71	6	1.42	1	2.84	24.76	25.71	25.04	401.15	392.38	7.937	9.541	25.74	30.95	199.7	1599	2	101.7	21.2	0.799	1.0	-0.22	2.74	1.00	0.00	0.16	111115
89	"13:19:40"	4298.5	0	2.72	0.023	191	0.538	2.35	25.71	6	1.42	1	2.84	24.76	25.71	25.04	401.17	392.37	7.939	9.541	25.75	30.94	199.7	1599	2	101.7	21.2	0.799	1.0	-0.22	2.74	1.00	0.00	0.16	111115
90	"13:19:41"	4299.5	0	2.71	0.023	192	0.538	2.35	25.71	6	1.42	1	2.84	24.76	25.71	25.04	401.16	392.38	7.939	9.540	25.75	30.94	199.7	1599	1	101.7	21.2	0.799	1.0	-0.22	2.74	1.00	0.00	0.16	111115
"13:19:45 Coolers: Tblock -> 30.00 C"
"13:27:04 Flow: Fixed -> 200 umol/s"
91	"13:27:58"	4796.0	0	1.92	0.0145	167	0.457	3.13	29.19	6	1.42	1	2.84	29.20	29.19	30.12	399.67	393.36	7.854	9.213	19.62	23.01	199.7	1599	1	101.7	21.4	0.796	1.0	-0.22	2.74	1.00	0.00	0.16	111115
92	"13:27:58"	4797.0	0	1.93	0.0145	166	0.456	3.13	29.19	6	1.42	1	2.84	29.20	29.19	30.12	399.74	393.40	7.855	9.213	19.62	23.01	199.7	1599	0	101.7	21.4	0.796	1.0	-0.22	2.74	1.00	0.00	0.16	111115
93	"13:27:59"	4797.5	0	1.94	0.0145	165	0.456	3.13	29.18	6	1.42	1	2.84	29.21	29.18	30.12	399.75	393.38	7.855	9.211	19.62	23.01	199.7	1599	0	101.7	21.4	0.796	1.0	-0.22	2.74	1.00	0.00	0.16	111115
94	"13:27:59"	4798.0	0	1.94	0.0145	165	0.456	3.13	29.18	6	1.42	1	2.84	29.21	29.18	30.12	399.76	393.40	7.855	9.211	19.62	23.01	199.7	1599	0	101.7	21.4	0.796	1.0	-0.22	2.74	1.00	0.00	0.16	111115
95	"13:28:00"	4798.0	0	1.94	0.0145	165	0.456	3.13	29.18	6	1.42	1	2.84	29.21	29.18	30.12	399.76	393.40	7.855	9.211	19.62	23.01	199.7	1599	0	101.7	21.4	0.796	1.0	-0.22	2.74	1.00	0.00	0.16	111115
96	"13:28:00"	4798.5	0	1.94	0.0145	164	0.455	3.13	29.18	6	1.42	1	2.84	29.20	29.18	30.12	399.77	393.39	7.855	9.210	19.62	23.00	199.7	1599	0	101.7	21.4	0.796	1.0	-0.22	2.74	1.00	0.00	0.16	111115
97	"13:28:01"	4799.0	0	1.95	0.0145	164	0.455	3.13	29.17	6	1.42	1	2.84	29.20	29.17	30.12	399.76	393.38	7.856	9.208	19.62	23.00	199.7	1599	1	101.7	21.4	0.796	1.0	-0.22	2.74	1.00	0.00	0.16	111115
98	"13:28:01"	4799.5	0	1.94	0.0145	164	0.454	3.13	29.17	6	1.42	1	2.84	29.20	29.17	30.12	399.76	393.38	7.855	9.208	19.62	23.00	199.7	1599	1	101.7	21.4	0.796	1.0	-0.22	2.74	1.00	0.00	0.16	111115
99	"13:28:02"	4800.0	0	1.95	0.0145	163	0.454	3.13	29.17	6	1.42	1	2.84	29.20	29.17	30.12	399.77	393.38	7.856	9.207	19.63	23.00	199.7	1599	1	101.7	21.4	0.796	1.0	-0.22	2.74	1.00	0.00	0.16	111115
100	"13:28:02"	4800.5	0	1.94	0.0145	164	0.454	3.12	29.17	6	1.42	1	2.84	29.20	29.17	30.12	399.75	393.40	7.856	9.206	19.62	23.00	199.7	1599	1	101.7	21.4	0.796	1.0	-0.22	2.74	1.00	0.00	0.16	111115
101	"13:28:03"	4801.0	0	1.92	0.0144	165	0.453	3.13	29.17	6	1.42	1	2.84	29.20	29.17	30.12	399.74	393.42	7.856	9.204	19.63	22.99	199.7	1599	1	101.7	21.4	0.796	1.0	-0.22	2.74	1.00	0.00	0.16	111115
102	"13:28:04"	4801.5	0	1.92	0.0144	165	0.453	3.13	29.17	6	1.42	1	2.84	29.20	29.17	30.12	399.75	393.44	7.857	9.204	19.63	22.99	199.7	1599	1	101.7	21.4	0.796	1.0	-0.22	2.74	1.00	0.00	0.16	111115
103	"13:28:04"	4802.0	0	1.92	0.0144	165	0.452	3.13	29.17	6	1.42	1	2.84	29.20	29.17	30.12	399.76	393.45	7.857	9.203	19.63	22.99	199.7	1599	1	101.7	21.4	0.796	1.0	-0.22	2.74	1.00	0.00	0.16	111115
104	"13:28:05"	4802.5	0	1.92	0.0144	165	0.452	3.13	29.17	6	1.42	1	2.84	29.21	29.17	30.12	399.76	393.46	7.857	9.202	19.62	22.98	199.8	1599	1	101.7	21.4	0.796	1.0	-0.22	2.74	1.00	0.00	0.16	111115
105	"13:28:05"	4803.5	0	1.91	0.0144	166	0.452	3.13	29.18	6	1.42	1	2.84	29.21	29.18	30.12	399.76	393.48	7.856	9.200	19.62	22.98	199.7	1599	1	101.7	21.4	0.796	1.0	-0.22	2.74	1.00	0.00	0.16	111115
"13:28:31 Coolers: Tblock -> 35.00 C"
"13:37:47 Flow: Fixed -> 200 umol/s"
106	"13:38:03"	5402.0	0	0.771	0.00578	164	0.241	4.13	32.80	6	1.42	1	2.84	33.56	32.80	34.99	399.62	397.01	7.836	8.554	15.28	16.68	199.7	1600	0	101.6	21.9	0.788	1.0	-0.22	2.74	1.00	0.00	0.16	111115
107	"13:38:03"	5402.0	0	0.771	0.00578	164	0.241	4.13	32.80	6	1.42	1	2.84	33.56	32.80	34.99	399.62	397.01	7.836	8.554	15.28	16.68	199.7	1600	0	101.6	21.9	0.788	1.0	-0.22	2.74	1.00	0.00	0.16	111115
108	"13:38:04"	5402.5	0	0.764	0.00578	166	0.241	4.13	32.80	6	1.42	1	2.84	33.56	32.80	34.99	399.60	397.02	7.835	8.554	15.28	16.68	199.6	1600	0	101.6	21.9	0.788	1.0	-0.22	2.74	1.00	0.00	0.16	111115
109	"13:38:04"	5403.0	0	0.774	0.00577	163	0.241	4.13	32.80	6	1.42	1	2.84	33.56	32.80	34.99	399.62	397.01	7.836	8.553	15.28	16.68	199.6	1600	0	101.6	21.9	0.788	1.0	-0.22	2.74	1.00	0.00	0.16	111115
110	"13:38:05"	5403.5	0	0.776	0.00576	163	0.24	4.13	32.80	6	1.42	1	2.84	33.56	32.80	34.99	399.63	397.01	7.836	8.552	15.28	16.68	199.6	1599	0	101.6	21.9	0.788	1.0	-0.22	2.74	1.00	0.00	0.16	111115
111	"13:38:05"	5404.0	0	0.782	0.00576	161	0.24	4.13	32.80	6	1.42	1	2.84	33.56	32.80	34.99	399.63	396.99	7.835	8.551	15.28	16.68	199.6	1599	0	101.6	21.9	0.788	1.0	-0.22	2.74	1.00	0.00	0.16	111115
112	"13:38:06"	5404.5	0	0.775	0.00577	163	0.24	4.12	32.79	6	1.42	1	2.84	33.56	32.79	34.99	399.64	397.02	7.835	8.551	15.28	16.68	199.7	1599	0	101.6	21.9	0.788	1.0	-0.22	2.74	1.00	0.00	0.16	111115
113	"13:38:06"	5405.0	0	0.778	0.00576	162	0.24	4.12	32.79	6	1.42	1	2.84	33.56	32.79	34.99	399.65	397.03	7.835	8.551	15.28	16.68	199.7	1599	0	101.6	21.9	0.788	1.0	-0.22	2.74	1.00	0.00	0.16	111115
114	"13:38:07"	5405.5	0	0.797	0.00576	157	0.24	4.12	32.79	6	1.42	1	2.84	33.56	32.79	34.99	399.69	397.01	7.835	8.550	15.28	16.67	199.7	1600	0	101.6	21.9	0.788	1.0	-0.22	2.74	1.00	0.00	0.16	111115
115	"13:38:07"	5406.0	0	0.81	0.00576	153	0.24	4.12	32.79	6	1.42	1	2.84	33.56	32.79	34.99	399.73	397.01	7.835	8.550	15.28	16.67	199.7	1600	0	101.6	21.9	0.788	1.0	-0.22	2.74	1.00	0.00	0.16	111115
116	"13:38:08"	5406.5	0	0.826	0.00574	148	0.239	4.12	32.79	6	1.42	1	2.84	33.56	32.79	34.99	399.79	397.02	7.835	8.549	15.28	16.67	199.7	1600	0	101.6	21.9	0.788	1.0	-0.22	2.74	1.00	0.00	0.16	111115
117	"13:38:08"	5407.0	0	0.814	0.00575	152	0.24	4.12	32.79	6	1.42	1	2.84	33.56	32.79	34.99	399.79	397.06	7.835	8.549	15.28	16.67	199.7	1600	0	101.6	21.9	0.788	1.0	-0.22	2.74	1.00	0.00	0.16	111115
118	"13:38:09"	5407.5	0	0.818	0.00575	151	0.24	4.12	32.79	6	1.42	1	2.84	33.56	32.79	34.99	399.83	397.08	7.835	8.549	15.28	16.67	199.7	1600	0	101.6	21.9	0.788	1.0	-0.22	2.74	1.00	0.00	0.16	111115
119	"13:38:09"	5408.0	0	0.824	0.00574	149	0.239	4.12	32.79	6	1.42	1	2.84	33.56	32.79	35.00	399.85	397.09	7.835	8.548	15.28	16.67	199.7	1600	0	101.6	21.9	0.788	1.0	-0.22	2.74	1.00	0.00	0.16	111115
120	"13:38:10"	5408.5	0	0.836	0.00574	145	0.239	4.12	32.79	6	1.42	1	2.84	33.56	32.79	35.00	399.87	397.07	7.835	8.548	15.28	16.67	199.7	1600	0	101.6	21.9	0.788	1.0	-0.22	2.74	1.00	0.00	0.16	111115
"13:39:26 Coolers: Tblock -> 40.00 C"
"13:48:12 Flow: Fixed -> 200 umol/s"
121	"13:49:10"	6068.0	0	0.409	0.00321	169	0.17	5.2	36.22	6	1.42	1	2.84	38.08	36.22	40.06	399.31	397.88	7.779	8.284	11.83	12.60	199.7	1601	0	101.6	22.4	0.778	1.0	-0.22	2.74	1.00	0.00	0.16	111115
122	"13:49:10"	6068.0	0	0.409	0.00321	169	0.17	5.2	36.22	6	1.42	1	2.84	38.08	36.22	40.06	399.31	397.88	7.779	8.284	11.83	12.60	199.7	1601	0	101.6	22.4	0.778	1.0	-0.22	2.74	1.00	0.00	0.16	111115
123	"13:49:11"	6068.5	0	0.409	0.00321	170	0.17	5.2	36.22	6	1.42	1	2.84	38.08	36.22	40.06	399.32	397.88	7.778	8.284	11.83	12.60	199.7	1601	0	101.6	22.4	0.778	1.0	-0.22	2.74	1.00	0.00	0.16	111115
124	"13:49:11"	6069.0	0	0.402	0.00321	173	0.17	5.2	36.22	6	1.42	1	2.84	38.08	36.22	40.06	399.31	397.90	7.778	8.284	11.82	12.59	199.7	1601	0	101.6	22.4	0.778	1.0	-0.22	2.74	1.00	0.00	0.16	111115
125	"13:49:12"	6069.5	0	0.408	0.00321	170	0.17	5.2	36.22	6	1.42	1	2.84	38.08	36.22	40.06	399.31	397.88	7.778	8.284	11.82	12.59	199.7	1601	0	101.6	22.4	0.778	1.0	-0.22	2.74	1.00	0.00	0.16	111115
126	"13:49:12"	6070.0	0	0.413	0.00321	168	0.17	5.2	36.22	6	1.42	1	2.84	38.08	36.22	40.06	399.32	397.88	7.778	8.283	11.82	12.59	199.7	1601	0	101.6	22.4	0.778	1.0	-0.22	2.74	1.00	0.00	0.16	111115
127	"13:49:13"	6070.5	0	0.423	0.0032	163	0.169	5.2	36.22	6	1.42	1	2.84	38.08	36.22	40.06	399.33	397.86	7.778	8.283	11.83	12.59	199.7	1601	0	101.6	22.4	0.778	1.0	-0.22	2.74	1.00	0.00	0.16	111115
128	"13:49:13"	6071.0	0	0.431	0.0032	159	0.169	5.2	36.22	6	1.42	1	2.84	38.08	36.22	40.06	399.33	397.83	7.778	8.283	11.82	12.59	199.6	1601	0	101.6	22.4	0.778	1.0	-0.22	2.74	1.00	0.00	0.16	111115
129	"13:49:14"	6071.5	0	0.432	0.00321	158	0.17	5.2	36.21	6	1.42	1	2.84	38.08	36.21	40.06	399.35	397.85	7.778	8.283	11.82	12.59	199.6	1601	1	101.6	22.4	0.778	1.0	-0.22	2.74	1.00	0.00	0.16	111115
130	"13:49:15"	6073.5	0	0.464	0.00322	144	0.17	5.2	36.21	6	1.42	1	2.84	38.08	36.21	40.06	399.47	397.87	7.778	8.285	11.82	12.60	199.7	1601	0	101.6	22.4	0.778	1.0	-0.22	2.74	1.00	0.00	0.16	111115
131	"13:49:16"	6074.0	0	0.469	0.00322	142	0.17	5.2	36.22	6	1.42	1	2.84	38.08	36.22	40.06	399.49	397.87	7.778	8.285	11.82	12.60	199.6	1601	0	101.6	22.4	0.778	1.0	-0.22	2.74	1.00	0.00	0.16	111115
132	"13:49:16"	6074.5	0	0.47	0.00321	141	0.17	5.2	36.22	6	1.42	1	2.84	38.08	36.22	40.06	399.49	397.88	7.779	8.285	11.83	12.59	199.6	1601	0	101.6	22.4	0.778	1.0	-0.22	2.74	1.00	0.00	0.16	111115
133	"13:49:17"	6075.0	0	0.47	0.00321	140	0.17	5.2	36.22	6	1.42	1	2.84	38.08	36.22	40.06	399.50	397.89	7.779	8.285	11.83	12.59	199.7	1600	0	101.6	22.4	0.778	1.0	-0.22	2.74	1.00	0.00	0.16	111115
134	"13:49:17"	6075.5	0	0.468	0.00321	142	0.17	5.2	36.22	6	1.42	1	2.84	38.08	36.22	40.06	399.49	397.88	7.779	8.285	11.83	12.60	199.7	1600	0	101.6	22.4	0.778	1.0	-0.22	2.74	1.00	0.00	0.16	111115
135	"13:49:19"	6077.5	0	0.468	0.00319	140	0.169	5.2	36.22	6	1.42	1	2.84	38.08	36.22	40.06	399.46	397.85	7.781	8.284	11.83	12.59	199.7	1600	0	101.6	22.4	0.778	1.0	-0.22	2.74	1.00	0.00	0.16	111115
"13:50:16 Coolers: Tblock -> 45.00 C"
"14:02:23 Flow: Fixed -> 200 umol/s"
136	"14:02:34"	6872.5	0	0.231	0.00234	207	0.157	6.55	39.95	6	1.42	1	2.84	42.79	39.95	45.13	398.62	397.74	7.833	8.301	9.27	9.82	199.7	1601	0	101.6	23.1	0.781	1.0	-0.22	2.74	1.00	0.00	0.16	111115
137	"14:02:34"	6872.5	0	0.231	0.00234	207	0.157	6.55	39.95	6	1.42	1	2.84	42.79	39.95	45.13	398.62	397.74	7.833	8.301	9.27	9.82	199.7	1601	0	101.6	23.1	0.781	1.0	-0.22	2.74	1.00	0.00	0.16	111115
138	"14:02:35"	6873.0	0	0.259	0.00233	188	0.157	6.55	39.95	6	1.42	1	2.84	42.79	39.95	45.13	398.69	397.73	7.834	8.300	9.27	9.82	199.7	1601	0	101.6	23.1	0.781	1.0	-0.22	2.74	1.00	0.00	0.16	111115
139	"14:02:35"	6873.5	0	0.278	0.00233	176	0.157	6.55	39.95	6	1.42	1	2.84	42.79	39.95	45.13	398.75	397.73	7.833	8.299	9.26	9.82	199.7	1601	0	101.6	23.1	0.781	1.0	-0.22	2.74	1.00	0.00	0.16	111115
140	"14:02:36"	6874.0	0	0.31	0.00233	155	0.156	6.55	39.95	6	1.42	1	2.84	42.79	39.95	45.13	398.84	397.72	7.833	8.299	9.26	9.82	199.7	1601	0	101.6	23.1	0.781	1.0	-0.22	2.74	1.00	0.00	0.16	111115
141	"14:02:36"	6875.0	0	0.356	0.00234	126	0.157	6.55	39.94	6	1.42	1	2.84	42.79	39.94	45.13	398.97	397.72	7.833	8.300	9.26	9.82	199.7	1601	0	101.6	23.1	0.781	1.0	-0.22	2.74	1.00	0.00	0.16	111115
142	"14:02:37"	6876.0	0	0.384	0.00233	107	0.157	6.55	39.94	6	1.42	1	2.84	42.79	39.94	45.13	399.04	397.70	7.833	8.300	9.26	9.82	199.7	1601	0	101.6	23.1	0.781	1.0	-0.22	2.74	1.00	0.00	0.16	111115
143	"14:02:38"	6876.5	0	0.395	0.00233	100	0.157	6.55	39.95	6	1.42	1	2.84	42.79	39.95	45.14	399.07	397.70	7.834	8.300	9.26	9.82	199.7	1601	0	101.6	23.1	0.781	1.0	-0.22	2.74	1.00	0.00	0.16	111115
144	"14:02:38"	6877.0	0	0.377	0.00234	112	0.157	6.55	39.95	6	1.42	1	2.84	42.79	39.95	45.13	399.03	397.72	7.834	8.301	9.26	9.82	199.7	1601	0	101.6	23.1	0.781	1.0	-0.22	2.74	1.00	0.00	0.16	111115
145	"14:02:39"	6878.0	0	0.351	0.00233	129	0.157	6.55	39.96	6	1.42	1	2.84	42.79	39.96	45.14	398.95	397.71	7.834	8.300	9.26	9.82	199.7	1601	0	101.6	23.1	0.781	1.0	-0.22	2.74	1.00	0.00	0.16	111115
146	"14:02:40"	6878.5	0	0.341	0.00233	134	0.156	6.55	39.96	6	1.42	1	2.84	42.79	39.96	45.14	398.92	397.71	7.834	8.299	9.27	9.82	199.7	1601	0	101.6	23.1	0.781	1.0	-0.22	2.74	1.00	0.00	0.16	111115
147	"14:02:40"	6878.5	0	0.341	0.00233	134	0.156	6.55	39.96	6	1.42	1	2.84	42.79	39.96	45.14	398.92	397.71	7.834	8.299	9.27	9.82	199.7	1601	0	101.6	23.1	0.781	1.0	-0.22	2.74	1.00	0.00	0.16	111115
148	"14:02:41"	6879.0	0	0.342	0.00232	133	0.156	6.55	39.96	6	1.42	1	2.84	42.79	39.96	45.14	398.90	397.69	7.834	8.298	9.27	9.81	199.7	1601	0	101.6	23.1	0.781	1.0	-0.22	2.74	1.00	0.00	0.16	111115
149	"14:02:41"	6880.0	0	0.333	0.00232	139	0.156	6.55	39.96	6	1.42	1	2.84	42.79	39.96	45.14	398.87	397.68	7.834	8.299	9.27	9.82	199.7	1601	0	101.6	23.1	0.781	1.0	-0.22	2.74	1.00	0.00	0.16	111115
150	"14:02:42"	6881.0	0	0.325	0.00232	144	0.156	6.55	39.96	6	1.42	1	2.84	42.79	39.96	45.14	398.87	397.71	7.835	8.298	9.27	9.81	199.7	1601	0	101.6	23.1	0.781	1.0	-0.22	2.74	1.00	0.00	0.16	111115
"14:03:32 Coolers: Tblock -> 50.00 C"
"14:11:13 Flow: Fixed -> 200 umol/s"
151	"14:12:08"	7446.0	0	0.307	0.00214	135	0.167	7.6	42.47	6	1.42	1	2.84	46.84	42.47	49.80	399.87	398.75	7.902	8.401	7.58	8.06	199.7	1600	0	101.6	23.5	0.776	1.0	-0.22	2.74	1.00	0.00	0.16	111115
152	"14:12:08"	7446.0	0	0.307	0.00214	135	0.167	7.6	42.47	6	1.42	1	2.84	46.84	42.47	49.80	399.87	398.75	7.902	8.401	7.58	8.06	199.7	1600	0	101.6	23.5	0.776	1.0	-0.22	2.74	1.00	0.00	0.16	111115
153	"14:12:08"	7446.5	0	0.316	0.00214	129	0.167	7.6	42.47	6	1.42	1	2.84	46.84	42.47	49.80	399.88	398.73	7.903	8.401	7.58	8.06	199.7	1600	0	101.6	23.5	0.776	1.0	-0.22	2.74	1.00	0.00	0.16	111115
154	"14:12:09"	7447.0	0	0.306	0.00214	136	0.167	7.6	42.47	6	1.42	1	2.84	46.84	42.47	49.80	399.87	398.75	7.903	8.402	7.58	8.06	199.7	1600	0	101.6	23.5	0.776	1.0	-0.22	2.74	1.00	0.00	0.16	111115
155	"14:12:10"	7447.5	0	0.31	0.00214	133	0.167	7.6	42.47	6	1.42	1	2.84	46.84	42.47	49.80	399.87	398.74	7.904	8.402	7.58	8.06	199.7	1600	0	101.6	23.5	0.776	1.0	-0.22	2.74	1.00	0.00	0.16	111115
156	"14:12:10"	7448.0	0	0.304	0.00213	137	0.167	7.6	42.47	6	1.42	1	2.84	46.84	42.47	49.80	399.89	398.77	7.904	8.402	7.58	8.06	199.7	1600	0	101.6	23.5	0.776	1.0	-0.22	2.74	1.00	0.00	0.16	111115
157	"14:12:11"	7449.0	0	0.33	0.00213	119	0.167	7.6	42.48	6	1.42	1	2.84	46.84	42.48	49.81	399.93	398.74	7.904	8.402	7.58	8.06	199.8	1600	0	101.6	23.5	0.776	1.0	-0.22	2.74	1.00	0.00	0.16	111115
158	"14:12:11"	7449.5	0	0.334	0.00213	115	0.167	7.6	42.48	6	1.42	1	2.84	46.84	42.48	49.81	399.93	398.73	7.904	8.401	7.58	8.06	199.8	1600	0	101.6	23.5	0.776	1.0	-0.22	2.74	1.00	0.00	0.16	111115
159	"14:12:12"	7450.0	0	0.327	0.00213	121	0.167	7.6	42.48	6	1.42	1	2.84	46.84	42.48	49.81	399.93	398.75	7.904	8.401	7.58	8.06	199.8	1600	0	101.6	23.5	0.776	1.0	-0.22	2.74	1.00	0.00	0.16	111115
160	"14:12:12"	7450.5	0	0.322	0.00214	125	0.167	7.6	42.48	6	1.42	1	2.84	46.84	42.48	49.81	399.93	398.76	7.903	8.402	7.58	8.06	199.8	1600	0	101.6	23.5	0.776	1.0	-0.22	2.74	1.00	0.00	0.16	111115
161	"14:12:13"	7451.0	0	0.329	0.00214	119	0.167	7.6	42.48	6	1.42	1	2.84	46.84	42.48	49.81	399.93	398.74	7.903	8.401	7.58	8.06	199.8	1600	0	101.6	23.5	0.776	1.0	-0.22	2.74	1.00	0.00	0.16	111115
162	"14:12:14"	7453.0	0	0.347	0.00213	106	0.167	7.6	42.49	6	1.42	1	2.84	46.84	42.49	49.81	399.93	398.69	7.902	8.400	7.58	8.06	199.8	1600	0	101.6	23.5	0.776	1.0	-0.22	2.74	1.00	0.00	0.16	111115
163	"14:12:15"	7453.5	0	0.341	0.00213	111	0.167	7.6	42.49	6	1.42	1	2.84	46.84	42.49	49.81	399.94	398.71	7.902	8.400	7.58	8.06	199.7	1600	0	101.6	23.5	0.776	1.0	-0.22	2.74	1.00	0.00	0.16	111115
164	"14:12:15"	7454.0	0	0.34	0.00213	112	0.167	7.6	42.49	6	1.42	1	2.84	46.84	42.49	49.81	399.93	398.71	7.902	8.400	7.58	8.06	199.8	1600	0	101.6	23.5	0.776	1.0	-0.22	2.74	1.00	0.00	0.16	111115
165	"14:12:16"	7454.5	0	0.342	0.00214	110	0.167	7.6	42.49	6	1.42	1	2.84	46.84	42.49	49.81	399.92	398.70	7.902	8.400	7.58	8.06	199.8	1600	0	101.6	23.5	0.776	1.0	-0.22	2.74	1.00	0.00	0.16	111115
