"OPEN 6.1.4"
"Sun Feb  5 2106 22:53:10"
<open><version>"6.1.4"</version></open>
<open><configfile>"/User/Configs/UserPrefs/LED2x3.xml"</configfile></open>
<open><light><source>"6400-02 or -02B LED Source"</source><par_in>1 <sensor>"SI-2541"<cal>-0.81<actinity>1.00</actinity><transm>1.00</transm></cal></sensor><transm>1 </transm></par_in><par_out>1 <sensor>"Q40855"<cal>6.35 </cal></sensor></par_out></light></open>
<open><comps><file>"/User/Configs/Comps/StdComps_6.1"<header>""</header><extras></extras></file><energybal>no<f_parIn>1 </f_parIn><f_parOut>0 </f_parOut><alphaK>0.16</alphaK></energybal><bc_total>2.840<stomatal_ratio>1</stomatal_ratio><bc_oneside>1.420<type>2 </type><table>"/Sys/Lib/StdBLCTable"</table><area>6</area><slope>-0.219565 </slope><offset>2.73739 </offset><fan>5 </fan></bc_oneside></bc_total></comps></open>
<open><prompts><onlog>off</onlog><items>"Default (none)"</items></prompts></open>
<open><constants><oxygen>21 %</oxygen><bb_vapor>1.5 </bb_vapor><bb_oxy>0.9 </bb_oxy></constants></open>
<open><stability><items>"Std Stability"<items[1]><id>-2 </id><size>15 </size><pcv><onoff>0 </onoff><value>1 </value></pcv><std><onoff>0 </onoff><value>1 </value></std><slp><onoff>1 </onoff><value>1 </value></slp></items[1]><items[2]><id>-5 </id><size>15 </size><pcv><onoff>0 </onoff><value>1 </value></pcv><std><onoff>0 </onoff><value>1 </value></std><slp><onoff>1 </onoff><value>1 </value></slp></items[2]><items[3]><id>-7 </id><size>15 </size><pcv><onoff>0 </onoff><value>1 </value></pcv><std><onoff>0 </onoff><value>1 </value></std><slp><onoff>1 </onoff><value>1 </value></slp></items[3]></items></stability></open>
<open><log><format>"StdLogFmt_6.0"<items>{ -35  -21  -36  -76  30  23  36  21  25  221  -33  111  -34  11  -9  -10  -8  -1  -2  -4  -5  -14  -15  -7  -12  -13  -11  -65  -66  -72  -18  -19  -77  -78  -79  -23   }<hdr>{  }</hdr></items></format><options><beep>on</beep><hdr>normal</hdr><rem>normal</rem><stab>no</stab><stats>no<period>15 </period></stats><excel>yes</excel><comm>no</comm></options><datafile>"/User/jcg_rasa_1"</datafile><button><action>"Normal Log"<code>" LogOneObsManual "</code></action></button><autoprog>"/User/Configs/AutoProgs/AutoLog"<active>no</active></autoprog></log></open>
<open><a2d><avgtime>4.0 secs</avgtime><userchans><ch20>"Off"</ch20><ch21>"Off"</ch21><ch22>"Off"</ch22><ch23>"Off"</ch23></userchans></a2d></open>
<open><matching><type>0 </type><disp>'a'</disp><settings><CO2Limit>10.0</CO2Limit><H2OLimit>1.0</H2OLimit><MaxAutoTime>60 </MaxAutoTime></settings></matching></open>
<li6400><factory><unit>"PSC-2519"</unit><serviced>"1 Aug 2013"</serviced><fuseaware>0 </fuseaware><co2mixer>yes</co2mixer><co2><coeffs>{ 0  0.217817  1.90936e-05  2.56335e-08  -5.21136e-12  5.14133e-16   }</coeffs><dvdt>-3.1 </dvdt><xs>{ 0.0008  -0.0006   }</xs></co2><h2o><coeffs>{ 0  0.00577826  2.21643e-06  -7.00029e-12   }</coeffs><dvdt>-2.3 </dvdt><xs>{ -0.0051  0.0023   }</xs></h2o><flow>{ 0  0.3744   }</flow><press>{ 86.571  0.0055   }</press></factory></li6400>
<li6400><user><flow_zero>-277.5</flow_zero><irga_zero><co2>1165.9 853.8<at>28.8058 </at></co2><h2o>1360.9 1555.9<at>30.0013 </at></h2o></irga_zero><irga_span><co2>{ 1.016  1.01529   }</co2><h2o>{ 1.05479  1.08601   }</h2o></irga_span><irga_match><co2>{ 0.17117  -7.19007   }</co2><h2o>{ -0.036676  0.0937371   }</h2o></irga_match><co2_mixer><pump_mv>4500 </pump_mv><ppm>{ 2127.98  1010.65  388.241  227.934  94.9201  47.1748  34.635  32.3342   }</ppm><mv>{ 5000  3000  1500  1000  500  300  200  100   }</mv></co2_mixer><parin_offset>-0.120314 </parin_offset><led_cal><unit>"SI-2541"</unit><mv>{ 10  25  50  100  1000  2000  3000  4000  5000   }</mv><qntm>{ 2.01301  8.80926  21.163  50.9379  635.024  1268.62  1868.91  2441.75  2980.87   }</qntm></led_cal><lcf_cal><unit>"LCF-1015"</unit><red><mv>{ 50  100  200  400  800  1500   }</mv><qntm>{ 63.946  145.991  315.029  669.142  1387.95  2639.5   }</qntm></red><blue><mv>{ 100  500  1000  2000  3000  4000  5000   }</mv><qntm>{ 8.52557  37.8843  71.6104  129.288  182.615  231.294  272.803   }</qntm></blue></lcf_cal></user></li6400>
"22:53:12 "
$STARTOFDATA$
"Obs"	"HHMMSS"	"FTime"	"EBal?"	"Photo"	"Cond"	"Ci"	"Trmmol"	"VpdL"	"CTleaf"	"Area"	"BLC_1"	"StmRat"	"BLCond"	"Tair"	"Tleaf"	"TBlk"	"CO2R"	"CO2S"	"H2OR"	"H2OS"	"RH_R"	"RH_S"	"Flow"	"PARi"	"PARo"	"Press"	"CsMch"	"HsMch"	"StableF"	"BLCslope"	"BLCoffst"	"f_parin"	"f_parout"	"alphaK"	"Status"
1	"23:37:12"	2685.0	0	5.49	0.145	314	1.22	0.885	9.67	6	1.42	1	2.84	4.59	9.67	1.64	399.84	381.99	-0.470	3.182	-5.57	37.70	200.4	1601	5	100.8	-6.59	0.236	1.0	-0.22	2.74	1.00	0.00	0.16	111115
2	"23:37:13"	2686.0	0	5.49	0.145	314	1.22	0.885	9.68	6	1.42	1	2.84	4.59	9.68	1.64	399.85	382.00	-0.470	3.181	-5.57	37.69	200.3	1601	5	100.8	-6.59	0.236	1.0	-0.22	2.74	1.00	0.00	0.16	111115
3	"23:37:14"	2686.5	0	5.51	0.145	314	1.22	0.886	9.68	6	1.42	1	2.84	4.59	9.68	1.64	399.91	382.00	-0.470	3.181	-5.57	37.69	200.3	1601	5	100.8	-6.59	0.236	1.0	-0.22	2.74	1.00	0.00	0.16	111115
4	"23:37:15"	2687.5	0	5.55	0.145	313	1.22	0.887	9.69	6	1.42	1	2.84	4.59	9.69	1.64	400.03	382.01	-0.470	3.180	-5.57	37.67	200.3	1601	5	100.8	-6.59	0.236	1.0	-0.22	2.74	1.00	0.00	0.16	111115
5	"23:37:15"	2688.0	0	5.56	0.145	313	1.22	0.887	9.69	6	1.42	1	2.84	4.59	9.69	1.64	400.06	382.01	-0.470	3.180	-5.57	37.67	200.3	1601	5	100.8	-6.59	0.236	1.0	-0.22	2.74	1.00	0.00	0.16	111115
6	"23:37:16"	2688.5	0	5.57	0.145	313	1.22	0.887	9.69	6	1.42	1	2.84	4.59	9.69	1.64	400.09	382.00	-0.470	3.180	-5.57	37.67	200.3	1601	5	100.8	-6.59	0.236	1.0	-0.22	2.74	1.00	0.00	0.16	111115
7	"23:37:17"	2688.5	0	5.57	0.145	313	1.22	0.887	9.69	6	1.42	1	2.84	4.59	9.69	1.64	400.09	382.00	-0.470	3.180	-5.57	37.67	200.3	1601	5	100.8	-6.59	0.236	1.0	-0.22	2.74	1.00	0.00	0.16	111115
8	"23:37:17"	2690.0	0	5.58	0.145	313	1.22	0.886	9.69	6	1.42	1	2.84	4.59	9.69	1.64	400.11	382.00	-0.470	3.180	-5.57	37.67	200.3	1601	5	100.8	-6.59	0.236	1.0	-0.22	2.74	1.00	0.00	0.16	111115
9	"23:37:18"	2691.0	0	5.56	0.145	313	1.22	0.886	9.68	6	1.42	1	2.84	4.59	9.68	1.64	400.07	382.02	-0.470	3.180	-5.57	37.67	200.3	1601	5	100.8	-6.59	0.236	1.0	-0.22	2.74	1.00	0.00	0.16	111115
10	"23:37:19"	2691.5	0	5.55	0.145	313	1.22	0.886	9.69	6	1.42	1	2.84	4.59	9.69	1.64	400.06	382.03	-0.470	3.181	-5.57	37.68	200.3	1601	5	100.8	-6.59	0.236	1.0	-0.22	2.74	1.00	0.00	0.16	111115
11	"23:37:19"	2692.0	0	5.55	0.145	313	1.22	0.887	9.69	6	1.42	1	2.84	4.59	9.69	1.64	400.06	382.04	-0.470	3.181	-5.57	37.68	200.3	1601	5	100.8	-6.59	0.236	1.0	-0.22	2.74	1.00	0.00	0.16	111115
12	"23:37:20"	2693.0	0	5.54	0.145	313	1.22	0.887	9.69	6	1.42	1	2.84	4.59	9.69	1.64	400.05	382.05	-0.470	3.180	-5.57	37.67	200.3	1601	5	100.8	-6.59	0.236	1.0	-0.22	2.74	1.00	0.00	0.16	111115
13	"23:37:21"	2693.5	0	5.54	0.145	313	1.22	0.886	9.69	6	1.42	1	2.84	4.59	9.69	1.65	400.05	382.07	-0.470	3.180	-5.57	37.67	200.3	1601	5	100.8	-6.59	0.236	1.0	-0.22	2.74	1.00	0.00	0.16	111115
14	"23:37:21"	2694.0	0	5.54	0.145	313	1.22	0.887	9.69	6	1.42	1	2.84	4.59	9.69	1.65	400.05	382.05	-0.470	3.179	-5.57	37.66	200.3	1601	5	100.8	-6.59	0.236	1.0	-0.22	2.74	1.00	0.00	0.16	111115
15	"23:37:22"	2695.0	0	5.56	0.145	313	1.22	0.887	9.69	6	1.42	1	2.84	4.59	9.69	1.65	400.07	382.03	-0.471	3.179	-5.58	37.66	200.3	1601	5	100.8	-6.59	0.236	1.0	-0.22	2.74	1.00	0.00	0.16	111115
16	"23:46:04"	3217.0	0	5.94	0.147	308	1.41	1	11.64	6	1.42	1	2.84	7.49	11.64	5.09	400.48	381.07	-0.502	3.692	-4.87	35.78	200.3	1599	5	100.8	-6.81	0.23	1.0	-0.22	2.74	1.00	0.00	0.16	111115
17	"23:46:05"	3217.5	0	5.95	0.147	308	1.41	1	11.64	6	1.42	1	2.84	7.49	11.64	5.09	400.49	381.06	-0.502	3.692	-4.87	35.78	200.3	1599	5	100.8	-6.81	0.23	1.0	-0.22	2.74	1.00	0.00	0.16	111115
18	"23:46:05"	3218.0	0	5.96	0.147	308	1.41	1	11.64	6	1.42	1	2.84	7.49	11.64	5.09	400.50	381.05	-0.502	3.691	-4.87	35.78	200.3	1599	5	100.8	-6.81	0.23	1.0	-0.22	2.74	1.00	0.00	0.16	111115
19	"23:46:06"	3219.0	0	5.95	0.147	308	1.41	1	11.64	6	1.42	1	2.84	7.49	11.64	5.09	400.48	381.07	-0.502	3.691	-4.87	35.77	200.4	1599	5	100.8	-6.81	0.23	1.0	-0.22	2.74	1.00	0.00	0.16	111115
20	"23:46:06"	3219.5	0	5.94	0.147	308	1.41	1	11.64	6	1.42	1	2.84	7.50	11.64	5.09	400.49	381.08	-0.502	3.691	-4.87	35.77	200.3	1599	5	100.8	-6.81	0.23	1.0	-0.22	2.74	1.00	0.00	0.16	111115
21	"23:46:07"	3220.0	0	5.95	0.147	308	1.41	1	11.63	6	1.42	1	2.84	7.50	11.63	5.09	400.49	381.07	-0.502	3.691	-4.86	35.77	200.3	1599	5	100.8	-6.81	0.23	1.0	-0.22	2.74	1.00	0.00	0.16	111115
22	"23:46:08"	3220.5	0	5.95	0.147	308	1.41	1	11.64	6	1.42	1	2.84	7.50	11.64	5.09	400.47	381.05	-0.502	3.691	-4.86	35.77	200.3	1599	5	100.8	-6.81	0.23	1.0	-0.22	2.74	1.00	0.00	0.16	111115
23	"23:46:08"	3221.5	0	5.95	0.147	308	1.41	1	11.64	6	1.42	1	2.84	7.50	11.64	5.09	400.47	381.06	-0.502	3.691	-4.86	35.77	200.3	1599	5	100.8	-6.81	0.23	1.0	-0.22	2.74	1.00	0.00	0.16	111115
24	"23:46:09"	3222.0	0	5.95	0.147	308	1.41	1	11.65	6	1.42	1	2.84	7.50	11.65	5.09	400.48	381.05	-0.502	3.692	-4.86	35.78	200.3	1599	5	100.8	-6.81	0.23	1.0	-0.22	2.74	1.00	0.00	0.16	111115
25	"23:46:09"	3222.5	0	5.95	0.147	308	1.41	1	11.65	6	1.42	1	2.84	7.50	11.65	5.09	400.50	381.07	-0.502	3.693	-4.86	35.78	200.3	1599	5	100.8	-6.81	0.23	1.0	-0.22	2.74	1.00	0.00	0.16	111115
26	"23:46:10"	3223.0	0	5.96	0.147	308	1.41	1	11.65	6	1.42	1	2.84	7.50	11.65	5.09	400.52	381.06	-0.502	3.693	-4.86	35.78	200.3	1599	5	100.8	-6.81	0.23	1.0	-0.22	2.74	1.00	0.00	0.16	111115
27	"23:46:11"	3223.5	0	5.97	0.147	308	1.41	1	11.65	6	1.42	1	2.84	7.50	11.65	5.09	400.56	381.07	-0.502	3.692	-4.86	35.78	200.3	1599	5	100.8	-6.81	0.23	1.0	-0.22	2.74	1.00	0.00	0.16	111115
28	"23:46:11"	3224.0	0	5.98	0.147	308	1.41	1	11.65	6	1.42	1	2.84	7.50	11.65	5.09	400.59	381.07	-0.502	3.693	-4.86	35.78	200.3	1599	5	100.8	-6.81	0.23	1.0	-0.22	2.74	1.00	0.00	0.16	111115
29	"23:46:12"	3224.5	0	5.99	0.147	308	1.41	1	11.65	6	1.42	1	2.84	7.50	11.65	5.09	400.63	381.09	-0.502	3.692	-4.86	35.77	200.3	1599	5	100.8	-6.81	0.23	1.0	-0.22	2.74	1.00	0.00	0.16	111115
30	"23:46:12"	3225.0	0	5.99	0.147	308	1.41	1	11.65	6	1.42	1	2.84	7.50	11.65	5.09	400.63	381.10	-0.502	3.692	-4.86	35.78	200.3	1599	5	100.8	-6.81	0.23	1.0	-0.22	2.74	1.00	0.00	0.16	111115
31	"23:56:05"	3817.5	0	6.8	0.146	294	1.71	1.23	15.18	6	1.42	1	2.84	11.72	15.18	9.97	400.59	378.29	-0.116	4.993	-0.85	36.44	200.3	1600	5	100.8	-7.11	0.204	1.0	-0.22	2.74	1.00	0.00	0.16	111115
32	"23:56:05"	3818.0	0	6.8	0.146	294	1.71	1.23	15.18	6	1.42	1	2.84	11.72	15.18	9.97	400.59	378.29	-0.116	4.993	-0.85	36.44	200.3	1600	5	100.8	-7.11	0.204	1.0	-0.22	2.74	1.00	0.00	0.16	111115
33	"23:56:06"	3819.0	0	6.8	0.146	294	1.71	1.23	15.18	6	1.42	1	2.84	11.72	15.18	9.97	400.62	378.29	-0.116	4.993	-0.85	36.44	200.3	1600	5	100.8	-7.11	0.204	1.0	-0.22	2.74	1.00	0.00	0.16	111115
34	"23:56:07"	3819.5	0	6.8	0.146	294	1.71	1.23	15.18	6	1.42	1	2.84	11.72	15.18	9.97	400.63	378.31	-0.117	4.993	-0.85	36.44	200.3	1600	5	100.8	-7.11	0.204	1.0	-0.22	2.74	1.00	0.00	0.16	111115
35	"23:56:07"	3820.0	0	6.8	0.147	294	1.71	1.23	15.17	6	1.42	1	2.84	11.72	15.17	9.97	400.64	378.32	-0.117	4.994	-0.85	36.44	200.3	1600	5	100.8	-7.11	0.204	1.0	-0.22	2.74	1.00	0.00	0.16	111115
36	"23:56:08"	3820.5	0	6.82	0.147	294	1.71	1.23	15.17	6	1.42	1	2.84	11.72	15.17	9.97	400.65	378.29	-0.117	4.993	-0.85	36.44	200.3	1600	5	100.8	-7.11	0.204	1.0	-0.22	2.74	1.00	0.00	0.16	111115
37	"23:56:09"	3821.5	0	6.84	0.147	294	1.71	1.23	15.16	6	1.42	1	2.84	11.72	15.16	9.97	400.71	378.29	-0.117	4.993	-0.85	36.44	200.3	1600	5	100.8	-7.11	0.204	1.0	-0.22	2.74	1.00	0.00	0.16	111115
38	"23:56:09"	3822.0	0	6.84	0.147	294	1.71	1.22	15.15	6	1.42	1	2.84	11.72	15.15	9.97	400.71	378.29	-0.117	4.992	-0.85	36.43	200.3	1600	5	100.8	-7.11	0.204	1.0	-0.22	2.74	1.00	0.00	0.16	111115
39	"23:56:09"	3822.0	0	6.84	0.147	294	1.71	1.22	15.15	6	1.42	1	2.84	11.72	15.15	9.97	400.71	378.29	-0.117	4.992	-0.85	36.43	200.3	1600	5	100.8	-7.11	0.204	1.0	-0.22	2.74	1.00	0.00	0.16	111115
40	"23:56:10"	3823.0	0	6.83	0.147	294	1.71	1.22	15.15	6	1.42	1	2.84	11.72	15.15	9.97	400.70	378.30	-0.116	4.993	-0.85	36.44	200.3	1600	5	100.8	-7.11	0.204	1.0	-0.22	2.74	1.00	0.00	0.16	111115
41	"23:56:11"	3823.5	0	6.83	0.147	294	1.71	1.23	15.16	6	1.42	1	2.84	11.72	15.16	9.97	400.67	378.28	-0.116	4.993	-0.85	36.44	200.3	1600	5	100.8	-7.11	0.204	1.0	-0.22	2.74	1.00	0.00	0.16	111115
42	"23:56:11"	3824.0	0	6.83	0.147	294	1.71	1.23	15.16	6	1.42	1	2.84	11.72	15.16	9.97	400.66	378.27	-0.116	4.993	-0.85	36.44	200.3	1600	5	100.8	-7.11	0.204	1.0	-0.22	2.74	1.00	0.00	0.16	111115
43	"23:56:12"	3824.5	0	6.82	0.147	294	1.71	1.23	15.16	6	1.42	1	2.84	11.72	15.16	9.97	400.66	378.29	-0.116	4.993	-0.85	36.44	200.3	1600	5	100.8	-7.11	0.204	1.0	-0.22	2.74	1.00	0.00	0.16	111115
44	"23:56:12"	3825.0	0	6.81	0.147	294	1.72	1.23	15.17	6	1.42	1	2.84	11.72	15.17	9.97	400.64	378.29	-0.116	4.994	-0.85	36.45	200.4	1600	5	100.8	-7.11	0.204	1.0	-0.22	2.74	1.00	0.00	0.16	111115
45	"23:56:13"	3825.5	0	6.8	0.147	294	1.71	1.23	15.17	6	1.42	1	2.84	11.72	15.17	9.97	400.63	378.30	-0.116	4.994	-0.85	36.45	200.3	1600	5	100.8	-7.11	0.204	1.0	-0.22	2.74	1.00	0.00	0.16	111115
46	"00:07:33"	4505.0	0	7.56	0.152	284	2.14	1.48	18.69	6	1.42	1	2.84	16.23	18.69	15.04	400.74	375.68	0.377	6.756	2.05	36.76	200.3	1599	5	100.8	-7.19	0.149	1.0	-0.22	2.74	1.00	0.00	0.16	111115
47	"00:07:33"	4505.5	0	7.56	0.152	284	2.14	1.48	18.69	6	1.42	1	2.84	16.23	18.69	15.04	400.73	375.68	0.377	6.756	2.05	36.77	200.3	1599	5	100.8	-7.19	0.149	1.0	-0.22	2.74	1.00	0.00	0.16	111115
48	"00:07:34"	4506.0	0	7.57	0.151	284	2.14	1.48	18.69	6	1.42	1	2.84	16.23	18.69	15.04	400.74	375.67	0.377	6.756	2.05	36.77	200.3	1599	5	100.8	-7.19	0.149	1.0	-0.22	2.74	1.00	0.00	0.16	111115
49	"00:07:34"	4506.5	0	7.58	0.151	284	2.14	1.48	18.69	6	1.42	1	2.84	16.24	18.69	15.04	400.77	375.67	0.378	6.756	2.06	36.77	200.4	1599	5	100.8	-7.19	0.149	1.0	-0.22	2.74	1.00	0.00	0.16	111115
50	"00:07:35"	4507.0	0	7.58	0.151	284	2.14	1.48	18.69	6	1.42	1	2.84	16.23	18.69	15.04	400.80	375.67	0.377	6.757	2.05	36.77	200.3	1599	5	100.8	-7.19	0.149	1.0	-0.22	2.74	1.00	0.00	0.16	111115
51	"00:07:35"	4507.5	0	7.58	0.151	284	2.14	1.48	18.70	6	1.42	1	2.84	16.23	18.70	15.04	400.79	375.67	0.377	6.756	2.05	36.76	200.3	1600	5	100.8	-7.19	0.149	1.0	-0.22	2.74	1.00	0.00	0.16	111115
52	"00:07:36"	4508.0	0	7.58	0.151	284	2.14	1.48	18.70	6	1.42	1	2.84	16.23	18.70	15.04	400.79	375.66	0.377	6.756	2.05	36.77	200.3	1600	5	100.8	-7.19	0.149	1.0	-0.22	2.74	1.00	0.00	0.16	111115
53	"00:07:36"	4508.5	0	7.58	0.151	284	2.14	1.48	18.70	6	1.42	1	2.84	16.23	18.70	15.04	400.79	375.66	0.377	6.756	2.05	36.77	200.3	1600	5	100.8	-7.19	0.149	1.0	-0.22	2.74	1.00	0.00	0.16	111115
54	"00:07:37"	4509.0	0	7.59	0.151	284	2.14	1.48	18.70	6	1.42	1	2.84	16.23	18.70	15.04	400.82	375.68	0.377	6.756	2.05	36.77	200.3	1599	5	100.8	-7.19	0.149	1.0	-0.22	2.74	1.00	0.00	0.16	111115
55	"00:07:37"	4509.5	0	7.58	0.151	284	2.14	1.48	18.69	6	1.42	1	2.84	16.23	18.69	15.04	400.80	375.68	0.377	6.756	2.05	36.77	200.3	1600	5	100.8	-7.19	0.149	1.0	-0.22	2.74	1.00	0.00	0.16	111115
56	"00:07:38"	4510.0	0	7.57	0.151	284	2.14	1.48	18.69	6	1.42	1	2.84	16.23	18.69	15.04	400.78	375.68	0.377	6.756	2.05	36.77	200.3	1600	5	100.8	-7.19	0.149	1.0	-0.22	2.74	1.00	0.00	0.16	111115
57	"00:07:38"	4510.5	0	7.58	0.151	284	2.14	1.48	18.69	6	1.42	1	2.84	16.23	18.69	15.04	400.79	375.68	0.377	6.757	2.05	36.77	200.3	1600	5	100.8	-7.19	0.149	1.0	-0.22	2.74	1.00	0.00	0.16	111115
58	"00:07:39"	4511.0	0	7.57	0.151	284	2.14	1.48	18.69	6	1.42	1	2.84	16.24	18.69	15.04	400.78	375.70	0.377	6.757	2.05	36.77	200.3	1600	5	100.8	-7.19	0.149	1.0	-0.22	2.74	1.00	0.00	0.16	111115
59	"00:07:39"	4511.5	0	7.57	0.151	284	2.14	1.48	18.69	6	1.42	1	2.84	16.24	18.69	15.04	400.80	375.71	0.377	6.758	2.05	36.77	200.3	1600	5	100.8	-7.19	0.149	1.0	-0.22	2.74	1.00	0.00	0.16	111115
60	"00:07:40"	4512.0	0	7.57	0.152	284	2.14	1.48	18.69	6	1.42	1	2.84	16.24	18.69	15.04	400.81	375.73	0.377	6.758	2.05	36.77	200.3	1600	5	100.8	-7.19	0.149	1.0	-0.22	2.74	1.00	0.00	0.16	111115
61	"00:17:52"	5124.5	0	8.09	0.154	276	2.62	1.77	22.08	6	1.42	1	2.84	20.68	22.08	20.12	399.84	372.69	1.100	8.865	4.53	36.52	200.3	1599	5	100.8	-7.3	0.0782	1.0	-0.22	2.74	1.00	0.00	0.16	111115
62	"00:17:52"	5125.0	0	8.05	0.154	276	2.62	1.77	22.07	6	1.42	1	2.84	20.68	22.07	20.12	399.74	372.69	1.100	8.865	4.53	36.52	200.3	1599	5	100.8	-7.3	0.0782	1.0	-0.22	2.74	1.00	0.00	0.16	111115
63	"00:17:53"	5125.5	0	8.01	0.154	276	2.61	1.77	22.07	6	1.42	1	2.84	20.68	22.07	20.11	399.63	372.71	1.099	8.864	4.53	36.52	200.3	1599	5	100.8	-7.3	0.0782	1.0	-0.22	2.74	1.00	0.00	0.16	111115
64	"00:17:53"	5126.0	0	7.97	0.154	277	2.62	1.77	22.07	6	1.42	1	2.84	20.68	22.07	20.11	399.50	372.70	1.099	8.864	4.53	36.52	200.3	1599	5	100.8	-7.3	0.0782	1.0	-0.22	2.74	1.00	0.00	0.16	111115
65	"00:17:54"	5126.5	0	7.95	0.154	277	2.62	1.77	22.07	6	1.42	1	2.84	20.68	22.07	20.11	399.41	372.68	1.099	8.864	4.53	36.52	200.3	1599	5	100.8	-7.3	0.0782	1.0	-0.22	2.74	1.00	0.00	0.16	111115
66	"00:17:55"	5127.0	0	7.92	0.154	277	2.62	1.77	22.07	6	1.42	1	2.84	20.68	22.07	20.11	399.32	372.68	1.100	8.863	4.53	36.52	200.3	1599	5	100.8	-7.3	0.0782	1.0	-0.22	2.74	1.00	0.00	0.16	111115
67	"00:17:55"	5127.5	0	7.89	0.154	278	2.61	1.77	22.07	6	1.42	1	2.84	20.68	22.07	20.11	399.23	372.69	1.100	8.862	4.53	36.51	200.3	1599	5	100.8	-7.3	0.0782	1.0	-0.22	2.74	1.00	0.00	0.16	111115
68	"00:17:56"	5128.0	0	7.86	0.154	278	2.61	1.77	22.07	6	1.42	1	2.84	20.68	22.07	20.11	399.15	372.69	1.100	8.862	4.53	36.51	200.3	1599	5	100.8	-7.3	0.0782	1.0	-0.22	2.74	1.00	0.00	0.16	111115
69	"00:17:56"	5128.5	0	7.86	0.154	278	2.61	1.77	22.07	6	1.42	1	2.84	20.68	22.07	20.11	399.14	372.69	1.100	8.863	4.53	36.51	200.3	1599	5	100.8	-7.3	0.0782	1.0	-0.22	2.74	1.00	0.00	0.16	111115
70	"00:17:57"	5129.0	0	7.89	0.154	278	2.61	1.77	22.07	6	1.42	1	2.84	20.68	22.07	20.11	399.21	372.67	1.100	8.861	4.53	36.50	200.3	1599	5	100.8	-7.3	0.0782	1.0	-0.22	2.74	1.00	0.00	0.16	111115
71	"00:17:57"	5129.5	0	7.92	0.154	277	2.61	1.77	22.08	6	1.42	1	2.84	20.68	22.08	20.11	399.31	372.67	1.100	8.862	4.53	36.51	200.3	1599	5	100.8	-7.3	0.0782	1.0	-0.22	2.74	1.00	0.00	0.16	111115
72	"00:17:58"	5130.5	0	7.98	0.154	277	2.61	1.77	22.08	6	1.42	1	2.84	20.68	22.08	20.11	399.49	372.66	1.100	8.862	4.53	36.50	200.3	1599	5	100.8	-7.3	0.0782	1.0	-0.22	2.74	1.00	0.00	0.16	111115
73	"00:17:59"	5131.0	0	8.01	0.154	276	2.61	1.77	22.08	6	1.42	1	2.84	20.68	22.08	20.11	399.58	372.65	1.100	8.861	4.53	36.50	200.3	1599	5	100.8	-7.3	0.0782	1.0	-0.22	2.74	1.00	0.00	0.16	111115
74	"00:17:59"	5132.0	0	8.06	0.154	276	2.61	1.77	22.08	6	1.42	1	2.84	20.68	22.08	20.11	399.70	372.63	1.100	8.861	4.53	36.50	200.3	1599	5	100.8	-7.3	0.0782	1.0	-0.22	2.74	1.00	0.00	0.16	111115
75	"00:18:00"	5132.5	0	8.08	0.154	276	2.61	1.77	22.07	6	1.42	1	2.84	20.68	22.07	20.11	399.76	372.64	1.100	8.861	4.53	36.50	200.3	1599	5	100.8	-7.3	0.0782	1.0	-0.22	2.74	1.00	0.00	0.16	111115
