"OPEN 6.1.4"
"Sun Feb  5 2106 22:53:13"
<open><version>"6.1.4"</version></open>
<open><configfile>"/User/Configs/UserPrefs/LED2x3.xml"</configfile></open>
<open><light><source>"6400-02 or -02B LED Source"</source><par_in>1 <sensor>"SI-2541"<cal>-0.81<actinity>1.00</actinity><transm>1.00</transm></cal></sensor><transm>1 </transm></par_in><par_out>1 <sensor>"Q40855"<cal>6.35 </cal></sensor></par_out></light></open>
<open><comps><file>"/User/Configs/Comps/StdComps_6.1"<header>""</header><extras></extras></file><energybal>no<f_parIn>1 </f_parIn><f_parOut>0 </f_parOut><alphaK>0.16</alphaK></energybal><bc_total>2.840<stomatal_ratio>1</stomatal_ratio><bc_oneside>1.420<type>2 </type><table>"/Sys/Lib/StdBLCTable"</table><area>6</area><slope>-0.219565 </slope><offset>2.73739 </offset><fan>5 </fan></bc_oneside></bc_total></comps></open>
<open><prompts><onlog>off</onlog><items>"Default (none)"</items></prompts></open>
<open><constants><oxygen>21 %</oxygen><bb_vapor>1.5 </bb_vapor><bb_oxy>0.9 </bb_oxy></constants></open>
<open><stability><items>"Std Stability"<items[1]><id>-2 </id><size>15 </size><pcv><onoff>0 </onoff><value>1 </value></pcv><std><onoff>0 </onoff><value>1 </value></std><slp><onoff>1 </onoff><value>1 </value></slp></items[1]><items[2]><id>-5 </id><size>15 </size><pcv><onoff>0 </onoff><value>1 </value></pcv><std><onoff>0 </onoff><value>1 </value></std><slp><onoff>1 </onoff><value>1 </value></slp></items[2]><items[3]><id>-7 </id><size>15 </size><pcv><onoff>0 </onoff><value>1 </value></pcv><std><onoff>0 </onoff><value>1 </value></std><slp><onoff>1 </onoff><value>1 </value></slp></items[3]></items></stability></open>
<open><log><format>"StdLogFmt_6.0"<items>{ -35  -21  -36  -76  30  23  36  21  25  221  -33  111  -34  11  -9  -10  -8  -1  -2  -4  -5  -14  -15  -7  -12  -13  -11  -65  -66  -72  -18  -19  -77  -78  -79  -23   }<hdr>{  }</hdr></items></format><options><beep>on</beep><hdr>normal</hdr><rem>normal</rem><stab>no</stab><stats>no<period>15 </period></stats><excel>yes</excel><comm>no</comm></options><datafile>"/User/jcg_gash_5"</datafile><button><action>"Normal Log"<code>" LogOneObsManual "</code></action></button><autoprog>"/User/Configs/AutoProgs/AutoLog"<active>no</active></autoprog></log></open>
<open><a2d><avgtime>4.0 secs</avgtime><userchans><ch20>"Off"</ch20><ch21>"Off"</ch21><ch22>"Off"</ch22><ch23>"Off"</ch23></userchans></a2d></open>
<open><matching><type>0 </type><disp>'a'</disp><settings><CO2Limit>10.0</CO2Limit><H2OLimit>1.0</H2OLimit><MaxAutoTime>60 </MaxAutoTime></settings></matching></open>
<li6400><factory><unit>"PSC-2519"</unit><serviced>"1 Aug 2013"</serviced><fuseaware>0 </fuseaware><co2mixer>yes</co2mixer><co2><coeffs>{ 0  0.217817  1.90936e-05  2.56335e-08  -5.21136e-12  5.14133e-16   }</coeffs><dvdt>-3.1 </dvdt><xs>{ 0.0008  -0.0006   }</xs></co2><h2o><coeffs>{ 0  0.00577826  2.21643e-06  -7.00029e-12   }</coeffs><dvdt>-2.3 </dvdt><xs>{ -0.0051  0.0023   }</xs></h2o><flow>{ 0  0.3744   }</flow><press>{ 86.571  0.0055   }</press></factory></li6400>
<li6400><user><flow_zero>-277.5</flow_zero><irga_zero><co2>1165.9 853.8<at>28.8058 </at></co2><h2o>1360.9 1555.9<at>30.0013 </at></h2o></irga_zero><irga_span><co2>{ 1.016  1.01529   }</co2><h2o>{ 1.05479  1.08601   }</h2o></irga_span><irga_match><co2>{ 0.17117  -7.09206   }</co2><h2o>{ -0.036676  0.243268   }</h2o></irga_match><co2_mixer><pump_mv>4500 </pump_mv><ppm>{ 2127.98  1010.65  388.241  227.934  94.9201  47.1748  34.635  32.3342   }</ppm><mv>{ 5000  3000  1500  1000  500  300  200  100   }</mv></co2_mixer><parin_offset>-0.120314 </parin_offset><led_cal><unit>"SI-2541"</unit><mv>{ 10  25  50  100  1000  2000  3000  4000  5000   }</mv><qntm>{ 2.01301  8.80926  21.163  50.9379  635.024  1268.62  1868.91  2441.75  2980.87   }</qntm></led_cal><lcf_cal><unit>"LCF-1015"</unit><red><mv>{ 50  100  200  400  800  1500   }</mv><qntm>{ 63.946  145.991  315.029  669.142  1387.95  2639.5   }</qntm></red><blue><mv>{ 100  500  1000  2000  3000  4000  5000   }</mv><qntm>{ 8.52557  37.8843  71.6104  129.288  182.615  231.294  272.803   }</qntm></blue></lcf_cal></user></li6400>
"22:53:15 "
$STARTOFDATA$
"Obs"	"HHMMSS"	"FTime"	"EBal?"	"Photo"	"Cond"	"Ci"	"Trmmol"	"VpdL"	"CTleaf"	"Area"	"BLC_1"	"StmRat"	"BLCond"	"Tair"	"Tleaf"	"TBlk"	"CO2R"	"CO2S"	"H2OR"	"H2OS"	"RH_R"	"RH_S"	"Flow"	"PARi"	"PARo"	"Press"	"CsMch"	"HsMch"	"StableF"	"BLCslope"	"BLCoffst"	"f_parin"	"f_parout"	"alphaK"	"Status"
1	"23:32:17"	2355.0	0	4.14	0.0362	193	0.699	1.97	20.91	6	1.42	1	2.84	17.27	20.91	16.01	399.36	386.17	2.928	5.011	15.14	25.91	200.3	1599	12	102.3	-7.14	0.225	1.0	-0.22	2.74	1.00	0.00	0.16	111115
2	"23:32:18"	2355.5	0	4.16	0.0362	192	0.699	1.97	20.91	6	1.42	1	2.84	17.27	20.91	16.01	399.39	386.13	2.928	5.010	15.14	25.91	200.3	1599	12	102.3	-7.14	0.225	1.0	-0.22	2.74	1.00	0.00	0.16	111115
3	"23:32:18"	2356.0	0	4.18	0.0362	191	0.699	1.97	20.91	6	1.42	1	2.84	17.27	20.91	16.01	399.43	386.11	2.927	5.011	15.14	25.91	200.3	1599	12	102.3	-7.14	0.225	1.0	-0.22	2.74	1.00	0.00	0.16	111115
4	"23:32:19"	2356.5	0	4.19	0.0363	190	0.699	1.97	20.90	6	1.42	1	2.84	17.27	20.90	16.01	399.47	386.09	2.927	5.011	15.14	25.91	200.3	1599	12	102.3	-7.14	0.225	1.0	-0.22	2.74	1.00	0.00	0.16	111115
5	"23:32:19"	2357.0	0	4.21	0.0363	190	0.699	1.97	20.90	6	1.42	1	2.84	17.27	20.90	16.01	399.48	386.07	2.927	5.011	15.13	25.91	200.3	1599	12	102.3	-7.14	0.225	1.0	-0.22	2.74	1.00	0.00	0.16	111115
6	"23:32:20"	2358.0	0	4.2	0.0363	190	0.699	1.97	20.89	6	1.42	1	2.84	17.27	20.89	16.01	399.44	386.05	2.927	5.010	15.13	25.91	200.3	1599	12	102.3	-7.14	0.225	1.0	-0.22	2.74	1.00	0.00	0.16	111115
7	"23:32:21"	2358.5	0	4.17	0.0363	191	0.699	1.97	20.89	6	1.42	1	2.84	17.27	20.89	16.01	399.36	386.05	2.926	5.010	15.13	25.91	200.3	1599	12	102.3	-7.14	0.225	1.0	-0.22	2.74	1.00	0.00	0.16	111115
8	"23:32:21"	2359.0	0	4.16	0.0363	192	0.699	1.97	20.88	6	1.42	1	2.84	17.27	20.88	16.01	399.30	386.04	2.926	5.010	15.13	25.91	200.3	1599	12	102.3	-7.14	0.225	1.0	-0.22	2.74	1.00	0.00	0.16	111115
9	"23:32:22"	2359.5	0	4.14	0.0363	193	0.7	1.97	20.88	6	1.42	1	2.84	17.27	20.88	16.01	399.26	386.06	2.926	5.011	15.13	25.91	200.3	1599	12	102.3	-7.14	0.225	1.0	-0.22	2.74	1.00	0.00	0.16	111115
10	"23:32:23"	2360.5	0	4.15	0.0363	192	0.699	1.97	20.89	6	1.42	1	2.84	17.27	20.89	16.01	399.31	386.08	2.927	5.010	15.13	25.90	200.4	1599	12	102.3	-7.14	0.225	1.0	-0.22	2.74	1.00	0.00	0.16	111115
11	"23:32:23"	2361.0	0	4.17	0.0363	191	0.699	1.97	20.89	6	1.42	1	2.84	17.27	20.89	16.01	399.40	386.10	2.926	5.010	15.13	25.90	200.4	1599	12	102.3	-7.14	0.225	1.0	-0.22	2.74	1.00	0.00	0.16	111115
12	"23:32:24"	2361.5	0	4.22	0.0363	189	0.699	1.97	20.89	6	1.42	1	2.84	17.27	20.89	16.01	399.55	386.09	2.927	5.010	15.13	25.90	200.3	1599	12	102.3	-7.14	0.225	1.0	-0.22	2.74	1.00	0.00	0.16	111115
13	"23:32:24"	2362.0	0	4.29	0.0363	186	0.699	1.97	20.90	6	1.42	1	2.84	17.27	20.90	16.01	399.75	386.09	2.926	5.011	15.13	25.90	200.3	1599	12	102.3	-7.14	0.225	1.0	-0.22	2.74	1.00	0.00	0.16	111115
14	"23:32:25"	2362.5	0	4.36	0.0363	183	0.699	1.97	20.90	6	1.42	1	2.84	17.27	20.90	16.01	399.96	386.08	2.927	5.010	15.13	25.90	200.3	1599	12	102.3	-7.14	0.225	1.0	-0.22	2.74	1.00	0.00	0.16	111115
15	"23:32:25"	2363.0	0	4.43	0.0362	180	0.699	1.97	20.90	6	1.42	1	2.84	17.27	20.90	16.01	400.17	386.09	2.927	5.010	15.13	25.90	200.3	1599	12	102.3	-7.14	0.225	1.0	-0.22	2.74	1.00	0.00	0.16	111115
16	"23:44:43"	3101.5	0	4.34	0.0379	191	0.849	2.28	23.53	6	1.42	1	2.84	20.81	23.53	20.11	400.36	386.38	3.616	6.145	15.00	25.48	200.3	1600	11	102.3	-7.13	0.193	1.0	-0.22	2.74	1.00	0.00	0.16	111115
17	"23:44:44"	3102.5	0	4.34	0.0379	190	0.849	2.28	23.54	6	1.42	1	2.84	20.81	23.54	20.11	400.36	386.38	3.617	6.145	15.00	25.48	200.3	1600	11	102.3	-7.13	0.193	1.0	-0.22	2.74	1.00	0.00	0.16	111115
18	"23:44:45"	3103.0	0	4.34	0.0379	191	0.849	2.28	23.53	6	1.42	1	2.84	20.81	23.53	20.11	400.35	386.37	3.617	6.145	15.00	25.48	200.3	1600	11	102.3	-7.13	0.193	1.0	-0.22	2.74	1.00	0.00	0.16	111115
19	"23:44:46"	3104.0	0	4.32	0.0379	191	0.849	2.28	23.53	6	1.42	1	2.84	20.81	23.53	20.11	400.30	386.37	3.617	6.145	15.00	25.48	200.3	1600	11	102.3	-7.13	0.193	1.0	-0.22	2.74	1.00	0.00	0.16	111115
20	"23:44:46"	3104.5	0	4.33	0.0379	191	0.849	2.28	23.53	6	1.42	1	2.84	20.81	23.53	20.11	400.32	386.38	3.618	6.145	15.00	25.48	200.3	1600	11	102.3	-7.13	0.193	1.0	-0.22	2.74	1.00	0.00	0.16	111115
21	"23:44:47"	3105.5	0	4.32	0.0379	191	0.849	2.28	23.53	6	1.42	1	2.84	20.81	23.53	20.11	400.33	386.40	3.618	6.145	15.00	25.48	200.3	1600	11	102.3	-7.13	0.193	1.0	-0.22	2.74	1.00	0.00	0.16	111115
22	"23:44:48"	3106.0	0	4.32	0.0379	192	0.849	2.28	23.52	6	1.42	1	2.84	20.81	23.52	20.11	400.32	386.41	3.618	6.146	15.00	25.48	200.3	1600	11	102.3	-7.13	0.193	1.0	-0.22	2.74	1.00	0.00	0.16	111115
23	"23:44:49"	3107.0	0	4.32	0.0379	191	0.849	2.28	23.52	6	1.42	1	2.84	20.81	23.52	20.11	400.33	386.41	3.618	6.145	15.00	25.48	200.3	1600	11	102.3	-7.13	0.193	1.0	-0.22	2.74	1.00	0.00	0.16	111115
24	"23:44:49"	3107.5	0	4.34	0.0379	190	0.849	2.28	23.52	6	1.42	1	2.84	20.81	23.52	20.11	400.38	386.39	3.618	6.145	15.00	25.48	200.3	1600	11	102.3	-7.13	0.193	1.0	-0.22	2.74	1.00	0.00	0.16	111115
25	"23:44:50"	3108.5	0	4.35	0.0379	190	0.849	2.28	23.52	6	1.42	1	2.84	20.81	23.52	20.11	400.40	386.39	3.618	6.145	15.00	25.48	200.3	1600	11	102.3	-7.13	0.193	1.0	-0.22	2.74	1.00	0.00	0.16	111115
26	"23:44:51"	3109.0	0	4.35	0.0379	190	0.849	2.28	23.53	6	1.42	1	2.84	20.81	23.53	20.11	400.41	386.40	3.618	6.145	15.00	25.48	200.3	1600	11	102.3	-7.13	0.193	1.0	-0.22	2.74	1.00	0.00	0.16	111115
27	"23:44:52"	3110.0	0	4.35	0.0379	190	0.849	2.28	23.53	6	1.42	1	2.84	20.81	23.53	20.11	400.41	386.39	3.617	6.145	15.00	25.48	200.3	1600	11	102.3	-7.13	0.193	1.0	-0.22	2.74	1.00	0.00	0.16	111115
28	"23:44:52"	3110.5	0	4.36	0.0379	190	0.849	2.28	23.53	6	1.42	1	2.84	20.81	23.53	20.11	400.42	386.39	3.617	6.145	15.00	25.48	200.3	1600	11	102.3	-7.13	0.193	1.0	-0.22	2.74	1.00	0.00	0.16	111115
29	"23:44:53"	3111.0	0	4.35	0.0379	190	0.849	2.28	23.53	6	1.42	1	2.84	20.81	23.53	20.11	400.40	386.39	3.617	6.144	15.00	25.48	200.3	1600	11	102.3	-7.13	0.193	1.0	-0.22	2.74	1.00	0.00	0.16	111115
30	"23:44:54"	3112.5	0	4.33	0.0379	191	0.849	2.28	23.53	6	1.42	1	2.84	20.81	23.53	20.11	400.37	386.42	3.617	6.145	15.00	25.48	200.3	1600	11	102.3	-7.13	0.193	1.0	-0.22	2.74	1.00	0.00	0.16	111115
31	"00:01:10"	4087.0	0	4.13	0.0352	186	0.916	2.64	26.01	6	1.42	1	2.84	24.19	26.01	24.01	400.85	387.41	4.479	7.203	15.12	24.31	200.3	1599	11	102.3	-7.25	0.164	1.0	-0.22	2.74	1.00	0.00	0.16	111115
32	"00:01:10"	4088.0	0	4.16	0.0352	184	0.916	2.64	26.00	6	1.42	1	2.84	24.19	26.00	24.01	400.94	387.40	4.478	7.203	15.11	24.31	200.3	1599	11	102.3	-7.25	0.164	1.0	-0.22	2.74	1.00	0.00	0.16	111115
33	"00:01:11"	4088.5	0	4.18	0.0352	183	0.916	2.64	26.00	6	1.42	1	2.84	24.20	26.00	24.01	400.98	387.39	4.478	7.203	15.11	24.31	200.2	1599	11	102.3	-7.25	0.164	1.0	-0.22	2.74	1.00	0.00	0.16	111115
34	"00:01:12"	4089.0	0	4.19	0.0352	183	0.916	2.64	26.00	6	1.42	1	2.84	24.20	26.00	24.01	401.02	387.39	4.478	7.203	15.11	24.31	200.2	1599	11	102.3	-7.25	0.164	1.0	-0.22	2.74	1.00	0.00	0.16	111115
35	"00:01:13"	4090.0	0	4.2	0.0353	183	0.916	2.64	26.00	6	1.42	1	2.84	24.20	26.00	24.01	401.06	387.40	4.478	7.203	15.11	24.31	200.3	1599	11	102.3	-7.25	0.164	1.0	-0.22	2.74	1.00	0.00	0.16	111115
36	"00:01:13"	4090.5	0	4.21	0.0352	182	0.916	2.64	26.00	6	1.42	1	2.84	24.20	26.00	24.01	401.07	387.40	4.478	7.203	15.11	24.31	200.3	1599	11	102.3	-7.25	0.164	1.0	-0.22	2.74	1.00	0.00	0.16	111115
37	"00:01:14"	4091.5	0	4.2	0.0352	183	0.916	2.64	26.01	6	1.42	1	2.84	24.20	26.01	24.01	401.03	387.39	4.478	7.203	15.11	24.31	200.3	1599	11	102.3	-7.25	0.164	1.0	-0.22	2.74	1.00	0.00	0.16	111115
38	"00:01:15"	4092.0	0	4.2	0.0352	183	0.916	2.64	26.01	6	1.42	1	2.84	24.20	26.01	24.01	401.01	387.38	4.477	7.203	15.11	24.31	200.3	1599	11	102.3	-7.25	0.164	1.0	-0.22	2.74	1.00	0.00	0.16	111115
39	"00:01:15"	4092.5	0	4.2	0.0352	183	0.916	2.64	26.01	6	1.42	1	2.84	24.20	26.01	24.01	401.02	387.38	4.477	7.202	15.11	24.30	200.3	1599	11	102.3	-7.25	0.164	1.0	-0.22	2.74	1.00	0.00	0.16	111115
40	"00:01:16"	4093.5	0	4.23	0.0352	181	0.916	2.64	26.01	6	1.42	1	2.84	24.20	26.01	24.01	401.06	387.33	4.477	7.202	15.11	24.30	200.3	1599	11	102.3	-7.25	0.164	1.0	-0.22	2.74	1.00	0.00	0.16	111115
41	"00:01:17"	4094.0	0	4.24	0.0352	180	0.916	2.64	26.01	6	1.42	1	2.84	24.20	26.01	24.01	401.10	387.32	4.477	7.203	15.11	24.31	200.3	1599	11	102.3	-7.25	0.164	1.0	-0.22	2.74	1.00	0.00	0.16	111115
42	"00:01:17"	4094.5	0	4.26	0.0352	180	0.917	2.64	26.01	6	1.42	1	2.84	24.20	26.01	24.01	401.15	387.33	4.477	7.204	15.11	24.31	200.3	1599	11	102.3	-7.25	0.164	1.0	-0.22	2.74	1.00	0.00	0.16	111115
43	"00:01:18"	4095.5	0	4.28	0.0352	179	0.917	2.64	26.00	6	1.42	1	2.84	24.20	26.00	24.01	401.24	387.36	4.477	7.204	15.11	24.31	200.2	1599	11	102.3	-7.25	0.164	1.0	-0.22	2.74	1.00	0.00	0.16	111115
44	"00:01:19"	4096.0	0	4.29	0.0352	178	0.917	2.64	26.00	6	1.42	1	2.84	24.20	26.00	24.01	401.30	387.37	4.478	7.204	15.11	24.31	200.2	1599	11	102.3	-7.25	0.164	1.0	-0.22	2.74	1.00	0.00	0.16	111115
45	"00:01:19"	4096.5	0	4.29	0.0353	179	0.917	2.64	26.00	6	1.42	1	2.84	24.20	26.00	24.01	401.29	387.38	4.478	7.204	15.11	24.31	200.2	1599	11	102.3	-7.25	0.164	1.0	-0.22	2.74	1.00	0.00	0.16	111115
46	"00:16:20"	4998.0	0	3.65	0.0292	172	0.894	3.09	28.59	6	1.42	1	2.84	27.75	28.59	28.12	400.09	388.11	5.514	8.172	15.07	22.34	200.3	1599	12	102.2	-7.35	0.137	1.0	-0.22	2.74	1.00	0.00	0.16	111115
47	"00:16:21"	4999.0	0	3.66	0.0292	172	0.894	3.09	28.59	6	1.42	1	2.84	27.75	28.59	28.12	400.13	388.13	5.514	8.171	15.07	22.34	200.3	1599	12	102.2	-7.35	0.137	1.0	-0.22	2.74	1.00	0.00	0.16	111115
48	"00:16:22"	5000.0	0	3.65	0.0292	172	0.894	3.09	28.59	6	1.42	1	2.84	27.75	28.59	28.12	400.10	388.12	5.514	8.171	15.07	22.34	200.3	1599	12	102.3	-7.35	0.137	1.0	-0.22	2.74	1.00	0.00	0.16	111115
49	"00:16:23"	5001.0	0	3.64	0.0292	173	0.894	3.09	28.59	6	1.42	1	2.84	27.75	28.59	28.12	400.09	388.14	5.514	8.170	15.07	22.33	200.3	1599	12	102.3	-7.35	0.137	1.0	-0.22	2.74	1.00	0.00	0.16	111115
50	"00:16:24"	5002.0	0	3.65	0.0292	173	0.894	3.09	28.59	6	1.42	1	2.84	27.75	28.59	28.12	400.07	388.11	5.513	8.169	15.07	22.33	200.3	1599	12	102.3	-7.35	0.137	1.0	-0.22	2.74	1.00	0.00	0.16	111115
51	"00:16:25"	5003.0	0	3.64	0.0292	173	0.894	3.09	28.59	6	1.42	1	2.84	27.75	28.59	28.12	400.06	388.12	5.512	8.169	15.07	22.33	200.3	1599	12	102.2	-7.35	0.137	1.0	-0.22	2.74	1.00	0.00	0.16	111115
52	"00:16:26"	5004.0	0	3.64	0.0292	173	0.894	3.09	28.59	6	1.42	1	2.84	27.75	28.59	28.12	400.07	388.12	5.512	8.168	15.07	22.33	200.3	1599	12	102.2	-7.35	0.137	1.0	-0.22	2.74	1.00	0.00	0.16	111115
53	"00:16:27"	5005.0	0	3.64	0.0292	173	0.894	3.09	28.59	6	1.42	1	2.84	27.75	28.59	28.12	400.06	388.10	5.511	8.168	15.07	22.33	200.3	1599	12	102.3	-7.35	0.137	1.0	-0.22	2.74	1.00	0.00	0.16	111115
54	"00:16:28"	5006.0	0	3.64	0.0292	173	0.894	3.09	28.59	6	1.42	1	2.84	27.75	28.59	28.12	400.07	388.13	5.512	8.167	15.07	22.33	200.3	1599	12	102.2	-7.35	0.137	1.0	-0.22	2.74	1.00	0.00	0.16	111115
55	"00:16:29"	5007.0	0	3.63	0.0291	173	0.893	3.09	28.60	6	1.42	1	2.84	27.75	28.60	28.12	400.05	388.14	5.512	8.167	15.07	22.32	200.3	1599	12	102.3	-7.35	0.137	1.0	-0.22	2.74	1.00	0.00	0.16	111115
56	"00:16:30"	5008.0	0	3.63	0.0291	173	0.893	3.09	28.60	6	1.42	1	2.84	27.75	28.60	28.12	400.05	388.14	5.512	8.167	15.07	22.32	200.3	1599	12	102.3	-7.35	0.137	1.0	-0.22	2.74	1.00	0.00	0.16	111115
57	"00:16:31"	5009.0	0	3.64	0.0291	173	0.893	3.09	28.59	6	1.42	1	2.84	27.76	28.59	28.12	400.07	388.14	5.512	8.166	15.07	22.32	200.3	1599	12	102.3	-7.35	0.137	1.0	-0.22	2.74	1.00	0.00	0.16	111115
58	"00:16:31"	5009.5	0	3.63	0.0291	173	0.893	3.09	28.59	6	1.42	1	2.84	27.76	28.59	28.12	400.08	388.15	5.512	8.166	15.07	22.32	200.3	1599	12	102.3	-7.35	0.137	1.0	-0.22	2.74	1.00	0.00	0.16	111115
59	"00:16:32"	5010.5	0	3.64	0.0291	173	0.893	3.09	28.59	6	1.42	1	2.84	27.76	28.59	28.12	400.09	388.15	5.512	8.165	15.06	22.32	200.3	1600	12	102.3	-7.35	0.137	1.0	-0.22	2.74	1.00	0.00	0.16	111115
60	"00:16:33"	5011.5	0	3.63	0.0291	173	0.893	3.09	28.59	6	1.42	1	2.84	27.75	28.59	28.12	400.11	388.18	5.512	8.165	15.07	22.32	200.3	1599	12	102.2	-7.35	0.137	1.0	-0.22	2.74	1.00	0.00	0.16	111115
61	"00:29:25"	5782.5	0	3.07	0.0242	169	0.859	3.56	31.00	6	1.42	1	2.84	31.14	31.00	32.03	399.57	389.38	6.729	9.279	15.13	20.86	200.2	1600	12	102.3	-7.43	0.109	1.0	-0.22	2.74	1.00	0.00	0.16	111115
62	"00:29:25"	5783.5	0	3.07	0.0242	169	0.859	3.56	31.00	6	1.42	1	2.84	31.14	31.00	32.03	399.58	389.38	6.729	9.279	15.13	20.86	200.2	1600	12	102.3	-7.43	0.109	1.0	-0.22	2.74	1.00	0.00	0.16	111115
63	"00:29:26"	5784.0	0	3.07	0.0242	169	0.859	3.56	31.00	6	1.42	1	2.84	31.14	31.00	32.03	399.59	389.37	6.729	9.279	15.13	20.87	200.2	1600	12	102.3	-7.43	0.109	1.0	-0.22	2.74	1.00	0.00	0.16	111115
64	"00:29:27"	5785.0	0	3.08	0.0242	169	0.859	3.56	31.00	6	1.42	1	2.84	31.14	31.00	32.03	399.59	389.36	6.729	9.279	15.13	20.86	200.2	1600	12	102.3	-7.43	0.109	1.0	-0.22	2.74	1.00	0.00	0.16	111115
65	"00:29:28"	5785.5	0	3.08	0.0242	168	0.859	3.56	31.00	6	1.42	1	2.84	31.14	31.00	32.03	399.60	389.35	6.729	9.279	15.13	20.86	200.2	1600	12	102.3	-7.43	0.109	1.0	-0.22	2.74	1.00	0.00	0.16	111115
66	"00:29:28"	5786.5	0	3.1	0.0242	167	0.859	3.56	31.00	6	1.42	1	2.84	31.14	31.00	32.03	399.62	389.34	6.730	9.279	15.13	20.86	200.2	1600	12	102.3	-7.43	0.109	1.0	-0.22	2.74	1.00	0.00	0.16	111115
67	"00:29:29"	5787.0	0	3.1	0.0242	167	0.858	3.56	31.00	6	1.42	1	2.84	31.14	31.00	32.03	399.62	389.32	6.730	9.278	15.13	20.86	200.3	1600	12	102.3	-7.43	0.109	1.0	-0.22	2.74	1.00	0.00	0.16	111115
68	"00:29:30"	5788.0	0	3.09	0.0242	167	0.858	3.56	31.00	6	1.42	1	2.84	31.14	31.00	32.03	399.60	389.34	6.730	9.277	15.13	20.86	200.3	1600	12	102.3	-7.43	0.109	1.0	-0.22	2.74	1.00	0.00	0.16	111115
69	"00:29:30"	5788.5	0	3.09	0.0242	167	0.858	3.56	31.00	6	1.42	1	2.84	31.14	31.00	32.03	399.61	389.34	6.730	9.277	15.13	20.86	200.3	1600	12	102.3	-7.43	0.109	1.0	-0.22	2.74	1.00	0.00	0.16	111115
70	"00:29:31"	5789.5	0	3.09	0.0242	168	0.858	3.56	31.00	6	1.42	1	2.84	31.14	31.00	32.03	399.61	389.36	6.730	9.278	15.13	20.86	200.3	1600	12	102.3	-7.43	0.109	1.0	-0.22	2.74	1.00	0.00	0.16	111115
71	"00:29:32"	5790.0	0	3.09	0.0242	167	0.859	3.56	31.00	6	1.42	1	2.84	31.14	31.00	32.03	399.63	389.36	6.730	9.278	15.13	20.86	200.3	1600	12	102.3	-7.43	0.109	1.0	-0.22	2.74	1.00	0.00	0.16	111115
72	"00:29:33"	5791.0	0	3.08	0.0242	168	0.859	3.56	31.00	6	1.42	1	2.84	31.14	31.00	32.03	399.62	389.39	6.730	9.278	15.13	20.86	200.3	1600	12	102.3	-7.43	0.109	1.0	-0.22	2.74	1.00	0.00	0.16	111115
73	"00:29:33"	5791.5	0	3.09	0.0242	168	0.858	3.56	31.00	6	1.42	1	2.84	31.14	31.00	32.03	399.62	389.36	6.730	9.277	15.13	20.86	200.3	1600	12	102.3	-7.43	0.109	1.0	-0.22	2.74	1.00	0.00	0.16	111115
74	"00:29:34"	5792.5	0	3.09	0.0242	168	0.858	3.56	31.00	6	1.42	1	2.84	31.14	31.00	32.03	399.60	389.36	6.729	9.277	15.13	20.86	200.3	1600	12	102.3	-7.43	0.109	1.0	-0.22	2.74	1.00	0.00	0.16	111115
75	"00:29:35"	5793.0	0	3.08	0.0242	168	0.858	3.56	30.99	6	1.42	1	2.84	31.14	30.99	32.03	399.59	389.36	6.730	9.277	15.13	20.86	200.3	1600	12	102.3	-7.43	0.109	1.0	-0.22	2.74	1.00	0.00	0.16	111115
76	"00:45:50"	6768.0	0	2.25	0.0173	166	0.718	4.14	33.53	6	1.42	1	2.84	34.72	33.53	36.12	400.88	393.30	8.295	10.425	15.26	19.17	200.3	1599	11	102.3	-7.34	0.0756	1.0	-0.22	2.74	1.00	0.00	0.16	111115
77	"00:45:51"	6769.0	0	2.25	0.0173	165	0.718	4.14	33.53	6	1.42	1	2.84	34.72	33.53	36.12	400.89	393.29	8.295	10.425	15.26	19.17	200.3	1599	11	102.3	-7.34	0.0756	1.0	-0.22	2.74	1.00	0.00	0.16	111115
78	"00:45:51"	6769.5	0	2.25	0.0173	165	0.718	4.14	33.53	6	1.42	1	2.84	34.72	33.53	36.12	400.87	393.28	8.295	10.424	15.26	19.17	200.3	1599	11	102.3	-7.34	0.0756	1.0	-0.22	2.74	1.00	0.00	0.16	111115
79	"00:45:52"	6770.5	0	2.25	0.0173	166	0.718	4.14	33.53	6	1.42	1	2.84	34.72	33.53	36.12	400.84	393.27	8.296	10.424	15.26	19.17	200.3	1599	11	102.3	-7.34	0.0756	1.0	-0.22	2.74	1.00	0.00	0.16	111115
80	"00:45:53"	6771.0	0	2.23	0.0173	167	0.718	4.14	33.52	6	1.42	1	2.84	34.72	33.52	36.12	400.80	393.27	8.296	10.423	15.26	19.17	200.3	1599	11	102.3	-7.34	0.0756	1.0	-0.22	2.74	1.00	0.00	0.16	111115
81	"00:45:54"	6772.5	0	2.22	0.0173	168	0.717	4.13	33.52	6	1.42	1	2.84	34.72	33.52	36.12	400.76	393.27	8.296	10.422	15.26	19.17	200.3	1599	11	102.3	-7.34	0.0756	1.0	-0.22	2.74	1.00	0.00	0.16	111115
82	"00:45:55"	6773.0	0	2.21	0.0173	169	0.717	4.13	33.52	6	1.42	1	2.84	34.72	33.52	36.12	400.75	393.28	8.296	10.421	15.26	19.17	200.3	1599	11	102.3	-7.34	0.0756	1.0	-0.22	2.74	1.00	0.00	0.16	111115
83	"00:45:56"	6774.0	0	2.22	0.0173	169	0.717	4.13	33.51	6	1.42	1	2.84	34.72	33.51	36.12	400.79	393.31	8.296	10.422	15.26	19.17	200.3	1599	11	102.3	-7.34	0.0756	1.0	-0.22	2.74	1.00	0.00	0.16	111115
84	"00:45:57"	6775.0	0	2.23	0.0173	167	0.717	4.13	33.51	6	1.42	1	2.84	34.72	33.51	36.12	400.86	393.33	8.296	10.421	15.26	19.17	200.3	1599	11	102.3	-7.34	0.0756	1.0	-0.22	2.74	1.00	0.00	0.16	111115
85	"00:45:58"	6776.0	0	2.25	0.0173	166	0.717	4.13	33.52	6	1.42	1	2.84	34.72	33.52	36.12	400.91	393.34	8.295	10.421	15.26	19.17	200.3	1599	11	102.3	-7.34	0.0756	1.0	-0.22	2.74	1.00	0.00	0.16	111115
86	"00:45:59"	6777.0	0	2.26	0.0173	165	0.717	4.13	33.51	6	1.42	1	2.84	34.71	33.51	36.12	400.92	393.32	8.295	10.420	15.26	19.17	200.3	1599	12	102.3	-7.34	0.0756	1.0	-0.22	2.74	1.00	0.00	0.16	111115
87	"00:45:59"	6777.5	0	2.25	0.0173	165	0.717	4.13	33.51	6	1.42	1	2.84	34.71	33.51	36.12	400.90	393.31	8.295	10.420	15.26	19.17	200.3	1599	11	102.3	-7.34	0.0756	1.0	-0.22	2.74	1.00	0.00	0.16	111115
88	"00:46:00"	6778.5	0	2.27	0.0173	164	0.716	4.13	33.51	6	1.42	1	2.84	34.71	33.51	36.12	400.91	393.28	8.294	10.418	15.26	19.16	200.3	1599	11	102.3	-7.34	0.0756	1.0	-0.22	2.74	1.00	0.00	0.16	111115
89	"00:46:01"	6779.5	0	2.28	0.0173	162	0.716	4.13	33.51	6	1.42	1	2.84	34.71	33.51	36.12	400.94	393.26	8.295	10.418	15.26	19.16	200.3	1599	11	102.3	-7.34	0.0756	1.0	-0.22	2.74	1.00	0.00	0.16	111115
90	"00:46:02"	6780.0	0	2.28	0.0173	162	0.716	4.13	33.51	6	1.42	1	2.84	34.71	33.51	36.12	400.93	393.25	8.295	10.418	15.26	19.16	200.3	1599	11	102.3	-7.34	0.0756	1.0	-0.22	2.74	1.00	0.00	0.16	111115
91	"01:02:18"	7755.5	0	1.46	0.0117	173	0.576	4.89	35.88	6	1.42	1	2.84	38.13	35.88	40.02	400.84	395.79	8.510	10.218	12.98	15.59	200.3	1599	11	102.3	-7.42	0.0691	1.0	-0.22	2.74	1.00	0.00	0.16	111115
92	"01:02:19"	7756.5	0	1.46	0.0117	173	0.576	4.89	35.88	6	1.42	1	2.84	38.13	35.88	40.02	400.84	395.80	8.510	10.217	12.98	15.59	200.3	1599	11	102.3	-7.42	0.0691	1.0	-0.22	2.74	1.00	0.00	0.16	111115
93	"01:02:19"	7757.0	0	1.45	0.0117	174	0.576	4.89	35.88	6	1.42	1	2.84	38.13	35.88	40.02	400.85	395.81	8.510	10.218	12.98	15.59	200.3	1599	11	102.3	-7.42	0.0691	1.0	-0.22	2.74	1.00	0.00	0.16	111115
94	"01:02:20"	7758.0	0	1.45	0.0117	174	0.576	4.89	35.88	6	1.42	1	2.84	38.13	35.88	40.02	400.84	395.81	8.510	10.218	12.98	15.59	200.3	1599	11	102.3	-7.42	0.0691	1.0	-0.22	2.74	1.00	0.00	0.16	111115
95	"01:02:21"	7758.5	0	1.45	0.0117	174	0.576	4.89	35.88	6	1.42	1	2.84	38.13	35.88	40.02	400.82	395.80	8.511	10.218	12.98	15.59	200.3	1599	11	102.3	-7.42	0.0691	1.0	-0.22	2.74	1.00	0.00	0.16	111115
96	"01:02:22"	7759.5	0	1.44	0.0117	175	0.576	4.89	35.88	6	1.42	1	2.84	38.13	35.88	40.02	400.82	395.83	8.511	10.218	12.98	15.59	200.3	1599	11	102.3	-7.42	0.0691	1.0	-0.22	2.74	1.00	0.00	0.16	111115
97	"01:02:22"	7760.0	0	1.43	0.0117	176	0.575	4.89	35.88	6	1.42	1	2.84	38.13	35.88	40.02	400.80	395.82	8.511	10.217	12.98	15.59	200.3	1599	11	102.3	-7.42	0.0691	1.0	-0.22	2.74	1.00	0.00	0.16	111115
98	"01:02:23"	7761.0	0	1.43	0.0117	177	0.575	4.89	35.88	6	1.42	1	2.84	38.13	35.88	40.02	400.78	395.82	8.511	10.216	12.98	15.59	200.3	1599	11	102.3	-7.42	0.0691	1.0	-0.22	2.74	1.00	0.00	0.16	111115
99	"01:02:24"	7761.5	0	1.43	0.0117	176	0.575	4.89	35.88	6	1.42	1	2.84	38.13	35.88	40.02	400.78	395.82	8.511	10.215	12.98	15.58	200.3	1599	11	102.3	-7.42	0.0691	1.0	-0.22	2.74	1.00	0.00	0.16	111115
100	"01:02:24"	7762.0	0	1.43	0.0117	177	0.575	4.89	35.88	6	1.42	1	2.84	38.13	35.88	40.02	400.79	395.83	8.511	10.215	12.98	15.58	200.3	1599	11	102.3	-7.42	0.0691	1.0	-0.22	2.74	1.00	0.00	0.16	111115
101	"01:02:25"	7763.0	0	1.45	0.0117	174	0.575	4.89	35.88	6	1.42	1	2.84	38.13	35.88	40.02	400.84	395.83	8.510	10.214	12.98	15.58	200.3	1600	11	102.3	-7.42	0.0691	1.0	-0.22	2.74	1.00	0.00	0.16	111115
102	"01:02:26"	7763.5	0	1.45	0.0117	174	0.574	4.89	35.88	6	1.42	1	2.84	38.13	35.88	40.02	400.85	395.83	8.511	10.213	12.98	15.58	200.3	1600	11	102.3	-7.42	0.0691	1.0	-0.22	2.74	1.00	0.00	0.16	111115
103	"01:02:27"	7764.5	0	1.48	0.0117	169	0.574	4.88	35.88	6	1.42	1	2.84	38.13	35.88	40.02	400.92	395.80	8.511	10.212	12.99	15.58	200.3	1600	11	102.3	-7.42	0.0691	1.0	-0.22	2.74	1.00	0.00	0.16	111115
104	"01:02:28"	7765.5	0	1.49	0.0116	167	0.574	4.88	35.88	6	1.42	1	2.84	38.13	35.88	40.02	400.93	395.78	8.510	10.211	12.99	15.58	200.3	1599	11	102.3	-7.42	0.0691	1.0	-0.22	2.74	1.00	0.00	0.16	111115
105	"01:02:28"	7766.0	0	1.49	0.0116	168	0.573	4.88	35.88	6	1.42	1	2.84	38.13	35.88	40.02	400.92	395.77	8.511	10.210	12.99	15.58	200.3	1599	11	102.3	-7.42	0.0691	1.0	-0.22	2.74	1.00	0.00	0.16	111115
106	"01:19:21"	8778.5	0	1	0.0086	184	0.454	5.23	36.76	6	1.42	1	2.84	39.36	36.76	41.42	399.62	396.07	8.394	9.741	11.98	13.90	200.3	1600	12	102.2	-7.48	0.0774	1.0	-0.22	2.74	1.00	0.00	0.16	111115
107	"01:19:22"	8779.5	0	0.996	0.0086	186	0.454	5.22	36.75	6	1.42	1	2.84	39.36	36.75	41.42	399.63	396.11	8.395	9.742	11.98	13.90	200.3	1600	12	102.2	-7.48	0.0774	1.0	-0.22	2.74	1.00	0.00	0.16	111115
108	"01:19:23"	8780.5	0	0.995	0.00859	186	0.454	5.22	36.75	6	1.42	1	2.84	39.36	36.75	41.43	399.63	396.11	8.394	9.740	11.98	13.90	200.3	1600	12	102.2	-7.48	0.0774	1.0	-0.22	2.74	1.00	0.00	0.16	111115
109	"01:19:24"	8781.0	0	1	0.00858	184	0.453	5.22	36.75	6	1.42	1	2.84	39.36	36.75	41.43	399.64	396.09	8.395	9.740	11.98	13.90	200.3	1600	12	102.2	-7.48	0.0774	1.0	-0.22	2.74	1.00	0.00	0.16	111115
110	"01:19:25"	8782.0	0	1.01	0.00858	183	0.453	5.22	36.75	6	1.42	1	2.84	39.36	36.75	41.43	399.65	396.10	8.396	9.739	11.98	13.90	200.3	1600	12	102.2	-7.48	0.0774	1.0	-0.22	2.74	1.00	0.00	0.16	111115
111	"01:19:25"	8783.0	0	1	0.00857	184	0.453	5.22	36.75	6	1.42	1	2.84	39.36	36.75	41.43	399.68	396.15	8.396	9.739	11.98	13.90	200.3	1600	12	102.2	-7.48	0.0774	1.0	-0.22	2.74	1.00	0.00	0.16	111115
112	"01:19:26"	8783.5	0	1.01	0.00858	183	0.453	5.22	36.75	6	1.42	1	2.84	39.36	36.75	41.43	399.69	396.13	8.395	9.739	11.98	13.90	200.3	1600	12	102.2	-7.48	0.0774	1.0	-0.22	2.74	1.00	0.00	0.16	111115
113	"01:19:27"	8784.5	0	1.01	0.00857	183	0.452	5.22	36.75	6	1.42	1	2.84	39.36	36.75	41.43	399.70	396.14	8.396	9.738	11.98	13.90	200.3	1600	13	102.2	-7.48	0.0774	1.0	-0.22	2.74	1.00	0.00	0.16	111115
114	"01:19:28"	8785.5	0	1	0.00859	185	0.453	5.22	36.74	6	1.42	1	2.84	39.37	36.74	41.43	399.69	396.16	8.395	9.740	11.98	13.90	200.3	1600	12	102.2	-7.48	0.0774	1.0	-0.22	2.74	1.00	0.00	0.16	111115
115	"01:19:29"	8786.0	0	0.988	0.00858	187	0.453	5.22	36.74	6	1.42	1	2.84	39.37	36.74	41.43	399.69	396.19	8.396	9.739	11.98	13.90	200.3	1600	12	102.2	-7.48	0.0774	1.0	-0.22	2.74	1.00	0.00	0.16	111115
116	"01:19:29"	8787.0	0	0.986	0.00858	187	0.452	5.22	36.74	6	1.42	1	2.84	39.37	36.74	41.43	399.62	396.13	8.395	9.737	11.98	13.89	200.3	1600	12	102.2	-7.48	0.0774	1.0	-0.22	2.74	1.00	0.00	0.16	111115
117	"01:19:30"	8788.0	0	0.983	0.00857	187	0.452	5.22	36.74	6	1.42	1	2.84	39.37	36.74	41.43	399.59	396.11	8.395	9.736	11.98	13.89	200.3	1600	13	102.2	-7.48	0.0774	1.0	-0.22	2.74	1.00	0.00	0.16	111115
118	"01:19:31"	8788.5	0	0.979	0.00857	188	0.452	5.22	36.74	6	1.42	1	2.84	39.37	36.74	41.43	399.58	396.11	8.395	9.737	11.98	13.89	200.3	1600	12	102.2	-7.48	0.0774	1.0	-0.22	2.74	1.00	0.00	0.16	111115
119	"01:19:32"	8789.5	0	0.982	0.00856	187	0.452	5.22	36.74	6	1.42	1	2.84	39.37	36.74	41.43	399.58	396.10	8.396	9.736	11.98	13.89	200.3	1600	12	102.2	-7.48	0.0774	1.0	-0.22	2.74	1.00	0.00	0.16	111115
120	"01:19:33"	8790.5	0	0.978	0.00856	188	0.452	5.22	36.74	6	1.42	1	2.84	39.37	36.74	41.43	399.57	396.11	8.396	9.737	11.98	13.89	200.3	1600	12	102.2	-7.48	0.0774	1.0	-0.22	2.74	1.00	0.00	0.16	111115
