"OPEN 6.1.4"
"Sun Feb  6 2106 03:59:18"
<open><version>"6.1.4"</version></open>
<open><configfile>"/User/Configs/UserPrefs/LED2x3.xml"</configfile></open>
<open><light><source>"6400-02 or -02B LED Source"</source><par_in>1 <sensor>"SI-2541"<cal>-0.81<actinity>1.00</actinity><transm>1.00</transm></cal></sensor><transm>1 </transm></par_in><par_out>1 <sensor>"Q40855"<cal>6.35 </cal></sensor></par_out></light></open>
<open><comps><file>"/User/Configs/Comps/StdComps_6.1"<header>""</header><extras></extras></file><energybal>no<f_parIn>1 </f_parIn><f_parOut>0 </f_parOut><alphaK>0.16</alphaK></energybal><bc_total>2.840<stomatal_ratio>1</stomatal_ratio><bc_oneside>1.420<type>2 </type><table>"/Sys/Lib/StdBLCTable"</table><area>6</area><slope>-0.219565 </slope><offset>2.73739 </offset><fan>5 </fan></bc_oneside></bc_total></comps></open>
<open><prompts><onlog>off</onlog><items>"Default (none)"</items></prompts></open>
<open><constants><oxygen>21 %</oxygen><bb_vapor>1.5 </bb_vapor><bb_oxy>0.9 </bb_oxy></constants></open>
<open><stability><items>"Std Stability"<items[1]><id>-2 </id><size>15 </size><pcv><onoff>0 </onoff><value>1 </value></pcv><std><onoff>0 </onoff><value>1 </value></std><slp><onoff>1 </onoff><value>1 </value></slp></items[1]><items[2]><id>-5 </id><size>15 </size><pcv><onoff>0 </onoff><value>1 </value></pcv><std><onoff>0 </onoff><value>1 </value></std><slp><onoff>1 </onoff><value>1 </value></slp></items[2]><items[3]><id>-7 </id><size>15 </size><pcv><onoff>0 </onoff><value>1 </value></pcv><std><onoff>0 </onoff><value>1 </value></std><slp><onoff>1 </onoff><value>1 </value></slp></items[3]></items></stability></open>
<open><log><format>"StdLogFmt_6.0"<items>{ -35  -21  -36  -76  30  23  36  21  25  221  -33  111  -34  11  -9  -10  -8  -1  -2  -4  -5  -14  -15  -7  -12  -13  -11  -65  -66  -72  -18  -19  -77  -78  -79  -23   }<hdr>{  }</hdr></items></format><options><beep>on</beep><hdr>normal</hdr><rem>normal</rem><stab>no</stab><stats>no<period>15 </period></stats><excel>yes</excel><comm>no</comm></options><datafile>"/User/jcg_rasa_2"</datafile><button><action>"Normal Log"<code>" LogOneObsManual "</code></action></button><autoprog>"/User/Configs/AutoProgs/AutoLog"<active>no</active></autoprog></log></open>
<open><a2d><avgtime>4.0 secs</avgtime><userchans><ch20>"Off"</ch20><ch21>"Off"</ch21><ch22>"Off"</ch22><ch23>"Off"</ch23></userchans></a2d></open>
<open><matching><type>0 </type><disp>'a'</disp><settings><CO2Limit>10.0</CO2Limit><H2OLimit>1.0</H2OLimit><MaxAutoTime>60 </MaxAutoTime></settings></matching></open>
<li6400><factory><unit>"PSC-2519"</unit><serviced>"1 Aug 2013"</serviced><fuseaware>0 </fuseaware><co2mixer>yes</co2mixer><co2><coeffs>{ 0  0.217817  1.90936e-05  2.56335e-08  -5.21136e-12  5.14133e-16   }</coeffs><dvdt>-3.1 </dvdt><xs>{ 0.0008  -0.0006   }</xs></co2><h2o><coeffs>{ 0  0.00577826  2.21643e-06  -7.00029e-12   }</coeffs><dvdt>-2.3 </dvdt><xs>{ -0.0051  0.0023   }</xs></h2o><flow>{ 0  0.3744   }</flow><press>{ 86.571  0.0055   }</press></factory></li6400>
<li6400><user><flow_zero>-277.5</flow_zero><irga_zero><co2>1165.9 853.8<at>28.8058 </at></co2><h2o>1360.9 1555.9<at>30.0013 </at></h2o></irga_zero><irga_span><co2>{ 1.016  1.01529   }</co2><h2o>{ 1.05479  1.08601   }</h2o></irga_span><irga_match><co2>{ 0.17117  -7.53248   }</co2><h2o>{ -0.036676  0.0654058   }</h2o></irga_match><co2_mixer><pump_mv>4500 </pump_mv><ppm>{ 2127.98  1010.65  388.241  227.934  94.9201  47.1748  34.635  32.3342   }</ppm><mv>{ 5000  3000  1500  1000  500  300  200  100   }</mv></co2_mixer><parin_offset>-0.120314 </parin_offset><led_cal><unit>"SI-2541"</unit><mv>{ 10  25  50  100  1000  2000  3000  4000  5000   }</mv><qntm>{ 2.01301  8.80926  21.163  50.9379  635.024  1268.62  1868.91  2441.75  2980.87   }</qntm></led_cal><lcf_cal><unit>"LCF-1015"</unit><red><mv>{ 50  100  200  400  800  1500   }</mv><qntm>{ 63.946  145.991  315.029  669.142  1387.95  2639.5   }</qntm></red><blue><mv>{ 100  500  1000  2000  3000  4000  5000   }</mv><qntm>{ 8.52557  37.8843  71.6104  129.288  182.615  231.294  272.803   }</qntm></blue></lcf_cal></user></li6400>
"03:59:19 "
$STARTOFDATA$
"Obs"	"HHMMSS"	"FTime"	"EBal?"	"Photo"	"Cond"	"Ci"	"Trmmol"	"VpdL"	"CTleaf"	"Area"	"BLC_1"	"StmRat"	"BLCond"	"Tair"	"Tleaf"	"TBlk"	"CO2R"	"CO2S"	"H2OR"	"H2OS"	"RH_R"	"RH_S"	"Flow"	"PARi"	"PARo"	"Press"	"CsMch"	"HsMch"	"StableF"	"BLCslope"	"BLCoffst"	"f_parin"	"f_parout"	"alphaK"	"Status"
1	"04:21:10"	1322.0	0	5.82	0.12	296	1.08	0.933	10.25	6	1.42	1	2.84	4.65	10.25	1.64	399.99	381.33	-0.032	3.192	-0.38	37.48	200.3	1600	5	100.4	-6.65	0.25	1.0	-0.22	2.74	1.00	0.00	0.16	111115
2	"04:21:11"	1323.0	0	5.84	0.12	296	1.08	0.932	10.24	6	1.42	1	2.84	4.65	10.24	1.64	400.03	381.32	-0.032	3.193	-0.38	37.50	200.3	1600	5	100.4	-6.65	0.25	1.0	-0.22	2.74	1.00	0.00	0.16	111115
3	"04:21:12"	1324.0	0	5.85	0.121	296	1.08	0.93	10.22	6	1.42	1	2.84	4.65	10.22	1.64	400.09	381.33	-0.032	3.194	-0.38	37.51	200.3	1600	5	100.4	-6.65	0.25	1.0	-0.22	2.74	1.00	0.00	0.16	111115
4	"04:21:13"	1325.0	0	5.86	0.121	296	1.08	0.929	10.21	6	1.42	1	2.84	4.65	10.21	1.64	400.11	381.33	-0.032	3.194	-0.38	37.51	200.3	1600	5	100.4	-6.65	0.25	1.0	-0.22	2.74	1.00	0.00	0.16	111115
5	"04:21:14"	1326.0	0	5.87	0.121	296	1.08	0.928	10.20	6	1.42	1	2.84	4.65	10.20	1.64	400.16	381.35	-0.032	3.194	-0.37	37.51	200.3	1600	5	100.4	-6.65	0.25	1.0	-0.22	2.74	1.00	0.00	0.16	111115
6	"04:21:15"	1326.5	0	5.87	0.121	296	1.08	0.928	10.20	6	1.42	1	2.84	4.65	10.20	1.64	400.16	381.35	-0.032	3.194	-0.37	37.51	200.3	1600	5	100.4	-6.65	0.25	1.0	-0.22	2.74	1.00	0.00	0.16	111115
7	"04:21:16"	1327.5	0	5.83	0.121	296	1.08	0.929	10.21	6	1.42	1	2.84	4.65	10.21	1.64	400.08	381.37	-0.031	3.193	-0.37	37.50	200.3	1600	5	100.4	-6.65	0.25	1.0	-0.22	2.74	1.00	0.00	0.16	111115
8	"04:21:17"	1328.5	0	5.83	0.121	296	1.08	0.93	10.21	6	1.42	1	2.84	4.65	10.21	1.64	400.05	381.37	-0.032	3.193	-0.37	37.49	200.3	1600	5	100.4	-6.65	0.25	1.0	-0.22	2.74	1.00	0.00	0.16	111115
9	"04:21:18"	1329.5	0	5.82	0.121	296	1.08	0.93	10.21	6	1.42	1	2.84	4.65	10.21	1.64	400.06	381.39	-0.031	3.192	-0.37	37.48	200.4	1600	5	100.4	-6.65	0.25	1.0	-0.22	2.74	1.00	0.00	0.16	111115
10	"04:21:18"	1330.5	0	5.82	0.121	296	1.08	0.93	10.22	6	1.42	1	2.84	4.65	10.22	1.64	400.06	381.39	-0.031	3.193	-0.37	37.48	200.4	1600	5	100.4	-6.65	0.25	1.0	-0.22	2.74	1.00	0.00	0.16	111115
11	"04:21:19"	1331.5	0	5.84	0.12	296	1.08	0.93	10.22	6	1.42	1	2.84	4.65	10.22	1.64	400.09	381.37	-0.031	3.192	-0.36	37.48	200.4	1600	5	100.4	-6.65	0.25	1.0	-0.22	2.74	1.00	0.00	0.16	111115
12	"04:21:20"	1332.0	0	5.83	0.121	296	1.08	0.93	10.22	6	1.42	1	2.84	4.65	10.22	1.64	400.09	381.39	-0.031	3.192	-0.36	37.48	200.4	1600	5	100.4	-6.65	0.25	1.0	-0.22	2.74	1.00	0.00	0.16	111115
13	"04:21:21"	1333.0	0	5.84	0.121	296	1.08	0.93	10.21	6	1.42	1	2.84	4.65	10.21	1.64	400.11	381.39	-0.031	3.193	-0.36	37.49	200.3	1600	5	100.4	-6.65	0.25	1.0	-0.22	2.74	1.00	0.00	0.16	111115
14	"04:21:24"	1335.5	0	5.82	0.121	296	1.08	0.93	10.22	6	1.42	1	2.84	4.65	10.22	1.64	400.03	381.38	-0.031	3.194	-0.36	37.51	200.3	1600	5	100.4	-6.65	0.25	1.0	-0.22	2.74	1.00	0.00	0.16	111115
15	"04:21:25"	1336.5	0	5.81	0.12	296	1.08	0.931	10.23	6	1.42	1	2.84	4.65	10.23	1.64	400.00	381.37	-0.030	3.194	-0.35	37.51	200.3	1600	5	100.4	-6.65	0.25	1.0	-0.22	2.74	1.00	0.00	0.16	111115
16	"04:28:42"	1774.5	0	6.28	0.126	291	1.25	1.04	12.04	6	1.42	1	2.84	7.49	12.04	5.09	400.25	380.02	0.017	3.749	0.16	36.17	200.3	1599	5	100.4	-6.97	0.245	1.0	-0.22	2.74	1.00	0.00	0.16	111115
17	"04:28:43"	1775.0	0	6.28	0.126	291	1.25	1.03	12.04	6	1.42	1	2.84	7.49	12.04	5.09	400.26	380.02	0.017	3.749	0.16	36.17	200.3	1599	5	100.4	-6.97	0.245	1.0	-0.22	2.74	1.00	0.00	0.16	111115
18	"04:28:43"	1775.5	0	6.28	0.126	291	1.25	1.03	12.04	6	1.42	1	2.84	7.49	12.04	5.09	400.26	380.03	0.017	3.749	0.16	36.17	200.3	1599	5	100.4	-6.97	0.245	1.0	-0.22	2.74	1.00	0.00	0.16	111115
19	"04:28:45"	1776.5	0	6.28	0.126	291	1.25	1.03	12.03	6	1.42	1	2.84	7.49	12.03	5.09	400.28	380.04	0.017	3.750	0.16	36.18	200.3	1599	5	100.4	-6.97	0.245	1.0	-0.22	2.74	1.00	0.00	0.16	111115
20	"04:28:45"	1777.5	0	6.29	0.126	291	1.25	1.03	12.04	6	1.42	1	2.84	7.49	12.04	5.09	400.29	380.04	0.017	3.750	0.17	36.19	200.3	1599	5	100.4	-6.97	0.245	1.0	-0.22	2.74	1.00	0.00	0.16	111115
21	"04:28:46"	1778.5	0	6.29	0.126	291	1.25	1.03	12.03	6	1.42	1	2.84	7.49	12.03	5.09	400.30	380.03	0.017	3.750	0.16	36.18	200.3	1599	5	100.4	-6.97	0.245	1.0	-0.22	2.74	1.00	0.00	0.16	111115
22	"04:28:47"	1779.0	0	6.28	0.126	291	1.25	1.03	12.03	6	1.42	1	2.84	7.49	12.03	5.09	400.28	380.03	0.017	3.750	0.17	36.18	200.3	1599	5	100.4	-6.97	0.245	1.0	-0.22	2.74	1.00	0.00	0.16	111115
23	"04:28:48"	1780.0	0	6.27	0.126	292	1.25	1.03	12.03	6	1.42	1	2.84	7.49	12.03	5.09	400.24	380.03	0.017	3.750	0.17	36.18	200.3	1599	5	100.4	-6.97	0.245	1.0	-0.22	2.74	1.00	0.00	0.16	111115
24	"04:28:49"	1781.0	0	6.26	0.126	292	1.25	1.03	12.03	6	1.42	1	2.84	7.49	12.03	5.09	400.23	380.05	0.017	3.749	0.17	36.17	200.3	1599	5	100.4	-6.97	0.245	1.0	-0.22	2.74	1.00	0.00	0.16	111115
25	"04:28:50"	1782.0	0	6.25	0.126	292	1.25	1.03	12.03	6	1.42	1	2.84	7.49	12.03	5.09	400.22	380.06	0.017	3.749	0.17	36.17	200.3	1599	5	100.4	-6.97	0.245	1.0	-0.22	2.74	1.00	0.00	0.16	111115
26	"04:28:51"	1783.0	0	6.27	0.126	292	1.25	1.03	12.03	6	1.42	1	2.84	7.49	12.03	5.09	400.26	380.05	0.018	3.749	0.17	36.18	200.3	1599	5	100.4	-6.97	0.245	1.0	-0.22	2.74	1.00	0.00	0.16	111115
27	"04:28:52"	1783.5	0	6.28	0.126	292	1.25	1.03	12.02	6	1.42	1	2.84	7.49	12.02	5.09	400.28	380.06	0.018	3.748	0.18	36.17	200.3	1599	5	100.4	-6.97	0.245	1.0	-0.22	2.74	1.00	0.00	0.16	111115
28	"04:28:52"	1784.5	0	6.27	0.126	292	1.25	1.03	12.02	6	1.42	1	2.84	7.49	12.02	5.09	400.24	380.03	0.018	3.747	0.18	36.17	200.3	1599	5	100.4	-6.97	0.245	1.0	-0.22	2.74	1.00	0.00	0.16	111115
29	"04:28:53"	1785.5	0	6.28	0.126	291	1.25	1.03	12.01	6	1.42	1	2.84	7.49	12.01	5.09	400.27	380.03	0.019	3.747	0.18	36.16	200.3	1599	5	100.4	-6.97	0.245	1.0	-0.22	2.74	1.00	0.00	0.16	111115
30	"04:28:54"	1786.0	0	6.27	0.126	292	1.25	1.03	12.01	6	1.42	1	2.84	7.49	12.01	5.09	400.24	380.05	0.019	3.746	0.18	36.16	200.3	1599	5	100.4	-6.97	0.245	1.0	-0.22	2.74	1.00	0.00	0.16	111115
31	"04:37:11"	2283.0	0	6.9	0.123	278	1.5	1.26	15.31	6	1.42	1	2.84	11.68	15.31	9.97	400.16	377.81	0.336	4.819	2.45	35.09	200.3	1599	5	100.4	-7.07	0.212	1.0	-0.22	2.74	1.00	0.00	0.16	111115
32	"04:37:12"	2283.5	0	6.9	0.123	278	1.5	1.26	15.31	6	1.42	1	2.84	11.68	15.31	9.97	400.16	377.80	0.336	4.818	2.45	35.09	200.3	1599	5	100.4	-7.07	0.212	1.0	-0.22	2.74	1.00	0.00	0.16	111115
33	"04:37:12"	2284.0	0	6.89	0.123	279	1.5	1.26	15.30	6	1.42	1	2.84	11.68	15.30	9.97	400.15	377.81	0.336	4.818	2.45	35.09	200.3	1599	5	100.4	-7.07	0.212	1.0	-0.22	2.74	1.00	0.00	0.16	111115
34	"04:37:13"	2285.0	0	6.88	0.123	279	1.5	1.26	15.31	6	1.42	1	2.84	11.68	15.31	9.97	400.13	377.81	0.336	4.819	2.45	35.09	200.3	1599	5	100.4	-7.07	0.212	1.0	-0.22	2.74	1.00	0.00	0.16	111115
35	"04:37:14"	2285.5	0	6.88	0.123	279	1.5	1.26	15.31	6	1.42	1	2.84	11.68	15.31	9.97	400.11	377.81	0.336	4.820	2.45	35.09	200.3	1599	5	100.4	-7.07	0.212	1.0	-0.22	2.74	1.00	0.00	0.16	111115
36	"04:37:14"	2286.0	0	6.88	0.123	279	1.5	1.26	15.32	6	1.42	1	2.84	11.68	15.32	9.97	400.11	377.81	0.336	4.819	2.45	35.09	200.3	1599	5	100.4	-7.07	0.212	1.0	-0.22	2.74	1.00	0.00	0.16	111115
37	"04:37:15"	2287.0	0	6.87	0.123	279	1.5	1.26	15.32	6	1.42	1	2.84	11.68	15.32	9.97	400.11	377.83	0.336	4.820	2.45	35.09	200.3	1599	5	100.4	-7.07	0.212	1.0	-0.22	2.74	1.00	0.00	0.16	111115
38	"04:37:16"	2288.0	0	6.88	0.123	279	1.5	1.26	15.33	6	1.42	1	2.84	11.68	15.33	9.97	400.14	377.84	0.336	4.820	2.45	35.10	200.3	1599	5	100.4	-7.07	0.212	1.0	-0.22	2.74	1.00	0.00	0.16	111115
39	"04:37:17"	2288.5	0	6.88	0.123	278	1.5	1.26	15.34	6	1.42	1	2.84	11.68	15.34	9.97	400.16	377.85	0.336	4.821	2.45	35.10	200.3	1599	5	100.4	-7.07	0.212	1.0	-0.22	2.74	1.00	0.00	0.16	111115
40	"04:37:18"	2289.5	0	6.87	0.123	279	1.5	1.27	15.35	6	1.42	1	2.84	11.69	15.35	9.98	400.17	377.89	0.336	4.821	2.45	35.10	200.3	1599	5	100.4	-7.07	0.212	1.0	-0.22	2.74	1.00	0.00	0.16	111115
41	"04:37:18"	2290.0	0	6.87	0.123	279	1.5	1.27	15.35	6	1.42	1	2.84	11.69	15.35	9.98	400.17	377.89	0.336	4.822	2.45	35.10	200.3	1599	5	100.4	-7.07	0.212	1.0	-0.22	2.74	1.00	0.00	0.16	111115
42	"04:37:19"	2290.5	0	6.88	0.123	278	1.5	1.27	15.35	6	1.42	1	2.84	11.69	15.35	9.97	400.19	377.87	0.336	4.821	2.45	35.10	200.3	1599	5	100.4	-7.07	0.212	1.0	-0.22	2.74	1.00	0.00	0.16	111115
43	"04:37:20"	2291.5	0	6.89	0.123	278	1.51	1.27	15.35	6	1.42	1	2.84	11.69	15.35	9.97	400.19	377.86	0.336	4.823	2.45	35.11	200.3	1599	5	100.4	-7.07	0.212	1.0	-0.22	2.74	1.00	0.00	0.16	111115
44	"04:37:20"	2292.0	0	6.88	0.123	278	1.51	1.27	15.35	6	1.42	1	2.84	11.69	15.35	9.98	400.19	377.87	0.337	4.823	2.45	35.11	200.3	1599	5	100.4	-7.07	0.212	1.0	-0.22	2.74	1.00	0.00	0.16	111115
45	"04:37:21"	2292.5	0	6.88	0.123	278	1.51	1.27	15.34	6	1.42	1	2.84	11.68	15.34	9.97	400.18	377.86	0.337	4.822	2.45	35.11	200.3	1599	5	100.4	-7.07	0.212	1.0	-0.22	2.74	1.00	0.00	0.16	111115
46	"04:49:37"	3029.5	0	7.73	0.14	274	2.01	1.49	18.84	6	1.42	1	2.84	16.23	18.84	15.04	399.32	373.91	0.880	6.872	4.77	37.23	200.3	1600	5	100.4	-7.3	0.16	1.0	-0.22	2.74	1.00	0.00	0.16	111115
47	"04:49:38"	3030.0	0	7.72	0.14	274	2.01	1.49	18.84	6	1.42	1	2.84	16.23	18.84	15.04	399.31	373.92	0.880	6.872	4.77	37.24	200.3	1600	5	100.4	-7.3	0.16	1.0	-0.22	2.74	1.00	0.00	0.16	111115
48	"04:49:39"	3031.0	0	7.71	0.14	274	2.01	1.49	18.84	6	1.42	1	2.84	16.23	18.84	15.04	399.25	373.89	0.880	6.873	4.77	37.24	200.3	1600	5	100.4	-7.3	0.16	1.0	-0.22	2.74	1.00	0.00	0.16	111115
49	"04:49:40"	3032.0	0	7.72	0.14	274	2.01	1.49	18.84	6	1.42	1	2.84	16.23	18.84	15.04	399.21	373.83	0.879	6.873	4.77	37.24	200.3	1600	5	100.4	-7.3	0.16	1.0	-0.22	2.74	1.00	0.00	0.16	111115
50	"04:49:41"	3033.0	0	7.68	0.14	275	2.01	1.49	18.85	6	1.42	1	2.84	16.23	18.85	15.04	399.10	373.85	0.879	6.874	4.77	37.25	200.3	1600	5	100.4	-7.3	0.16	1.0	-0.22	2.74	1.00	0.00	0.16	111115
51	"04:49:41"	3033.5	0	7.68	0.14	275	2.02	1.49	18.85	6	1.42	1	2.84	16.23	18.85	15.04	399.07	373.82	0.879	6.874	4.77	37.25	200.3	1600	5	100.4	-7.3	0.16	1.0	-0.22	2.74	1.00	0.00	0.16	111115
52	"04:49:42"	3034.5	0	7.69	0.14	274	2.02	1.49	18.85	6	1.42	1	2.84	16.23	18.85	15.04	399.11	373.82	0.879	6.875	4.77	37.25	200.3	1600	5	100.4	-7.3	0.16	1.0	-0.22	2.74	1.00	0.00	0.16	111115
53	"04:49:43"	3035.5	0	7.71	0.14	274	2.02	1.49	18.84	6	1.42	1	2.84	16.23	18.84	15.04	399.15	373.80	0.880	6.876	4.77	37.26	200.3	1600	5	100.4	-7.3	0.16	1.0	-0.22	2.74	1.00	0.00	0.16	111115
54	"04:49:44"	3036.5	0	7.73	0.14	274	2.02	1.49	18.84	6	1.42	1	2.84	16.23	18.84	15.04	399.19	373.78	0.880	6.878	4.77	37.27	200.3	1599	5	100.3	-7.3	0.16	1.0	-0.22	2.74	1.00	0.00	0.16	111115
55	"04:49:45"	3037.0	0	7.74	0.14	274	2.02	1.49	18.83	6	1.42	1	2.84	16.23	18.83	15.04	399.23	373.78	0.880	6.879	4.77	37.28	200.3	1599	5	100.3	-7.3	0.16	1.0	-0.22	2.74	1.00	0.00	0.16	111115
56	"04:49:46"	3038.0	0	7.76	0.14	274	2.02	1.49	18.84	6	1.42	1	2.84	16.23	18.84	15.04	399.26	373.78	0.880	6.880	4.77	37.28	200.4	1599	5	100.3	-7.3	0.16	1.0	-0.22	2.74	1.00	0.00	0.16	111115
57	"04:49:47"	3039.0	0	7.74	0.14	274	2.02	1.49	18.84	6	1.42	1	2.84	16.23	18.84	15.04	399.22	373.79	0.880	6.880	4.77	37.28	200.3	1599	5	100.3	-7.3	0.16	1.0	-0.22	2.74	1.00	0.00	0.16	111115
58	"04:49:47"	3039.5	0	7.73	0.14	274	2.02	1.49	18.84	6	1.42	1	2.84	16.23	18.84	15.04	399.22	373.81	0.880	6.882	4.77	37.29	200.3	1599	4	100.3	-7.3	0.16	1.0	-0.22	2.74	1.00	0.00	0.16	111115
59	"04:49:48"	3040.5	0	7.73	0.14	274	2.02	1.49	18.84	6	1.42	1	2.84	16.23	18.84	15.04	399.22	373.80	0.880	6.882	4.77	37.29	200.3	1600	4	100.3	-7.3	0.16	1.0	-0.22	2.74	1.00	0.00	0.16	111115
60	"04:49:49"	3041.5	0	7.74	0.14	274	2.02	1.49	18.84	6	1.42	1	2.84	16.23	18.84	15.04	399.24	373.79	0.880	6.882	4.77	37.29	200.3	1600	5	100.3	-7.3	0.16	1.0	-0.22	2.74	1.00	0.00	0.16	111115
61	"05:00:07"	3658.5	0	8.45	0.153	270	2.6	1.76	22.11	6	1.42	1	2.84	20.66	22.11	20.11	400.00	371.79	1.378	9.088	5.66	37.31	200.3	1599	5	100.3	-7.43	0.0774	1.0	-0.22	2.74	1.00	0.00	0.16	111115
62	"05:00:07"	3659.5	0	8.44	0.153	271	2.6	1.76	22.11	6	1.42	1	2.84	20.66	22.11	20.11	399.96	371.79	1.378	9.087	5.66	37.31	200.3	1599	5	100.3	-7.43	0.0774	1.0	-0.22	2.74	1.00	0.00	0.16	111115
63	"05:00:08"	3660.0	0	8.45	0.153	270	2.6	1.76	22.11	6	1.42	1	2.84	20.66	22.11	20.11	399.98	371.78	1.378	9.088	5.66	37.31	200.3	1599	5	100.3	-7.43	0.0774	1.0	-0.22	2.74	1.00	0.00	0.16	111115
64	"05:00:09"	3661.0	0	8.46	0.153	270	2.6	1.76	22.10	6	1.42	1	2.84	20.66	22.10	20.11	400.00	371.76	1.378	9.089	5.66	37.31	200.3	1599	5	100.3	-7.43	0.0774	1.0	-0.22	2.74	1.00	0.00	0.16	111115
65	"05:00:10"	3662.0	0	8.45	0.153	271	2.6	1.76	22.10	6	1.42	1	2.84	20.66	22.10	20.11	399.98	371.77	1.378	9.089	5.66	37.31	200.3	1599	5	100.3	-7.43	0.0774	1.0	-0.22	2.74	1.00	0.00	0.16	111115
66	"05:00:11"	3662.5	0	8.46	0.154	270	2.6	1.76	22.10	6	1.42	1	2.84	20.66	22.10	20.11	400.00	371.77	1.378	9.089	5.66	37.31	200.3	1599	4	100.3	-7.43	0.0774	1.0	-0.22	2.74	1.00	0.00	0.16	111115
67	"05:00:12"	3663.5	0	8.48	0.154	270	2.6	1.76	22.10	6	1.42	1	2.84	20.66	22.10	20.11	400.05	371.77	1.378	9.090	5.66	37.31	200.3	1599	5	100.3	-7.43	0.0774	1.0	-0.22	2.74	1.00	0.00	0.16	111115
68	"05:00:12"	3664.5	0	8.47	0.154	270	2.6	1.76	22.10	6	1.42	1	2.84	20.66	22.10	20.11	400.04	371.77	1.378	9.090	5.66	37.31	200.3	1599	5	100.3	-7.43	0.0774	1.0	-0.22	2.74	1.00	0.00	0.16	111115
69	"05:00:13"	3665.0	0	8.47	0.154	270	2.6	1.76	22.10	6	1.42	1	2.84	20.66	22.10	20.11	400.03	371.78	1.378	9.090	5.66	37.31	200.3	1599	5	100.3	-7.43	0.0774	1.0	-0.22	2.74	1.00	0.00	0.16	111115
70	"05:00:14"	3666.0	0	8.46	0.154	270	2.6	1.76	22.11	6	1.42	1	2.84	20.66	22.11	20.11	400.02	371.77	1.378	9.092	5.66	37.32	200.3	1599	5	100.3	-7.43	0.0774	1.0	-0.22	2.74	1.00	0.00	0.16	111115
71	"05:00:15"	3667.0	0	8.46	0.153	270	2.6	1.76	22.11	6	1.42	1	2.84	20.66	22.11	20.11	400.02	371.78	1.378	9.092	5.66	37.32	200.3	1599	5	100.3	-7.43	0.0774	1.0	-0.22	2.74	1.00	0.00	0.16	111115
72	"05:00:16"	3667.5	0	8.45	0.153	270	2.6	1.76	22.11	6	1.42	1	2.84	20.66	22.11	20.11	400.01	371.79	1.378	9.093	5.66	37.32	200.3	1599	5	100.3	-7.43	0.0774	1.0	-0.22	2.74	1.00	0.00	0.16	111115
73	"05:00:16"	3668.5	0	8.45	0.153	271	2.6	1.76	22.11	6	1.42	1	2.84	20.66	22.11	20.11	400.02	371.80	1.379	9.094	5.66	37.32	200.3	1599	5	100.3	-7.43	0.0774	1.0	-0.22	2.74	1.00	0.00	0.16	111115
74	"05:00:17"	3669.0	0	8.46	0.154	270	2.6	1.76	22.11	6	1.42	1	2.84	20.66	22.11	20.11	400.03	371.79	1.379	9.094	5.66	37.33	200.3	1599	5	100.3	-7.43	0.0774	1.0	-0.22	2.74	1.00	0.00	0.16	111115
75	"05:00:18"	3670.0	0	8.48	0.154	270	2.6	1.76	22.11	6	1.42	1	2.84	20.66	22.11	20.11	400.07	371.78	1.379	9.095	5.66	37.33	200.3	1599	5	100.3	-7.43	0.0774	1.0	-0.22	2.74	1.00	0.00	0.16	111115
76	"05:09:36"	4228.5	0	9.02	0.162	267	3.25	2.08	25.08	6	1.42	1	2.84	24.92	25.08	25.00	401.22	370.57	1.499	11.133	4.75	35.30	200.3	1599	5	100.3	-7.5	-0.0031	1.0	-0.22	2.74	1.00	0.00	0.16	111115
77	"05:09:36"	4229.0	0	9.03	0.162	267	3.25	2.08	25.08	6	1.42	1	2.84	24.92	25.08	25.00	401.21	370.55	1.499	11.134	4.75	35.30	200.3	1599	5	100.3	-7.5	-0.0031	1.0	-0.22	2.74	1.00	0.00	0.16	111115
78	"05:09:37"	4229.5	0	9.03	0.162	267	3.25	2.08	25.08	6	1.42	1	2.84	24.92	25.08	25.00	401.21	370.55	1.499	11.135	4.75	35.30	200.3	1599	5	100.3	-7.5	-0.0031	1.0	-0.22	2.74	1.00	0.00	0.16	111115
79	"05:09:38"	4231.0	0	9.06	0.163	266	3.25	2.08	25.08	6	1.42	1	2.84	24.92	25.08	25.00	401.28	370.54	1.500	11.136	4.76	35.31	200.3	1599	5	100.3	-7.5	-0.0031	1.0	-0.22	2.74	1.00	0.00	0.16	111115
80	"05:09:39"	4232.0	0	9.08	0.163	266	3.25	2.08	25.08	6	1.42	1	2.84	24.92	25.08	25.00	401.31	370.52	1.500	11.137	4.76	35.31	200.3	1599	5	100.3	-7.5	-0.0031	1.0	-0.22	2.74	1.00	0.00	0.16	111115
81	"05:09:40"	4233.0	0	9.07	0.162	266	3.25	2.08	25.08	6	1.42	1	2.84	24.92	25.08	25.00	401.30	370.52	1.500	11.138	4.76	35.31	200.3	1599	5	100.3	-7.5	-0.0031	1.0	-0.22	2.74	1.00	0.00	0.16	111115
82	"05:09:41"	4234.0	0	9.03	0.163	267	3.25	2.08	25.08	6	1.42	1	2.84	24.92	25.08	25.00	401.19	370.53	1.500	11.138	4.76	35.32	200.3	1599	5	100.3	-7.5	-0.0031	1.0	-0.22	2.74	1.00	0.00	0.16	111115
83	"05:09:42"	4235.0	0	9	0.163	267	3.25	2.08	25.08	6	1.42	1	2.84	24.92	25.08	25.00	401.10	370.53	1.500	11.139	4.76	35.32	200.3	1599	5	100.3	-7.5	-0.0031	1.0	-0.22	2.74	1.00	0.00	0.16	111115
84	"05:09:43"	4236.0	0	8.99	0.163	267	3.25	2.08	25.08	6	1.42	1	2.84	24.92	25.08	25.00	401.09	370.55	1.500	11.141	4.76	35.32	200.3	1599	5	100.3	-7.5	-0.0031	1.0	-0.22	2.74	1.00	0.00	0.16	111115
85	"05:09:44"	4236.5	0	8.99	0.163	267	3.25	2.08	25.08	6	1.42	1	2.84	24.92	25.08	25.00	401.10	370.54	1.500	11.140	4.76	35.32	200.3	1599	5	100.3	-7.5	-0.0031	1.0	-0.22	2.74	1.00	0.00	0.16	111115
86	"05:09:45"	4237.5	0	9.02	0.163	267	3.26	2.08	25.08	6	1.42	1	2.84	24.92	25.08	25.00	401.18	370.55	1.501	11.142	4.76	35.32	200.3	1599	5	100.3	-7.5	-0.0031	1.0	-0.22	2.74	1.00	0.00	0.16	111115
87	"05:09:46"	4238.5	0	9.07	0.163	266	3.25	2.08	25.08	6	1.42	1	2.84	24.92	25.08	25.00	401.32	370.53	1.500	11.144	4.76	35.33	200.3	1599	5	100.3	-7.5	-0.0031	1.0	-0.22	2.74	1.00	0.00	0.16	111115
88	"05:09:46"	4239.0	0	9.07	0.163	266	3.26	2.08	25.08	6	1.42	1	2.84	24.92	25.08	25.00	401.31	370.54	1.500	11.144	4.76	35.33	200.3	1599	5	100.3	-7.5	-0.0031	1.0	-0.22	2.74	1.00	0.00	0.16	111115
89	"05:09:47"	4240.0	0	9.05	0.163	266	3.26	2.08	25.08	6	1.42	1	2.84	24.92	25.08	25.00	401.27	370.54	1.501	11.144	4.76	35.33	200.3	1599	5	100.3	-7.5	-0.0031	1.0	-0.22	2.74	1.00	0.00	0.16	111115
90	"05:09:48"	4240.5	0	9.06	0.163	266	3.26	2.08	25.08	6	1.42	1	2.84	24.92	25.08	25.00	401.28	370.54	1.501	11.145	4.76	35.33	200.3	1599	5	100.3	-7.5	-0.0031	1.0	-0.22	2.74	1.00	0.00	0.16	111115
91	"05:22:05"	4978.0	0	9.55	0.175	264	4	2.37	28.22	6	1.42	1	2.84	29.38	28.22	30.08	401.04	368.01	2.881	14.690	7.03	35.83	200.3	1600	5	100.3	-7.53	-0.138	1.0	-0.22	2.74	1.00	0.00	0.16	111115
92	"05:22:06"	4978.5	0	9.55	0.175	264	4	2.37	28.22	6	1.42	1	2.84	29.38	28.22	30.08	401.04	368.00	2.880	14.690	7.03	35.83	200.3	1600	5	100.3	-7.53	-0.138	1.0	-0.22	2.74	1.00	0.00	0.16	111115
93	"05:22:07"	4979.5	0	9.57	0.175	264	4	2.37	28.21	6	1.42	1	2.84	29.38	28.21	30.08	401.06	367.98	2.880	14.690	7.03	35.83	200.3	1600	5	100.3	-7.53	-0.138	1.0	-0.22	2.74	1.00	0.00	0.16	111115
94	"05:22:08"	4980.5	0	9.55	0.175	264	4	2.37	28.21	6	1.42	1	2.84	29.38	28.21	30.08	401.01	367.98	2.881	14.692	7.03	35.83	200.3	1600	5	100.3	-7.53	-0.138	1.0	-0.22	2.74	1.00	0.00	0.16	111115
95	"05:22:09"	4981.0	0	9.56	0.175	264	4	2.37	28.21	6	1.42	1	2.84	29.38	28.21	30.08	401.01	367.97	2.881	14.692	7.03	35.83	200.3	1600	5	100.3	-7.53	-0.138	1.0	-0.22	2.74	1.00	0.00	0.16	111115
96	"05:22:10"	4982.0	0	9.56	0.175	264	4	2.37	28.21	6	1.42	1	2.84	29.38	28.21	30.08	401.03	367.96	2.880	14.693	7.02	35.84	200.3	1600	5	100.3	-7.53	-0.138	1.0	-0.22	2.74	1.00	0.00	0.16	111115
97	"05:22:10"	4983.0	0	9.59	0.175	264	4	2.37	28.21	6	1.42	1	2.84	29.38	28.21	30.08	401.07	367.93	2.880	14.693	7.02	35.84	200.3	1600	5	100.3	-7.53	-0.138	1.0	-0.22	2.74	1.00	0.00	0.16	111115
98	"05:22:11"	4983.5	0	9.59	0.175	264	4	2.37	28.20	6	1.42	1	2.84	29.38	28.20	30.08	401.09	367.95	2.880	14.694	7.03	35.84	200.3	1600	5	100.3	-7.53	-0.138	1.0	-0.22	2.74	1.00	0.00	0.16	111115
99	"05:22:12"	4984.5	0	9.59	0.175	264	4	2.36	28.20	6	1.42	1	2.84	29.38	28.20	30.08	401.09	367.96	2.881	14.696	7.03	35.85	200.3	1600	5	100.3	-7.53	-0.138	1.0	-0.22	2.74	1.00	0.00	0.16	111115
100	"05:22:13"	4985.0	0	9.59	0.176	264	4	2.36	28.19	6	1.42	1	2.84	29.38	28.19	30.08	401.10	367.96	2.881	14.697	7.03	35.85	200.3	1600	4	100.3	-7.53	-0.138	1.0	-0.22	2.74	1.00	0.00	0.16	111115
101	"05:22:13"	4986.0	0	9.59	0.176	264	4	2.36	28.19	6	1.42	1	2.84	29.38	28.19	30.08	401.13	367.97	2.881	14.698	7.03	35.85	200.3	1600	5	100.3	-7.53	-0.138	1.0	-0.22	2.74	1.00	0.00	0.16	111115
102	"05:22:14"	4986.5	0	9.57	0.176	264	4	2.36	28.18	6	1.42	1	2.84	29.38	28.18	30.08	401.09	368.00	2.881	14.699	7.03	35.86	200.3	1600	5	100.3	-7.53	-0.138	1.0	-0.22	2.74	1.00	0.00	0.16	111115
103	"05:22:15"	4987.5	0	9.54	0.176	264	4	2.36	28.19	6	1.42	1	2.84	29.38	28.19	30.08	401.00	368.01	2.882	14.700	7.03	35.86	200.3	1600	5	100.3	-7.53	-0.138	1.0	-0.22	2.74	1.00	0.00	0.16	111115
104	"05:22:16"	4988.0	0	9.54	0.176	264	4	2.36	28.19	6	1.42	1	2.84	29.38	28.19	30.08	401.00	368.02	2.881	14.700	7.03	35.86	200.3	1600	5	100.3	-7.53	-0.138	1.0	-0.22	2.74	1.00	0.00	0.16	111115
105	"05:22:16"	4989.0	0	9.54	0.176	264	4.01	2.36	28.20	6	1.42	1	2.84	29.38	28.20	30.08	401.01	368.02	2.882	14.701	7.03	35.86	200.3	1600	5	100.3	-7.53	-0.138	1.0	-0.22	2.74	1.00	0.00	0.16	111115
106	"05:43:29"	6261.0	0	9.72	0.204	269	6.05	3.07	34.20	6	1.42	1	2.84	38.23	34.20	40.02	401.41	365.66	5.556	23.265	8.27	34.62	200.3	1600	5	100.3	-7.51	-0.554	1.0	-0.22	2.74	1.00	0.00	0.16	111115
107	"05:43:30"	6261.5	0	9.73	0.204	269	6.05	3.07	34.20	6	1.42	1	2.84	38.24	34.20	40.02	401.43	365.66	5.555	23.266	8.27	34.62	200.3	1600	4	100.3	-7.51	-0.554	1.0	-0.22	2.74	1.00	0.00	0.16	111115
108	"05:43:31"	6262.5	0	9.75	0.204	269	6.05	3.07	34.19	6	1.42	1	2.84	38.24	34.19	40.02	401.48	365.65	5.555	23.270	8.27	34.62	200.3	1600	5	100.3	-7.51	-0.554	1.0	-0.22	2.74	1.00	0.00	0.16	111115
109	"05:43:31"	6263.5	0	9.75	0.204	269	6.06	3.07	34.20	6	1.42	1	2.84	38.24	34.20	40.02	401.48	365.66	5.555	23.273	8.27	34.63	200.3	1600	5	100.3	-7.51	-0.554	1.0	-0.22	2.74	1.00	0.00	0.16	111115
110	"05:43:32"	6264.0	0	9.75	0.204	269	6.06	3.07	34.20	6	1.42	1	2.84	38.24	34.20	40.02	401.49	365.66	5.555	23.275	8.26	34.63	200.3	1600	5	100.3	-7.51	-0.554	1.0	-0.22	2.74	1.00	0.00	0.16	111115
111	"05:43:33"	6265.0	0	9.75	0.204	269	6.06	3.07	34.20	6	1.42	1	2.84	38.24	34.20	40.02	401.50	365.66	5.556	23.277	8.27	34.63	200.3	1600	5	100.3	-7.51	-0.554	1.0	-0.22	2.74	1.00	0.00	0.16	111115
112	"05:43:34"	6266.0	0	9.72	0.204	269	6.06	3.07	34.20	6	1.42	1	2.84	38.24	34.20	40.02	401.44	365.69	5.556	23.280	8.27	34.63	200.3	1600	5	100.3	-7.51	-0.554	1.0	-0.22	2.74	1.00	0.00	0.16	111115
113	"05:43:35"	6267.0	0	9.72	0.204	269	6.06	3.07	34.20	6	1.42	1	2.84	38.24	34.20	40.02	401.43	365.68	5.556	23.281	8.27	34.64	200.3	1600	4	100.3	-7.51	-0.554	1.0	-0.22	2.74	1.00	0.00	0.16	111115
114	"05:43:36"	6268.0	0	9.71	0.204	269	6.06	3.07	34.20	6	1.42	1	2.84	38.24	34.20	40.02	401.44	365.71	5.557	23.284	8.27	34.64	200.3	1600	4	100.3	-7.51	-0.554	1.0	-0.22	2.74	1.00	0.00	0.16	111115
115	"05:43:37"	6268.5	0	9.71	0.204	269	6.06	3.07	34.20	6	1.42	1	2.84	38.24	34.20	40.02	401.44	365.71	5.557	23.286	8.27	34.64	200.3	1600	5	100.3	-7.51	-0.554	1.0	-0.22	2.74	1.00	0.00	0.16	111115
116	"05:43:37"	6269.5	0	9.72	0.204	269	6.06	3.06	34.19	6	1.42	1	2.84	38.24	34.19	40.02	401.45	365.69	5.557	23.288	8.27	34.64	200.3	1600	5	100.3	-7.51	-0.554	1.0	-0.22	2.74	1.00	0.00	0.16	111115
117	"05:43:38"	6270.0	0	9.73	0.204	269	6.06	3.06	34.19	6	1.42	1	2.84	38.24	34.19	40.02	401.46	365.66	5.557	23.288	8.27	34.64	200.3	1600	5	100.3	-7.51	-0.554	1.0	-0.22	2.74	1.00	0.00	0.16	111115
118	"05:43:39"	6271.0	0	9.73	0.204	269	6.06	3.07	34.20	6	1.42	1	2.84	38.24	34.20	40.02	401.48	365.68	5.558	23.290	8.27	34.64	200.2	1599	5	100.3	-7.51	-0.554	1.0	-0.22	2.74	1.00	0.00	0.16	111115
119	"05:43:40"	6272.0	0	9.75	0.204	269	6.06	3.07	34.20	6	1.42	1	2.84	38.24	34.20	40.02	401.50	365.66	5.557	23.291	8.27	34.65	200.3	1599	5	100.3	-7.51	-0.554	1.0	-0.22	2.74	1.00	0.00	0.16	111115
120	"05:43:41"	6272.5	0	9.75	0.204	269	6.06	3.07	34.20	6	1.42	1	2.84	38.24	34.20	40.02	401.51	365.66	5.557	23.291	8.27	34.65	200.3	1599	5	100.3	-7.51	-0.554	1.0	-0.22	2.74	1.00	0.00	0.16	111115
121	"05:55:20"	6973.0	0	8.88	0.226	281	7.17	3.28	36.71	6	1.42	1	2.84	42.71	36.71	45.09	399.54	365.11	8.366	29.216	9.81	34.26	200.3	1599	5	100.3	-7.33	-0.873	1.0	-0.22	2.74	1.00	0.00	0.16	111115
122	"05:55:21"	6974.0	0	8.85	0.226	281	7.17	3.28	36.71	6	1.42	1	2.84	42.71	36.71	45.09	399.49	365.12	8.366	29.216	9.81	34.26	200.3	1599	5	100.3	-7.33	-0.873	1.0	-0.22	2.74	1.00	0.00	0.16	111115
123	"05:55:22"	6975.0	0	8.84	0.226	281	7.17	3.28	36.72	6	1.42	1	2.84	42.71	36.72	45.09	399.45	365.13	8.367	29.216	9.81	34.26	200.3	1599	5	100.3	-7.33	-0.873	1.0	-0.22	2.74	1.00	0.00	0.16	111115
124	"05:55:23"	6976.0	0	8.85	0.226	281	7.17	3.28	36.72	6	1.42	1	2.84	42.71	36.72	45.09	399.46	365.11	8.366	29.219	9.81	34.26	200.3	1600	5	100.3	-7.33	-0.873	1.0	-0.22	2.74	1.00	0.00	0.16	111115
125	"05:55:24"	6976.5	0	8.86	0.226	281	7.17	3.28	36.72	6	1.42	1	2.84	42.71	36.72	45.09	399.51	365.12	8.366	29.219	9.81	34.26	200.3	1600	5	100.3	-7.33	-0.873	1.0	-0.22	2.74	1.00	0.00	0.16	111115
126	"05:55:25"	6977.5	0	8.89	0.226	281	7.17	3.27	36.71	6	1.42	1	2.84	42.71	36.71	45.09	399.56	365.11	8.365	29.222	9.81	34.27	200.3	1600	5	100.3	-7.33	-0.873	1.0	-0.22	2.74	1.00	0.00	0.16	111115
127	"05:55:26"	6978.5	0	8.9	0.227	280	7.17	3.27	36.71	6	1.42	1	2.84	42.71	36.71	45.10	399.60	365.10	8.365	29.222	9.81	34.27	200.3	1600	5	100.3	-7.33	-0.873	1.0	-0.22	2.74	1.00	0.00	0.16	111115
128	"05:55:27"	6979.5	0	8.91	0.227	280	7.17	3.27	36.71	6	1.42	1	2.84	42.71	36.71	45.10	399.65	365.11	8.365	29.223	9.81	34.27	200.3	1600	5	100.3	-7.33	-0.873	1.0	-0.22	2.74	1.00	0.00	0.16	111115
129	"05:55:27"	6980.0	0	8.92	0.226	280	7.17	3.27	36.71	6	1.42	1	2.84	42.71	36.71	45.10	399.67	365.12	8.366	29.224	9.81	34.27	200.3	1600	5	100.3	-7.33	-0.873	1.0	-0.22	2.74	1.00	0.00	0.16	111115
130	"05:55:28"	6981.0	0	8.91	0.226	280	7.17	3.28	36.72	6	1.42	1	2.84	42.71	36.72	45.10	399.65	365.13	8.366	29.225	9.81	34.27	200.3	1600	5	100.3	-7.33	-0.873	1.0	-0.22	2.74	1.00	0.00	0.16	111115
131	"05:55:29"	6982.0	0	8.9	0.226	280	7.17	3.28	36.73	6	1.42	1	2.84	42.71	36.73	45.10	399.65	365.16	8.367	29.225	9.81	34.27	200.3	1600	5	100.3	-7.33	-0.873	1.0	-0.22	2.74	1.00	0.00	0.16	111115
132	"05:55:30"	6982.5	0	8.89	0.226	280	7.17	3.28	36.74	6	1.42	1	2.84	42.71	36.74	45.10	399.63	365.15	8.366	29.225	9.81	34.27	200.3	1600	5	100.3	-7.33	-0.873	1.0	-0.22	2.74	1.00	0.00	0.16	111115
133	"05:55:31"	6983.5	0	8.88	0.226	280	7.17	3.28	36.74	6	1.42	1	2.84	42.71	36.74	45.10	399.61	365.17	8.365	29.228	9.81	34.27	200.3	1600	5	100.3	-7.33	-0.873	1.0	-0.22	2.74	1.00	0.00	0.16	111115
134	"05:55:32"	6984.5	0	8.87	0.226	280	7.18	3.29	36.75	6	1.42	1	2.84	42.71	36.75	45.10	399.62	365.20	8.365	29.231	9.81	34.28	200.3	1600	5	100.3	-7.33	-0.873	1.0	-0.22	2.74	1.00	0.00	0.16	111115
135	"05:55:33"	6985.5	0	8.88	0.226	280	7.18	3.28	36.74	6	1.42	1	2.84	42.71	36.74	45.10	399.62	365.18	8.365	29.231	9.81	34.28	200.3	1600	5	100.3	-7.33	-0.873	1.0	-0.22	2.74	1.00	0.00	0.16	111115
136	"05:55:33"	6986.0	0	8.88	0.226	280	7.18	3.28	36.74	6	1.42	1	2.84	42.71	36.74	45.10	399.62	365.17	8.364	29.233	9.81	34.28	200.3	1600	5	100.3	-7.33	-0.873	1.0	-0.22	2.74	1.00	0.00	0.16	111115
137	"06:08:53"	7786.0	0	6.83	0.238	301	8.32	3.6	39.27	6	1.42	1	2.84	46.99	39.27	49.77	400.48	370.77	11.085	35.141	10.42	33.02	200.3	1601	5	100.3	-7.16	-1.86	1.0	-0.22	2.74	1.00	0.00	0.16	111115
138	"06:08:54"	7787.0	0	6.85	0.237	301	8.32	3.61	39.28	6	1.42	1	2.84	46.99	39.28	49.77	400.51	370.74	11.086	35.141	10.42	33.02	200.3	1601	5	100.3	-7.16	-1.86	1.0	-0.22	2.74	1.00	0.00	0.16	111115
139	"06:08:55"	7787.5	0	6.85	0.237	301	8.33	3.61	39.28	6	1.42	1	2.84	46.99	39.28	49.77	400.50	370.76	11.085	35.143	10.41	33.02	200.3	1601	5	100.3	-7.16	-1.86	1.0	-0.22	2.74	1.00	0.00	0.16	111115
140	"06:08:56"	7788.5	0	6.84	0.237	301	8.32	3.61	39.29	6	1.42	1	2.84	46.99	39.29	49.77	400.51	370.77	11.085	35.140	10.41	33.01	200.3	1601	5	100.3	-7.16	-1.86	1.0	-0.22	2.74	1.00	0.00	0.16	111115
141	"06:08:56"	7789.0	0	6.83	0.237	301	8.33	3.61	39.29	6	1.42	1	2.84	46.99	39.29	49.77	400.49	370.79	11.085	35.140	10.41	33.01	200.4	1601	5	100.3	-7.16	-1.86	1.0	-0.22	2.74	1.00	0.00	0.16	111115
142	"06:08:57"	7790.0	0	6.84	0.237	301	8.33	3.61	39.30	6	1.42	1	2.84	46.99	39.30	49.77	400.49	370.76	11.083	35.140	10.41	33.01	200.4	1601	5	100.3	-7.16	-1.86	1.0	-0.22	2.74	1.00	0.00	0.16	111115
143	"06:08:58"	7790.5	0	6.83	0.237	301	8.33	3.61	39.29	6	1.42	1	2.84	46.99	39.29	49.77	400.49	370.79	11.083	35.141	10.41	33.01	200.4	1601	5	100.3	-7.16	-1.86	1.0	-0.22	2.74	1.00	0.00	0.16	111115
144	"06:09:00"	7792.5	0	6.85	0.237	301	8.32	3.61	39.29	6	1.42	1	2.84	46.99	39.29	49.77	400.55	370.78	11.084	35.138	10.41	33.01	200.3	1601	5	100.3	-7.16	-1.86	1.0	-0.22	2.74	1.00	0.00	0.16	111115
145	"06:09:00"	7793.0	0	6.88	0.237	301	8.32	3.61	39.28	6	1.42	1	2.84	46.99	39.28	49.77	400.62	370.77	11.083	35.138	10.41	33.02	200.3	1601	5	100.3	-7.16	-1.86	1.0	-0.22	2.74	1.00	0.00	0.16	111115
146	"06:09:01"	7794.0	0	6.88	0.237	301	8.33	3.61	39.29	6	1.42	1	2.84	46.99	39.29	49.77	400.62	370.78	11.084	35.140	10.41	33.02	200.3	1601	5	100.3	-7.16	-1.86	1.0	-0.22	2.74	1.00	0.00	0.16	111115
147	"06:09:02"	7794.5	0	6.88	0.237	301	8.33	3.61	39.29	6	1.42	1	2.84	46.99	39.29	49.77	400.61	370.77	11.084	35.140	10.41	33.02	200.4	1601	5	100.3	-7.16	-1.86	1.0	-0.22	2.74	1.00	0.00	0.16	111115
148	"06:09:03"	7795.5	0	6.86	0.237	301	8.32	3.61	39.29	6	1.42	1	2.84	46.99	39.29	49.77	400.56	370.77	11.084	35.141	10.41	33.02	200.3	1601	5	100.3	-7.16	-1.86	1.0	-0.22	2.74	1.00	0.00	0.16	111115
149	"06:09:03"	7796.0	0	6.85	0.237	301	8.33	3.61	39.28	6	1.42	1	2.84	46.99	39.28	49.77	400.54	370.79	11.084	35.143	10.41	33.02	200.3	1601	5	100.3	-7.16	-1.86	1.0	-0.22	2.74	1.00	0.00	0.16	111115
150	"06:09:04"	7796.5	0	6.84	0.237	301	8.33	3.61	39.28	6	1.42	1	2.84	46.99	39.28	49.77	400.51	370.78	11.084	35.145	10.41	33.02	200.3	1601	5	100.3	-7.16	-1.86	1.0	-0.22	2.74	1.00	0.00	0.16	111115
151	"06:09:04"	7797.0	0	6.82	0.237	301	8.33	3.61	39.28	6	1.42	1	2.84	47.00	39.28	49.77	400.47	370.81	11.084	35.145	10.41	33.02	200.3	1601	5	100.3	-7.16	-1.86	1.0	-0.22	2.74	1.00	0.00	0.16	111115
