"OPEN 6.2.5"
"Wed Jan 12 2022 11:30:59"
<open><version>"6.2.5"</version></open>
<open><configfile>"/User/Configs/UserPrefs/2x3 LED.xml"</configfile></open>
<open><light><source>"6400-02 or -02B LED Source"</source><par_in>1<sensor>"SI-3989"<cal>-0.92<actinity>1.00</actinity><transm>1.00</transm></cal></sensor><transm>1</transm></par_in><par_out>1<sensor>"Q50937"<cal>6.45</cal></sensor></par_out></light></open>
<open><comps><file>"/User/Configs/Comps/StdComps_6.2"<header>""</header><extras></extras></file><energybal>no<f_parIn>1</f_parIn><f_parOut>0</f_parOut><alphaK>0.16</alphaK></energybal><bc_total>2.840<stomatal_ratio>1</stomatal_ratio><bc_oneside>1.420<type>2</type><table>"/Sys/Lib/StdBLCTable"</table><area>6</area><slope>-0.219565</slope><offset>2.73739</offset><fan>5</fan></bc_oneside></bc_total></comps></open>
<open><prompts><onlog>off</onlog><items>"Default (none)"</items></prompts></open>
<open><constants><oxygen>21 %</oxygen><bb_vapor>1.5</bb_vapor><bb_oxy>0.9</bb_oxy></constants></open>
<open><stability><items>"Std Stability"<items[1]><id>-2</id><size>15</size><pcv><onoff>0</onoff><value>1</value></pcv><std><onoff>0</onoff><value>1</value></std><slp><onoff>1</onoff><value>1</value></slp></items[1]><items[2]><id>-5</id><size>15</size><pcv><onoff>0</onoff><value>1</value></pcv><std><onoff>0</onoff><value>1</value></std><slp><onoff>1</onoff><value>1</value></slp></items[2]><items[3]><id>-7</id><size>15</size><pcv><onoff>0</onoff><value>1</value></pcv><std><onoff>0</onoff><value>1</value></std><slp><onoff>1</onoff><value>1</value></slp></items[3]></items></stability></open>
<open><log><format>"StdLogFmt_6.0"<items>{ -35 -21 -36 -76 30 23 36 21 25 221 -33 111 -34 11 -9 -10 -8 -1 -2 -4 -5 -14 -15 -7 -12 -13 -11 -65 -66 -72 -18 -19 -77 -78 -79 -23  }<hdr>{  }</hdr></items></format><options><beep>on</beep><hdr>normal</hdr><rem>normal</rem><stab>no</stab><stats>no<mean>no</mean><file>no</file><period>15</period></stats><excel>yes</excel><controls>yes</controls><comm>no</comm></options><datafile>"/User/jcg_rasa_3"</datafile><button><action>"Normal Log"<code>" LogOneObsManual "</code></action></button><autoprog>"/User/Configs/AutoProgs/AutoLog2"<active>no</active></autoprog></log></open>
<open><a2d><avgtime>4.0 secs</avgtime><userchans><ch20>"Off"</ch20><ch21>"Off"</ch21><ch22>"Off"</ch22><ch23>"Off"</ch23></userchans></a2d></open>
<open><matching><type>0</type><disp>'a'</disp><settings><CO2Limit>10.0</CO2Limit><H2OLimit>1.0</H2OLimit><MaxAutoTime>60</MaxAutoTime></settings></matching></open>
<li6400><factory><unit>"PSC-4076"</unit><serviced>"31 Mar 2014"</serviced><fuseaware>0</fuseaware><co2mixer>yes</co2mixer><co2><coeffs>{ 0 0.215349 2.57678e-05 1.9763e-08 -3.21542e-12 3.03737e-16  }</coeffs><dvdt>-2.8</dvdt><xs>{ 0.0005 0.0003  }</xs></co2><h2o><coeffs>{ 0 0.00579256 2.19235e-06 9.06457e-12  }</coeffs><dvdt>-1</dvdt><xs>{ -0.0026 0.0003  }</xs></h2o><flow>{ 0 0.3607  }</flow><press>{ 88.32 0.00555  }</press></factory></li6400>
<li6400><user><flow_zero>-1560.7</flow_zero><irga_zero><co2>-312.6 -351.6<at>29.8235</at></co2><h2o>-156.6 77.4<at>31.0407</at></h2o></irga_zero><irga_span><co2>{ 0.988788 0.993555  }</co2><h2o>{ 0.996032 0.996401  }</h2o></irga_span><irga_match><co2>{ -1.32399 17.4424  }</co2><h2o>{ -0.104692 0.691724  }</h2o></irga_match><co2_mixer><pump_mv>4500</pump_mv><ppm>{ 2185.36 1052.7 419.509 255.894 118.056 69.8071 46.8351 46.4167  }</ppm><mv>{ 5000 3000 1500 1000 500 300 200 100  }</mv></co2_mixer><parin_offset>-0.0908794</parin_offset><led_cal><unit>"SI-3989"</unit><mv>{ 10 25 50 100 1000 2000 3000 4000 5000  }</mv><qntm>{ 5.41353 17.8999 38.6356 86.3019 941.421 1838.37 2690.41 3508.95 4284.65  }</qntm></led_cal><lcf_cal><unit>"unknown"</unit><red><mv>{ 50 100 500 1000 1500 5000  }</mv><qntm>{ 50 100 500 1000 2000 5000  }</qntm></red><blue><mv>{ 100 200 500 1000 2000 5000  }</mv><qntm>{ 10 20 50 100 200 500  }</qntm></blue></lcf_cal></user></li6400>
"11:31:00 "
$STARTOFDATA$
"Obs"	"HHMMSS"	"FTime"	"EBal?"	"Photo"	"Cond"	"Ci"	"Trmmol"	"VpdL"	"CTleaf"	"Area"	"BLC_1"	"StmRat"	"BLCond"	"Tair"	"Tleaf"	"TBlk"	"CO2R"	"CO2S"	"H2OR"	"H2OS"	"RH_R"	"RH_S"	"Flow"	"PARi"	"PARo"	"Press"	"CsMch"	"HsMch"	"StableF"	"BLCslope"	"BLCoffst"	"f_parin"	"f_parout"	"alphaK"	"Status"
"11:45:13 Flow: Fixed -> 200 umol/s"
1	"11:47:00"	978.0	0	6.47	0.258	331	1.7	0.718	10.42	6	1.42	1	2.84	3.85	10.42	0.72	399.99	378.60	0.370	5.464	4.61	67.97	199.7	1600	0	100.5	16	0.533	1.0	-0.22	2.74	1.00	0.00	0.16	111115
2	"11:47:01"	979.0	0	6.46	0.258	331	1.7	0.718	10.41	6	1.42	1	2.84	3.85	10.41	0.72	399.96	378.62	0.371	5.463	4.61	67.96	199.7	1600	0	100.5	16	0.533	1.0	-0.22	2.74	1.00	0.00	0.16	111115
3	"11:47:02"	980.0	0	6.47	0.258	331	1.7	0.717	10.40	6	1.42	1	2.84	3.85	10.40	0.73	400.01	378.63	0.371	5.463	4.61	67.96	199.7	1600	0	100.5	16	0.533	1.0	-0.22	2.74	1.00	0.00	0.16	111115
4	"11:47:03"	980.0	0	6.47	0.258	331	1.7	0.717	10.40	6	1.42	1	2.84	3.85	10.40	0.73	400.01	378.63	0.371	5.463	4.61	67.96	199.7	1600	0	100.5	16	0.533	1.0	-0.22	2.74	1.00	0.00	0.16	111115
5	"11:47:04"	981.5	0	6.45	0.259	332	1.7	0.716	10.39	6	1.42	1	2.84	3.85	10.39	0.73	399.99	378.67	0.370	5.463	4.61	67.96	199.7	1600	0	100.5	16	0.533	1.0	-0.22	2.74	1.00	0.00	0.16	111115
6	"11:47:05"	982.5	0	6.45	0.259	332	1.7	0.716	10.40	6	1.42	1	2.84	3.85	10.40	0.73	400.00	378.69	0.370	5.464	4.60	67.96	199.7	1600	0	100.5	16	0.533	1.0	-0.22	2.74	1.00	0.00	0.16	111115
7	"11:47:05"	983.0	0	6.47	0.258	331	1.71	0.717	10.40	6	1.42	1	2.84	3.85	10.40	0.73	400.06	378.68	0.371	5.464	4.61	67.96	199.8	1600	0	100.5	16	0.533	1.0	-0.22	2.74	1.00	0.00	0.16	111115
8	"11:47:06"	984.0	0	6.47	0.258	331	1.7	0.718	10.41	6	1.42	1	2.84	3.85	10.41	0.73	400.07	378.70	0.371	5.463	4.62	67.95	199.8	1600	0	100.5	16	0.533	1.0	-0.22	2.74	1.00	0.00	0.16	111115
9	"11:47:07"	984.5	0	6.47	0.258	331	1.7	0.718	10.42	6	1.42	1	2.84	3.85	10.42	0.73	400.08	378.70	0.372	5.463	4.62	67.94	199.8	1600	0	100.5	16	0.533	1.0	-0.22	2.74	1.00	0.00	0.16	111115
10	"11:47:08"	985.5	0	6.47	0.258	331	1.7	0.718	10.42	6	1.42	1	2.84	3.85	10.42	0.73	400.06	378.68	0.372	5.462	4.62	67.93	199.8	1600	0	100.5	16	0.533	1.0	-0.22	2.74	1.00	0.00	0.16	111115
11	"11:47:08"	986.0	0	6.49	0.258	331	1.7	0.718	10.41	6	1.42	1	2.84	3.85	10.41	0.73	400.09	378.66	0.372	5.461	4.63	67.92	199.7	1600	0	100.5	16	0.533	1.0	-0.22	2.74	1.00	0.00	0.16	111115
12	"11:47:09"	987.0	0	6.48	0.258	331	1.7	0.718	10.41	6	1.42	1	2.84	3.85	10.41	0.73	400.07	378.66	0.372	5.461	4.63	67.92	199.7	1600	0	100.5	16	0.533	1.0	-0.22	2.74	1.00	0.00	0.16	111115
13	"11:47:10"	988.0	0	6.47	0.258	331	1.7	0.717	10.40	6	1.42	1	2.84	3.85	10.40	0.73	400.04	378.65	0.371	5.462	4.62	67.93	199.7	1600	0	100.5	16	0.533	1.0	-0.22	2.74	1.00	0.00	0.16	111115
14	"11:47:11"	988.5	0	6.47	0.258	331	1.7	0.717	10.40	6	1.42	1	2.84	3.85	10.40	0.73	400.02	378.64	0.371	5.461	4.62	67.93	199.7	1600	0	100.5	16	0.533	1.0	-0.22	2.74	1.00	0.00	0.16	111115
15	"11:47:12"	989.5	0	6.5	0.258	331	1.7	0.717	10.40	6	1.42	1	2.84	3.85	10.40	0.73	400.11	378.65	0.372	5.461	4.62	67.93	199.7	1600	0	100.5	16	0.533	1.0	-0.22	2.74	1.00	0.00	0.16	111115
"11:49:33 Coolers: Tblock -> 0.70 C"
"11:50:34 Coolers: Tblock -> 5.00 C"
"12:01:26 Flow: Fixed -> 200 umol/s"
16	"12:02:10"	1887.5	0	7.09	0.26	325	2.01	0.84	12.78	6	1.42	1	2.84	7.39	12.78	4.96	400.43	376.85	0.380	6.388	3.70	62.14	199.7	1600	0	100.5	16.2	0.581	1.0	-0.22	2.74	1.00	0.00	0.16	111115
17	"12:02:11"	1888.5	0	7.08	0.26	325	2.01	0.84	12.78	6	1.42	1	2.84	7.39	12.78	4.95	400.42	376.86	0.380	6.388	3.70	62.13	199.7	1600	0	100.5	16.2	0.581	1.0	-0.22	2.74	1.00	0.00	0.16	111115
18	"12:02:11"	1889.0	0	7.1	0.26	325	2.01	0.84	12.78	6	1.42	1	2.84	7.39	12.78	4.95	400.43	376.83	0.380	6.387	3.70	62.13	199.7	1600	0	100.5	16.2	0.581	1.0	-0.22	2.74	1.00	0.00	0.16	111115
19	"12:02:12"	1889.5	0	7.09	0.26	325	2.01	0.839	12.77	6	1.42	1	2.84	7.39	12.77	4.95	400.42	376.86	0.380	6.388	3.69	62.14	199.7	1600	0	100.5	16.2	0.581	1.0	-0.22	2.74	1.00	0.00	0.16	111115
20	"12:02:13"	1890.5	0	7.06	0.26	325	2.01	0.839	12.77	6	1.42	1	2.84	7.39	12.77	4.96	400.36	376.88	0.381	6.387	3.70	62.13	199.7	1600	0	100.5	16.2	0.581	1.0	-0.22	2.74	1.00	0.00	0.16	111115
21	"12:02:14"	1891.5	0	7.06	0.261	325	2.01	0.838	12.76	6	1.42	1	2.84	7.39	12.76	4.96	400.35	376.86	0.380	6.389	3.70	62.15	199.8	1600	0	100.5	16.2	0.581	1.0	-0.22	2.74	1.00	0.00	0.16	111115
22	"12:02:14"	1892.0	0	7.07	0.261	325	2.01	0.838	12.76	6	1.42	1	2.84	7.39	12.76	4.96	400.37	376.85	0.380	6.388	3.70	62.15	199.8	1600	0	100.5	16.2	0.581	1.0	-0.22	2.74	1.00	0.00	0.16	111115
23	"12:02:15"	1892.5	0	7.06	0.261	325	2.01	0.837	12.75	6	1.42	1	2.84	7.39	12.75	4.96	400.37	376.87	0.380	6.389	3.69	62.16	199.8	1600	0	100.5	16.2	0.581	1.0	-0.22	2.74	1.00	0.00	0.16	111115
24	"12:02:17"	1894.0	0	7.05	0.261	326	2.01	0.838	12.76	6	1.42	1	2.84	7.39	12.76	4.96	400.33	376.89	0.380	6.389	3.70	62.15	199.8	1600	0	100.5	16.2	0.581	1.0	-0.22	2.74	1.00	0.00	0.16	111115
25	"12:02:17"	1895.0	0	7.09	0.261	325	2.01	0.838	12.76	6	1.42	1	2.84	7.39	12.76	4.96	400.44	376.87	0.381	6.388	3.70	62.14	199.8	1600	0	100.5	16.2	0.581	1.0	-0.22	2.74	1.00	0.00	0.16	111115
26	"12:02:18"	1895.5	0	7.09	0.26	325	2.01	0.838	12.76	6	1.42	1	2.84	7.39	12.76	4.96	400.44	376.86	0.381	6.386	3.71	62.13	199.7	1600	0	100.5	16.2	0.581	1.0	-0.22	2.74	1.00	0.00	0.16	111115
27	"12:02:18"	1896.0	0	7.09	0.26	325	2.01	0.839	12.77	6	1.42	1	2.84	7.39	12.77	4.96	400.43	376.87	0.381	6.386	3.70	62.13	199.7	1600	0	100.5	16.2	0.581	1.0	-0.22	2.74	1.00	0.00	0.16	111115
28	"12:02:20"	1897.5	0	7.08	0.26	325	2.01	0.839	12.77	6	1.42	1	2.84	7.39	12.77	4.96	400.40	376.87	0.380	6.386	3.70	62.12	199.8	1600	0	100.5	16.2	0.581	1.0	-0.22	2.74	1.00	0.00	0.16	111115
29	"12:02:20"	1898.0	0	7.09	0.26	325	2.01	0.839	12.77	6	1.42	1	2.84	7.39	12.77	4.96	400.42	376.84	0.381	6.385	3.70	62.11	199.7	1600	0	100.5	16.2	0.581	1.0	-0.22	2.74	1.00	0.00	0.16	111115
30	"12:02:21"	1898.5	0	7.09	0.26	325	2.01	0.839	12.76	6	1.42	1	2.84	7.39	12.76	4.96	400.41	376.84	0.380	6.386	3.69	62.11	199.7	1600	0	100.5	16.2	0.581	1.0	-0.22	2.74	1.00	0.00	0.16	111115
"12:02:28 Coolers: Tblock -> 10.00 C"
"12:08:52 Flow: Fixed -> 200 umol/s"
31	"12:10:58"	2415.0	0	7.94	0.258	315	2.42	1.02	15.61	6	1.42	1	2.84	11.59	15.61	10.03	400.41	373.83	0.381	7.599	2.80	55.73	199.7	1600	0	100.4	16.4	0.59	1.0	-0.22	2.74	1.00	0.00	0.16	111115
32	"12:10:58"	2415.5	0	7.94	0.258	315	2.42	1.02	15.61	6	1.42	1	2.84	11.59	15.61	10.03	400.43	373.86	0.382	7.601	2.80	55.74	199.7	1600	0	100.4	16.4	0.59	1.0	-0.22	2.74	1.00	0.00	0.16	111115
33	"12:10:59"	2416.5	0	7.95	0.258	315	2.42	1.02	15.61	6	1.42	1	2.84	11.59	15.61	10.03	400.44	373.84	0.382	7.601	2.80	55.74	199.8	1600	0	100.4	16.4	0.59	1.0	-0.22	2.74	1.00	0.00	0.16	111115
34	"12:11:00"	2417.0	0	7.95	0.258	315	2.42	1.02	15.60	6	1.42	1	2.84	11.59	15.60	10.03	400.45	373.85	0.382	7.602	2.80	55.74	199.8	1600	0	100.4	16.4	0.59	1.0	-0.22	2.74	1.00	0.00	0.16	111115
35	"12:11:00"	2417.5	0	7.94	0.258	315	2.42	1.02	15.61	6	1.42	1	2.84	11.59	15.61	10.03	400.43	373.86	0.383	7.602	2.81	55.75	199.8	1600	0	100.5	16.4	0.59	1.0	-0.22	2.74	1.00	0.00	0.16	111115
36	"12:11:01"	2418.5	0	7.93	0.258	315	2.42	1.02	15.61	6	1.42	1	2.84	11.59	15.61	10.03	400.40	373.87	0.383	7.603	2.81	55.75	199.8	1600	0	100.5	16.4	0.59	1.0	-0.22	2.74	1.00	0.00	0.16	111115
37	"12:11:02"	2419.0	0	7.92	0.258	315	2.42	1.02	15.61	6	1.42	1	2.84	11.59	15.61	10.03	400.41	373.89	0.383	7.603	2.81	55.75	199.8	1600	0	100.4	16.4	0.59	1.0	-0.22	2.74	1.00	0.00	0.16	111115
38	"12:11:02"	2419.5	0	7.94	0.258	315	2.42	1.02	15.61	6	1.42	1	2.84	11.59	15.61	10.03	400.44	373.88	0.383	7.604	2.81	55.76	199.8	1600	0	100.4	16.4	0.59	1.0	-0.22	2.74	1.00	0.00	0.16	111115
39	"12:11:03"	2420.5	0	7.95	0.258	315	2.42	1.02	15.61	6	1.42	1	2.84	11.59	15.61	10.03	400.48	373.88	0.383	7.606	2.81	55.77	199.7	1600	0	100.4	16.4	0.59	1.0	-0.22	2.74	1.00	0.00	0.16	111115
40	"12:11:04"	2421.0	0	7.96	0.258	315	2.42	1.02	15.61	6	1.42	1	2.84	11.59	15.61	10.03	400.51	373.87	0.383	7.606	2.81	55.77	199.7	1600	0	100.4	16.4	0.59	1.0	-0.22	2.74	1.00	0.00	0.16	111115
41	"12:11:04"	2421.5	0	7.97	0.258	315	2.42	1.02	15.61	6	1.42	1	2.84	11.59	15.61	10.03	400.54	373.87	0.383	7.607	2.81	55.77	199.7	1600	0	100.4	16.4	0.59	1.0	-0.22	2.74	1.00	0.00	0.16	111115
42	"12:11:05"	2422.5	0	8	0.258	315	2.42	1.02	15.61	6	1.42	1	2.84	11.59	15.61	10.03	400.60	373.83	0.382	7.607	2.80	55.78	199.7	1600	0	100.4	16.4	0.59	1.0	-0.22	2.74	1.00	0.00	0.16	111115
43	"12:11:06"	2423.0	0	8.01	0.258	315	2.42	1.02	15.61	6	1.42	1	2.84	11.59	15.61	10.03	400.61	373.82	0.382	7.608	2.80	55.78	199.7	1600	0	100.4	16.4	0.59	1.0	-0.22	2.74	1.00	0.00	0.16	111115
44	"12:11:06"	2423.5	0	8.01	0.258	315	2.42	1.02	15.61	6	1.42	1	2.84	11.59	15.61	10.03	400.59	373.82	0.382	7.608	2.80	55.78	199.7	1600	0	100.4	16.4	0.59	1.0	-0.22	2.74	1.00	0.00	0.16	111115
45	"12:11:07"	2424.5	0	7.98	0.258	315	2.42	1.02	15.61	6	1.42	1	2.84	11.59	15.61	10.03	400.54	373.84	0.382	7.608	2.80	55.78	199.7	1600	0	100.4	16.4	0.59	1.0	-0.22	2.74	1.00	0.00	0.16	111115
"12:11:14 Coolers: Tblock -> 15.00 C"
"12:22:09 Flow: Fixed -> 200 umol/s"
46	"12:23:12"	3150.0	0	8.9	0.275	308	3.13	1.24	19.04	6	1.42	1	2.84	16.16	19.04	15.10	400.88	370.65	0.386	9.712	2.10	52.90	199.7	1600	0	100.4	16.7	0.657	1.0	-0.22	2.74	1.00	0.00	0.16	111115
47	"12:23:13"	3150.5	0	8.9	0.275	308	3.13	1.24	19.04	6	1.42	1	2.84	16.16	19.04	15.10	400.88	370.65	0.386	9.713	2.10	52.90	199.7	1600	0	100.4	16.7	0.657	1.0	-0.22	2.74	1.00	0.00	0.16	111115
48	"12:23:14"	3151.5	0	8.93	0.275	308	3.13	1.24	19.04	6	1.42	1	2.84	16.16	19.04	15.10	400.94	370.62	0.385	9.711	2.10	52.90	199.7	1600	0	100.4	16.7	0.657	1.0	-0.22	2.74	1.00	0.00	0.16	111115
49	"12:23:14"	3152.0	0	8.93	0.275	308	3.13	1.24	19.04	6	1.42	1	2.84	16.16	19.04	15.10	400.92	370.61	0.386	9.711	2.10	52.90	199.7	1600	0	100.4	16.7	0.657	1.0	-0.22	2.74	1.00	0.00	0.16	111115
50	"12:23:15"	3153.0	0	8.9	0.275	308	3.13	1.24	19.04	6	1.42	1	2.84	16.16	19.04	15.10	400.87	370.65	0.386	9.711	2.10	52.90	199.7	1600	0	100.4	16.7	0.657	1.0	-0.22	2.74	1.00	0.00	0.16	111115
51	"12:23:16"	3153.5	0	8.89	0.275	308	3.13	1.24	19.04	6	1.42	1	2.84	16.16	19.04	15.10	400.86	370.67	0.387	9.712	2.11	52.90	199.7	1600	0	100.4	16.7	0.657	1.0	-0.22	2.74	1.00	0.00	0.16	111115
52	"12:23:17"	3154.5	0	8.91	0.275	308	3.14	1.24	19.04	6	1.42	1	2.84	16.16	19.04	15.10	400.92	370.66	0.387	9.713	2.11	52.91	199.7	1600	0	100.4	16.7	0.657	1.0	-0.22	2.74	1.00	0.00	0.16	111115
53	"12:23:19"	3156.5	0	8.91	0.275	308	3.14	1.24	19.05	6	1.42	1	2.84	16.16	19.05	15.10	400.91	370.65	0.386	9.718	2.10	52.93	199.8	1600	0	100.4	16.7	0.657	1.0	-0.22	2.74	1.00	0.00	0.16	111115
54	"12:23:19"	3157.0	0	8.92	0.275	308	3.14	1.24	19.05	6	1.42	1	2.84	16.16	19.05	15.10	400.93	370.66	0.386	9.719	2.10	52.93	199.8	1600	0	100.4	16.7	0.657	1.0	-0.22	2.74	1.00	0.00	0.16	111115
55	"12:23:20"	3158.0	0	8.91	0.275	308	3.14	1.24	19.05	6	1.42	1	2.84	16.16	19.05	15.10	400.91	370.66	0.385	9.719	2.10	52.93	199.7	1600	0	100.4	16.7	0.657	1.0	-0.22	2.74	1.00	0.00	0.16	111115
56	"12:23:21"	3158.5	0	8.89	0.275	308	3.14	1.24	19.04	6	1.42	1	2.84	16.16	19.04	15.10	400.86	370.66	0.385	9.719	2.10	52.93	199.7	1600	0	100.4	16.7	0.657	1.0	-0.22	2.74	1.00	0.00	0.16	111115
57	"12:23:21"	3159.0	0	8.89	0.275	308	3.14	1.24	19.04	6	1.42	1	2.84	16.16	19.04	15.10	400.86	370.67	0.386	9.718	2.10	52.93	199.7	1600	0	100.4	16.7	0.657	1.0	-0.22	2.74	1.00	0.00	0.16	111115
58	"12:23:22"	3159.5	0	8.9	0.275	308	3.14	1.24	19.04	6	1.42	1	2.84	16.16	19.04	15.10	400.88	370.65	0.386	9.719	2.10	52.93	199.7	1600	0	100.4	16.7	0.657	1.0	-0.22	2.74	1.00	0.00	0.16	111115
59	"12:23:23"	3160.5	0	8.89	0.275	308	3.14	1.23	19.04	6	1.42	1	2.84	16.16	19.04	15.10	400.90	370.69	0.386	9.720	2.10	52.93	199.7	1600	0	100.4	16.7	0.657	1.0	-0.22	2.74	1.00	0.00	0.16	111115
60	"12:23:23"	3161.0	0	8.89	0.275	308	3.14	1.24	19.04	6	1.42	1	2.84	16.16	19.04	15.10	400.89	370.68	0.387	9.720	2.11	52.94	199.7	1600	0	100.4	16.7	0.657	1.0	-0.22	2.74	1.00	0.00	0.16	111115
"12:24:10 Coolers: Tblock -> 20.00 C"
"12:37:05 Flow: Fixed -> 200 umol/s"
61	"12:38:06"	4044.0	0	9.5	0.291	302	3.9	1.45	22.00	6	1.42	1	2.84	20.44	22.00	19.97	399.39	366.56	0.394	11.959	1.64	49.79	199.7	1599	0	100.4	17	0.692	1.0	-0.22	2.74	1.00	0.00	0.16	111115
62	"12:38:06"	4044.5	0	9.5	0.291	302	3.9	1.45	22.00	6	1.42	1	2.84	20.44	22.00	19.97	399.37	366.55	0.394	11.959	1.64	49.79	199.7	1599	0	100.4	17	0.692	1.0	-0.22	2.74	1.00	0.00	0.16	111115
63	"12:38:07"	4045.0	0	9.49	0.291	302	3.9	1.45	22.00	6	1.42	1	2.84	20.44	22.00	19.97	399.35	366.54	0.394	11.959	1.64	49.79	199.7	1599	0	100.4	17	0.692	1.0	-0.22	2.74	1.00	0.00	0.16	111115
64	"12:38:07"	4045.5	0	9.48	0.291	302	3.9	1.45	22.00	6	1.42	1	2.84	20.44	22.00	19.97	399.33	366.57	0.394	11.958	1.64	49.78	199.7	1599	0	100.4	17	0.692	1.0	-0.22	2.74	1.00	0.00	0.16	111115
65	"12:38:08"	4046.0	0	9.47	0.291	302	3.9	1.45	22.00	6	1.42	1	2.84	20.44	22.00	19.97	399.32	366.58	0.394	11.959	1.64	49.79	199.7	1599	0	100.4	17	0.692	1.0	-0.22	2.74	1.00	0.00	0.16	111115
66	"12:38:08"	4046.5	0	9.47	0.291	302	3.9	1.45	22.00	6	1.42	1	2.84	20.44	22.00	19.97	399.31	366.57	0.394	11.959	1.64	49.79	199.7	1599	0	100.4	17	0.692	1.0	-0.22	2.74	1.00	0.00	0.16	111115
67	"12:38:09"	4047.0	0	9.47	0.291	302	3.9	1.45	22.00	6	1.42	1	2.84	20.44	22.00	19.97	399.31	366.56	0.393	11.959	1.64	49.78	199.7	1599	0	100.4	17	0.692	1.0	-0.22	2.74	1.00	0.00	0.16	111115
68	"12:38:10"	4047.5	0	9.47	0.291	302	3.9	1.45	22.00	6	1.42	1	2.84	20.44	22.00	19.97	399.33	366.58	0.393	11.960	1.64	49.79	199.7	1599	0	100.4	17	0.692	1.0	-0.22	2.74	1.00	0.00	0.16	111115
69	"12:38:10"	4048.0	0	9.47	0.291	302	3.9	1.45	22.00	6	1.42	1	2.84	20.44	22.00	19.97	399.34	366.61	0.393	11.960	1.63	49.79	199.7	1599	0	100.4	17	0.692	1.0	-0.22	2.74	1.00	0.00	0.16	111115
70	"12:38:11"	4048.5	0	9.46	0.291	302	3.9	1.45	22.00	6	1.42	1	2.84	20.44	22.00	19.97	399.34	366.62	0.393	11.961	1.63	49.79	199.7	1599	0	100.4	17	0.692	1.0	-0.22	2.74	1.00	0.00	0.16	111115
71	"12:38:11"	4049.0	0	9.46	0.291	302	3.9	1.45	22.00	6	1.42	1	2.84	20.44	22.00	19.97	399.32	366.61	0.393	11.961	1.63	49.79	199.7	1599	0	100.4	17	0.692	1.0	-0.22	2.74	1.00	0.00	0.16	111115
72	"12:38:12"	4049.5	0	9.46	0.291	302	3.9	1.45	22.00	6	1.42	1	2.84	20.44	22.00	19.97	399.34	366.61	0.393	11.961	1.63	49.79	199.7	1599	0	100.4	17	0.692	1.0	-0.22	2.74	1.00	0.00	0.16	111115
73	"12:38:12"	4049.5	0	9.46	0.291	302	3.9	1.45	22.00	6	1.42	1	2.84	20.44	22.00	19.97	399.34	366.61	0.393	11.961	1.63	49.79	199.7	1599	0	100.4	17	0.692	1.0	-0.22	2.74	1.00	0.00	0.16	111115
74	"12:38:13"	4050.5	0	9.48	0.291	302	3.9	1.45	22.00	6	1.42	1	2.84	20.44	22.00	19.97	399.39	366.63	0.393	11.960	1.64	49.79	199.7	1599	0	100.4	17	0.692	1.0	-0.22	2.74	1.00	0.00	0.16	111115
75	"12:38:13"	4051.0	0	9.47	0.291	302	3.9	1.45	22.00	6	1.42	1	2.84	20.44	22.00	19.97	399.40	366.65	0.393	11.960	1.64	49.79	199.7	1599	0	100.4	17	0.692	1.0	-0.22	2.74	1.00	0.00	0.16	111115
76	"12:38:14"	4051.5	0	9.48	0.291	302	3.9	1.45	22.00	6	1.42	1	2.84	20.44	22.00	19.97	399.42	366.64	0.393	11.960	1.64	49.79	199.7	1599	0	100.4	17	0.692	1.0	-0.22	2.74	1.00	0.00	0.16	111115
"12:40:49 Coolers: Tblock -> 25.00 C"
"12:50:55 Flow: Fixed -> 200 umol/s"
77	"12:52:56"	4933.5	0	9.86	0.294	297	4.68	1.72	24.84	6	1.42	1	2.84	24.81	24.84	25.04	399.55	364.81	0.407	14.257	1.30	45.51	199.7	1600	0	100.4	17.2	0.712	1.0	-0.22	2.74	1.00	0.00	0.16	111115
78	"12:52:57"	4934.0	0	9.86	0.294	297	4.68	1.72	24.84	6	1.42	1	2.84	24.81	24.84	25.04	399.55	364.81	0.407	14.257	1.30	45.51	199.7	1600	0	100.4	17.2	0.712	1.0	-0.22	2.74	1.00	0.00	0.16	111115
79	"12:52:57"	4934.5	0	9.85	0.295	297	4.68	1.72	24.84	6	1.42	1	2.84	24.81	24.84	25.04	399.54	364.82	0.407	14.258	1.30	45.51	199.7	1600	0	100.4	17.2	0.712	1.0	-0.22	2.74	1.00	0.00	0.16	111115
80	"12:52:58"	4935.5	0	9.84	0.295	298	4.68	1.72	24.84	6	1.42	1	2.84	24.81	24.84	25.04	399.49	364.81	0.408	14.259	1.30	45.51	199.7	1600	0	100.4	17.2	0.712	1.0	-0.22	2.74	1.00	0.00	0.16	111115
81	"12:52:58"	4936.0	0	9.82	0.295	298	4.68	1.72	24.84	6	1.42	1	2.84	24.82	24.84	25.04	399.46	364.82	0.408	14.260	1.30	45.51	199.7	1600	0	100.4	17.2	0.712	1.0	-0.22	2.74	1.00	0.00	0.16	111115
82	"12:52:59"	4936.5	0	9.81	0.295	298	4.68	1.72	24.83	6	1.42	1	2.84	24.81	24.83	25.04	399.44	364.83	0.408	14.260	1.30	45.52	199.7	1600	0	100.4	17.2	0.712	1.0	-0.22	2.74	1.00	0.00	0.16	111115
83	"12:52:59"	4937.0	0	9.8	0.295	298	4.68	1.72	24.83	6	1.42	1	2.84	24.81	24.83	25.04	399.42	364.84	0.407	14.260	1.30	45.52	199.7	1600	0	100.4	17.2	0.712	1.0	-0.22	2.74	1.00	0.00	0.16	111115
84	"12:53:00"	4937.5	0	9.8	0.295	298	4.68	1.72	24.83	6	1.42	1	2.84	24.81	24.83	25.04	399.42	364.84	0.408	14.261	1.30	45.52	199.7	1600	0	100.4	17.2	0.712	1.0	-0.22	2.74	1.00	0.00	0.16	111115
85	"12:53:01"	4938.0	0	9.82	0.295	298	4.68	1.72	24.83	6	1.42	1	2.84	24.81	24.83	25.04	399.46	364.82	0.408	14.262	1.30	45.52	199.7	1600	0	100.4	17.2	0.712	1.0	-0.22	2.74	1.00	0.00	0.16	111115
86	"12:53:01"	4938.5	0	9.82	0.295	298	4.68	1.72	24.83	6	1.42	1	2.84	24.81	24.83	25.04	399.46	364.82	0.408	14.261	1.30	45.52	199.7	1600	0	100.4	17.2	0.712	1.0	-0.22	2.74	1.00	0.00	0.16	111115
87	"12:53:02"	4939.0	0	9.83	0.295	298	4.68	1.72	24.83	6	1.42	1	2.84	24.81	24.83	25.04	399.49	364.83	0.408	14.261	1.30	45.52	199.7	1600	0	100.4	17.2	0.712	1.0	-0.22	2.74	1.00	0.00	0.16	111115
88	"12:53:02"	4940.0	0	9.86	0.295	297	4.68	1.72	24.83	6	1.42	1	2.84	24.81	24.83	25.04	399.53	364.78	0.408	14.261	1.30	45.52	199.7	1600	0	100.4	17.2	0.712	1.0	-0.22	2.74	1.00	0.00	0.16	111115
89	"12:53:03"	4940.5	0	9.87	0.295	297	4.68	1.72	24.83	6	1.42	1	2.84	24.81	24.83	25.04	399.57	364.77	0.408	14.263	1.30	45.53	199.7	1600	0	100.4	17.2	0.712	1.0	-0.22	2.74	1.00	0.00	0.16	111115
90	"12:53:03"	4941.0	0	9.88	0.295	297	4.68	1.72	24.83	6	1.42	1	2.84	24.82	24.83	25.04	399.59	364.78	0.408	14.264	1.30	45.53	199.7	1600	0	100.4	17.2	0.712	1.0	-0.22	2.74	1.00	0.00	0.16	111115
91	"12:53:04"	4941.5	0	9.88	0.295	297	4.68	1.72	24.83	6	1.42	1	2.84	24.82	24.83	25.04	399.59	364.77	0.408	14.263	1.30	45.52	199.7	1600	0	100.4	17.2	0.712	1.0	-0.22	2.74	1.00	0.00	0.16	111115
"12:55:14 Coolers: Tblock -> 30.00 C"
"13:04:46 Flow: Fixed -> 200 umol/s"
92	"13:07:09"	5787.0	0	10.2	0.316	296	5.73	1.97	27.61	6	1.42	1	2.84	29.22	27.61	30.12	399.59	362.74	0.426	17.351	1.05	42.75	199.6	1599	0	100.4	17.6	0.719	1.0	-0.22	2.74	1.00	0.00	0.16	111115
93	"13:07:10"	5787.5	0	10.2	0.316	296	5.73	1.97	27.61	6	1.42	1	2.84	29.22	27.61	30.12	399.60	362.76	0.426	17.352	1.05	42.75	199.6	1599	0	100.4	17.6	0.719	1.0	-0.22	2.74	1.00	0.00	0.16	111115
94	"13:07:10"	5788.0	0	10.2	0.316	296	5.73	1.97	27.61	6	1.42	1	2.84	29.22	27.61	30.12	399.55	362.77	0.427	17.351	1.05	42.75	199.6	1599	0	100.4	17.6	0.719	1.0	-0.22	2.74	1.00	0.00	0.16	111115
95	"13:07:11"	5788.5	0	10.2	0.316	296	5.73	1.97	27.61	6	1.42	1	2.84	29.22	27.61	30.12	399.54	362.77	0.427	17.350	1.05	42.74	199.7	1599	0	100.4	17.6	0.719	1.0	-0.22	2.74	1.00	0.00	0.16	111115
96	"13:07:11"	5789.0	0	10.2	0.316	296	5.73	1.97	27.61	6	1.42	1	2.84	29.22	27.61	30.12	399.55	362.79	0.427	17.351	1.05	42.75	199.7	1599	0	100.4	17.6	0.719	1.0	-0.22	2.74	1.00	0.00	0.16	111115
97	"13:07:12"	5789.5	0	10.2	0.316	296	5.73	1.97	27.60	6	1.42	1	2.84	29.22	27.60	30.12	399.55	362.78	0.427	17.352	1.05	42.75	199.7	1599	0	100.4	17.6	0.719	1.0	-0.22	2.74	1.00	0.00	0.16	111115
98	"13:07:12"	5790.0	0	10.2	0.316	296	5.73	1.97	27.60	6	1.42	1	2.84	29.22	27.60	30.12	399.55	362.76	0.427	17.352	1.05	42.75	199.7	1599	0	100.4	17.6	0.719	1.0	-0.22	2.74	1.00	0.00	0.16	111115
99	"13:07:13"	5790.0	0	10.2	0.316	296	5.73	1.97	27.60	6	1.42	1	2.84	29.22	27.60	30.12	399.55	362.76	0.427	17.352	1.05	42.75	199.7	1599	0	100.4	17.6	0.719	1.0	-0.22	2.74	1.00	0.00	0.16	111115
100	"13:07:13"	5790.5	0	10.2	0.316	296	5.73	1.97	27.60	6	1.42	1	2.84	29.22	27.60	30.12	399.55	362.77	0.427	17.354	1.05	42.75	199.7	1599	0	100.4	17.6	0.719	1.0	-0.22	2.74	1.00	0.00	0.16	111115
101	"13:07:14"	5791.0	0	10.2	0.317	296	5.73	1.97	27.60	6	1.42	1	2.84	29.22	27.60	30.12	399.54	362.77	0.427	17.356	1.05	42.76	199.6	1599	0	100.4	17.6	0.719	1.0	-0.22	2.74	1.00	0.00	0.16	111115
102	"13:07:14"	5791.5	0	10.2	0.317	296	5.73	1.97	27.60	6	1.42	1	2.84	29.22	27.60	30.12	399.52	362.75	0.427	17.355	1.05	42.75	199.7	1599	0	100.4	17.6	0.719	1.0	-0.22	2.74	1.00	0.00	0.16	111115
103	"13:07:15"	5792.0	0	10.2	0.317	296	5.73	1.97	27.60	6	1.42	1	2.84	29.22	27.60	30.12	399.54	362.76	0.427	17.357	1.05	42.76	199.7	1599	0	100.4	17.6	0.719	1.0	-0.22	2.74	1.00	0.00	0.16	111115
104	"13:07:15"	5792.5	0	10.2	0.317	296	5.73	1.97	27.60	6	1.42	1	2.84	29.23	27.60	30.12	399.57	362.74	0.427	17.358	1.05	42.76	199.7	1599	0	100.4	17.6	0.719	1.0	-0.22	2.74	1.00	0.00	0.16	111115
105	"13:07:16"	5793.0	0	10.2	0.317	296	5.73	1.96	27.60	6	1.42	1	2.84	29.22	27.60	30.12	399.56	362.74	0.427	17.358	1.05	42.76	199.7	1599	0	100.4	17.6	0.719	1.0	-0.22	2.74	1.00	0.00	0.16	111115
106	"13:07:16"	5794.0	0	10.2	0.317	296	5.74	1.96	27.60	6	1.42	1	2.84	29.23	27.60	30.12	399.58	362.75	0.427	17.359	1.05	42.77	199.7	1599	0	100.4	17.6	0.719	1.0	-0.22	2.74	1.00	0.00	0.16	111115
"13:09:20 Coolers: Tblock -> 35.00 C"
"13:18:30 Flow: Fixed -> 200 umol/s"
107	"13:19:44"	6541.0	0	10.4	0.352	297	6.97	2.16	30.03	6	1.42	1	2.84	33.45	30.03	34.99	399.53	360.68	0.453	20.953	0.88	40.58	199.6	1599	0	100.4	17.9	0.724	1.0	-0.22	2.74	1.00	0.00	0.16	111115
108	"13:19:44"	6541.5	0	10.4	0.352	297	6.97	2.16	30.02	6	1.42	1	2.84	33.45	30.02	34.99	399.57	360.67	0.453	20.953	0.88	40.58	199.6	1599	0	100.4	17.9	0.724	1.0	-0.22	2.74	1.00	0.00	0.16	111115
109	"13:19:45"	6542.0	0	10.4	0.352	297	6.97	2.16	30.02	6	1.42	1	2.84	33.45	30.02	34.99	399.61	360.68	0.453	20.955	0.88	40.58	199.6	1599	0	100.4	17.9	0.724	1.0	-0.22	2.74	1.00	0.00	0.16	111115
110	"13:19:45"	6542.5	0	10.4	0.352	297	6.97	2.16	30.01	6	1.42	1	2.84	33.45	30.01	34.99	399.63	360.69	0.453	20.956	0.88	40.59	199.6	1599	0	100.4	17.9	0.724	1.0	-0.22	2.74	1.00	0.00	0.16	111115
111	"13:19:46"	6543.0	0	10.5	0.353	297	6.97	2.16	30.01	6	1.42	1	2.84	33.45	30.01	34.99	399.67	360.69	0.453	20.958	0.88	40.59	199.6	1599	0	100.4	17.9	0.724	1.0	-0.22	2.74	1.00	0.00	0.16	111115
112	"13:19:46"	6544.0	0	10.5	0.352	297	6.97	2.16	30.01	6	1.42	1	2.84	33.46	30.01	34.99	399.66	360.69	0.453	20.959	0.88	40.59	199.6	1599	0	100.4	17.9	0.724	1.0	-0.22	2.74	1.00	0.00	0.16	111115
113	"13:19:47"	6544.5	0	10.5	0.352	297	6.97	2.16	30.01	6	1.42	1	2.84	33.46	30.01	34.99	399.69	360.71	0.453	20.961	0.88	40.59	199.6	1599	0	100.4	17.9	0.724	1.0	-0.22	2.74	1.00	0.00	0.16	111115
114	"13:19:47"	6545.0	0	10.5	0.352	297	6.97	2.16	30.02	6	1.42	1	2.84	33.46	30.02	34.99	399.70	360.72	0.453	20.963	0.88	40.60	199.6	1599	0	100.4	17.9	0.724	1.0	-0.22	2.74	1.00	0.00	0.16	111115
115	"13:19:48"	6545.5	0	10.5	0.352	297	6.97	2.16	30.02	6	1.42	1	2.84	33.46	30.02	34.99	399.70	360.71	0.453	20.964	0.88	40.60	199.6	1599	0	100.4	17.9	0.724	1.0	-0.22	2.74	1.00	0.00	0.16	111115
116	"13:19:49"	6546.0	0	10.5	0.352	297	6.97	2.16	30.02	6	1.42	1	2.84	33.46	30.02	34.99	399.69	360.70	0.454	20.964	0.88	40.60	199.6	1599	0	100.4	17.9	0.724	1.0	-0.22	2.74	1.00	0.00	0.16	111115
117	"13:19:49"	6546.5	0	10.5	0.352	297	6.97	2.16	30.02	6	1.42	1	2.84	33.46	30.02	34.99	399.68	360.68	0.454	20.964	0.88	40.60	199.6	1599	0	100.4	17.9	0.724	1.0	-0.22	2.74	1.00	0.00	0.16	111115
118	"13:19:50"	6547.0	0	10.5	0.352	297	6.97	2.16	30.02	6	1.42	1	2.84	33.46	30.02	34.99	399.66	360.67	0.454	20.965	0.88	40.60	199.7	1599	0	100.4	17.9	0.724	1.0	-0.22	2.74	1.00	0.00	0.16	111115
119	"13:19:50"	6547.5	0	10.4	0.352	297	6.97	2.16	30.03	6	1.42	1	2.84	33.46	30.03	34.99	399.63	360.68	0.454	20.966	0.88	40.60	199.7	1599	0	100.4	17.9	0.724	1.0	-0.22	2.74	1.00	0.00	0.16	111115
120	"13:19:51"	6548.0	0	10.4	0.352	297	6.97	2.16	30.03	6	1.42	1	2.84	33.46	30.03	34.99	399.64	360.68	0.453	20.966	0.88	40.60	199.7	1599	0	100.4	17.9	0.724	1.0	-0.22	2.74	1.00	0.00	0.16	111115
121	"13:19:51"	6548.5	0	10.4	0.352	297	6.97	2.16	30.03	6	1.42	1	2.84	33.46	30.03	34.99	399.63	360.69	0.454	20.966	0.88	40.60	199.7	1599	0	100.4	17.9	0.724	1.0	-0.22	2.74	1.00	0.00	0.16	111115
"13:21:14 Coolers: Tblock -> 40.00 C"
"13:31:46 Flow: Fixed -> 200 umol/s"
122	"13:33:50"	7387.5	0	10.4	0.389	298	8.45	2.39	32.54	6	1.42	1	2.84	37.94	32.54	40.06	399.44	359.02	0.493	25.262	0.75	38.21	199.6	1600	0	100.4	18.3	0.687	1.0	-0.22	2.74	1.00	0.00	0.16	111115
123	"13:33:50"	7388.0	0	10.4	0.389	298	8.45	2.39	32.54	6	1.42	1	2.84	37.94	32.54	40.06	399.47	359.01	0.493	25.261	0.75	38.21	199.6	1600	0	100.4	18.3	0.687	1.0	-0.22	2.74	1.00	0.00	0.16	111115
124	"13:33:51"	7388.5	0	10.4	0.389	298	8.45	2.39	32.54	6	1.42	1	2.84	37.94	32.54	40.06	399.47	359.01	0.494	25.262	0.75	38.21	199.6	1600	0	100.4	18.3	0.687	1.0	-0.22	2.74	1.00	0.00	0.16	111115
125	"13:33:51"	7388.5	0	10.4	0.389	298	8.45	2.39	32.54	6	1.42	1	2.84	37.94	32.54	40.06	399.47	359.01	0.494	25.262	0.75	38.21	199.6	1600	0	100.4	18.3	0.687	1.0	-0.22	2.74	1.00	0.00	0.16	111115
126	"13:33:52"	7389.0	0	10.4	0.389	298	8.45	2.39	32.54	6	1.42	1	2.84	37.94	32.54	40.06	399.48	359.02	0.494	25.265	0.75	38.22	199.6	1600	0	100.4	18.3	0.687	1.0	-0.22	2.74	1.00	0.00	0.16	111115
127	"13:33:52"	7389.5	0	10.4	0.389	298	8.45	2.39	32.54	6	1.42	1	2.84	37.94	32.54	40.06	399.50	359.00	0.494	25.266	0.75	38.22	199.6	1600	0	100.4	18.3	0.687	1.0	-0.22	2.74	1.00	0.00	0.16	111115
128	"13:33:52"	7389.5	0	10.4	0.389	298	8.45	2.39	32.54	6	1.42	1	2.84	37.94	32.54	40.06	399.50	359.00	0.494	25.266	0.75	38.22	199.6	1600	0	100.4	18.3	0.687	1.0	-0.22	2.74	1.00	0.00	0.16	111115
129	"13:33:53"	7390.0	0	10.4	0.389	298	8.46	2.39	32.54	6	1.42	1	2.84	37.94	32.54	40.06	399.52	359.02	0.493	25.266	0.75	38.22	199.6	1600	0	100.4	18.3	0.687	1.0	-0.22	2.74	1.00	0.00	0.16	111115
130	"13:33:53"	7390.5	0	10.4	0.389	298	8.46	2.39	32.54	6	1.42	1	2.84	37.93	32.54	40.06	399.54	359.01	0.494	25.265	0.75	38.22	199.6	1600	0	100.4	18.3	0.687	1.0	-0.22	2.74	1.00	0.00	0.16	111115
131	"13:33:54"	7391.0	0	10.4	0.389	298	8.46	2.39	32.54	6	1.42	1	2.84	37.93	32.54	40.06	399.48	359.00	0.493	25.265	0.75	38.23	199.6	1600	0	100.4	18.3	0.687	1.0	-0.22	2.74	1.00	0.00	0.16	111115
132	"13:33:54"	7391.5	0	10.4	0.389	298	8.46	2.39	32.54	6	1.42	1	2.84	37.93	32.54	40.06	399.45	358.99	0.493	25.266	0.75	38.23	199.7	1600	0	100.4	18.3	0.687	1.0	-0.22	2.74	1.00	0.00	0.16	111115
133	"13:33:55"	7392.0	0	10.4	0.389	298	8.46	2.39	32.55	6	1.42	1	2.84	37.93	32.55	40.06	399.40	358.99	0.493	25.268	0.75	38.23	199.7	1600	0	100.4	18.3	0.687	1.0	-0.22	2.74	1.00	0.00	0.16	111115
134	"13:33:55"	7392.5	0	10.4	0.389	298	8.46	2.39	32.55	6	1.42	1	2.84	37.93	32.55	40.06	399.41	359.00	0.494	25.268	0.75	38.23	199.7	1600	0	100.4	18.3	0.687	1.0	-0.22	2.74	1.00	0.00	0.16	111115
135	"13:33:56"	7393.0	0	10.4	0.389	298	8.46	2.39	32.55	6	1.42	1	2.84	37.93	32.55	40.06	399.42	359.01	0.494	25.268	0.75	38.23	199.7	1600	0	100.4	18.3	0.687	1.0	-0.22	2.74	1.00	0.00	0.16	111115
136	"13:33:56"	7393.5	0	10.4	0.389	298	8.46	2.39	32.55	6	1.42	1	2.84	37.93	32.55	40.06	399.42	359.02	0.494	25.267	0.75	38.23	199.7	1600	0	100.4	18.3	0.687	1.0	-0.22	2.74	1.00	0.00	0.16	111115
"13:35:14 Coolers: Tblock -> 45.00 C"
"13:53:02 Flow: Fixed -> 200 umol/s"
137	"13:54:30"	8627.5	0	9.92	0.432	304	10.1	2.59	34.86	6	1.42	1	2.84	42.51	34.86	45.13	400.70	359.95	0.580	30.065	0.69	35.63	199.7	1600	0	100.4	19.1	0.597	1.0	-0.22	2.74	1.00	0.00	0.16	111115
138	"13:54:30"	8628.0	0	9.91	0.433	305	10.1	2.59	34.86	6	1.42	1	2.84	42.51	34.86	45.13	400.71	359.99	0.580	30.065	0.69	35.64	199.6	1600	0	100.4	19.1	0.597	1.0	-0.22	2.74	1.00	0.00	0.16	111115
139	"13:54:31"	8628.5	0	9.92	0.433	305	10.1	2.59	34.86	6	1.42	1	2.84	42.51	34.86	45.13	400.74	359.98	0.581	30.067	0.69	35.64	199.7	1600	0	100.4	19.1	0.597	1.0	-0.22	2.74	1.00	0.00	0.16	111115
140	"13:54:31"	8629.0	0	9.91	0.433	305	10.1	2.58	34.85	6	1.42	1	2.84	42.51	34.85	45.13	400.73	360.00	0.581	30.067	0.69	35.64	199.7	1600	0	100.4	19.1	0.597	1.0	-0.22	2.74	1.00	0.00	0.16	111115
141	"13:54:32"	8629.5	0	9.92	0.434	305	10.1	2.58	34.85	6	1.42	1	2.84	42.51	34.85	45.13	400.74	359.99	0.581	30.067	0.69	35.64	199.7	1600	0	100.4	19.1	0.597	1.0	-0.22	2.74	1.00	0.00	0.16	111115
142	"13:54:32"	8630.0	0	9.92	0.434	305	10.1	2.58	34.84	6	1.42	1	2.84	42.51	34.84	45.13	400.74	360.00	0.581	30.067	0.69	35.64	199.7	1600	0	100.4	19.1	0.597	1.0	-0.22	2.74	1.00	0.00	0.16	111115
143	"13:54:33"	8630.5	0	9.93	0.434	305	10.1	2.58	34.83	6	1.42	1	2.84	42.51	34.83	45.13	400.77	360.00	0.581	30.066	0.69	35.64	199.7	1600	0	100.4	19.1	0.597	1.0	-0.22	2.74	1.00	0.00	0.16	111115
144	"13:54:33"	8631.0	0	9.95	0.435	305	10.1	2.58	34.83	6	1.42	1	2.84	42.51	34.83	45.13	400.82	359.98	0.581	30.066	0.69	35.64	199.7	1600	0	100.4	19.1	0.597	1.0	-0.22	2.74	1.00	0.00	0.16	111115
145	"13:54:34"	8631.5	0	9.96	0.435	305	10.1	2.58	34.82	6	1.42	1	2.84	42.51	34.82	45.13	400.85	360.00	0.581	30.067	0.69	35.64	199.7	1600	0	100.4	19.1	0.597	1.0	-0.22	2.74	1.00	0.00	0.16	111115
146	"13:54:34"	8632.0	0	9.97	0.435	305	10.1	2.57	34.82	6	1.42	1	2.84	42.51	34.82	45.13	400.90	359.99	0.581	30.068	0.69	35.64	199.7	1600	0	100.4	19.1	0.597	1.0	-0.22	2.74	1.00	0.00	0.16	111115
147	"13:54:35"	8632.5	0	9.96	0.435	305	10.1	2.57	34.82	6	1.42	1	2.84	42.51	34.82	45.13	400.86	359.99	0.581	30.066	0.69	35.64	199.7	1600	0	100.4	19.1	0.597	1.0	-0.22	2.74	1.00	0.00	0.16	111115
148	"13:54:35"	8633.0	0	9.95	0.435	305	10.1	2.58	34.82	6	1.42	1	2.84	42.51	34.82	45.13	400.82	359.98	0.582	30.066	0.69	35.64	199.7	1600	0	100.4	19.1	0.597	1.0	-0.22	2.74	1.00	0.00	0.16	111115
149	"13:54:36"	8633.5	0	9.93	0.435	305	10.1	2.58	34.82	6	1.42	1	2.84	42.51	34.82	45.13	400.79	360.00	0.582	30.064	0.69	35.64	199.7	1600	0	100.4	19.1	0.597	1.0	-0.22	2.74	1.00	0.00	0.16	111115
150	"13:54:36"	8634.0	0	9.9	0.435	305	10.1	2.58	34.83	6	1.42	1	2.84	42.51	34.83	45.13	400.72	360.02	0.582	30.064	0.69	35.63	199.7	1600	0	100.4	19.1	0.597	1.0	-0.22	2.74	1.00	0.00	0.16	111115
151	"13:54:37"	8634.5	0	9.88	0.435	305	10.1	2.58	34.83	6	1.42	1	2.84	42.51	34.83	45.13	400.65	360.04	0.581	30.065	0.69	35.63	199.7	1600	0	100.4	19.1	0.597	1.0	-0.22	2.74	1.00	0.00	0.16	111115
"13:56:03 Coolers: Tblock -> 50.00 C"
"14:14:22 Flow: Fixed -> 200 umol/s"
152	"14:15:36"	9894.0	0	8.66	0.492	314	11.9	2.7	36.77	6	1.42	1	2.84	46.79	36.77	49.81	400.13	361.25	0.719	35.104	0.68	33.35	199.7	1600	0	100.3	20.1	0.506	1.0	-0.22	2.74	1.00	0.00	0.16	111115
153	"14:15:36"	9894.5	0	8.66	0.492	314	11.9	2.7	36.77	6	1.42	1	2.84	46.79	36.77	49.81	400.15	361.27	0.719	35.105	0.68	33.35	199.7	1600	0	100.3	20.1	0.506	1.0	-0.22	2.74	1.00	0.00	0.16	111115
154	"14:15:37"	9895.5	0	8.64	0.491	314	11.9	2.7	36.77	6	1.42	1	2.84	46.79	36.77	49.81	400.10	361.28	0.719	35.102	0.68	33.35	199.7	1600	0	100.3	20.1	0.506	1.0	-0.22	2.74	1.00	0.00	0.16	111115
155	"14:15:38"	9896.0	0	8.64	0.491	314	11.9	2.7	36.77	6	1.42	1	2.84	46.79	36.77	49.81	400.11	361.26	0.719	35.101	0.68	33.34	199.7	1600	0	100.3	20.1	0.506	1.0	-0.22	2.74	1.00	0.00	0.16	111115
156	"14:15:38"	9896.5	0	8.65	0.491	314	11.9	2.7	36.77	6	1.42	1	2.84	46.79	36.77	49.81	400.11	361.25	0.719	35.101	0.68	33.34	199.7	1600	0	100.3	20.1	0.506	1.0	-0.22	2.74	1.00	0.00	0.16	111115
157	"14:15:39"	9897.0	0	8.66	0.491	314	11.9	2.7	36.77	6	1.42	1	2.84	46.79	36.77	49.81	400.15	361.27	0.719	35.101	0.68	33.34	199.7	1600	0	100.3	20.1	0.506	1.0	-0.22	2.74	1.00	0.00	0.16	111115
158	"14:15:39"	9897.0	0	8.66	0.491	314	11.9	2.7	36.77	6	1.42	1	2.84	46.79	36.77	49.81	400.15	361.27	0.719	35.101	0.68	33.34	199.7	1600	0	100.3	20.1	0.506	1.0	-0.22	2.74	1.00	0.00	0.16	111115
159	"14:15:40"	9897.5	0	8.66	0.491	314	11.9	2.7	36.77	6	1.42	1	2.84	46.79	36.77	49.81	400.15	361.27	0.719	35.102	0.68	33.34	199.7	1600	0	100.3	20.1	0.506	1.0	-0.22	2.74	1.00	0.00	0.16	111115
160	"14:15:41"	9898.5	0	8.66	0.491	314	11.9	2.7	36.77	6	1.42	1	2.84	46.79	36.77	49.81	400.20	361.30	0.718	35.105	0.68	33.34	199.7	1599	0	100.3	20.1	0.506	1.0	-0.22	2.74	1.00	0.00	0.16	111115
161	"14:15:41"	9899.0	0	8.68	0.491	314	11.9	2.7	36.77	6	1.42	1	2.84	46.79	36.77	49.81	400.24	361.29	0.718	35.106	0.68	33.35	199.7	1599	0	100.3	20.1	0.506	1.0	-0.22	2.74	1.00	0.00	0.16	111115
162	"14:15:42"	9899.5	0	8.69	0.491	314	11.9	2.7	36.77	6	1.42	1	2.84	46.79	36.77	49.81	400.28	361.29	0.719	35.106	0.68	33.35	199.7	1599	0	100.3	20.1	0.506	1.0	-0.22	2.74	1.00	0.00	0.16	111115
163	"14:15:42"	9900.0	0	8.7	0.491	314	11.9	2.71	36.78	6	1.42	1	2.84	46.79	36.78	49.81	400.30	361.28	0.718	35.107	0.68	33.35	199.8	1599	0	100.3	20.1	0.506	1.0	-0.22	2.74	1.00	0.00	0.16	111115
164	"14:15:43"	9900.5	0	8.72	0.491	314	11.9	2.71	36.78	6	1.42	1	2.84	46.79	36.78	49.81	400.34	361.28	0.719	35.109	0.68	33.35	199.8	1599	0	100.3	20.1	0.506	1.0	-0.22	2.74	1.00	0.00	0.16	111115
165	"14:15:43"	9901.0	0	8.71	0.491	314	11.9	2.71	36.78	6	1.42	1	2.84	46.79	36.78	49.81	400.29	361.26	0.719	35.109	0.68	33.35	199.7	1599	0	100.3	20.1	0.506	1.0	-0.22	2.74	1.00	0.00	0.16	111115
166	"14:15:44"	9901.5	0	8.7	0.491	314	11.9	2.71	36.78	6	1.42	1	2.84	46.79	36.78	49.81	400.29	361.28	0.719	35.110	0.68	33.35	199.7	1599	0	100.3	20.1	0.506	1.0	-0.22	2.74	1.00	0.00	0.16	111115
"14:18:15 Coolers: Tblock -> 20.00 C"
