"OPEN 6.1.4"
"Sun Feb  6 2106 04:00:35"
<open><version>"6.1.4"</version></open>
<open><configfile>"/User/Configs/UserPrefs/LED2x3.xml"</configfile></open>
<open><light><source>"6400-02 or -02B LED Source"</source><par_in>1 <sensor>"SI-2541"<cal>-0.81<actinity>1.00</actinity><transm>1.00</transm></cal></sensor><transm>1 </transm></par_in><par_out>1 <sensor>"Q40855"<cal>6.35 </cal></sensor></par_out></light></open>
<open><comps><file>"/User/Configs/Comps/StdComps_6.1"<header>""</header><extras></extras></file><energybal>no<f_parIn>1 </f_parIn><f_parOut>0 </f_parOut><alphaK>0.16</alphaK></energybal><bc_total>2.840<stomatal_ratio>1</stomatal_ratio><bc_oneside>1.420<type>2 </type><table>"/Sys/Lib/StdBLCTable"</table><area>6</area><slope>-0.219565 </slope><offset>2.73739 </offset><fan>5 </fan></bc_oneside></bc_total></comps></open>
<open><prompts><onlog>off</onlog><items>"Default (none)"</items></prompts></open>
<open><constants><oxygen>21 %</oxygen><bb_vapor>1.5 </bb_vapor><bb_oxy>0.9 </bb_oxy></constants></open>
<open><stability><items>"Std Stability"<items[1]><id>-2 </id><size>15 </size><pcv><onoff>0 </onoff><value>1 </value></pcv><std><onoff>0 </onoff><value>1 </value></std><slp><onoff>1 </onoff><value>1 </value></slp></items[1]><items[2]><id>-5 </id><size>15 </size><pcv><onoff>0 </onoff><value>1 </value></pcv><std><onoff>0 </onoff><value>1 </value></std><slp><onoff>1 </onoff><value>1 </value></slp></items[2]><items[3]><id>-7 </id><size>15 </size><pcv><onoff>0 </onoff><value>1 </value></pcv><std><onoff>0 </onoff><value>1 </value></std><slp><onoff>1 </onoff><value>1 </value></slp></items[3]></items></stability></open>
<open><log><format>"StdLogFmt_6.0"<items>{ -35  -21  -36  -76  30  23  36  21  25  221  -33  111  -34  11  -9  -10  -8  -1  -2  -4  -5  -14  -15  -7  -12  -13  -11  -65  -66  -72  -18  -19  -77  -78  -79  -23   }<hdr>{  }</hdr></items></format><options><beep>on</beep><hdr>normal</hdr><rem>normal</rem><stab>no</stab><stats>no<period>15 </period></stats><excel>yes</excel><comm>no</comm></options><datafile>"/User/jcg_gash_4"</datafile><button><action>"Normal Log"<code>" LogOneObsManual "</code></action></button><autoprog>"/User/Configs/AutoProgs/AutoLog"<active>no</active></autoprog></log></open>
<open><a2d><avgtime>4.0 secs</avgtime><userchans><ch20>"Off"</ch20><ch21>"Off"</ch21><ch22>"Off"</ch22><ch23>"Off"</ch23></userchans></a2d></open>
<open><matching><type>0 </type><disp>'a'</disp><settings><CO2Limit>10.0</CO2Limit><H2OLimit>1.0</H2OLimit><MaxAutoTime>60 </MaxAutoTime></settings></matching></open>
<li6400><factory><unit>"PSC-2519"</unit><serviced>"1 Aug 2013"</serviced><fuseaware>0 </fuseaware><co2mixer>yes</co2mixer><co2><coeffs>{ 0  0.217817  1.90936e-05  2.56335e-08  -5.21136e-12  5.14133e-16   }</coeffs><dvdt>-3.1 </dvdt><xs>{ 0.0008  -0.0006   }</xs></co2><h2o><coeffs>{ 0  0.00577826  2.21643e-06  -7.00029e-12   }</coeffs><dvdt>-2.3 </dvdt><xs>{ -0.0051  0.0023   }</xs></h2o><flow>{ 0  0.3744   }</flow><press>{ 86.571  0.0055   }</press></factory></li6400>
<li6400><user><flow_zero>-277.5</flow_zero><irga_zero><co2>1165.9 853.8<at>28.8058 </at></co2><h2o>1360.9 1555.9<at>30.0013 </at></h2o></irga_zero><irga_span><co2>{ 1.016  1.01529   }</co2><h2o>{ 1.05479  1.08601   }</h2o></irga_span><irga_match><co2>{ 0.17117  -7.66908   }</co2><h2o>{ -0.036676  0.221313   }</h2o></irga_match><co2_mixer><pump_mv>4500 </pump_mv><ppm>{ 2127.98  1010.65  388.241  227.934  94.9201  47.1748  34.635  32.3342   }</ppm><mv>{ 5000  3000  1500  1000  500  300  200  100   }</mv></co2_mixer><parin_offset>-0.120314 </parin_offset><led_cal><unit>"SI-2541"</unit><mv>{ 10  25  50  100  1000  2000  3000  4000  5000   }</mv><qntm>{ 2.01301  8.80926  21.163  50.9379  635.024  1268.62  1868.91  2441.75  2980.87   }</qntm></led_cal><lcf_cal><unit>"LCF-1015"</unit><red><mv>{ 50  100  200  400  800  1500   }</mv><qntm>{ 63.946  145.991  315.029  669.142  1387.95  2639.5   }</qntm></red><blue><mv>{ 100  500  1000  2000  3000  4000  5000   }</mv><qntm>{ 8.52557  37.8843  71.6104  129.288  182.615  231.294  272.803   }</qntm></blue></lcf_cal></user></li6400>
"04:00:36 "
$STARTOFDATA$
"Obs"	"HHMMSS"	"FTime"	"EBal?"	"Photo"	"Cond"	"Ci"	"Trmmol"	"VpdL"	"CTleaf"	"Area"	"BLC_1"	"StmRat"	"BLCond"	"Tair"	"Tleaf"	"TBlk"	"CO2R"	"CO2S"	"H2OR"	"H2OS"	"RH_R"	"RH_S"	"Flow"	"PARi"	"PARo"	"Press"	"CsMch"	"HsMch"	"StableF"	"BLCslope"	"BLCoffst"	"f_parin"	"f_parout"	"alphaK"	"Status"
1	"04:24:12"	1421.0	0	2.41	0.0248	229	0.331	1.36	14.28	6	1.42	1	2.84	9.20	14.28	7.04	399.45	391.84	1.698	2.686	14.85	23.49	200.3	1600	7	102.2	-7.2	0.263	1.0	-0.22	2.74	1.00	0.00	0.16	111115
2	"04:24:13"	1422.0	0	2.4	0.0249	230	0.331	1.36	14.28	6	1.42	1	2.84	9.20	14.28	7.04	399.43	391.85	1.698	2.687	14.84	23.49	200.3	1600	7	102.2	-7.2	0.263	1.0	-0.22	2.74	1.00	0.00	0.16	111115
3	"04:24:14"	1423.0	0	2.4	0.0249	230	0.331	1.36	14.27	6	1.42	1	2.84	9.21	14.27	7.04	399.45	391.86	1.698	2.687	14.84	23.49	200.3	1600	7	102.2	-7.2	0.263	1.0	-0.22	2.74	1.00	0.00	0.16	111115
4	"04:24:15"	1423.5	0	2.4	0.0249	230	0.331	1.36	14.26	6	1.42	1	2.84	9.21	14.26	7.04	399.46	391.88	1.697	2.687	14.84	23.49	200.3	1600	7	102.2	-7.2	0.263	1.0	-0.22	2.74	1.00	0.00	0.16	111115
5	"04:24:16"	1424.5	0	2.41	0.025	230	0.331	1.36	14.24	6	1.42	1	2.84	9.21	14.24	7.04	399.48	391.88	1.697	2.687	14.84	23.49	200.3	1600	7	102.2	-7.2	0.263	1.0	-0.22	2.74	1.00	0.00	0.16	111115
6	"04:24:17"	1425.5	0	2.4	0.025	230	0.331	1.35	14.24	6	1.42	1	2.84	9.21	14.24	7.04	399.46	391.90	1.698	2.687	14.84	23.49	200.4	1600	7	102.2	-7.2	0.263	1.0	-0.22	2.74	1.00	0.00	0.16	111115
7	"04:24:18"	1426.0	0	2.4	0.025	230	0.331	1.35	14.24	6	1.42	1	2.84	9.21	14.24	7.04	399.46	391.89	1.698	2.687	14.84	23.49	200.4	1600	7	102.2	-7.2	0.263	1.0	-0.22	2.74	1.00	0.00	0.16	111115
8	"04:24:18"	1427.0	0	2.39	0.025	231	0.331	1.36	14.24	6	1.42	1	2.84	9.21	14.24	7.04	399.42	391.89	1.698	2.687	14.84	23.49	200.4	1600	7	102.2	-7.2	0.263	1.0	-0.22	2.74	1.00	0.00	0.16	111115
9	"04:24:19"	1427.5	0	2.38	0.0249	231	0.331	1.36	14.25	6	1.42	1	2.84	9.21	14.25	7.04	399.38	391.87	1.698	2.687	14.84	23.49	200.4	1600	7	102.2	-7.2	0.263	1.0	-0.22	2.74	1.00	0.00	0.16	111115
10	"04:24:20"	1428.5	0	2.38	0.0249	231	0.331	1.36	14.27	6	1.42	1	2.84	9.21	14.27	7.04	399.39	391.88	1.698	2.688	14.84	23.50	200.3	1600	7	102.2	-7.2	0.263	1.0	-0.22	2.74	1.00	0.00	0.16	111115
11	"04:24:21"	1429.5	0	2.4	0.0249	230	0.331	1.36	14.28	6	1.42	1	2.84	9.21	14.28	7.04	399.44	391.87	1.698	2.688	14.84	23.50	200.3	1600	7	102.2	-7.2	0.263	1.0	-0.22	2.74	1.00	0.00	0.16	111115
12	"04:24:22"	1430.0	0	2.41	0.0249	229	0.331	1.36	14.28	6	1.42	1	2.84	9.21	14.28	7.04	399.47	391.87	1.698	2.688	14.84	23.50	200.3	1600	7	102.2	-7.2	0.263	1.0	-0.22	2.74	1.00	0.00	0.16	111115
13	"04:24:22"	1431.0	0	2.44	0.0249	227	0.331	1.36	14.28	6	1.42	1	2.84	9.20	14.28	7.04	399.53	391.83	1.697	2.687	14.84	23.50	200.3	1600	7	102.2	-7.2	0.263	1.0	-0.22	2.74	1.00	0.00	0.16	111115
14	"04:24:23"	1431.5	0	2.44	0.0249	227	0.331	1.36	14.28	6	1.42	1	2.84	9.20	14.28	7.04	399.56	391.85	1.698	2.687	14.84	23.50	200.3	1600	7	102.2	-7.2	0.263	1.0	-0.22	2.74	1.00	0.00	0.16	111115
15	"04:24:24"	1432.5	0	2.45	0.0249	227	0.331	1.36	14.27	6	1.42	1	2.84	9.20	14.27	7.04	399.53	391.82	1.697	2.687	14.84	23.49	200.3	1600	7	102.2	-7.2	0.263	1.0	-0.22	2.74	1.00	0.00	0.16	111115
16	"04:39:44"	2352.5	0	2.92	0.0297	224	0.502	1.72	18.40	6	1.42	1	2.84	14.59	18.40	13.09	400.33	391.00	2.409	3.907	14.77	23.95	200.3	1599	7	102.2	-7.32	0.244	1.0	-0.22	2.74	1.00	0.00	0.16	111115
17	"04:39:45"	2353.5	0	2.91	0.0297	225	0.502	1.72	18.39	6	1.42	1	2.84	14.59	18.39	13.09	400.31	391.02	2.409	3.906	14.77	23.95	200.3	1599	7	102.2	-7.32	0.244	1.0	-0.22	2.74	1.00	0.00	0.16	111115
18	"04:39:46"	2354.5	0	2.89	0.0297	225	0.502	1.72	18.39	6	1.42	1	2.84	14.59	18.39	13.09	400.28	391.03	2.409	3.906	14.77	23.95	200.3	1599	7	102.2	-7.32	0.244	1.0	-0.22	2.74	1.00	0.00	0.16	111115
19	"04:39:47"	2355.5	0	2.88	0.0297	226	0.502	1.72	18.38	6	1.42	1	2.84	14.59	18.38	13.09	400.27	391.05	2.408	3.906	14.77	23.95	200.3	1599	7	102.2	-7.32	0.244	1.0	-0.22	2.74	1.00	0.00	0.16	111115
20	"04:39:48"	2356.0	0	2.88	0.0297	226	0.502	1.72	18.37	6	1.42	1	2.84	14.59	18.37	13.09	400.27	391.05	2.409	3.906	14.77	23.95	200.3	1599	7	102.2	-7.32	0.244	1.0	-0.22	2.74	1.00	0.00	0.16	111115
21	"04:39:49"	2357.0	0	2.9	0.0297	225	0.502	1.72	18.37	6	1.42	1	2.84	14.59	18.37	13.09	400.31	391.05	2.409	3.906	14.77	23.95	200.3	1599	7	102.2	-7.32	0.244	1.0	-0.22	2.74	1.00	0.00	0.16	111115
22	"04:39:50"	2358.0	0	2.92	0.0297	224	0.502	1.72	18.38	6	1.42	1	2.84	14.59	18.38	13.09	400.36	391.02	2.409	3.906	14.77	23.94	200.3	1599	7	102.2	-7.32	0.244	1.0	-0.22	2.74	1.00	0.00	0.16	111115
23	"04:39:50"	2358.5	0	2.92	0.0297	224	0.502	1.72	18.38	6	1.42	1	2.84	14.59	18.38	13.09	400.35	391.03	2.409	3.906	14.77	23.94	200.3	1599	7	102.2	-7.32	0.244	1.0	-0.22	2.74	1.00	0.00	0.16	111115
24	"04:39:51"	2359.5	0	2.92	0.0297	224	0.502	1.72	18.38	6	1.42	1	2.84	14.59	18.38	13.09	400.35	391.03	2.409	3.906	14.77	23.94	200.3	1599	7	102.2	-7.32	0.244	1.0	-0.22	2.74	1.00	0.00	0.16	111115
25	"04:39:52"	2360.5	0	2.91	0.0297	225	0.502	1.72	18.38	6	1.42	1	2.84	14.59	18.38	13.09	400.33	391.04	2.409	3.905	14.76	23.94	200.3	1599	7	102.2	-7.32	0.244	1.0	-0.22	2.74	1.00	0.00	0.16	111115
26	"04:39:53"	2361.0	0	2.9	0.0297	225	0.502	1.72	18.37	6	1.42	1	2.84	14.59	18.37	13.09	400.31	391.04	2.409	3.906	14.77	23.94	200.3	1599	7	102.2	-7.32	0.244	1.0	-0.22	2.74	1.00	0.00	0.16	111115
27	"04:39:54"	2362.0	0	2.88	0.0297	226	0.502	1.72	18.37	6	1.42	1	2.84	14.59	18.37	13.09	400.29	391.06	2.409	3.906	14.77	23.94	200.3	1599	7	102.2	-7.32	0.244	1.0	-0.22	2.74	1.00	0.00	0.16	111115
28	"04:39:55"	2363.0	0	2.89	0.0297	226	0.502	1.72	18.36	6	1.42	1	2.84	14.59	18.36	13.09	400.31	391.06	2.410	3.906	14.77	23.94	200.3	1599	7	102.2	-7.32	0.244	1.0	-0.22	2.74	1.00	0.00	0.16	111115
29	"04:39:55"	2363.5	0	2.9	0.0298	226	0.502	1.72	18.36	6	1.42	1	2.84	14.59	18.36	13.09	400.32	391.05	2.409	3.906	14.77	23.94	200.3	1599	7	102.2	-7.32	0.244	1.0	-0.22	2.74	1.00	0.00	0.16	111115
30	"04:39:56"	2364.5	0	2.89	0.0297	226	0.502	1.72	18.37	6	1.42	1	2.84	14.59	18.37	13.09	400.32	391.07	2.410	3.907	14.77	23.95	200.3	1599	7	102.2	-7.32	0.244	1.0	-0.22	2.74	1.00	0.00	0.16	111115
31	"04:56:05"	3333.0	0	3.1	0.0301	213	0.653	2.21	22.63	6	1.42	1	2.84	19.90	22.63	19.14	400.24	390.19	3.426	5.373	15.01	23.54	200.2	1599	7	102.2	-7.51	0.212	0.7	-0.22	2.74	1.00	0.00	0.16	111115
32	"04:56:06"	3334.0	0	3.1	0.0301	213	0.653	2.21	22.62	6	1.42	1	2.84	19.90	22.62	19.14	400.24	390.19	3.427	5.373	15.01	23.54	200.2	1599	7	102.2	-7.51	0.212	1.0	-0.22	2.74	1.00	0.00	0.16	111115
33	"04:56:06"	3334.5	0	3.11	0.03	212	0.653	2.21	22.62	6	1.42	1	2.84	19.90	22.62	19.14	400.27	390.19	3.427	5.373	15.01	23.54	200.2	1599	7	102.2	-7.51	0.212	1.0	-0.22	2.74	1.00	0.00	0.16	111115
34	"04:56:07"	3335.5	0	3.12	0.0301	212	0.653	2.21	22.63	6	1.42	1	2.84	19.90	22.63	19.14	400.30	390.18	3.427	5.373	15.01	23.54	200.3	1599	7	102.2	-7.51	0.212	1.0	-0.22	2.74	1.00	0.00	0.16	111115
35	"04:56:08"	3336.0	0	3.12	0.0301	212	0.653	2.21	22.63	6	1.42	1	2.84	19.90	22.63	19.14	400.29	390.20	3.427	5.373	15.01	23.54	200.3	1599	7	102.2	-7.51	0.212	1.0	-0.22	2.74	1.00	0.00	0.16	111115
36	"04:56:08"	3337.0	0	3.14	0.03	211	0.653	2.21	22.63	6	1.42	1	2.84	19.90	22.63	19.14	400.34	390.17	3.427	5.373	15.01	23.53	200.3	1599	7	102.2	-7.51	0.212	1.0	-0.22	2.74	1.00	0.00	0.16	111115
37	"04:56:09"	3337.5	0	3.14	0.0301	211	0.653	2.21	22.63	6	1.42	1	2.84	19.90	22.63	19.14	400.34	390.18	3.427	5.373	15.01	23.54	200.3	1599	7	102.2	-7.51	0.212	1.0	-0.22	2.74	1.00	0.00	0.16	111115
38	"04:56:10"	3338.0	0	3.14	0.0301	211	0.653	2.21	22.63	6	1.42	1	2.84	19.90	22.63	19.14	400.35	390.18	3.427	5.373	15.01	23.54	200.3	1599	7	102.2	-7.51	0.212	1.0	-0.22	2.74	1.00	0.00	0.16	111115
39	"04:56:10"	3339.0	0	3.13	0.03	211	0.653	2.21	22.62	6	1.42	1	2.84	19.90	22.62	19.14	400.31	390.17	3.428	5.372	15.02	23.53	200.3	1599	7	102.2	-7.51	0.212	1.0	-0.22	2.74	1.00	0.00	0.16	111115
40	"04:56:11"	3339.5	0	3.13	0.03	211	0.653	2.21	22.62	6	1.42	1	2.84	19.90	22.62	19.14	400.29	390.16	3.427	5.372	15.01	23.53	200.3	1599	7	102.2	-7.51	0.212	1.0	-0.22	2.74	1.00	0.00	0.16	111115
41	"04:56:12"	3340.0	0	3.13	0.03	211	0.653	2.21	22.62	6	1.42	1	2.84	19.90	22.62	19.14	400.30	390.16	3.427	5.372	15.01	23.53	200.3	1599	7	102.2	-7.51	0.212	1.0	-0.22	2.74	1.00	0.00	0.16	111115
42	"04:56:12"	3341.0	0	3.13	0.03	211	0.653	2.21	22.63	6	1.42	1	2.84	19.90	22.63	19.14	400.29	390.15	3.427	5.372	15.01	23.53	200.3	1599	7	102.2	-7.51	0.212	1.0	-0.22	2.74	1.00	0.00	0.16	111115
43	"04:56:13"	3341.5	0	3.14	0.03	211	0.653	2.21	22.63	6	1.42	1	2.84	19.90	22.63	19.14	400.29	390.13	3.427	5.372	15.01	23.53	200.3	1599	7	102.2	-7.51	0.212	1.0	-0.22	2.74	1.00	0.00	0.16	111115
44	"04:56:14"	3342.5	0	3.15	0.03	210	0.653	2.21	22.63	6	1.42	1	2.84	19.90	22.63	19.14	400.35	390.14	3.426	5.373	15.01	23.54	200.3	1599	7	102.2	-7.51	0.212	1.0	-0.22	2.74	1.00	0.00	0.16	111115
45	"04:56:15"	3343.0	0	3.15	0.0301	210	0.654	2.21	22.63	6	1.42	1	2.84	19.90	22.63	19.14	400.35	390.14	3.426	5.373	15.01	23.54	200.3	1599	7	102.2	-7.51	0.212	1.0	-0.22	2.74	1.00	0.00	0.16	111115
46	"05:11:59"	4288.0	0	2.86	0.0246	191	0.681	2.79	26.47	6	1.42	1	2.84	25.03	26.47	25.00	399.62	390.27	4.629	6.655	14.85	21.34	200.3	1600	7	102.1	-7.63	0.186	1.0	-0.22	2.74	1.00	0.00	0.16	111115
47	"05:12:00"	4289.0	0	2.86	0.0246	190	0.681	2.79	26.47	6	1.42	1	2.84	25.03	26.47	25.00	399.63	390.28	4.629	6.655	14.84	21.34	200.3	1600	7	102.1	-7.63	0.186	1.0	-0.22	2.74	1.00	0.00	0.16	111115
48	"05:12:01"	4290.0	0	2.86	0.0247	190	0.681	2.79	26.46	6	1.42	1	2.84	25.03	26.46	25.00	399.63	390.26	4.628	6.655	14.84	21.34	200.3	1600	7	102.1	-7.63	0.186	1.0	-0.22	2.74	1.00	0.00	0.16	111115
49	"05:12:02"	4291.0	0	2.85	0.0247	191	0.681	2.79	26.46	6	1.42	1	2.84	25.03	26.46	25.00	399.60	390.26	4.628	6.655	14.84	21.34	200.3	1600	7	102.1	-7.63	0.186	1.0	-0.22	2.74	1.00	0.00	0.16	111115
50	"05:12:03"	4292.0	0	2.85	0.0247	191	0.681	2.79	26.46	6	1.42	1	2.84	25.03	26.46	25.00	399.60	390.27	4.628	6.655	14.84	21.34	200.3	1600	7	102.1	-7.63	0.186	1.0	-0.22	2.74	1.00	0.00	0.16	111115
51	"05:12:04"	4293.0	0	2.85	0.0247	191	0.681	2.79	26.46	6	1.42	1	2.84	25.03	26.46	25.00	399.59	390.27	4.628	6.655	14.84	21.34	200.3	1600	6	102.1	-7.63	0.186	1.0	-0.22	2.74	1.00	0.00	0.16	111115
52	"05:12:05"	4294.0	0	2.85	0.0246	191	0.681	2.79	26.46	6	1.42	1	2.84	25.03	26.46	25.00	399.61	390.29	4.628	6.654	14.84	21.34	200.3	1600	7	102.1	-7.63	0.186	1.0	-0.22	2.74	1.00	0.00	0.16	111115
53	"05:12:06"	4295.0	0	2.84	0.0246	191	0.68	2.79	26.47	6	1.42	1	2.84	25.03	26.47	25.00	399.61	390.30	4.628	6.653	14.84	21.34	200.3	1600	7	102.1	-7.63	0.186	1.0	-0.22	2.74	1.00	0.00	0.16	111115
54	"05:12:07"	4296.0	0	2.84	0.0246	191	0.68	2.79	26.47	6	1.42	1	2.84	25.03	26.47	25.00	399.61	390.30	4.628	6.653	14.84	21.33	200.3	1600	7	102.1	-7.63	0.186	1.0	-0.22	2.74	1.00	0.00	0.16	111115
55	"05:12:08"	4297.0	0	2.84	0.0246	192	0.68	2.79	26.47	6	1.42	1	2.84	25.03	26.47	25.00	399.60	390.31	4.628	6.652	14.84	21.33	200.3	1600	7	102.1	-7.63	0.186	1.0	-0.22	2.74	1.00	0.00	0.16	111115
56	"05:12:09"	4298.0	0	2.83	0.0246	192	0.68	2.79	26.47	6	1.42	1	2.84	25.03	26.47	25.00	399.60	390.33	4.628	6.653	14.84	21.33	200.3	1600	7	102.1	-7.63	0.186	1.0	-0.22	2.74	1.00	0.00	0.16	111115
57	"05:12:10"	4299.0	0	2.83	0.0246	192	0.68	2.79	26.47	6	1.42	1	2.84	25.03	26.47	25.00	399.62	390.34	4.628	6.652	14.84	21.33	200.3	1600	7	102.1	-7.63	0.186	1.0	-0.22	2.74	1.00	0.00	0.16	111115
58	"05:12:11"	4299.5	0	2.83	0.0246	192	0.68	2.79	26.47	6	1.42	1	2.84	25.03	26.47	25.00	399.62	390.35	4.629	6.652	14.84	21.33	200.3	1600	7	102.1	-7.63	0.186	1.0	-0.22	2.74	1.00	0.00	0.16	111115
59	"05:12:12"	4300.5	0	2.82	0.0246	192	0.679	2.79	26.47	6	1.42	1	2.84	25.03	26.47	25.00	399.61	390.36	4.629	6.650	14.84	21.32	200.3	1600	7	102.1	-7.63	0.186	1.0	-0.22	2.74	1.00	0.00	0.16	111115
60	"05:12:13"	4301.5	0	2.82	0.0246	192	0.679	2.79	26.46	6	1.42	1	2.84	25.03	26.46	25.00	399.61	390.37	4.628	6.649	14.84	21.32	200.3	1600	7	102.1	-7.63	0.186	1.0	-0.22	2.74	1.00	0.00	0.16	111115
61	"05:28:45"	5293.5	0	1.84	0.0141	168	0.504	3.59	30.53	6	1.42	1	2.84	30.34	30.53	31.05	400.51	394.41	6.377	7.876	14.98	18.51	200.3	1600	6	102.1	-7.82	0.148	1.0	-0.22	2.74	1.00	0.00	0.16	111115
62	"05:28:46"	5294.5	0	1.83	0.0141	169	0.504	3.59	30.53	6	1.42	1	2.84	30.34	30.53	31.05	400.49	394.41	6.377	7.875	14.98	18.51	200.3	1600	7	102.1	-7.82	0.148	1.0	-0.22	2.74	1.00	0.00	0.16	111115
63	"05:28:47"	5295.0	0	1.83	0.0141	169	0.504	3.59	30.52	6	1.42	1	2.84	30.34	30.52	31.05	400.49	394.42	6.376	7.875	14.98	18.51	200.3	1600	7	102.1	-7.82	0.148	1.0	-0.22	2.74	1.00	0.00	0.16	111115
64	"05:28:47"	5296.0	0	1.82	0.0141	170	0.504	3.59	30.52	6	1.42	1	2.84	30.35	30.52	31.05	400.48	394.42	6.376	7.874	14.98	18.50	200.3	1600	7	102.1	-7.82	0.148	1.0	-0.22	2.74	1.00	0.00	0.16	111115
65	"05:28:48"	5297.0	0	1.82	0.014	170	0.503	3.59	30.52	6	1.42	1	2.84	30.35	30.52	31.05	400.49	394.44	6.376	7.873	14.98	18.50	200.3	1600	6	102.1	-7.82	0.148	1.0	-0.22	2.74	1.00	0.00	0.16	111115
66	"05:28:49"	5297.5	0	1.82	0.014	170	0.503	3.59	30.52	6	1.42	1	2.84	30.34	30.52	31.05	400.49	394.45	6.376	7.872	14.98	18.50	200.3	1600	6	102.1	-7.82	0.148	1.0	-0.22	2.74	1.00	0.00	0.16	111115
67	"05:28:50"	5298.5	0	1.82	0.014	170	0.503	3.59	30.52	6	1.42	1	2.84	30.34	30.52	31.05	400.49	394.43	6.376	7.872	14.98	18.50	200.2	1600	6	102.1	-7.82	0.148	1.0	-0.22	2.74	1.00	0.00	0.16	111115
68	"05:28:51"	5299.5	0	1.83	0.014	169	0.503	3.59	30.52	6	1.42	1	2.84	30.34	30.52	31.05	400.47	394.41	6.376	7.871	14.98	18.50	200.2	1600	6	102.1	-7.82	0.148	1.0	-0.22	2.74	1.00	0.00	0.16	111115
69	"05:28:52"	5300.0	0	1.82	0.014	170	0.503	3.59	30.52	6	1.42	1	2.84	30.34	30.52	31.05	400.47	394.42	6.375	7.871	14.98	18.50	200.2	1600	6	102.1	-7.82	0.148	1.0	-0.22	2.74	1.00	0.00	0.16	111115
70	"05:28:52"	5301.0	0	1.82	0.014	169	0.503	3.59	30.52	6	1.42	1	2.84	30.34	30.52	31.05	400.46	394.41	6.375	7.870	14.98	18.49	200.2	1600	6	102.1	-7.82	0.148	1.0	-0.22	2.74	1.00	0.00	0.16	111115
71	"05:28:54"	5302.5	0	1.81	0.014	170	0.502	3.59	30.53	6	1.42	1	2.84	30.34	30.53	31.05	400.46	394.44	6.376	7.868	14.98	18.49	200.3	1600	6	102.1	-7.82	0.148	1.0	-0.22	2.74	1.00	0.00	0.16	111115
72	"05:28:55"	5303.5	0	1.81	0.014	170	0.502	3.59	30.53	6	1.42	1	2.84	30.34	30.53	31.05	400.48	394.47	6.377	7.868	14.99	18.49	200.3	1600	6	102.1	-7.82	0.148	1.0	-0.22	2.74	1.00	0.00	0.16	111115
73	"05:28:56"	5304.0	0	1.81	0.014	170	0.502	3.59	30.53	6	1.42	1	2.84	30.34	30.53	31.05	400.48	394.46	6.377	7.867	14.99	18.49	200.3	1600	6	102.1	-7.82	0.148	1.0	-0.22	2.74	1.00	0.00	0.16	111115
74	"05:28:57"	5305.5	0	1.83	0.014	169	0.502	3.59	30.52	6	1.42	1	2.84	30.35	30.52	31.05	400.52	394.46	6.377	7.869	14.98	18.49	200.3	1600	6	102.1	-7.82	0.148	1.0	-0.22	2.74	1.00	0.00	0.16	111115
75	"05:28:57"	5306.0	0	1.83	0.014	168	0.502	3.59	30.52	6	1.42	1	2.84	30.35	30.52	31.05	400.53	394.46	6.377	7.868	14.98	18.49	200.3	1600	6	102.1	-7.82	0.148	1.0	-0.22	2.74	1.00	0.00	0.16	111115
76	"05:43:08"	6156.5	0	0.969	0.00759	171	0.346	4.52	34.54	6	1.42	1	2.84	35.71	34.54	37.10	399.55	396.24	8.634	9.661	15.01	16.80	200.3	1600	6	102.1	-7.87	0.101	1.0	-0.22	2.74	1.00	0.00	0.16	111115
77	"05:43:09"	6157.5	0	0.982	0.00758	168	0.345	4.52	34.54	6	1.42	1	2.84	35.71	34.54	37.10	399.58	396.22	8.634	9.659	15.01	16.80	200.3	1600	6	102.1	-7.87	0.101	1.0	-0.22	2.74	1.00	0.00	0.16	111115
78	"05:43:10"	6158.0	0	0.991	0.00758	166	0.345	4.52	34.54	6	1.42	1	2.84	35.71	34.54	37.10	399.60	396.22	8.634	9.659	15.01	16.80	200.3	1600	6	102.1	-7.87	0.101	1.0	-0.22	2.74	1.00	0.00	0.16	111115
79	"05:43:11"	6159.0	0	0.984	0.00757	167	0.345	4.52	34.54	6	1.42	1	2.84	35.71	34.54	37.10	399.58	396.22	8.635	9.659	15.02	16.80	200.3	1600	6	102.1	-7.87	0.101	1.0	-0.22	2.74	1.00	0.00	0.16	111115
80	"05:43:11"	6160.0	0	0.964	0.00757	171	0.345	4.52	34.54	6	1.42	1	2.84	35.71	34.54	37.10	399.51	396.21	8.635	9.658	15.02	16.80	200.3	1600	6	102.1	-7.87	0.101	1.0	-0.22	2.74	1.00	0.00	0.16	111115
81	"05:43:12"	6160.5	0	0.965	0.00756	171	0.345	4.52	34.54	6	1.42	1	2.84	35.71	34.54	37.10	399.51	396.21	8.636	9.658	15.02	16.80	200.3	1600	6	102.1	-7.87	0.101	1.0	-0.22	2.74	1.00	0.00	0.16	111115
82	"05:43:13"	6161.5	0	0.951	0.00755	173	0.344	4.52	34.54	6	1.42	1	2.84	35.71	34.54	37.10	399.48	396.23	8.636	9.657	15.02	16.79	200.3	1600	6	102.1	-7.87	0.101	1.0	-0.22	2.74	1.00	0.00	0.16	111115
83	"05:43:14"	6162.0	0	0.951	0.00754	173	0.344	4.52	34.54	6	1.42	1	2.84	35.71	34.54	37.10	399.51	396.25	8.636	9.656	15.02	16.79	200.3	1600	6	102.1	-7.87	0.101	1.0	-0.22	2.74	1.00	0.00	0.16	111115
84	"05:43:14"	6163.0	0	0.959	0.00754	172	0.344	4.52	34.54	6	1.42	1	2.84	35.71	34.54	37.10	399.55	396.26	8.636	9.656	15.02	16.79	200.3	1600	6	102.1	-7.87	0.101	1.0	-0.22	2.74	1.00	0.00	0.16	111115
85	"05:43:15"	6163.5	0	0.963	0.00754	171	0.344	4.52	34.54	6	1.42	1	2.84	35.71	34.54	37.10	399.56	396.27	8.636	9.655	15.02	16.79	200.3	1600	6	102.1	-7.87	0.101	1.0	-0.22	2.74	1.00	0.00	0.16	111115
86	"05:43:16"	6165.0	0	0.975	0.00754	168	0.343	4.52	34.54	6	1.42	1	2.84	35.71	34.54	37.10	399.59	396.26	8.635	9.654	15.02	16.79	200.3	1600	6	102.1	-7.87	0.101	1.0	-0.22	2.74	1.00	0.00	0.16	111115
87	"05:43:17"	6165.5	0	0.984	0.00753	166	0.343	4.52	34.54	6	1.42	1	2.84	35.71	34.54	37.10	399.62	396.26	8.635	9.654	15.02	16.79	200.2	1600	6	102.1	-7.87	0.101	1.0	-0.22	2.74	1.00	0.00	0.16	111115
88	"05:43:18"	6166.0	0	0.989	0.00753	165	0.343	4.52	34.54	6	1.42	1	2.84	35.70	34.54	37.10	399.63	396.26	8.636	9.654	15.02	16.79	200.2	1600	6	102.1	-7.87	0.101	1.0	-0.22	2.74	1.00	0.00	0.16	111115
89	"05:43:18"	6166.5	0	0.992	0.00753	164	0.343	4.52	34.54	6	1.42	1	2.84	35.71	34.54	37.10	399.64	396.26	8.635	9.653	15.02	16.79	200.2	1600	6	102.1	-7.87	0.101	1.0	-0.22	2.74	1.00	0.00	0.16	111115
90	"05:43:19"	6167.0	0	0.994	0.00752	164	0.343	4.52	34.53	6	1.42	1	2.84	35.71	34.53	37.10	399.65	396.27	8.636	9.653	15.02	16.79	200.2	1600	6	102.1	-7.87	0.101	1.0	-0.22	2.74	1.00	0.00	0.16	111115
91	"06:01:06"	7235.5	0	0.48	0.00473	208	0.277	5.76	38.33	6	1.42	1	2.84	41.10	38.33	43.14	400.87	399.10	9.119	9.940	11.85	12.91	200.3	1599	6	102.1	-7.79	0.0842	1.0	-0.22	2.74	1.00	0.00	0.16	111115
92	"06:01:07"	7236.0	0	0.489	0.00475	206	0.278	5.76	38.33	6	1.42	1	2.84	41.10	38.33	43.14	400.89	399.09	9.117	9.942	11.84	12.92	200.3	1599	6	102.1	-7.79	0.0842	1.0	-0.22	2.74	1.00	0.00	0.16	111115
93	"06:01:07"	7236.5	0	0.504	0.00476	201	0.279	5.76	38.33	6	1.42	1	2.84	41.10	38.33	43.14	400.90	399.06	9.116	9.943	11.84	12.92	200.3	1599	6	102.1	-7.79	0.0842	1.0	-0.22	2.74	1.00	0.00	0.16	111115
94	"06:01:08"	7237.0	0	0.5	0.00477	203	0.279	5.76	38.33	6	1.42	1	2.84	41.10	38.33	43.14	400.90	399.07	9.115	9.943	11.84	12.92	200.3	1599	6	102.1	-7.79	0.0842	1.0	-0.22	2.74	1.00	0.00	0.16	111115
95	"06:01:09"	7237.5	0	0.502	0.00477	202	0.279	5.76	38.33	6	1.42	1	2.84	41.10	38.33	43.14	400.92	399.08	9.116	9.944	11.84	12.92	200.3	1599	6	102.1	-7.79	0.0842	1.0	-0.22	2.74	1.00	0.00	0.16	111115
96	"06:01:09"	7238.5	0	0.488	0.00475	206	0.278	5.76	38.33	6	1.42	1	2.84	41.10	38.33	43.14	400.91	399.12	9.118	9.943	11.85	12.92	200.3	1599	6	102.1	-7.79	0.0842	1.0	-0.22	2.74	1.00	0.00	0.16	111115
97	"06:01:10"	7238.5	0	0.488	0.00475	206	0.278	5.76	38.33	6	1.42	1	2.84	41.10	38.33	43.14	400.91	399.12	9.118	9.943	11.85	12.92	200.3	1599	6	102.1	-7.79	0.0842	1.0	-0.22	2.74	1.00	0.00	0.16	111115
98	"06:01:10"	7239.0	0	0.471	0.00473	211	0.277	5.76	38.33	6	1.42	1	2.84	41.10	38.33	43.14	400.88	399.14	9.120	9.941	11.85	12.91	200.3	1599	6	102.1	-7.79	0.0842	1.0	-0.22	2.74	1.00	0.00	0.16	111115
99	"06:01:11"	7239.5	0	0.441	0.00472	220	0.276	5.76	38.33	6	1.42	1	2.84	41.10	38.33	43.14	400.82	399.17	9.121	9.940	11.85	12.91	200.3	1599	6	102.1	-7.79	0.0842	1.0	-0.22	2.74	1.00	0.00	0.16	111115
100	"06:01:12"	7240.0	0	0.412	0.0047	229	0.275	5.76	38.32	6	1.42	1	2.84	41.10	38.32	43.14	400.75	399.19	9.122	9.938	11.85	12.91	200.3	1599	6	102.1	-7.79	0.0842	1.0	-0.22	2.74	1.00	0.00	0.16	111115
101	"06:01:12"	7240.5	0	0.393	0.00469	235	0.274	5.76	38.32	6	1.42	1	2.84	41.10	38.32	43.14	400.72	399.22	9.123	9.937	11.85	12.91	200.3	1599	6	102.1	-7.79	0.0842	1.0	-0.22	2.74	1.00	0.00	0.16	111115
102	"06:01:13"	7241.0	0	0.382	0.00467	238	0.274	5.76	38.32	6	1.42	1	2.84	41.10	38.32	43.14	400.71	399.24	9.124	9.935	11.85	12.91	200.3	1599	6	102.1	-7.79	0.0842	1.0	-0.22	2.74	1.00	0.00	0.16	111115
103	"06:01:13"	7242.0	0	0.354	0.00467	248	0.273	5.76	38.32	6	1.42	1	2.84	41.10	38.32	43.14	400.65	399.27	9.124	9.934	11.85	12.91	200.3	1599	6	102.1	-7.79	0.0842	1.0	-0.22	2.74	1.00	0.00	0.16	111115
104	"06:01:14"	7242.5	0	0.35	0.00468	249	0.274	5.76	38.32	6	1.42	1	2.84	41.10	38.32	43.14	400.65	399.27	9.123	9.936	11.85	12.91	200.3	1599	6	102.1	-7.79	0.0842	1.0	-0.22	2.74	1.00	0.00	0.16	111115
105	"06:01:15"	7243.0	0	0.361	0.0047	246	0.275	5.76	38.32	6	1.42	1	2.84	41.10	38.32	43.14	400.66	399.25	9.122	9.937	11.85	12.91	200.3	1599	6	102.1	-7.79	0.0842	1.0	-0.22	2.74	1.00	0.00	0.16	111115
106	"06:17:26"	8215.5	0	0.0165	0.00401	348	0.3	7.3	42.17	6	1.42	1	2.84	46.46	42.17	49.00	399.84	399.43	9.079	9.969	8.92	9.80	200.3	1599	6	102.1	-7.61	0.0871	1.0	-0.22	2.74	1.00	0.00	0.16	111115
107	"06:17:27"	8216.5	0	0.0212	0.00402	346	0.3	7.3	42.17	6	1.42	1	2.84	46.46	42.17	49.00	399.84	399.42	9.079	9.970	8.92	9.80	200.3	1599	6	102.1	-7.61	0.0871	1.0	-0.22	2.74	1.00	0.00	0.16	111115
108	"06:17:28"	8217.0	0	0.0149	0.00402	349	0.3	7.3	42.17	6	1.42	1	2.84	46.46	42.17	49.00	399.83	399.43	9.079	9.970	8.92	9.80	200.3	1599	6	102.1	-7.61	0.0871	1.0	-0.22	2.74	1.00	0.00	0.16	111115
109	"06:17:29"	8218.0	0	-0.0035	0.00401	356	0.3	7.3	42.17	6	1.42	1	2.84	46.46	42.17	49.00	399.80	399.45	9.079	9.969	8.92	9.80	200.3	1599	6	102.1	-7.61	0.0871	1.0	-0.22	2.74	1.00	0.00	0.16	111115
110	"06:17:30"	8219.0	0	-0.0189	0.00401	361	0.3	7.3	42.18	6	1.42	1	2.84	46.46	42.18	49.00	399.74	399.44	9.079	9.969	8.92	9.80	200.3	1599	6	102.1	-7.61	0.0871	1.0	-0.22	2.74	1.00	0.00	0.16	111115
111	"06:17:30"	8219.5	0	-0.0189	0.00401	361	0.3	7.3	42.18	6	1.42	1	2.84	46.46	42.18	48.99	399.74	399.44	9.079	9.969	8.92	9.80	200.3	1599	6	102.1	-7.61	0.0871	1.0	-0.22	2.74	1.00	0.00	0.16	111115
112	"06:17:31"	8220.5	0	-0.033	0.004	367	0.3	7.3	42.18	6	1.42	1	2.84	46.46	42.18	48.99	399.72	399.46	9.078	9.967	8.92	9.79	200.3	1599	6	102.1	-7.61	0.0871	1.0	-0.22	2.74	1.00	0.00	0.16	111115
113	"06:17:32"	8221.0	0	-0.0364	0.00401	368	0.3	7.3	42.18	6	1.42	1	2.84	46.46	42.18	48.99	399.73	399.48	9.078	9.968	8.92	9.80	200.3	1599	6	102.1	-7.61	0.0871	1.0	-0.22	2.74	1.00	0.00	0.16	111115
114	"06:17:33"	8222.0	0	-0.0254	0.004	364	0.299	7.31	42.18	6	1.42	1	2.84	46.46	42.18	48.99	399.75	399.47	9.078	9.966	8.92	9.79	200.3	1599	6	102.1	-7.61	0.0871	1.0	-0.22	2.74	1.00	0.00	0.16	111115
115	"06:17:33"	8222.5	0	-0.0144	0.004	360	0.3	7.3	42.18	6	1.42	1	2.84	46.46	42.18	48.99	399.78	399.46	9.078	9.967	8.92	9.79	200.3	1599	6	102.1	-7.61	0.0871	1.0	-0.22	2.74	1.00	0.00	0.16	111115
116	"06:17:34"	8223.5	0	-0.00208	0.004	355	0.3	7.3	42.18	6	1.42	1	2.84	46.46	42.18	49.00	399.83	399.47	9.078	9.967	8.92	9.79	200.3	1599	6	102.1	-7.61	0.0871	1.0	-0.22	2.74	1.00	0.00	0.16	111115
117	"06:17:35"	8224.0	0	-0.00195	0.004	355	0.3	7.3	42.18	6	1.42	1	2.84	46.46	42.18	49.00	399.83	399.48	9.079	9.967	8.92	9.79	200.3	1599	6	102.1	-7.61	0.0871	1.0	-0.22	2.74	1.00	0.00	0.16	111115
118	"06:17:36"	8225.0	0	0.0224	0.004	346	0.299	7.3	42.17	6	1.42	1	2.84	46.47	42.17	48.99	399.86	399.44	9.079	9.967	8.92	9.79	200.4	1599	6	102.1	-7.61	0.0871	1.0	-0.22	2.74	1.00	0.00	0.16	111115
119	"06:17:36"	8225.5	0	0.0117	0.00401	350	0.3	7.3	42.17	6	1.42	1	2.84	46.47	42.17	49.00	399.84	399.44	9.078	9.967	8.92	9.79	200.3	1599	6	102.1	-7.61	0.0871	1.0	-0.22	2.74	1.00	0.00	0.16	111115
120	"06:17:37"	8226.5	0	0.0111	0.004	350	0.299	7.3	42.17	6	1.42	1	2.84	46.47	42.17	48.99	399.81	399.41	9.079	9.967	8.92	9.79	200.3	1599	6	102.1	-7.61	0.0871	1.0	-0.22	2.74	1.00	0.00	0.16	111115
