"OPEN 6.1.4"
"Sun Feb  5 2106 23:39:07"
<open><version>"6.1.4"</version></open>
<open><configfile>"/User/Configs/UserPrefs/LED2x3.xml"</configfile></open>
<open><light><source>"6400-02 or -02B LED Source"</source><par_in>1 <sensor>"SI-2541"<cal>-0.81<actinity>1.00</actinity><transm>1.00</transm></cal></sensor><transm>1 </transm></par_in><par_out>1 <sensor>"Q40855"<cal>6.35 </cal></sensor></par_out></light></open>
<open><comps><file>"/User/Configs/Comps/StdComps_6.1"<header>""</header><extras></extras></file><energybal>no<f_parIn>1 </f_parIn><f_parOut>0 </f_parOut><alphaK>0.16</alphaK></energybal><bc_total>2.840<stomatal_ratio>1</stomatal_ratio><bc_oneside>1.420<type>2 </type><table>"/Sys/Lib/StdBLCTable"</table><area>6</area><slope>-0.219565 </slope><offset>2.73739 </offset><fan>5 </fan></bc_oneside></bc_total></comps></open>
<open><prompts><onlog>off</onlog><items>"Default (none)"</items></prompts></open>
<open><constants><oxygen>21 %</oxygen><bb_vapor>1.5 </bb_vapor><bb_oxy>0.9 </bb_oxy></constants></open>
<open><stability><items>"Std Stability"<items[1]><id>-2 </id><size>15 </size><pcv><onoff>0 </onoff><value>1 </value></pcv><std><onoff>0 </onoff><value>1 </value></std><slp><onoff>1 </onoff><value>1 </value></slp></items[1]><items[2]><id>-5 </id><size>15 </size><pcv><onoff>0 </onoff><value>1 </value></pcv><std><onoff>0 </onoff><value>1 </value></std><slp><onoff>1 </onoff><value>1 </value></slp></items[2]><items[3]><id>-7 </id><size>15 </size><pcv><onoff>0 </onoff><value>1 </value></pcv><std><onoff>0 </onoff><value>1 </value></std><slp><onoff>1 </onoff><value>1 </value></slp></items[3]></items></stability></open>
<open><log><format>"StdLogFmt_6.0"<items>{ -35  -21  -36  -76  30  23  36  21  25  221  -33  111  -34  11  -9  -10  -8  -1  -2  -4  -5  -14  -15  -7  -12  -13  -11  -65  -66  -72  -18  -19  -77  -78  -79  -23   }<hdr>{  }</hdr></items></format><options><beep>on</beep><hdr>normal</hdr><rem>normal</rem><stab>no</stab><stats>no<period>15 </period></stats><excel>yes</excel><comm>no</comm></options><datafile>"/User/jcg_gash_3"</datafile><button><action>"Normal Log"<code>" LogOneObsManual "</code></action></button><autoprog>"/User/Configs/AutoProgs/AutoLog"<active>no</active></autoprog></log></open>
<open><a2d><avgtime>4.0 secs</avgtime><userchans><ch20>"Off"</ch20><ch21>"Off"</ch21><ch22>"Off"</ch22><ch23>"Off"</ch23></userchans></a2d></open>
<open><matching><type>0 </type><disp>'a'</disp><settings><CO2Limit>10.0</CO2Limit><H2OLimit>1.0</H2OLimit><MaxAutoTime>60 </MaxAutoTime></settings></matching></open>
<li6400><factory><unit>"PSC-2519"</unit><serviced>"1 Aug 2013"</serviced><fuseaware>0 </fuseaware><co2mixer>yes</co2mixer><co2><coeffs>{ 0  0.217817  1.90936e-05  2.56335e-08  -5.21136e-12  5.14133e-16   }</coeffs><dvdt>-3.1 </dvdt><xs>{ 0.0008  -0.0006   }</xs></co2><h2o><coeffs>{ 0  0.00577826  2.21643e-06  -7.00029e-12   }</coeffs><dvdt>-2.3 </dvdt><xs>{ -0.0051  0.0023   }</xs></h2o><flow>{ 0  0.3744   }</flow><press>{ 86.571  0.0055   }</press></factory></li6400>
<li6400><user><flow_zero>-277.5</flow_zero><irga_zero><co2>1165.9 853.8<at>28.8058 </at></co2><h2o>1360.9 1555.9<at>30.0013 </at></h2o></irga_zero><irga_span><co2>{ 1.016  1.01529   }</co2><h2o>{ 1.05479  1.08601   }</h2o></irga_span><irga_match><co2>{ 0.17117  -7.13524   }</co2><h2o>{ -0.036676  0.23245   }</h2o></irga_match><co2_mixer><pump_mv>4500 </pump_mv><ppm>{ 2127.98  1010.65  388.241  227.934  94.9201  47.1748  34.635  32.3342   }</ppm><mv>{ 5000  3000  1500  1000  500  300  200  100   }</mv></co2_mixer><parin_offset>-0.120314 </parin_offset><led_cal><unit>"SI-2541"</unit><mv>{ 10  25  50  100  1000  2000  3000  4000  5000   }</mv><qntm>{ 2.01301  8.80926  21.163  50.9379  635.024  1268.62  1868.91  2441.75  2980.87   }</qntm></led_cal><lcf_cal><unit>"LCF-1015"</unit><red><mv>{ 50  100  200  400  800  1500   }</mv><qntm>{ 63.946  145.991  315.029  669.142  1387.95  2639.5   }</qntm></red><blue><mv>{ 100  500  1000  2000  3000  4000  5000   }</mv><qntm>{ 8.52557  37.8843  71.6104  129.288  182.615  231.294  272.803   }</qntm></blue></lcf_cal></user></li6400>
"23:39:09 "
$STARTOFDATA$
"Obs"	"HHMMSS"	"FTime"	"EBal?"	"Photo"	"Cond"	"Ci"	"Trmmol"	"VpdL"	"CTleaf"	"Area"	"BLC_1"	"StmRat"	"BLCond"	"Tair"	"Tleaf"	"TBlk"	"CO2R"	"CO2S"	"H2OR"	"H2OS"	"RH_R"	"RH_S"	"Flow"	"PARi"	"PARo"	"Press"	"CsMch"	"HsMch"	"StableF"	"BLCslope"	"BLCoffst"	"f_parin"	"f_parout"	"alphaK"	"Status"
1	"00:15:00"	2162.5	0	1.16	0.0137	255	0.159	1.18	11.50	6	1.42	1	2.84	5.25	11.50	2.44	400.33	396.68	1.279	1.753	14.67	20.11	200.4	1601	13	102.2	-7.06	0.264	1.0	-0.22	2.74	1.00	0.00	0.16	111115
2	"00:15:01"	2163.5	0	1.17	0.0137	253	0.159	1.18	11.51	6	1.42	1	2.84	5.25	11.51	2.44	400.38	396.68	1.279	1.754	14.67	20.12	200.4	1601	13	102.2	-7.06	0.264	1.0	-0.22	2.74	1.00	0.00	0.16	111115
3	"00:15:01"	2164.0	0	1.18	0.0137	252	0.159	1.18	11.50	6	1.42	1	2.84	5.25	11.50	2.44	400.40	396.69	1.279	1.754	14.67	20.12	200.3	1601	13	102.2	-7.06	0.264	1.0	-0.22	2.74	1.00	0.00	0.16	111115
4	"00:15:02"	2165.0	0	1.17	0.0137	253	0.159	1.18	11.48	6	1.42	1	2.84	5.25	11.48	2.44	400.36	396.66	1.279	1.754	14.68	20.12	200.3	1601	13	102.2	-7.06	0.264	1.0	-0.22	2.74	1.00	0.00	0.16	111115
5	"00:15:03"	2166.0	0	1.2	0.0137	250	0.159	1.18	11.47	6	1.42	1	2.84	5.25	11.47	2.45	400.42	396.64	1.280	1.755	14.68	20.13	200.3	1601	13	102.2	-7.06	0.264	1.0	-0.22	2.74	1.00	0.00	0.16	111115
6	"00:15:04"	2167.0	0	1.2	0.0137	251	0.159	1.18	11.46	6	1.42	1	2.84	5.24	11.46	2.45	400.37	396.60	1.280	1.755	14.68	20.13	200.3	1601	13	102.2	-7.06	0.264	1.0	-0.22	2.74	1.00	0.00	0.16	111115
7	"00:15:05"	2167.5	0	1.18	0.0137	252	0.159	1.18	11.46	6	1.42	1	2.84	5.24	11.46	2.45	400.34	396.60	1.280	1.755	14.68	20.13	200.3	1601	13	102.2	-7.06	0.264	1.0	-0.22	2.74	1.00	0.00	0.16	111115
8	"00:15:06"	2168.5	0	1.18	0.0137	252	0.159	1.18	11.47	6	1.42	1	2.84	5.25	11.47	2.45	400.32	396.60	1.280	1.755	14.68	20.13	200.3	1601	13	102.2	-7.06	0.264	1.0	-0.22	2.74	1.00	0.00	0.16	111115
9	"00:15:07"	2169.5	0	1.16	0.0137	255	0.159	1.18	11.48	6	1.42	1	2.84	5.25	11.48	2.45	400.28	396.62	1.280	1.754	14.68	20.12	200.4	1601	13	102.2	-7.06	0.264	1.0	-0.22	2.74	1.00	0.00	0.16	111115
10	"00:15:08"	2170.5	0	1.16	0.0137	255	0.159	1.18	11.48	6	1.42	1	2.84	5.25	11.48	2.45	400.27	396.62	1.279	1.754	14.67	20.12	200.4	1601	13	102.2	-7.06	0.264	1.0	-0.22	2.74	1.00	0.00	0.16	111115
11	"00:15:08"	2171.0	0	1.16	0.0137	254	0.159	1.18	11.48	6	1.42	1	2.84	5.25	11.48	2.45	400.29	396.63	1.280	1.754	14.68	20.12	200.4	1601	13	102.2	-7.06	0.264	1.0	-0.22	2.74	1.00	0.00	0.16	111115
12	"00:15:09"	2172.0	0	1.17	0.0137	254	0.159	1.18	11.47	6	1.42	1	2.84	5.25	11.47	2.45	400.32	396.63	1.279	1.754	14.67	20.13	200.3	1601	13	102.2	-7.06	0.264	1.0	-0.22	2.74	1.00	0.00	0.16	111115
13	"00:15:10"	2173.0	0	1.16	0.0138	255	0.159	1.18	11.46	6	1.42	1	2.84	5.25	11.46	2.45	400.30	396.63	1.279	1.755	14.67	20.13	200.3	1601	13	102.2	-7.06	0.264	1.0	-0.22	2.74	1.00	0.00	0.16	111115
14	"00:15:11"	2174.0	0	1.08	0.0138	265	0.159	1.18	11.46	6	1.42	1	2.84	5.25	11.46	2.45	400.05	396.63	1.279	1.755	14.67	20.14	200.3	1601	13	102.2	-7.06	0.264	1.0	-0.22	2.74	1.00	0.00	0.16	111115
15	"00:15:12"	2174.5	0	1.02	0.0138	272	0.159	1.18	11.46	6	1.42	1	2.84	5.25	11.46	2.45	399.87	396.63	1.279	1.755	14.67	20.13	200.3	1601	13	102.2	-7.06	0.264	1.0	-0.22	2.74	1.00	0.00	0.16	111115
16	"00:28:15"	2958.5	0	1.48	0.0163	243	0.226	1.41	14.40	6	1.42	1	2.84	9.23	14.40	7.04	400.94	396.23	1.644	2.318	14.36	20.25	200.3	1599	10	102.2	-7.12	0.265	1.0	-0.22	2.74	1.00	0.00	0.16	111115
17	"00:28:16"	2959.0	0	1.48	0.0163	243	0.225	1.41	14.40	6	1.42	1	2.84	9.23	14.40	7.04	400.93	396.23	1.644	2.318	14.36	20.24	200.3	1599	10	102.2	-7.12	0.265	1.0	-0.22	2.74	1.00	0.00	0.16	111115
18	"00:28:16"	2959.5	0	1.48	0.0163	243	0.225	1.41	14.40	6	1.42	1	2.84	9.23	14.40	7.04	400.93	396.24	1.644	2.318	14.36	20.24	200.3	1599	10	102.2	-7.12	0.265	1.0	-0.22	2.74	1.00	0.00	0.16	111115
19	"00:28:17"	2960.0	0	1.48	0.0163	243	0.225	1.41	14.40	6	1.42	1	2.84	9.23	14.40	7.04	400.92	396.23	1.644	2.317	14.35	20.24	200.3	1599	10	102.2	-7.12	0.265	1.0	-0.22	2.74	1.00	0.00	0.16	111115
20	"00:28:17"	2960.5	0	1.49	0.0163	242	0.225	1.41	14.40	6	1.42	1	2.84	9.23	14.40	7.04	400.94	396.21	1.644	2.317	14.36	20.23	200.3	1599	10	102.2	-7.12	0.265	1.0	-0.22	2.74	1.00	0.00	0.16	111115
21	"00:28:19"	2962.0	0	1.5	0.0163	241	0.225	1.41	14.39	6	1.42	1	2.84	9.23	14.39	7.04	400.96	396.22	1.644	2.317	14.36	20.23	200.4	1599	10	102.2	-7.12	0.265	1.0	-0.22	2.74	1.00	0.00	0.16	111115
22	"00:28:19"	2962.5	0	1.49	0.0163	242	0.225	1.41	14.39	6	1.42	1	2.84	9.23	14.39	7.04	400.96	396.22	1.644	2.317	14.36	20.24	200.3	1599	10	102.2	-7.12	0.265	1.0	-0.22	2.74	1.00	0.00	0.16	111115
23	"00:28:20"	2963.0	0	1.5	0.0163	241	0.225	1.41	14.39	6	1.42	1	2.84	9.23	14.39	7.04	400.97	396.21	1.644	2.318	14.35	20.24	200.3	1599	10	102.2	-7.12	0.265	1.0	-0.22	2.74	1.00	0.00	0.16	111115
24	"00:28:20"	2964.0	0	1.5	0.0163	241	0.225	1.41	14.40	6	1.42	1	2.84	9.23	14.40	7.04	400.99	396.23	1.644	2.317	14.36	20.24	200.3	1599	10	102.2	-7.12	0.265	1.0	-0.22	2.74	1.00	0.00	0.16	111115
25	"00:28:21"	2964.5	0	1.49	0.0163	242	0.225	1.41	14.41	6	1.42	1	2.84	9.23	14.41	7.04	400.97	396.23	1.644	2.318	14.36	20.24	200.3	1599	10	102.2	-7.12	0.265	1.0	-0.22	2.74	1.00	0.00	0.16	111115
26	"00:28:22"	2965.5	0	1.48	0.0163	242	0.225	1.41	14.41	6	1.42	1	2.84	9.23	14.41	7.04	400.95	396.23	1.644	2.317	14.35	20.24	200.3	1599	10	102.2	-7.12	0.265	1.0	-0.22	2.74	1.00	0.00	0.16	111115
27	"00:28:23"	2966.0	0	1.49	0.0163	242	0.225	1.41	14.41	6	1.42	1	2.84	9.23	14.41	7.04	400.94	396.22	1.644	2.317	14.35	20.24	200.3	1599	10	102.2	-7.12	0.265	1.0	-0.22	2.74	1.00	0.00	0.16	111115
28	"00:28:23"	2967.0	0	1.49	0.0163	242	0.225	1.41	14.40	6	1.42	1	2.84	9.23	14.40	7.04	400.98	396.25	1.644	2.318	14.36	20.24	200.3	1599	10	102.2	-7.12	0.265	1.0	-0.22	2.74	1.00	0.00	0.16	111115
29	"00:28:24"	2967.5	0	1.49	0.0163	242	0.226	1.41	14.39	6	1.42	1	2.84	9.23	14.39	7.04	400.99	396.26	1.644	2.318	14.36	20.24	200.3	1599	10	102.2	-7.12	0.265	1.0	-0.22	2.74	1.00	0.00	0.16	111115
30	"00:28:24"	2968.0	0	1.5	0.0163	241	0.226	1.41	14.38	6	1.42	1	2.84	9.23	14.38	7.04	401.01	396.25	1.644	2.318	14.36	20.24	200.4	1599	10	102.2	-7.12	0.265	1.0	-0.22	2.74	1.00	0.00	0.16	111115
31	"00:43:32"	3875.5	0	1.83	0.0188	229	0.331	1.79	18.48	6	1.42	1	2.84	14.58	18.48	13.09	400.20	394.32	2.405	3.391	14.76	20.82	200.3	1600	10	102.2	-7.37	0.25	1.0	-0.22	2.74	1.00	0.00	0.16	111115
32	"00:43:33"	3876.5	0	1.82	0.0188	229	0.33	1.79	18.49	6	1.42	1	2.84	14.58	18.49	13.09	400.15	394.31	2.405	3.391	14.76	20.81	200.3	1600	10	102.2	-7.37	0.25	1.0	-0.22	2.74	1.00	0.00	0.16	111115
33	"00:43:34"	3877.0	0	1.84	0.0188	228	0.33	1.79	18.49	6	1.42	1	2.84	14.58	18.49	13.09	400.17	394.28	2.405	3.391	14.76	20.81	200.3	1600	10	102.2	-7.37	0.25	1.0	-0.22	2.74	1.00	0.00	0.16	111115
34	"00:43:35"	3878.0	0	1.87	0.0187	225	0.33	1.79	18.49	6	1.42	1	2.84	14.58	18.49	13.09	400.28	394.28	2.405	3.390	14.76	20.81	200.3	1600	10	102.2	-7.37	0.25	1.0	-0.22	2.74	1.00	0.00	0.16	111115
35	"00:43:36"	3879.0	0	1.9	0.0187	223	0.33	1.79	18.48	6	1.42	1	2.84	14.58	18.48	13.09	400.35	394.28	2.406	3.390	14.76	20.80	200.3	1600	10	102.2	-7.37	0.25	1.0	-0.22	2.74	1.00	0.00	0.16	111115
36	"00:43:37"	3880.0	0	1.92	0.0188	221	0.33	1.79	18.47	6	1.42	1	2.84	14.58	18.47	13.09	400.44	394.30	2.406	3.390	14.76	20.80	200.3	1600	10	102.2	-7.37	0.25	1.0	-0.22	2.74	1.00	0.00	0.16	111115
37	"00:43:38"	3881.0	0	1.94	0.0188	219	0.33	1.79	18.47	6	1.42	1	2.84	14.58	18.47	13.09	400.49	394.28	2.405	3.390	14.76	20.80	200.3	1600	10	102.2	-7.37	0.25	1.0	-0.22	2.74	1.00	0.00	0.16	111115
38	"00:43:39"	3881.5	0	1.94	0.0188	219	0.33	1.79	18.47	6	1.42	1	2.84	14.58	18.47	13.09	400.47	394.27	2.405	3.390	14.76	20.80	200.3	1600	10	102.2	-7.37	0.25	1.0	-0.22	2.74	1.00	0.00	0.16	111115
39	"00:43:40"	3882.5	0	1.95	0.0188	218	0.33	1.79	18.48	6	1.42	1	2.84	14.58	18.48	13.09	400.49	394.26	2.405	3.390	14.76	20.80	200.3	1600	10	102.2	-7.37	0.25	1.0	-0.22	2.74	1.00	0.00	0.16	111115
40	"00:43:40"	3883.5	0	1.94	0.0188	219	0.33	1.79	18.49	6	1.42	1	2.84	14.58	18.49	13.09	400.48	394.27	2.405	3.390	14.76	20.80	200.3	1600	10	102.2	-7.37	0.25	1.0	-0.22	2.74	1.00	0.00	0.16	111115
41	"00:43:41"	3884.5	0	1.93	0.0187	220	0.33	1.79	18.50	6	1.42	1	2.84	14.58	18.50	13.09	400.44	394.27	2.405	3.390	14.76	20.80	200.3	1600	10	102.2	-7.37	0.25	1.0	-0.22	2.74	1.00	0.00	0.16	111115
42	"00:43:42"	3885.0	0	1.93	0.0187	220	0.33	1.79	18.50	6	1.42	1	2.84	14.58	18.50	13.09	400.45	394.29	2.406	3.391	14.76	20.81	200.3	1600	10	102.2	-7.37	0.25	1.0	-0.22	2.74	1.00	0.00	0.16	111115
43	"00:43:43"	3886.0	0	1.91	0.0188	222	0.33	1.79	18.49	6	1.42	1	2.84	14.58	18.49	13.09	400.42	394.31	2.405	3.391	14.76	20.81	200.3	1600	10	102.2	-7.37	0.25	1.0	-0.22	2.74	1.00	0.00	0.16	111115
44	"00:43:44"	3887.0	0	1.9	0.0188	223	0.33	1.79	18.49	6	1.42	1	2.84	14.58	18.49	13.09	400.37	394.30	2.405	3.390	14.76	20.80	200.4	1600	10	102.2	-7.37	0.25	1.0	-0.22	2.74	1.00	0.00	0.16	111115
45	"00:43:45"	3887.5	0	1.9	0.0188	223	0.33	1.79	18.49	6	1.42	1	2.84	14.58	18.49	13.09	400.39	394.32	2.405	3.391	14.76	20.80	200.3	1600	10	102.2	-7.37	0.25	1.0	-0.22	2.74	1.00	0.00	0.16	111115
46	"01:00:01"	4864.0	0	2.01	0.018	203	0.412	2.31	22.72	6	1.42	1	2.84	19.90	22.72	19.14	399.84	393.33	3.253	4.483	14.26	19.65	200.3	1600	11	102.2	-7.55	0.231	1.0	-0.22	2.74	1.00	0.00	0.16	111115
47	"01:00:02"	4865.0	0	2.01	0.018	203	0.412	2.31	22.72	6	1.42	1	2.84	19.90	22.72	19.14	399.81	393.32	3.253	4.482	14.26	19.65	200.3	1600	11	102.2	-7.55	0.231	1.0	-0.22	2.74	1.00	0.00	0.16	111115
48	"01:00:03"	4866.0	0	2.01	0.018	203	0.412	2.31	22.71	6	1.42	1	2.84	19.90	22.71	19.14	399.79	393.28	3.253	4.482	14.26	19.65	200.3	1600	11	102.2	-7.55	0.231	1.0	-0.22	2.74	1.00	0.00	0.16	111115
49	"01:00:04"	4867.0	0	1.99	0.018	205	0.412	2.31	22.71	6	1.42	1	2.84	19.90	22.71	19.14	399.76	393.30	3.253	4.482	14.26	19.65	200.3	1600	11	102.2	-7.55	0.231	1.0	-0.22	2.74	1.00	0.00	0.16	111115
50	"01:00:05"	4867.5	0	1.99	0.0181	205	0.412	2.31	22.71	6	1.42	1	2.84	19.90	22.71	19.14	399.77	393.31	3.252	4.482	14.26	19.65	200.3	1600	11	102.2	-7.55	0.231	1.0	-0.22	2.74	1.00	0.00	0.16	111115
51	"01:00:05"	4868.5	0	1.99	0.0181	205	0.412	2.31	22.70	6	1.42	1	2.84	19.90	22.70	19.14	399.79	393.33	3.253	4.482	14.26	19.64	200.3	1600	11	102.2	-7.55	0.231	1.0	-0.22	2.74	1.00	0.00	0.16	111115
52	"01:00:06"	4869.5	0	1.99	0.018	205	0.412	2.31	22.70	6	1.42	1	2.84	19.90	22.70	19.14	399.81	393.37	3.253	4.481	14.26	19.64	200.3	1600	10	102.2	-7.55	0.231	1.0	-0.22	2.74	1.00	0.00	0.16	111115
53	"01:00:07"	4870.0	0	1.99	0.018	205	0.412	2.31	22.71	6	1.42	1	2.84	19.90	22.71	19.14	399.82	393.37	3.253	4.481	14.26	19.64	200.3	1600	10	102.2	-7.55	0.231	1.0	-0.22	2.74	1.00	0.00	0.16	111115
54	"01:00:08"	4871.0	0	2	0.018	204	0.411	2.31	22.71	6	1.42	1	2.84	19.90	22.71	19.14	399.83	393.37	3.253	4.480	14.26	19.64	200.3	1600	10	102.2	-7.55	0.231	1.0	-0.22	2.74	1.00	0.00	0.16	111115
55	"01:00:09"	4871.5	0	2	0.018	204	0.411	2.31	22.70	6	1.42	1	2.84	19.90	22.70	19.14	399.83	393.35	3.253	4.479	14.26	19.63	200.3	1600	10	102.2	-7.55	0.231	1.0	-0.22	2.74	1.00	0.00	0.16	111115
56	"01:00:10"	4872.5	0	2	0.018	203	0.411	2.31	22.71	6	1.42	1	2.84	19.90	22.71	19.14	399.82	393.34	3.253	4.479	14.26	19.63	200.3	1600	11	102.2	-7.55	0.231	1.0	-0.22	2.74	1.00	0.00	0.16	111115
57	"01:00:10"	4873.5	0	2	0.018	204	0.411	2.31	22.71	6	1.42	1	2.84	19.90	22.71	19.14	399.81	393.34	3.253	4.478	14.26	19.63	200.3	1600	11	102.2	-7.55	0.231	1.0	-0.22	2.74	1.00	0.00	0.16	111115
58	"01:00:11"	4874.0	0	1.99	0.018	205	0.411	2.31	22.71	6	1.42	1	2.84	19.90	22.71	19.14	399.81	393.37	3.252	4.478	14.26	19.63	200.3	1600	11	102.2	-7.55	0.231	1.0	-0.22	2.74	1.00	0.00	0.16	111115
59	"01:00:12"	4875.0	0	1.97	0.018	206	0.411	2.31	22.70	6	1.42	1	2.84	19.90	22.70	19.14	399.78	393.38	3.252	4.478	14.25	19.63	200.3	1600	11	102.2	-7.55	0.231	1.0	-0.22	2.74	1.00	0.00	0.16	111115
60	"01:00:12"	4875.5	0	1.98	0.018	206	0.411	2.31	22.70	6	1.42	1	2.84	19.90	22.70	19.14	399.78	393.38	3.252	4.478	14.25	19.63	200.3	1600	11	102.2	-7.55	0.231	1.0	-0.22	2.74	1.00	0.00	0.16	111115
61	"01:17:30"	5912.5	0	1.45	0.0122	190	0.351	2.9	26.58	6	1.42	1	2.84	25.04	26.58	25.00	399.95	395.19	4.707	5.752	15.09	18.44	200.3	1600	11	102.2	-7.6	0.207	1.0	-0.22	2.74	1.00	0.00	0.16	111115
62	"01:17:30"	5913.5	0	1.43	0.0122	192	0.351	2.9	26.58	6	1.42	1	2.84	25.04	26.58	25.00	399.91	395.21	4.707	5.752	15.09	18.44	200.3	1600	11	102.2	-7.6	0.207	1.0	-0.22	2.74	1.00	0.00	0.16	111115
63	"01:17:31"	5914.0	0	1.43	0.0122	193	0.351	2.9	26.58	6	1.42	1	2.84	25.04	26.58	25.00	399.92	395.23	4.707	5.752	15.09	18.44	200.3	1600	11	102.2	-7.6	0.207	1.0	-0.22	2.74	1.00	0.00	0.16	111115
64	"01:17:32"	5915.0	0	1.42	0.0121	193	0.351	2.9	26.57	6	1.42	1	2.84	25.04	26.57	25.00	399.91	395.22	4.707	5.751	15.09	18.43	200.3	1600	11	102.2	-7.6	0.207	1.0	-0.22	2.74	1.00	0.00	0.16	111115
65	"01:17:32"	5915.5	0	1.42	0.0121	194	0.35	2.9	26.57	6	1.42	1	2.84	25.04	26.57	25.00	399.90	395.23	4.706	5.750	15.09	18.43	200.3	1600	11	102.2	-7.6	0.207	1.0	-0.22	2.74	1.00	0.00	0.16	111115
66	"01:17:33"	5916.5	0	1.41	0.0122	195	0.351	2.9	26.56	6	1.42	1	2.84	25.05	26.56	25.00	399.90	395.25	4.706	5.751	15.08	18.44	200.3	1600	11	102.2	-7.6	0.207	1.0	-0.22	2.74	1.00	0.00	0.16	111115
67	"01:17:34"	5917.0	0	1.42	0.0122	194	0.351	2.9	26.56	6	1.42	1	2.84	25.05	26.56	25.00	399.92	395.24	4.706	5.751	15.08	18.43	200.3	1600	11	102.2	-7.6	0.207	1.0	-0.22	2.74	1.00	0.00	0.16	111115
68	"01:17:35"	5918.0	0	1.42	0.0122	194	0.351	2.9	26.55	6	1.42	1	2.84	25.05	26.55	25.00	399.94	395.26	4.706	5.750	15.08	18.43	200.3	1600	11	102.2	-7.6	0.207	1.0	-0.22	2.74	1.00	0.00	0.16	111115
69	"01:17:36"	5918.5	0	1.42	0.0122	194	0.351	2.9	26.55	6	1.42	1	2.84	25.05	26.55	25.00	399.95	395.27	4.705	5.750	15.08	18.43	200.3	1600	11	102.2	-7.6	0.207	1.0	-0.22	2.74	1.00	0.00	0.16	111115
70	"01:17:37"	5919.5	0	1.42	0.0122	194	0.351	2.9	26.56	6	1.42	1	2.84	25.05	26.56	25.00	399.99	395.31	4.705	5.750	15.08	18.43	200.3	1600	11	102.2	-7.6	0.207	1.0	-0.22	2.74	1.00	0.00	0.16	111115
71	"01:17:37"	5920.5	0	1.43	0.0121	192	0.35	2.9	26.56	6	1.42	1	2.84	25.05	26.56	25.00	399.99	395.29	4.705	5.749	15.08	18.43	200.3	1600	11	102.2	-7.6	0.207	1.0	-0.22	2.74	1.00	0.00	0.16	111115
72	"01:17:38"	5921.0	0	1.43	0.0121	193	0.35	2.9	26.57	6	1.42	1	2.84	25.05	26.57	25.00	399.99	395.30	4.706	5.749	15.08	18.43	200.3	1600	11	102.2	-7.6	0.207	1.0	-0.22	2.74	1.00	0.00	0.16	111115
73	"01:17:39"	5921.5	0	1.42	0.0121	193	0.351	2.9	26.57	6	1.42	1	2.84	25.05	26.57	25.00	399.99	395.31	4.706	5.750	15.08	18.43	200.3	1600	11	102.2	-7.6	0.207	1.0	-0.22	2.74	1.00	0.00	0.16	111115
74	"01:17:40"	5923.0	0	1.41	0.0121	194	0.35	2.9	26.57	6	1.42	1	2.84	25.05	26.57	25.00	399.92	395.26	4.706	5.750	15.09	18.43	200.3	1600	11	102.2	-7.6	0.207	1.0	-0.22	2.74	1.00	0.00	0.16	111115
75	"01:17:41"	5923.5	0	1.41	0.0121	195	0.35	2.9	26.57	6	1.42	1	2.84	25.05	26.57	25.00	399.90	395.27	4.707	5.750	15.09	18.43	200.3	1600	11	102.2	-7.6	0.207	1.0	-0.22	2.74	1.00	0.00	0.16	111115
76	"01:34:40"	6943.0	0	0.814	0.00755	207	0.275	3.64	30.47	6	1.42	1	2.84	30.35	30.47	31.05	400.85	398.08	6.403	7.220	15.05	16.97	200.3	1600	14	102.2	-7.8	0.172	1.0	-0.22	2.74	1.00	0.00	0.16	111115
77	"01:34:41"	6944.0	0	0.816	0.00754	207	0.275	3.64	30.47	6	1.42	1	2.84	30.35	30.47	31.05	400.86	398.09	6.403	7.220	15.05	16.97	200.3	1600	14	102.2	-7.8	0.172	1.0	-0.22	2.74	1.00	0.00	0.16	111115
78	"01:34:42"	6945.0	0	0.811	0.00753	208	0.274	3.64	30.47	6	1.42	1	2.84	30.35	30.47	31.05	400.83	398.07	6.404	7.220	15.05	16.97	200.3	1600	14	102.2	-7.8	0.172	1.0	-0.22	2.74	1.00	0.00	0.16	111115
79	"01:34:43"	6945.5	0	0.812	0.00753	207	0.274	3.64	30.47	6	1.42	1	2.84	30.35	30.47	31.05	400.83	398.07	6.404	7.219	15.05	16.97	200.3	1600	14	102.2	-7.8	0.172	1.0	-0.22	2.74	1.00	0.00	0.16	111115
80	"01:34:43"	6946.5	0	0.82	0.00753	206	0.274	3.64	30.46	6	1.42	1	2.84	30.35	30.46	31.05	400.85	398.06	6.404	7.219	15.05	16.97	200.3	1600	14	102.2	-7.8	0.172	1.0	-0.22	2.74	1.00	0.00	0.16	111115
81	"01:34:44"	6947.5	0	0.83	0.00754	204	0.274	3.64	30.46	6	1.42	1	2.84	30.35	30.46	31.05	400.85	398.04	6.404	7.220	15.05	16.97	200.3	1600	14	102.2	-7.8	0.172	1.0	-0.22	2.74	1.00	0.00	0.16	111115
82	"01:34:45"	6948.0	0	0.836	0.00754	203	0.274	3.64	30.46	6	1.42	1	2.84	30.35	30.46	31.05	400.87	398.04	6.403	7.219	15.05	16.97	200.3	1600	14	102.2	-7.8	0.172	1.0	-0.22	2.74	1.00	0.00	0.16	111115
83	"01:34:46"	6949.0	0	0.847	0.00754	200	0.274	3.64	30.46	6	1.42	1	2.84	30.35	30.46	31.05	400.91	398.05	6.403	7.219	15.05	16.97	200.3	1600	14	102.2	-7.8	0.172	1.0	-0.22	2.74	1.00	0.00	0.16	111115
84	"01:34:47"	6949.5	0	0.842	0.00754	202	0.274	3.64	30.46	6	1.42	1	2.84	30.35	30.46	31.05	400.91	398.06	6.402	7.219	15.05	16.97	200.3	1600	14	102.2	-7.8	0.172	1.0	-0.22	2.74	1.00	0.00	0.16	111115
85	"01:34:47"	6950.5	0	0.829	0.00754	204	0.275	3.64	30.46	6	1.42	1	2.84	30.35	30.46	31.05	400.90	398.09	6.402	7.219	15.05	16.97	200.3	1600	14	102.2	-7.8	0.172	1.0	-0.22	2.74	1.00	0.00	0.16	111115
86	"01:34:48"	6951.5	0	0.815	0.00754	207	0.274	3.64	30.46	6	1.42	1	2.84	30.35	30.46	31.05	400.88	398.11	6.402	7.218	15.05	16.97	200.3	1600	14	102.2	-7.8	0.172	1.0	-0.22	2.74	1.00	0.00	0.16	111115
87	"01:34:49"	6952.0	0	0.814	0.00753	207	0.274	3.64	30.47	6	1.42	1	2.84	30.35	30.47	31.05	400.88	398.12	6.402	7.218	15.05	16.97	200.3	1600	14	102.2	-7.8	0.172	1.0	-0.22	2.74	1.00	0.00	0.16	111115
88	"01:34:50"	6953.0	0	0.808	0.00755	209	0.275	3.64	30.46	6	1.42	1	2.84	30.35	30.46	31.05	400.86	398.11	6.402	7.220	15.05	16.97	200.3	1600	14	102.2	-7.8	0.172	1.0	-0.22	2.74	1.00	0.00	0.16	111115
89	"01:34:50"	6953.5	0	0.799	0.00755	211	0.275	3.64	30.46	6	1.42	1	2.84	30.35	30.46	31.05	400.84	398.12	6.403	7.220	15.05	16.97	200.3	1600	14	102.2	-7.8	0.172	1.0	-0.22	2.74	1.00	0.00	0.16	111115
90	"01:34:51"	6954.5	0	0.79	0.00755	212	0.275	3.64	30.46	6	1.42	1	2.84	30.35	30.46	31.05	400.82	398.12	6.402	7.219	15.05	16.97	200.3	1600	14	102.2	-7.8	0.172	1.0	-0.22	2.74	1.00	0.00	0.16	111115
91	"01:49:41"	7844.5	0	0.516	0.00519	217	0.235	4.49	34.33	6	1.42	1	2.84	35.70	34.33	37.10	400.67	398.84	8.633	9.330	15.03	16.24	200.3	1599	15	102.2	-7.81	0.104	1.0	-0.22	2.74	1.00	0.00	0.16	111115
92	"01:49:42"	7845.0	0	0.525	0.00519	215	0.235	4.49	34.33	6	1.42	1	2.84	35.69	34.33	37.10	400.69	398.84	8.633	9.330	15.03	16.24	200.3	1599	15	102.2	-7.81	0.104	1.0	-0.22	2.74	1.00	0.00	0.16	111115
93	"01:49:42"	7846.0	0	0.528	0.0052	214	0.235	4.49	34.33	6	1.42	1	2.84	35.70	34.33	37.10	400.70	398.84	8.633	9.331	15.03	16.24	200.3	1599	15	102.2	-7.81	0.104	1.0	-0.22	2.74	1.00	0.00	0.16	111115
94	"01:49:43"	7847.0	0	0.516	0.0052	217	0.235	4.49	34.33	6	1.42	1	2.84	35.70	34.33	37.10	400.67	398.84	8.632	9.331	15.03	16.24	200.3	1599	15	102.2	-7.81	0.104	1.0	-0.22	2.74	1.00	0.00	0.16	111115
95	"01:49:44"	7848.0	0	0.513	0.00518	218	0.235	4.49	34.33	6	1.42	1	2.84	35.70	34.33	37.10	400.68	398.86	8.633	9.330	15.03	16.24	200.3	1599	15	102.2	-7.81	0.104	1.0	-0.22	2.74	1.00	0.00	0.16	111115
96	"01:49:45"	7848.5	0	0.523	0.00519	215	0.235	4.49	34.33	6	1.42	1	2.84	35.70	34.33	37.10	400.69	398.84	8.633	9.331	15.03	16.24	200.3	1599	15	102.2	-7.81	0.104	1.0	-0.22	2.74	1.00	0.00	0.16	111115
97	"01:49:46"	7849.5	0	0.514	0.00521	218	0.236	4.49	34.33	6	1.42	1	2.84	35.70	34.33	37.10	400.68	398.86	8.632	9.332	15.03	16.24	200.3	1599	15	102.2	-7.81	0.104	1.0	-0.22	2.74	1.00	0.00	0.16	111115
98	"01:49:47"	7850.5	0	0.521	0.00519	216	0.235	4.49	34.33	6	1.42	1	2.84	35.70	34.33	37.10	400.67	398.83	8.633	9.330	15.03	16.24	200.3	1599	15	102.2	-7.81	0.104	1.0	-0.22	2.74	1.00	0.00	0.16	111115
99	"01:49:48"	7851.5	0	0.499	0.0052	222	0.235	4.49	34.33	6	1.42	1	2.84	35.70	34.33	37.10	400.63	398.86	8.633	9.331	15.03	16.24	200.3	1599	15	102.2	-7.81	0.104	1.0	-0.22	2.74	1.00	0.00	0.16	111115
100	"01:49:48"	7852.0	0	0.5	0.0052	222	0.235	4.49	34.33	6	1.42	1	2.84	35.70	34.33	37.10	400.62	398.84	8.633	9.331	15.03	16.24	200.3	1599	15	102.2	-7.81	0.104	1.0	-0.22	2.74	1.00	0.00	0.16	111115
101	"01:49:49"	7853.0	0	0.481	0.00518	227	0.234	4.49	34.32	6	1.42	1	2.84	35.70	34.32	37.10	400.55	398.83	8.634	9.329	15.03	16.24	200.3	1599	15	102.2	-7.81	0.104	1.0	-0.22	2.74	1.00	0.00	0.16	111115
102	"01:49:50"	7854.0	0	0.462	0.00518	233	0.234	4.49	34.32	6	1.42	1	2.84	35.70	34.32	37.10	400.54	398.87	8.634	9.329	15.03	16.24	200.3	1599	15	102.2	-7.81	0.104	1.0	-0.22	2.74	1.00	0.00	0.16	111115
103	"01:49:51"	7854.5	0	0.469	0.00518	231	0.235	4.49	34.32	6	1.42	1	2.84	35.70	34.32	37.10	400.55	398.87	8.634	9.330	15.03	16.24	200.3	1599	15	102.2	-7.81	0.104	1.0	-0.22	2.74	1.00	0.00	0.16	111115
104	"01:49:52"	7855.5	0	0.469	0.00519	231	0.235	4.49	34.32	6	1.42	1	2.84	35.70	34.32	37.10	400.55	398.86	8.633	9.330	15.03	16.24	200.3	1599	15	102.2	-7.81	0.104	1.0	-0.22	2.74	1.00	0.00	0.16	111115
105	"01:49:54"	7857.5	0	0.444	0.00517	238	0.234	4.49	34.32	6	1.42	1	2.84	35.70	34.32	37.10	400.53	398.92	8.634	9.328	15.03	16.24	200.3	1599	15	102.2	-7.81	0.104	1.0	-0.22	2.74	1.00	0.00	0.16	111115
106	"02:11:24"	9146.5	0	0.3	0.00382	244	0.221	5.68	38.60	6	1.42	1	2.84	41.27	38.60	43.13	400.69	399.53	11.105	11.758	14.30	15.15	200.3	1601	13	102.2	-7.62	0.0197	1.0	-0.22	2.74	1.00	0.00	0.16	111115
107	"02:11:24"	9147.5	0	0.308	0.00382	241	0.221	5.68	38.60	6	1.42	1	2.84	41.27	38.60	43.14	400.73	399.55	11.104	11.757	14.30	15.15	200.3	1601	13	102.2	-7.62	0.0197	1.0	-0.22	2.74	1.00	0.00	0.16	111115
108	"02:11:25"	9148.0	0	0.312	0.00382	239	0.221	5.68	38.60	6	1.42	1	2.84	41.27	38.60	43.14	400.74	399.54	11.104	11.757	14.30	15.15	200.3	1601	13	102.2	-7.62	0.0197	1.0	-0.22	2.74	1.00	0.00	0.16	111115
109	"02:11:26"	9149.0	0	0.314	0.00382	238	0.22	5.68	38.60	6	1.42	1	2.84	41.27	38.60	43.14	400.77	399.56	11.104	11.756	14.30	15.15	200.3	1601	13	102.2	-7.62	0.0197	1.0	-0.22	2.74	1.00	0.00	0.16	111115
110	"02:11:27"	9150.0	0	0.309	0.00382	240	0.221	5.67	38.60	6	1.42	1	2.84	41.27	38.60	43.14	400.76	399.57	11.103	11.756	14.30	15.15	200.3	1601	13	102.2	-7.62	0.0197	1.0	-0.22	2.74	1.00	0.00	0.16	111115
111	"02:11:28"	9150.5	0	0.303	0.00381	243	0.22	5.67	38.60	6	1.42	1	2.84	41.27	38.60	43.14	400.74	399.57	11.104	11.756	14.31	15.15	200.3	1601	13	102.2	-7.62	0.0197	1.0	-0.22	2.74	1.00	0.00	0.16	111115
112	"02:11:28"	9151.5	0	0.277	0.00381	253	0.22	5.67	38.59	6	1.42	1	2.84	41.27	38.59	43.14	400.68	399.59	11.105	11.757	14.31	15.15	200.3	1601	13	102.2	-7.62	0.0197	1.0	-0.22	2.74	1.00	0.00	0.16	111115
113	"02:11:29"	9152.0	0	0.272	0.00382	255	0.22	5.67	38.59	6	1.42	1	2.84	41.27	38.59	43.14	400.67	399.59	11.105	11.757	14.31	15.15	200.3	1601	13	102.2	-7.62	0.0197	1.0	-0.22	2.74	1.00	0.00	0.16	111115
114	"02:11:30"	9153.0	0	0.263	0.00382	259	0.22	5.67	38.59	6	1.42	1	2.84	41.27	38.59	43.14	400.63	399.58	11.105	11.757	14.30	15.15	200.3	1601	13	102.2	-7.62	0.0197	1.0	-0.22	2.74	1.00	0.00	0.16	111115
115	"02:11:31"	9153.5	0	0.259	0.00381	260	0.22	5.67	38.59	6	1.42	1	2.84	41.27	38.59	43.14	400.61	399.57	11.105	11.756	14.31	15.14	200.3	1601	13	102.2	-7.62	0.0197	1.0	-0.22	2.74	1.00	0.00	0.16	111115
116	"02:11:31"	9154.5	0	0.265	0.00382	258	0.221	5.67	38.59	6	1.42	1	2.84	41.27	38.59	43.14	400.62	399.56	11.103	11.756	14.30	15.15	200.3	1601	13	102.2	-7.62	0.0197	1.0	-0.22	2.74	1.00	0.00	0.16	111115
117	"02:11:32"	9155.5	0	0.294	0.00383	247	0.221	5.67	38.59	6	1.42	1	2.84	41.27	38.59	43.14	400.69	399.55	11.102	11.758	14.30	15.15	200.3	1601	13	102.2	-7.62	0.0197	1.0	-0.22	2.74	1.00	0.00	0.16	111115
118	"02:11:33"	9156.0	0	0.306	0.00383	242	0.221	5.67	38.60	6	1.42	1	2.84	41.27	38.60	43.14	400.70	399.52	11.103	11.758	14.30	15.15	200.3	1601	13	102.2	-7.62	0.0197	1.0	-0.22	2.74	1.00	0.00	0.16	111115
119	"02:11:34"	9157.0	0	0.31	0.00383	240	0.221	5.68	38.60	6	1.42	1	2.84	41.27	38.60	43.14	400.71	399.52	11.103	11.758	14.31	15.15	200.3	1601	13	102.2	-7.62	0.0197	1.0	-0.22	2.74	1.00	0.00	0.16	111115
120	"02:11:35"	9157.5	0	0.313	0.00383	239	0.221	5.68	38.60	6	1.42	1	2.84	41.27	38.60	43.14	400.71	399.51	11.103	11.758	14.30	15.15	200.3	1601	13	102.2	-7.62	0.0197	1.0	-0.22	2.74	1.00	0.00	0.16	111115
121	"02:27:54"	10137.5	0	0.172	0.0038	288	0.268	6.88	41.61	6	1.42	1	2.84	46.40	41.61	48.99	399.97	399.13	10.937	11.730	10.79	11.57	200.3	1599	14	102.2	-7.58	0.00875	1.0	-0.22	2.74	1.00	0.00	0.16	111115
122	"02:27:55"	10138.0	0	0.182	0.0038	284	0.268	6.88	41.61	6	1.42	1	2.84	46.40	41.61	48.99	399.98	399.11	10.937	11.729	10.79	11.57	200.3	1599	14	102.2	-7.58	0.00875	1.0	-0.22	2.74	1.00	0.00	0.16	111115
123	"02:27:55"	10139.0	0	0.185	0.00379	282	0.267	6.88	41.61	6	1.42	1	2.84	46.40	41.61	48.99	399.99	399.12	10.938	11.727	10.79	11.57	200.3	1599	14	102.2	-7.58	0.00875	1.0	-0.22	2.74	1.00	0.00	0.16	111115
124	"02:27:56"	10139.5	0	0.189	0.00379	281	0.267	6.88	41.61	6	1.42	1	2.84	46.40	41.61	48.99	400.00	399.11	10.937	11.727	10.79	11.57	200.3	1599	14	102.2	-7.58	0.00875	1.0	-0.22	2.74	1.00	0.00	0.16	111115
125	"02:27:57"	10140.5	0	0.196	0.00379	278	0.267	6.88	41.61	6	1.42	1	2.84	46.40	41.61	48.99	400.01	399.10	10.938	11.726	10.79	11.57	200.4	1599	14	102.2	-7.58	0.00875	1.0	-0.22	2.74	1.00	0.00	0.16	111115
126	"02:27:58"	10141.0	0	0.193	0.00379	279	0.267	6.88	41.61	6	1.42	1	2.84	46.40	41.61	48.99	400.00	399.11	10.937	11.727	10.79	11.57	200.4	1599	14	102.2	-7.58	0.00875	1.0	-0.22	2.74	1.00	0.00	0.16	111115
127	"02:27:58"	10142.0	0	0.188	0.00378	281	0.266	6.88	41.61	6	1.42	1	2.84	46.40	41.61	48.99	400.02	399.14	10.938	11.726	10.79	11.57	200.4	1599	14	102.2	-7.58	0.00875	1.0	-0.22	2.74	1.00	0.00	0.16	111115
128	"02:27:59"	10142.5	0	0.195	0.00378	278	0.266	6.88	41.61	6	1.42	1	2.84	46.40	41.61	49.00	400.02	399.12	10.938	11.726	10.79	11.57	200.4	1599	14	102.2	-7.58	0.00875	1.0	-0.22	2.74	1.00	0.00	0.16	111115
129	"02:28:00"	10143.5	0	0.183	0.00378	283	0.266	6.88	41.61	6	1.42	1	2.84	46.40	41.61	49.00	400.00	399.13	10.939	11.725	10.79	11.57	200.4	1599	14	102.2	-7.58	0.00875	1.0	-0.22	2.74	1.00	0.00	0.16	111115
130	"02:28:01"	10144.0	0	0.186	0.00377	282	0.266	6.88	41.61	6	1.42	1	2.84	46.40	41.61	49.00	400.00	399.12	10.939	11.725	10.79	11.57	200.4	1599	14	102.2	-7.58	0.00875	1.0	-0.22	2.74	1.00	0.00	0.16	111115
131	"02:28:01"	10145.0	0	0.177	0.00377	285	0.266	6.87	41.60	6	1.42	1	2.84	46.40	41.60	49.00	399.99	399.14	10.939	11.725	10.79	11.57	200.3	1599	14	102.2	-7.58	0.00875	1.0	-0.22	2.74	1.00	0.00	0.16	111115
132	"02:28:02"	10145.5	0	0.183	0.00378	283	0.266	6.87	41.60	6	1.42	1	2.84	46.40	41.60	49.00	399.99	399.13	10.939	11.727	10.79	11.57	200.3	1599	14	102.2	-7.58	0.00875	1.0	-0.22	2.74	1.00	0.00	0.16	111115
133	"02:28:03"	10146.5	0	0.19	0.00379	280	0.266	6.88	41.61	6	1.42	1	2.84	46.40	41.61	49.00	400.00	399.11	10.938	11.727	10.79	11.57	200.3	1599	14	102.2	-7.58	0.00875	1.0	-0.22	2.74	1.00	0.00	0.16	111115
134	"02:28:04"	10147.0	0	0.191	0.00379	280	0.267	6.88	41.61	6	1.42	1	2.84	46.40	41.61	49.00	400.00	399.11	10.938	11.727	10.79	11.57	200.3	1599	14	102.2	-7.58	0.00875	1.0	-0.22	2.74	1.00	0.00	0.16	111115
135	"02:28:04"	10148.0	0	0.19	0.00379	281	0.267	6.88	41.61	6	1.42	1	2.84	46.40	41.61	48.99	399.99	399.10	10.937	11.727	10.79	11.57	200.3	1599	14	102.2	-7.58	0.00875	1.0	-0.22	2.74	1.00	0.00	0.16	111115
