"OPEN 6.1.4"
"Sun Feb  6 2106 02:15:49"
<open><version>"6.1.4"</version></open>
<open><configfile>"/User/Configs/UserPrefs/LED2x3.xml"</configfile></open>
<open><light><source>"6400-02 or -02B LED Source"</source><par_in>1 <sensor>"SI-2541"<cal>-0.81<actinity>1.00</actinity><transm>1.00</transm></cal></sensor><transm>1 </transm></par_in><par_out>1 <sensor>"Q40855"<cal>6.35 </cal></sensor></par_out></light></open>
<open><comps><file>"/User/Configs/Comps/StdComps_6.1"<header>""</header><extras></extras></file><energybal>no<f_parIn>1 </f_parIn><f_parOut>0 </f_parOut><alphaK>0.16</alphaK></energybal><bc_total>2.840<stomatal_ratio>1</stomatal_ratio><bc_oneside>1.420<type>2 </type><table>"/Sys/Lib/StdBLCTable"</table><area>6</area><slope>-0.219565 </slope><offset>2.73739 </offset><fan>5 </fan></bc_oneside></bc_total></comps></open>
<open><prompts><onlog>off</onlog><items>"Default (none)"</items></prompts></open>
<open><constants><oxygen>21 %</oxygen><bb_vapor>1.5 </bb_vapor><bb_oxy>0.9 </bb_oxy></constants></open>
<open><stability><items>"Std Stability"<items[1]><id>-2 </id><size>15 </size><pcv><onoff>0 </onoff><value>1 </value></pcv><std><onoff>0 </onoff><value>1 </value></std><slp><onoff>1 </onoff><value>1 </value></slp></items[1]><items[2]><id>-5 </id><size>15 </size><pcv><onoff>0 </onoff><value>1 </value></pcv><std><onoff>0 </onoff><value>1 </value></std><slp><onoff>1 </onoff><value>1 </value></slp></items[2]><items[3]><id>-7 </id><size>15 </size><pcv><onoff>0 </onoff><value>1 </value></pcv><std><onoff>0 </onoff><value>1 </value></std><slp><onoff>1 </onoff><value>1 </value></slp></items[3]></items></stability></open>
<open><log><format>"StdLogFmt_6.0"<items>{ -35  -21  -36  -76  30  23  36  21  25  221  -33  111  -34  11  -9  -10  -8  -1  -2  -4  -5  -14  -15  -7  -12  -13  -11  -65  -66  -72  -18  -19  -77  -78  -79  -23   }<hdr>{  }</hdr></items></format><options><beep>on</beep><hdr>normal</hdr><rem>normal</rem><stab>no</stab><stats>no<period>15 </period></stats><excel>yes</excel><comm>no</comm></options><datafile>"/User/jcg_gash_6"</datafile><button><action>"Normal Log"<code>" LogOneObsManual "</code></action></button><autoprog>"/User/Configs/AutoProgs/AutoLog"<active>no</active></autoprog></log></open>
<open><a2d><avgtime>4.0 secs</avgtime><userchans><ch20>"Off"</ch20><ch21>"Off"</ch21><ch22>"Off"</ch22><ch23>"Off"</ch23></userchans></a2d></open>
<open><matching><type>0 </type><disp>'a'</disp><settings><CO2Limit>10.0</CO2Limit><H2OLimit>1.0</H2OLimit><MaxAutoTime>60 </MaxAutoTime></settings></matching></open>
<li6400><factory><unit>"PSC-2519"</unit><serviced>"1 Aug 2013"</serviced><fuseaware>0 </fuseaware><co2mixer>yes</co2mixer><co2><coeffs>{ 0  0.217817  1.90936e-05  2.56335e-08  -5.21136e-12  5.14133e-16   }</coeffs><dvdt>-3.1 </dvdt><xs>{ 0.0008  -0.0006   }</xs></co2><h2o><coeffs>{ 0  0.00577826  2.21643e-06  -7.00029e-12   }</coeffs><dvdt>-2.3 </dvdt><xs>{ -0.0051  0.0023   }</xs></h2o><flow>{ 0  0.3744   }</flow><press>{ 86.571  0.0055   }</press></factory></li6400>
<li6400><user><flow_zero>-277.5</flow_zero><irga_zero><co2>1165.9 853.8<at>28.8058 </at></co2><h2o>1360.9 1555.9<at>30.0013 </at></h2o></irga_zero><irga_span><co2>{ 1.016  1.01529   }</co2><h2o>{ 1.05479  1.08601   }</h2o></irga_span><irga_match><co2>{ 0.17117  -6.88231   }</co2><h2o>{ -0.036676  0.255363   }</h2o></irga_match><co2_mixer><pump_mv>4500 </pump_mv><ppm>{ 2127.98  1010.65  388.241  227.934  94.9201  47.1748  34.635  32.3342   }</ppm><mv>{ 5000  3000  1500  1000  500  300  200  100   }</mv></co2_mixer><parin_offset>-0.120314 </parin_offset><led_cal><unit>"SI-2541"</unit><mv>{ 10  25  50  100  1000  2000  3000  4000  5000   }</mv><qntm>{ 2.01301  8.80926  21.163  50.9379  635.024  1268.62  1868.91  2441.75  2980.87   }</qntm></led_cal><lcf_cal><unit>"LCF-1015"</unit><red><mv>{ 50  100  200  400  800  1500   }</mv><qntm>{ 63.946  145.991  315.029  669.142  1387.95  2639.5   }</qntm></red><blue><mv>{ 100  500  1000  2000  3000  4000  5000   }</mv><qntm>{ 8.52557  37.8843  71.6104  129.288  182.615  231.294  272.803   }</qntm></blue></lcf_cal></user></li6400>
"02:15:51 "
$STARTOFDATA$
"Obs"	"HHMMSS"	"FTime"	"EBal?"	"Photo"	"Cond"	"Ci"	"Trmmol"	"VpdL"	"CTleaf"	"Area"	"BLC_1"	"StmRat"	"BLCond"	"Tair"	"Tleaf"	"TBlk"	"CO2R"	"CO2S"	"H2OR"	"H2OS"	"RH_R"	"RH_S"	"Flow"	"PARi"	"PARo"	"Press"	"CsMch"	"HsMch"	"StableF"	"BLCslope"	"BLCoffst"	"f_parin"	"f_parout"	"alphaK"	"Status"
1	"02:16:56"	70.0	0	3.19	0.028	198	0.522	1.9	19.20	6	1.42	1	2.84	14.78	19.20	13.03	400.04	389.89	1.722	3.279	10.43	19.87	200.3	1600	10	102.2	-6.88	0.255	1.0	-0.22	2.74	1.00	0.00	0.16	111115
2	"02:16:57"	71.0	0	3.18	0.028	198	0.521	1.9	19.20	6	1.42	1	2.84	14.78	19.20	13.03	400.01	389.89	1.723	3.279	10.44	19.87	200.3	1600	10	102.2	-6.88	0.255	1.0	-0.22	2.74	1.00	0.00	0.16	111115
3	"02:16:58"	72.0	0	3.17	0.028	199	0.521	1.9	19.19	6	1.42	1	2.84	14.78	19.19	13.03	400.00	389.90	1.723	3.279	10.44	19.87	200.3	1600	10	102.2	-6.88	0.255	1.0	-0.22	2.74	1.00	0.00	0.16	111115
4	"02:16:59"	72.5	0	3.17	0.028	198	0.521	1.9	19.19	6	1.42	1	2.84	14.78	19.19	13.03	400.01	389.90	1.723	3.278	10.44	19.86	200.3	1600	10	102.2	-6.88	0.255	1.0	-0.22	2.74	1.00	0.00	0.16	111115
5	"02:17:00"	73.5	0	3.18	0.028	198	0.521	1.9	19.19	6	1.42	1	2.84	14.78	19.19	13.03	400.03	389.88	1.723	3.278	10.44	19.86	200.3	1600	10	102.2	-6.88	0.255	1.0	-0.22	2.74	1.00	0.00	0.16	111115
6	"02:17:00"	74.5	0	3.18	0.028	198	0.521	1.9	19.20	6	1.42	1	2.84	14.78	19.20	13.03	400.00	389.87	1.723	3.277	10.44	19.86	200.3	1601	10	102.2	-6.88	0.255	1.0	-0.22	2.74	1.00	0.00	0.16	111115
7	"02:17:01"	75.0	0	3.18	0.028	198	0.521	1.9	19.20	6	1.42	1	2.84	14.78	19.20	13.03	399.98	389.85	1.722	3.277	10.44	19.86	200.3	1600	10	102.2	-6.88	0.255	1.0	-0.22	2.74	1.00	0.00	0.16	111115
8	"02:17:02"	76.0	0	3.19	0.028	197	0.52	1.9	19.20	6	1.42	1	2.84	14.78	19.20	13.03	400.00	389.84	1.723	3.276	10.44	19.86	200.3	1600	10	102.2	-6.88	0.255	1.0	-0.22	2.74	1.00	0.00	0.16	111115
9	"02:17:03"	77.0	0	3.18	0.028	198	0.521	1.9	19.20	6	1.42	1	2.84	14.78	19.20	13.03	399.98	389.85	1.722	3.277	10.44	19.86	200.3	1600	10	102.2	-6.88	0.255	1.0	-0.22	2.74	1.00	0.00	0.16	111115
10	"02:17:04"	77.5	0	3.18	0.028	197	0.521	1.9	19.20	6	1.42	1	2.84	14.78	19.20	13.03	399.98	389.84	1.722	3.277	10.44	19.86	200.3	1600	10	102.2	-6.88	0.255	1.0	-0.22	2.74	1.00	0.00	0.16	111115
11	"02:17:04"	78.5	0	3.2	0.028	197	0.521	1.9	19.20	6	1.42	1	2.84	14.78	19.20	13.03	399.99	389.81	1.722	3.278	10.44	19.87	200.3	1600	10	102.2	-6.88	0.255	1.0	-0.22	2.74	1.00	0.00	0.16	111115
12	"02:17:05"	79.5	0	3.2	0.028	197	0.522	1.9	19.20	6	1.42	1	2.84	14.78	19.20	13.03	400.00	389.81	1.722	3.279	10.44	19.88	200.3	1600	10	102.2	-6.88	0.255	1.0	-0.22	2.74	1.00	0.00	0.16	111115
13	"02:17:06"	80.0	0	3.2	0.028	197	0.522	1.9	19.20	6	1.42	1	2.84	14.78	19.20	13.03	400.00	389.80	1.722	3.280	10.44	19.88	200.3	1600	10	102.2	-6.88	0.255	1.0	-0.22	2.74	1.00	0.00	0.16	111115
14	"02:17:07"	81.0	0	3.22	0.028	195	0.521	1.9	19.20	6	1.42	1	2.84	14.78	19.20	13.03	400.01	389.75	1.723	3.279	10.44	19.87	200.4	1600	10	102.2	-6.88	0.255	1.0	-0.22	2.74	1.00	0.00	0.16	111115
15	"02:17:08"	82.0	0	3.22	0.028	195	0.521	1.9	19.20	6	1.42	1	2.84	14.78	19.20	13.03	400.01	389.75	1.722	3.279	10.44	19.88	200.3	1601	10	102.2	-6.88	0.255	1.0	-0.22	2.74	1.00	0.00	0.16	111115
16	"02:29:38"	832.5	0	3.56	0.0315	196	0.672	2.17	21.57	6	1.42	1	2.84	18.13	21.57	16.99	400.38	388.93	2.061	4.066	10.09	19.90	200.3	1599	15	102.2	-6.99	0.234	1.0	-0.22	2.74	1.00	0.00	0.16	111115
17	"02:29:39"	833.5	0	3.56	0.0315	196	0.672	2.17	21.57	6	1.42	1	2.84	18.13	21.57	16.99	400.38	388.93	2.061	4.066	10.09	19.90	200.3	1599	15	102.2	-6.99	0.234	1.0	-0.22	2.74	1.00	0.00	0.16	111115
18	"02:29:40"	834.0	0	3.56	0.0315	196	0.672	2.17	21.57	6	1.42	1	2.84	18.13	21.57	16.99	400.38	388.92	2.062	4.066	10.09	19.90	200.3	1599	15	102.2	-6.99	0.234	1.0	-0.22	2.74	1.00	0.00	0.16	111115
19	"02:29:40"	835.0	0	3.56	0.0316	197	0.673	2.17	21.57	6	1.42	1	2.84	18.13	21.57	16.99	400.35	388.91	2.061	4.068	10.09	19.91	200.3	1599	15	102.2	-6.99	0.234	1.0	-0.22	2.74	1.00	0.00	0.16	111115
20	"02:29:41"	835.5	0	3.57	0.0316	196	0.673	2.17	21.57	6	1.42	1	2.84	18.13	21.57	16.99	400.36	388.90	2.061	4.067	10.09	19.91	200.3	1599	15	102.2	-6.99	0.234	1.0	-0.22	2.74	1.00	0.00	0.16	111115
21	"02:29:42"	836.0	0	3.57	0.0316	196	0.673	2.17	21.57	6	1.42	1	2.84	18.13	21.57	16.99	400.37	388.89	2.061	4.067	10.09	19.91	200.3	1599	15	102.2	-6.99	0.234	1.0	-0.22	2.74	1.00	0.00	0.16	111115
22	"02:29:42"	837.0	0	3.57	0.0316	196	0.672	2.17	21.57	6	1.42	1	2.84	18.13	21.57	16.99	400.36	388.89	2.062	4.067	10.09	19.91	200.3	1599	15	102.2	-6.99	0.234	1.0	-0.22	2.74	1.00	0.00	0.16	111115
23	"02:29:43"	837.5	0	3.57	0.0316	196	0.673	2.17	21.56	6	1.42	1	2.84	18.13	21.56	16.99	400.36	388.90	2.061	4.068	10.09	19.91	200.3	1599	15	102.2	-6.99	0.234	1.0	-0.22	2.74	1.00	0.00	0.16	111115
24	"02:29:44"	838.5	0	3.56	0.0316	197	0.672	2.17	21.56	6	1.42	1	2.84	18.13	21.56	16.99	400.38	388.92	2.061	4.067	10.09	19.91	200.3	1599	15	102.2	-6.99	0.234	1.0	-0.22	2.74	1.00	0.00	0.16	111115
25	"02:29:45"	839.0	0	3.55	0.0316	197	0.672	2.17	21.56	6	1.42	1	2.84	18.13	21.56	16.99	400.36	388.93	2.062	4.066	10.09	19.91	200.3	1599	15	102.2	-6.99	0.234	1.0	-0.22	2.74	1.00	0.00	0.16	111115
26	"02:29:45"	839.5	0	3.54	0.0316	198	0.672	2.17	21.56	6	1.42	1	2.84	18.13	21.56	16.99	400.35	388.95	2.061	4.067	10.09	19.91	200.3	1599	15	102.2	-6.99	0.234	1.0	-0.22	2.74	1.00	0.00	0.16	111115
27	"02:29:46"	840.5	0	3.54	0.0316	198	0.672	2.17	21.56	6	1.42	1	2.84	18.13	21.56	16.99	400.36	388.96	2.062	4.067	10.09	19.90	200.3	1599	15	102.2	-6.99	0.234	1.0	-0.22	2.74	1.00	0.00	0.16	111115
28	"02:29:47"	841.0	0	3.54	0.0316	198	0.672	2.17	21.56	6	1.42	1	2.84	18.13	21.56	16.99	400.37	388.97	2.062	4.066	10.09	19.90	200.3	1599	15	102.2	-6.99	0.234	1.0	-0.22	2.74	1.00	0.00	0.16	111115
29	"02:29:47"	842.0	0	3.54	0.0316	198	0.672	2.17	21.56	6	1.42	1	2.84	18.13	21.56	16.99	400.37	388.97	2.062	4.067	10.09	19.91	200.3	1599	15	102.2	-6.99	0.234	1.0	-0.22	2.74	1.00	0.00	0.16	111115
30	"02:29:48"	842.5	0	3.54	0.0316	198	0.672	2.17	21.56	6	1.42	1	2.84	18.13	21.56	16.99	400.37	388.97	2.062	4.068	10.09	19.91	200.3	1599	15	102.2	-6.99	0.234	1.0	-0.22	2.74	1.00	0.00	0.16	111115
31	"02:44:45"	1738.5	0	3.88	0.0343	194	0.846	2.5	24.22	6	1.42	1	2.84	21.67	24.22	21.09	400.31	387.71	2.685	5.208	10.55	20.45	200.3	1599	11	102.2	-7.06	0.215	1.0	-0.22	2.74	1.00	0.00	0.16	111115
32	"02:44:45"	1739.5	0	3.87	0.0343	194	0.846	2.5	24.22	6	1.42	1	2.84	21.67	24.22	21.09	400.29	387.73	2.686	5.207	10.55	20.45	200.3	1599	11	102.2	-7.06	0.215	1.0	-0.22	2.74	1.00	0.00	0.16	111115
33	"02:44:46"	1740.5	0	3.86	0.0343	194	0.846	2.5	24.22	6	1.42	1	2.84	21.67	24.22	21.09	400.29	387.74	2.687	5.207	10.55	20.45	200.3	1599	11	102.2	-7.06	0.215	1.0	-0.22	2.74	1.00	0.00	0.16	111115
34	"02:44:47"	1741.5	0	3.86	0.0344	195	0.846	2.5	24.21	6	1.42	1	2.84	21.67	24.21	21.09	400.28	387.74	2.686	5.207	10.55	20.45	200.3	1599	11	102.2	-7.06	0.215	1.0	-0.22	2.74	1.00	0.00	0.16	111115
35	"02:44:48"	1742.5	0	3.86	0.0344	195	0.846	2.5	24.21	6	1.42	1	2.84	21.67	24.21	21.09	400.30	387.76	2.686	5.207	10.55	20.45	200.3	1599	11	102.2	-7.06	0.215	1.0	-0.22	2.74	1.00	0.00	0.16	111115
36	"02:44:49"	1743.5	0	3.84	0.0343	195	0.845	2.5	24.21	6	1.42	1	2.84	21.67	24.21	21.09	400.28	387.78	2.686	5.204	10.55	20.44	200.3	1599	11	102.2	-7.06	0.215	1.0	-0.22	2.74	1.00	0.00	0.16	111115
37	"02:44:50"	1744.0	0	3.84	0.0343	195	0.845	2.5	24.21	6	1.42	1	2.84	21.67	24.21	21.09	400.26	387.78	2.686	5.203	10.55	20.44	200.3	1599	11	102.2	-7.06	0.215	1.0	-0.22	2.74	1.00	0.00	0.16	111115
38	"02:44:51"	1745.0	0	3.83	0.0343	196	0.845	2.5	24.21	6	1.42	1	2.84	21.68	24.21	21.09	400.27	387.81	2.686	5.204	10.55	20.44	200.3	1599	11	102.2	-7.06	0.215	1.0	-0.22	2.74	1.00	0.00	0.16	111115
39	"02:44:52"	1746.0	0	3.82	0.0343	196	0.844	2.5	24.21	6	1.42	1	2.84	21.68	24.21	21.09	400.26	387.83	2.686	5.202	10.55	20.43	200.3	1599	11	102.2	-7.06	0.215	1.0	-0.22	2.74	1.00	0.00	0.16	111115
40	"02:44:53"	1746.5	0	3.81	0.0343	196	0.844	2.5	24.22	6	1.42	1	2.84	21.68	24.22	21.09	400.24	387.85	2.686	5.202	10.55	20.43	200.3	1599	11	102.2	-7.06	0.215	1.0	-0.22	2.74	1.00	0.00	0.16	111115
41	"02:44:53"	1747.5	0	3.83	0.0343	196	0.845	2.5	24.22	6	1.42	1	2.84	21.68	24.22	21.09	400.29	387.84	2.686	5.202	10.55	20.43	200.3	1599	11	102.2	-7.06	0.215	1.0	-0.22	2.74	1.00	0.00	0.16	111115
42	"02:44:54"	1748.0	0	3.83	0.0343	196	0.845	2.5	24.22	6	1.42	1	2.84	21.68	24.22	21.09	400.30	387.85	2.685	5.202	10.54	20.43	200.3	1599	11	102.2	-7.06	0.215	1.0	-0.22	2.74	1.00	0.00	0.16	111115
43	"02:44:55"	1748.5	0	3.82	0.0343	196	0.844	2.5	24.21	6	1.42	1	2.84	21.68	24.21	21.09	400.31	387.87	2.685	5.201	10.55	20.42	200.3	1599	11	102.2	-7.06	0.215	1.0	-0.22	2.74	1.00	0.00	0.16	111115
44	"02:44:55"	1749.0	0	3.83	0.0343	196	0.844	2.5	24.21	6	1.42	1	2.84	21.68	24.21	21.09	400.30	387.86	2.685	5.200	10.55	20.42	200.3	1599	11	102.2	-7.06	0.215	1.0	-0.22	2.74	1.00	0.00	0.16	111115
45	"02:44:56"	1749.5	0	3.82	0.0343	196	0.844	2.5	24.21	6	1.42	1	2.84	21.68	24.21	21.09	400.30	387.86	2.685	5.201	10.55	20.42	200.3	1599	11	102.2	-7.06	0.215	1.0	-0.22	2.74	1.00	0.00	0.16	111115
46	"02:55:45"	2398.5	0	3.76	0.033	190	0.945	2.9	26.63	6	1.42	1	2.84	25.04	26.63	25.00	399.95	387.59	3.093	5.907	9.91	18.94	200.3	1600	10	102.2	-7.07	0.201	1.0	-0.22	2.74	1.00	0.00	0.16	111115
47	"02:55:45"	2399.5	0	3.74	0.033	191	0.945	2.9	26.63	6	1.42	1	2.84	25.04	26.63	25.00	399.89	387.59	3.092	5.907	9.91	18.94	200.3	1600	10	102.2	-7.07	0.201	1.0	-0.22	2.74	1.00	0.00	0.16	111115
48	"02:55:46"	2400.0	0	3.73	0.033	192	0.945	2.9	26.62	6	1.42	1	2.84	25.04	26.62	25.00	399.90	387.62	3.093	5.907	9.91	18.94	200.3	1600	10	102.2	-7.07	0.201	1.0	-0.22	2.74	1.00	0.00	0.16	111115
49	"02:55:47"	2401.0	0	3.76	0.033	190	0.945	2.9	26.62	6	1.42	1	2.84	25.04	26.62	25.00	399.96	387.59	3.092	5.906	9.91	18.93	200.3	1600	10	102.2	-7.07	0.201	1.0	-0.22	2.74	1.00	0.00	0.16	111115
50	"02:55:48"	2402.0	0	3.79	0.033	189	0.945	2.9	26.62	6	1.42	1	2.84	25.04	26.62	25.00	400.04	387.59	3.092	5.906	9.91	18.93	200.3	1600	10	102.2	-7.07	0.201	1.0	-0.22	2.74	1.00	0.00	0.16	111115
51	"02:55:49"	2402.5	0	3.8	0.033	188	0.945	2.9	26.62	6	1.42	1	2.84	25.04	26.62	25.00	400.09	387.61	3.092	5.905	9.91	18.93	200.3	1600	10	102.2	-7.07	0.201	1.0	-0.22	2.74	1.00	0.00	0.16	111115
52	"02:55:50"	2403.5	0	3.83	0.033	187	0.944	2.9	26.61	6	1.42	1	2.84	25.04	26.61	25.00	400.19	387.62	3.093	5.904	9.91	18.93	200.3	1600	10	102.2	-7.07	0.201	1.0	-0.22	2.74	1.00	0.00	0.16	111115
53	"02:55:50"	2404.5	0	3.85	0.033	186	0.943	2.9	26.61	6	1.42	1	2.84	25.04	26.61	25.00	400.23	387.61	3.092	5.902	9.91	18.92	200.3	1600	10	102.2	-7.07	0.201	1.0	-0.22	2.74	1.00	0.00	0.16	111115
54	"02:55:51"	2405.0	0	3.85	0.033	186	0.943	2.9	26.61	6	1.42	1	2.84	25.04	26.61	25.00	400.26	387.63	3.093	5.902	9.91	18.92	200.3	1600	10	102.2	-7.07	0.201	1.0	-0.22	2.74	1.00	0.00	0.16	111115
55	"02:55:52"	2406.0	0	3.86	0.033	185	0.943	2.9	26.62	6	1.42	1	2.84	25.04	26.62	25.00	400.27	387.62	3.093	5.900	9.91	18.91	200.3	1600	10	102.2	-7.07	0.201	1.0	-0.22	2.74	1.00	0.00	0.16	111115
56	"02:55:53"	2407.0	0	3.84	0.033	186	0.943	2.9	26.62	6	1.42	1	2.84	25.04	26.62	25.00	400.25	387.64	3.093	5.900	9.91	18.91	200.3	1600	10	102.2	-7.07	0.201	1.0	-0.22	2.74	1.00	0.00	0.16	111115
57	"02:55:54"	2407.0	0	3.84	0.033	186	0.943	2.9	26.62	6	1.42	1	2.84	25.04	26.62	25.00	400.25	387.64	3.093	5.900	9.91	18.91	200.3	1600	10	102.2	-7.07	0.201	1.0	-0.22	2.74	1.00	0.00	0.16	111115
58	"02:55:55"	2408.5	0	3.82	0.0329	187	0.943	2.9	26.63	6	1.42	1	2.84	25.04	26.63	25.00	400.20	387.67	3.093	5.900	9.91	18.91	200.3	1600	10	102.2	-7.07	0.201	1.0	-0.22	2.74	1.00	0.00	0.16	111115
59	"02:55:56"	2409.5	0	3.79	0.0329	188	0.942	2.9	26.63	6	1.42	1	2.84	25.04	26.63	25.00	400.14	387.68	3.093	5.898	9.91	18.91	200.3	1600	10	102.2	-7.07	0.201	1.0	-0.22	2.74	1.00	0.00	0.16	111115
60	"02:55:56"	2410.0	0	3.78	0.0329	189	0.942	2.9	26.63	6	1.42	1	2.84	25.04	26.63	25.00	400.11	387.70	3.093	5.898	9.91	18.90	200.3	1600	10	102.2	-7.07	0.201	1.0	-0.22	2.74	1.00	0.00	0.16	111115
61	"03:09:47"	3241.0	0	3.13	0.026	179	0.899	3.49	29.23	6	1.42	1	2.84	28.60	29.23	29.10	399.15	388.74	3.085	5.763	8.02	14.99	200.3	1599	9	102.2	-7.04	0.199	1.0	-0.22	2.74	1.00	0.00	0.16	111115
62	"03:09:48"	3242.0	0	3.13	0.026	179	0.899	3.48	29.22	6	1.42	1	2.84	28.60	29.22	29.10	399.17	388.76	3.086	5.763	8.02	14.99	200.3	1599	8	102.2	-7.04	0.199	1.0	-0.22	2.74	1.00	0.00	0.16	111115
63	"03:09:49"	3243.0	0	3.13	0.026	179	0.899	3.48	29.22	6	1.42	1	2.84	28.60	29.22	29.10	399.19	388.76	3.085	5.762	8.02	14.98	200.3	1599	8	102.2	-7.04	0.199	1.0	-0.22	2.74	1.00	0.00	0.16	111115
64	"03:09:50"	3243.5	0	3.13	0.026	179	0.898	3.48	29.22	6	1.42	1	2.84	28.60	29.22	29.10	399.20	388.78	3.086	5.761	8.02	14.98	200.3	1599	8	102.2	-7.04	0.199	1.0	-0.22	2.74	1.00	0.00	0.16	111115
65	"03:09:50"	3244.5	0	3.12	0.026	179	0.898	3.48	29.21	6	1.42	1	2.84	28.60	29.21	29.10	399.19	388.79	3.086	5.760	8.02	14.98	200.3	1599	8	102.2	-7.04	0.199	1.0	-0.22	2.74	1.00	0.00	0.16	111115
66	"03:09:51"	3245.5	0	3.12	0.0259	179	0.897	3.48	29.21	6	1.42	1	2.84	28.60	29.21	29.10	399.18	388.77	3.086	5.757	8.03	14.97	200.3	1599	8	102.2	-7.04	0.199	1.0	-0.22	2.74	1.00	0.00	0.16	111115
67	"03:09:52"	3246.0	0	3.13	0.0259	178	0.897	3.48	29.21	6	1.42	1	2.84	28.60	29.21	29.10	399.19	388.77	3.086	5.757	8.03	14.97	200.3	1599	8	102.2	-7.04	0.199	1.0	-0.22	2.74	1.00	0.00	0.16	111115
68	"03:09:53"	3246.5	0	3.13	0.0259	179	0.896	3.48	29.21	6	1.42	1	2.84	28.60	29.21	29.10	399.18	388.77	3.086	5.757	8.03	14.97	200.3	1599	8	102.2	-7.04	0.199	1.0	-0.22	2.74	1.00	0.00	0.16	111115
69	"03:09:53"	3247.5	0	3.14	0.0259	177	0.896	3.48	29.21	6	1.42	1	2.84	28.60	29.21	29.10	399.22	388.76	3.086	5.756	8.03	14.97	200.3	1599	9	102.2	-7.04	0.199	1.0	-0.22	2.74	1.00	0.00	0.16	111115
70	"03:09:54"	3247.5	0	3.14	0.0259	177	0.896	3.48	29.21	6	1.42	1	2.84	28.60	29.21	29.10	399.22	388.76	3.086	5.756	8.03	14.97	200.3	1599	9	102.2	-7.04	0.199	1.0	-0.22	2.74	1.00	0.00	0.16	111115
71	"03:09:55"	3248.5	0	3.16	0.0259	176	0.896	3.48	29.21	6	1.42	1	2.84	28.60	29.21	29.10	399.25	388.74	3.086	5.756	8.03	14.97	200.3	1599	9	102.2	-7.04	0.199	1.0	-0.22	2.74	1.00	0.00	0.16	111115
72	"03:09:55"	3249.0	0	3.16	0.0259	177	0.896	3.48	29.21	6	1.42	1	2.84	28.60	29.21	29.10	399.25	388.75	3.086	5.755	8.03	14.97	200.3	1599	9	102.2	-7.04	0.199	1.0	-0.22	2.74	1.00	0.00	0.16	111115
73	"03:09:56"	3250.0	0	3.15	0.0259	177	0.896	3.48	29.21	6	1.42	1	2.84	28.60	29.21	29.10	399.23	388.74	3.086	5.754	8.03	14.97	200.3	1599	8	102.2	-7.04	0.199	1.0	-0.22	2.74	1.00	0.00	0.16	111115
74	"03:09:56"	3250.5	0	3.15	0.0259	177	0.896	3.48	29.21	6	1.42	1	2.84	28.60	29.21	29.10	399.22	388.74	3.086	5.754	8.03	14.96	200.3	1599	8	102.2	-7.04	0.199	1.0	-0.22	2.74	1.00	0.00	0.16	111115
75	"03:09:57"	3251.0	0	3.14	0.0259	178	0.896	3.48	29.22	6	1.42	1	2.84	28.60	29.22	29.10	399.22	388.78	3.086	5.754	8.03	14.96	200.3	1599	8	102.2	-7.04	0.199	1.0	-0.22	2.74	1.00	0.00	0.16	111115
76	"03:23:14"	4048.0	0	2.72	0.0217	172	0.855	3.94	31.63	6	1.42	1	2.84	32.00	31.63	33.00	400.47	391.30	4.656	7.197	9.97	15.41	200.3	1599	8	102.2	-7.28	0.168	1.0	-0.22	2.74	1.00	0.00	0.16	111115
77	"03:23:15"	4049.0	0	2.71	0.0217	173	0.854	3.94	31.63	6	1.42	1	2.84	32.00	31.63	33.00	400.44	391.32	4.656	7.196	9.97	15.40	200.3	1599	8	102.2	-7.28	0.168	1.0	-0.22	2.74	1.00	0.00	0.16	111115
78	"03:23:15"	4049.5	0	2.7	0.0217	173	0.854	3.94	31.63	6	1.42	1	2.84	32.00	31.63	33.00	400.43	391.32	4.655	7.196	9.97	15.40	200.3	1599	8	102.2	-7.28	0.168	1.0	-0.22	2.74	1.00	0.00	0.16	111115
79	"03:23:16"	4050.5	0	2.69	0.0217	174	0.854	3.94	31.63	6	1.42	1	2.84	32.00	31.63	33.00	400.40	391.35	4.656	7.196	9.97	15.40	200.3	1599	8	102.2	-7.28	0.168	1.0	-0.22	2.74	1.00	0.00	0.16	111115
80	"03:23:17"	4051.0	0	2.68	0.0217	175	0.854	3.94	31.63	6	1.42	1	2.84	32.00	31.63	33.00	400.39	391.35	4.655	7.195	9.96	15.40	200.3	1599	8	102.2	-7.28	0.168	1.0	-0.22	2.74	1.00	0.00	0.16	111115
81	"03:23:18"	4052.0	0	2.67	0.0217	175	0.854	3.94	31.63	6	1.42	1	2.84	32.00	31.63	33.00	400.37	391.36	4.655	7.194	9.96	15.40	200.3	1599	8	102.2	-7.28	0.168	1.0	-0.22	2.74	1.00	0.00	0.16	111115
82	"03:23:18"	4052.5	0	2.67	0.0217	176	0.854	3.94	31.63	6	1.42	1	2.84	32.00	31.63	33.00	400.37	391.39	4.655	7.194	9.96	15.40	200.3	1599	8	102.2	-7.28	0.168	1.0	-0.22	2.74	1.00	0.00	0.16	111115
83	"03:23:19"	4053.5	0	2.69	0.0217	174	0.853	3.94	31.63	6	1.42	1	2.84	32.00	31.63	33.00	400.43	391.38	4.655	7.193	9.97	15.40	200.3	1599	8	102.2	-7.28	0.168	1.0	-0.22	2.74	1.00	0.00	0.16	111115
84	"03:23:20"	4054.0	0	2.7	0.0217	173	0.853	3.94	31.63	6	1.42	1	2.84	32.00	31.63	33.00	400.45	391.36	4.656	7.194	9.97	15.40	200.3	1599	8	102.2	-7.28	0.168	1.0	-0.22	2.74	1.00	0.00	0.16	111115
85	"03:23:21"	4055.0	0	2.71	0.0217	172	0.852	3.94	31.63	6	1.42	1	2.84	32.00	31.63	33.00	400.48	391.35	4.657	7.192	9.97	15.39	200.3	1599	8	102.2	-7.28	0.168	1.0	-0.22	2.74	1.00	0.00	0.16	111115
86	"03:23:21"	4055.5	0	2.72	0.0217	172	0.853	3.94	31.63	6	1.42	1	2.84	32.00	31.63	33.00	400.48	391.34	4.656	7.192	9.97	15.40	200.3	1599	8	102.2	-7.28	0.168	1.0	-0.22	2.74	1.00	0.00	0.16	111115
87	"03:23:22"	4056.5	0	2.7	0.0217	173	0.852	3.94	31.63	6	1.42	1	2.84	32.00	31.63	33.00	400.44	391.34	4.657	7.191	9.97	15.39	200.3	1599	8	102.2	-7.28	0.168	1.0	-0.22	2.74	1.00	0.00	0.16	111115
88	"03:23:23"	4057.0	0	2.69	0.0217	174	0.852	3.94	31.63	6	1.42	1	2.84	32.00	31.63	33.00	400.42	391.35	4.657	7.191	9.97	15.39	200.3	1599	8	102.2	-7.28	0.168	1.0	-0.22	2.74	1.00	0.00	0.16	111115
89	"03:23:24"	4058.0	0	2.67	0.0217	175	0.852	3.94	31.63	6	1.42	1	2.84	32.00	31.63	33.00	400.39	391.40	4.656	7.190	9.97	15.39	200.3	1599	8	102.2	-7.28	0.168	1.0	-0.22	2.74	1.00	0.00	0.16	111115
90	"03:23:24"	4058.5	0	2.67	0.0217	175	0.852	3.94	31.63	6	1.42	1	2.84	32.00	31.63	33.00	400.40	391.40	4.656	7.190	9.97	15.39	200.3	1599	8	102.2	-7.28	0.168	1.0	-0.22	2.74	1.00	0.00	0.16	111115
91	"03:37:35"	4909.0	0	2.14	0.0171	171	0.783	4.56	34.13	6	1.42	1	2.84	35.56	34.13	37.10	399.64	392.32	5.719	8.047	10.03	14.11	200.3	1599	7	102.2	-7.2	0.142	1.0	-0.22	2.74	1.00	0.00	0.16	111115
92	"03:37:36"	4910.0	0	2.13	0.0171	172	0.783	4.56	34.13	6	1.42	1	2.84	35.56	34.13	37.10	399.65	392.35	5.719	8.046	10.03	14.11	200.3	1599	7	102.2	-7.2	0.142	1.0	-0.22	2.74	1.00	0.00	0.16	111115
93	"03:37:37"	4910.5	0	2.13	0.0171	171	0.783	4.56	34.13	6	1.42	1	2.84	35.56	34.13	37.10	399.63	392.32	5.719	8.046	10.03	14.11	200.3	1599	7	102.2	-7.2	0.142	1.0	-0.22	2.74	1.00	0.00	0.16	111115
94	"03:37:37"	4911.5	0	2.12	0.0171	173	0.783	4.56	34.12	6	1.42	1	2.84	35.56	34.12	37.10	399.61	392.35	5.720	8.046	10.03	14.11	200.3	1599	7	102.2	-7.2	0.142	1.0	-0.22	2.74	1.00	0.00	0.16	111115
95	"03:37:38"	4912.0	0	2.11	0.0171	173	0.783	4.56	34.12	6	1.42	1	2.84	35.56	34.12	37.10	399.61	392.36	5.720	8.046	10.03	14.11	200.3	1599	7	102.2	-7.2	0.142	1.0	-0.22	2.74	1.00	0.00	0.16	111115
96	"03:37:39"	4913.0	0	2.11	0.0171	173	0.783	4.56	34.12	6	1.42	1	2.84	35.56	34.12	37.10	399.61	392.35	5.720	8.045	10.03	14.11	200.2	1599	7	102.2	-7.2	0.142	1.0	-0.22	2.74	1.00	0.00	0.16	111115
97	"03:37:40"	4913.5	0	2.12	0.0171	172	0.782	4.56	34.12	6	1.42	1	2.84	35.56	34.12	37.10	399.61	392.34	5.720	8.044	10.03	14.11	200.2	1599	7	102.2	-7.2	0.142	1.0	-0.22	2.74	1.00	0.00	0.16	111115
98	"03:37:40"	4914.5	0	2.11	0.0171	173	0.782	4.56	34.12	6	1.42	1	2.84	35.57	34.12	37.10	399.57	392.33	5.720	8.044	10.03	14.11	200.2	1599	7	102.2	-7.2	0.142	1.0	-0.22	2.74	1.00	0.00	0.16	111115
99	"03:37:41"	4915.0	0	2.11	0.0171	174	0.782	4.56	34.12	6	1.42	1	2.84	35.56	34.12	37.10	399.56	392.33	5.719	8.045	10.03	14.11	200.2	1599	7	102.2	-7.2	0.142	1.0	-0.22	2.74	1.00	0.00	0.16	111115
100	"03:37:42"	4916.0	0	2.12	0.0171	172	0.782	4.56	34.12	6	1.42	1	2.84	35.56	34.12	37.10	399.58	392.30	5.719	8.043	10.03	14.11	200.3	1599	7	102.2	-7.2	0.142	1.0	-0.22	2.74	1.00	0.00	0.16	111115
101	"03:37:43"	4916.5	0	2.13	0.0171	171	0.783	4.56	34.13	6	1.42	1	2.84	35.56	34.13	37.10	399.60	392.29	5.719	8.044	10.03	14.11	200.3	1599	7	102.2	-7.2	0.142	1.0	-0.22	2.74	1.00	0.00	0.16	111115
102	"03:37:43"	4917.5	0	2.11	0.0171	173	0.783	4.56	34.13	6	1.42	1	2.84	35.56	34.13	37.10	399.60	392.34	5.718	8.044	10.03	14.11	200.3	1599	7	102.2	-7.2	0.142	1.0	-0.22	2.74	1.00	0.00	0.16	111115
103	"03:37:44"	4918.0	0	2.13	0.0171	171	0.782	4.56	34.13	6	1.42	1	2.84	35.56	34.13	37.10	399.61	392.31	5.719	8.044	10.03	14.11	200.3	1599	7	102.2	-7.2	0.142	1.0	-0.22	2.74	1.00	0.00	0.16	111115
104	"03:37:45"	4919.0	0	2.14	0.0171	170	0.782	4.56	34.13	6	1.42	1	2.84	35.56	34.13	37.10	399.68	392.34	5.719	8.042	10.03	14.10	200.3	1600	7	102.2	-7.2	0.142	1.0	-0.22	2.74	1.00	0.00	0.16	111115
105	"03:37:45"	4919.5	0	2.14	0.0171	170	0.781	4.56	34.13	6	1.42	1	2.84	35.56	34.13	37.10	399.68	392.36	5.719	8.041	10.03	14.10	200.3	1600	7	102.2	-7.2	0.142	1.0	-0.22	2.74	1.00	0.00	0.16	111115
106	"03:58:33"	6167.5	0	1.36	0.0103	160	0.548	5.25	36.45	6	1.42	1	2.84	38.98	36.45	41.00	400.01	395.28	6.893	8.522	10.03	12.40	200.3	1600	7	102.2	-7.19	0.148	1.0	-0.22	2.74	1.00	0.00	0.16	111115
107	"03:58:34"	6168.0	0	1.35	0.0103	162	0.548	5.25	36.45	6	1.42	1	2.84	38.98	36.45	41.00	400.00	395.30	6.893	8.521	10.03	12.40	200.3	1600	7	102.2	-7.19	0.148	1.0	-0.22	2.74	1.00	0.00	0.16	111115
108	"03:58:35"	6169.0	0	1.35	0.0104	162	0.548	5.25	36.45	6	1.42	1	2.84	38.98	36.45	41.00	400.02	395.33	6.895	8.524	10.04	12.41	200.3	1600	7	102.2	-7.19	0.148	1.0	-0.22	2.74	1.00	0.00	0.16	111115
109	"03:58:36"	6169.5	0	1.35	0.0104	163	0.549	5.25	36.45	6	1.42	1	2.84	38.98	36.45	41.00	400.02	395.33	6.894	8.525	10.04	12.41	200.3	1600	7	102.2	-7.19	0.148	1.0	-0.22	2.74	1.00	0.00	0.16	111115
110	"03:58:36"	6170.5	0	1.32	0.0104	167	0.549	5.25	36.45	6	1.42	1	2.84	38.98	36.45	41.00	399.98	395.37	6.895	8.525	10.04	12.41	200.3	1600	7	102.2	-7.19	0.148	1.0	-0.22	2.74	1.00	0.00	0.16	111115
111	"03:58:37"	6171.5	0	1.31	0.0104	168	0.549	5.25	36.45	6	1.42	1	2.84	38.98	36.45	41.00	399.96	395.38	6.894	8.525	10.04	12.41	200.3	1600	7	102.2	-7.19	0.148	1.0	-0.22	2.74	1.00	0.00	0.16	111115
112	"03:58:38"	6172.0	0	1.31	0.0104	168	0.549	5.25	36.45	6	1.42	1	2.84	38.98	36.45	41.00	399.93	395.34	6.895	8.526	10.04	12.41	200.3	1600	7	102.2	-7.19	0.148	1.0	-0.22	2.74	1.00	0.00	0.16	111115
113	"03:58:39"	6173.0	0	1.3	0.0104	171	0.549	5.25	36.44	6	1.42	1	2.84	38.98	36.44	40.99	399.88	395.35	6.895	8.525	10.04	12.41	200.3	1600	7	102.2	-7.19	0.148	1.0	-0.22	2.74	1.00	0.00	0.16	111115
114	"03:58:40"	6173.5	0	1.29	0.0104	171	0.549	5.25	36.45	6	1.42	1	2.84	38.98	36.45	41.00	399.86	395.34	6.895	8.525	10.04	12.41	200.3	1600	7	102.2	-7.19	0.148	1.0	-0.22	2.74	1.00	0.00	0.16	111115
115	"03:58:40"	6174.5	0	1.31	0.0104	169	0.549	5.25	36.45	6	1.42	1	2.84	38.98	36.45	41.00	399.89	395.33	6.895	8.525	10.04	12.41	200.3	1600	7	102.2	-7.19	0.148	1.0	-0.22	2.74	1.00	0.00	0.16	111115
116	"03:58:41"	6175.0	0	1.3	0.0104	169	0.549	5.25	36.45	6	1.42	1	2.84	38.98	36.45	41.00	399.90	395.35	6.895	8.525	10.04	12.41	200.3	1600	7	102.2	-7.19	0.148	1.0	-0.22	2.74	1.00	0.00	0.16	111115
117	"03:58:42"	6176.0	0	1.32	0.0104	167	0.548	5.25	36.45	6	1.42	1	2.84	38.98	36.45	41.00	399.96	395.36	6.896	8.525	10.04	12.41	200.3	1600	7	102.2	-7.19	0.148	1.0	-0.22	2.74	1.00	0.00	0.16	111115
118	"03:58:43"	6176.5	0	1.32	0.0104	167	0.548	5.25	36.45	6	1.42	1	2.84	38.98	36.45	41.00	399.95	395.35	6.896	8.524	10.04	12.41	200.3	1600	7	102.2	-7.19	0.148	1.0	-0.22	2.74	1.00	0.00	0.16	111115
119	"03:58:44"	6177.5	0	1.31	0.0104	168	0.548	5.25	36.45	6	1.42	1	2.84	38.98	36.45	41.00	399.94	395.36	6.896	8.524	10.04	12.41	200.3	1600	7	102.2	-7.19	0.148	1.0	-0.22	2.74	1.00	0.00	0.16	111115
120	"03:58:44"	6178.5	0	1.29	0.0104	171	0.548	5.25	36.45	6	1.42	1	2.84	38.98	36.45	41.00	399.91	395.39	6.896	8.525	10.04	12.41	200.3	1600	7	102.2	-7.19	0.148	1.0	-0.22	2.74	1.00	0.00	0.16	111115
