"OPEN 6.2.5"
"Fri Feb 11 2022 08:34:43"
<open><version>"6.2.5"</version></open>
<open><configfile>"/User/Configs/UserPrefs/2x3 LED.xml"</configfile></open>
<open><light><source>"6400-02 or -02B LED Source"</source><par_in>1<sensor>"SI-3989"<cal>-0.92<actinity>1.00</actinity><transm>1.00</transm></cal></sensor><transm>1</transm></par_in><par_out>1<sensor>"Q50937"<cal>6.45</cal></sensor></par_out></light></open>
<open><comps><file>"/User/Configs/Comps/StdComps_6.2"<header>""</header><extras></extras></file><energybal>no<f_parIn>1</f_parIn><f_parOut>0</f_parOut><alphaK>0.16</alphaK></energybal><bc_total>2.840<stomatal_ratio>1</stomatal_ratio><bc_oneside>1.420<type>2</type><table>"/Sys/Lib/StdBLCTable"</table><area>6</area><slope>-0.219565</slope><offset>2.73739</offset><fan>5</fan></bc_oneside></bc_total></comps></open>
<open><prompts><onlog>off</onlog><items>"Default (none)"</items></prompts></open>
<open><constants><oxygen>21 %</oxygen><bb_vapor>1.5</bb_vapor><bb_oxy>0.9</bb_oxy></constants></open>
<open><stability><items>"Std Stability"<items[1]><id>-2</id><size>15</size><pcv><onoff>0</onoff><value>1</value></pcv><std><onoff>0</onoff><value>1</value></std><slp><onoff>1</onoff><value>1</value></slp></items[1]><items[2]><id>-5</id><size>15</size><pcv><onoff>0</onoff><value>1</value></pcv><std><onoff>0</onoff><value>1</value></std><slp><onoff>1</onoff><value>1</value></slp></items[2]><items[3]><id>-7</id><size>15</size><pcv><onoff>0</onoff><value>1</value></pcv><std><onoff>0</onoff><value>1</value></std><slp><onoff>1</onoff><value>1</value></slp></items[3]></items></stability></open>
<open><log><format>"StdLogFmt_6.0"<items>{ -35 -21 -36 -76 30 23 36 21 25 221 -33 111 -34 11 -9 -10 -8 -1 -2 -4 -5 -14 -15 -7 -12 -13 -11 -65 -66 -72 -18 -19 -77 -78 -79 -23  }<hdr>{  }</hdr></items></format><options><beep>on</beep><hdr>normal</hdr><rem>normal</rem><stab>no</stab><stats>no<mean>no</mean><file>no</file><period>15</period></stats><excel>yes</excel><controls>yes</controls><comm>no</comm></options><datafile>"/User/jcg_gash_8"</datafile><button><action>"Normal Log"<code>" LogOneObsManual "</code></action></button><autoprog>"/User/Configs/AutoProgs/AutoLog2"<active>no</active></autoprog></log></open>
<open><a2d><avgtime>4.0 secs</avgtime><userchans><ch20>"Off"</ch20><ch21>"Off"</ch21><ch22>"Off"</ch22><ch23>"Off"</ch23></userchans></a2d></open>
<open><matching><type>0</type><disp>'a'</disp><settings><CO2Limit>10.0</CO2Limit><H2OLimit>1.0</H2OLimit><MaxAutoTime>60</MaxAutoTime></settings></matching></open>
<li6400><factory><unit>"PSC-4076"</unit><serviced>"31 Mar 2014"</serviced><fuseaware>0</fuseaware><co2mixer>yes</co2mixer><co2><coeffs>{ 0 0.215349 2.57678e-05 1.9763e-08 -3.21542e-12 3.03737e-16  }</coeffs><dvdt>-2.8</dvdt><xs>{ 0.0005 0.0003  }</xs></co2><h2o><coeffs>{ 0 0.00579256 2.19235e-06 9.06457e-12  }</coeffs><dvdt>-1</dvdt><xs>{ -0.0026 0.0003  }</xs></h2o><flow>{ 0 0.3607  }</flow><press>{ 88.32 0.00555  }</press></factory></li6400>
<li6400><user><flow_zero>-1560.7</flow_zero><irga_zero><co2>-312.6 -351.6<at>29.8235</at></co2><h2o>-156.6 77.4<at>31.0407</at></h2o></irga_zero><irga_span><co2>{ 0.988788 0.993555  }</co2><h2o>{ 0.996032 0.996401  }</h2o></irga_span><irga_match><co2>{ -1.32399 20.9072  }</co2><h2o>{ -0.104692 0.846916  }</h2o></irga_match><co2_mixer><pump_mv>4500</pump_mv><ppm>{ 2185.36 1052.7 419.509 255.894 118.056 69.8071 46.8351 46.4167  }</ppm><mv>{ 5000 3000 1500 1000 500 300 200 100  }</mv></co2_mixer><parin_offset>-0.0908794</parin_offset><led_cal><unit>"SI-3989"</unit><mv>{ 10 25 50 100 1000 2000 3000 4000 5000  }</mv><qntm>{ 5.41353 17.8999 38.6356 86.3019 941.421 1838.37 2690.41 3508.95 4284.65  }</qntm></led_cal><lcf_cal><unit>"unknown"</unit><red><mv>{ 50 100 500 1000 1500 5000  }</mv><qntm>{ 50 100 500 1000 2000 5000  }</qntm></red><blue><mv>{ 100 200 500 1000 2000 5000  }</mv><qntm>{ 10 20 50 100 200 500  }</qntm></blue></lcf_cal></user></li6400>
"08:34:49 "
$STARTOFDATA$
"Obs"	"HHMMSS"	"FTime"	"EBal?"	"Photo"	"Cond"	"Ci"	"Trmmol"	"VpdL"	"CTleaf"	"Area"	"BLC_1"	"StmRat"	"BLCond"	"Tair"	"Tleaf"	"TBlk"	"CO2R"	"CO2S"	"H2OR"	"H2OS"	"RH_R"	"RH_S"	"Flow"	"PARi"	"PARo"	"Press"	"CsMch"	"HsMch"	"StableF"	"BLCslope"	"BLCoffst"	"f_parin"	"f_parout"	"alphaK"	"Status"
"08:35:24 Flow: Fixed -> 200 umol/s"
"08:39:11 Coolers: Tblock -> 0.00 C"
"09:02:59 Flow: Fixed -> 200 umol/s"
"09:06:51 Flow: Fixed -> 200 umol/s"
"09:07:03 Lamp: ParIn ->  1600 uml"
"09:07:03 CO2 Mixer: CO2R -> 400 uml"
"09:07:03 Coolers: Tblock -> 0.00 C"
"09:07:04 Flow: Fixed -> 200 umol/s"
1	"09:07:11"	1965.5	0	4.92	0.0656	260	0.309	0.484	15.94	6	1.42	1	2.84	13.28	15.94	11.51	399.92	384.78	12.159	13.074	81.03	87.13	199.7	1599	0	102.1	17	0.49	1.0	-0.22	2.74	1.00	0.00	0.16	111115
2	"09:07:12"	1966.5	0	4.9	0.0655	260	0.309	0.484	15.94	6	1.42	1	2.84	13.28	15.94	11.51	399.85	384.76	12.158	13.073	81.03	87.13	199.7	1599	0	102.1	17	0.49	1.0	-0.22	2.74	1.00	0.00	0.16	111115
3	"09:07:13"	1967.5	0	4.89	0.0657	261	0.309	0.484	15.94	6	1.42	1	2.84	13.28	15.94	11.51	399.81	384.76	12.158	13.075	81.03	87.14	199.7	1599	0	102.1	17	0.49	1.0	-0.22	2.74	1.00	0.00	0.16	111115
4	"09:07:14"	1968.5	0	4.88	0.0656	261	0.309	0.484	15.95	6	1.42	1	2.84	13.28	15.95	11.51	399.78	384.76	12.159	13.076	81.03	87.14	199.7	1599	0	102.1	17	0.49	1.0	-0.22	2.74	1.00	0.00	0.16	111115
5	"09:07:15"	1969.0	0	4.88	0.0657	261	0.309	0.484	15.95	6	1.42	1	2.84	13.28	15.95	11.51	399.77	384.75	12.158	13.076	81.02	87.14	199.7	1599	0	102.1	17	0.49	1.0	-0.22	2.74	1.00	0.00	0.16	111115
6	"09:07:16"	1970.0	0	4.86	0.0658	262	0.31	0.484	15.95	6	1.42	1	2.84	13.29	15.95	11.51	399.71	384.74	12.157	13.076	81.01	87.14	199.7	1599	0	102.1	17	0.49	1.0	-0.22	2.74	1.00	0.00	0.16	111115
7	"09:07:16"	1971.0	0	4.87	0.066	262	0.31	0.483	15.94	6	1.42	1	2.84	13.29	15.94	11.51	399.68	384.71	12.158	13.077	81.02	87.15	199.7	1599	0	102.1	17	0.49	1.0	-0.22	2.74	1.00	0.00	0.16	111115
8	"09:07:17"	1972.0	0	4.89	0.0665	262	0.311	0.48	15.92	6	1.42	1	2.84	13.28	15.92	11.51	399.69	384.65	12.157	13.079	81.02	87.16	199.7	1599	0	102.1	17	0.49	1.0	-0.22	2.74	1.00	0.00	0.16	111115
9	"09:07:18"	1973.0	0	4.92	0.0669	262	0.311	0.478	15.90	6	1.42	1	2.84	13.28	15.90	11.51	399.75	384.61	12.158	13.079	81.03	87.17	199.7	1599	0	102.1	17	0.49	1.0	-0.22	2.74	1.00	0.00	0.16	111115
10	"09:07:19"	1973.5	0	4.94	0.0671	262	0.311	0.477	15.89	6	1.42	1	2.84	13.28	15.89	11.51	399.78	384.58	12.158	13.080	81.03	87.18	199.7	1599	0	102.1	17	0.49	1.0	-0.22	2.74	1.00	0.00	0.16	111115
11	"09:07:20"	1974.5	0	4.97	0.0673	262	0.311	0.475	15.88	6	1.42	1	2.84	13.28	15.88	11.51	399.83	384.55	12.158	13.080	81.04	87.18	199.7	1599	0	102.1	17	0.49	1.0	-0.22	2.74	1.00	0.00	0.16	111115
12	"09:07:21"	1975.5	0	4.98	0.0672	261	0.311	0.475	15.88	6	1.42	1	2.84	13.28	15.88	11.51	399.82	384.50	12.158	13.080	81.05	87.19	199.7	1599	0	102.1	17	0.49	0.7	-0.22	2.74	1.00	0.00	0.16	111115
13	"09:07:22"	1976.5	0	4.98	0.0671	261	0.311	0.476	15.88	6	1.42	1	2.84	13.28	15.88	11.51	399.79	384.48	12.159	13.080	81.05	87.19	199.7	1599	0	102.1	17	0.49	0.7	-0.22	2.74	1.00	0.00	0.16	111115
14	"09:07:23"	1977.0	0	4.97	0.067	261	0.311	0.477	15.89	6	1.42	1	2.84	13.28	15.89	11.51	399.74	384.45	12.159	13.080	81.06	87.19	199.7	1599	0	102.1	17	0.49	0.7	-0.22	2.74	1.00	0.00	0.16	111115
15	"09:07:24"	1978.5	0	4.95	0.067	261	0.311	0.478	15.90	6	1.42	1	2.84	13.28	15.90	11.51	399.62	384.39	12.159	13.081	81.06	87.21	199.7	1599	0	102.1	17	0.49	0.7	-0.22	2.74	1.00	0.00	0.16	111115
"09:07:30 Coolers: Tblock -> 15.00 C"
"09:22:19 Flow: Fixed -> 200 umol/s"
16	"09:23:10"	2924.5	0	5.31	0.0956	289	0.647	0.702	18.41	6	1.42	1	2.84	16.34	18.41	15.09	400.99	384.29	12.035	13.953	65.87	76.36	199.7	1599	0	102.1	19.2	0.746	1.0	-0.22	2.74	1.00	0.00	0.16	111115
17	"09:23:11"	2925.5	0	5.32	0.0956	289	0.648	0.702	18.42	6	1.42	1	2.84	16.34	18.42	15.09	401.03	384.29	12.035	13.954	65.86	76.37	199.7	1599	0	102.1	19.2	0.746	1.0	-0.22	2.74	1.00	0.00	0.16	111115
18	"09:23:12"	2926.5	0	5.31	0.0955	289	0.648	0.703	18.42	6	1.42	1	2.84	16.34	18.42	15.09	401.00	384.30	12.035	13.955	65.87	76.37	199.7	1599	0	102.1	19.2	0.746	1.0	-0.22	2.74	1.00	0.00	0.16	111115
19	"09:23:13"	2927.5	0	5.32	0.0956	289	0.648	0.703	18.42	6	1.42	1	2.84	16.34	18.42	15.09	400.99	384.26	12.035	13.954	65.87	76.37	199.7	1599	0	102.1	19.2	0.746	1.0	-0.22	2.74	1.00	0.00	0.16	111115
20	"09:23:14"	2928.5	0	5.31	0.0956	289	0.648	0.703	18.42	6	1.42	1	2.84	16.34	18.42	15.09	400.98	384.26	12.035	13.954	65.86	76.37	199.7	1599	0	102.1	19.2	0.746	1.0	-0.22	2.74	1.00	0.00	0.16	111115
21	"09:23:15"	2929.0	0	5.32	0.0955	289	0.648	0.703	18.42	6	1.42	1	2.84	16.34	18.42	15.09	400.99	384.26	12.035	13.953	65.87	76.36	199.7	1599	0	102.1	19.2	0.746	1.0	-0.22	2.74	1.00	0.00	0.16	111115
22	"09:23:16"	2930.0	0	5.32	0.0955	289	0.648	0.703	18.42	6	1.42	1	2.84	16.34	18.42	15.09	401.01	384.28	12.035	13.954	65.86	76.37	199.7	1599	0	102.1	19.2	0.746	1.0	-0.22	2.74	1.00	0.00	0.16	111115
23	"09:23:17"	2931.0	0	5.33	0.0955	289	0.648	0.703	18.42	6	1.42	1	2.84	16.34	18.42	15.09	401.04	384.29	12.035	13.954	65.86	76.36	199.7	1599	0	102.1	19.2	0.746	1.0	-0.22	2.74	1.00	0.00	0.16	111115
24	"09:23:18"	2932.0	0	5.32	0.0956	289	0.648	0.703	18.42	6	1.42	1	2.84	16.34	18.42	15.09	401.04	384.32	12.035	13.954	65.86	76.37	199.7	1599	0	102.1	19.2	0.746	1.0	-0.22	2.74	1.00	0.00	0.16	111115
25	"09:23:18"	2932.5	0	5.31	0.0956	289	0.648	0.702	18.42	6	1.42	1	2.84	16.34	18.42	15.09	401.04	384.33	12.035	13.955	65.87	76.38	199.7	1599	0	102.1	19.2	0.746	1.0	-0.22	2.74	1.00	0.00	0.16	111115
26	"09:23:19"	2933.5	0	5.27	0.0957	290	0.648	0.702	18.42	6	1.42	1	2.84	16.34	18.42	15.09	400.95	384.37	12.034	13.954	65.87	76.38	199.7	1599	0	102.1	19.2	0.746	1.0	-0.22	2.74	1.00	0.00	0.16	111115
27	"09:23:20"	2934.5	0	5.25	0.0957	290	0.648	0.703	18.42	6	1.42	1	2.84	16.34	18.42	15.09	400.88	384.36	12.033	13.954	65.87	76.39	199.7	1599	0	102.1	19.2	0.746	1.0	-0.22	2.74	1.00	0.00	0.16	111115
28	"09:23:21"	2935.0	0	5.22	0.0956	291	0.648	0.703	18.42	6	1.42	1	2.84	16.34	18.42	15.09	400.77	384.34	12.033	13.952	65.87	76.38	199.7	1599	0	102.1	19.2	0.746	1.0	-0.22	2.74	1.00	0.00	0.16	111115
29	"09:23:22"	2936.0	0	5.16	0.0954	291	0.647	0.704	18.43	6	1.42	1	2.84	16.34	18.43	15.09	400.58	384.31	12.034	13.952	65.88	76.38	199.7	1599	0	102.1	19.2	0.746	1.0	-0.22	2.74	1.00	0.00	0.16	111115
30	"09:23:22"	2936.5	0	5.15	0.0954	292	0.648	0.704	18.43	6	1.42	1	2.84	16.34	18.43	15.09	400.54	384.30	12.034	13.953	65.88	76.38	199.7	1599	0	102.1	19.2	0.746	1.0	-0.22	2.74	1.00	0.00	0.16	111115
"09:23:28 Coolers: Tblock -> 19.00 C"
"09:36:13 Flow: Fixed -> 200 umol/s"
31	"09:36:45"	3739.5	0	5.29	0.0939	285	0.939	1.03	21.19	6	1.42	1	2.84	19.69	21.19	18.99	399.70	382.72	11.847	14.627	52.50	64.82	199.7	1600	0	102	20.2	0.873	1.0	-0.22	2.74	1.00	0.00	0.16	111115
32	"09:36:46"	3740.5	0	5.31	0.0939	284	0.938	1.03	21.18	6	1.42	1	2.84	19.69	21.18	18.99	399.72	382.70	11.848	14.625	52.50	64.81	199.7	1600	0	102	20.2	0.873	1.0	-0.22	2.74	1.00	0.00	0.16	111115
33	"09:36:47"	3741.0	0	5.32	0.094	284	0.938	1.03	21.18	6	1.42	1	2.84	19.70	21.18	18.99	399.73	382.66	11.848	14.626	52.50	64.81	199.7	1600	0	102	20.2	0.873	1.0	-0.22	2.74	1.00	0.00	0.16	111115
34	"09:36:48"	3742.0	0	5.34	0.0942	284	0.939	1.03	21.17	6	1.42	1	2.84	19.69	21.17	18.99	399.76	382.64	11.848	14.627	52.50	64.81	199.7	1600	0	102	20.2	0.873	1.0	-0.22	2.74	1.00	0.00	0.16	111115
35	"09:36:48"	3742.5	0	5.34	0.0943	284	0.938	1.03	21.16	6	1.42	1	2.84	19.69	21.16	18.99	399.75	382.65	11.848	14.626	52.50	64.81	199.7	1600	0	102	20.2	0.873	1.0	-0.22	2.74	1.00	0.00	0.16	111115
36	"09:36:49"	3743.5	0	5.34	0.0944	284	0.939	1.03	21.16	6	1.42	1	2.84	19.70	21.16	18.99	399.75	382.64	11.847	14.625	52.50	64.81	199.7	1600	0	102	20.2	0.873	1.0	-0.22	2.74	1.00	0.00	0.16	111115
37	"09:36:50"	3744.0	0	5.34	0.0945	284	0.939	1.03	21.15	6	1.42	1	2.84	19.70	21.15	18.99	399.77	382.65	11.847	14.626	52.50	64.81	199.7	1600	0	102	20.2	0.873	1.0	-0.22	2.74	1.00	0.00	0.16	111115
38	"09:36:51"	3745.0	0	5.33	0.0945	284	0.939	1.03	21.15	6	1.42	1	2.84	19.69	21.15	18.99	399.78	382.69	11.847	14.626	52.50	64.82	199.7	1600	0	102	20.2	0.873	1.0	-0.22	2.74	1.00	0.00	0.16	111115
39	"09:36:51"	3745.5	0	5.33	0.0945	284	0.939	1.03	21.15	6	1.42	1	2.84	19.69	21.15	18.99	399.79	382.68	11.848	14.627	52.50	64.82	199.7	1600	0	102	20.2	0.873	1.0	-0.22	2.74	1.00	0.00	0.16	111115
40	"09:36:52"	3746.5	0	5.33	0.0946	284	0.939	1.03	21.15	6	1.42	1	2.84	19.69	21.15	18.99	399.79	382.69	11.847	14.627	52.50	64.82	199.7	1600	0	102	20.2	0.873	1.0	-0.22	2.74	1.00	0.00	0.16	111115
41	"09:36:53"	3747.0	0	5.34	0.0946	284	0.939	1.03	21.15	6	1.42	1	2.84	19.70	21.15	18.99	399.82	382.68	11.847	14.627	52.50	64.81	199.7	1600	0	102	20.2	0.873	1.0	-0.22	2.74	1.00	0.00	0.16	111115
42	"09:36:54"	3748.0	0	5.35	0.0945	284	0.938	1.03	21.15	6	1.42	1	2.84	19.70	21.15	18.99	399.83	382.69	11.848	14.626	52.50	64.81	199.7	1600	0	102	20.2	0.873	1.0	-0.22	2.74	1.00	0.00	0.16	111115
43	"09:36:54"	3748.5	0	5.34	0.0945	284	0.938	1.03	21.15	6	1.42	1	2.84	19.70	21.15	18.99	399.82	382.69	11.848	14.626	52.50	64.81	199.7	1600	0	102	20.2	0.873	1.0	-0.22	2.74	1.00	0.00	0.16	111115
44	"09:36:55"	3749.5	0	5.33	0.0947	285	0.939	1.02	21.14	6	1.42	1	2.84	19.70	21.14	18.99	399.81	382.71	11.847	14.626	52.49	64.81	199.7	1600	0	102	20.2	0.873	1.0	-0.22	2.74	1.00	0.00	0.16	111115
45	"09:36:56"	3750.0	0	5.34	0.0948	285	0.939	1.02	21.13	6	1.42	1	2.84	19.70	21.13	18.99	399.82	382.71	11.847	14.626	52.49	64.81	199.7	1600	0	102	20.2	0.873	1.0	-0.22	2.74	1.00	0.00	0.16	111115
"09:37:06 Coolers: Tblock -> 23.00 C"
"09:49:34 Flow: Fixed -> 200 umol/s"
46	"09:50:06"	4539.5	0	5.39	0.0841	269	1.19	1.46	24.04	6	1.42	1	2.84	23.23	24.04	23.09	399.90	382.32	11.631	15.155	41.51	54.09	199.7	1600	0	102	20.5	0.884	1.0	-0.22	2.74	1.00	0.00	0.16	111115
47	"09:50:07"	4540.5	0	5.38	0.0841	270	1.19	1.45	24.03	6	1.42	1	2.84	23.23	24.03	23.09	399.88	382.35	11.631	15.155	41.51	54.09	199.7	1600	0	102	20.5	0.884	1.0	-0.22	2.74	1.00	0.00	0.16	111115
48	"09:50:07"	4541.0	0	5.39	0.0841	270	1.19	1.45	24.03	6	1.42	1	2.84	23.23	24.03	23.09	399.88	382.33	11.631	15.155	41.51	54.09	199.7	1600	0	102	20.5	0.884	1.0	-0.22	2.74	1.00	0.00	0.16	111115
49	"09:50:08"	4542.0	0	5.38	0.0842	270	1.19	1.45	24.02	6	1.42	1	2.84	23.23	24.02	23.09	399.88	382.34	11.632	15.153	41.51	54.08	199.7	1600	0	102	20.5	0.884	1.0	-0.22	2.74	1.00	0.00	0.16	111115
50	"09:50:09"	4543.0	0	5.39	0.0842	270	1.19	1.45	24.02	6	1.42	1	2.84	23.23	24.02	23.09	399.89	382.32	11.631	15.151	41.51	54.07	199.7	1600	0	102	20.5	0.884	1.0	-0.22	2.74	1.00	0.00	0.16	111115
51	"09:50:10"	4543.5	0	5.4	0.0842	269	1.19	1.45	24.02	6	1.42	1	2.84	23.23	24.02	23.09	399.90	382.30	11.631	15.151	41.51	54.07	199.7	1600	0	102	20.5	0.884	1.0	-0.22	2.74	1.00	0.00	0.16	111115
52	"09:50:11"	4544.5	0	5.41	0.0841	269	1.19	1.45	24.02	6	1.42	1	2.84	23.23	24.02	23.09	399.90	382.29	11.632	15.149	41.51	54.07	199.7	1600	0	102	20.5	0.884	1.0	-0.22	2.74	1.00	0.00	0.16	111115
53	"09:50:11"	4545.0	0	5.4	0.0841	270	1.19	1.45	24.02	6	1.42	1	2.84	23.23	24.02	23.09	399.90	382.32	11.631	15.149	41.51	54.07	199.7	1600	0	102	20.5	0.884	1.0	-0.22	2.74	1.00	0.00	0.16	111115
54	"09:50:12"	4546.0	0	5.41	0.0841	269	1.19	1.45	24.02	6	1.42	1	2.84	23.23	24.02	23.09	399.91	382.30	11.631	15.150	41.51	54.07	199.7	1600	0	102	20.5	0.884	1.0	-0.22	2.74	1.00	0.00	0.16	111115
55	"09:50:13"	4547.0	0	5.38	0.0841	270	1.19	1.45	24.02	6	1.42	1	2.84	23.23	24.02	23.09	399.88	382.35	11.632	15.150	41.51	54.07	199.7	1600	0	102	20.5	0.884	1.0	-0.22	2.74	1.00	0.00	0.16	111115
56	"09:50:14"	4547.5	0	5.37	0.0841	270	1.19	1.45	24.02	6	1.42	1	2.84	23.23	24.02	23.09	399.88	382.38	11.632	15.150	41.51	54.07	199.7	1600	0	102	20.5	0.884	1.0	-0.22	2.74	1.00	0.00	0.16	111115
57	"09:50:15"	4548.5	0	5.38	0.0841	270	1.19	1.45	24.02	6	1.42	1	2.84	23.23	24.02	23.09	399.90	382.36	11.631	15.151	41.50	54.07	199.7	1600	0	102	20.5	0.884	1.0	-0.22	2.74	1.00	0.00	0.16	111115
58	"09:50:15"	4549.0	0	5.38	0.0842	270	1.19	1.45	24.02	6	1.42	1	2.84	23.23	24.02	23.09	399.88	382.36	11.631	15.152	41.50	54.07	199.7	1600	0	102	20.5	0.884	1.0	-0.22	2.74	1.00	0.00	0.16	111115
59	"09:50:16"	4550.0	0	5.38	0.0841	270	1.19	1.45	24.02	6	1.42	1	2.84	23.23	24.02	23.09	399.90	382.36	11.630	15.151	41.50	54.06	199.7	1600	0	102	20.5	0.884	1.0	-0.22	2.74	1.00	0.00	0.16	111115
60	"09:50:17"	4550.5	0	5.38	0.0841	270	1.19	1.45	24.02	6	1.42	1	2.84	23.23	24.02	23.09	399.88	382.36	11.630	15.150	41.50	54.06	199.7	1600	0	102	20.5	0.884	1.0	-0.22	2.74	1.00	0.00	0.16	111115
"09:50:24 Coolers: Tblock -> 27.00 C"
"10:09:36 Flow: Fixed -> 200 umol/s"
61	"10:10:05"	5739.0	0	4.86	0.0598	242	1.19	2.02	26.81	6	1.42	1	2.84	26.63	26.81	26.99	400.07	384.10	11.353	14.874	33.09	43.35	199.7	1600	0	102	20.9	0.874	1.0	-0.22	2.74	1.00	0.00	0.16	111115
62	"10:10:06"	5740.0	0	4.86	0.0598	242	1.19	2.02	26.80	6	1.42	1	2.84	26.63	26.80	26.99	400.06	384.08	11.353	14.873	33.09	43.35	199.7	1600	0	102	20.9	0.874	1.0	-0.22	2.74	1.00	0.00	0.16	111115
63	"10:10:07"	5741.0	0	4.86	0.0599	242	1.19	2.02	26.79	6	1.42	1	2.84	26.63	26.79	26.99	400.08	384.10	11.352	14.871	33.08	43.34	199.7	1600	0	102	20.9	0.874	1.0	-0.22	2.74	1.00	0.00	0.16	111115
64	"10:10:08"	5741.5	0	4.86	0.0599	242	1.19	2.02	26.79	6	1.42	1	2.84	26.63	26.79	26.99	400.09	384.09	11.351	14.871	33.08	43.34	199.7	1600	0	102	20.9	0.874	1.0	-0.22	2.74	1.00	0.00	0.16	111115
65	"10:10:09"	5742.5	0	4.87	0.0599	242	1.19	2.02	26.79	6	1.42	1	2.84	26.62	26.79	26.99	400.10	384.10	11.351	14.869	33.08	43.34	199.7	1600	0	102	20.9	0.874	1.0	-0.22	2.74	1.00	0.00	0.16	111115
66	"10:10:10"	5743.5	0	4.88	0.0599	241	1.19	2.02	26.78	6	1.42	1	2.84	26.62	26.78	26.99	400.11	384.09	11.350	14.869	33.08	43.34	199.7	1600	0	102	20.9	0.874	1.0	-0.22	2.74	1.00	0.00	0.16	111115
67	"10:10:11"	5744.5	0	4.89	0.0599	241	1.19	2.02	26.78	6	1.42	1	2.84	26.62	26.78	26.99	400.15	384.09	11.351	14.869	33.08	43.34	199.7	1600	0	102	20.9	0.874	1.0	-0.22	2.74	1.00	0.00	0.16	111115
68	"10:10:11"	5745.0	0	4.89	0.0599	241	1.19	2.02	26.78	6	1.42	1	2.84	26.62	26.78	26.99	400.14	384.07	11.351	14.868	33.08	43.34	199.7	1600	0	102	20.9	0.874	1.0	-0.22	2.74	1.00	0.00	0.16	111115
69	"10:10:12"	5746.0	0	4.89	0.0599	241	1.19	2.02	26.79	6	1.42	1	2.84	26.63	26.79	26.99	400.14	384.09	11.351	14.869	33.08	43.34	199.7	1600	0	102	20.9	0.874	1.0	-0.22	2.74	1.00	0.00	0.16	111115
70	"10:10:13"	5747.0	0	4.87	0.0599	242	1.19	2.02	26.79	6	1.42	1	2.84	26.63	26.79	26.99	400.12	384.11	11.350	14.870	33.08	43.34	199.7	1600	0	102	20.9	0.874	1.0	-0.22	2.74	1.00	0.00	0.16	111115
71	"10:10:14"	5747.5	0	4.88	0.0599	241	1.19	2.02	26.79	6	1.42	1	2.84	26.63	26.79	26.99	400.12	384.07	11.350	14.870	33.08	43.34	199.7	1600	0	102	20.9	0.874	1.0	-0.22	2.74	1.00	0.00	0.16	111115
72	"10:10:15"	5748.5	0	4.87	0.0599	242	1.19	2.02	26.79	6	1.42	1	2.84	26.63	26.79	26.99	400.10	384.10	11.350	14.869	33.08	43.34	199.7	1600	0	102	20.9	0.874	1.0	-0.22	2.74	1.00	0.00	0.16	111115
73	"10:10:16"	5749.5	0	4.86	0.0599	242	1.19	2.02	26.79	6	1.42	1	2.84	26.62	26.79	26.99	400.07	384.09	11.349	14.869	33.08	43.34	199.7	1600	0	102	20.9	0.874	1.0	-0.22	2.74	1.00	0.00	0.16	111115
74	"10:10:16"	5750.0	0	4.86	0.0599	242	1.19	2.02	26.79	6	1.42	1	2.84	26.63	26.79	26.99	400.05	384.08	11.349	14.868	33.08	43.33	199.7	1600	0	102	20.9	0.874	1.0	-0.22	2.74	1.00	0.00	0.16	111115
75	"10:10:17"	5751.0	0	4.87	0.0598	241	1.19	2.02	26.79	6	1.42	1	2.84	26.63	26.79	26.99	400.09	384.08	11.350	14.867	33.08	43.33	199.7	1600	0	102	20.9	0.874	1.0	-0.22	2.74	1.00	0.00	0.16	111115
"10:11:11 Coolers: Tblock -> 31.00 C"
"10:33:01 Flow: Fixed -> 200 umol/s"
"10:33:26 Coolers: Tblock -> 35.00 C"
"10:33:38 Coolers: Tblock -> 31.00 C"
"10:33:50 Coolers: Tblock -> 31.00 C"
76	"10:36:08"	7301.5	0	4.18	0.0433	217	1.16	2.7	29.66	6	1.42	1	2.84	30.18	29.66	31.09	400.28	386.35	11.003	14.450	26.08	34.25	199.6	1599	0	102.1	21.4	0.874	1.0	-0.22	2.74	1.00	0.00	0.16	111115
77	"10:36:08"	7302.5	0	4.18	0.0434	217	1.16	2.7	29.66	6	1.42	1	2.84	30.18	29.66	31.09	400.27	386.36	11.003	14.450	26.08	34.26	199.6	1599	0	102.1	21.4	0.874	1.0	-0.22	2.74	1.00	0.00	0.16	111115
78	"10:36:09"	7303.0	0	4.17	0.0434	218	1.16	2.7	29.66	6	1.42	1	2.84	30.18	29.66	31.09	400.26	386.38	11.003	14.449	26.08	34.25	199.6	1599	0	102.1	21.4	0.874	1.0	-0.22	2.74	1.00	0.00	0.16	111115
79	"10:36:10"	7303.5	0	4.16	0.0434	218	1.16	2.7	29.66	6	1.42	1	2.84	30.18	29.66	31.09	400.26	386.41	11.002	14.449	26.08	34.25	199.6	1599	0	102.1	21.4	0.874	1.0	-0.22	2.74	1.00	0.00	0.16	111115
80	"10:36:10"	7304.5	0	4.17	0.0434	217	1.16	2.7	29.66	6	1.42	1	2.84	30.18	29.66	31.09	400.30	386.40	11.002	14.449	26.08	34.25	199.7	1599	0	102.1	21.4	0.874	1.0	-0.22	2.74	1.00	0.00	0.16	111115
81	"10:36:11"	7305.0	0	4.18	0.0434	217	1.16	2.7	29.66	6	1.42	1	2.84	30.18	29.66	31.09	400.31	386.41	11.002	14.449	26.08	34.25	199.7	1599	0	102.1	21.4	0.874	1.0	-0.22	2.74	1.00	0.00	0.16	111115
82	"10:36:12"	7305.5	0	4.16	0.0434	218	1.16	2.7	29.66	6	1.42	1	2.84	30.18	29.66	31.09	400.28	386.42	11.001	14.448	26.08	34.25	199.7	1599	0	102.1	21.4	0.874	1.0	-0.22	2.74	1.00	0.00	0.16	111115
83	"10:36:12"	7306.5	0	4.17	0.0434	217	1.16	2.7	29.66	6	1.42	1	2.84	30.18	29.66	31.09	400.27	386.40	11.001	14.447	26.08	34.25	199.7	1599	0	102.1	21.4	0.874	1.0	-0.22	2.74	1.00	0.00	0.16	111115
84	"10:36:13"	7307.0	0	4.19	0.0434	217	1.16	2.7	29.66	6	1.42	1	2.84	30.18	29.66	31.09	400.29	386.36	11.001	14.447	26.08	34.25	199.6	1599	0	102.1	21.4	0.874	1.0	-0.22	2.74	1.00	0.00	0.16	111115
85	"10:36:14"	7307.5	0	4.2	0.0433	216	1.16	2.7	29.66	6	1.42	1	2.84	30.18	29.66	31.09	400.30	386.34	11.001	14.447	26.08	34.25	199.6	1599	0	102.1	21.4	0.874	1.0	-0.22	2.74	1.00	0.00	0.16	111115
86	"10:36:14"	7308.5	0	4.18	0.0433	217	1.16	2.7	29.66	6	1.42	1	2.84	30.18	29.66	31.09	400.27	386.35	11.001	14.445	26.08	34.24	199.6	1599	0	102.1	21.4	0.874	1.0	-0.22	2.74	1.00	0.00	0.16	111115
87	"10:36:15"	7309.0	0	4.18	0.0433	217	1.16	2.7	29.66	6	1.42	1	2.84	30.18	29.66	31.09	400.25	386.35	11.001	14.446	26.08	34.25	199.6	1599	0	102.1	21.4	0.874	1.0	-0.22	2.74	1.00	0.00	0.16	111115
88	"10:36:16"	7309.5	0	4.19	0.0433	217	1.16	2.7	29.66	6	1.42	1	2.84	30.18	29.66	31.09	400.29	386.35	11.001	14.446	26.08	34.25	199.6	1599	0	102.1	21.4	0.874	1.0	-0.22	2.74	1.00	0.00	0.16	111115
89	"10:36:16"	7310.0	0	4.2	0.0433	216	1.16	2.7	29.66	6	1.42	1	2.84	30.18	29.66	31.09	400.31	386.34	11.001	14.446	26.08	34.25	199.6	1599	0	102.1	21.4	0.874	1.0	-0.22	2.74	1.00	0.00	0.16	111115
90	"10:36:18"	7311.5	0	4.18	0.0433	217	1.16	2.7	29.66	6	1.42	1	2.84	30.18	29.66	31.09	400.32	386.41	11.001	14.447	26.08	34.25	199.6	1599	0	102.1	21.4	0.874	1.0	-0.22	2.74	1.00	0.00	0.16	111115
"10:36:23 Coolers: Tblock -> 35.00 C"
"10:53:42 Flow: Fixed -> 200 umol/s"
91	"10:54:26"	8401.0	0	3.39	0.0313	197	1.07	3.43	32.27	6	1.42	1	2.84	33.55	32.27	34.99	400.47	389.01	10.712	13.891	20.97	27.20	199.6	1599	0	102	21.7	0.861	1.0	-0.22	2.74	1.00	0.00	0.16	111115
92	"10:54:27"	8401.5	0	3.4	0.0313	197	1.07	3.43	32.27	6	1.42	1	2.84	33.55	32.27	34.99	400.48	389.00	10.713	13.891	20.98	27.20	199.6	1599	0	102	21.7	0.861	1.0	-0.22	2.74	1.00	0.00	0.16	111115
93	"10:54:28"	8402.5	0	3.39	0.0313	198	1.07	3.43	32.27	6	1.42	1	2.84	33.56	32.27	34.99	400.46	389.03	10.712	13.890	20.97	27.20	199.6	1599	0	102	21.7	0.861	1.0	-0.22	2.74	1.00	0.00	0.16	111115
94	"10:54:29"	8403.0	0	3.4	0.0313	197	1.07	3.43	32.27	6	1.42	1	2.84	33.56	32.27	34.99	400.47	389.02	10.712	13.891	20.97	27.20	199.6	1599	0	102	21.7	0.861	1.0	-0.22	2.74	1.00	0.00	0.16	111115
95	"10:54:29"	8404.0	0	3.4	0.0313	197	1.07	3.43	32.27	6	1.42	1	2.84	33.56	32.27	34.99	400.48	389.01	10.711	13.889	20.97	27.19	199.6	1600	0	102	21.7	0.861	1.0	-0.22	2.74	1.00	0.00	0.16	111115
96	"10:54:30"	8405.0	0	3.39	0.0313	198	1.07	3.43	32.26	6	1.42	1	2.84	33.56	32.26	34.99	400.45	389.01	10.712	13.889	20.97	27.19	199.6	1600	0	102	21.7	0.861	1.0	-0.22	2.74	1.00	0.00	0.16	111115
97	"10:54:31"	8405.5	0	3.38	0.0313	198	1.07	3.43	32.26	6	1.42	1	2.84	33.56	32.26	34.99	400.44	389.03	10.712	13.890	20.97	27.19	199.6	1600	0	102	21.7	0.861	1.0	-0.22	2.74	1.00	0.00	0.16	111115
98	"10:54:32"	8406.0	0	3.39	0.0313	198	1.07	3.43	32.26	6	1.42	1	2.84	33.55	32.26	34.99	400.45	389.00	10.712	13.890	20.97	27.20	199.6	1600	0	102	21.7	0.861	1.0	-0.22	2.74	1.00	0.00	0.16	111115
99	"10:54:32"	8407.0	0	3.39	0.0313	198	1.07	3.43	32.26	6	1.42	1	2.84	33.56	32.26	34.99	400.45	389.00	10.711	13.889	20.97	27.19	199.6	1600	0	102	21.7	0.861	1.0	-0.22	2.74	1.00	0.00	0.16	111115
100	"10:54:33"	8407.5	0	3.4	0.0313	197	1.07	3.43	32.26	6	1.42	1	2.84	33.56	32.26	34.99	400.46	388.98	10.712	13.889	20.97	27.19	199.6	1600	0	102	21.7	0.861	1.0	-0.22	2.74	1.00	0.00	0.16	111115
101	"10:54:34"	8408.5	0	3.44	0.0313	195	1.07	3.43	32.26	6	1.42	1	2.84	33.56	32.26	34.99	400.56	388.96	10.712	13.888	20.97	27.19	199.6	1600	0	102	21.7	0.861	1.0	-0.22	2.74	1.00	0.00	0.16	111115
102	"10:54:35"	8409.0	0	3.45	0.0313	195	1.07	3.43	32.26	6	1.42	1	2.84	33.56	32.26	34.99	400.57	388.96	10.712	13.888	20.97	27.19	199.6	1600	0	102	21.7	0.861	1.0	-0.22	2.74	1.00	0.00	0.16	111115
103	"10:54:35"	8409.5	0	3.45	0.0313	195	1.07	3.43	32.26	6	1.42	1	2.84	33.56	32.26	34.99	400.57	388.96	10.712	13.888	20.97	27.19	199.6	1600	0	102	21.7	0.861	1.0	-0.22	2.74	1.00	0.00	0.16	111115
104	"10:54:36"	8410.5	0	3.43	0.0313	196	1.07	3.43	32.26	6	1.42	1	2.84	33.56	32.26	34.99	400.54	388.98	10.712	13.887	20.97	27.19	199.6	1600	0	102	21.7	0.861	1.0	-0.22	2.74	1.00	0.00	0.16	111115
105	"10:54:37"	8411.0	0	3.42	0.0313	196	1.07	3.43	32.25	6	1.42	1	2.84	33.55	32.25	34.99	400.53	388.98	10.712	13.887	20.98	27.19	199.6	1600	0	102	21.7	0.861	1.0	-0.22	2.74	1.00	0.00	0.16	111115
"10:54:43 Coolers: Tblock -> 39.00 C"
"11:12:07 Flow: Fixed -> 200 umol/s"
106	"11:12:55"	9509.5	0	2.51	0.0188	159	0.824	4.34	35.02	6	1.42	1	2.84	37.10	35.02	39.08	401.20	392.67	10.461	12.906	16.84	20.78	199.6	1600	0	102.1	22.3	0.851	1.0	-0.22	2.74	1.00	0.00	0.16	111115
107	"11:12:56"	9510.5	0	2.64	0.0188	148	0.823	4.34	35.01	6	1.42	1	2.84	37.10	35.01	39.08	401.52	392.62	10.462	12.906	16.84	20.78	199.6	1600	0	102.1	22.3	0.851	1.0	-0.22	2.74	1.00	0.00	0.16	111115
108	"11:12:57"	9511.0	0	2.65	0.0188	148	0.823	4.34	35.01	6	1.42	1	2.84	37.10	35.01	39.08	401.53	392.60	10.463	12.905	16.84	20.77	199.6	1600	0	102.1	22.3	0.851	1.0	-0.22	2.74	1.00	0.00	0.16	111115
109	"11:12:58"	9512.0	0	2.55	0.0188	156	0.823	4.33	35.01	6	1.42	1	2.84	37.10	35.01	39.08	401.26	392.63	10.465	12.906	16.84	20.77	199.6	1600	0	102.1	22.3	0.851	1.0	-0.22	2.74	1.00	0.00	0.16	111115
110	"11:12:59"	9513.0	0	2.45	0.0188	163	0.822	4.33	35.01	6	1.42	1	2.84	37.11	35.01	39.08	400.98	392.63	10.465	12.905	16.84	20.77	199.6	1600	0	102.1	22.3	0.851	1.0	-0.22	2.74	1.00	0.00	0.16	111115
111	"11:13:00"	9514.0	0	2.36	0.0188	171	0.822	4.33	35.00	6	1.42	1	2.84	37.11	35.00	39.08	400.76	392.70	10.465	12.903	16.84	20.77	199.6	1600	0	102.1	22.3	0.851	1.0	-0.22	2.74	1.00	0.00	0.16	111115
112	"11:13:01"	9515.0	0	2.24	0.0188	181	0.822	4.33	35.00	6	1.42	1	2.84	37.11	35.00	39.08	400.48	392.79	10.466	12.903	16.84	20.76	199.7	1600	0	102.1	22.3	0.851	1.0	-0.22	2.74	1.00	0.00	0.16	111115
113	"11:13:02"	9516.0	0	2.13	0.0188	190	0.821	4.33	35.01	6	1.42	1	2.84	37.11	35.01	39.08	400.18	392.83	10.465	12.901	16.84	20.76	199.7	1600	0	102.1	22.3	0.851	1.0	-0.22	2.74	1.00	0.00	0.16	111115
114	"11:13:03"	9517.0	0	2	0.0188	201	0.82	4.33	35.01	6	1.42	1	2.84	37.11	35.01	39.08	399.85	392.87	10.465	12.899	16.84	20.76	199.6	1600	0	102.1	22.3	0.851	1.0	-0.22	2.74	1.00	0.00	0.16	111115
115	"11:13:04"	9517.5	0	1.93	0.0188	206	0.82	4.33	35.01	6	1.42	1	2.84	37.11	35.01	39.08	399.68	392.90	10.466	12.899	16.84	20.76	199.6	1600	0	102.1	22.3	0.851	1.0	-0.22	2.74	1.00	0.00	0.16	111115
116	"11:13:04"	9518.5	0	1.81	0.0188	216	0.819	4.34	35.01	6	1.42	1	2.84	37.11	35.01	39.08	399.35	392.93	10.466	12.898	16.84	20.76	199.6	1600	0	102.1	22.3	0.851	1.0	-0.22	2.74	1.00	0.00	0.16	111115
117	"11:13:05"	9519.5	0	1.75	0.0188	222	0.82	4.33	35.01	6	1.42	1	2.84	37.11	35.01	39.08	399.15	392.93	10.465	12.898	16.84	20.75	199.6	1600	0	102.1	22.3	0.851	1.0	-0.22	2.74	1.00	0.00	0.16	111115
118	"11:13:06"	9520.0	0	1.73	0.0188	223	0.82	4.33	35.01	6	1.42	1	2.84	37.11	35.01	39.08	399.10	392.94	10.466	12.899	16.84	20.75	199.6	1600	0	102.1	22.3	0.851	1.0	-0.22	2.74	1.00	0.00	0.16	111115
119	"11:13:07"	9521.0	0	1.71	0.0188	225	0.821	4.33	35.01	6	1.42	1	2.84	37.11	35.01	39.08	399.00	392.89	10.465	12.901	16.84	20.76	199.6	1600	0	102.1	22.3	0.851	0.7	-0.22	2.74	1.00	0.00	0.16	111115
120	"11:13:07"	9521.5	0	1.68	0.0188	227	0.821	4.33	35.01	6	1.42	1	2.84	37.11	35.01	39.08	398.92	392.89	10.465	12.901	16.84	20.76	199.7	1600	0	102.1	22.3	0.851	0.7	-0.22	2.74	1.00	0.00	0.16	111115
"11:13:12 Coolers: Tblock -> 43.00 C"
"11:32:11 Flow: Fixed -> 200 umol/s"
121	"11:33:15"	10729.5	0	1.29	0.0129	211	0.647	4.96	36.71	6	1.42	1	2.84	39.33	36.71	41.62	399.83	395.20	10.275	12.196	14.66	17.41	199.7	1600	0	102.1	22.6	0.841	1.0	-0.22	2.74	1.00	0.00	0.16	111115
122	"11:33:16"	10730.0	0	1.25	0.0129	215	0.648	4.96	36.71	6	1.42	1	2.84	39.33	36.71	41.62	399.74	395.21	10.274	12.197	14.66	17.41	199.6	1600	0	102.1	22.6	0.841	1.0	-0.22	2.74	1.00	0.00	0.16	111115
123	"11:33:17"	10731.0	0	1.26	0.0129	214	0.646	4.96	36.71	6	1.42	1	2.84	39.33	36.71	41.62	399.74	395.20	10.276	12.193	14.66	17.40	199.7	1600	0	102.1	22.6	0.841	1.0	-0.22	2.74	1.00	0.00	0.16	111115
124	"11:33:18"	10732.0	0	1.34	0.0129	204	0.647	4.96	36.71	6	1.42	1	2.84	39.33	36.71	41.62	399.97	395.16	10.274	12.195	14.66	17.40	199.7	1600	0	102.1	22.6	0.841	1.0	-0.22	2.74	1.00	0.00	0.16	111115
125	"11:33:19"	10733.0	0	1.39	0.0129	198	0.649	4.96	36.71	6	1.42	1	2.84	39.33	36.71	41.62	400.13	395.17	10.271	12.197	14.66	17.41	199.7	1600	0	102.1	22.6	0.841	1.0	-0.22	2.74	1.00	0.00	0.16	111115
126	"11:33:19"	10733.5	0	1.45	0.0129	192	0.649	4.96	36.71	6	1.42	1	2.84	39.33	36.71	41.62	400.23	395.11	10.270	12.197	14.66	17.41	199.7	1600	0	102.1	22.6	0.841	1.0	-0.22	2.74	1.00	0.00	0.16	111115
127	"11:33:20"	10734.5	0	1.53	0.0129	182	0.65	4.96	36.71	6	1.42	1	2.84	39.33	36.71	41.62	400.42	395.05	10.270	12.198	14.66	17.41	199.7	1600	0	102.1	22.6	0.841	1.0	-0.22	2.74	1.00	0.00	0.16	111115
128	"11:33:22"	10736.5	0	1.55	0.0129	179	0.648	4.96	36.71	6	1.42	1	2.84	39.33	36.71	41.62	400.43	395.00	10.272	12.195	14.66	17.40	199.6	1600	0	102.1	22.6	0.841	1.0	-0.22	2.74	1.00	0.00	0.16	111115
129	"11:33:23"	10737.0	0	1.58	0.0129	175	0.649	4.96	36.70	6	1.42	1	2.84	39.33	36.70	41.62	400.48	394.95	10.271	12.196	14.66	17.41	199.6	1600	0	102.1	22.6	0.841	1.0	-0.22	2.74	1.00	0.00	0.16	111115
130	"11:33:24"	10738.0	0	1.57	0.0129	177	0.648	4.96	36.70	6	1.42	1	2.84	39.33	36.70	41.62	400.44	394.96	10.271	12.194	14.66	17.40	199.6	1600	0	102.1	22.6	0.841	0.7	-0.22	2.74	1.00	0.00	0.16	111115
131	"11:33:25"	10739.0	0	1.58	0.0129	176	0.648	4.96	36.70	6	1.42	1	2.84	39.33	36.70	41.62	400.48	394.97	10.271	12.195	14.66	17.41	199.7	1600	0	102.1	22.6	0.841	0.7	-0.22	2.74	1.00	0.00	0.16	111115
132	"11:33:26"	10740.0	0	1.62	0.0129	171	0.647	4.96	36.70	6	1.42	1	2.84	39.33	36.70	41.62	400.55	394.93	10.271	12.192	14.66	17.40	199.7	1600	0	102.1	22.6	0.841	0.7	-0.22	2.74	1.00	0.00	0.16	111115
133	"11:33:27"	10741.0	0	1.59	0.0129	174	0.647	4.96	36.69	6	1.42	1	2.84	39.33	36.69	41.62	400.54	394.99	10.271	12.192	14.66	17.40	199.7	1600	0	102.1	22.6	0.841	0.7	-0.22	2.74	1.00	0.00	0.16	111115
134	"11:33:27"	10741.5	0	1.57	0.0129	176	0.646	4.96	36.69	6	1.42	1	2.84	39.33	36.69	41.62	400.52	395.03	10.272	12.191	14.66	17.40	199.7	1600	0	102.1	22.6	0.841	0.7	-0.22	2.74	1.00	0.00	0.16	111115
135	"11:33:28"	10742.5	0	1.62	0.0129	171	0.647	4.96	36.69	6	1.42	1	2.84	39.33	36.69	41.63	400.58	394.96	10.271	12.191	14.66	17.40	199.6	1600	0	102.1	22.6	0.841	0.7	-0.22	2.74	1.00	0.00	0.16	111115
