"OPEN 6.1.4"
"Mon Jun 20 2016 14:05:38"
<open><version>"6.1.4"</version></open>
<open><configfile>"/User/Configs/UserPrefs/LED2x3.xml"</configfile></open>
<open><light><source>"6400-02 or -02B LED Source"</source><par_in>1 <sensor>"SI-3158"<cal>-0.91<actinity>1.00</actinity><transm>1.00</transm></cal></sensor><transm>1 </transm></par_in><par_out>1 <sensor>"Q45198"<cal>6.26 </cal></sensor></par_out></light></open>
<open><comps><file>"/User/Configs/Comps/StdComps_6.1"<header>""</header><extras></extras></file><energybal>no<f_parIn>1 </f_parIn><f_parOut>0 </f_parOut><alphaK>0.16</alphaK></energybal><bc_total>2.840<stomatal_ratio>1</stomatal_ratio><bc_oneside>1.420<type>2 </type><table>"/Sys/Lib/StdBLCTable"</table><area>6</area><slope>-0.219565 </slope><offset>2.73739 </offset><fan>5 </fan></bc_oneside></bc_total></comps></open>
<open><prompts><onlog>off</onlog><items>"Default (none)"</items></prompts></open>
<open><constants><oxygen>21 %</oxygen><bb_vapor>1.5 </bb_vapor><bb_oxy>0.9 </bb_oxy></constants></open>
<open><stability><items>"Std Stability"<items[1]><id>-2 </id><size>15 </size><pcv><onoff>0 </onoff><value>1 </value></pcv><std><onoff>0 </onoff><value>1 </value></std><slp><onoff>1 </onoff><value>1 </value></slp></items[1]><items[2]><id>-5 </id><size>15 </size><pcv><onoff>0 </onoff><value>1 </value></pcv><std><onoff>0 </onoff><value>1 </value></std><slp><onoff>1 </onoff><value>1 </value></slp></items[2]><items[3]><id>-7 </id><size>15 </size><pcv><onoff>0 </onoff><value>1 </value></pcv><std><onoff>0 </onoff><value>1 </value></std><slp><onoff>1 </onoff><value>1 </value></slp></items[3]></items></stability></open>
<open><log><format>"StdLogFmt_6.0"<items>{ -35  -21  -36  -76  30  23  36  21  25  221  -33  111  -34  11  -9  -10  -8  -1  -2  -4  -5  -14  -15  -7  -12  -13  -11  -65  -66  -72  -18  -19  -77  -78  -79  -23   }<hdr>{  }</hdr></items></format><options><beep>on</beep><hdr>normal</hdr><rem>normal</rem><stab>no</stab><stats>no<period>15 </period></stats><excel>yes</excel><comm>no</comm></options><datafile>"/User/062016_stm_taof1"</datafile><button><action>"Normal Log"<code>" LogOneObsManual "</code></action></button><autoprog>"/User/Configs/AutoProgs/AutoLog"<active>no</active></autoprog></log></open>
<open><a2d><avgtime>4.0 secs</avgtime><userchans><ch20>"Off"</ch20><ch21>"Off"</ch21><ch22>"Off"</ch22><ch23>"Off"</ch23></userchans></a2d></open>
<open><matching><type>0 </type><disp>'a'</disp><settings><CO2Limit>10.0</CO2Limit><H2OLimit>1.0</H2OLimit><MaxAutoTime>60 </MaxAutoTime></settings></matching></open>
<li6400><factory><unit>"PSC-3209"</unit><serviced>"16 Dec 2014"</serviced><fuseaware>0 </fuseaware><co2mixer>yes</co2mixer><co2><coeffs>{ 0  0.216636  2.62002e-05  2.19439e-08  -3.94571e-12  3.98731e-16   }</coeffs><dvdt>-2.6 </dvdt><xs>{ -0.0003  0.0006   }</xs></co2><h2o><coeffs>{ 0  0.00577737  2.23637e-06  -4.35816e-12   }</coeffs><dvdt>-1.8 </dvdt><xs>{ -0.0011  -0.0004   }</xs></h2o><flow>{ 0  0.3692   }</flow><press>{ 87.857  0.00553   }</press></factory></li6400>
<li6400><user><flow_zero>-506.7</flow_zero><irga_zero><co2>234.5 -155.6<at>19.7121 </at></co2><h2o>78.4 117.4<at>25.1295 </at></h2o></irga_zero><irga_span><co2>{ 0.990037  0.995087   }</co2><h2o>{ 1.00311  1.00811   }</h2o></irga_span><irga_match><co2>{ 0.500348  1.54769   }</co2><h2o>{ 0.127115  0.50339   }</h2o></irga_match><co2_mixer><pump_mv>4500 </pump_mv><ppm>{ 2362.72  1117.56  442.288  269.415  124.411  73.5502  53.2906  53.2105   }</ppm><mv>{ 5000  3000  1500  1000  500  300  200  100   }</mv></co2_mixer><parin_offset>0 </parin_offset><led_cal><unit>"SI-3158"</unit><mv>{ 10  25  50  100  1000  2000  3000  4000  5000   }</mv><qntm>{ 3.03636  13.4569  35.1195  80.6932  1020.17  2027.68  2981.23  3902.95  4595.23   }</qntm></led_cal><lcf_cal><unit>"unknown"</unit><red><mv>{ 50  100  500  1000  1500  5000   }</mv><qntm>{ 50  100  500  1000  2000  5000   }</qntm></red><blue><mv>{ 100  200  500  1000  2000  5000   }</mv><qntm>{ 10  20  50  100  200  500   }</qntm></blue></lcf_cal></user></li6400>
"14:05:40 "
$STARTOFDATA$
"Obs"	"HHMMSS"	"FTime"	"EBal?"	"Photo"	"Cond"	"Ci"	"Trmmol"	"VpdL"	"CTleaf"	"Area"	"BLC_1"	"StmRat"	"BLCond"	"Tair"	"Tleaf"	"TBlk"	"CO2R"	"CO2S"	"H2OR"	"H2OS"	"RH_R"	"RH_S"	"Flow"	"PARi"	"PARo"	"Press"	"CsMch"	"HsMch"	"StableF"	"BLCslope"	"BLCoffst"	"f_parin"	"f_parout"	"alphaK"	"Status"
1	"14:05:59"	25.5	0	6.97	0.21	326	2.6	0.965	12.08	6	1.42	1	2.84	5.35	12.08	2.75	400.62	389.97	2.684	6.131	21.97	50.17	449.7	1700	3	73.47	1.55	0.503	1.0	-0.22	2.74	1.00	0.00	0.16	111115
2	"14:05:59"	25.5	0	6.97	0.21	326	2.6	0.965	12.08	6	1.42	1	2.84	5.35	12.08	2.75	400.62	389.97	2.684	6.131	21.97	50.17	449.7	1700	3	73.47	1.55	0.503	1.0	-0.22	2.74	1.00	0.00	0.16	111115
3	"14:06:00"	26.0	0	6.95	0.21	326	2.6	0.963	12.06	6	1.42	1	2.84	5.35	12.06	2.75	400.61	389.99	2.684	6.131	21.96	50.17	449.7	1700	3	73.47	1.55	0.503	1.0	-0.22	2.74	1.00	0.00	0.16	111115
4	"14:06:00"	26.5	0	6.96	0.21	326	2.6	0.965	12.08	6	1.42	1	2.84	5.35	12.08	2.75	400.60	389.96	2.685	6.131	21.97	50.17	449.7	1700	3	73.47	1.55	0.503	1.0	-0.22	2.74	1.00	0.00	0.16	111115
5	"14:06:01"	27.0	0	6.94	0.209	326	2.6	0.967	12.11	6	1.42	1	2.84	5.35	12.11	2.75	400.61	390.00	2.685	6.133	21.97	50.19	449.7	1700	3	73.47	1.55	0.503	1.0	-0.22	2.74	1.00	0.00	0.16	111115
6	"14:06:01"	27.5	0	6.93	0.209	326	2.6	0.97	12.14	6	1.42	1	2.84	5.35	12.14	2.75	400.61	390.01	2.686	6.134	21.98	50.20	449.7	1700	3	73.47	1.55	0.503	1.0	-0.22	2.74	1.00	0.00	0.16	111115
7	"14:06:02"	28.0	0	6.9	0.208	326	2.6	0.972	12.16	6	1.42	1	2.84	5.35	12.16	2.75	400.59	390.03	2.686	6.136	21.99	50.21	449.8	1700	3	73.47	1.55	0.503	1.0	-0.22	2.74	1.00	0.00	0.16	111115
8	"14:06:02"	28.5	0	6.89	0.208	326	2.6	0.974	12.18	6	1.42	1	2.84	5.35	12.18	2.75	400.58	390.04	2.688	6.136	21.99	50.21	449.8	1699	3	73.47	1.55	0.503	1.0	-0.22	2.74	1.00	0.00	0.16	111115
9	"14:06:03"	29.0	0	6.9	0.207	326	2.6	0.977	12.22	6	1.42	1	2.84	5.35	12.22	2.75	400.59	390.03	2.688	6.136	22.00	50.22	449.8	1699	3	73.47	1.55	0.503	1.0	-0.22	2.74	1.00	0.00	0.16	111115
10	"14:06:03"	29.5	0	6.9	0.207	326	2.6	0.98	12.25	6	1.42	1	2.84	5.35	12.25	2.75	400.58	390.03	2.689	6.138	22.00	50.23	449.8	1699	3	73.47	1.55	0.503	1.0	-0.22	2.74	1.00	0.00	0.16	111115
11	"14:06:04"	30.5	0	6.91	0.207	326	2.6	0.98	12.25	6	1.42	1	2.84	5.36	12.25	2.75	400.59	390.02	2.691	6.144	22.02	50.27	449.8	1699	3	73.47	1.55	0.503	1.0	-0.22	2.74	1.00	0.00	0.16	111115
12	"14:06:04"	31.0	0	6.9	0.208	326	2.61	0.977	12.22	6	1.42	1	2.84	5.36	12.22	2.76	400.59	390.03	2.692	6.147	22.03	50.30	449.8	1699	3	73.47	1.55	0.503	1.0	-0.22	2.74	1.00	0.00	0.16	111115
13	"14:06:05"	31.0	0	6.9	0.208	326	2.61	0.977	12.22	6	1.42	1	2.84	5.36	12.22	2.76	400.59	390.03	2.692	6.147	22.03	50.30	449.8	1699	3	73.47	1.55	0.503	1.0	-0.22	2.74	1.00	0.00	0.16	111115
14	"14:06:05"	31.5	0	6.91	0.208	326	2.61	0.975	12.20	6	1.42	1	2.84	5.36	12.20	2.76	400.60	390.02	2.693	6.148	22.03	50.31	449.8	1699	3	73.47	1.55	0.503	1.0	-0.22	2.74	1.00	0.00	0.16	111115
15	"14:06:06"	32.0	0	6.96	0.208	326	2.61	0.974	12.19	6	1.42	1	2.84	5.36	12.19	2.76	400.64	390.01	2.693	6.149	22.04	50.32	449.8	1699	3	73.47	1.55	0.503	1.0	-0.22	2.74	1.00	0.00	0.16	111115
16	"14:11:18"	344.5	0	7.34	0.2	319	2.7	1.05	13.34	6	1.42	1	2.84	7.31	13.34	5.09	400.90	389.70	3.114	6.690	22.26	47.83	449.7	1701	4	73.46	1.13	0.502	1.0	-0.22	2.74	1.00	0.00	0.16	111115
17	"14:11:18"	344.5	0	7.34	0.2	319	2.7	1.05	13.34	6	1.42	1	2.84	7.31	13.34	5.09	400.90	389.70	3.114	6.690	22.26	47.83	449.7	1701	4	73.46	1.13	0.502	1.0	-0.22	2.74	1.00	0.00	0.16	111115
18	"14:11:19"	345.0	0	7.36	0.2	319	2.7	1.05	13.34	6	1.42	1	2.84	7.31	13.34	5.09	400.92	389.70	3.114	6.689	22.26	47.82	449.7	1701	4	73.46	1.13	0.502	1.0	-0.22	2.74	1.00	0.00	0.16	111115
19	"14:11:19"	345.0	0	7.36	0.2	319	2.7	1.05	13.34	6	1.42	1	2.84	7.31	13.34	5.09	400.92	389.70	3.114	6.689	22.26	47.82	449.7	1701	4	73.46	1.13	0.502	1.0	-0.22	2.74	1.00	0.00	0.16	111115
20	"14:11:20"	345.5	0	7.37	0.2	319	2.7	1.05	13.36	6	1.42	1	2.84	7.31	13.36	5.09	400.95	389.71	3.114	6.688	22.26	47.81	449.7	1701	4	73.46	1.13	0.502	1.0	-0.22	2.74	1.00	0.00	0.16	111115
21	"14:11:20"	346.0	0	7.37	0.199	319	2.7	1.05	13.40	6	1.42	1	2.84	7.31	13.40	5.09	400.96	389.72	3.115	6.687	22.27	47.81	449.8	1701	4	73.46	1.13	0.502	1.0	-0.22	2.74	1.00	0.00	0.16	111115
22	"14:11:21"	346.5	0	7.36	0.198	319	2.7	1.06	13.44	6	1.42	1	2.84	7.31	13.44	5.09	400.94	389.72	3.116	6.688	22.27	47.81	449.8	1701	4	73.46	1.13	0.502	1.0	-0.22	2.74	1.00	0.00	0.16	111115
23	"14:11:21"	347.0	0	7.36	0.197	318	2.7	1.06	13.46	6	1.42	1	2.84	7.31	13.46	5.09	400.94	389.73	3.117	6.689	22.28	47.82	449.8	1701	4	73.46	1.13	0.502	1.0	-0.22	2.74	1.00	0.00	0.16	111115
24	"14:11:22"	347.5	0	7.35	0.197	318	2.7	1.06	13.48	6	1.42	1	2.84	7.31	13.48	5.09	400.94	389.74	3.118	6.692	22.29	47.84	449.8	1701	4	73.46	1.13	0.502	1.0	-0.22	2.74	1.00	0.00	0.16	111115
25	"14:11:22"	348.0	0	7.37	0.198	318	2.7	1.06	13.47	6	1.42	1	2.84	7.31	13.47	5.09	400.94	389.71	3.118	6.696	22.29	47.86	449.8	1701	4	73.46	1.13	0.502	1.0	-0.22	2.74	1.00	0.00	0.16	111115
26	"14:11:23"	348.5	0	7.35	0.198	319	2.7	1.06	13.47	6	1.42	1	2.84	7.31	13.47	5.09	400.93	389.72	3.118	6.698	22.29	47.88	449.8	1701	4	73.46	1.13	0.502	1.0	-0.22	2.74	1.00	0.00	0.16	111115
27	"14:11:23"	349.0	0	7.33	0.198	319	2.7	1.06	13.49	6	1.42	1	2.84	7.31	13.49	5.09	400.93	389.74	3.119	6.700	22.30	47.89	449.8	1701	4	73.46	1.13	0.502	1.0	-0.22	2.74	1.00	0.00	0.16	111115
28	"14:11:24"	349.5	0	7.34	0.198	319	2.7	1.06	13.48	6	1.42	1	2.84	7.31	13.48	5.09	400.95	389.75	3.120	6.703	22.31	47.92	449.8	1701	4	73.46	1.13	0.502	1.0	-0.22	2.74	1.00	0.00	0.16	111115
29	"14:11:24"	350.0	0	7.33	0.198	319	2.7	1.06	13.46	6	1.42	1	2.84	7.32	13.46	5.09	400.96	389.78	3.121	6.705	22.31	47.93	449.8	1701	4	73.46	1.13	0.502	1.0	-0.22	2.74	1.00	0.00	0.16	111115
30	"14:11:25"	350.5	0	7.34	0.199	319	2.71	1.05	13.43	6	1.42	1	2.84	7.32	13.43	5.09	400.98	389.78	3.121	6.707	22.31	47.94	449.8	1700	4	73.46	1.13	0.502	1.0	-0.22	2.74	1.00	0.00	0.16	111115
31	"14:19:27"	833.5	0	7.67	0.145	291	2.6	1.36	16.52	6	1.42	1	2.84	11.58	16.52	9.96	401.13	389.54	3.756	7.198	20.15	38.62	449.8	1700	5	73.45	0.812	0.507	1.0	-0.22	2.74	1.00	0.00	0.16	111115
32	"14:19:28"	834.0	0	7.67	0.145	291	2.6	1.36	16.51	6	1.42	1	2.84	11.58	16.51	9.96	401.13	389.54	3.756	7.197	20.15	38.62	449.8	1699	5	73.45	0.812	0.507	1.0	-0.22	2.74	1.00	0.00	0.16	111115
33	"14:19:28"	834.5	0	7.67	0.145	291	2.6	1.36	16.50	6	1.42	1	2.84	11.58	16.50	9.96	401.14	389.55	3.757	7.196	20.16	38.61	449.8	1699	5	73.45	0.812	0.507	1.0	-0.22	2.74	1.00	0.00	0.16	111115
34	"14:19:29"	834.5	0	7.67	0.145	291	2.6	1.36	16.50	6	1.42	1	2.84	11.58	16.50	9.96	401.14	389.55	3.757	7.196	20.16	38.61	449.8	1699	5	73.45	0.812	0.507	1.0	-0.22	2.74	1.00	0.00	0.16	111115
35	"14:19:29"	835.0	0	7.64	0.146	292	2.59	1.35	16.49	6	1.42	1	2.84	11.58	16.49	9.96	401.11	389.56	3.759	7.195	20.17	38.60	449.8	1699	5	73.45	0.812	0.507	1.0	-0.22	2.74	1.00	0.00	0.16	111115
36	"14:19:30"	836.0	0	7.61	0.146	292	2.59	1.35	16.47	6	1.42	1	2.84	11.58	16.47	9.96	401.09	389.59	3.760	7.194	20.17	38.60	449.8	1699	5	73.45	0.812	0.507	1.0	-0.22	2.74	1.00	0.00	0.16	111115
37	"14:19:30"	836.5	0	7.6	0.146	292	2.59	1.35	16.47	6	1.42	1	2.84	11.58	16.47	9.96	401.08	389.60	3.760	7.192	20.17	38.59	449.8	1699	5	73.45	0.812	0.507	1.0	-0.22	2.74	1.00	0.00	0.16	111115
38	"14:19:31"	837.0	0	7.59	0.146	292	2.59	1.35	16.47	6	1.42	1	2.84	11.58	16.47	9.96	401.08	389.61	3.760	7.192	20.17	38.59	449.8	1699	5	73.45	0.812	0.507	1.0	-0.22	2.74	1.00	0.00	0.16	111115
39	"14:19:31"	837.0	0	7.59	0.146	292	2.59	1.35	16.47	6	1.42	1	2.84	11.58	16.47	9.96	401.08	389.61	3.760	7.192	20.17	38.59	449.8	1699	5	73.45	0.812	0.507	1.0	-0.22	2.74	1.00	0.00	0.16	111115
40	"14:19:32"	837.5	0	7.57	0.146	293	2.59	1.35	16.46	6	1.42	1	2.84	11.58	16.46	9.96	401.08	389.63	3.761	7.192	20.17	38.58	449.8	1699	5	73.45	0.812	0.507	1.0	-0.22	2.74	1.00	0.00	0.16	111115
41	"14:19:32"	838.5	0	7.57	0.145	292	2.59	1.35	16.47	6	1.42	1	2.84	11.58	16.47	9.96	401.07	389.63	3.761	7.188	20.17	38.56	449.8	1699	5	73.45	0.812	0.507	1.0	-0.22	2.74	1.00	0.00	0.16	111115
42	"14:19:33"	838.5	0	7.57	0.145	292	2.59	1.35	16.47	6	1.42	1	2.84	11.58	16.47	9.96	401.07	389.63	3.761	7.188	20.17	38.56	449.8	1699	5	73.45	0.812	0.507	1.0	-0.22	2.74	1.00	0.00	0.16	111115
43	"14:19:33"	839.0	0	7.58	0.145	292	2.59	1.36	16.50	6	1.42	1	2.84	11.58	16.50	9.96	401.11	389.66	3.761	7.188	20.18	38.56	449.8	1699	5	73.45	0.812	0.507	1.0	-0.22	2.74	1.00	0.00	0.16	111115
44	"14:19:34"	839.5	0	7.6	0.145	292	2.59	1.36	16.51	6	1.42	1	2.84	11.58	16.51	9.96	401.11	389.64	3.762	7.187	20.18	38.55	449.8	1699	5	73.45	0.812	0.507	1.0	-0.22	2.74	1.00	0.00	0.16	111115
45	"14:19:34"	840.0	0	7.58	0.145	292	2.59	1.36	16.51	6	1.42	1	2.84	11.58	16.51	9.96	401.13	389.67	3.762	7.188	20.18	38.56	449.8	1699	5	73.45	0.812	0.507	1.0	-0.22	2.74	1.00	0.00	0.16	111115
46	"14:26:10"	1236.5	0	7.87	0.127	273	2.73	1.61	19.68	6	1.42	1	2.84	16.23	19.68	15.04	399.40	387.49	5.786	9.389	22.95	37.24	449.8	1699	3	73.45	0.178	0.519	1.0	-0.22	2.74	1.00	0.00	0.16	111115
47	"14:26:11"	1237.0	0	7.88	0.127	273	2.73	1.61	19.68	6	1.42	1	2.84	16.23	19.68	15.04	399.39	387.48	5.786	9.389	22.95	37.24	449.8	1699	3	73.45	0.178	0.519	1.0	-0.22	2.74	1.00	0.00	0.16	111115
48	"14:26:11"	1237.5	0	7.85	0.127	273	2.73	1.61	19.67	6	1.42	1	2.84	16.23	19.67	15.04	399.38	387.49	5.786	9.389	22.95	37.24	449.8	1699	3	73.45	0.178	0.519	1.0	-0.22	2.74	1.00	0.00	0.16	111115
49	"14:26:12"	1237.5	0	7.85	0.127	273	2.73	1.61	19.67	6	1.42	1	2.84	16.23	19.67	15.04	399.38	387.49	5.786	9.389	22.95	37.24	449.8	1699	3	73.45	0.178	0.519	1.0	-0.22	2.74	1.00	0.00	0.16	111115
50	"14:26:12"	1238.0	0	7.86	0.127	273	2.73	1.61	19.67	6	1.42	1	2.84	16.23	19.67	15.04	399.39	387.50	5.786	9.390	22.95	37.24	449.8	1699	3	73.45	0.178	0.519	1.0	-0.22	2.74	1.00	0.00	0.16	111115
51	"14:26:13"	1238.5	0	7.84	0.128	274	2.73	1.61	19.66	6	1.42	1	2.84	16.23	19.66	15.04	399.37	387.49	5.786	9.389	22.95	37.24	449.8	1699	3	73.45	0.178	0.519	1.0	-0.22	2.74	1.00	0.00	0.16	111115
52	"14:26:13"	1239.0	0	7.84	0.128	274	2.73	1.61	19.66	6	1.42	1	2.84	16.23	19.66	15.04	399.34	387.47	5.786	9.390	22.95	37.24	449.8	1699	3	73.45	0.178	0.519	1.0	-0.22	2.74	1.00	0.00	0.16	111115
53	"14:26:14"	1239.5	0	7.85	0.128	273	2.73	1.61	19.66	6	1.42	1	2.84	16.23	19.66	15.04	399.36	387.47	5.787	9.391	22.95	37.24	449.8	1699	3	73.45	0.178	0.519	1.0	-0.22	2.74	1.00	0.00	0.16	111115
54	"14:26:14"	1240.0	0	7.85	0.127	273	2.73	1.61	19.67	6	1.42	1	2.84	16.24	19.67	15.04	399.35	387.47	5.787	9.391	22.94	37.23	449.8	1699	3	73.44	0.178	0.519	1.0	-0.22	2.74	1.00	0.00	0.16	111115
55	"14:26:15"	1240.5	0	7.84	0.127	274	2.73	1.61	19.67	6	1.42	1	2.84	16.24	19.67	15.04	399.34	387.48	5.787	9.390	22.94	37.23	449.8	1699	3	73.44	0.178	0.519	1.0	-0.22	2.74	1.00	0.00	0.16	111115
56	"14:26:15"	1241.0	0	7.83	0.127	274	2.73	1.61	19.66	6	1.42	1	2.84	16.24	19.66	15.04	399.34	387.48	5.788	9.391	22.95	37.23	449.8	1699	3	73.44	0.178	0.519	1.0	-0.22	2.74	1.00	0.00	0.16	111115
57	"14:26:16"	1241.5	0	7.86	0.128	273	2.73	1.61	19.66	6	1.42	1	2.84	16.24	19.66	15.04	399.37	387.48	5.789	9.392	22.95	37.23	449.8	1699	3	73.44	0.178	0.519	1.0	-0.22	2.74	1.00	0.00	0.16	111115
58	"14:26:16"	1242.0	0	7.87	0.127	273	2.73	1.61	19.66	6	1.42	1	2.84	16.24	19.66	15.04	399.39	387.47	5.790	9.393	22.95	37.24	449.8	1699	3	73.44	0.178	0.519	1.0	-0.22	2.74	1.00	0.00	0.16	111115
59	"14:26:17"	1242.5	0	7.87	0.127	273	2.73	1.61	19.67	6	1.42	1	2.84	16.24	19.67	15.04	399.40	387.49	5.791	9.392	22.95	37.23	449.8	1699	4	73.45	0.178	0.519	1.0	-0.22	2.74	1.00	0.00	0.16	111115
60	"14:26:17"	1243.0	0	7.87	0.127	273	2.72	1.61	19.67	6	1.42	1	2.84	16.24	19.67	15.04	399.41	387.50	5.791	9.392	22.96	37.23	449.8	1699	4	73.45	0.178	0.519	1.0	-0.22	2.74	1.00	0.00	0.16	111115
61	"14:33:27"	1673.0	0	7.79	0.118	265	2.92	1.85	22.75	6	1.42	1	2.84	20.75	22.75	20.09	399.78	387.88	8.830	12.675	26.39	37.88	449.7	1699	20	73.45	0.125	0.535	1.0	-0.22	2.74	1.00	0.00	0.16	111115
62	"14:33:27"	1673.5	0	7.79	0.118	265	2.92	1.85	22.74	6	1.42	1	2.84	20.75	22.74	20.09	399.79	387.88	8.831	12.675	26.39	37.87	449.8	1699	20	73.45	0.125	0.535	1.0	-0.22	2.74	1.00	0.00	0.16	111115
63	"14:33:28"	1674.0	0	7.76	0.118	266	2.92	1.84	22.73	6	1.42	1	2.84	20.75	22.73	20.09	399.76	387.90	8.831	12.674	26.39	37.87	449.8	1699	20	73.45	0.125	0.535	1.0	-0.22	2.74	1.00	0.00	0.16	111115
64	"14:33:28"	1674.0	0	7.76	0.118	266	2.92	1.84	22.73	6	1.42	1	2.84	20.75	22.73	20.09	399.76	387.90	8.831	12.674	26.39	37.87	449.8	1699	20	73.45	0.125	0.535	1.0	-0.22	2.74	1.00	0.00	0.16	111115
65	"14:33:29"	1674.5	0	7.76	0.118	266	2.92	1.84	22.73	6	1.42	1	2.84	20.75	22.73	20.09	399.74	387.87	8.831	12.675	26.39	37.87	449.8	1699	20	73.45	0.125	0.535	1.0	-0.22	2.74	1.00	0.00	0.16	111115
66	"14:33:29"	1675.5	0	7.72	0.118	266	2.92	1.84	22.73	6	1.42	1	2.84	20.75	22.73	20.09	399.67	387.86	8.832	12.674	26.39	37.87	449.7	1699	20	73.45	0.125	0.535	1.0	-0.22	2.74	1.00	0.00	0.16	111115
67	"14:33:30"	1676.0	0	7.73	0.118	266	2.92	1.84	22.72	6	1.42	1	2.84	20.75	22.72	20.09	399.66	387.84	8.830	12.673	26.38	37.87	449.7	1699	20	73.45	0.125	0.535	1.0	-0.22	2.74	1.00	0.00	0.16	111115
68	"14:33:30"	1676.5	0	7.74	0.118	266	2.92	1.84	22.72	6	1.42	1	2.84	20.75	22.72	20.09	399.67	387.83	8.829	12.672	26.38	37.86	449.8	1699	20	73.45	0.125	0.535	1.0	-0.22	2.74	1.00	0.00	0.16	111115
69	"14:33:31"	1677.0	0	7.73	0.118	266	2.92	1.84	22.72	6	1.42	1	2.84	20.75	22.72	20.09	399.69	387.87	8.830	12.673	26.38	37.86	449.8	1699	20	73.45	0.125	0.535	1.0	-0.22	2.74	1.00	0.00	0.16	111115
70	"14:33:31"	1677.0	0	7.73	0.118	266	2.92	1.84	22.72	6	1.42	1	2.84	20.75	22.72	20.09	399.69	387.87	8.830	12.673	26.38	37.86	449.8	1699	20	73.45	0.125	0.535	1.0	-0.22	2.74	1.00	0.00	0.16	111115
71	"14:33:32"	1678.0	0	7.76	0.118	266	2.92	1.84	22.72	6	1.42	1	2.84	20.75	22.72	20.09	399.70	387.83	8.829	12.673	26.38	37.86	449.8	1699	20	73.45	0.125	0.535	1.0	-0.22	2.74	1.00	0.00	0.16	111115
72	"14:33:32"	1678.5	0	7.78	0.118	265	2.92	1.84	22.72	6	1.42	1	2.84	20.75	22.72	20.09	399.70	387.82	8.830	12.672	26.38	37.86	449.8	1699	20	73.45	0.125	0.535	1.0	-0.22	2.74	1.00	0.00	0.16	111115
73	"14:33:33"	1679.0	0	7.8	0.118	265	2.92	1.84	22.72	6	1.42	1	2.84	20.75	22.72	20.09	399.73	387.81	8.829	12.672	26.38	37.86	449.8	1699	20	73.45	0.125	0.535	1.0	-0.22	2.74	1.00	0.00	0.16	111115
74	"14:33:33"	1679.5	0	7.84	0.118	265	2.92	1.84	22.72	6	1.42	1	2.84	20.75	22.72	20.09	399.78	387.81	8.829	12.671	26.38	37.86	449.8	1699	20	73.45	0.125	0.535	1.0	-0.22	2.74	1.00	0.00	0.16	111115
75	"14:33:34"	1679.5	0	7.84	0.118	265	2.92	1.84	22.72	6	1.42	1	2.84	20.75	22.72	20.09	399.78	387.81	8.829	12.671	26.38	37.86	449.8	1699	20	73.45	0.125	0.535	1.0	-0.22	2.74	1.00	0.00	0.16	111115
76	"14:39:44"	2050.0	0	7.43	0.1	252	2.84	2.09	25.52	6	1.42	1	2.84	24.99	25.52	24.96	400.09	388.71	12.521	16.250	28.93	37.55	449.7	1700	4	73.44	-0.275	0.531	1.0	-0.22	2.74	1.00	0.00	0.16	111115
77	"14:39:44"	2050.5	0	7.43	0.1	252	2.84	2.09	25.52	6	1.42	1	2.84	24.99	25.52	24.96	400.09	388.71	12.522	16.250	28.93	37.55	449.7	1700	4	73.44	-0.275	0.531	1.0	-0.22	2.74	1.00	0.00	0.16	111115
78	"14:39:45"	2051.0	0	7.43	0.101	252	2.84	2.09	25.52	6	1.42	1	2.84	24.99	25.52	24.96	400.09	388.70	12.521	16.252	28.93	37.55	449.7	1700	4	73.44	-0.275	0.531	1.0	-0.22	2.74	1.00	0.00	0.16	111115
79	"14:39:45"	2051.5	0	7.45	0.101	252	2.84	2.09	25.52	6	1.42	1	2.84	24.99	25.52	24.96	400.10	388.69	12.520	16.252	28.93	37.55	449.7	1700	4	73.44	-0.275	0.531	1.0	-0.22	2.74	1.00	0.00	0.16	111115
80	"14:39:46"	2052.0	0	7.49	0.101	251	2.84	2.09	25.52	6	1.42	1	2.84	24.99	25.52	24.96	400.14	388.67	12.520	16.253	28.93	37.55	449.7	1700	4	73.44	-0.275	0.531	1.0	-0.22	2.74	1.00	0.00	0.16	111115
81	"14:39:46"	2052.5	0	7.5	0.101	251	2.84	2.09	25.52	6	1.42	1	2.84	24.99	25.52	24.96	400.14	388.66	12.520	16.252	28.93	37.55	449.7	1700	4	73.44	-0.275	0.531	1.0	-0.22	2.74	1.00	0.00	0.16	111115
82	"14:39:47"	2053.0	0	7.49	0.101	251	2.84	2.09	25.52	6	1.42	1	2.84	24.99	25.52	24.96	400.12	388.65	12.519	16.252	28.92	37.55	449.7	1700	4	73.44	-0.275	0.531	1.0	-0.22	2.74	1.00	0.00	0.16	111115
83	"14:39:47"	2053.5	0	7.5	0.101	251	2.84	2.09	25.52	6	1.42	1	2.84	25.00	25.52	24.96	400.12	388.64	12.518	16.251	28.92	37.54	449.7	1700	4	73.44	-0.275	0.531	1.0	-0.22	2.74	1.00	0.00	0.16	111115
84	"14:39:48"	2054.0	0	7.5	0.101	251	2.84	2.08	25.51	6	1.42	1	2.84	25.00	25.51	24.96	400.12	388.64	12.518	16.251	28.92	37.54	449.7	1700	4	73.44	-0.275	0.531	1.0	-0.22	2.74	1.00	0.00	0.16	111115
85	"14:39:48"	2054.0	0	7.5	0.101	251	2.84	2.08	25.51	6	1.42	1	2.84	25.00	25.51	24.96	400.12	388.64	12.518	16.251	28.92	37.54	449.7	1700	4	73.44	-0.275	0.531	1.0	-0.22	2.74	1.00	0.00	0.16	111115
86	"14:39:49"	2055.0	0	7.48	0.101	251	2.85	2.08	25.51	6	1.42	1	2.84	25.00	25.51	24.96	400.12	388.66	12.517	16.251	28.91	37.54	449.7	1700	4	73.44	-0.275	0.531	1.0	-0.22	2.74	1.00	0.00	0.16	111115
87	"14:39:49"	2055.5	0	7.46	0.101	251	2.85	2.08	25.51	6	1.42	1	2.84	25.00	25.51	24.96	400.11	388.67	12.516	16.250	28.91	37.54	449.7	1700	4	73.44	-0.275	0.531	1.0	-0.22	2.74	1.00	0.00	0.16	111115
88	"14:39:49"	2055.5	0	7.46	0.101	251	2.85	2.08	25.51	6	1.42	1	2.84	25.00	25.51	24.96	400.11	388.67	12.516	16.250	28.91	37.54	449.7	1700	4	73.44	-0.275	0.531	1.0	-0.22	2.74	1.00	0.00	0.16	111115
89	"14:39:50"	2056.0	0	7.45	0.101	252	2.85	2.09	25.52	6	1.42	1	2.84	25.00	25.52	24.96	400.11	388.70	12.515	16.250	28.91	37.54	449.7	1700	4	73.44	-0.275	0.531	1.0	-0.22	2.74	1.00	0.00	0.16	111115
90	"14:39:50"	2056.5	0	7.44	0.101	252	2.85	2.09	25.52	6	1.42	1	2.84	25.00	25.52	24.96	400.13	388.73	12.515	16.252	28.91	37.54	449.7	1700	4	73.44	-0.275	0.531	1.0	-0.22	2.74	1.00	0.00	0.16	111115
91	"14:53:31"	2877.5	0	7.22	0.101	254	3.22	2.34	29.21	6	1.42	1	2.84	29.71	29.21	30.03	401.14	389.83	19.399	23.594	33.99	41.34	449.7	1699	6	73.42	0.551	0.613	1.0	-0.22	2.74	1.00	0.00	0.16	111115
92	"14:53:32"	2878.0	0	7.2	0.101	255	3.22	2.34	29.21	6	1.42	1	2.84	29.71	29.21	30.03	401.07	389.80	19.398	23.593	33.99	41.34	449.7	1699	6	73.42	0.551	0.613	1.0	-0.22	2.74	1.00	0.00	0.16	111115
93	"14:53:32"	2878.5	0	7.21	0.101	255	3.22	2.34	29.21	6	1.42	1	2.84	29.71	29.21	30.03	401.08	389.78	19.397	23.592	33.98	41.34	449.7	1699	6	73.42	0.551	0.613	1.0	-0.22	2.74	1.00	0.00	0.16	111115
94	"14:53:33"	2878.5	0	7.21	0.101	255	3.22	2.34	29.21	6	1.42	1	2.84	29.71	29.21	30.03	401.08	389.78	19.397	23.592	33.98	41.34	449.7	1699	6	73.42	0.551	0.613	1.0	-0.22	2.74	1.00	0.00	0.16	111115
95	"14:53:33"	2879.0	0	7.23	0.101	254	3.22	2.34	29.21	6	1.42	1	2.84	29.71	29.21	30.03	401.08	389.77	19.395	23.591	33.98	41.33	449.7	1699	6	73.42	0.551	0.613	1.0	-0.22	2.74	1.00	0.00	0.16	111115
96	"14:53:34"	2880.0	0	7.29	0.101	253	3.22	2.34	29.21	6	1.42	1	2.84	29.71	29.21	30.03	401.17	389.76	19.393	23.589	33.98	41.33	449.7	1699	6	73.42	0.551	0.613	1.0	-0.22	2.74	1.00	0.00	0.16	111115
97	"14:53:34"	2880.5	0	7.34	0.101	253	3.22	2.34	29.20	6	1.42	1	2.84	29.71	29.20	30.03	401.20	389.73	19.392	23.591	33.98	41.33	449.7	1699	6	73.42	0.551	0.613	1.0	-0.22	2.74	1.00	0.00	0.16	111115
98	"14:53:35"	2881.0	0	7.34	0.101	253	3.22	2.34	29.20	6	1.42	1	2.84	29.71	29.20	30.03	401.19	389.72	19.391	23.591	33.97	41.33	449.7	1699	6	73.42	0.551	0.613	1.0	-0.22	2.74	1.00	0.00	0.16	111115
99	"14:53:35"	2881.5	0	7.34	0.101	253	3.23	2.34	29.20	6	1.42	1	2.84	29.71	29.20	30.03	401.19	389.73	19.390	23.592	33.97	41.33	449.7	1699	6	73.42	0.551	0.613	1.0	-0.22	2.74	1.00	0.00	0.16	111115
100	"14:53:36"	2882.0	0	7.34	0.101	253	3.22	2.34	29.20	6	1.42	1	2.84	29.71	29.20	30.03	401.21	389.74	19.392	23.591	33.97	41.33	449.7	1699	6	73.42	0.551	0.613	1.0	-0.22	2.74	1.00	0.00	0.16	111115
101	"14:53:36"	2882.5	0	7.35	0.101	253	3.22	2.34	29.20	6	1.42	1	2.84	29.71	29.20	30.03	401.25	389.76	19.392	23.592	33.97	41.33	449.7	1699	6	73.42	0.551	0.613	1.0	-0.22	2.74	1.00	0.00	0.16	111115
102	"14:53:37"	2883.0	0	7.37	0.101	252	3.22	2.34	29.20	6	1.42	1	2.84	29.72	29.20	30.03	401.25	389.74	19.391	23.591	33.97	41.33	449.7	1699	6	73.42	0.551	0.613	1.0	-0.22	2.74	1.00	0.00	0.16	111115
103	"14:53:37"	2883.5	0	7.34	0.101	253	3.22	2.34	29.20	6	1.42	1	2.84	29.71	29.20	30.03	401.24	389.77	19.392	23.591	33.97	41.33	449.7	1699	6	73.42	0.551	0.613	1.0	-0.22	2.74	1.00	0.00	0.16	111115
104	"14:53:38"	2884.0	0	7.3	0.101	253	3.22	2.34	29.20	6	1.42	1	2.84	29.72	29.20	30.03	401.21	389.79	19.393	23.591	33.97	41.33	449.7	1699	6	73.42	0.551	0.613	1.0	-0.22	2.74	1.00	0.00	0.16	111115
105	"14:53:38"	2884.5	0	7.26	0.101	254	3.22	2.34	29.20	6	1.42	1	2.84	29.72	29.20	30.03	401.19	389.82	19.394	23.591	33.97	41.32	449.7	1699	6	73.42	0.551	0.613	1.0	-0.22	2.74	1.00	0.00	0.16	111115
106	"15:04:13"	3520.0	0	6.4	0.0845	244	3.59	3.07	31.93	6	1.42	1	2.84	34.17	31.93	35.09	401.22	390.80	18.263	22.944	24.85	31.22	449.7	1700	7	73.41	0.406	0.583	1.0	-0.22	2.74	1.00	0.00	0.16	111115
107	"15:04:14"	3520.0	0	6.4	0.0845	244	3.59	3.07	31.93	6	1.42	1	2.84	34.17	31.93	35.09	401.22	390.80	18.263	22.944	24.85	31.22	449.7	1700	7	73.41	0.406	0.583	1.0	-0.22	2.74	1.00	0.00	0.16	111115
108	"15:04:14"	3520.5	0	6.41	0.0846	244	3.59	3.07	31.93	6	1.42	1	2.84	34.17	31.93	35.09	401.24	390.81	18.262	22.946	24.85	31.23	449.7	1700	7	73.41	0.406	0.583	1.0	-0.22	2.74	1.00	0.00	0.16	111115
109	"15:04:15"	3520.5	0	6.41	0.0846	244	3.59	3.07	31.93	6	1.42	1	2.84	34.17	31.93	35.09	401.24	390.81	18.262	22.946	24.85	31.23	449.7	1700	7	73.41	0.406	0.583	1.0	-0.22	2.74	1.00	0.00	0.16	111115
110	"15:04:15"	3521.0	0	6.42	0.0846	244	3.6	3.07	31.93	6	1.42	1	2.84	34.17	31.93	35.09	401.24	390.80	18.260	22.947	24.85	31.23	449.7	1700	7	73.41	0.406	0.583	1.0	-0.22	2.74	1.00	0.00	0.16	111115
111	"15:04:16"	3521.5	0	6.41	0.0847	244	3.6	3.07	31.93	6	1.42	1	2.84	34.17	31.93	35.09	401.22	390.79	18.258	22.947	24.85	31.23	449.7	1700	7	73.41	0.406	0.583	1.0	-0.22	2.74	1.00	0.00	0.16	111115
112	"15:04:16"	3522.0	0	6.43	0.0847	244	3.6	3.07	31.93	6	1.42	1	2.84	34.18	31.93	35.09	401.25	390.79	18.258	22.950	24.84	31.23	449.7	1700	7	73.41	0.406	0.583	1.0	-0.22	2.74	1.00	0.00	0.16	111115
113	"15:04:17"	3522.5	0	6.45	0.0848	244	3.6	3.07	31.93	6	1.42	1	2.84	34.18	31.93	35.09	401.27	390.79	18.258	22.951	24.84	31.23	449.7	1700	7	73.41	0.406	0.583	1.0	-0.22	2.74	1.00	0.00	0.16	111115
114	"15:04:17"	3523.0	0	6.44	0.0848	244	3.6	3.07	31.93	6	1.42	1	2.84	34.18	31.93	35.09	401.29	390.82	18.257	22.952	24.84	31.23	449.7	1700	7	73.41	0.406	0.583	1.0	-0.22	2.74	1.00	0.00	0.16	111115
115	"15:04:18"	3523.5	0	6.43	0.0848	244	3.6	3.07	31.93	6	1.42	1	2.84	34.18	31.93	35.09	401.29	390.83	18.255	22.952	24.84	31.23	449.7	1700	7	73.41	0.406	0.583	1.0	-0.22	2.74	1.00	0.00	0.16	111115
116	"15:04:18"	3524.0	0	6.43	0.0848	244	3.6	3.07	31.93	6	1.42	1	2.84	34.18	31.93	35.09	401.29	390.83	18.255	22.953	24.84	31.23	449.7	1700	7	73.41	0.406	0.583	1.0	-0.22	2.74	1.00	0.00	0.16	111115
117	"15:04:19"	3524.5	0	6.41	0.0848	245	3.6	3.07	31.93	6	1.42	1	2.84	34.18	31.93	35.09	401.26	390.83	18.256	22.952	24.84	31.23	449.7	1700	7	73.41	0.406	0.583	1.0	-0.22	2.74	1.00	0.00	0.16	111115
118	"15:04:19"	3525.0	0	6.4	0.0848	245	3.6	3.07	31.93	6	1.42	1	2.84	34.18	31.93	35.09	401.23	390.82	18.255	22.950	24.84	31.22	449.7	1700	7	73.41	0.406	0.583	1.0	-0.22	2.74	1.00	0.00	0.16	111115
119	"15:04:20"	3525.5	0	6.42	0.0847	244	3.6	3.07	31.93	6	1.42	1	2.84	34.18	31.93	35.09	401.25	390.81	18.257	22.950	24.84	31.22	449.7	1700	7	73.41	0.406	0.583	1.0	-0.22	2.74	1.00	0.00	0.16	111115
120	"15:04:20"	3526.0	0	6.41	0.0847	245	3.6	3.07	31.93	6	1.42	1	2.84	34.18	31.93	35.09	401.24	390.81	18.256	22.949	24.84	31.22	449.7	1700	7	73.41	0.406	0.583	1.0	-0.22	2.74	1.00	0.00	0.16	111115
121	"15:13:03"	4049.5	0	5.44	0.0762	244	4.44	4.16	35.80	6	1.42	1	2.84	39.04	35.80	39.97	400.66	391.11	17.989	23.756	18.75	24.76	450.6	1700	8	73.41	0.368	0.56	1.0	-0.22	2.74	1.00	0.00	0.16	111115
122	"15:13:04"	4050.0	0	5.44	0.0762	244	4.44	4.16	35.80	6	1.42	1	2.84	39.04	35.80	39.97	400.66	391.10	17.988	23.758	18.75	24.76	450.6	1700	8	73.41	0.368	0.56	1.0	-0.22	2.74	1.00	0.00	0.16	111115
123	"15:13:04"	4050.0	0	5.44	0.0762	244	4.44	4.16	35.80	6	1.42	1	2.84	39.04	35.80	39.97	400.66	391.10	17.988	23.758	18.75	24.76	450.6	1700	8	73.41	0.368	0.56	1.0	-0.22	2.74	1.00	0.00	0.16	111115
124	"15:13:05"	4050.5	0	5.45	0.0763	244	4.44	4.16	35.80	6	1.42	1	2.84	39.04	35.80	39.97	400.67	391.10	17.987	23.760	18.75	24.76	450.6	1700	8	73.41	0.368	0.56	1.0	-0.22	2.74	1.00	0.00	0.16	111115
125	"15:13:05"	4051.0	0	5.48	0.0763	243	4.44	4.16	35.80	6	1.42	1	2.84	39.04	35.80	39.97	400.68	391.07	17.988	23.761	18.75	24.77	450.6	1700	8	73.41	0.368	0.56	1.0	-0.22	2.74	1.00	0.00	0.16	111115
126	"15:13:06"	4051.5	0	5.5	0.0763	243	4.44	4.16	35.80	6	1.42	1	2.84	39.05	35.80	39.97	400.69	391.05	17.988	23.763	18.75	24.77	450.6	1700	8	73.41	0.368	0.56	1.0	-0.22	2.74	1.00	0.00	0.16	111115
127	"15:13:06"	4052.0	0	5.53	0.0763	242	4.44	4.16	35.80	6	1.42	1	2.84	39.05	35.80	39.97	400.72	391.04	17.989	23.765	18.75	24.77	450.6	1700	8	73.41	0.368	0.56	1.0	-0.22	2.74	1.00	0.00	0.16	111115
128	"15:13:07"	4052.5	0	5.57	0.0764	241	4.45	4.16	35.80	6	1.42	1	2.84	39.05	35.80	39.97	400.73	391.00	17.989	23.767	18.75	24.77	450.6	1700	8	73.41	0.368	0.56	1.0	-0.22	2.74	1.00	0.00	0.16	111115
129	"15:13:07"	4053.0	0	5.59	0.0764	241	4.45	4.16	35.80	6	1.42	1	2.84	39.05	35.80	39.97	400.75	391.00	17.988	23.767	18.75	24.77	450.6	1700	8	73.41	0.368	0.56	1.0	-0.22	2.74	1.00	0.00	0.16	111115
130	"15:13:08"	4053.5	0	5.6	0.0764	241	4.45	4.16	35.80	6	1.42	1	2.84	39.05	35.80	39.97	400.76	390.98	17.988	23.770	18.75	24.77	450.6	1700	8	73.41	0.368	0.56	1.0	-0.22	2.74	1.00	0.00	0.16	111115
131	"15:13:08"	4054.0	0	5.58	0.0765	241	4.45	4.16	35.81	6	1.42	1	2.84	39.05	35.81	39.97	400.75	391.00	17.989	23.774	18.75	24.77	450.6	1700	8	73.41	0.368	0.56	1.0	-0.22	2.74	1.00	0.00	0.16	111115
132	"15:13:09"	4054.5	0	5.58	0.0765	241	4.45	4.16	35.81	6	1.42	1	2.84	39.05	35.81	39.97	400.75	391.00	17.989	23.777	18.75	24.78	450.6	1700	8	73.41	0.368	0.56	1.0	-0.22	2.74	1.00	0.00	0.16	111115
133	"15:13:09"	4055.0	0	5.57	0.0765	242	4.46	4.16	35.81	6	1.42	1	2.84	39.05	35.81	39.97	400.73	390.99	17.988	23.780	18.74	24.78	450.6	1700	8	73.41	0.368	0.56	1.0	-0.22	2.74	1.00	0.00	0.16	111115
134	"15:13:10"	4055.5	0	5.58	0.0765	242	4.46	4.16	35.81	6	1.42	1	2.84	39.05	35.81	39.97	400.75	391.00	17.988	23.782	18.74	24.78	450.6	1700	8	73.41	0.368	0.56	1.0	-0.22	2.74	1.00	0.00	0.16	111115
135	"15:13:10"	4056.0	0	5.57	0.0766	242	4.46	4.16	35.81	6	1.42	1	2.84	39.05	35.81	39.97	400.74	391.00	17.987	23.784	18.74	24.78	450.6	1700	8	73.41	0.368	0.56	1.0	-0.22	2.74	1.00	0.00	0.16	111115
136	"15:17:44"	4330.0	0	4.87	0.08	256	5.27	4.69	37.59	6	1.42	1	2.84	43.30	37.59	45.03	400.10	390.87	17.899	24.743	14.89	20.58	450.7	1701	7	73.42	0.162	0.509	1.0	-0.22	2.74	1.00	0.00	0.16	111115
137	"15:17:45"	4330.5	0	4.91	0.08	256	5.27	4.69	37.58	6	1.42	1	2.84	43.30	37.58	45.03	400.13	390.85	17.897	24.744	14.89	20.58	450.7	1701	7	73.42	0.162	0.509	1.0	-0.22	2.74	1.00	0.00	0.16	111115
138	"15:17:45"	4330.5	0	4.91	0.08	256	5.27	4.69	37.58	6	1.42	1	2.84	43.30	37.58	45.03	400.13	390.85	17.897	24.744	14.89	20.58	450.7	1701	7	73.42	0.162	0.509	1.0	-0.22	2.74	1.00	0.00	0.16	111115
139	"15:17:45"	4331.0	0	4.9	0.08	256	5.27	4.69	37.58	6	1.42	1	2.84	43.31	37.58	45.03	400.14	390.86	17.898	24.745	14.89	20.58	450.7	1701	7	73.42	0.162	0.509	1.0	-0.22	2.74	1.00	0.00	0.16	111115
140	"15:17:46"	4331.5	0	4.91	0.0801	256	5.27	4.69	37.58	6	1.42	1	2.84	43.31	37.58	45.03	400.15	390.87	17.899	24.746	14.88	20.58	450.7	1701	7	73.42	0.162	0.509	1.0	-0.22	2.74	1.00	0.00	0.16	111115
141	"15:17:46"	4332.0	0	4.9	0.0801	256	5.28	4.69	37.58	6	1.42	1	2.84	43.31	37.58	45.03	400.14	390.87	17.899	24.749	14.88	20.58	450.7	1701	7	73.42	0.162	0.509	1.0	-0.22	2.74	1.00	0.00	0.16	111115
142	"15:17:47"	4332.5	0	4.88	0.0801	256	5.28	4.69	37.58	6	1.42	1	2.84	43.31	37.58	45.03	400.12	390.88	17.898	24.749	14.88	20.58	450.7	1701	7	73.42	0.162	0.509	1.0	-0.22	2.74	1.00	0.00	0.16	111115
143	"15:17:47"	4333.0	0	4.9	0.0801	256	5.28	4.69	37.59	6	1.42	1	2.84	43.31	37.59	45.03	400.14	390.87	17.897	24.751	14.88	20.58	450.7	1701	7	73.42	0.162	0.509	1.0	-0.22	2.74	1.00	0.00	0.16	111115
144	"15:17:48"	4333.5	0	4.88	0.0801	256	5.28	4.69	37.59	6	1.42	1	2.84	43.31	37.59	45.03	400.14	390.89	17.897	24.752	14.88	20.58	450.7	1701	7	73.42	0.162	0.509	1.0	-0.22	2.74	1.00	0.00	0.16	111115
145	"15:17:48"	4334.0	0	4.89	0.0802	256	5.28	4.69	37.58	6	1.42	1	2.84	43.31	37.58	45.03	400.12	390.85	17.896	24.754	14.88	20.58	450.7	1701	7	73.42	0.162	0.509	1.0	-0.22	2.74	1.00	0.00	0.16	111115
146	"15:17:49"	4334.5	0	4.88	0.0801	256	5.28	4.69	37.59	6	1.42	1	2.84	43.31	37.59	45.03	400.12	390.87	17.895	24.755	14.88	20.58	450.6	1701	7	73.42	0.162	0.509	1.0	-0.22	2.74	1.00	0.00	0.16	111115
147	"15:17:49"	4335.0	0	4.87	0.0801	256	5.28	4.7	37.60	6	1.42	1	2.84	43.31	37.60	45.03	400.09	390.86	17.895	24.755	14.88	20.58	450.7	1701	7	73.42	0.162	0.509	1.0	-0.22	2.74	1.00	0.00	0.16	111115
148	"15:17:50"	4335.5	0	4.88	0.0801	256	5.29	4.7	37.60	6	1.42	1	2.84	43.31	37.60	45.03	400.07	390.83	17.894	24.757	14.88	20.58	450.7	1701	7	73.42	0.162	0.509	1.0	-0.22	2.74	1.00	0.00	0.16	111115
149	"15:17:50"	4336.0	0	4.88	0.0801	256	5.29	4.7	37.60	6	1.42	1	2.84	43.31	37.60	45.03	400.05	390.81	17.893	24.757	14.88	20.58	450.6	1701	7	73.42	0.162	0.509	1.0	-0.22	2.74	1.00	0.00	0.16	111115
150	"15:17:51"	4336.5	0	4.89	0.0802	256	5.29	4.7	37.60	6	1.42	1	2.84	43.31	37.60	45.03	400.07	390.80	17.894	24.761	14.88	20.58	450.7	1701	7	73.42	0.162	0.509	1.0	-0.22	2.74	1.00	0.00	0.16	111115
151	"15:23:32"	4678.5	0	4	0.0919	279	6.69	5.18	39.21	6	1.42	1	2.84	47.40	39.21	49.67	399.17	390.37	17.620	26.288	11.87	17.71	450.7	1700	6	73.41	0.18	0.45	1.0	-0.22	2.74	1.00	0.00	0.16	111115
152	"15:23:33"	4679.0	0	3.99	0.0918	279	6.69	5.18	39.22	6	1.42	1	2.84	47.40	39.22	49.67	399.17	390.38	17.619	26.289	11.87	17.71	450.7	1700	6	73.41	0.18	0.45	1.0	-0.22	2.74	1.00	0.00	0.16	111115
153	"15:23:33"	4679.0	0	3.99	0.0918	279	6.69	5.18	39.22	6	1.42	1	2.84	47.40	39.22	49.67	399.17	390.38	17.619	26.289	11.87	17.71	450.7	1700	6	73.41	0.18	0.45	1.0	-0.22	2.74	1.00	0.00	0.16	111115
154	"15:23:34"	4679.5	0	4.02	0.0918	278	6.69	5.18	39.22	6	1.42	1	2.84	47.40	39.22	49.67	399.17	390.34	17.619	26.290	11.87	17.71	450.7	1700	6	73.41	0.18	0.45	1.0	-0.22	2.74	1.00	0.00	0.16	111115
155	"15:23:34"	4680.0	0	4	0.0918	279	6.69	5.18	39.22	6	1.42	1	2.84	47.40	39.22	49.67	399.13	390.34	17.619	26.289	11.87	17.71	450.7	1700	6	73.41	0.18	0.45	1.0	-0.22	2.74	1.00	0.00	0.16	111115
156	"15:23:35"	4681.0	0	4.02	0.0919	279	6.69	5.18	39.21	6	1.42	1	2.84	47.40	39.21	49.67	399.17	390.35	17.619	26.291	11.87	17.71	450.6	1700	6	73.41	0.18	0.45	1.0	-0.22	2.74	1.00	0.00	0.16	111115
157	"15:23:35"	4681.5	0	4.01	0.092	279	6.69	5.17	39.20	6	1.42	1	2.84	47.40	39.20	49.67	399.18	390.36	17.619	26.291	11.87	17.71	450.7	1700	6	73.41	0.18	0.45	1.0	-0.22	2.74	1.00	0.00	0.16	111115
158	"15:23:36"	4681.5	0	4.01	0.092	279	6.69	5.17	39.20	6	1.42	1	2.84	47.40	39.20	49.67	399.18	390.36	17.619	26.291	11.87	17.71	450.7	1700	6	73.41	0.18	0.45	1.0	-0.22	2.74	1.00	0.00	0.16	111115
159	"15:23:36"	4682.0	0	4	0.092	279	6.69	5.17	39.20	6	1.42	1	2.84	47.40	39.20	49.67	399.19	390.40	17.619	26.291	11.87	17.71	450.6	1700	6	73.41	0.18	0.45	1.0	-0.22	2.74	1.00	0.00	0.16	111115
160	"15:23:37"	4682.5	0	4.03	0.092	278	6.69	5.17	39.20	6	1.42	1	2.84	47.41	39.20	49.67	399.22	390.37	17.621	26.292	11.87	17.71	450.6	1700	6	73.41	0.18	0.45	1.0	-0.22	2.74	1.00	0.00	0.16	111115
161	"15:23:37"	4683.0	0	4.07	0.092	278	6.69	5.17	39.20	6	1.42	1	2.84	47.41	39.20	49.67	399.25	390.36	17.622	26.294	11.87	17.71	450.6	1700	6	73.41	0.18	0.45	1.0	-0.22	2.74	1.00	0.00	0.16	111115
162	"15:23:38"	4683.5	0	4.08	0.0921	278	6.69	5.17	39.20	6	1.42	1	2.84	47.41	39.20	49.67	399.28	390.37	17.622	26.298	11.87	17.71	450.6	1700	6	73.41	0.18	0.45	1.0	-0.22	2.74	1.00	0.00	0.16	111115
163	"15:23:38"	4684.0	0	4.12	0.0922	277	6.7	5.17	39.19	6	1.42	1	2.84	47.41	39.19	49.67	399.33	390.36	17.620	26.302	11.87	17.71	450.6	1700	6	73.41	0.18	0.45	1.0	-0.22	2.74	1.00	0.00	0.16	111115
164	"15:23:39"	4684.5	0	4.12	0.0922	277	6.7	5.17	39.19	6	1.42	1	2.84	47.41	39.19	49.67	399.31	390.34	17.620	26.304	11.87	17.72	450.7	1700	6	73.41	0.18	0.45	1.0	-0.22	2.74	1.00	0.00	0.16	111115
165	"15:23:39"	4685.0	0	4.11	0.0922	277	6.7	5.17	39.19	6	1.42	1	2.84	47.41	39.19	49.67	399.32	390.37	17.621	26.307	11.87	17.72	450.7	1700	6	73.41	0.18	0.45	1.0	-0.22	2.74	1.00	0.00	0.16	111115
