"OPEN 6.1.4"
"Mon Jun 20 2016 15:42:01"
<open><version>"6.1.4"</version></open>
<open><configfile>"/User/Configs/UserPrefs/LED2x3.xml"</configfile></open>
<open><light><source>"6400-02 or -02B LED Source"</source><par_in>1 <sensor>"SI-3158"<cal>-0.91<actinity>1.00</actinity><transm>1.00</transm></cal></sensor><transm>1 </transm></par_in><par_out>1 <sensor>"Q45198"<cal>6.26 </cal></sensor></par_out></light></open>
<open><comps><file>"/User/Configs/Comps/StdComps_6.1"<header>""</header><extras></extras></file><energybal>no<f_parIn>1 </f_parIn><f_parOut>0 </f_parOut><alphaK>0.16</alphaK></energybal><bc_total>2.840<stomatal_ratio>1</stomatal_ratio><bc_oneside>1.420<type>2 </type><table>"/Sys/Lib/StdBLCTable"</table><area>6</area><slope>-0.219565 </slope><offset>2.73739 </offset><fan>5 </fan></bc_oneside></bc_total></comps></open>
<open><prompts><onlog>off</onlog><items>"Default (none)"</items></prompts></open>
<open><constants><oxygen>21 %</oxygen><bb_vapor>1.5 </bb_vapor><bb_oxy>0.9 </bb_oxy></constants></open>
<open><stability><items>"Std Stability"<items[1]><id>-2 </id><size>15 </size><pcv><onoff>0 </onoff><value>1 </value></pcv><std><onoff>0 </onoff><value>1 </value></std><slp><onoff>1 </onoff><value>1 </value></slp></items[1]><items[2]><id>-5 </id><size>15 </size><pcv><onoff>0 </onoff><value>1 </value></pcv><std><onoff>0 </onoff><value>1 </value></std><slp><onoff>1 </onoff><value>1 </value></slp></items[2]><items[3]><id>-7 </id><size>15 </size><pcv><onoff>0 </onoff><value>1 </value></pcv><std><onoff>0 </onoff><value>1 </value></std><slp><onoff>1 </onoff><value>1 </value></slp></items[3]></items></stability></open>
<open><log><format>"StdLogFmt_6.0"<items>{ -35  -21  -36  -76  30  23  36  21  25  221  -33  111  -34  11  -9  -10  -8  -1  -2  -4  -5  -14  -15  -7  -12  -13  -11  -65  -66  -72  -18  -19  -77  -78  -79  -23   }<hdr>{  }</hdr></items></format><options><beep>on</beep><hdr>normal</hdr><rem>normal</rem><stab>no</stab><stats>no<period>15 </period></stats><excel>yes</excel><comm>no</comm></options><datafile>"/User/062016_stm_vaoc2"</datafile><button><action>"Normal Log"<code>" LogOneObsManual "</code></action></button><autoprog>"/User/Configs/AutoProgs/AutoLog"<active>no</active></autoprog></log></open>
<open><a2d><avgtime>4.0 secs</avgtime><userchans><ch20>"Off"</ch20><ch21>"Off"</ch21><ch22>"Off"</ch22><ch23>"Off"</ch23></userchans></a2d></open>
<open><matching><type>0 </type><disp>'a'</disp><settings><CO2Limit>10.0</CO2Limit><H2OLimit>1.0</H2OLimit><MaxAutoTime>60 </MaxAutoTime></settings></matching></open>
<li6400><factory><unit>"PSC-3209"</unit><serviced>"16 Dec 2014"</serviced><fuseaware>0 </fuseaware><co2mixer>yes</co2mixer><co2><coeffs>{ 0  0.216636  2.62002e-05  2.19439e-08  -3.94571e-12  3.98731e-16   }</coeffs><dvdt>-2.6 </dvdt><xs>{ -0.0003  0.0006   }</xs></co2><h2o><coeffs>{ 0  0.00577737  2.23637e-06  -4.35816e-12   }</coeffs><dvdt>-1.8 </dvdt><xs>{ -0.0011  -0.0004   }</xs></h2o><flow>{ 0  0.3692   }</flow><press>{ 87.857  0.00553   }</press></factory></li6400>
<li6400><user><flow_zero>-506.7</flow_zero><irga_zero><co2>234.5 -155.6<at>19.7121 </at></co2><h2o>78.4 117.4<at>25.1295 </at></h2o></irga_zero><irga_span><co2>{ 0.990037  0.995087   }</co2><h2o>{ 1.00311  1.00811   }</h2o></irga_span><irga_match><co2>{ 0.500348  0.179585   }</co2><h2o>{ 0.127115  0.450043   }</h2o></irga_match><co2_mixer><pump_mv>4500 </pump_mv><ppm>{ 2362.72  1117.56  442.288  269.415  124.411  73.5502  53.2906  53.2105   }</ppm><mv>{ 5000  3000  1500  1000  500  300  200  100   }</mv></co2_mixer><parin_offset>0 </parin_offset><led_cal><unit>"SI-3158"</unit><mv>{ 10  25  50  100  1000  2000  3000  4000  5000   }</mv><qntm>{ 3.03636  13.4569  35.1195  80.6932  1020.17  2027.68  2981.23  3902.95  4595.23   }</qntm></led_cal><lcf_cal><unit>"unknown"</unit><red><mv>{ 50  100  500  1000  1500  5000   }</mv><qntm>{ 50  100  500  1000  2000  5000   }</qntm></red><blue><mv>{ 100  200  500  1000  2000  5000   }</mv><qntm>{ 10  20  50  100  200  500   }</qntm></blue></lcf_cal></user></li6400>
"15:42:02 "
$STARTOFDATA$
"Obs"	"HHMMSS"	"FTime"	"EBal?"	"Photo"	"Cond"	"Ci"	"Trmmol"	"VpdL"	"CTleaf"	"Area"	"BLC_1"	"StmRat"	"BLCond"	"Tair"	"Tleaf"	"TBlk"	"CO2R"	"CO2S"	"H2OR"	"H2OS"	"RH_R"	"RH_S"	"Flow"	"PARi"	"PARo"	"Press"	"CsMch"	"HsMch"	"StableF"	"BLCslope"	"BLCoffst"	"f_parin"	"f_parout"	"alphaK"	"Status"
1	"16:15:55"	2092.5	0	10.5	0.174	271	3.26	1.43	17.84	6	1.42	1	2.84	10.94	17.84	8.20	400.92	383.27	3.617	8.461	20.23	47.32	400.2	1699	4	73.36	1.89	0.627	1.0	-0.22	2.74	1.00	0.00	0.16	111115
2	"16:15:55"	2093.0	0	10.5	0.174	271	3.26	1.43	17.84	6	1.42	1	2.84	10.94	17.84	8.20	400.90	383.26	3.618	8.463	20.23	47.33	400.2	1699	4	73.36	1.89	0.627	1.0	-0.22	2.74	1.00	0.00	0.16	111115
3	"16:15:56"	2093.0	0	10.5	0.174	271	3.26	1.43	17.84	6	1.42	1	2.84	10.94	17.84	8.20	400.90	383.26	3.618	8.463	20.23	47.33	400.2	1699	4	73.36	1.89	0.627	1.0	-0.22	2.74	1.00	0.00	0.16	111115
4	"16:15:56"	2093.5	0	10.5	0.174	271	3.26	1.43	17.84	6	1.42	1	2.84	10.94	17.84	8.20	400.89	383.24	3.620	8.465	20.24	47.34	400.2	1699	4	73.36	1.89	0.627	1.0	-0.22	2.74	1.00	0.00	0.16	111115
5	"16:15:57"	2094.0	0	10.6	0.174	271	3.26	1.43	17.84	6	1.42	1	2.84	10.94	17.84	8.20	400.89	383.19	3.621	8.467	20.25	47.35	400.2	1699	4	73.36	1.89	0.627	1.0	-0.22	2.74	1.00	0.00	0.16	111115
6	"16:15:57"	2094.0	0	10.6	0.174	271	3.26	1.43	17.84	6	1.42	1	2.84	10.94	17.84	8.20	400.89	383.19	3.621	8.467	20.25	47.35	400.2	1699	4	73.36	1.89	0.627	1.0	-0.22	2.74	1.00	0.00	0.16	111115
7	"16:15:57"	2094.5	0	10.6	0.174	271	3.26	1.43	17.84	6	1.42	1	2.84	10.94	17.84	8.20	400.89	383.19	3.623	8.469	20.26	47.36	400.2	1699	4	73.36	1.89	0.627	1.0	-0.22	2.74	1.00	0.00	0.16	111115
8	"16:15:58"	2095.0	0	10.6	0.174	271	3.26	1.43	17.85	6	1.42	1	2.84	10.94	17.85	8.20	400.89	383.16	3.624	8.469	20.27	47.36	400.2	1699	4	73.36	1.89	0.627	1.0	-0.22	2.74	1.00	0.00	0.16	111115
9	"16:15:58"	2095.5	0	10.6	0.174	271	3.26	1.43	17.86	6	1.42	1	2.84	10.94	17.86	8.20	400.89	383.16	3.625	8.471	20.27	47.37	400.2	1699	4	73.36	1.89	0.627	1.0	-0.22	2.74	1.00	0.00	0.16	111115
10	"16:15:59"	2096.0	0	10.6	0.174	270	3.26	1.43	17.86	6	1.42	1	2.84	10.94	17.86	8.20	400.91	383.14	3.627	8.471	20.28	47.37	400.2	1699	4	73.36	1.89	0.627	1.0	-0.22	2.74	1.00	0.00	0.16	111115
11	"16:15:59"	2096.5	0	10.6	0.174	270	3.26	1.43	17.86	6	1.42	1	2.84	10.94	17.86	8.20	400.93	383.18	3.629	8.472	20.29	47.38	400.2	1699	4	73.36	1.89	0.627	1.0	-0.22	2.74	1.00	0.00	0.16	111115
12	"16:16:00"	2097.0	0	10.6	0.174	270	3.26	1.43	17.86	6	1.42	1	2.84	10.94	17.86	8.20	400.95	383.18	3.631	8.474	20.30	47.39	400.2	1699	4	73.36	1.89	0.627	1.0	-0.22	2.74	1.00	0.00	0.16	111115
13	"16:16:00"	2097.5	0	10.6	0.174	270	3.26	1.43	17.87	6	1.42	1	2.84	10.94	17.87	8.20	401.00	383.21	3.632	8.474	20.31	47.39	400.2	1699	4	73.36	1.89	0.627	1.0	-0.22	2.74	1.00	0.00	0.16	111115
14	"16:16:01"	2098.0	0	10.6	0.174	270	3.26	1.43	17.87	6	1.42	1	2.84	10.94	17.87	8.20	401.04	383.24	3.634	8.474	20.32	47.39	400.2	1699	4	73.36	1.89	0.627	1.0	-0.22	2.74	1.00	0.00	0.16	111115
15	"16:16:01"	2098.5	0	10.6	0.174	270	3.26	1.43	17.86	6	1.42	1	2.84	10.94	17.86	8.20	401.05	383.27	3.635	8.474	20.33	47.39	400.2	1699	4	73.36	1.89	0.627	1.0	-0.22	2.74	1.00	0.00	0.16	111115
16	"16:22:10"	2468.0	0	10.5	0.153	256	3.52	1.74	20.67	6	1.42	1	2.84	15.15	20.67	13.08	400.99	383.19	4.396	9.622	18.67	40.85	400.3	1699	4	73.36	1.36	0.624	1.0	-0.22	2.74	1.00	0.00	0.16	111115
17	"16:22:11"	2468.5	0	10.5	0.153	256	3.52	1.74	20.68	6	1.42	1	2.84	15.15	20.68	13.08	400.97	383.18	4.397	9.621	18.67	40.85	400.3	1699	4	73.36	1.36	0.624	1.0	-0.22	2.74	1.00	0.00	0.16	111115
18	"16:22:11"	2469.0	0	10.5	0.153	256	3.52	1.74	20.68	6	1.42	1	2.84	15.15	20.68	13.08	400.98	383.19	4.397	9.619	18.67	40.84	400.3	1699	4	73.36	1.36	0.624	1.0	-0.22	2.74	1.00	0.00	0.16	111115
19	"16:22:12"	2469.5	0	10.5	0.153	255	3.52	1.74	20.68	6	1.42	1	2.84	15.15	20.68	13.08	400.99	383.17	4.398	9.618	18.67	40.83	400.3	1699	4	73.36	1.36	0.624	1.0	-0.22	2.74	1.00	0.00	0.16	111115
20	"16:22:12"	2470.0	0	10.5	0.153	255	3.52	1.74	20.68	6	1.42	1	2.84	15.15	20.68	13.08	400.99	383.16	4.398	9.619	18.67	40.83	400.3	1699	4	73.36	1.36	0.624	1.0	-0.22	2.74	1.00	0.00	0.16	111115
21	"16:22:13"	2470.5	0	10.5	0.153	256	3.52	1.74	20.67	6	1.42	1	2.84	15.15	20.67	13.08	400.98	383.18	4.399	9.619	18.68	40.83	400.3	1699	4	73.36	1.36	0.624	1.0	-0.22	2.74	1.00	0.00	0.16	111115
22	"16:22:13"	2471.0	0	10.5	0.153	256	3.52	1.74	20.67	6	1.42	1	2.84	15.15	20.67	13.08	401.00	383.20	4.400	9.619	18.68	40.83	400.3	1699	4	73.36	1.36	0.624	1.0	-0.22	2.74	1.00	0.00	0.16	111115
23	"16:22:14"	2471.5	0	10.6	0.153	255	3.52	1.74	20.67	6	1.42	1	2.84	15.15	20.67	13.08	401.03	383.19	4.402	9.620	18.68	40.84	400.3	1699	4	73.36	1.36	0.624	1.0	-0.22	2.74	1.00	0.00	0.16	111115
24	"16:22:14"	2472.0	0	10.6	0.153	255	3.51	1.74	20.67	6	1.42	1	2.84	15.15	20.67	13.08	401.06	383.19	4.403	9.619	18.69	40.83	400.3	1699	4	73.36	1.36	0.624	1.0	-0.22	2.74	1.00	0.00	0.16	111115
25	"16:22:15"	2472.5	0	10.6	0.153	255	3.51	1.74	20.67	6	1.42	1	2.84	15.15	20.67	13.08	401.08	383.19	4.403	9.618	18.69	40.82	400.3	1699	4	73.36	1.36	0.624	1.0	-0.22	2.74	1.00	0.00	0.16	111115
26	"16:22:15"	2473.0	0	10.6	0.153	255	3.51	1.74	20.67	6	1.42	1	2.84	15.15	20.67	13.08	401.10	383.21	4.405	9.617	18.70	40.82	400.3	1699	4	73.36	1.36	0.624	1.0	-0.22	2.74	1.00	0.00	0.16	111115
27	"16:22:16"	2473.5	0	10.6	0.153	255	3.51	1.74	20.67	6	1.42	1	2.84	15.16	20.67	13.08	401.13	383.25	4.406	9.617	18.70	40.82	400.3	1699	4	73.36	1.36	0.624	1.0	-0.22	2.74	1.00	0.00	0.16	111115
28	"16:22:17"	2474.0	0	10.6	0.153	255	3.51	1.74	20.66	6	1.42	1	2.84	15.16	20.66	13.08	401.19	383.28	4.408	9.615	18.71	40.80	400.3	1699	4	73.36	1.36	0.624	1.0	-0.22	2.74	1.00	0.00	0.16	111115
29	"16:22:17"	2474.5	0	10.6	0.152	255	3.51	1.74	20.67	6	1.42	1	2.84	15.16	20.67	13.08	401.21	383.29	4.409	9.614	18.71	40.80	400.3	1699	4	73.36	1.36	0.624	1.0	-0.22	2.74	1.00	0.00	0.16	111115
30	"16:22:18"	2475.0	0	10.6	0.152	255	3.51	1.74	20.67	6	1.42	1	2.84	15.16	20.67	13.08	401.20	383.30	4.409	9.613	18.71	40.79	400.3	1699	4	73.36	1.36	0.624	1.0	-0.22	2.74	1.00	0.00	0.16	111115
31	"16:31:35"	3032.5	0	9.2	0.107	225	3.56	2.46	25.49	6	1.42	1	2.84	19.92	25.49	17.94	399.41	383.57	5.786	11.062	18.17	34.74	400.1	1699	200	73.36	1.52	0.677	1.0	-0.22	2.74	1.00	0.00	0.16	111115
32	"16:31:35"	3032.5	0	9.2	0.107	225	3.56	2.46	25.49	6	1.42	1	2.84	19.92	25.49	17.94	399.41	383.57	5.786	11.062	18.17	34.74	400.1	1699	200	73.36	1.52	0.677	1.0	-0.22	2.74	1.00	0.00	0.16	111115
33	"16:31:36"	3032.5	0	9.2	0.107	225	3.56	2.46	25.49	6	1.42	1	2.84	19.92	25.49	17.94	399.41	383.57	5.786	11.062	18.17	34.74	400.1	1699	200	73.36	1.52	0.677	1.0	-0.22	2.74	1.00	0.00	0.16	111115
34	"16:31:36"	3033.0	0	9.18	0.107	225	3.56	2.46	25.50	6	1.42	1	2.84	19.92	25.50	17.95	399.42	383.61	5.787	11.061	18.18	34.74	400.2	1699	200	73.36	1.52	0.677	1.0	-0.22	2.74	1.00	0.00	0.16	111115
35	"16:31:37"	3033.5	0	9.16	0.107	225	3.56	2.46	25.50	6	1.42	1	2.84	19.92	25.50	17.95	399.42	383.63	5.788	11.060	18.18	34.74	400.1	1699	200	73.36	1.52	0.677	1.0	-0.22	2.74	1.00	0.00	0.16	111115
36	"16:31:37"	3034.0	0	9.17	0.107	225	3.55	2.46	25.50	6	1.42	1	2.84	19.92	25.50	17.95	399.44	383.64	5.788	11.059	18.18	34.74	400.1	1699	199	73.36	1.52	0.677	1.0	-0.22	2.74	1.00	0.00	0.16	111115
37	"16:31:38"	3034.5	0	9.15	0.107	225	3.55	2.46	25.50	6	1.42	1	2.84	19.92	25.50	17.95	399.44	383.68	5.789	11.059	18.18	34.74	400.2	1699	199	73.36	1.52	0.677	1.0	-0.22	2.74	1.00	0.00	0.16	111115
38	"16:31:38"	3035.0	0	9.15	0.107	225	3.55	2.47	25.51	6	1.42	1	2.84	19.92	25.51	17.95	399.46	383.69	5.790	11.060	18.19	34.74	400.2	1699	200	73.36	1.52	0.677	1.0	-0.22	2.74	1.00	0.00	0.16	111115
39	"16:31:39"	3035.5	0	9.15	0.107	225	3.55	2.47	25.51	6	1.42	1	2.84	19.92	25.51	17.95	399.45	383.69	5.792	11.060	18.19	34.74	400.2	1698	200	73.36	1.52	0.677	1.0	-0.22	2.74	1.00	0.00	0.16	111115
40	"16:31:39"	3036.0	0	9.17	0.107	225	3.55	2.47	25.51	6	1.42	1	2.84	19.92	25.51	17.94	399.48	383.68	5.793	11.061	18.20	34.74	400.2	1698	200	73.36	1.52	0.677	1.0	-0.22	2.74	1.00	0.00	0.16	111115
41	"16:31:40"	3036.5	0	9.19	0.107	225	3.55	2.47	25.51	6	1.42	1	2.84	19.92	25.51	17.95	399.50	383.68	5.793	11.062	18.20	34.75	400.2	1698	200	73.36	1.52	0.677	1.0	-0.22	2.74	1.00	0.00	0.16	111115
42	"16:31:40"	3037.0	0	9.19	0.107	225	3.56	2.47	25.51	6	1.42	1	2.84	19.92	25.51	17.95	399.53	383.71	5.793	11.065	18.20	34.75	400.2	1699	200	73.36	1.52	0.677	1.0	-0.22	2.74	1.00	0.00	0.16	111115
43	"16:31:41"	3037.5	0	9.21	0.107	224	3.56	2.47	25.51	6	1.42	1	2.84	19.92	25.51	17.95	399.56	383.71	5.794	11.066	18.20	34.75	400.2	1699	200	73.36	1.52	0.677	1.0	-0.22	2.74	1.00	0.00	0.16	111115
44	"16:31:41"	3038.0	0	9.2	0.107	225	3.56	2.47	25.51	6	1.42	1	2.84	19.92	25.51	17.95	399.55	383.71	5.794	11.067	18.20	34.76	400.2	1699	200	73.36	1.52	0.677	1.0	-0.22	2.74	1.00	0.00	0.16	111115
45	"16:31:42"	3038.5	0	9.2	0.107	225	3.56	2.47	25.51	6	1.42	1	2.84	19.92	25.51	17.95	399.55	383.71	5.794	11.068	18.20	34.76	400.2	1699	200	73.36	1.52	0.677	1.0	-0.22	2.74	1.00	0.00	0.16	111115
46	"16:39:12"	3489.5	0	8.15	0.0877	215	3.3	2.75	28.25	6	1.42	1	2.84	24.34	28.25	23.01	400.06	385.93	10.137	15.012	24.32	36.02	400.2	1700	204	73.36	0.929	0.7	1.0	-0.22	2.74	1.00	0.00	0.16	111115
47	"16:39:13"	3490.0	0	8.14	0.0877	215	3.3	2.75	28.25	6	1.42	1	2.84	24.34	28.25	23.01	400.04	385.93	10.136	15.009	24.32	36.01	400.2	1700	204	73.36	0.929	0.7	1.0	-0.22	2.74	1.00	0.00	0.16	111115
48	"16:39:13"	3490.0	0	8.14	0.0877	215	3.3	2.75	28.25	6	1.42	1	2.84	24.34	28.25	23.01	400.04	385.93	10.136	15.009	24.32	36.01	400.2	1700	204	73.36	0.929	0.7	1.0	-0.22	2.74	1.00	0.00	0.16	111115
49	"16:39:13"	3490.5	0	8.12	0.0877	215	3.3	2.75	28.25	6	1.42	1	2.84	24.34	28.25	23.01	400.04	385.96	10.136	15.009	24.32	36.01	400.2	1700	204	73.36	0.929	0.7	1.0	-0.22	2.74	1.00	0.00	0.16	111115
50	"16:39:14"	3491.0	0	8.11	0.0877	216	3.3	2.75	28.25	6	1.42	1	2.84	24.35	28.25	23.01	400.04	385.98	10.136	15.009	24.32	36.01	400.2	1700	204	73.36	0.929	0.7	1.0	-0.22	2.74	1.00	0.00	0.16	111115
51	"16:39:14"	3491.5	0	8.13	0.0877	215	3.3	2.75	28.24	6	1.42	1	2.84	24.35	28.24	23.01	400.08	385.98	10.136	15.007	24.32	36.01	400.2	1700	204	73.36	0.929	0.7	1.0	-0.22	2.74	1.00	0.00	0.16	111115
52	"16:39:15"	3492.0	0	8.14	0.0877	215	3.3	2.75	28.24	6	1.42	1	2.84	24.35	28.24	23.01	400.12	386.00	10.136	15.007	24.32	36.01	400.2	1700	204	73.36	0.929	0.7	1.0	-0.22	2.74	1.00	0.00	0.16	111115
53	"16:39:15"	3492.5	0	8.18	0.0877	214	3.3	2.75	28.25	6	1.42	1	2.84	24.35	28.25	23.01	400.16	385.99	10.136	15.006	24.32	36.00	400.2	1700	204	73.36	0.929	0.7	1.0	-0.22	2.74	1.00	0.00	0.16	111115
54	"16:39:16"	3493.0	0	8.19	0.0876	214	3.3	2.75	28.25	6	1.42	1	2.84	24.35	28.25	23.01	400.20	386.02	10.136	15.005	24.32	36.00	400.2	1700	204	73.36	0.929	0.7	1.0	-0.22	2.74	1.00	0.00	0.16	111115
55	"16:39:16"	3493.5	0	8.2	0.0876	214	3.29	2.75	28.25	6	1.42	1	2.84	24.35	28.25	23.01	400.26	386.05	10.137	15.003	24.32	36.00	400.2	1700	204	73.36	0.929	0.7	1.0	-0.22	2.74	1.00	0.00	0.16	111115
56	"16:39:17"	3494.0	0	8.22	0.0876	213	3.29	2.75	28.25	6	1.42	1	2.84	24.35	28.25	23.01	400.28	386.05	10.138	15.003	24.32	35.99	400.2	1700	204	73.36	0.929	0.7	1.0	-0.22	2.74	1.00	0.00	0.16	111115
57	"16:39:17"	3494.5	0	8.26	0.0876	213	3.29	2.75	28.24	6	1.42	1	2.84	24.35	28.24	23.01	400.31	386.03	10.137	15.001	24.32	35.99	400.2	1700	204	73.36	0.929	0.7	1.0	-0.22	2.74	1.00	0.00	0.16	111115
58	"16:39:18"	3495.0	0	8.28	0.0875	212	3.29	2.75	28.24	6	1.42	1	2.84	24.35	28.24	23.01	400.35	386.03	10.137	14.999	24.32	35.98	400.2	1700	204	73.36	0.929	0.7	1.0	-0.22	2.74	1.00	0.00	0.16	111115
59	"16:39:18"	3495.5	0	8.27	0.0875	212	3.29	2.75	28.25	6	1.42	1	2.84	24.35	28.25	23.01	400.36	386.05	10.137	14.998	24.32	35.98	400.2	1700	204	73.36	0.929	0.7	1.0	-0.22	2.74	1.00	0.00	0.16	111115
60	"16:39:19"	3496.0	0	8.27	0.0874	212	3.29	2.75	28.25	6	1.42	1	2.84	24.35	28.25	23.01	400.35	386.06	10.136	14.996	24.32	35.97	400.2	1700	204	73.36	0.929	0.7	1.0	-0.22	2.74	1.00	0.00	0.16	111115
61	"16:46:49"	3946.5	0	7.62	0.0814	213	3.41	3.03	31.29	6	1.42	1	2.84	28.84	31.29	28.07	400.81	387.40	16.184	21.193	29.79	39.01	400.2	1700	210	73.36	0.723	0.716	1.0	-0.22	2.74	1.00	0.00	0.16	111115
62	"16:46:50"	3947.0	0	7.62	0.0814	213	3.41	3.03	31.29	6	1.42	1	2.84	28.84	31.29	28.07	400.80	387.39	16.185	21.195	29.79	39.01	400.2	1700	210	73.36	0.723	0.716	1.0	-0.22	2.74	1.00	0.00	0.16	111115
63	"16:46:50"	3947.5	0	7.62	0.0814	213	3.41	3.03	31.29	6	1.42	1	2.84	28.84	31.29	28.07	400.80	387.39	16.186	21.197	29.79	39.01	400.2	1700	210	73.36	0.723	0.716	1.0	-0.22	2.74	1.00	0.00	0.16	111115
64	"16:46:51"	3948.0	0	7.65	0.0814	213	3.41	3.03	31.29	6	1.42	1	2.84	28.85	31.29	28.07	400.81	387.37	16.188	21.196	29.79	39.01	400.2	1700	210	73.36	0.723	0.716	1.0	-0.22	2.74	1.00	0.00	0.16	111115
65	"16:46:51"	3948.5	0	7.66	0.0814	213	3.41	3.03	31.29	6	1.42	1	2.84	28.85	31.29	28.07	400.84	387.38	16.189	21.196	29.80	39.01	400.2	1700	210	73.36	0.723	0.716	1.0	-0.22	2.74	1.00	0.00	0.16	111115
66	"16:46:52"	3949.0	0	7.67	0.0814	212	3.41	3.03	31.29	6	1.42	1	2.84	28.85	31.29	28.07	400.86	387.37	16.190	21.198	29.80	39.01	400.2	1700	210	73.36	0.723	0.716	1.0	-0.22	2.74	1.00	0.00	0.16	111115
67	"16:46:52"	3949.5	0	7.66	0.0814	212	3.41	3.03	31.29	6	1.42	1	2.84	28.85	31.29	28.07	400.86	387.40	16.191	21.198	29.80	39.01	400.2	1700	210	73.36	0.723	0.716	1.0	-0.22	2.74	1.00	0.00	0.16	111115
68	"16:46:53"	3950.0	0	7.65	0.0814	213	3.42	3.03	31.30	6	1.42	1	2.84	28.85	31.30	28.07	400.87	387.42	16.191	21.203	29.80	39.02	400.2	1700	210	73.36	0.723	0.716	1.0	-0.22	2.74	1.00	0.00	0.16	111115
69	"16:46:53"	3950.5	0	7.65	0.0814	213	3.42	3.03	31.30	6	1.42	1	2.84	28.85	31.30	28.07	400.88	387.43	16.191	21.204	29.80	39.02	400.2	1700	210	73.36	0.723	0.716	1.0	-0.22	2.74	1.00	0.00	0.16	111115
70	"16:46:54"	3951.0	0	7.66	0.0814	213	3.42	3.03	31.30	6	1.42	1	2.84	28.85	31.30	28.07	400.89	387.43	16.191	21.203	29.80	39.02	400.2	1700	210	73.36	0.723	0.716	1.0	-0.22	2.74	1.00	0.00	0.16	111115
71	"16:46:54"	3951.5	0	7.68	0.0815	212	3.42	3.03	31.30	6	1.42	1	2.84	28.85	31.30	28.07	400.92	387.43	16.190	21.205	29.79	39.02	400.2	1700	210	73.36	0.723	0.716	1.0	-0.22	2.74	1.00	0.00	0.16	111115
72	"16:46:55"	3952.0	0	7.66	0.0815	213	3.42	3.03	31.30	6	1.42	1	2.84	28.85	31.30	28.07	400.90	387.44	16.189	21.207	29.79	39.03	400.2	1700	210	73.36	0.723	0.716	1.0	-0.22	2.74	1.00	0.00	0.16	111115
73	"16:46:55"	3952.5	0	7.63	0.0815	213	3.42	3.03	31.30	6	1.42	1	2.84	28.85	31.30	28.07	400.87	387.44	16.191	21.208	29.79	39.03	400.2	1700	210	73.36	0.723	0.716	1.0	-0.22	2.74	1.00	0.00	0.16	111115
74	"16:46:56"	3953.0	0	7.63	0.0815	213	3.42	3.03	31.30	6	1.42	1	2.84	28.85	31.30	28.07	400.85	387.42	16.190	21.210	29.79	39.03	400.3	1700	210	73.36	0.723	0.716	1.0	-0.22	2.74	1.00	0.00	0.16	111115
75	"16:46:56"	3953.5	0	7.66	0.0816	213	3.42	3.03	31.30	6	1.42	1	2.84	28.85	31.30	28.07	400.85	387.39	16.189	21.212	29.79	39.03	400.3	1700	210	73.36	0.723	0.716	1.0	-0.22	2.74	1.00	0.00	0.16	111115
76	"16:53:30"	4347.5	0	6.59	0.0707	211	3.74	3.79	34.23	6	1.42	1	2.84	33.25	34.23	32.95	400.84	388.79	16.621	22.109	23.80	31.66	400.2	1699	214	73.36	0.494	0.703	1.0	-0.22	2.74	1.00	0.00	0.16	111115
77	"16:53:31"	4348.0	0	6.59	0.0706	210	3.74	3.79	34.23	6	1.42	1	2.84	33.25	34.23	32.95	400.86	388.80	16.622	22.107	23.80	31.65	400.2	1699	214	73.36	0.494	0.703	1.0	-0.22	2.74	1.00	0.00	0.16	111115
78	"16:53:31"	4348.0	0	6.59	0.0706	210	3.74	3.79	34.23	6	1.42	1	2.84	33.25	34.23	32.95	400.86	388.80	16.622	22.107	23.80	31.65	400.2	1699	214	73.36	0.494	0.703	1.0	-0.22	2.74	1.00	0.00	0.16	111115
79	"16:53:32"	4348.5	0	6.57	0.0706	211	3.74	3.79	34.23	6	1.42	1	2.84	33.25	34.23	32.95	400.85	388.81	16.623	22.108	23.80	31.65	400.2	1699	214	73.36	0.494	0.703	1.0	-0.22	2.74	1.00	0.00	0.16	111115
80	"16:53:32"	4349.0	0	6.56	0.0706	211	3.74	3.79	34.23	6	1.42	1	2.84	33.25	34.23	32.95	400.86	388.85	16.624	22.107	23.80	31.65	400.2	1699	214	73.36	0.494	0.703	1.0	-0.22	2.74	1.00	0.00	0.16	111115
81	"16:53:33"	4350.0	0	6.57	0.0706	211	3.74	3.79	34.24	6	1.42	1	2.84	33.25	34.24	32.95	400.89	388.86	16.624	22.110	23.80	31.65	400.3	1699	214	73.36	0.494	0.703	1.0	-0.22	2.74	1.00	0.00	0.16	111115
82	"16:53:33"	4350.0	0	6.57	0.0706	211	3.74	3.79	34.24	6	1.42	1	2.84	33.25	34.24	32.95	400.89	388.86	16.624	22.110	23.80	31.65	400.3	1699	214	73.36	0.494	0.703	1.0	-0.22	2.74	1.00	0.00	0.16	111115
83	"16:53:33"	4350.5	0	6.59	0.0706	210	3.74	3.79	34.24	6	1.42	1	2.84	33.25	34.24	32.95	400.92	388.86	16.626	22.110	23.80	31.65	400.3	1699	214	73.36	0.494	0.703	1.0	-0.22	2.74	1.00	0.00	0.16	111115
84	"16:53:34"	4351.5	0	6.63	0.0706	209	3.74	3.79	34.24	6	1.42	1	2.84	33.26	34.24	32.95	400.95	388.83	16.628	22.112	23.80	31.65	400.3	1700	214	73.36	0.494	0.703	1.0	-0.22	2.74	1.00	0.00	0.16	111115
85	"16:53:35"	4351.5	0	6.63	0.0706	209	3.74	3.79	34.24	6	1.42	1	2.84	33.26	34.24	32.95	400.95	388.83	16.628	22.112	23.80	31.65	400.3	1700	214	73.36	0.494	0.703	1.0	-0.22	2.74	1.00	0.00	0.16	111115
86	"16:53:35"	4352.0	0	6.63	0.0706	209	3.74	3.79	34.24	6	1.42	1	2.84	33.26	34.24	32.95	400.96	388.84	16.629	22.113	23.80	31.65	400.3	1699	214	73.36	0.494	0.703	1.0	-0.22	2.74	1.00	0.00	0.16	111115
87	"16:53:36"	4352.5	0	6.63	0.0706	209	3.74	3.79	34.25	6	1.42	1	2.84	33.26	34.25	32.95	400.98	388.86	16.631	22.115	23.80	31.65	400.3	1699	214	73.36	0.494	0.703	1.0	-0.22	2.74	1.00	0.00	0.16	111115
88	"16:53:36"	4353.0	0	6.66	0.0705	209	3.74	3.8	34.25	6	1.42	1	2.84	33.26	34.25	32.95	401.00	388.83	16.633	22.116	23.80	31.65	400.3	1699	214	73.36	0.494	0.703	1.0	-0.22	2.74	1.00	0.00	0.16	111115
89	"16:53:37"	4353.5	0	6.64	0.0705	209	3.74	3.8	34.25	6	1.42	1	2.84	33.26	34.25	32.95	400.99	388.86	16.634	22.116	23.80	31.65	400.3	1699	214	73.36	0.494	0.703	1.0	-0.22	2.74	1.00	0.00	0.16	111115
90	"16:53:37"	4354.0	0	6.65	0.0704	209	3.74	3.8	34.26	6	1.42	1	2.84	33.26	34.26	32.95	400.98	388.83	16.637	22.115	23.81	31.65	400.3	1699	214	73.36	0.494	0.703	1.0	-0.22	2.74	1.00	0.00	0.16	111115
91	"16:58:07"	4623.5	0	5.38	0.0664	225	4.27	4.56	36.91	6	1.42	1	2.84	37.66	36.91	38.00	400.42	389.85	17.083	23.336	19.17	26.19	400.2	1699	216	73.36	0.702	0.684	1.0	-0.22	2.74	1.00	0.00	0.16	111115
92	"16:58:07"	4624.0	0	5.4	0.0665	225	4.27	4.56	36.91	6	1.42	1	2.84	37.66	36.91	38.00	400.43	389.84	17.083	23.338	19.17	26.19	400.2	1699	216	73.36	0.702	0.684	1.0	-0.22	2.74	1.00	0.00	0.16	111115
93	"16:58:07"	4624.0	0	5.4	0.0665	225	4.27	4.56	36.91	6	1.42	1	2.84	37.66	36.91	38.00	400.43	389.84	17.083	23.338	19.17	26.19	400.2	1699	216	73.36	0.702	0.684	1.0	-0.22	2.74	1.00	0.00	0.16	111115
94	"16:58:08"	4624.5	0	5.42	0.0665	225	4.27	4.56	36.91	6	1.42	1	2.84	37.66	36.91	38.00	400.45	389.84	17.085	23.341	19.17	26.19	400.2	1699	216	73.36	0.702	0.684	1.0	-0.22	2.74	1.00	0.00	0.16	111115
95	"16:58:09"	4625.0	0	5.46	0.0665	223	4.27	4.56	36.92	6	1.42	1	2.84	37.66	36.92	38.00	400.50	389.81	17.086	23.342	19.17	26.19	400.2	1699	216	73.36	0.702	0.684	1.0	-0.22	2.74	1.00	0.00	0.16	111115
96	"16:58:09"	4625.5	0	5.47	0.0664	223	4.27	4.56	36.92	6	1.42	1	2.84	37.67	36.92	38.00	400.56	389.86	17.088	23.343	19.17	26.19	400.2	1699	216	73.36	0.702	0.684	1.0	-0.22	2.74	1.00	0.00	0.16	111115
97	"16:58:10"	4626.0	0	5.5	0.0665	223	4.27	4.56	36.92	6	1.42	1	2.84	37.67	36.92	38.00	400.58	389.84	17.088	23.345	19.17	26.19	400.2	1699	216	73.36	0.702	0.684	1.0	-0.22	2.74	1.00	0.00	0.16	111115
98	"16:58:10"	4626.5	0	5.52	0.0664	222	4.27	4.56	36.92	6	1.42	1	2.84	37.67	36.92	38.00	400.62	389.85	17.090	23.346	19.17	26.19	400.2	1699	216	73.36	0.702	0.684	1.0	-0.22	2.74	1.00	0.00	0.16	111115
99	"16:58:11"	4627.0	0	5.53	0.0665	222	4.27	4.56	36.92	6	1.42	1	2.84	37.67	36.92	38.00	400.66	389.87	17.090	23.348	19.17	26.19	400.2	1699	216	73.36	0.702	0.684	1.0	-0.22	2.74	1.00	0.00	0.16	111115
100	"16:58:11"	4627.5	0	5.54	0.0664	222	4.27	4.57	36.92	6	1.42	1	2.84	37.67	36.92	38.00	400.69	389.89	17.092	23.349	19.18	26.20	400.2	1699	216	73.36	0.702	0.684	1.0	-0.22	2.74	1.00	0.00	0.16	111115
101	"16:58:12"	4628.0	0	5.56	0.0664	221	4.27	4.57	36.92	6	1.42	1	2.84	37.67	36.92	38.00	400.73	389.90	17.093	23.349	19.18	26.19	400.2	1699	216	73.36	0.702	0.684	1.0	-0.22	2.74	1.00	0.00	0.16	111115
102	"16:58:12"	4628.5	0	5.56	0.0664	221	4.27	4.57	36.93	6	1.42	1	2.84	37.67	36.93	38.00	400.76	389.93	17.094	23.347	19.18	26.19	400.2	1699	216	73.36	0.702	0.684	1.0	-0.22	2.74	1.00	0.00	0.16	111115
103	"16:58:13"	4629.0	0	5.52	0.0663	222	4.27	4.57	36.93	6	1.42	1	2.84	37.67	36.93	38.00	400.76	389.98	17.095	23.347	19.18	26.19	400.2	1699	216	73.36	0.702	0.684	1.0	-0.22	2.74	1.00	0.00	0.16	111115
104	"16:58:13"	4629.5	0	5.52	0.0664	222	4.27	4.57	36.93	6	1.42	1	2.84	37.67	36.93	38.00	400.76	389.99	17.095	23.349	19.18	26.19	400.2	1699	216	73.36	0.702	0.684	1.0	-0.22	2.74	1.00	0.00	0.16	111115
105	"16:58:14"	4630.0	0	5.51	0.0663	222	4.27	4.57	36.93	6	1.42	1	2.84	37.67	36.93	38.00	400.77	390.01	17.097	23.350	19.18	26.19	400.2	1699	216	73.36	0.702	0.684	1.0	-0.22	2.74	1.00	0.00	0.16	111115
106	"17:03:01"	4918.5	0	4.21	0.0716	255	5.3	5.23	39.11	6	1.42	1	2.84	42.13	39.11	43.05	399.67	390.26	17.357	25.097	15.34	22.18	400.2	1700	219	73.35	0.55	0.626	1.0	-0.22	2.74	1.00	0.00	0.16	111115
107	"17:03:02"	4918.5	0	4.21	0.0716	255	5.3	5.23	39.11	6	1.42	1	2.84	42.13	39.11	43.05	399.67	390.26	17.357	25.097	15.34	22.18	400.2	1700	219	73.35	0.55	0.626	1.0	-0.22	2.74	1.00	0.00	0.16	111115
108	"17:03:02"	4919.0	0	4.21	0.0716	255	5.3	5.23	39.11	6	1.42	1	2.84	42.13	39.11	43.05	399.68	390.27	17.358	25.100	15.34	22.18	400.2	1700	219	73.35	0.55	0.626	1.0	-0.22	2.74	1.00	0.00	0.16	111115
109	"17:03:03"	4919.5	0	4.26	0.0717	254	5.3	5.23	39.11	6	1.42	1	2.84	42.14	39.11	43.05	399.72	390.23	17.357	25.104	15.33	22.18	400.2	1700	219	73.35	0.55	0.626	1.0	-0.22	2.74	1.00	0.00	0.16	111115
110	"17:03:03"	4920.0	0	4.27	0.0717	254	5.3	5.23	39.11	6	1.42	1	2.84	42.14	39.11	43.05	399.73	390.22	17.357	25.110	15.33	22.18	400.2	1700	219	73.35	0.55	0.626	1.0	-0.22	2.74	1.00	0.00	0.16	111115
111	"17:03:04"	4920.5	0	4.28	0.0717	254	5.31	5.23	39.11	6	1.42	1	2.84	42.14	39.11	43.05	399.77	390.25	17.357	25.115	15.33	22.19	400.2	1700	219	73.35	0.55	0.626	1.0	-0.22	2.74	1.00	0.00	0.16	111115
112	"17:03:04"	4921.0	0	4.29	0.0718	254	5.31	5.23	39.11	6	1.42	1	2.84	42.14	39.11	43.05	399.79	390.25	17.357	25.120	15.33	22.19	400.2	1700	219	73.35	0.55	0.626	1.0	-0.22	2.74	1.00	0.00	0.16	111115
113	"17:03:05"	4921.5	0	4.3	0.0718	253	5.31	5.23	39.11	6	1.42	1	2.84	42.14	39.11	43.05	399.81	390.25	17.356	25.124	15.33	22.19	400.2	1700	219	73.35	0.55	0.626	1.0	-0.22	2.74	1.00	0.00	0.16	111115
114	"17:03:05"	4921.5	0	4.3	0.0718	253	5.31	5.23	39.11	6	1.42	1	2.84	42.14	39.11	43.05	399.81	390.25	17.356	25.124	15.33	22.19	400.2	1700	219	73.35	0.55	0.626	1.0	-0.22	2.74	1.00	0.00	0.16	111115
115	"17:03:05"	4922.0	0	4.33	0.0718	253	5.32	5.23	39.12	6	1.42	1	2.84	42.14	39.12	43.05	399.84	390.24	17.357	25.126	15.33	22.19	400.2	1700	219	73.35	0.55	0.626	1.0	-0.22	2.74	1.00	0.00	0.16	111115
116	"17:03:06"	4922.5	0	4.34	0.0719	253	5.32	5.23	39.12	6	1.42	1	2.84	42.14	39.12	43.05	399.84	390.23	17.356	25.131	15.33	22.20	400.2	1700	219	73.35	0.55	0.626	1.0	-0.22	2.74	1.00	0.00	0.16	111115
117	"17:03:06"	4923.0	0	4.34	0.0719	253	5.32	5.23	39.12	6	1.42	1	2.84	42.14	39.12	43.05	399.84	390.22	17.357	25.135	15.33	22.20	400.2	1700	219	73.35	0.55	0.626	1.0	-0.22	2.74	1.00	0.00	0.16	111115
118	"17:03:07"	4923.5	0	4.32	0.0719	253	5.32	5.23	39.13	6	1.42	1	2.84	42.14	39.13	43.05	399.82	390.23	17.359	25.137	15.33	22.20	400.2	1700	219	73.35	0.55	0.626	1.0	-0.22	2.74	1.00	0.00	0.16	111115
119	"17:03:08"	4924.0	0	4.32	0.0719	253	5.32	5.23	39.13	6	1.42	1	2.84	42.14	39.13	43.06	399.80	390.21	17.359	25.140	15.33	22.20	400.2	1700	219	73.35	0.55	0.626	1.0	-0.22	2.74	1.00	0.00	0.16	111115
120	"17:03:08"	4924.5	0	4.29	0.0719	254	5.33	5.23	39.13	6	1.42	1	2.84	42.15	39.13	43.06	399.77	390.22	17.360	25.143	15.33	22.20	400.2	1700	219	73.35	0.55	0.626	1.0	-0.22	2.74	1.00	0.00	0.16	111115
121	"17:06:53"	5151.0	0	2.71	0.0846	291	7.32	6.07	41.78	6	1.42	1	2.84	48.11	41.78	49.68	400.16	391.80	17.599	28.258	11.43	18.35	400.3	1701	221	73.35	0.178	0.502	1.0	-0.22	2.74	1.00	0.00	0.16	111115
122	"17:06:54"	5151.0	0	2.71	0.0846	291	7.32	6.07	41.78	6	1.42	1	2.84	48.11	41.78	49.68	400.16	391.80	17.599	28.258	11.43	18.35	400.3	1701	221	73.35	0.178	0.502	1.0	-0.22	2.74	1.00	0.00	0.16	111115
123	"17:06:54"	5151.5	0	2.74	0.0847	290	7.32	6.08	41.78	6	1.42	1	2.84	48.11	41.78	49.68	400.18	391.78	17.600	28.263	11.43	18.36	400.3	1701	221	73.35	0.178	0.502	1.0	-0.22	2.74	1.00	0.00	0.16	111115
124	"17:06:55"	5152.0	0	2.72	0.0847	291	7.32	6.08	41.79	6	1.42	1	2.84	48.11	41.79	49.68	400.21	391.82	17.600	28.268	11.43	18.36	400.3	1701	221	73.35	0.178	0.502	1.0	-0.22	2.74	1.00	0.00	0.16	111115
125	"17:06:55"	5152.0	0	2.72	0.0847	291	7.32	6.08	41.79	6	1.42	1	2.84	48.11	41.79	49.68	400.21	391.82	17.600	28.268	11.43	18.36	400.3	1701	221	73.35	0.178	0.502	1.0	-0.22	2.74	1.00	0.00	0.16	111115
126	"17:06:56"	5152.5	0	2.72	0.0847	291	7.33	6.08	41.79	6	1.42	1	2.84	48.11	41.79	49.68	400.20	391.82	17.602	28.274	11.43	18.36	400.3	1701	221	73.35	0.178	0.502	1.0	-0.22	2.74	1.00	0.00	0.16	111115
127	"17:06:56"	5153.0	0	2.71	0.0847	291	7.33	6.08	41.80	6	1.42	1	2.84	48.11	41.80	49.68	400.23	391.85	17.602	28.280	11.43	18.36	400.2	1701	221	73.35	0.178	0.502	1.0	-0.22	2.74	1.00	0.00	0.16	111115
128	"17:06:57"	5153.5	0	2.72	0.0847	291	7.33	6.08	41.80	6	1.42	1	2.84	48.11	41.80	49.68	400.23	391.85	17.601	28.282	11.43	18.36	400.2	1701	221	73.35	0.178	0.502	1.0	-0.22	2.74	1.00	0.00	0.16	111115
129	"17:06:57"	5154.0	0	2.71	0.0847	291	7.33	6.08	41.80	6	1.42	1	2.84	48.11	41.80	49.68	400.23	391.86	17.603	28.286	11.43	18.36	400.2	1701	221	73.35	0.178	0.502	1.0	-0.22	2.74	1.00	0.00	0.16	111115
130	"17:06:58"	5154.5	0	2.69	0.0848	291	7.34	6.08	41.80	6	1.42	1	2.84	48.12	41.80	49.68	400.25	391.90	17.604	28.292	11.43	18.37	400.3	1701	221	73.35	0.178	0.502	1.0	-0.22	2.74	1.00	0.00	0.16	111115
131	"17:06:58"	5155.0	0	2.68	0.0848	292	7.34	6.08	41.80	6	1.42	1	2.84	48.12	41.80	49.68	400.22	391.89	17.605	28.297	11.43	18.37	400.2	1701	221	73.35	0.178	0.502	1.0	-0.22	2.74	1.00	0.00	0.16	111115
132	"17:06:59"	5155.5	0	2.62	0.0848	293	7.34	6.08	41.80	6	1.42	1	2.84	48.12	41.80	49.68	400.18	391.93	17.606	28.304	11.43	18.37	400.3	1701	221	73.35	0.178	0.502	1.0	-0.22	2.74	1.00	0.00	0.16	111115
133	"17:06:59"	5156.0	0	2.62	0.0849	293	7.35	6.08	41.81	6	1.42	1	2.84	48.12	41.81	49.68	400.15	391.90	17.607	28.311	11.43	18.37	400.2	1701	221	73.35	0.178	0.502	1.0	-0.22	2.74	1.00	0.00	0.16	111115
134	"17:07:00"	5157.0	0	2.61	0.085	293	7.36	6.08	41.81	6	1.42	1	2.84	48.12	41.81	49.68	400.12	391.89	17.608	28.322	11.43	18.38	400.2	1701	221	73.35	0.178	0.502	1.0	-0.22	2.74	1.00	0.00	0.16	111115
135	"17:07:00"	5157.5	0	2.59	0.085	293	7.36	6.08	41.81	6	1.42	1	2.84	48.13	41.81	49.68	400.11	391.91	17.609	28.329	11.43	18.38	400.2	1701	221	73.35	0.178	0.502	1.0	-0.22	2.74	1.00	0.00	0.16	111115
