"OPEN 6.1.4"
"Mon Jun 20 2016 09:39:03"
<open><version>"6.1.4"</version></open>
<open><configfile>"/User/Configs/UserPrefs/LED2x3.xml"</configfile></open>
<open><light><source>"6400-02 or -02B LED Source"</source><par_in>1 <sensor>"SI-3158"<cal>-0.91<actinity>1.00</actinity><transm>1.00</transm></cal></sensor><transm>1 </transm></par_in><par_out>1 <sensor>"Q45198"<cal>6.26 </cal></sensor></par_out></light></open>
<open><comps><file>"/User/Configs/Comps/StdComps_6.1"<header>""</header><extras></extras></file><energybal>no<f_parIn>1 </f_parIn><f_parOut>0 </f_parOut><alphaK>0.16</alphaK></energybal><bc_total>2.840<stomatal_ratio>1</stomatal_ratio><bc_oneside>1.420<type>2 </type><table>"/Sys/Lib/StdBLCTable"</table><area>6</area><slope>-0.219565 </slope><offset>2.73739 </offset><fan>5 </fan></bc_oneside></bc_total></comps></open>
<open><prompts><onlog>off</onlog><items>"Default (none)"</items></prompts></open>
<open><constants><oxygen>21 %</oxygen><bb_vapor>1.5 </bb_vapor><bb_oxy>0.9 </bb_oxy></constants></open>
<open><stability><items>"Std Stability"<items[1]><id>-2 </id><size>15 </size><pcv><onoff>0 </onoff><value>1 </value></pcv><std><onoff>0 </onoff><value>1 </value></std><slp><onoff>1 </onoff><value>1 </value></slp></items[1]><items[2]><id>-5 </id><size>15 </size><pcv><onoff>0 </onoff><value>1 </value></pcv><std><onoff>0 </onoff><value>1 </value></std><slp><onoff>1 </onoff><value>1 </value></slp></items[2]><items[3]><id>-7 </id><size>15 </size><pcv><onoff>0 </onoff><value>1 </value></pcv><std><onoff>0 </onoff><value>1 </value></std><slp><onoff>1 </onoff><value>1 </value></slp></items[3]></items></stability></open>
<open><log><format>"StdLogFmt_6.0"<items>{ -35  -21  -36  -76  30  23  36  21  25  221  -33  111  -34  11  -9  -10  -8  -1  -2  -4  -5  -14  -15  -7  -12  -13  -11  -65  -66  -72  -18  -19  -77  -78  -79  -23   }<hdr>{  }</hdr></items></format><options><beep>on</beep><hdr>normal</hdr><rem>normal</rem><stab>no</stab><stats>no<period>15 </period></stats><excel>yes</excel><comm>no</comm></options><datafile>"/User/062016_stm_vaoc1"</datafile><button><action>"Normal Log"<code>" LogOneObsManual "</code></action></button><autoprog>"/User/Configs/AutoProgs/AutoLog"<active>no</active></autoprog></log></open>
<open><a2d><avgtime>4.0 secs</avgtime><userchans><ch20>"Off"</ch20><ch21>"Off"</ch21><ch22>"Off"</ch22><ch23>"Off"</ch23></userchans></a2d></open>
<open><matching><type>0 </type><disp>'a'</disp><settings><CO2Limit>10.0</CO2Limit><H2OLimit>1.0</H2OLimit><MaxAutoTime>60 </MaxAutoTime></settings></matching></open>
<li6400><factory><unit>"PSC-3209"</unit><serviced>"16 Dec 2014"</serviced><fuseaware>0 </fuseaware><co2mixer>yes</co2mixer><co2><coeffs>{ 0  0.216636  2.62002e-05  2.19439e-08  -3.94571e-12  3.98731e-16   }</coeffs><dvdt>-2.6 </dvdt><xs>{ -0.0003  0.0006   }</xs></co2><h2o><coeffs>{ 0  0.00577737  2.23637e-06  -4.35816e-12   }</coeffs><dvdt>-1.8 </dvdt><xs>{ -0.0011  -0.0004   }</xs></h2o><flow>{ 0  0.3692   }</flow><press>{ 87.857  0.00553   }</press></factory></li6400>
<li6400><user><flow_zero>-506.7</flow_zero><irga_zero><co2>234.5 -155.6<at>19.7121 </at></co2><h2o>78.4 117.4<at>25.1295 </at></h2o></irga_zero><irga_span><co2>{ 0.990037  0.995087   }</co2><h2o>{ 1.00311  1.00811   }</h2o></irga_span><irga_match><co2>{ 0.500348  0.336445   }</co2><h2o>{ 0.127115  0.491248   }</h2o></irga_match><co2_mixer><pump_mv>4500 </pump_mv><ppm>{ 2362.72  1117.56  442.288  269.415  124.411  73.5502  53.2906  53.2105   }</ppm><mv>{ 5000  3000  1500  1000  500  300  200  100   }</mv></co2_mixer><parin_offset>0 </parin_offset><led_cal><unit>"SI-3158"</unit><mv>{ 10  25  50  100  1000  2000  3000  4000  5000   }</mv><qntm>{ 3.03636  13.4569  35.1195  80.6932  1020.17  2027.68  2981.23  3902.95  4595.23   }</qntm></led_cal><lcf_cal><unit>"unknown"</unit><red><mv>{ 50  100  500  1000  1500  5000   }</mv><qntm>{ 50  100  500  1000  2000  5000   }</qntm></red><blue><mv>{ 100  200  500  1000  2000  5000   }</mv><qntm>{ 10  20  50  100  200  500   }</qntm></blue></lcf_cal></user></li6400>
"09:39:05 "
$STARTOFDATA$
"Obs"	"HHMMSS"	"FTime"	"EBal?"	"Photo"	"Cond"	"Ci"	"Trmmol"	"VpdL"	"CTleaf"	"Area"	"BLC_1"	"StmRat"	"BLCond"	"Tair"	"Tleaf"	"TBlk"	"CO2R"	"CO2S"	"H2OR"	"H2OS"	"RH_R"	"RH_S"	"Flow"	"PARi"	"PARo"	"Press"	"CsMch"	"HsMch"	"StableF"	"BLCslope"	"BLCoffst"	"f_parin"	"f_parout"	"alphaK"	"Status"
1	"09:57:23"	1196.0	0	6.15	0.0935	275	1.05	0.842	8.42	6	1.42	1	2.84	2.52	8.42	0.04	400.51	389.27	1.829	3.616	18.30	36.18	350.0	1700	2	73.6	-0.0489	0.428	1.0	-0.22	2.74	1.00	0.00	0.16	111115
2	"09:57:24"	1196.5	0	6.14	0.0933	275	1.05	0.844	8.45	6	1.42	1	2.84	2.52	8.45	0.04	400.48	389.26	1.829	3.615	18.30	36.17	350.0	1700	2	73.6	-0.0489	0.428	1.0	-0.22	2.74	1.00	0.00	0.16	111115
3	"09:57:24"	1197.0	0	6.16	0.093	274	1.05	0.846	8.48	6	1.42	1	2.84	2.52	8.48	0.04	400.50	389.25	1.829	3.615	18.30	36.17	350.0	1700	2	73.6	-0.0489	0.428	1.0	-0.22	2.74	1.00	0.00	0.16	111115
4	"09:57:25"	1198.0	0	6.16	0.0928	274	1.05	0.848	8.50	6	1.42	1	2.84	2.52	8.50	0.04	400.54	389.28	1.829	3.615	18.30	36.17	350.0	1700	2	73.6	-0.0489	0.428	1.0	-0.22	2.74	1.00	0.00	0.16	111115
5	"09:57:26"	1198.5	0	6.18	0.0929	274	1.05	0.848	8.50	6	1.42	1	2.84	2.52	8.50	0.04	400.55	389.25	1.828	3.615	18.29	36.18	350.0	1700	2	73.6	-0.0489	0.428	1.0	-0.22	2.74	1.00	0.00	0.16	111115
6	"09:57:26"	1199.5	0	6.2	0.0933	274	1.05	0.845	8.46	6	1.42	1	2.84	2.52	8.46	0.04	400.55	389.22	1.829	3.616	18.30	36.18	350.0	1700	2	73.6	-0.0489	0.428	1.0	-0.22	2.74	1.00	0.00	0.16	111115
7	"09:57:27"	1200.0	0	6.2	0.0935	274	1.05	0.842	8.43	6	1.42	1	2.84	2.52	8.43	0.04	400.57	389.24	1.829	3.616	18.31	36.18	350.0	1700	2	73.6	-0.0489	0.428	1.0	-0.22	2.74	1.00	0.00	0.16	111115
8	"09:57:28"	1201.0	0	6.22	0.0941	274	1.05	0.838	8.37	6	1.42	1	2.84	2.52	8.37	0.04	400.61	389.24	1.829	3.616	18.30	36.19	350.0	1700	2	73.6	-0.0489	0.428	1.0	-0.22	2.74	1.00	0.00	0.16	111115
9	"09:57:29"	1201.5	0	6.22	0.0942	274	1.05	0.837	8.35	6	1.42	1	2.84	2.52	8.35	0.04	400.61	389.24	1.829	3.615	18.30	36.18	350.0	1700	2	73.6	-0.0489	0.428	1.0	-0.22	2.74	1.00	0.00	0.16	111115
10	"09:57:29"	1202.5	0	6.18	0.0942	275	1.04	0.836	8.34	6	1.42	1	2.84	2.52	8.34	0.04	400.60	389.30	1.830	3.615	18.31	36.18	350.0	1700	2	73.6	-0.0489	0.428	1.0	-0.22	2.74	1.00	0.00	0.16	111115
11	"09:57:30"	1203.0	0	6.18	0.0943	275	1.05	0.835	8.33	6	1.42	1	2.84	2.52	8.33	0.04	400.62	389.32	1.830	3.615	18.31	36.17	350.0	1700	2	73.6	-0.0489	0.428	1.0	-0.22	2.74	1.00	0.00	0.16	111115
12	"09:57:31"	1204.0	0	6.15	0.0942	276	1.04	0.835	8.33	6	1.42	1	2.84	2.52	8.33	0.04	400.58	389.33	1.829	3.613	18.30	36.16	350.0	1700	2	73.6	-0.0489	0.428	1.0	-0.22	2.74	1.00	0.00	0.16	111115
13	"09:57:32"	1205.0	0	6.15	0.094	276	1.04	0.836	8.34	6	1.42	1	2.84	2.52	8.34	0.04	400.58	389.34	1.830	3.612	18.31	36.14	350.0	1700	2	73.6	-0.0489	0.428	1.0	-0.22	2.74	1.00	0.00	0.16	111115
14	"09:57:33"	1205.5	0	6.16	0.094	276	1.04	0.836	8.33	6	1.42	1	2.84	2.52	8.33	0.04	400.59	389.34	1.830	3.611	18.31	36.14	350.0	1700	2	73.6	-0.0489	0.428	1.0	-0.22	2.74	1.00	0.00	0.16	111115
15	"09:57:33"	1206.5	0	6.17	0.0935	275	1.04	0.839	8.38	6	1.42	1	2.84	2.52	8.38	0.04	400.59	389.31	1.829	3.609	18.31	36.11	350.0	1700	2	73.6	-0.0489	0.428	1.0	-0.22	2.74	1.00	0.00	0.16	111115
"10:03:03 Stability: (CO2S 15s SLP<1)(H2OS 15s SLP<1)(Flow 15s SLP<1)"
16	"10:08:14"	1847.5	0	7.35	0.111	270	1.46	0.995	11.44	6	1.42	1	2.84	6.85	11.44	5.11	400.55	386.98	2.409	4.905	17.81	36.26	350.0	1699	2	73.6	-0.678	0.434	1.0	-0.22	2.74	1.00	0.00	0.16	111115
17	"10:08:14"	1848.0	0	7.35	0.111	270	1.46	0.995	11.43	6	1.42	1	2.84	6.85	11.43	5.11	400.58	387.00	2.409	4.905	17.81	36.26	350.0	1699	2	73.6	-0.678	0.434	1.0	-0.22	2.74	1.00	0.00	0.16	111115
18	"10:08:15"	1848.5	0	7.36	0.111	270	1.46	0.994	11.42	6	1.42	1	2.84	6.85	11.42	5.11	400.59	387.00	2.409	4.905	17.81	36.26	350.0	1699	2	73.6	-0.678	0.434	1.0	-0.22	2.74	1.00	0.00	0.16	111115
19	"10:08:15"	1849.0	0	7.36	0.111	271	1.46	0.992	11.41	6	1.42	1	2.84	6.85	11.41	5.11	400.58	387.00	2.409	4.905	17.81	36.26	350.0	1699	2	73.6	-0.678	0.434	1.0	-0.22	2.74	1.00	0.00	0.16	111115
20	"10:08:16"	1850.0	0	7.36	0.112	271	1.46	0.989	11.37	6	1.42	1	2.84	6.85	11.37	5.11	400.60	387.01	2.410	4.905	17.81	36.26	350.0	1699	2	73.6	-0.678	0.434	1.0	-0.22	2.74	1.00	0.00	0.16	111115
21	"10:08:17"	1850.5	0	7.36	0.112	271	1.46	0.988	11.35	6	1.42	1	2.84	6.85	11.35	5.11	400.60	387.00	2.409	4.903	17.81	36.25	350.0	1699	2	73.6	-0.678	0.434	1.0	-0.22	2.74	1.00	0.00	0.16	111115
22	"10:08:17"	1851.0	0	7.36	0.112	271	1.46	0.987	11.35	6	1.42	1	2.84	6.85	11.35	5.11	400.59	387.01	2.410	4.903	17.81	36.24	350.0	1699	2	73.6	-0.678	0.434	1.0	-0.22	2.74	1.00	0.00	0.16	111115
23	"10:08:18"	1851.5	0	7.36	0.112	271	1.46	0.986	11.34	6	1.42	1	2.84	6.85	11.34	5.11	400.61	387.02	2.410	4.902	17.81	36.24	350.0	1699	2	73.6	-0.678	0.434	1.0	-0.22	2.74	1.00	0.00	0.16	111115
24	"10:08:19"	1852.5	0	7.34	0.112	271	1.46	0.987	11.34	6	1.42	1	2.84	6.85	11.34	5.11	400.58	387.03	2.409	4.898	17.81	36.21	350.0	1699	2	73.6	-0.678	0.434	1.0	-0.22	2.74	1.00	0.00	0.16	111115
25	"10:08:19"	1853.0	0	7.32	0.112	271	1.46	0.987	11.34	6	1.42	1	2.84	6.85	11.34	5.11	400.57	387.05	2.410	4.895	17.81	36.19	350.0	1699	2	73.6	-0.678	0.434	1.0	-0.22	2.74	1.00	0.00	0.16	111115
26	"10:08:20"	1853.5	0	7.31	0.112	272	1.46	0.987	11.33	6	1.42	1	2.84	6.85	11.33	5.11	400.56	387.06	2.410	4.893	17.81	36.17	350.0	1699	2	73.6	-0.678	0.434	1.0	-0.22	2.74	1.00	0.00	0.16	111115
27	"10:08:21"	1854.0	0	7.3	0.112	272	1.46	0.986	11.32	6	1.42	1	2.84	6.85	11.32	5.11	400.56	387.07	2.409	4.892	17.81	36.16	350.0	1699	2	73.6	-0.678	0.434	1.0	-0.22	2.74	1.00	0.00	0.16	111115
28	"10:08:21"	1855.0	0	7.26	0.112	272	1.45	0.985	11.31	6	1.42	1	2.84	6.85	11.31	5.11	400.53	387.12	2.410	4.889	17.81	36.14	350.0	1699	2	73.6	-0.678	0.434	1.0	-0.22	2.74	1.00	0.00	0.16	111115
29	"10:08:22"	1855.5	0	7.24	0.111	272	1.45	0.986	11.32	6	1.42	1	2.84	6.85	11.32	5.11	400.52	387.14	2.410	4.886	17.82	36.12	350.0	1699	2	73.6	-0.678	0.434	0.7	-0.22	2.74	1.00	0.00	0.16	111115
30	"10:08:22"	1856.0	0	7.23	0.111	272	1.45	0.988	11.34	6	1.42	1	2.84	6.85	11.34	5.11	400.50	387.14	2.409	4.884	17.81	36.11	350.0	1699	2	73.6	-0.678	0.434	0.7	-0.22	2.74	1.00	0.00	0.16	111115
31	"10:17:49"	2421.5	0	8.14	0.121	264	1.87	1.17	14.36	6	1.42	1	2.84	11.08	14.36	9.98	399.27	384.09	3.206	6.395	17.81	35.53	350.0	1701	2	73.59	-1.1	0.438	1.0	-0.22	2.74	1.00	0.00	0.16	111115
32	"10:17:49"	2422.5	0	8.13	0.121	264	1.87	1.17	14.34	6	1.42	1	2.84	11.08	14.34	9.98	399.27	384.09	3.206	6.395	17.81	35.53	350.0	1701	2	73.59	-1.1	0.438	1.0	-0.22	2.74	1.00	0.00	0.16	111115
33	"10:17:50"	2423.5	0	8.13	0.121	265	1.87	1.17	14.32	6	1.42	1	2.84	11.08	14.32	9.98	399.26	384.08	3.206	6.395	17.81	35.53	350.0	1701	2	73.59	-1.1	0.438	1.0	-0.22	2.74	1.00	0.00	0.16	111115
34	"10:17:51"	2424.0	0	8.15	0.121	264	1.87	1.17	14.32	6	1.42	1	2.84	11.08	14.32	9.98	399.28	384.07	3.207	6.394	17.82	35.52	350.0	1701	2	73.59	-1.1	0.438	1.0	-0.22	2.74	1.00	0.00	0.16	111115
35	"10:17:52"	2425.0	0	8.16	0.121	264	1.87	1.17	14.32	6	1.42	1	2.84	11.08	14.32	9.98	399.29	384.08	3.206	6.395	17.81	35.52	350.0	1701	2	73.59	-1.1	0.438	1.0	-0.22	2.74	1.00	0.00	0.16	111115
36	"10:17:53"	2426.0	0	8.11	0.121	265	1.87	1.17	14.31	6	1.42	1	2.84	11.08	14.31	9.98	399.25	384.12	3.207	6.396	17.81	35.53	350.0	1701	2	73.59	-1.1	0.438	1.0	-0.22	2.74	1.00	0.00	0.16	111115
37	"10:17:54"	2426.5	0	8.1	0.122	265	1.87	1.17	14.30	6	1.42	1	2.84	11.08	14.30	9.98	399.23	384.12	3.207	6.396	17.81	35.53	350.0	1701	2	73.59	-1.1	0.438	1.0	-0.22	2.74	1.00	0.00	0.16	111115
38	"10:17:55"	2427.5	0	8.11	0.122	265	1.87	1.17	14.30	6	1.42	1	2.84	11.08	14.30	9.98	399.23	384.11	3.207	6.395	17.81	35.53	350.0	1701	2	73.59	-1.1	0.438	1.0	-0.22	2.74	1.00	0.00	0.16	111115
39	"10:17:55"	2428.5	0	8.11	0.122	265	1.87	1.16	14.29	6	1.42	1	2.84	11.08	14.29	9.98	399.22	384.08	3.207	6.394	17.81	35.52	350.0	1701	2	73.59	-1.1	0.438	1.0	-0.22	2.74	1.00	0.00	0.16	111115
40	"10:17:56"	2429.5	0	8.14	0.121	265	1.87	1.17	14.30	6	1.42	1	2.84	11.08	14.30	9.98	399.26	384.07	3.207	6.392	17.81	35.50	350.0	1701	2	73.59	-1.1	0.438	1.0	-0.22	2.74	1.00	0.00	0.16	111115
41	"10:17:57"	2430.0	0	8.16	0.121	264	1.87	1.17	14.30	6	1.42	1	2.84	11.08	14.30	9.98	399.30	384.09	3.207	6.392	17.81	35.50	350.0	1701	2	73.59	-1.1	0.438	1.0	-0.22	2.74	1.00	0.00	0.16	111115
42	"10:17:58"	2431.0	0	8.15	0.121	264	1.87	1.17	14.34	6	1.42	1	2.84	11.09	14.34	9.98	399.30	384.10	3.206	6.390	17.81	35.49	350.0	1701	2	73.59	-1.1	0.438	1.0	-0.22	2.74	1.00	0.00	0.16	111115
43	"10:17:59"	2432.0	0	8.15	0.12	263	1.87	1.18	14.39	6	1.42	1	2.84	11.09	14.39	9.98	399.30	384.11	3.207	6.390	17.81	35.49	350.0	1701	2	73.59	-1.1	0.438	1.0	-0.22	2.74	1.00	0.00	0.16	111115
44	"10:18:00"	2432.5	0	8.17	0.12	263	1.87	1.18	14.42	6	1.42	1	2.84	11.09	14.42	9.98	399.32	384.09	3.207	6.391	17.81	35.49	350.0	1701	2	73.59	-1.1	0.438	1.0	-0.22	2.74	1.00	0.00	0.16	111115
45	"10:18:01"	2433.5	0	8.13	0.119	263	1.87	1.18	14.49	6	1.42	1	2.84	11.09	14.49	9.98	399.28	384.11	3.207	6.393	17.81	35.50	350.0	1701	2	73.59	-1.1	0.438	1.0	-0.22	2.74	1.00	0.00	0.16	111115
46	"10:27:33"	3006.0	0	8.89	0.128	258	2.39	1.41	17.91	6	1.42	1	2.84	15.73	17.91	15.05	399.90	383.08	4.710	8.778	19.32	36.01	350.0	1699	2	73.59	-1.46	0.455	1.0	-0.22	2.74	1.00	0.00	0.16	111115
47	"10:27:33"	3006.5	0	8.88	0.128	258	2.39	1.41	17.91	6	1.42	1	2.84	15.73	17.91	15.05	399.89	383.09	4.709	8.776	19.32	36.00	349.9	1699	2	73.59	-1.46	0.455	1.0	-0.22	2.74	1.00	0.00	0.16	111115
48	"10:27:34"	3007.0	0	8.89	0.128	258	2.39	1.41	17.91	6	1.42	1	2.84	15.73	17.91	15.05	399.86	383.05	4.710	8.776	19.32	36.00	350.0	1699	2	73.59	-1.46	0.455	0.7	-0.22	2.74	1.00	0.00	0.16	111115
49	"10:27:35"	3008.0	0	8.88	0.128	257	2.39	1.41	17.91	6	1.42	1	2.84	15.73	17.91	15.05	399.82	383.02	4.710	8.775	19.32	36.00	350.0	1699	2	73.59	-1.46	0.455	1.0	-0.22	2.74	1.00	0.00	0.16	111115
50	"10:27:35"	3008.5	0	8.87	0.128	258	2.39	1.41	17.91	6	1.42	1	2.84	15.73	17.91	15.05	399.83	383.05	4.710	8.777	19.32	36.00	350.0	1699	2	73.59	-1.46	0.455	1.0	-0.22	2.74	1.00	0.00	0.16	111115
51	"10:27:36"	3009.0	0	8.88	0.128	258	2.39	1.41	17.92	6	1.42	1	2.84	15.74	17.92	15.05	399.82	383.02	4.710	8.778	19.32	36.00	350.0	1699	2	73.59	-1.46	0.455	0.7	-0.22	2.74	1.00	0.00	0.16	111115
52	"10:27:37"	3010.0	0	8.88	0.128	258	2.39	1.41	17.91	6	1.42	1	2.84	15.74	17.91	15.05	399.83	383.03	4.710	8.777	19.32	36.00	350.0	1699	2	73.59	-1.46	0.455	0.7	-0.22	2.74	1.00	0.00	0.16	111115
53	"10:27:37"	3010.5	0	8.89	0.128	257	2.39	1.41	17.91	6	1.42	1	2.84	15.74	17.91	15.05	399.83	383.01	4.711	8.778	19.32	36.00	350.0	1699	2	73.59	-1.46	0.455	0.7	-0.22	2.74	1.00	0.00	0.16	111115
54	"10:27:38"	3011.0	0	8.88	0.128	258	2.39	1.41	17.91	6	1.42	1	2.84	15.74	17.91	15.05	399.85	383.06	4.711	8.778	19.32	36.00	349.9	1699	2	73.59	-1.46	0.455	0.7	-0.22	2.74	1.00	0.00	0.16	111115
55	"10:27:39"	3012.0	0	8.89	0.128	258	2.39	1.41	17.90	6	1.42	1	2.84	15.74	17.90	15.05	399.88	383.06	4.711	8.778	19.32	36.00	349.9	1699	2	73.59	-1.46	0.455	1.0	-0.22	2.74	1.00	0.00	0.16	111115
56	"10:27:39"	3012.5	0	8.9	0.128	258	2.39	1.41	17.90	6	1.42	1	2.84	15.74	17.90	15.05	399.88	383.05	4.710	8.777	19.32	36.00	349.9	1699	2	73.59	-1.46	0.455	1.0	-0.22	2.74	1.00	0.00	0.16	111115
57	"10:27:40"	3013.0	0	8.9	0.128	257	2.39	1.41	17.90	6	1.42	1	2.84	15.74	17.90	15.05	399.90	383.06	4.711	8.776	19.32	35.99	349.9	1699	2	73.59	-1.46	0.455	1.0	-0.22	2.74	1.00	0.00	0.16	111115
58	"10:27:41"	3014.0	0	8.88	0.128	258	2.39	1.41	17.91	6	1.42	1	2.84	15.74	17.91	15.06	399.91	383.10	4.712	8.777	19.32	35.99	350.0	1699	2	73.59	-1.46	0.455	1.0	-0.22	2.74	1.00	0.00	0.16	111115
59	"10:27:41"	3014.5	0	8.89	0.128	257	2.39	1.41	17.91	6	1.42	1	2.84	15.74	17.91	15.06	399.93	383.11	4.712	8.778	19.32	35.99	350.0	1699	2	73.59	-1.46	0.455	1.0	-0.22	2.74	1.00	0.00	0.16	111115
60	"10:27:42"	3015.0	0	8.9	0.128	257	2.39	1.41	17.92	6	1.42	1	2.84	15.74	17.92	15.06	399.94	383.11	4.713	8.779	19.32	36.00	350.0	1699	2	73.59	-1.46	0.455	1.0	-0.22	2.74	1.00	0.00	0.16	111115
61	"10:34:21"	3414.5	0	9.1	0.125	250	2.79	1.67	20.97	6	1.42	1	2.84	20.19	20.97	20.11	399.26	381.84	6.387	11.117	19.80	34.46	350.0	1699	3	73.59	-1.78	0.446	1.0	-0.22	2.74	1.00	0.00	0.16	111115
62	"10:34:22"	3415.5	0	9.1	0.125	249	2.79	1.68	20.99	6	1.42	1	2.84	20.19	20.99	20.11	399.25	381.83	6.388	11.114	19.80	34.45	350.0	1699	2	73.59	-1.78	0.446	1.0	-0.22	2.74	1.00	0.00	0.16	111115
63	"10:34:23"	3416.0	0	9.09	0.125	249	2.79	1.68	21.00	6	1.42	1	2.84	20.19	21.00	20.11	399.23	381.82	6.388	11.114	19.80	34.45	350.0	1699	2	73.59	-1.78	0.446	1.0	-0.22	2.74	1.00	0.00	0.16	111115
64	"10:34:23"	3416.5	0	9.1	0.124	249	2.79	1.68	21.02	6	1.42	1	2.84	20.19	21.02	20.11	399.23	381.81	6.388	11.112	19.80	34.44	350.0	1699	2	73.59	-1.78	0.446	1.0	-0.22	2.74	1.00	0.00	0.16	111115
65	"10:34:24"	3417.5	0	9.08	0.124	249	2.79	1.68	21.04	6	1.42	1	2.84	20.19	21.04	20.11	399.21	381.82	6.389	11.111	19.80	34.44	350.0	1699	2	73.59	-1.78	0.446	1.0	-0.22	2.74	1.00	0.00	0.16	111115
66	"10:34:25"	3418.0	0	9.09	0.124	248	2.78	1.69	21.05	6	1.42	1	2.84	20.19	21.05	20.11	399.20	381.79	6.390	11.111	19.80	34.43	350.0	1699	2	73.59	-1.78	0.446	1.0	-0.22	2.74	1.00	0.00	0.16	111115
67	"10:34:25"	3419.0	0	9.09	0.124	248	2.79	1.69	21.07	6	1.42	1	2.84	20.19	21.07	20.11	399.20	381.80	6.390	11.111	19.80	34.43	350.0	1699	2	73.59	-1.78	0.446	1.0	-0.22	2.74	1.00	0.00	0.16	111115
68	"10:34:26"	3419.5	0	9.09	0.124	248	2.79	1.69	21.07	6	1.42	1	2.84	20.19	21.07	20.11	399.22	381.81	6.391	11.113	19.80	34.44	350.0	1699	2	73.59	-1.78	0.446	1.0	-0.22	2.74	1.00	0.00	0.16	111115
69	"10:34:27"	3420.5	0	9.06	0.124	248	2.79	1.69	21.08	6	1.42	1	2.84	20.19	21.08	20.11	399.17	381.81	6.391	11.113	19.80	34.44	350.0	1700	2	73.59	-1.78	0.446	1.0	-0.22	2.74	1.00	0.00	0.16	111115
70	"10:34:28"	3421.0	0	9.05	0.124	249	2.79	1.69	21.08	6	1.42	1	2.84	20.19	21.08	20.11	399.17	381.84	6.391	11.114	19.80	34.44	350.0	1700	2	73.59	-1.78	0.446	1.0	-0.22	2.74	1.00	0.00	0.16	111115
71	"10:34:28"	3421.5	0	9.05	0.124	249	2.79	1.69	21.08	6	1.42	1	2.84	20.19	21.08	20.11	399.19	381.85	6.391	11.118	19.80	34.45	350.0	1700	2	73.59	-1.78	0.446	1.0	-0.22	2.74	1.00	0.00	0.16	111115
72	"10:34:29"	3422.5	0	9.07	0.124	249	2.79	1.69	21.07	6	1.42	1	2.84	20.19	21.07	20.11	399.22	381.84	6.391	11.124	19.80	34.47	350.0	1699	2	73.59	-1.78	0.446	1.0	-0.22	2.74	1.00	0.00	0.16	111115
73	"10:34:30"	3423.0	0	9.07	0.124	249	2.79	1.69	21.06	6	1.42	1	2.84	20.19	21.06	20.11	399.21	381.84	6.391	11.126	19.80	34.47	350.0	1699	2	73.59	-1.78	0.446	1.0	-0.22	2.74	1.00	0.00	0.16	111115
74	"10:34:30"	3424.0	0	9.06	0.125	250	2.8	1.68	21.04	6	1.42	1	2.84	20.19	21.04	20.11	399.20	381.84	6.390	11.131	19.80	34.49	350.0	1699	2	73.59	-1.78	0.446	1.0	-0.22	2.74	1.00	0.00	0.16	111115
75	"10:34:31"	3424.5	0	9.09	0.125	249	2.8	1.68	21.03	6	1.42	1	2.84	20.19	21.03	20.11	399.23	381.83	6.390	11.134	19.80	34.50	350.0	1700	2	73.59	-1.78	0.446	1.0	-0.22	2.74	1.00	0.00	0.16	111115
76	"10:43:56"	3989.0	0	8.76	0.109	237	2.74	1.87	24.23	6	1.42	1	2.84	24.58	24.23	24.98	399.63	382.81	11.283	15.906	26.77	37.74	350.0	1700	2	73.59	-2.02	0.446	1.0	-0.22	2.74	1.00	0.00	0.16	111115
77	"10:43:56"	3990.0	0	8.75	0.109	237	2.74	1.87	24.23	6	1.42	1	2.84	24.58	24.23	24.98	399.64	382.85	11.283	15.905	26.77	37.74	350.0	1700	2	73.59	-2.02	0.446	1.0	-0.22	2.74	1.00	0.00	0.16	111115
78	"10:43:57"	3990.5	0	8.76	0.109	237	2.74	1.87	24.23	6	1.42	1	2.84	24.58	24.23	24.98	399.64	382.82	11.283	15.903	26.77	37.73	350.0	1700	2	73.59	-2.02	0.446	1.0	-0.22	2.74	1.00	0.00	0.16	111115
79	"10:43:58"	3991.5	0	8.77	0.109	237	2.74	1.87	24.22	6	1.42	1	2.84	24.58	24.22	24.98	399.66	382.82	11.285	15.903	26.77	37.73	350.0	1700	2	73.59	-2.02	0.446	1.0	-0.22	2.74	1.00	0.00	0.16	111115
80	"10:43:58"	3992.0	0	8.8	0.109	236	2.74	1.87	24.22	6	1.42	1	2.84	24.58	24.22	24.98	399.71	382.83	11.285	15.904	26.78	37.73	350.0	1700	2	73.59	-2.02	0.446	1.0	-0.22	2.74	1.00	0.00	0.16	111115
81	"10:43:59"	3993.0	0	8.84	0.109	236	2.74	1.87	24.22	6	1.42	1	2.84	24.58	24.22	24.98	399.76	382.80	11.286	15.904	26.78	37.73	350.0	1700	2	73.59	-2.02	0.446	1.0	-0.22	2.74	1.00	0.00	0.16	111115
82	"10:44:00"	3993.5	0	8.85	0.109	236	2.74	1.87	24.23	6	1.42	1	2.84	24.58	24.23	24.98	399.76	382.80	11.288	15.906	26.78	37.74	350.0	1700	2	73.59	-2.02	0.446	1.0	-0.22	2.74	1.00	0.00	0.16	111115
83	"10:44:01"	3994.5	0	8.82	0.109	236	2.74	1.87	24.23	6	1.42	1	2.84	24.59	24.23	24.98	399.71	382.80	11.289	15.907	26.78	37.74	350.0	1700	2	73.59	-2.02	0.446	1.0	-0.22	2.74	1.00	0.00	0.16	111115
84	"10:44:02"	3995.0	0	8.82	0.109	236	2.74	1.87	24.23	6	1.42	1	2.84	24.59	24.23	24.98	399.72	382.80	11.290	15.909	26.78	37.74	350.0	1700	2	73.59	-2.02	0.446	1.0	-0.22	2.74	1.00	0.00	0.16	111115
85	"10:44:02"	3996.0	0	8.81	0.109	236	2.74	1.87	24.24	6	1.42	1	2.84	24.59	24.24	24.98	399.70	382.80	11.291	15.909	26.78	37.74	350.0	1700	2	73.58	-2.02	0.446	1.0	-0.22	2.74	1.00	0.00	0.16	111115
86	"10:44:03"	3996.5	0	8.81	0.109	236	2.74	1.87	24.24	6	1.42	1	2.84	24.59	24.24	24.98	399.70	382.80	11.292	15.911	26.78	37.74	350.0	1700	2	73.58	-2.02	0.446	1.0	-0.22	2.74	1.00	0.00	0.16	111115
87	"10:44:04"	3997.5	0	8.77	0.109	237	2.74	1.87	24.24	6	1.42	1	2.84	24.59	24.24	24.98	399.69	382.85	11.293	15.912	26.78	37.74	350.0	1700	2	73.59	-2.02	0.446	1.0	-0.22	2.74	1.00	0.00	0.16	111115
88	"10:44:05"	3998.0	0	8.79	0.109	237	2.74	1.87	24.23	6	1.42	1	2.84	24.59	24.23	24.98	399.71	382.85	11.293	15.912	26.79	37.74	350.0	1700	2	73.59	-2.02	0.446	1.0	-0.22	2.74	1.00	0.00	0.16	111115
89	"10:44:05"	3999.0	0	8.77	0.109	237	2.74	1.87	24.23	6	1.42	1	2.84	24.59	24.23	24.98	399.71	382.88	11.293	15.913	26.78	37.74	350.0	1700	2	73.59	-2.02	0.446	1.0	-0.22	2.74	1.00	0.00	0.16	111115
90	"10:44:06"	3999.5	0	8.79	0.109	237	2.74	1.87	24.23	6	1.42	1	2.84	24.59	24.23	24.98	399.72	382.87	11.293	15.913	26.78	37.74	350.0	1700	2	73.59	-2.02	0.446	1.0	-0.22	2.74	1.00	0.00	0.16	111115
91	"10:55:34"	4687.5	0	8.07	0.0958	230	2.89	2.21	27.55	6	1.42	1	2.84	29.15	27.55	30.05	399.11	383.39	15.327	20.177	27.80	36.60	349.9	1699	2	73.59	-2.15	0.437	1.0	-0.22	2.74	1.00	0.00	0.16	111115
92	"10:55:35"	4688.0	0	8.1	0.0958	229	2.89	2.21	27.55	6	1.42	1	2.84	29.15	27.55	30.05	399.15	383.38	15.329	20.180	27.81	36.61	349.9	1699	2	73.59	-2.15	0.437	1.0	-0.22	2.74	1.00	0.00	0.16	111115
93	"10:55:35"	4688.5	0	8.11	0.0959	229	2.89	2.21	27.55	6	1.42	1	2.84	29.15	27.55	30.05	399.15	383.35	15.332	20.185	27.81	36.61	349.9	1699	2	73.59	-2.15	0.437	1.0	-0.22	2.74	1.00	0.00	0.16	111115
94	"10:55:36"	4689.0	0	8.12	0.0959	229	2.89	2.21	27.55	6	1.42	1	2.84	29.15	27.55	30.05	399.17	383.35	15.336	20.188	27.82	36.62	349.9	1699	2	73.59	-2.15	0.437	1.0	-0.22	2.74	1.00	0.00	0.16	111115
95	"10:55:36"	4689.5	0	8.15	0.0959	228	2.89	2.21	27.55	6	1.42	1	2.84	29.15	27.55	30.05	399.18	383.31	15.340	20.192	27.83	36.63	350.0	1699	2	73.59	-2.15	0.437	1.0	-0.22	2.74	1.00	0.00	0.16	111115
96	"10:55:37"	4690.0	0	8.17	0.0958	228	2.89	2.21	27.55	6	1.42	1	2.84	29.15	27.55	30.05	399.19	383.29	15.344	20.194	27.83	36.63	350.0	1699	2	73.59	-2.15	0.437	1.0	-0.22	2.74	1.00	0.00	0.16	111115
97	"10:55:37"	4691.0	0	8.16	0.0958	228	2.89	2.21	27.56	6	1.42	1	2.84	29.15	27.56	30.05	399.21	383.32	15.352	20.202	27.85	36.64	350.0	1699	2	73.59	-2.15	0.437	1.0	-0.22	2.74	1.00	0.00	0.16	111115
98	"10:55:38"	4691.5	0	8.18	0.0958	228	2.89	2.21	27.56	6	1.42	1	2.84	29.15	27.56	30.05	399.22	383.31	15.357	20.204	27.86	36.65	350.0	1699	2	73.59	-2.15	0.437	0.7	-0.22	2.74	1.00	0.00	0.16	111115
99	"10:55:38"	4692.0	0	8.16	0.0957	228	2.88	2.21	27.56	6	1.42	1	2.84	29.15	27.56	30.05	399.20	383.31	15.361	20.207	27.86	36.65	350.0	1699	2	73.59	-2.15	0.437	0.7	-0.22	2.74	1.00	0.00	0.16	111115
100	"10:55:39"	4692.5	0	8.16	0.0957	228	2.88	2.21	27.56	6	1.42	1	2.84	29.15	27.56	30.05	399.21	383.33	15.365	20.208	27.87	36.66	350.0	1699	2	73.59	-2.15	0.437	0.7	-0.22	2.74	1.00	0.00	0.16	111115
101	"10:55:39"	4693.0	0	8.15	0.0956	228	2.88	2.21	27.56	6	1.42	1	2.84	29.15	27.56	30.05	399.20	383.33	15.369	20.210	27.88	36.66	350.0	1699	2	73.59	-2.15	0.437	1.0	-0.22	2.74	1.00	0.00	0.16	111115
102	"10:55:40"	4693.5	0	8.14	0.0956	228	2.88	2.21	27.56	6	1.42	1	2.84	29.15	27.56	30.05	399.18	383.34	15.372	20.212	27.88	36.66	349.9	1699	2	73.59	-2.15	0.437	1.0	-0.22	2.74	1.00	0.00	0.16	111115
103	"10:55:40"	4694.0	0	8.12	0.0956	228	2.88	2.21	27.56	6	1.42	1	2.84	29.15	27.56	30.05	399.17	383.35	15.377	20.214	27.89	36.66	349.9	1699	2	73.59	-2.15	0.437	1.0	-0.22	2.74	1.00	0.00	0.16	111115
104	"10:55:41"	4694.5	0	8.1	0.0956	229	2.88	2.21	27.56	6	1.42	1	2.84	29.15	27.56	30.05	399.13	383.35	15.380	20.216	27.90	36.67	349.9	1699	2	73.59	-2.15	0.437	1.0	-0.22	2.74	1.00	0.00	0.16	111115
105	"10:55:41"	4695.0	0	8.11	0.0955	228	2.88	2.21	27.56	6	1.42	1	2.84	29.15	27.56	30.05	399.13	383.34	15.385	20.218	27.90	36.67	349.9	1699	2	73.59	-2.15	0.437	1.0	-0.22	2.74	1.00	0.00	0.16	111115
106	"11:11:58"	5671.5	0	7.73	0.0787	213	2.05	1.87	31.29	6	1.42	1	2.84	33.77	31.29	35.10	401.35	386.74	33.520	36.904	46.76	51.48	349.8	1700	3	73.58	-2.06	0.311	1.0	-0.22	2.74	1.00	0.00	0.16	111115
107	"11:11:58"	5672.0	0	7.74	0.0788	213	2.05	1.87	31.29	6	1.42	1	2.84	33.77	31.29	35.11	401.39	386.75	33.520	36.905	46.76	51.48	349.8	1700	3	73.58	-2.06	0.311	1.0	-0.22	2.74	1.00	0.00	0.16	111115
108	"11:11:59"	5672.5	0	7.72	0.0788	214	2.05	1.87	31.29	6	1.42	1	2.84	33.77	31.29	35.11	401.39	386.80	33.521	36.907	46.76	51.48	349.8	1700	3	73.58	-2.06	0.311	1.0	-0.22	2.74	1.00	0.00	0.16	111115
109	"11:11:59"	5673.0	0	7.68	0.0788	214	2.05	1.87	31.28	6	1.42	1	2.84	33.77	31.28	35.11	401.38	386.85	33.522	36.906	46.76	51.48	349.8	1700	3	73.58	-2.06	0.311	1.0	-0.22	2.74	1.00	0.00	0.16	111115
110	"11:12:00"	5673.5	0	7.63	0.0788	216	2.05	1.87	31.28	6	1.42	1	2.84	33.77	31.28	35.11	401.32	386.88	33.522	36.906	46.76	51.48	349.8	1700	3	73.58	-2.06	0.311	1.0	-0.22	2.74	1.00	0.00	0.16	111115
111	"11:12:00"	5674.0	0	7.52	0.0788	218	2.05	1.87	31.28	6	1.42	1	2.84	33.77	31.28	35.10	401.19	386.94	33.522	36.908	46.76	51.48	349.8	1700	3	73.58	-2.06	0.311	1.0	-0.22	2.74	1.00	0.00	0.16	111115
112	"11:12:01"	5674.5	0	7.4	0.0788	220	2.05	1.87	31.28	6	1.42	1	2.84	33.77	31.28	35.10	401.02	386.97	33.523	36.907	46.76	51.48	349.9	1700	3	73.58	-2.06	0.311	0.7	-0.22	2.74	1.00	0.00	0.16	111115
113	"11:12:01"	5675.0	0	7.26	0.0789	223	2.05	1.87	31.28	6	1.42	1	2.84	33.77	31.28	35.10	400.81	387.00	33.524	36.909	46.76	51.48	349.9	1700	2	73.58	-2.06	0.311	0.7	-0.22	2.74	1.00	0.00	0.16	111115
114	"11:12:02"	5675.5	0	7.13	0.079	226	2.05	1.87	31.28	6	1.42	1	2.84	33.77	31.28	35.10	400.60	387.01	33.523	36.911	46.76	51.48	349.9	1700	2	73.58	-2.06	0.311	0.7	-0.22	2.74	1.00	0.00	0.16	111115
115	"11:12:02"	5676.0	0	7.07	0.0789	227	2.05	1.87	31.28	6	1.42	1	2.84	33.77	31.28	35.10	400.45	386.97	33.524	36.911	46.76	51.48	349.9	1700	2	73.58	-2.06	0.311	0.7	-0.22	2.74	1.00	0.00	0.16	111115
116	"11:12:03"	5677.0	0	7.06	0.079	227	2.05	1.87	31.28	6	1.42	1	2.84	33.77	31.28	35.10	400.32	386.86	33.525	36.915	46.76	51.49	349.9	1700	2	73.58	-2.06	0.311	0.7	-0.22	2.74	1.00	0.00	0.16	111115
117	"11:12:04"	5677.5	0	7.11	0.0791	226	2.05	1.87	31.28	6	1.42	1	2.84	33.77	31.28	35.10	400.36	386.80	33.525	36.917	46.76	51.49	349.9	1700	3	73.58	-2.06	0.311	0.7	-0.22	2.74	1.00	0.00	0.16	111115
118	"11:12:04"	5678.0	0	7.17	0.0792	225	2.06	1.87	31.28	6	1.42	1	2.84	33.77	31.28	35.10	400.44	386.78	33.524	36.919	46.76	51.49	349.9	1700	3	73.58	-2.06	0.311	0.7	-0.22	2.74	1.00	0.00	0.16	111115
119	"11:12:05"	5678.5	0	7.24	0.0792	224	2.06	1.87	31.28	6	1.42	1	2.84	33.77	31.28	35.10	400.51	386.74	33.522	36.919	46.75	51.49	349.9	1700	3	73.58	-2.06	0.311	0.7	-0.22	2.74	1.00	0.00	0.16	111115
120	"11:12:05"	5679.0	0	7.31	0.0792	223	2.06	1.87	31.28	6	1.42	1	2.84	33.77	31.28	35.10	400.60	386.70	33.522	36.919	46.75	51.49	349.9	1700	3	73.58	-2.06	0.311	0.7	-0.22	2.74	1.00	0.00	0.16	111115
121	"11:13:18"	5752.0	0	7.43	0.0798	221	2.08	1.87	31.32	6	1.42	1	2.84	33.79	31.32	35.10	400.18	386.06	33.562	36.993	46.78	51.56	349.8	1700	3	73.58	-2.06	0.311	1.0	-0.22	2.74	1.00	0.00	0.16	111115
122	"11:13:19"	5752.5	0	7.46	0.0798	220	2.08	1.87	31.32	6	1.42	1	2.84	33.79	31.32	35.10	400.20	386.02	33.562	36.994	46.78	51.56	349.8	1700	3	73.58	-2.06	0.311	1.0	-0.22	2.74	1.00	0.00	0.16	111115
123	"11:13:19"	5753.0	0	7.46	0.0798	220	2.08	1.87	31.32	6	1.42	1	2.84	33.79	31.32	35.10	400.19	386.02	33.562	36.996	46.78	51.56	349.8	1700	3	73.58	-2.06	0.311	1.0	-0.22	2.74	1.00	0.00	0.16	111115
124	"11:13:20"	5753.0	0	7.46	0.0798	220	2.08	1.87	31.32	6	1.42	1	2.84	33.79	31.32	35.10	400.19	386.02	33.562	36.996	46.78	51.56	349.8	1700	3	73.58	-2.06	0.311	1.0	-0.22	2.74	1.00	0.00	0.16	111115
125	"11:13:20"	5753.5	0	7.47	0.0798	220	2.08	1.87	31.32	6	1.42	1	2.84	33.79	31.32	35.10	400.17	385.98	33.564	36.996	46.78	51.56	349.8	1700	3	73.58	-2.06	0.311	1.0	-0.22	2.74	1.00	0.00	0.16	111115
126	"11:13:21"	5754.5	0	7.48	0.0798	220	2.08	1.87	31.31	6	1.42	1	2.84	33.79	31.31	35.10	400.18	385.99	33.566	36.997	46.78	51.56	349.9	1700	3	73.58	-2.06	0.311	1.0	-0.22	2.74	1.00	0.00	0.16	111115
127	"11:13:21"	5754.5	0	7.48	0.0798	220	2.08	1.87	31.31	6	1.42	1	2.84	33.79	31.31	35.10	400.18	385.99	33.566	36.997	46.78	51.56	349.9	1700	3	73.58	-2.06	0.311	1.0	-0.22	2.74	1.00	0.00	0.16	111115
128	"11:13:22"	5755.0	0	7.52	0.08	219	2.08	1.87	31.31	6	1.42	1	2.84	33.79	31.31	35.10	400.25	385.97	33.566	36.999	46.78	51.57	349.9	1700	3	73.58	-2.06	0.311	1.0	-0.22	2.74	1.00	0.00	0.16	111115
129	"11:13:22"	5755.5	0	7.58	0.08	218	2.08	1.87	31.31	6	1.42	1	2.84	33.79	31.31	35.10	400.32	385.95	33.567	37.002	46.78	51.57	349.8	1700	3	73.58	-2.06	0.311	1.0	-0.22	2.74	1.00	0.00	0.16	111115
130	"11:13:23"	5756.0	0	7.64	0.0801	217	2.08	1.87	31.31	6	1.42	1	2.84	33.79	31.31	35.10	400.43	385.95	33.570	37.005	46.79	51.57	349.8	1700	3	73.58	-2.06	0.311	1.0	-0.22	2.74	1.00	0.00	0.16	111115
131	"11:13:23"	5756.5	0	7.65	0.0802	217	2.08	1.87	31.31	6	1.42	1	2.84	33.79	31.31	35.10	400.49	386.00	33.571	37.010	46.79	51.58	349.8	1700	3	73.58	-2.06	0.311	1.0	-0.22	2.74	1.00	0.00	0.16	111115
132	"11:13:24"	5757.0	0	7.69	0.0802	216	2.08	1.87	31.30	6	1.42	1	2.84	33.79	31.30	35.10	400.59	386.03	33.572	37.012	46.79	51.58	349.8	1700	3	73.58	-2.06	0.311	1.0	-0.22	2.74	1.00	0.00	0.16	111115
133	"11:13:24"	5757.5	0	7.69	0.0802	216	2.08	1.87	31.31	6	1.42	1	2.84	33.79	31.31	35.10	400.63	386.06	33.573	37.015	46.79	51.59	349.8	1700	3	73.58	-2.06	0.311	1.0	-0.22	2.74	1.00	0.00	0.16	111115
134	"11:13:25"	5758.0	0	7.69	0.0804	217	2.09	1.87	31.31	6	1.42	1	2.84	33.79	31.31	35.10	400.66	386.10	33.573	37.020	46.79	51.59	349.8	1700	3	73.58	-2.06	0.311	1.0	-0.22	2.74	1.00	0.00	0.16	111115
135	"11:13:25"	5758.5	0	7.66	0.0803	217	2.09	1.87	31.31	6	1.42	1	2.84	33.79	31.31	35.10	400.64	386.11	33.574	37.022	46.79	51.60	349.8	1700	3	73.58	-2.06	0.311	1.0	-0.22	2.74	1.00	0.00	0.16	111115
136	"11:38:06"	7240.0	0	7	0.0987	251	3.31	2.41	34.14	6	1.42	1	2.84	38.27	34.14	39.98	399.98	385.78	35.016	40.459	38.13	44.06	349.9	1699	3	73.57	-2.18	0.239	1.0	-0.22	2.74	1.00	0.00	0.16	111115
137	"11:38:07"	7240.5	0	6.96	0.0987	252	3.31	2.41	34.14	6	1.42	1	2.84	38.27	34.14	39.98	399.92	385.80	35.016	40.460	38.13	44.06	349.9	1699	3	73.57	-2.18	0.239	1.0	-0.22	2.74	1.00	0.00	0.16	111115
138	"11:38:07"	7241.0	0	6.86	0.0986	254	3.31	2.41	34.14	6	1.42	1	2.84	38.27	34.14	39.98	399.81	385.85	35.016	40.459	38.13	44.06	349.9	1699	3	73.57	-2.18	0.239	1.0	-0.22	2.74	1.00	0.00	0.16	111115
139	"11:38:08"	7241.5	0	6.77	0.0987	255	3.31	2.41	34.14	6	1.42	1	2.84	38.27	34.14	39.98	399.66	385.87	35.015	40.461	38.13	44.06	349.9	1699	3	73.57	-2.18	0.239	0.7	-0.22	2.74	1.00	0.00	0.16	111115
140	"11:38:08"	7242.0	0	6.68	0.0987	257	3.31	2.41	34.14	6	1.42	1	2.84	38.27	34.14	39.98	399.55	385.90	35.015	40.460	38.13	44.06	349.9	1699	3	73.57	-2.18	0.239	0.7	-0.22	2.74	1.00	0.00	0.16	111115
141	"11:38:09"	7242.5	0	6.69	0.0986	256	3.31	2.41	34.14	6	1.42	1	2.84	38.27	34.14	39.98	399.50	385.85	35.017	40.459	38.14	44.06	349.9	1699	3	73.57	-2.18	0.239	0.7	-0.22	2.74	1.00	0.00	0.16	111115
142	"11:38:09"	7242.5	0	6.69	0.0986	256	3.31	2.41	34.14	6	1.42	1	2.84	38.27	34.14	39.98	399.50	385.85	35.017	40.459	38.14	44.06	349.9	1699	3	73.57	-2.18	0.239	0.7	-0.22	2.74	1.00	0.00	0.16	111115
143	"11:38:10"	7243.5	0	6.82	0.0986	254	3.31	2.41	34.14	6	1.42	1	2.84	38.27	34.14	39.98	399.73	385.85	35.016	40.457	38.14	44.06	349.9	1699	3	73.57	-2.18	0.239	0.7	-0.22	2.74	1.00	0.00	0.16	111115
144	"11:38:10"	7244.0	0	6.92	0.0986	253	3.31	2.41	34.14	6	1.42	1	2.84	38.27	34.14	39.98	399.91	385.86	35.017	40.456	38.14	44.06	349.9	1699	3	73.57	-2.18	0.239	0.7	-0.22	2.74	1.00	0.00	0.16	111115
145	"11:38:11"	7244.5	0	7.06	0.0986	250	3.31	2.41	34.14	6	1.42	1	2.84	38.27	34.14	39.98	400.18	385.88	35.016	40.456	38.14	44.06	349.8	1699	3	73.57	-2.18	0.239	0.7	-0.22	2.74	1.00	0.00	0.16	111115
146	"11:38:11"	7244.5	0	7.06	0.0986	250	3.31	2.41	34.14	6	1.42	1	2.84	38.27	34.14	39.98	400.18	385.88	35.016	40.456	38.14	44.06	349.8	1699	3	73.57	-2.18	0.239	0.7	-0.22	2.74	1.00	0.00	0.16	111115
147	"11:38:12"	7245.0	0	7.28	0.0985	247	3.3	2.41	34.14	6	1.42	1	2.84	38.27	34.14	39.98	400.55	385.88	35.018	40.457	38.14	44.06	349.8	1699	3	73.57	-2.18	0.239	0.7	-0.22	2.74	1.00	0.00	0.16	111115
148	"11:38:12"	7245.5	0	7.6	0.0984	241	3.3	2.41	34.14	6	1.42	1	2.84	38.27	34.14	39.98	401.17	385.95	35.019	40.455	38.14	44.06	349.8	1699	3	73.57	-2.18	0.239	0.7	-0.22	2.74	1.00	0.00	0.16	111115
149	"11:38:13"	7246.0	0	8.06	0.0985	234	3.3	2.41	34.14	6	1.42	1	2.84	38.27	34.14	39.98	402.05	386.04	35.019	40.455	38.14	44.06	349.8	1699	3	73.57	-2.18	0.239	0.7	-0.22	2.74	1.00	0.00	0.16	111115
150	"11:38:13"	7246.5	0	8.55	0.0985	226	3.3	2.41	34.14	6	1.42	1	2.84	38.27	34.14	39.98	403.09	386.24	35.017	40.455	38.14	44.06	349.8	1699	3	73.57	-2.18	0.239	0.7	-0.22	2.74	1.00	0.00	0.16	111115
151	"11:46:04"	7717.5	0	6.85	0.102	258	3.4	2.39	34.22	6	1.42	1	2.84	38.31	34.22	39.98	400.45	386.44	35.403	41.001	38.47	44.55	349.9	1699	3	73.57	-2.14	0.261	0.3	-0.22	2.74	1.00	0.00	0.16	111115
152	"11:46:05"	7718.0	0	6.83	0.102	259	3.41	2.39	34.22	6	1.42	1	2.84	38.31	34.22	39.98	400.39	386.43	35.402	41.004	38.47	44.55	349.9	1699	3	73.57	-2.14	0.261	0.3	-0.22	2.74	1.00	0.00	0.16	111115
153	"11:46:05"	7718.5	0	6.8	0.102	259	3.41	2.39	34.22	6	1.42	1	2.84	38.31	34.22	39.98	400.34	386.43	35.404	41.005	38.47	44.55	349.9	1699	3	73.57	-2.14	0.261	0.3	-0.22	2.74	1.00	0.00	0.16	111115
154	"11:46:06"	7719.0	0	6.77	0.102	260	3.41	2.39	34.22	6	1.42	1	2.84	38.31	34.22	39.98	400.28	386.41	35.406	41.007	38.47	44.56	349.9	1699	3	73.57	-2.14	0.261	0.7	-0.22	2.74	1.00	0.00	0.16	111115
155	"11:46:06"	7719.5	0	6.73	0.102	260	3.41	2.39	34.22	6	1.42	1	2.84	38.31	34.22	39.98	400.21	386.41	35.406	41.011	38.47	44.56	349.9	1699	3	73.57	-2.14	0.261	0.7	-0.22	2.74	1.00	0.00	0.16	111115
156	"11:46:07"	7720.0	0	6.71	0.102	261	3.41	2.39	34.22	6	1.42	1	2.84	38.31	34.22	39.98	400.13	386.37	35.405	41.011	38.47	44.56	349.9	1699	3	73.57	-2.14	0.261	0.7	-0.22	2.74	1.00	0.00	0.16	111115
157	"11:46:07"	7720.5	0	6.68	0.102	261	3.41	2.39	34.22	6	1.42	1	2.84	38.31	34.22	39.98	400.03	386.32	35.407	41.013	38.47	44.56	349.9	1699	3	73.57	-2.14	0.261	0.7	-0.22	2.74	1.00	0.00	0.16	111115
158	"11:46:30"	7743.5	0	6.89	0.103	258	3.44	2.39	34.23	6	1.42	1	2.84	38.30	34.23	39.98	399.59	385.50	35.437	41.086	38.52	44.66	349.9	1699	3	73.57	-2.14	0.261	1.0	-0.22	2.74	1.00	0.00	0.16	111115
159	"11:46:30"	7744.0	0	6.87	0.103	258	3.44	2.39	34.22	6	1.42	1	2.84	38.30	34.22	39.98	399.58	385.52	35.436	41.087	38.52	44.66	349.9	1699	3	73.57	-2.14	0.261	1.0	-0.22	2.74	1.00	0.00	0.16	111115
160	"11:46:31"	7744.5	0	6.85	0.103	259	3.44	2.39	34.22	6	1.42	1	2.84	38.30	34.22	39.98	399.58	385.55	35.438	41.088	38.52	44.67	349.9	1699	3	73.57	-2.14	0.261	1.0	-0.22	2.74	1.00	0.00	0.16	111115
161	"11:46:31"	7744.5	0	6.85	0.103	259	3.44	2.39	34.22	6	1.42	1	2.84	38.30	34.22	39.98	399.58	385.55	35.438	41.088	38.52	44.67	349.9	1699	3	73.57	-2.14	0.261	1.0	-0.22	2.74	1.00	0.00	0.16	111115
162	"11:46:32"	7745.0	0	6.86	0.104	259	3.44	2.39	34.22	6	1.42	1	2.84	38.30	34.22	39.98	399.58	385.55	35.439	41.090	38.52	44.67	349.8	1699	3	73.57	-2.14	0.261	1.0	-0.22	2.74	1.00	0.00	0.16	111115
163	"11:46:32"	7745.5	0	6.87	0.104	258	3.44	2.39	34.22	6	1.42	1	2.84	38.30	34.22	39.98	399.60	385.53	35.440	41.094	38.52	44.67	349.8	1699	3	73.57	-2.14	0.261	1.0	-0.22	2.74	1.00	0.00	0.16	111115
164	"11:46:33"	7746.0	0	6.86	0.104	259	3.44	2.38	34.22	6	1.42	1	2.84	38.30	34.22	39.98	399.57	385.52	35.444	41.100	38.53	44.68	349.9	1699	3	73.57	-2.14	0.261	1.0	-0.22	2.74	1.00	0.00	0.16	111115
165	"11:46:33"	7746.5	0	6.87	0.104	259	3.44	2.38	34.21	6	1.42	1	2.84	38.30	34.21	39.98	399.56	385.51	35.445	41.100	38.53	44.68	349.9	1699	3	73.57	-2.14	0.261	1.0	-0.22	2.74	1.00	0.00	0.16	111115
166	"11:46:33"	7746.5	0	6.87	0.104	259	3.44	2.38	34.21	6	1.42	1	2.84	38.30	34.21	39.98	399.56	385.51	35.445	41.100	38.53	44.68	349.9	1699	3	73.57	-2.14	0.261	1.0	-0.22	2.74	1.00	0.00	0.16	111115
167	"11:46:34"	7747.0	0	6.87	0.104	259	3.44	2.38	34.21	6	1.42	1	2.84	38.30	34.21	39.98	399.58	385.52	35.445	41.101	38.53	44.68	349.9	1699	3	73.57	-2.14	0.261	1.0	-0.22	2.74	1.00	0.00	0.16	111115
168	"11:46:34"	7747.5	0	6.84	0.104	259	3.44	2.38	34.21	6	1.42	1	2.84	38.30	34.21	39.98	399.57	385.55	35.446	41.101	38.53	44.68	349.9	1699	3	73.57	-2.14	0.261	1.0	-0.22	2.74	1.00	0.00	0.16	111115
169	"11:46:35"	7748.0	0	6.86	0.104	259	3.44	2.38	34.21	6	1.42	1	2.84	38.30	34.21	39.98	399.59	385.55	35.448	41.101	38.53	44.68	349.9	1699	3	73.57	-2.14	0.261	1.0	-0.22	2.74	1.00	0.00	0.16	111115
170	"11:46:35"	7748.0	0	6.86	0.104	259	3.44	2.38	34.21	6	1.42	1	2.84	38.30	34.21	39.98	399.59	385.55	35.448	41.101	38.53	44.68	349.9	1699	3	73.57	-2.14	0.261	1.0	-0.22	2.74	1.00	0.00	0.16	111115
171	"11:46:35"	7748.5	0	6.87	0.104	259	3.44	2.38	34.21	6	1.42	1	2.84	38.31	34.21	39.98	399.60	385.54	35.447	41.106	38.53	44.68	349.9	1699	3	73.57	-2.14	0.261	1.0	-0.22	2.74	1.00	0.00	0.16	111115
172	"11:46:36"	7748.5	0	6.87	0.104	259	3.44	2.38	34.21	6	1.42	1	2.84	38.31	34.21	39.98	399.60	385.54	35.447	41.106	38.53	44.68	349.9	1699	3	73.57	-2.14	0.261	1.0	-0.22	2.74	1.00	0.00	0.16	111115
173	"11:57:30"	8403.0	0	4.83	0.0741	250	4.57	4.4	37.10	6	1.42	1	2.84	42.96	37.10	45.04	399.90	388.57	18.771	26.402	15.93	22.40	349.9	1700	4	73.56	-3.12	0.365	1.0	-0.22	2.74	1.00	0.00	0.16	111115
174	"11:57:30"	8403.0	0	4.83	0.0741	250	4.57	4.4	37.10	6	1.42	1	2.84	42.96	37.10	45.04	399.90	388.57	18.771	26.402	15.93	22.40	349.9	1700	4	73.56	-3.12	0.365	1.0	-0.22	2.74	1.00	0.00	0.16	111115
175	"11:57:31"	8403.5	0	4.81	0.0741	250	4.57	4.4	37.09	6	1.42	1	2.84	42.96	37.09	45.04	399.88	388.59	18.772	26.401	15.93	22.40	349.9	1700	4	73.56	-3.12	0.365	1.0	-0.22	2.74	1.00	0.00	0.16	111115
176	"11:57:31"	8403.5	0	4.81	0.0741	250	4.57	4.4	37.09	6	1.42	1	2.84	42.96	37.09	45.04	399.88	388.59	18.772	26.401	15.93	22.40	349.9	1700	4	73.56	-3.12	0.365	1.0	-0.22	2.74	1.00	0.00	0.16	111115
177	"11:57:32"	8404.0	0	4.78	0.0741	251	4.57	4.4	37.09	6	1.42	1	2.84	42.96	37.09	45.04	399.86	388.62	18.774	26.401	15.93	22.40	349.9	1700	4	73.56	-3.12	0.365	1.0	-0.22	2.74	1.00	0.00	0.16	111115
178	"11:57:32"	8404.5	0	4.79	0.0741	251	4.57	4.39	37.09	6	1.42	1	2.84	42.96	37.09	45.04	399.88	388.62	18.775	26.403	15.93	22.40	349.9	1700	4	73.56	-3.12	0.365	1.0	-0.22	2.74	1.00	0.00	0.16	111115
179	"11:57:33"	8405.0	0	4.77	0.074	251	4.57	4.4	37.10	6	1.42	1	2.84	42.96	37.10	45.04	399.84	388.62	18.776	26.401	15.93	22.40	349.9	1700	4	73.56	-3.12	0.365	1.0	-0.22	2.74	1.00	0.00	0.16	111115
180	"11:57:33"	8405.5	0	4.77	0.074	251	4.57	4.4	37.10	6	1.42	1	2.84	42.96	37.10	45.04	399.85	388.64	18.776	26.400	15.93	22.40	349.9	1700	4	73.56	-3.12	0.365	1.0	-0.22	2.74	1.00	0.00	0.16	111115
181	"11:57:34"	8406.0	0	4.76	0.0739	251	4.57	4.4	37.10	6	1.42	1	2.84	42.96	37.10	45.04	399.84	388.64	18.778	26.401	15.93	22.40	349.9	1700	4	73.56	-3.12	0.365	1.0	-0.22	2.74	1.00	0.00	0.16	111115
182	"11:57:34"	8406.5	0	4.78	0.0739	251	4.57	4.4	37.11	6	1.42	1	2.84	42.96	37.11	45.04	399.86	388.62	18.777	26.401	15.93	22.40	349.9	1700	4	73.56	-3.12	0.365	1.0	-0.22	2.74	1.00	0.00	0.16	111115
183	"11:57:35"	8407.0	0	4.8	0.074	250	4.57	4.4	37.10	6	1.42	1	2.84	42.96	37.10	45.04	399.90	388.63	18.777	26.401	15.93	22.40	349.9	1700	4	73.56	-3.12	0.365	1.0	-0.22	2.74	1.00	0.00	0.16	111115
184	"11:57:35"	8407.5	0	4.82	0.074	250	4.57	4.4	37.10	6	1.42	1	2.84	42.96	37.10	45.04	399.92	388.62	18.776	26.402	15.93	22.40	349.9	1700	4	73.56	-3.12	0.365	1.0	-0.22	2.74	1.00	0.00	0.16	111115
185	"11:57:36"	8408.0	0	4.82	0.0739	250	4.57	4.4	37.11	6	1.42	1	2.84	42.96	37.11	45.04	399.94	388.62	18.776	26.401	15.93	22.40	349.9	1700	4	73.56	-3.12	0.365	1.0	-0.22	2.74	1.00	0.00	0.16	111115
186	"11:57:36"	8408.5	0	4.81	0.0738	250	4.57	4.4	37.12	6	1.42	1	2.84	42.96	37.12	45.04	399.92	388.64	18.778	26.401	15.93	22.40	349.9	1700	4	73.56	-3.12	0.365	1.0	-0.22	2.74	1.00	0.00	0.16	111115
187	"11:57:37"	8409.0	0	4.82	0.0738	250	4.57	4.41	37.12	6	1.42	1	2.84	42.96	37.12	45.04	399.94	388.63	18.779	26.403	15.93	22.40	349.9	1699	4	73.56	-3.12	0.365	1.0	-0.22	2.74	1.00	0.00	0.16	111115
188	"12:06:49"	8962.0	0	3.47	0.0874	285	6.18	5.01	39.45	6	1.42	1	2.84	47.32	39.45	49.72	398.96	388.89	19.431	29.708	13.17	20.14	349.9	1700	4	73.56	-3.32	0.268	1.0	-0.22	2.74	1.00	0.00	0.16	111115
189	"12:06:49"	8962.5	0	3.49	0.0875	284	6.18	5.01	39.45	6	1.42	1	2.84	47.32	39.45	49.72	398.98	388.87	19.432	29.709	13.17	20.14	350.0	1700	4	73.56	-3.32	0.268	1.0	-0.22	2.74	1.00	0.00	0.16	111115
190	"12:06:49"	8962.5	0	3.49	0.0875	284	6.18	5.01	39.45	6	1.42	1	2.84	47.32	39.45	49.72	398.98	388.87	19.432	29.709	13.17	20.14	350.0	1700	4	73.56	-3.32	0.268	1.0	-0.22	2.74	1.00	0.00	0.16	111115
191	"12:06:50"	8963.0	0	3.51	0.0875	284	6.18	5.01	39.45	6	1.42	1	2.84	47.32	39.45	49.72	399.00	388.86	19.432	29.713	13.17	20.14	349.9	1700	4	73.56	-3.32	0.268	1.0	-0.22	2.74	1.00	0.00	0.16	111115
192	"12:06:50"	8963.5	0	3.52	0.0876	284	6.18	5.01	39.44	6	1.42	1	2.84	47.32	39.44	49.72	399.02	388.87	19.433	29.713	13.17	20.14	349.9	1700	4	73.56	-3.32	0.268	1.0	-0.22	2.74	1.00	0.00	0.16	111115
193	"12:06:51"	8964.5	0	3.56	0.0877	283	6.18	5	39.42	6	1.42	1	2.84	47.32	39.42	49.72	399.05	388.83	19.435	29.717	13.17	20.14	349.9	1700	4	73.56	-3.32	0.268	1.0	-0.22	2.74	1.00	0.00	0.16	111115
194	"12:06:51"	8964.5	0	3.56	0.0877	283	6.18	5	39.42	6	1.42	1	2.84	47.32	39.42	49.72	399.05	388.83	19.435	29.717	13.17	20.14	349.9	1700	4	73.56	-3.32	0.268	1.0	-0.22	2.74	1.00	0.00	0.16	111115
195	"12:06:52"	8965.0	0	3.59	0.0878	283	6.18	5	39.41	6	1.42	1	2.84	47.32	39.41	49.72	399.09	388.82	19.435	29.718	13.17	20.14	349.9	1700	4	73.56	-3.32	0.268	1.0	-0.22	2.74	1.00	0.00	0.16	111115
196	"12:06:52"	8965.5	0	3.58	0.0879	283	6.18	5	39.40	6	1.42	1	2.84	47.32	39.40	49.72	399.09	388.83	19.435	29.718	13.17	20.14	350.0	1700	4	73.56	-3.32	0.268	1.0	-0.22	2.74	1.00	0.00	0.16	111115
197	"12:06:53"	8966.0	0	3.59	0.0879	283	6.18	4.99	39.40	6	1.42	1	2.84	47.32	39.40	49.72	399.13	388.85	19.436	29.718	13.17	20.14	350.0	1700	4	73.56	-3.32	0.268	1.0	-0.22	2.74	1.00	0.00	0.16	111115
198	"12:06:53"	8967.0	0	3.56	0.0879	283	6.18	4.99	39.40	6	1.42	1	2.84	47.32	39.40	49.72	399.10	388.87	19.435	29.717	13.17	20.14	350.0	1700	4	73.56	-3.32	0.268	1.0	-0.22	2.74	1.00	0.00	0.16	111115
199	"12:06:54"	8967.5	0	3.54	0.0879	284	6.18	4.99	39.40	6	1.42	1	2.84	47.32	39.40	49.72	399.07	388.87	19.435	29.718	13.17	20.14	350.0	1700	4	73.56	-3.32	0.268	1.0	-0.22	2.74	1.00	0.00	0.16	111115
200	"12:06:54"	8967.5	0	3.54	0.0879	284	6.18	4.99	39.40	6	1.42	1	2.84	47.32	39.40	49.72	399.07	388.87	19.435	29.718	13.17	20.14	350.0	1700	4	73.56	-3.32	0.268	1.0	-0.22	2.74	1.00	0.00	0.16	111115
201	"12:06:55"	8968.0	0	3.55	0.0879	284	6.18	4.99	39.40	6	1.42	1	2.84	47.32	39.40	49.72	399.07	388.87	19.435	29.719	13.17	20.14	350.0	1700	4	73.56	-3.32	0.268	1.0	-0.22	2.74	1.00	0.00	0.16	111115
202	"12:06:55"	8968.5	0	3.52	0.0879	284	6.18	4.99	39.40	6	1.42	1	2.84	47.32	39.40	49.72	399.07	388.91	19.434	29.719	13.17	20.14	350.0	1700	4	73.56	-3.32	0.268	1.0	-0.22	2.74	1.00	0.00	0.16	111115
