"OPEN 6.1.4"
"Wed Jun 22 2016 10:38:00"
<open><version>"6.1.4"</version></open>
<open><configfile>"/User/Configs/UserPrefs/LED2x3.xml"</configfile></open>
<open><light><source>"6400-02 or -02B LED Source"</source><par_in>1 <sensor>"SI-3158"<cal>-0.91<actinity>1.00</actinity><transm>1.00</transm></cal></sensor><transm>1 </transm></par_in><par_out>1 <sensor>"Q45198"<cal>6.26 </cal></sensor></par_out></light></open>
<open><comps><file>"/User/Configs/Comps/StdComps_6.1"<header>""</header><extras></extras></file><energybal>no<f_parIn>1 </f_parIn><f_parOut>0 </f_parOut><alphaK>0.16</alphaK></energybal><bc_total>2.840<stomatal_ratio>1</stomatal_ratio><bc_oneside>1.420<type>2 </type><table>"/Sys/Lib/StdBLCTable"</table><area>6</area><slope>-0.219565 </slope><offset>2.73739 </offset><fan>5 </fan></bc_oneside></bc_total></comps></open>
<open><prompts><onlog>off</onlog><items>"Default (none)"</items></prompts></open>
<open><constants><oxygen>21 %</oxygen><bb_vapor>1.5 </bb_vapor><bb_oxy>0.9 </bb_oxy></constants></open>
<open><stability><items>"Std Stability"<items[1]><id>-2 </id><size>15 </size><pcv><onoff>0 </onoff><value>1 </value></pcv><std><onoff>0 </onoff><value>1 </value></std><slp><onoff>1 </onoff><value>1 </value></slp></items[1]><items[2]><id>-5 </id><size>15 </size><pcv><onoff>0 </onoff><value>1 </value></pcv><std><onoff>0 </onoff><value>1 </value></std><slp><onoff>1 </onoff><value>1 </value></slp></items[2]><items[3]><id>-7 </id><size>15 </size><pcv><onoff>0 </onoff><value>1 </value></pcv><std><onoff>0 </onoff><value>1 </value></std><slp><onoff>1 </onoff><value>1 </value></slp></items[3]></items></stability></open>
<open><log><format>"StdLogFmt_6.0"<items>{ -35  -21  -36  -76  30  23  36  21  25  221  -33  111  -34  11  -9  -10  -8  -1  -2  -4  -5  -14  -15  -7  -12  -13  -11  -65  -66  -72  -18  -19  -77  -78  -79  -23   }<hdr>{  }</hdr></items></format><options><beep>on</beep><hdr>normal</hdr><rem>normal</rem><stab>no</stab><stats>no<period>15 </period></stats><excel>yes</excel><comm>no</comm></options><datafile>"/User/062216-stm-taof3"</datafile><button><action>"Normal Log"<code>" LogOneObsManual "</code></action></button><autoprog>"/User/Configs/AutoProgs/AutoLog"<active>no</active></autoprog></log></open>
<open><a2d><avgtime>4.0 secs</avgtime><userchans><ch20>"Off"</ch20><ch21>"Off"</ch21><ch22>"Off"</ch22><ch23>"Off"</ch23></userchans></a2d></open>
<open><matching><type>0 </type><disp>'a'</disp><settings><CO2Limit>10.0</CO2Limit><H2OLimit>1.0</H2OLimit><MaxAutoTime>60 </MaxAutoTime></settings></matching></open>
<li6400><factory><unit>"PSC-3209"</unit><serviced>"16 Dec 2014"</serviced><fuseaware>0 </fuseaware><co2mixer>yes</co2mixer><co2><coeffs>{ 0  0.216636  2.62002e-05  2.19439e-08  -3.94571e-12  3.98731e-16   }</coeffs><dvdt>-2.6 </dvdt><xs>{ -0.0003  0.0006   }</xs></co2><h2o><coeffs>{ 0  0.00577737  2.23637e-06  -4.35816e-12   }</coeffs><dvdt>-1.8 </dvdt><xs>{ -0.0011  -0.0004   }</xs></h2o><flow>{ 0  0.3692   }</flow><press>{ 87.857  0.00553   }</press></factory></li6400>
<li6400><user><flow_zero>-506.7</flow_zero><irga_zero><co2>234.5 -155.6<at>19.7121 </at></co2><h2o>78.4 117.4<at>25.1295 </at></h2o></irga_zero><irga_span><co2>{ 0.990037  0.995087   }</co2><h2o>{ 1.00311  1.00811   }</h2o></irga_span><irga_match><co2>{ 0.500348  0.855427   }</co2><h2o>{ 0.127115  0.526129   }</h2o></irga_match><co2_mixer><pump_mv>4500 </pump_mv><ppm>{ 2362.72  1117.56  442.288  269.415  124.411  73.5502  53.2906  53.2105   }</ppm><mv>{ 5000  3000  1500  1000  500  300  200  100   }</mv></co2_mixer><parin_offset>0 </parin_offset><led_cal><unit>"SI-3158"</unit><mv>{ 10  25  50  100  1000  2000  3000  4000  5000   }</mv><qntm>{ 3.03636  13.4569  35.1195  80.6932  1020.17  2027.68  2981.23  3902.95  4595.23   }</qntm></led_cal><lcf_cal><unit>"unknown"</unit><red><mv>{ 50  100  500  1000  1500  5000   }</mv><qntm>{ 50  100  500  1000  2000  5000   }</qntm></red><blue><mv>{ 100  200  500  1000  2000  5000   }</mv><qntm>{ 10  20  50  100  200  500   }</qntm></blue></lcf_cal></user></li6400>
"10:38:02 "
$STARTOFDATA$
"Obs"	"HHMMSS"	"FTime"	"EBal?"	"Photo"	"Cond"	"Ci"	"Trmmol"	"VpdL"	"CTleaf"	"Area"	"BLC_1"	"StmRat"	"BLCond"	"Tair"	"Tleaf"	"TBlk"	"CO2R"	"CO2S"	"H2OR"	"H2OS"	"RH_R"	"RH_S"	"Flow"	"PARi"	"PARo"	"Press"	"CsMch"	"HsMch"	"StableF"	"BLCslope"	"BLCoffst"	"f_parin"	"f_parout"	"alphaK"	"Status"
1	"10:40:00"	132.5	0	8.41	0.193	308	2.06	0.828	9.43	6	1.42	1	2.84	4.04	9.43	1.80	399.22	388.15	2.431	4.896	21.73	43.77	499.4	1701	21	73.19	2.62	0.495	1.0	-0.22	2.74	1.00	0.00	0.16	111115
2	"10:40:01"	133.0	0	8.43	0.192	308	2.06	0.828	9.44	6	1.42	1	2.84	4.04	9.44	1.80	399.23	388.14	2.433	4.897	21.74	43.77	499.4	1701	21	73.19	2.62	0.495	1.0	-0.22	2.74	1.00	0.00	0.16	111115
3	"10:40:01"	133.5	0	8.47	0.192	307	2.06	0.828	9.43	6	1.42	1	2.84	4.04	9.43	1.80	399.25	388.12	2.434	4.897	21.76	43.77	499.4	1701	21	73.19	2.62	0.495	1.0	-0.22	2.74	1.00	0.00	0.16	111115
4	"10:40:02"	134.0	0	8.43	0.192	308	2.06	0.828	9.43	6	1.42	1	2.84	4.04	9.43	1.80	399.24	388.15	2.435	4.897	21.76	43.77	499.4	1701	21	73.19	2.62	0.495	1.0	-0.22	2.74	1.00	0.00	0.16	111115
5	"10:40:02"	134.5	0	8.44	0.192	308	2.06	0.828	9.43	6	1.42	1	2.84	4.04	9.43	1.80	399.26	388.16	2.436	4.898	21.77	43.77	499.4	1701	21	73.19	2.62	0.495	1.0	-0.22	2.74	1.00	0.00	0.16	111115
6	"10:40:03"	135.0	0	8.43	0.192	308	2.06	0.827	9.43	6	1.42	1	2.84	4.04	9.43	1.80	399.26	388.17	2.437	4.899	21.78	43.79	499.4	1701	21	73.19	2.62	0.495	1.0	-0.22	2.74	1.00	0.00	0.16	111115
7	"10:40:03"	135.5	0	8.41	0.192	308	2.06	0.828	9.43	6	1.42	1	2.84	4.04	9.43	1.80	399.25	388.19	2.439	4.900	21.79	43.79	499.4	1701	21	73.19	2.62	0.495	1.0	-0.22	2.74	1.00	0.00	0.16	111115
8	"10:40:04"	136.0	0	8.44	0.192	307	2.06	0.829	9.44	6	1.42	1	2.84	4.04	9.44	1.80	399.26	388.16	2.440	4.900	21.80	43.79	499.4	1701	21	73.19	2.62	0.495	1.0	-0.22	2.74	1.00	0.00	0.16	111115
9	"10:40:04"	136.5	0	8.41	0.192	308	2.06	0.829	9.45	6	1.42	1	2.84	4.04	9.45	1.80	399.23	388.17	2.441	4.902	21.81	43.81	499.4	1701	21	73.19	2.62	0.495	1.0	-0.22	2.74	1.00	0.00	0.16	111115
10	"10:40:05"	136.5	0	8.41	0.192	308	2.06	0.829	9.45	6	1.42	1	2.84	4.04	9.45	1.80	399.23	388.17	2.441	4.902	21.81	43.81	499.4	1701	21	73.19	2.62	0.495	1.0	-0.22	2.74	1.00	0.00	0.16	111115
11	"10:40:05"	137.0	0	8.4	0.192	308	2.06	0.829	9.45	6	1.42	1	2.84	4.04	9.45	1.80	399.22	388.16	2.441	4.903	21.82	43.81	499.4	1701	21	73.19	2.62	0.495	1.0	-0.22	2.74	1.00	0.00	0.16	111115
12	"10:40:06"	137.5	0	8.4	0.192	308	2.06	0.829	9.45	6	1.42	1	2.84	4.04	9.45	1.80	399.21	388.16	2.442	4.904	21.82	43.82	499.4	1701	21	73.19	2.62	0.495	1.0	-0.22	2.74	1.00	0.00	0.16	111115
13	"10:40:06"	138.0	0	8.4	0.192	308	2.06	0.828	9.44	6	1.42	1	2.84	4.04	9.44	1.80	399.23	388.17	2.443	4.905	21.83	43.83	499.4	1701	21	73.19	2.62	0.495	1.0	-0.22	2.74	1.00	0.00	0.16	111115
14	"10:40:07"	138.5	0	8.4	0.193	308	2.06	0.827	9.42	6	1.42	1	2.84	4.04	9.42	1.80	399.23	388.18	2.444	4.906	21.84	43.84	499.4	1701	21	73.19	2.62	0.495	1.0	-0.22	2.74	1.00	0.00	0.16	111115
15	"10:40:07"	139.0	0	8.43	0.193	308	2.06	0.826	9.42	6	1.42	1	2.84	4.04	9.42	1.80	399.25	388.16	2.446	4.907	21.85	43.85	499.4	1701	21	73.19	2.62	0.495	1.0	-0.22	2.74	1.00	0.00	0.16	111115
16	"10:45:25"	457.0	0	8.57	0.137	276	1.88	1.04	12.25	6	1.42	1	2.84	8.41	12.25	7.05	399.43	388.26	3.109	5.353	20.55	35.38	499.4	1701	18	73.19	1.86	0.5	1.0	-0.22	2.74	1.00	0.00	0.16	111115
17	"10:45:25"	457.0	0	8.57	0.137	276	1.88	1.04	12.25	6	1.42	1	2.84	8.41	12.25	7.05	399.43	388.26	3.109	5.353	20.55	35.38	499.4	1701	18	73.19	1.86	0.5	1.0	-0.22	2.74	1.00	0.00	0.16	111115
18	"10:45:25"	457.5	0	8.59	0.137	276	1.88	1.04	12.26	6	1.42	1	2.84	8.41	12.26	7.05	399.44	388.25	3.110	5.353	20.56	35.38	499.4	1701	18	73.19	1.86	0.5	1.0	-0.22	2.74	1.00	0.00	0.16	111115
19	"10:45:26"	457.5	0	8.59	0.137	276	1.88	1.04	12.26	6	1.42	1	2.84	8.41	12.26	7.05	399.44	388.25	3.110	5.353	20.56	35.38	499.4	1701	18	73.19	1.86	0.5	1.0	-0.22	2.74	1.00	0.00	0.16	111115
20	"10:45:26"	458.0	0	8.61	0.137	276	1.88	1.04	12.26	6	1.42	1	2.84	8.41	12.26	7.05	399.45	388.24	3.111	5.353	20.56	35.37	499.4	1701	18	73.19	1.86	0.5	1.0	-0.22	2.74	1.00	0.00	0.16	111115
21	"10:45:27"	458.5	0	8.63	0.137	275	1.87	1.04	12.26	6	1.42	1	2.84	8.41	12.26	7.05	399.47	388.22	3.113	5.352	20.57	35.37	499.4	1701	18	73.19	1.86	0.5	1.0	-0.22	2.74	1.00	0.00	0.16	111115
22	"10:45:27"	459.0	0	8.62	0.136	275	1.87	1.04	12.26	6	1.42	1	2.84	8.41	12.26	7.05	399.45	388.22	3.113	5.351	20.57	35.36	499.4	1701	18	73.19	1.86	0.5	1.0	-0.22	2.74	1.00	0.00	0.16	111115
23	"10:45:28"	459.5	0	8.59	0.136	276	1.87	1.04	12.26	6	1.42	1	2.84	8.42	12.26	7.05	399.43	388.23	3.114	5.351	20.58	35.36	499.4	1701	18	73.19	1.86	0.5	1.0	-0.22	2.74	1.00	0.00	0.16	111115
24	"10:45:28"	460.0	0	8.59	0.136	276	1.87	1.04	12.26	6	1.42	1	2.84	8.42	12.26	7.05	399.44	388.25	3.115	5.350	20.58	35.35	499.4	1701	18	73.19	1.86	0.5	1.0	-0.22	2.74	1.00	0.00	0.16	111115
25	"10:45:29"	460.5	0	8.58	0.136	276	1.87	1.04	12.26	6	1.42	1	2.84	8.42	12.26	7.06	399.45	388.26	3.116	5.350	20.59	35.35	499.4	1701	18	73.19	1.86	0.5	1.0	-0.22	2.74	1.00	0.00	0.16	111115
26	"10:45:30"	461.0	0	8.59	0.136	276	1.87	1.04	12.26	6	1.42	1	2.84	8.42	12.26	7.06	399.45	388.26	3.117	5.350	20.59	35.34	499.4	1701	18	73.19	1.86	0.5	1.0	-0.22	2.74	1.00	0.00	0.16	111115
27	"10:45:30"	461.5	0	8.56	0.136	276	1.87	1.04	12.26	6	1.42	1	2.84	8.42	12.26	7.06	399.43	388.28	3.117	5.349	20.59	35.34	499.4	1701	18	73.19	1.86	0.5	1.0	-0.22	2.74	1.00	0.00	0.16	111115
28	"10:45:31"	462.5	0	8.54	0.136	276	1.87	1.04	12.26	6	1.42	1	2.84	8.42	12.26	7.06	399.45	388.32	3.119	5.348	20.60	35.33	499.4	1701	18	73.19	1.86	0.5	1.0	-0.22	2.74	1.00	0.00	0.16	111115
29	"10:45:31"	463.0	0	8.55	0.136	276	1.87	1.04	12.26	6	1.42	1	2.84	8.42	12.26	7.06	399.46	388.32	3.120	5.349	20.61	35.33	499.4	1701	18	73.19	1.86	0.5	1.0	-0.22	2.74	1.00	0.00	0.16	111115
30	"10:45:32"	463.5	0	8.55	0.136	276	1.86	1.04	12.26	6	1.42	1	2.84	8.42	12.26	7.06	399.49	388.35	3.121	5.349	20.61	35.33	499.4	1701	18	73.19	1.86	0.5	1.0	-0.22	2.74	1.00	0.00	0.16	111115
31	"10:49:41"	714.0	0	7.82	0.0964	249	1.49	1.15	14.86	6	1.42	1	2.84	12.65	14.86	12.13	400.52	390.43	5.653	7.431	28.16	37.03	499.4	1699	16	73.19	1.27	0.518	1.0	-0.22	2.74	1.00	0.00	0.16	111115
32	"10:49:42"	714.0	0	7.82	0.0964	249	1.49	1.15	14.86	6	1.42	1	2.84	12.65	14.86	12.13	400.52	390.43	5.653	7.431	28.16	37.03	499.4	1699	16	73.19	1.27	0.518	1.0	-0.22	2.74	1.00	0.00	0.16	111115
33	"10:49:42"	714.5	0	7.78	0.0964	249	1.49	1.15	14.86	6	1.42	1	2.84	12.65	14.86	12.13	400.50	390.45	5.653	7.430	28.17	37.02	499.4	1699	15	73.19	1.27	0.518	1.0	-0.22	2.74	1.00	0.00	0.16	111115
34	"10:49:43"	715.0	0	7.79	0.0966	249	1.49	1.15	14.85	6	1.42	1	2.84	12.65	14.85	12.13	400.50	390.44	5.653	7.431	28.16	37.02	499.4	1699	15	73.19	1.27	0.518	1.0	-0.22	2.74	1.00	0.00	0.16	111115
35	"10:49:43"	715.5	0	7.81	0.0965	249	1.49	1.15	14.85	6	1.42	1	2.84	12.65	14.85	12.13	400.52	390.43	5.654	7.431	28.17	37.02	499.4	1699	15	73.19	1.27	0.518	1.0	-0.22	2.74	1.00	0.00	0.16	111115
36	"10:49:44"	716.0	0	7.8	0.0965	249	1.49	1.15	14.86	6	1.42	1	2.84	12.65	14.86	12.13	400.51	390.44	5.654	7.432	28.17	37.02	499.4	1699	15	73.19	1.27	0.518	1.0	-0.22	2.74	1.00	0.00	0.16	111115
37	"10:49:44"	716.5	0	7.77	0.0965	250	1.49	1.15	14.86	6	1.42	1	2.84	12.65	14.86	12.13	400.51	390.47	5.654	7.433	28.17	37.03	499.4	1699	15	73.19	1.27	0.518	1.0	-0.22	2.74	1.00	0.00	0.16	111115
38	"10:49:45"	717.0	0	7.76	0.0963	250	1.49	1.15	14.87	6	1.42	1	2.84	12.65	14.87	12.13	400.51	390.48	5.655	7.433	28.17	37.02	499.4	1699	15	73.19	1.27	0.518	1.0	-0.22	2.74	1.00	0.00	0.16	111115
39	"10:49:45"	717.5	0	7.77	0.0962	249	1.49	1.15	14.88	6	1.42	1	2.84	12.66	14.88	12.13	400.52	390.49	5.656	7.432	28.17	37.02	499.4	1699	15	73.19	1.27	0.518	1.0	-0.22	2.74	1.00	0.00	0.16	111115
40	"10:49:46"	718.0	0	7.79	0.0961	249	1.49	1.15	14.88	6	1.42	1	2.84	12.66	14.88	12.13	400.52	390.46	5.656	7.431	28.17	37.01	499.4	1699	15	73.19	1.27	0.518	1.0	-0.22	2.74	1.00	0.00	0.16	111115
41	"10:49:47"	718.5	0	7.8	0.0961	249	1.49	1.15	14.89	6	1.42	1	2.84	12.66	14.89	12.13	400.52	390.45	5.655	7.432	28.16	37.01	499.4	1699	15	73.19	1.27	0.518	1.0	-0.22	2.74	1.00	0.00	0.16	111115
42	"10:49:47"	719.0	0	7.8	0.096	248	1.49	1.16	14.89	6	1.42	1	2.84	12.66	14.89	12.13	400.52	390.45	5.656	7.431	28.16	37.00	499.4	1699	15	73.19	1.27	0.518	1.0	-0.22	2.74	1.00	0.00	0.16	111115
43	"10:49:48"	719.5	0	7.8	0.0959	248	1.49	1.16	14.90	6	1.42	1	2.84	12.66	14.90	12.13	400.52	390.45	5.656	7.430	28.17	37.00	499.4	1699	15	73.19	1.27	0.518	1.0	-0.22	2.74	1.00	0.00	0.16	111115
44	"10:49:48"	720.0	0	7.81	0.0957	248	1.49	1.16	14.90	6	1.42	1	2.84	12.66	14.90	12.13	400.52	390.44	5.656	7.429	28.17	36.99	499.4	1699	15	73.19	1.27	0.518	1.0	-0.22	2.74	1.00	0.00	0.16	111115
45	"10:49:49"	720.5	0	7.83	0.0957	248	1.49	1.16	14.91	6	1.42	1	2.84	12.66	14.91	12.13	400.53	390.42	5.657	7.429	28.17	36.99	499.4	1699	15	73.2	1.27	0.518	1.0	-0.22	2.74	1.00	0.00	0.16	111115
46	"10:54:34"	1007.0	0	7.69	0.0896	240	1.63	1.34	17.85	6	1.42	1	2.84	16.92	17.85	17.00	400.14	390.13	7.745	9.678	29.29	36.61	499.4	1700	12	73.19	1.12	0.537	0.7	-0.22	2.74	1.00	0.00	0.16	111115
47	"10:54:40"	1012.0	0	7.73	0.0896	239	1.63	1.35	17.88	6	1.42	1	2.84	16.93	17.88	17.00	400.14	390.08	7.747	9.686	29.29	36.61	499.4	1700	12	73.19	1.12	0.537	1.0	-0.22	2.74	1.00	0.00	0.16	111115
48	"10:54:40"	1012.5	0	7.74	0.0896	239	1.63	1.35	17.88	6	1.42	1	2.84	16.93	17.88	17.00	400.13	390.07	7.747	9.686	29.28	36.61	499.4	1700	12	73.19	1.12	0.537	1.0	-0.22	2.74	1.00	0.00	0.16	111115
49	"10:54:41"	1013.0	0	7.75	0.0897	239	1.63	1.35	17.88	6	1.42	1	2.84	16.93	17.88	17.00	400.13	390.05	7.748	9.687	29.29	36.62	499.4	1700	12	73.19	1.12	0.537	1.0	-0.22	2.74	1.00	0.00	0.16	111115
50	"10:54:41"	1013.5	0	7.77	0.0898	238	1.63	1.35	17.88	6	1.42	1	2.84	16.93	17.88	17.00	400.14	390.04	7.748	9.689	29.28	36.62	499.4	1700	12	73.19	1.12	0.537	1.0	-0.22	2.74	1.00	0.00	0.16	111115
51	"10:54:42"	1014.0	0	7.76	0.0899	239	1.63	1.35	17.88	6	1.42	1	2.84	16.93	17.88	17.00	400.13	390.05	7.747	9.690	29.28	36.62	499.4	1700	12	73.19	1.12	0.537	1.0	-0.22	2.74	1.00	0.00	0.16	111115
52	"10:54:42"	1014.5	0	7.76	0.0899	239	1.63	1.35	17.88	6	1.42	1	2.84	16.94	17.88	17.00	400.15	390.06	7.747	9.691	29.28	36.62	499.4	1700	12	73.19	1.12	0.537	1.0	-0.22	2.74	1.00	0.00	0.16	111115
53	"10:54:43"	1015.0	0	7.76	0.0899	239	1.63	1.35	17.88	6	1.42	1	2.84	16.94	17.88	17.00	400.12	390.03	7.748	9.691	29.28	36.63	499.4	1700	12	73.19	1.12	0.537	1.0	-0.22	2.74	1.00	0.00	0.16	111115
54	"10:54:43"	1015.5	0	7.75	0.09	239	1.63	1.35	17.88	6	1.42	1	2.84	16.94	17.88	17.00	400.10	390.02	7.748	9.693	29.28	36.63	499.4	1700	12	73.19	1.12	0.537	1.0	-0.22	2.74	1.00	0.00	0.16	111115
55	"10:54:44"	1016.0	0	7.74	0.09	239	1.64	1.35	17.88	6	1.42	1	2.84	16.94	17.88	17.00	400.08	390.01	7.748	9.694	29.28	36.63	499.4	1700	12	73.19	1.12	0.537	1.0	-0.22	2.74	1.00	0.00	0.16	111115
56	"10:54:44"	1016.5	0	7.71	0.0901	240	1.64	1.35	17.88	6	1.42	1	2.84	16.94	17.88	17.00	400.06	390.03	7.748	9.696	29.28	36.64	499.4	1700	12	73.19	1.12	0.537	1.0	-0.22	2.74	1.00	0.00	0.16	111115
57	"10:54:45"	1017.0	0	7.67	0.0901	241	1.64	1.35	17.88	6	1.42	1	2.84	16.94	17.88	17.00	400.03	390.05	7.748	9.697	29.28	36.64	499.4	1700	12	73.19	1.12	0.537	1.0	-0.22	2.74	1.00	0.00	0.16	111115
58	"10:54:45"	1017.5	0	7.64	0.0901	241	1.64	1.35	17.89	6	1.42	1	2.84	16.94	17.89	17.00	400.03	390.08	7.748	9.698	29.28	36.64	499.4	1700	12	73.19	1.12	0.537	1.0	-0.22	2.74	1.00	0.00	0.16	111115
59	"10:54:46"	1018.0	0	7.64	0.0901	241	1.64	1.35	17.89	6	1.42	1	2.84	16.94	17.89	17.00	400.03	390.09	7.749	9.699	29.28	36.64	499.4	1700	12	73.19	1.12	0.537	1.0	-0.22	2.74	1.00	0.00	0.16	111115
60	"10:54:46"	1018.5	0	7.67	0.0901	241	1.64	1.35	17.89	6	1.42	1	2.84	16.94	17.89	17.00	400.03	390.05	7.749	9.699	29.28	36.64	499.4	1700	12	73.19	1.12	0.537	1.0	-0.22	2.74	1.00	0.00	0.16	111115
61	"10:54:47"	1019.0	0	7.64	0.0902	241	1.64	1.35	17.90	6	1.42	1	2.84	16.94	17.90	17.00	400.03	390.08	7.749	9.701	29.27	36.65	499.4	1700	12	73.19	1.12	0.537	1.0	-0.22	2.74	1.00	0.00	0.16	111115
62	"11:04:42"	1614.0	0	6.31	0.0637	217	1.49	1.71	21.85	6	1.42	1	2.84	21.74	21.85	22.06	398.83	390.55	10.844	12.609	30.39	35.34	499.4	1699	9	73.19	1.13	0.564	1.0	-0.22	2.74	1.00	0.00	0.16	111115
63	"11:04:42"	1614.5	0	6.39	0.0637	215	1.49	1.71	21.85	6	1.42	1	2.84	21.74	21.85	22.06	399.01	390.63	10.846	12.611	30.39	35.34	499.4	1699	9	73.19	1.13	0.564	1.0	-0.22	2.74	1.00	0.00	0.16	111115
64	"11:04:43"	1615.0	0	6.48	0.0637	213	1.49	1.71	21.85	6	1.42	1	2.84	21.74	21.85	22.06	399.20	390.71	10.845	12.611	30.39	35.34	499.4	1699	9	73.19	1.13	0.564	1.0	-0.22	2.74	1.00	0.00	0.16	111115
65	"11:04:43"	1615.5	0	6.56	0.0637	211	1.49	1.71	21.84	6	1.42	1	2.84	21.74	21.84	22.06	399.40	390.82	10.845	12.610	30.39	35.34	499.4	1699	9	73.19	1.13	0.564	0.7	-0.22	2.74	1.00	0.00	0.16	111115
66	"11:04:44"	1616.5	0	6.7	0.0637	208	1.49	1.71	21.84	6	1.42	1	2.84	21.74	21.84	22.06	399.79	391.04	10.844	12.609	30.39	35.33	499.4	1699	9	73.19	1.13	0.564	0.7	-0.22	2.74	1.00	0.00	0.16	111115
67	"11:04:44"	1617.0	0	6.76	0.0637	207	1.49	1.7	21.84	6	1.42	1	2.84	21.74	21.84	22.06	399.96	391.14	10.844	12.609	30.39	35.33	499.4	1699	9	73.19	1.13	0.564	0.7	-0.22	2.74	1.00	0.00	0.16	111115
68	"11:04:45"	1617.5	0	6.82	0.0637	205	1.49	1.7	21.84	6	1.42	1	2.84	21.74	21.84	22.06	400.10	391.20	10.845	12.609	30.39	35.33	499.4	1699	9	73.19	1.13	0.564	0.7	-0.22	2.74	1.00	0.00	0.16	111115
69	"11:04:46"	1618.5	0	6.8	0.0635	206	1.48	1.71	21.84	6	1.42	1	2.84	21.74	21.84	22.06	400.26	391.39	10.843	12.605	30.38	35.32	499.4	1699	9	73.19	1.13	0.564	0.7	-0.22	2.74	1.00	0.00	0.16	111115
70	"11:04:46"	1619.0	0	6.78	0.0635	206	1.48	1.71	21.84	6	1.42	1	2.84	21.74	21.84	22.06	400.32	391.47	10.844	12.605	30.38	35.32	499.4	1699	9	73.19	1.13	0.564	0.7	-0.22	2.74	1.00	0.00	0.16	111115
71	"11:04:47"	1619.5	0	6.74	0.0635	207	1.48	1.71	21.85	6	1.42	1	2.84	21.74	21.85	22.06	400.37	391.57	10.844	12.604	30.38	35.32	499.4	1699	9	73.19	1.13	0.564	0.7	-0.22	2.74	1.00	0.00	0.16	111115
72	"11:05:10"	1642.5	0	6.12	0.0621	220	1.46	1.71	21.88	6	1.42	1	2.84	21.75	21.88	22.06	400.36	392.32	10.854	12.583	30.39	35.23	499.3	1699	9	73.19	1.13	0.564	1.0	-0.22	2.74	1.00	0.00	0.16	111115
73	"11:05:10"	1643.0	0	6.1	0.0621	220	1.46	1.71	21.88	6	1.42	1	2.84	21.75	21.88	22.06	400.37	392.35	10.855	12.583	30.40	35.24	499.3	1699	9	73.19	1.13	0.564	1.0	-0.22	2.74	1.00	0.00	0.16	111115
74	"11:05:11"	1643.0	0	6.1	0.0621	220	1.46	1.71	21.88	6	1.42	1	2.84	21.75	21.88	22.06	400.37	392.35	10.855	12.583	30.40	35.24	499.3	1699	9	73.19	1.13	0.564	1.0	-0.22	2.74	1.00	0.00	0.16	111115
75	"11:05:11"	1644.0	0	6.11	0.062	220	1.45	1.71	21.88	6	1.42	1	2.84	21.75	21.88	22.06	400.38	392.36	10.857	12.582	30.40	35.23	499.4	1699	9	73.19	1.13	0.564	1.0	-0.22	2.74	1.00	0.00	0.16	111115
76	"11:05:12"	1644.5	0	6.12	0.0619	220	1.45	1.71	21.88	6	1.42	1	2.84	21.75	21.88	22.06	400.39	392.35	10.857	12.582	30.40	35.23	499.4	1699	9	73.19	1.13	0.564	1.0	-0.22	2.74	1.00	0.00	0.16	111115
77	"11:05:12"	1645.0	0	6.1	0.0618	220	1.45	1.71	21.88	6	1.42	1	2.84	21.75	21.88	22.06	400.36	392.35	10.859	12.581	30.40	35.23	499.4	1699	9	73.19	1.13	0.564	1.0	-0.22	2.74	1.00	0.00	0.16	111115
78	"11:05:13"	1645.0	0	6.1	0.0618	220	1.45	1.71	21.88	6	1.42	1	2.84	21.75	21.88	22.06	400.36	392.35	10.859	12.581	30.40	35.23	499.4	1699	9	73.19	1.13	0.564	1.0	-0.22	2.74	1.00	0.00	0.16	111115
79	"11:05:13"	1645.5	0	6.09	0.0618	220	1.45	1.71	21.88	6	1.42	1	2.84	21.75	21.88	22.06	400.34	392.34	10.859	12.581	30.40	35.23	499.4	1699	9	73.19	1.13	0.564	1.0	-0.22	2.74	1.00	0.00	0.16	111115
80	"11:05:14"	1646.5	0	6.08	0.0618	220	1.45	1.71	21.89	6	1.42	1	2.84	21.75	21.89	22.06	400.34	392.36	10.860	12.583	30.41	35.23	499.4	1699	9	73.19	1.13	0.564	1.0	-0.22	2.74	1.00	0.00	0.16	111115
81	"11:05:14"	1647.0	0	6.09	0.0618	220	1.45	1.71	21.89	6	1.42	1	2.84	21.76	21.89	22.06	400.36	392.35	10.861	12.582	30.41	35.23	499.4	1699	9	73.19	1.13	0.564	1.0	-0.22	2.74	1.00	0.00	0.16	111115
82	"11:05:15"	1647.5	0	6.11	0.0617	219	1.45	1.71	21.89	6	1.42	1	2.84	21.76	21.89	22.06	400.37	392.35	10.860	12.581	30.41	35.22	499.4	1699	9	73.19	1.13	0.564	1.0	-0.22	2.74	1.00	0.00	0.16	111115
83	"11:05:16"	1648.0	0	6.11	0.0617	219	1.45	1.72	21.89	6	1.42	1	2.84	21.75	21.89	22.06	400.38	392.35	10.861	12.581	30.41	35.22	499.4	1699	9	73.19	1.13	0.564	1.0	-0.22	2.74	1.00	0.00	0.16	111115
84	"11:05:16"	1648.0	0	6.11	0.0617	219	1.45	1.72	21.89	6	1.42	1	2.84	21.75	21.89	22.06	400.38	392.35	10.861	12.581	30.41	35.22	499.4	1699	9	73.19	1.13	0.564	1.0	-0.22	2.74	1.00	0.00	0.16	111115
85	"11:05:17"	1648.5	0	6.1	0.0616	219	1.45	1.72	21.89	6	1.42	1	2.84	21.75	21.89	22.06	400.40	392.38	10.861	12.578	30.41	35.22	499.4	1699	9	73.19	1.13	0.564	1.0	-0.22	2.74	1.00	0.00	0.16	111115
86	"11:05:17"	1649.0	0	6.11	0.0616	219	1.45	1.72	21.89	6	1.42	1	2.84	21.76	21.89	22.06	400.45	392.42	10.862	12.579	30.41	35.22	499.4	1699	9	73.19	1.13	0.564	1.0	-0.22	2.74	1.00	0.00	0.16	111115
87	"11:12:29"	2081.5	0	5.16	0.0486	205	1.38	2.06	24.86	6	1.42	1	2.84	26.17	24.86	27.13	400.64	390.86	12.602	14.939	27.05	32.07	350.0	1700	9	73.19	0.865	0.558	1.0	-0.22	2.74	1.00	0.00	0.16	111115
88	"11:12:29"	2082.0	0	5.16	0.0485	205	1.38	2.06	24.85	6	1.42	1	2.84	26.17	24.85	27.13	400.62	390.84	12.602	14.937	27.05	32.07	349.9	1700	9	73.19	0.865	0.558	1.0	-0.22	2.74	1.00	0.00	0.16	111115
89	"11:12:30"	2082.0	0	5.16	0.0485	205	1.38	2.06	24.85	6	1.42	1	2.84	26.17	24.85	27.13	400.62	390.84	12.602	14.937	27.05	32.07	349.9	1700	9	73.19	0.865	0.558	1.0	-0.22	2.74	1.00	0.00	0.16	111115
90	"11:12:30"	2082.5	0	5.16	0.0485	204	1.38	2.06	24.85	6	1.42	1	2.84	26.18	24.85	27.13	400.61	390.84	12.602	14.936	27.05	32.06	349.9	1700	9	73.19	0.865	0.558	1.0	-0.22	2.74	1.00	0.00	0.16	111115
91	"11:12:31"	2083.0	0	5.18	0.0485	204	1.38	2.06	24.85	6	1.42	1	2.84	26.18	24.85	27.13	400.64	390.84	12.602	14.936	27.05	32.06	350.0	1700	9	73.19	0.865	0.558	1.0	-0.22	2.74	1.00	0.00	0.16	111115
92	"11:12:31"	2083.5	0	5.19	0.0485	203	1.38	2.06	24.85	6	1.42	1	2.84	26.18	24.85	27.13	400.68	390.85	12.602	14.934	27.05	32.06	350.0	1700	9	73.19	0.865	0.558	1.0	-0.22	2.74	1.00	0.00	0.16	111115
93	"11:12:32"	2084.0	0	5.2	0.0485	203	1.38	2.06	24.85	6	1.42	1	2.84	26.18	24.85	27.13	400.71	390.87	12.603	14.933	27.05	32.05	350.0	1700	9	73.19	0.865	0.558	1.0	-0.22	2.74	1.00	0.00	0.16	111115
94	"11:12:32"	2084.5	0	5.22	0.0483	202	1.38	2.06	24.85	6	1.42	1	2.84	26.18	24.85	27.13	400.74	390.87	12.603	14.929	27.05	32.04	350.0	1700	10	73.19	0.865	0.558	1.0	-0.22	2.74	1.00	0.00	0.16	111115
95	"11:12:33"	2085.0	0	5.24	0.0484	201	1.38	2.06	24.85	6	1.42	1	2.84	26.18	24.85	27.13	400.74	390.83	12.604	14.930	27.05	32.05	350.0	1700	9	73.19	0.865	0.558	1.0	-0.22	2.74	1.00	0.00	0.16	111115
96	"11:12:33"	2085.5	0	5.22	0.0483	202	1.38	2.06	24.85	6	1.42	1	2.84	26.18	24.85	27.13	400.73	390.86	12.604	14.929	27.05	32.04	350.0	1700	9	73.19	0.865	0.558	1.0	-0.22	2.74	1.00	0.00	0.16	111115
97	"11:12:34"	2086.0	0	5.22	0.0483	202	1.38	2.06	24.85	6	1.42	1	2.84	26.18	24.85	27.13	400.75	390.88	12.605	14.928	27.05	32.04	350.0	1700	10	73.19	0.865	0.558	1.0	-0.22	2.74	1.00	0.00	0.16	111115
98	"11:12:34"	2086.5	0	5.24	0.0483	201	1.38	2.06	24.85	6	1.42	1	2.84	26.18	24.85	27.13	400.77	390.86	12.605	14.928	27.05	32.04	350.0	1700	10	73.19	0.865	0.558	1.0	-0.22	2.74	1.00	0.00	0.16	111115
99	"11:12:35"	2087.0	0	5.24	0.0483	201	1.38	2.06	24.85	6	1.42	1	2.84	26.18	24.85	27.13	400.75	390.84	12.604	14.928	27.05	32.04	350.0	1700	10	73.19	0.865	0.558	1.0	-0.22	2.74	1.00	0.00	0.16	111115
100	"11:12:35"	2087.5	0	5.24	0.0483	201	1.38	2.06	24.85	6	1.42	1	2.84	26.18	24.85	27.13	400.74	390.83	12.604	14.929	27.05	32.04	350.0	1700	10	73.19	0.865	0.558	1.0	-0.22	2.74	1.00	0.00	0.16	111115
101	"11:12:36"	2088.0	0	5.24	0.0484	201	1.38	2.06	24.85	6	1.42	1	2.84	26.18	24.85	27.13	400.74	390.84	12.604	14.930	27.05	32.04	350.0	1700	9	73.19	0.865	0.558	1.0	-0.22	2.74	1.00	0.00	0.16	111115
102	"11:21:41"	2633.0	0	3.51	0.0307	186	1.18	2.75	28.67	6	1.42	1	2.84	30.75	28.67	31.99	400.52	388.57	12.905	16.400	21.23	26.98	199.4	1701	10	73.18	0.731	0.539	1.0	-0.22	2.74	1.00	0.00	0.16	111115
103	"11:21:42"	2633.5	0	3.51	0.0307	186	1.18	2.75	28.67	6	1.42	1	2.84	30.75	28.67	31.99	400.52	388.58	12.907	16.401	21.23	26.98	199.4	1701	10	73.18	0.731	0.539	1.0	-0.22	2.74	1.00	0.00	0.16	111115
104	"11:21:42"	2634.0	0	3.51	0.0307	186	1.18	2.75	28.67	6	1.42	1	2.84	30.75	28.67	31.99	400.53	388.59	12.908	16.402	21.23	26.98	199.4	1701	10	73.18	0.731	0.539	1.0	-0.22	2.74	1.00	0.00	0.16	111115
105	"11:21:43"	2634.5	0	3.5	0.0307	187	1.18	2.75	28.67	6	1.42	1	2.84	30.75	28.67	31.99	400.54	388.63	12.909	16.404	21.24	26.98	199.4	1701	10	73.18	0.731	0.539	1.0	-0.22	2.74	1.00	0.00	0.16	111115
106	"11:21:43"	2635.0	0	3.49	0.0307	187	1.18	2.75	28.67	6	1.42	1	2.84	30.75	28.67	31.99	400.53	388.64	12.909	16.404	21.24	26.99	199.5	1701	10	73.18	0.731	0.539	1.0	-0.22	2.74	1.00	0.00	0.16	111115
107	"11:21:44"	2635.5	0	3.5	0.0307	187	1.18	2.75	28.67	6	1.42	1	2.84	30.75	28.67	31.99	400.55	388.65	12.909	16.405	21.24	26.99	199.5	1701	10	73.18	0.731	0.539	1.0	-0.22	2.74	1.00	0.00	0.16	111115
108	"11:21:44"	2636.0	0	3.51	0.0307	187	1.18	2.74	28.67	6	1.42	1	2.84	30.75	28.67	31.99	400.56	388.63	12.910	16.408	21.24	26.99	199.4	1701	10	73.18	0.731	0.539	1.0	-0.22	2.74	1.00	0.00	0.16	111115
109	"11:21:45"	2636.5	0	3.51	0.0308	186	1.18	2.74	28.67	6	1.42	1	2.84	30.75	28.67	31.99	400.57	388.61	12.910	16.410	21.24	26.99	199.4	1701	10	73.18	0.731	0.539	1.0	-0.22	2.74	1.00	0.00	0.16	111115
110	"11:21:45"	2637.0	0	3.52	0.0308	186	1.18	2.74	28.67	6	1.42	1	2.84	30.75	28.67	31.99	400.59	388.62	12.910	16.413	21.24	27.00	199.5	1701	10	73.18	0.731	0.539	1.0	-0.22	2.74	1.00	0.00	0.16	111115
111	"11:21:46"	2637.5	0	3.52	0.0308	186	1.18	2.74	28.66	6	1.42	1	2.84	30.75	28.66	31.99	400.59	388.61	12.909	16.415	21.24	27.00	199.5	1701	10	73.18	0.731	0.539	1.0	-0.22	2.74	1.00	0.00	0.16	111115
112	"11:21:46"	2638.0	0	3.53	0.0309	186	1.19	2.74	28.66	6	1.42	1	2.84	30.75	28.66	31.99	400.60	388.60	12.909	16.418	21.24	27.01	199.5	1701	10	73.18	0.731	0.539	1.0	-0.22	2.74	1.00	0.00	0.16	111115
113	"11:21:47"	2638.5	0	3.55	0.0309	185	1.19	2.74	28.66	6	1.42	1	2.84	30.75	28.66	31.99	400.59	388.54	12.908	16.421	21.23	27.01	199.5	1701	10	73.18	0.731	0.539	1.0	-0.22	2.74	1.00	0.00	0.16	111115
114	"11:21:47"	2638.5	0	3.55	0.0309	185	1.19	2.74	28.66	6	1.42	1	2.84	30.75	28.66	31.99	400.59	388.54	12.908	16.421	21.23	27.01	199.5	1701	10	73.18	0.731	0.539	1.0	-0.22	2.74	1.00	0.00	0.16	111115
115	"11:21:47"	2639.0	0	3.55	0.0309	185	1.19	2.74	28.66	6	1.42	1	2.84	30.75	28.66	31.99	400.62	388.55	12.908	16.423	21.23	27.02	199.5	1701	10	73.18	0.731	0.539	1.0	-0.22	2.74	1.00	0.00	0.16	111115
116	"11:21:48"	2639.5	0	3.56	0.0309	185	1.19	2.74	28.66	6	1.42	1	2.84	30.75	28.66	31.99	400.62	388.53	12.909	16.424	21.24	27.02	199.5	1701	10	73.18	0.731	0.539	1.0	-0.22	2.74	1.00	0.00	0.16	111115
117	"11:27:33"	2985.5	0	2.31	0.0217	197	1.07	3.48	31.60	6	1.42	1	2.84	35.29	31.60	37.06	400.20	391.98	13.015	16.180	16.59	20.63	199.4	1700	10	73.18	0.244	0.522	1.0	-0.22	2.74	1.00	0.00	0.16	111115
118	"11:27:34"	2986.0	0	2.31	0.0217	198	1.07	3.48	31.60	6	1.42	1	2.84	35.29	31.60	37.06	400.17	391.98	13.015	16.181	16.59	20.63	199.4	1700	10	73.18	0.244	0.522	1.0	-0.22	2.74	1.00	0.00	0.16	111115
119	"11:27:34"	2986.0	0	2.31	0.0217	198	1.07	3.48	31.60	6	1.42	1	2.84	35.29	31.60	37.06	400.17	391.98	13.015	16.181	16.59	20.63	199.4	1700	10	73.18	0.244	0.522	1.0	-0.22	2.74	1.00	0.00	0.16	111115
120	"11:27:35"	2986.5	0	2.31	0.0217	198	1.07	3.48	31.60	6	1.42	1	2.84	35.29	31.60	37.06	400.17	391.96	13.015	16.183	16.59	20.63	199.4	1700	10	73.18	0.244	0.522	1.0	-0.22	2.74	1.00	0.00	0.16	111115
121	"11:27:35"	2987.0	0	2.3	0.0217	198	1.07	3.48	31.60	6	1.42	1	2.84	35.29	31.60	37.06	400.14	391.95	13.015	16.183	16.59	20.63	199.4	1700	10	73.18	0.244	0.522	1.0	-0.22	2.74	1.00	0.00	0.16	111115
122	"11:27:36"	2987.5	0	2.3	0.0217	198	1.07	3.48	31.60	6	1.42	1	2.84	35.29	31.60	37.06	400.14	391.96	13.016	16.182	16.59	20.63	199.4	1700	10	73.18	0.244	0.522	1.0	-0.22	2.74	1.00	0.00	0.16	111115
123	"11:27:36"	2988.0	0	2.3	0.0217	198	1.07	3.48	31.59	6	1.42	1	2.84	35.30	31.59	37.06	400.16	391.97	13.017	16.182	16.59	20.62	199.4	1700	10	73.18	0.244	0.522	1.0	-0.22	2.74	1.00	0.00	0.16	111115
124	"11:27:37"	2988.5	0	2.31	0.0217	198	1.07	3.48	31.59	6	1.42	1	2.84	35.30	31.59	37.06	400.17	391.97	13.018	16.184	16.59	20.63	199.4	1700	10	73.18	0.244	0.522	1.0	-0.22	2.74	1.00	0.00	0.16	111115
125	"11:27:37"	2989.0	0	2.32	0.0217	197	1.07	3.48	31.59	6	1.42	1	2.84	35.30	31.59	37.06	400.17	391.94	13.017	16.182	16.59	20.62	199.4	1700	10	73.17	0.244	0.522	1.0	-0.22	2.74	1.00	0.00	0.16	111115
126	"11:27:38"	2989.5	0	2.32	0.0217	197	1.07	3.48	31.59	6	1.42	1	2.84	35.30	31.59	37.06	400.19	391.96	13.017	16.182	16.59	20.62	199.4	1700	10	73.17	0.244	0.522	1.0	-0.22	2.74	1.00	0.00	0.16	111115
127	"11:27:38"	2990.0	0	2.32	0.0217	196	1.07	3.48	31.59	6	1.42	1	2.84	35.30	31.59	37.06	400.20	391.95	13.018	16.182	16.59	20.62	199.4	1700	10	73.18	0.244	0.522	1.0	-0.22	2.74	1.00	0.00	0.16	111115
128	"11:27:39"	2990.5	0	2.33	0.0217	196	1.07	3.48	31.59	6	1.42	1	2.84	35.30	31.59	37.06	400.20	391.94	13.018	16.181	16.59	20.62	199.4	1700	10	73.18	0.244	0.522	1.0	-0.22	2.74	1.00	0.00	0.16	111115
129	"11:27:39"	2991.0	0	2.33	0.0217	196	1.07	3.48	31.59	6	1.42	1	2.84	35.30	31.59	37.06	400.21	391.93	13.018	16.180	16.59	20.62	199.4	1700	10	73.18	0.244	0.522	1.0	-0.22	2.74	1.00	0.00	0.16	111115
130	"11:27:40"	2991.5	0	2.33	0.0217	196	1.07	3.48	31.59	6	1.42	1	2.84	35.30	31.59	37.06	400.22	391.94	13.017	16.180	16.59	20.62	199.4	1700	10	73.18	0.244	0.522	1.0	-0.22	2.74	1.00	0.00	0.16	111115
131	"11:27:40"	2992.0	0	2.32	0.0217	196	1.07	3.48	31.59	6	1.42	1	2.84	35.30	31.59	37.06	400.18	391.93	13.017	16.178	16.59	20.62	199.4	1700	10	73.18	0.244	0.522	1.0	-0.22	2.74	1.00	0.00	0.16	111115
132	"11:33:18"	3330.5	0	1.89	0.0193	206	1.18	4.27	34.47	6	1.42	1	2.84	39.69	34.47	41.93	399.83	392.74	13.105	16.584	13.15	16.65	199.3	1699	9	73.17	0.182	0.499	1.0	-0.22	2.74	1.00	0.00	0.16	111115
133	"11:33:19"	3331.0	0	1.9	0.0193	206	1.18	4.27	34.47	6	1.42	1	2.84	39.69	34.47	41.93	399.82	392.73	13.106	16.584	13.15	16.65	199.3	1699	9	73.17	0.182	0.499	1.0	-0.22	2.74	1.00	0.00	0.16	111115
134	"11:33:19"	3331.5	0	1.89	0.0193	206	1.17	4.27	34.47	6	1.42	1	2.84	39.69	34.47	41.93	399.83	392.75	13.105	16.583	13.15	16.64	199.3	1699	9	73.17	0.182	0.499	1.0	-0.22	2.74	1.00	0.00	0.16	111115
135	"11:33:20"	3332.0	0	1.91	0.0193	205	1.17	4.27	34.47	6	1.42	1	2.84	39.69	34.47	41.93	399.85	392.72	13.106	16.582	13.15	16.64	199.3	1699	9	73.17	0.182	0.499	1.0	-0.22	2.74	1.00	0.00	0.16	111115
136	"11:33:20"	3332.0	0	1.91	0.0193	205	1.17	4.27	34.47	6	1.42	1	2.84	39.69	34.47	41.93	399.85	392.72	13.106	16.582	13.15	16.64	199.3	1699	9	73.17	0.182	0.499	1.0	-0.22	2.74	1.00	0.00	0.16	111115
137	"11:33:21"	3332.5	0	1.91	0.0193	205	1.17	4.27	34.47	6	1.42	1	2.84	39.69	34.47	41.93	399.83	392.71	13.107	16.580	13.15	16.64	199.4	1699	9	73.17	0.182	0.499	1.0	-0.22	2.74	1.00	0.00	0.16	111115
138	"11:33:21"	3333.0	0	1.92	0.0193	204	1.17	4.27	34.48	6	1.42	1	2.84	39.69	34.48	41.93	399.85	392.69	13.107	16.579	13.15	16.64	199.4	1699	9	73.17	0.182	0.499	1.0	-0.22	2.74	1.00	0.00	0.16	111115
139	"11:33:22"	3333.5	0	1.93	0.0193	203	1.17	4.27	34.47	6	1.42	1	2.84	39.69	34.47	41.93	399.89	392.70	13.108	16.578	13.15	16.64	199.4	1699	9	73.17	0.182	0.499	1.0	-0.22	2.74	1.00	0.00	0.16	111115
140	"11:33:22"	3333.5	0	1.93	0.0193	203	1.17	4.27	34.47	6	1.42	1	2.84	39.69	34.47	41.93	399.89	392.70	13.108	16.578	13.15	16.64	199.4	1699	9	73.17	0.182	0.499	1.0	-0.22	2.74	1.00	0.00	0.16	111115
141	"11:33:23"	3334.0	0	1.93	0.0193	202	1.17	4.27	34.47	6	1.42	1	2.84	39.69	34.47	41.93	399.91	392.71	13.107	16.578	13.15	16.64	199.4	1699	9	73.17	0.182	0.499	1.0	-0.22	2.74	1.00	0.00	0.16	111115
142	"11:33:23"	3334.5	0	1.94	0.0193	202	1.17	4.27	34.48	6	1.42	1	2.84	39.69	34.48	41.93	399.92	392.69	13.109	16.579	13.15	16.64	199.4	1699	9	73.17	0.182	0.499	1.0	-0.22	2.74	1.00	0.00	0.16	111115
143	"11:33:24"	3335.0	0	1.95	0.0193	201	1.17	4.28	34.48	6	1.42	1	2.84	39.69	34.48	41.93	399.95	392.69	13.109	16.579	13.15	16.64	199.4	1699	9	73.17	0.182	0.499	1.0	-0.22	2.74	1.00	0.00	0.16	111115
144	"11:33:24"	3335.5	0	1.96	0.0193	200	1.17	4.28	34.49	6	1.42	1	2.84	39.69	34.49	41.93	399.93	392.66	13.109	16.580	13.15	16.64	199.4	1699	9	73.17	0.182	0.499	1.0	-0.22	2.74	1.00	0.00	0.16	111115
145	"11:33:25"	3336.0	0	1.95	0.0193	201	1.17	4.28	34.49	6	1.42	1	2.84	39.69	34.49	41.93	399.91	392.67	13.108	16.580	13.15	16.63	199.4	1699	9	73.17	0.182	0.499	1.0	-0.22	2.74	1.00	0.00	0.16	111115
146	"11:33:25"	3336.5	0	1.95	0.0193	200	1.17	4.28	34.49	6	1.42	1	2.84	39.69	34.49	41.93	399.94	392.67	13.109	16.581	13.15	16.64	199.4	1699	9	73.17	0.182	0.499	1.0	-0.22	2.74	1.00	0.00	0.16	111115
