"OPEN 6.2.4"
"Wed Jun 22 2016 16:30:48"
<open><version>"6.2.4"</version></open>
<open><configfile>"/User/Configs/UserPrefs/2x3 LED.xml"</configfile></open>
<open><light><source>"6400-02 or -02B LED Source"</source><par_in>1<sensor>"SI-3781"<cal>-0.93<actinity>1.00</actinity><transm>1.00</transm></cal></sensor><transm>1</transm></par_in><par_out>1<sensor>"Q49599"<cal>7.26</cal></sensor></par_out></light></open>
<open><comps><file>"/User/Configs/Comps/StdComps_6.2"<header>""</header><extras></extras></file><energybal>no<f_parIn>1</f_parIn><f_parOut>0</f_parOut><alphaK>0.16</alphaK></energybal><bc_total>2.840<stomatal_ratio>1</stomatal_ratio><bc_oneside>1.420<type>2</type><table>"/Sys/Lib/StdBLCTable"</table><area>6</area><slope>-0.219565</slope><offset>2.73739</offset><fan>5</fan></bc_oneside></bc_total></comps></open>
<open><prompts><onlog>off</onlog><items>"Default (none)"</items></prompts></open>
<open><constants><oxygen>21 %</oxygen><bb_vapor>1.5</bb_vapor><bb_oxy>0.9</bb_oxy></constants></open>
<open><stability><items>"Std Stability"<items[1]><id>-2</id><size>15</size><pcv><onoff>0</onoff><value>1</value></pcv><std><onoff>0</onoff><value>1</value></std><slp><onoff>1</onoff><value>1</value></slp></items[1]><items[2]><id>-5</id><size>15</size><pcv><onoff>0</onoff><value>1</value></pcv><std><onoff>0</onoff><value>1</value></std><slp><onoff>1</onoff><value>1</value></slp></items[2]><items[3]><id>-7</id><size>15</size><pcv><onoff>0</onoff><value>1</value></pcv><std><onoff>0</onoff><value>1</value></std><slp><onoff>1</onoff><value>1</value></slp></items[3]></items></stability></open>
<open><log><format>"StdLogFmt_6.0"<items>{ -35 -21 -36 -76 30 23 36 21 25 221 -33 111 -34 11 -9 -10 -8 -1 -2 -4 -5 -14 -15 -7 -12 -13 -11 -65 -66 -72 -18 -19 -77 -78 -79 -23  }<hdr>{  }</hdr></items></format><options><beep>on</beep><hdr>normal</hdr><rem>normal</rem><stab>no</stab><stats>no<mean>no</mean><file>no</file><period>15</period></stats><excel>yes</excel><controls>yes</controls><comm>no</comm></options><datafile>"/User/062216-stm-bro1"</datafile><button><action>"Normal Log"<code>" LogOneObsManual "</code></action></button><autoprog>"/User/Configs/AutoProgs/AutoLog2"<active>no</active></autoprog></log></open>
<open><a2d><avgtime>4.0 secs</avgtime><userchans><ch20>"Off"</ch20><ch21>"Off"</ch21><ch22>"Off"</ch22><ch23>"Off"</ch23></userchans></a2d></open>
<open><matching><type>0</type><disp>'a'</disp><settings><CO2Limit>10.0</CO2Limit><H2OLimit>1.0</H2OLimit><MaxAutoTime>60</MaxAutoTime></settings></matching></open>
<li6400><factory><unit>"PSC-3840"</unit><serviced>"1 Jul 2013"</serviced><fuseaware>0</fuseaware><co2mixer>yes</co2mixer><co2><coeffs>{ 0 0.213319 2.22998e-05 2.13159e-08 -3.88664e-12 3.69888e-16  }</coeffs><dvdt>-4.7</dvdt><xs>{ 0.0009 -0.0002  }</xs></co2><h2o><coeffs>{ 0 0.00572751 2.23485e-06 -7.37877e-12  }</coeffs><dvdt>-1.7</dvdt><xs>{ 0.0009 -0.0028  }</xs></h2o><flow>{ 0 0.3568  }</flow><press>{ 88.437 0.00551  }</press></factory></li6400>
<li6400><user><flow_zero>-664.1</flow_zero><irga_zero><co2>429.7 390.6<at>17.6901</at></co2><h2o>78.1 156.2<at>17.1607</at></h2o></irga_zero><irga_span><co2>{ 0.99237 0.992833  }</co2><h2o>{ 1.00426 0.996799  }</h2o></irga_span><irga_match><co2>{ 0.368307 12.4087  }</co2><h2o>{ 0.00477181 0.019564  }</h2o></irga_match><co2_mixer><pump_mv>4500</pump_mv><ppm>{ 2938.24 1287.24 480.57 287.911 131.964 79.0122 54.4649 48.1774  }</ppm><mv>{ 5000 3000 1500 1000 500 300 200 100  }</mv></co2_mixer><parin_offset>0</parin_offset><led_cal><unit>"SI-3781"</unit><mv>{ 10 25 50 100 1000 2000 3000 4000 5000  }</mv><qntm>{ 4.69642 15.4417 35.4805 82.2863 972.665 1922.29 2824.32 3690.14 4518.2  }</qntm></led_cal><lcf_cal><unit>"unknown"</unit><red><mv>{ 50 100 500 1000 1500 5000  }</mv><qntm>{ 50 100 500 1000 2000 5000  }</qntm></red><blue><mv>{ 100 200 500 1000 2000 5000  }</mv><qntm>{ 10 20 50 100 200 500  }</qntm></blue></lcf_cal></user></li6400>
"16:30:49 "
$STARTOFDATA$
"Obs"	"HHMMSS"	"FTime"	"EBal?"	"Photo"	"Cond"	"Ci"	"Trmmol"	"VpdL"	"CTleaf"	"Area"	"BLC_1"	"StmRat"	"BLCond"	"Tair"	"Tleaf"	"TBlk"	"CO2R"	"CO2S"	"H2OR"	"H2OS"	"RH_R"	"RH_S"	"Flow"	"PARi"	"PARo"	"Press"	"CsMch"	"HsMch"	"StableF"	"BLCslope"	"BLCoffst"	"f_parin"	"f_parout"	"alphaK"	"Status"
"16:31:10 Flow: Fixed -> 200 umol/s"
"16:37:45 Flow: Fixed -> 200 umol/s"
"16:40:23 Coolers: Tblock -> 15.00 C"
"16:52:01 Flow: Fixed -> 500 umol/s"
"16:54:57 Flow: Fixed -> 200 umol/s"
"16:56:13 Coolers: Tblock -> 0.00 C"
"17:10:33 Lamp: ParIn ->  1700 uml"
"17:10:33 CO2 Mixer: CO2R -> 400 uml"
"17:10:33 Coolers: Tblock -> 0.00 C"
"17:10:33 Flow: Fixed -> 200 umol/s"
"17:13:11 Flow: Fixed -> 200 umol/s"
1	"17:13:59"	2607.0	0	2.85	0.0959	334	1.15	0.893	8.82	6	1.42	1	2.84	2.71	8.82	0.04	399.90	390.03	-0.056	3.364	-0.55	32.96	200.2	1700	2	73.03	12.4	0.0632	1.0	-0.22	2.74	1.00	0.00	0.16	111115
2	"17:14:00"	2607.5	0	2.85	0.096	334	1.15	0.892	8.81	6	1.42	1	2.84	2.71	8.81	0.04	399.89	390.02	-0.056	3.365	-0.55	32.96	200.2	1700	2	73.03	12.4	0.0632	1.0	-0.22	2.74	1.00	0.00	0.16	111115
3	"17:14:00"	2608.0	0	2.85	0.0961	334	1.15	0.892	8.81	6	1.42	1	2.84	2.71	8.81	0.04	399.91	390.02	-0.057	3.365	-0.56	32.97	200.2	1700	2	73.03	12.4	0.0632	1.0	-0.22	2.74	1.00	0.00	0.16	111115
4	"17:14:01"	2608.5	0	2.83	0.096	334	1.15	0.892	8.82	6	1.42	1	2.84	2.71	8.82	0.04	399.90	390.07	-0.056	3.365	-0.54	32.96	200.2	1700	2	73.03	12.4	0.0632	1.0	-0.22	2.74	1.00	0.00	0.16	111115
5	"17:14:01"	2609.0	0	2.84	0.0959	334	1.15	0.893	8.82	6	1.42	1	2.84	2.71	8.82	0.04	399.90	390.06	-0.055	3.365	-0.54	32.96	200.2	1700	2	73.03	12.4	0.0632	1.0	-0.22	2.74	1.00	0.00	0.16	111115
6	"17:14:02"	2609.5	0	2.85	0.0959	334	1.15	0.893	8.83	6	1.42	1	2.84	2.71	8.83	0.04	399.93	390.05	-0.055	3.365	-0.54	32.97	200.2	1700	2	73.03	12.4	0.0632	1.0	-0.22	2.74	1.00	0.00	0.16	111115
7	"17:14:02"	2610.0	0	2.86	0.0959	334	1.15	0.893	8.82	6	1.42	1	2.84	2.71	8.82	0.04	399.95	390.06	-0.056	3.365	-0.54	32.97	200.2	1700	2	73.03	12.4	0.0632	1.0	-0.22	2.74	1.00	0.00	0.16	111115
8	"17:14:03"	2610.5	0	2.86	0.0959	334	1.15	0.893	8.83	6	1.42	1	2.84	2.71	8.83	0.04	399.94	390.05	-0.055	3.365	-0.54	32.96	200.2	1700	2	73.03	12.4	0.0632	1.0	-0.22	2.74	1.00	0.00	0.16	111115
9	"17:14:03"	2611.0	0	2.86	0.0959	334	1.15	0.894	8.83	6	1.42	1	2.84	2.71	8.83	0.04	399.95	390.04	-0.055	3.365	-0.54	32.97	200.3	1700	2	73.03	12.4	0.0632	1.0	-0.22	2.74	1.00	0.00	0.16	111115
10	"17:14:04"	2611.5	0	2.88	0.0959	333	1.15	0.894	8.83	6	1.42	1	2.84	2.71	8.83	0.04	399.99	390.03	-0.055	3.364	-0.54	32.96	200.3	1700	2	73.03	12.4	0.0632	1.0	-0.22	2.74	1.00	0.00	0.16	111115
11	"17:14:04"	2612.0	0	2.88	0.0959	333	1.15	0.893	8.83	6	1.42	1	2.84	2.71	8.83	0.04	399.99	390.03	-0.055	3.364	-0.54	32.96	200.3	1700	2	73.03	12.4	0.0632	1.0	-0.22	2.74	1.00	0.00	0.16	111115
12	"17:14:05"	2612.5	0	2.88	0.0958	333	1.15	0.894	8.83	6	1.42	1	2.84	2.71	8.83	0.04	399.99	390.03	-0.055	3.364	-0.54	32.96	200.3	1700	2	73.03	12.4	0.0632	1.0	-0.22	2.74	1.00	0.00	0.16	111115
13	"17:14:05"	2613.0	0	2.87	0.0958	334	1.15	0.894	8.83	6	1.42	1	2.84	2.71	8.83	0.04	399.97	390.04	-0.055	3.364	-0.54	32.96	200.3	1700	2	73.03	12.4	0.0632	1.0	-0.22	2.74	1.00	0.00	0.16	111115
14	"17:14:06"	2613.5	0	2.86	0.0958	334	1.14	0.894	8.83	6	1.42	1	2.84	2.71	8.83	0.04	399.95	390.06	-0.055	3.363	-0.54	32.96	200.3	1700	2	73.03	12.4	0.0632	1.0	-0.22	2.74	1.00	0.00	0.16	111115
15	"17:14:06"	2614.0	0	2.86	0.0957	334	1.14	0.895	8.84	6	1.42	1	2.84	2.71	8.84	0.04	399.97	390.06	-0.055	3.363	-0.54	32.96	200.3	1700	2	73.03	12.4	0.0632	1.0	-0.22	2.74	1.00	0.00	0.16	111115
"17:14:11 Coolers: Tblock -> 5.00 C"
"17:18:44 Flow: Fixed -> 200 umol/s"
"17:19:24 Lamp: ParIn ->  1700 uml"
"17:19:24 CO2 Mixer: CO2R -> 400 uml"
"17:19:24 Coolers: Tblock -> 5.00 C"
"17:19:24 Flow: Fixed -> 200 umol/s"
16	"17:19:27"	2935.0	0	3.52	0.0999	323	1.27	0.953	11.17	6	1.42	1	2.84	6.81	11.17	5.13	400.64	388.61	1.394	5.193	10.25	38.21	200.2	1699	2	73.04	11.9	0.0471	0.7	-0.22	2.74	1.00	0.00	0.16	111115
17	"17:19:34"	2941.5	0	3.24	0.0999	328	1.27	0.953	11.17	6	1.42	1	2.84	6.81	11.17	5.13	399.72	388.54	1.393	5.194	10.25	38.22	200.2	1699	2	73.04	11.9	0.0471	1.0	-0.22	2.74	1.00	0.00	0.16	111115
18	"17:19:34"	2942.0	0	3.24	0.0998	327	1.27	0.954	11.18	6	1.42	1	2.84	6.81	11.18	5.13	399.69	388.50	1.393	5.194	10.25	38.21	200.2	1699	2	73.04	11.9	0.0471	1.0	-0.22	2.74	1.00	0.00	0.16	111115
19	"17:19:35"	2942.5	0	3.25	0.0997	327	1.27	0.955	11.19	6	1.42	1	2.84	6.81	11.19	5.13	399.68	388.48	1.394	5.194	10.25	38.21	200.2	1699	2	73.04	11.9	0.0471	1.0	-0.22	2.74	1.00	0.00	0.16	111115
20	"17:19:35"	2943.0	0	3.25	0.0997	327	1.27	0.955	11.19	6	1.42	1	2.84	6.81	11.19	5.13	399.62	388.41	1.394	5.194	10.25	38.21	200.2	1699	2	73.04	11.9	0.0471	1.0	-0.22	2.74	1.00	0.00	0.16	111115
21	"17:19:36"	2943.5	0	3.24	0.0998	327	1.27	0.954	11.19	6	1.42	1	2.84	6.81	11.19	5.13	399.60	388.40	1.394	5.195	10.26	38.21	200.2	1699	2	73.04	11.9	0.0471	1.0	-0.22	2.74	1.00	0.00	0.16	111115
22	"17:19:36"	2944.0	0	3.24	0.0998	327	1.27	0.955	11.19	6	1.42	1	2.84	6.81	11.19	5.13	399.59	388.39	1.395	5.196	10.26	38.22	200.2	1699	2	73.04	11.9	0.0471	1.0	-0.22	2.74	1.00	0.00	0.16	111115
23	"17:19:36"	2944.5	0	3.24	0.0997	327	1.27	0.955	11.19	6	1.42	1	2.84	6.81	11.19	5.13	399.57	388.36	1.394	5.195	10.26	38.22	200.2	1699	2	73.04	11.9	0.0471	0.7	-0.22	2.74	1.00	0.00	0.16	111115
24	"17:20:19"	2987.0	0	3.57	0.0999	321	1.28	0.96	11.27	6	1.42	1	2.84	6.85	11.27	5.13	399.58	387.39	1.393	5.221	10.22	38.31	200.2	1699	2	73.04	11.9	0.0471	1.0	-0.22	2.74	1.00	0.00	0.16	111115
25	"17:20:20"	2987.5	0	3.57	0.0999	321	1.28	0.96	11.27	6	1.42	1	2.84	6.85	11.27	5.13	399.59	387.38	1.393	5.220	10.22	38.31	200.2	1699	2	73.03	11.9	0.0471	1.0	-0.22	2.74	1.00	0.00	0.16	111115
26	"17:20:20"	2987.5	0	3.57	0.0999	321	1.28	0.96	11.27	6	1.42	1	2.84	6.85	11.27	5.13	399.59	387.38	1.393	5.220	10.22	38.31	200.2	1699	2	73.03	11.9	0.0471	1.0	-0.22	2.74	1.00	0.00	0.16	111115
27	"17:20:20"	2988.0	0	3.59	0.1	321	1.28	0.959	11.26	6	1.42	1	2.84	6.85	11.26	5.13	399.62	387.37	1.393	5.221	10.22	38.31	200.2	1699	2	73.03	11.9	0.0471	1.0	-0.22	2.74	1.00	0.00	0.16	111115
28	"17:20:21"	2988.5	0	3.6	0.1	321	1.28	0.959	11.26	6	1.42	1	2.84	6.85	11.26	5.13	399.66	387.38	1.394	5.222	10.22	38.31	200.2	1699	2	73.03	11.9	0.0471	1.0	-0.22	2.74	1.00	0.00	0.16	111115
29	"17:20:22"	2989.0	0	3.59	0.1	321	1.28	0.959	11.26	6	1.42	1	2.84	6.85	11.26	5.13	399.64	387.39	1.393	5.222	10.22	38.31	200.2	1699	2	73.03	11.9	0.0471	1.0	-0.22	2.74	1.00	0.00	0.16	111115
30	"17:20:22"	2989.5	0	3.59	0.1	321	1.28	0.959	11.25	6	1.42	1	2.84	6.85	11.25	5.13	399.64	387.38	1.394	5.221	10.23	38.30	200.2	1699	2	73.04	11.9	0.0471	1.0	-0.22	2.74	1.00	0.00	0.16	111115
31	"17:20:23"	2990.0	0	3.59	0.1	321	1.28	0.959	11.26	6	1.42	1	2.84	6.85	11.26	5.13	399.64	387.38	1.395	5.223	10.23	38.31	200.2	1699	2	73.04	11.9	0.0471	1.0	-0.22	2.74	1.00	0.00	0.16	111115
32	"17:20:23"	2990.5	0	3.59	0.1	321	1.28	0.958	11.25	6	1.42	1	2.84	6.86	11.25	5.13	399.62	387.38	1.396	5.224	10.24	38.31	200.2	1699	2	73.04	11.9	0.0471	1.0	-0.22	2.74	1.00	0.00	0.16	111115
33	"17:20:24"	2991.0	0	3.59	0.1	321	1.28	0.958	11.25	6	1.42	1	2.84	6.86	11.25	5.13	399.62	387.38	1.396	5.224	10.24	38.31	200.2	1699	2	73.04	11.9	0.0471	1.0	-0.22	2.74	1.00	0.00	0.16	111115
34	"17:20:24"	2991.5	0	3.59	0.1	321	1.28	0.957	11.24	6	1.42	1	2.84	6.86	11.24	5.13	399.61	387.37	1.396	5.225	10.23	38.32	200.3	1699	2	73.04	11.9	0.0471	1.0	-0.22	2.74	1.00	0.00	0.16	111115
35	"17:20:25"	2992.0	0	3.58	0.1	321	1.28	0.957	11.24	6	1.42	1	2.84	6.86	11.24	5.13	399.61	387.39	1.396	5.225	10.24	38.32	200.3	1699	2	73.04	11.9	0.0471	1.0	-0.22	2.74	1.00	0.00	0.16	111115
36	"17:20:25"	2992.5	0	3.57	0.1	321	1.28	0.957	11.24	6	1.42	1	2.84	6.86	11.24	5.13	399.59	387.40	1.397	5.225	10.24	38.31	200.3	1699	2	73.04	11.9	0.0471	1.0	-0.22	2.74	1.00	0.00	0.16	111115
37	"17:20:26"	2993.0	0	3.59	0.1	321	1.28	0.958	11.25	6	1.42	1	2.84	6.86	11.25	5.13	399.60	387.36	1.397	5.226	10.24	38.32	200.3	1699	2	73.04	11.9	0.0471	1.0	-0.22	2.74	1.00	0.00	0.16	111115
38	"17:20:26"	2993.5	0	3.58	0.1	321	1.28	0.959	11.26	6	1.42	1	2.84	6.86	11.26	5.13	399.58	387.36	1.396	5.226	10.24	38.32	200.2	1699	2	73.04	11.9	0.0471	1.0	-0.22	2.74	1.00	0.00	0.16	111115
"17:20:39 Coolers: Tblock -> 10.00 C"
"17:25:31 Flow: Fixed -> 200 umol/s"
39	"17:25:55"	3322.5	0	4.13	0.0998	308	1.46	1.09	13.78	6	1.42	1	2.84	10.95	13.78	10.02	399.03	384.96	2.383	6.730	13.25	37.43	200.2	1701	2	73.03	11.8	0.0299	1.0	-0.22	2.74	1.00	0.00	0.16	111115
40	"17:25:55"	3323.0	0	4.12	0.0998	309	1.46	1.09	13.78	6	1.42	1	2.84	10.95	13.78	10.02	399.01	384.99	2.384	6.730	13.26	37.43	200.2	1701	2	73.03	11.8	0.0299	1.0	-0.22	2.74	1.00	0.00	0.16	111115
41	"17:25:56"	3323.5	0	4.13	0.0998	308	1.46	1.09	13.78	6	1.42	1	2.84	10.95	13.78	10.02	399.04	384.98	2.384	6.729	13.26	37.42	200.2	1701	2	73.04	11.8	0.0299	1.0	-0.22	2.74	1.00	0.00	0.16	111115
42	"17:25:56"	3324.0	0	4.12	0.0997	309	1.46	1.09	13.79	6	1.42	1	2.84	10.95	13.79	10.02	399.05	385.01	2.385	6.730	13.26	37.42	200.2	1701	2	73.04	11.8	0.0299	1.0	-0.22	2.74	1.00	0.00	0.16	111115
43	"17:25:57"	3324.5	0	4.13	0.0997	308	1.46	1.09	13.80	6	1.42	1	2.84	10.95	13.80	10.02	399.06	385.00	2.385	6.731	13.26	37.43	200.2	1701	2	73.03	11.8	0.0299	1.0	-0.22	2.74	1.00	0.00	0.16	111115
44	"17:25:57"	3325.0	0	4.14	0.0997	308	1.46	1.09	13.79	6	1.42	1	2.84	10.95	13.79	10.02	399.06	384.96	2.385	6.732	13.26	37.43	200.2	1701	2	73.03	11.8	0.0299	1.0	-0.22	2.74	1.00	0.00	0.16	111115
45	"17:25:58"	3325.5	0	4.14	0.0997	308	1.46	1.09	13.79	6	1.42	1	2.84	10.95	13.79	10.02	399.07	384.98	2.385	6.731	13.26	37.43	200.2	1701	2	73.03	11.8	0.0299	1.0	-0.22	2.74	1.00	0.00	0.16	111115
46	"17:25:58"	3326.0	0	4.16	0.0998	308	1.46	1.09	13.79	6	1.42	1	2.84	10.96	13.79	10.02	399.10	384.96	2.385	6.732	13.26	37.43	200.2	1701	2	73.03	11.8	0.0299	1.0	-0.22	2.74	1.00	0.00	0.16	111115
47	"17:25:59"	3326.5	0	4.17	0.0998	308	1.46	1.09	13.79	6	1.42	1	2.84	10.96	13.79	10.02	399.14	384.96	2.386	6.733	13.27	37.43	200.2	1701	2	73.03	11.8	0.0299	1.0	-0.22	2.74	1.00	0.00	0.16	111115
48	"17:25:59"	3327.0	0	4.18	0.0998	308	1.46	1.09	13.79	6	1.42	1	2.84	10.96	13.79	10.02	399.15	384.95	2.386	6.733	13.27	37.43	200.2	1701	2	73.03	11.8	0.0299	1.0	-0.22	2.74	1.00	0.00	0.16	111115
49	"17:26:00"	3327.5	0	4.16	0.0998	308	1.46	1.09	13.79	6	1.42	1	2.84	10.96	13.79	10.02	399.15	384.98	2.387	6.732	13.27	37.43	200.2	1701	2	73.03	11.8	0.0299	1.0	-0.22	2.74	1.00	0.00	0.16	111115
50	"17:26:00"	3328.0	0	4.17	0.0998	308	1.46	1.09	13.78	6	1.42	1	2.84	10.96	13.78	10.02	399.14	384.98	2.387	6.731	13.27	37.42	200.3	1701	2	73.03	11.8	0.0299	1.0	-0.22	2.74	1.00	0.00	0.16	111115
51	"17:26:01"	3328.5	0	4.18	0.0997	308	1.46	1.09	13.79	6	1.42	1	2.84	10.96	13.79	10.02	399.17	384.97	2.387	6.730	13.27	37.41	200.3	1701	2	73.03	11.8	0.0299	1.0	-0.22	2.74	1.00	0.00	0.16	111115
52	"17:26:01"	3329.0	0	4.17	0.0997	308	1.46	1.09	13.79	6	1.42	1	2.84	10.96	13.79	10.02	399.17	385.00	2.387	6.730	13.27	37.41	200.3	1701	2	73.03	11.8	0.0299	1.0	-0.22	2.74	1.00	0.00	0.16	111115
53	"17:26:02"	3329.5	0	4.16	0.0997	308	1.46	1.09	13.79	6	1.42	1	2.84	10.96	13.79	10.02	399.14	384.98	2.387	6.730	13.27	37.41	200.3	1701	2	73.03	11.8	0.0299	1.0	-0.22	2.74	1.00	0.00	0.16	111115
"17:26:16 Coolers: Tblock -> 15.00 C"
"17:30:26 Flow: Fixed -> 200 umol/s"
"17:31:56 Flow: Fixed -> 200 umol/s"
54	"17:32:07"	3696.0	0	4.65	0.0873	287	1.51	1.28	16.73	6	1.42	1	2.84	15.43	16.73	15.10	400.05	384.36	4.227	8.704	17.55	36.13	200.2	1699	2	73.04	12	0.00417	1.0	-0.22	2.74	1.00	0.00	0.16	111115
55	"17:32:08"	3696.0	0	4.65	0.0873	287	1.51	1.28	16.73	6	1.42	1	2.84	15.43	16.73	15.10	400.05	384.36	4.227	8.704	17.55	36.13	200.2	1699	2	73.04	12	0.00417	1.0	-0.22	2.74	1.00	0.00	0.16	111115
56	"17:32:08"	3696.5	0	4.67	0.0874	287	1.51	1.28	16.73	6	1.42	1	2.84	15.43	16.73	15.10	400.05	384.32	4.227	8.704	17.55	36.13	200.2	1699	2	73.04	12	0.00417	1.0	-0.22	2.74	1.00	0.00	0.16	111115
57	"17:32:09"	3697.0	0	4.67	0.0873	287	1.51	1.28	16.73	6	1.42	1	2.84	15.43	16.73	15.10	400.04	384.32	4.227	8.705	17.55	36.13	200.2	1699	2	73.04	12	0.00417	1.0	-0.22	2.74	1.00	0.00	0.16	111115
58	"17:32:09"	3697.5	0	4.67	0.0873	287	1.51	1.28	16.74	6	1.42	1	2.84	15.43	16.74	15.10	400.03	384.30	4.227	8.704	17.55	36.13	200.2	1699	2	73.04	12	0.00417	1.0	-0.22	2.74	1.00	0.00	0.16	111115
59	"17:32:10"	3698.0	0	4.67	0.0873	287	1.51	1.28	16.74	6	1.42	1	2.84	15.43	16.74	15.10	400.04	384.31	4.228	8.703	17.55	36.13	200.2	1699	2	73.04	12	0.00417	1.0	-0.22	2.74	1.00	0.00	0.16	111115
60	"17:32:10"	3698.5	0	4.66	0.0873	287	1.51	1.28	16.74	6	1.42	1	2.84	15.43	16.74	15.10	400.03	384.34	4.228	8.703	17.55	36.12	200.2	1699	2	73.04	12	0.00417	1.0	-0.22	2.74	1.00	0.00	0.16	111115
61	"17:32:11"	3698.5	0	4.66	0.0873	287	1.51	1.28	16.74	6	1.42	1	2.84	15.43	16.74	15.10	400.03	384.34	4.228	8.703	17.55	36.12	200.2	1699	2	73.04	12	0.00417	1.0	-0.22	2.74	1.00	0.00	0.16	111115
62	"17:32:11"	3699.0	0	4.66	0.0872	287	1.51	1.28	16.74	6	1.42	1	2.84	15.43	16.74	15.10	400.06	384.35	4.228	8.701	17.55	36.12	200.2	1699	2	73.04	12	0.00417	1.0	-0.22	2.74	1.00	0.00	0.16	111115
63	"17:32:12"	3699.5	0	4.66	0.0872	287	1.51	1.28	16.74	6	1.42	1	2.84	15.43	16.74	15.10	400.08	384.38	4.228	8.700	17.55	36.11	200.2	1699	2	73.04	12	0.00417	1.0	-0.22	2.74	1.00	0.00	0.16	111115
64	"17:32:12"	3700.0	0	4.65	0.0871	287	1.51	1.28	16.74	6	1.42	1	2.84	15.44	16.74	15.10	400.04	384.39	4.228	8.700	17.55	36.11	200.2	1699	2	73.04	12	0.00417	1.0	-0.22	2.74	1.00	0.00	0.16	111115
65	"17:32:13"	3700.5	0	4.64	0.0871	287	1.51	1.28	16.75	6	1.42	1	2.84	15.44	16.75	15.10	400.08	384.43	4.228	8.699	17.55	36.11	200.2	1699	2	73.04	12	0.00417	1.0	-0.22	2.74	1.00	0.00	0.16	111115
66	"17:32:13"	3701.0	0	4.65	0.0871	287	1.51	1.28	16.75	6	1.42	1	2.84	15.44	16.75	15.10	400.10	384.43	4.228	8.699	17.55	36.10	200.2	1699	2	73.04	12	0.00417	1.0	-0.22	2.74	1.00	0.00	0.16	111115
67	"17:32:14"	3701.5	0	4.66	0.0871	287	1.51	1.28	16.75	6	1.42	1	2.84	15.44	16.75	15.10	400.15	384.45	4.228	8.700	17.55	36.10	200.2	1699	2	73.04	12	0.00417	1.0	-0.22	2.74	1.00	0.00	0.16	111115
68	"17:32:14"	3702.0	0	4.67	0.0871	287	1.51	1.28	16.75	6	1.42	1	2.84	15.44	16.75	15.10	400.15	384.42	4.227	8.699	17.54	36.10	200.2	1699	2	73.04	12	0.00417	1.0	-0.22	2.74	1.00	0.00	0.16	111115
"17:32:27 Coolers: Tblock -> 20.00 C"
"17:36:47 Flow: Fixed -> 200 umol/s"
69	"17:37:15"	4003.5	0	4.65	0.0738	270	1.46	1.45	19.45	6	1.42	1	2.84	19.69	19.45	19.98	399.48	383.85	6.871	11.194	21.81	35.53	200.2	1699	1	73.06	12.1	-0.0329	1.0	-0.22	2.74	1.00	0.00	0.16	111115
70	"17:37:15"	4004.0	0	4.65	0.0738	270	1.46	1.45	19.45	6	1.42	1	2.84	19.69	19.45	19.98	399.48	383.86	6.871	11.194	21.81	35.52	200.2	1699	1	73.06	12.1	-0.0329	1.0	-0.22	2.74	1.00	0.00	0.16	111115
71	"17:37:16"	4004.5	0	4.66	0.0738	270	1.46	1.45	19.45	6	1.42	1	2.84	19.69	19.45	19.98	399.50	383.87	6.872	11.194	21.81	35.52	200.2	1699	1	73.06	12.1	-0.0329	1.0	-0.22	2.74	1.00	0.00	0.16	111115
72	"17:37:16"	4005.0	0	4.66	0.0738	270	1.46	1.45	19.45	6	1.42	1	2.84	19.69	19.45	19.98	399.51	383.86	6.872	11.194	21.80	35.52	200.2	1699	1	73.06	12.1	-0.0329	1.0	-0.22	2.74	1.00	0.00	0.16	111115
73	"17:37:17"	4005.5	0	4.68	0.0738	270	1.46	1.45	19.45	6	1.42	1	2.84	19.69	19.45	19.98	399.53	383.84	6.872	11.195	21.81	35.52	200.2	1699	1	73.06	12.1	-0.0329	1.0	-0.22	2.74	1.00	0.00	0.16	111115
74	"17:37:17"	4006.0	0	4.69	0.0738	269	1.46	1.45	19.45	6	1.42	1	2.84	19.69	19.45	19.98	399.57	383.82	6.872	11.196	21.81	35.52	200.2	1699	1	73.06	12.1	-0.0329	1.0	-0.22	2.74	1.00	0.00	0.16	111115
75	"17:37:18"	4006.5	0	4.7	0.0738	269	1.46	1.45	19.46	6	1.42	1	2.84	19.70	19.46	19.98	399.58	383.83	6.873	11.196	21.81	35.52	200.2	1699	1	73.06	12.1	-0.0329	1.0	-0.22	2.74	1.00	0.00	0.16	111115
76	"17:37:19"	4007.0	0	4.71	0.0738	269	1.46	1.45	19.46	6	1.42	1	2.84	19.70	19.46	19.98	399.62	383.82	6.874	11.196	21.81	35.52	200.2	1699	1	73.06	12.1	-0.0329	1.0	-0.22	2.74	1.00	0.00	0.16	111115
77	"17:37:19"	4007.5	0	4.71	0.0737	269	1.46	1.45	19.46	6	1.42	1	2.84	19.70	19.46	19.98	399.65	383.85	6.874	11.195	21.81	35.52	200.2	1699	2	73.06	12.1	-0.0329	1.0	-0.22	2.74	1.00	0.00	0.16	111115
78	"17:37:20"	4008.0	0	4.73	0.0737	268	1.46	1.45	19.46	6	1.42	1	2.84	19.70	19.46	19.98	399.68	383.85	6.875	11.196	21.81	35.52	200.3	1699	2	73.06	12.1	-0.0329	1.0	-0.22	2.74	1.00	0.00	0.16	111115
79	"17:37:20"	4008.5	0	4.72	0.0737	268	1.46	1.45	19.46	6	1.42	1	2.84	19.70	19.46	19.98	399.69	383.86	6.875	11.195	21.81	35.51	200.3	1699	2	73.06	12.1	-0.0329	1.0	-0.22	2.74	1.00	0.00	0.16	111115
80	"17:37:21"	4009.0	0	4.73	0.0737	268	1.46	1.45	19.47	6	1.42	1	2.84	19.70	19.47	19.98	399.72	383.87	6.876	11.195	21.81	35.51	200.3	1699	2	73.06	12.1	-0.0329	1.0	-0.22	2.74	1.00	0.00	0.16	111115
81	"17:37:21"	4009.5	0	4.75	0.0737	268	1.46	1.45	19.47	6	1.42	1	2.84	19.70	19.47	19.98	399.74	383.85	6.874	11.194	21.80	35.50	200.3	1699	2	73.06	12.1	-0.0329	1.0	-0.22	2.74	1.00	0.00	0.16	111115
82	"17:37:22"	4010.0	0	4.74	0.0736	268	1.46	1.45	19.47	6	1.42	1	2.84	19.70	19.47	19.98	399.74	383.87	6.875	11.193	21.80	35.50	200.3	1699	2	73.06	12.1	-0.0329	1.0	-0.22	2.74	1.00	0.00	0.16	111115
83	"17:37:22"	4010.5	0	4.74	0.0736	268	1.46	1.45	19.47	6	1.42	1	2.84	19.70	19.47	19.98	399.72	383.84	6.875	11.192	21.80	35.49	200.3	1699	2	73.06	12.1	-0.0329	1.0	-0.22	2.74	1.00	0.00	0.16	111115
"17:37:32 Coolers: Tblock -> 25.00 C"
"17:47:20 Flow: Fixed -> 200 umol/s"
84	"17:47:46"	4633.5	0	4.72	0.0653	253	1.57	1.75	22.87	6	1.42	1	2.84	24.37	22.87	25.05	399.77	383.81	9.660	14.306	23.05	34.13	200.2	1700	1	73.08	12.5	-0.0793	1.0	-0.22	2.74	1.00	0.00	0.16	111115
85	"17:47:46"	4634.0	0	4.72	0.0653	253	1.57	1.75	22.87	6	1.42	1	2.84	24.37	22.87	25.05	399.76	383.80	9.661	14.306	23.05	34.13	200.2	1700	1	73.08	12.5	-0.0793	1.0	-0.22	2.74	1.00	0.00	0.16	111115
86	"17:47:47"	4634.0	0	4.72	0.0653	253	1.57	1.75	22.87	6	1.42	1	2.84	24.37	22.87	25.05	399.76	383.80	9.661	14.306	23.05	34.13	200.2	1700	1	73.08	12.5	-0.0793	1.0	-0.22	2.74	1.00	0.00	0.16	111115
87	"17:47:47"	4634.5	0	4.7	0.0653	254	1.57	1.75	22.87	6	1.42	1	2.84	24.37	22.87	25.05	399.73	383.84	9.663	14.307	23.05	34.14	200.2	1700	2	73.08	12.5	-0.0793	1.0	-0.22	2.74	1.00	0.00	0.16	111115
88	"17:47:48"	4635.0	0	4.7	0.0654	254	1.57	1.75	22.86	6	1.42	1	2.84	24.37	22.86	25.05	399.73	383.83	9.662	14.307	23.05	34.13	200.2	1700	1	73.08	12.5	-0.0793	1.0	-0.22	2.74	1.00	0.00	0.16	111115
89	"17:47:48"	4635.5	0	4.72	0.0654	254	1.57	1.75	22.85	6	1.42	1	2.84	24.37	22.85	25.05	399.74	383.79	9.663	14.307	23.06	34.14	200.2	1700	2	73.08	12.5	-0.0793	1.0	-0.22	2.74	1.00	0.00	0.16	111115
90	"17:47:49"	4636.0	0	4.73	0.0655	254	1.57	1.75	22.85	6	1.42	1	2.84	24.37	22.85	25.05	399.75	383.78	9.664	14.307	23.06	34.14	200.2	1700	2	73.08	12.5	-0.0793	1.0	-0.22	2.74	1.00	0.00	0.16	111115
91	"17:47:49"	4636.5	0	4.74	0.0655	253	1.57	1.75	22.84	6	1.42	1	2.84	24.37	22.84	25.05	399.78	383.76	9.665	14.307	23.06	34.14	200.2	1700	2	73.08	12.5	-0.0793	1.0	-0.22	2.74	1.00	0.00	0.16	111115
92	"17:47:50"	4637.0	0	4.75	0.0655	253	1.57	1.75	22.84	6	1.42	1	2.84	24.37	22.84	25.05	399.81	383.77	9.666	14.307	23.06	34.13	200.3	1700	2	73.08	12.5	-0.0793	1.0	-0.22	2.74	1.00	0.00	0.16	111115
93	"17:47:51"	4637.5	0	4.76	0.0655	253	1.57	1.75	22.83	6	1.42	1	2.84	24.37	22.83	25.05	399.82	383.76	9.666	14.308	23.06	34.14	200.3	1700	2	73.08	12.5	-0.0793	1.0	-0.22	2.74	1.00	0.00	0.16	111115
94	"17:47:51"	4638.5	0	4.78	0.0656	253	1.57	1.74	22.83	6	1.42	1	2.84	24.37	22.83	25.05	399.87	383.75	9.664	14.311	23.06	34.14	200.2	1700	1	73.08	12.5	-0.0793	1.0	-0.22	2.74	1.00	0.00	0.16	111115
95	"17:47:52"	4639.0	0	4.79	0.0656	252	1.57	1.74	22.83	6	1.42	1	2.84	24.38	22.83	25.05	399.91	383.75	9.664	14.311	23.06	34.14	200.2	1700	2	73.08	12.5	-0.0793	1.0	-0.22	2.74	1.00	0.00	0.16	111115
96	"17:47:52"	4639.5	0	4.78	0.0656	252	1.57	1.75	22.83	6	1.42	1	2.84	24.38	22.83	25.05	399.95	383.80	9.664	14.311	23.05	34.14	200.2	1700	1	73.08	12.5	-0.0793	1.0	-0.22	2.74	1.00	0.00	0.16	111115
97	"17:47:53"	4640.0	0	4.79	0.0656	252	1.57	1.75	22.83	6	1.42	1	2.84	24.37	22.83	25.05	399.97	383.81	9.664	14.312	23.06	34.15	200.2	1700	1	73.08	12.5	-0.0793	1.0	-0.22	2.74	1.00	0.00	0.16	111115
98	"17:47:53"	4640.5	0	4.79	0.0657	252	1.57	1.75	22.84	6	1.42	1	2.84	24.38	22.84	25.05	399.99	383.83	9.663	14.314	23.05	34.15	200.2	1700	1	73.08	12.5	-0.0793	1.0	-0.22	2.74	1.00	0.00	0.16	111115
"17:48:13 Coolers: Tblock -> 30.00 C"
"17:52:53 Flow: Fixed -> 200 umol/s"
"17:53:45 Flow: Fixed -> 200 umol/s"
99	"17:53:52"	5000.5	0	4.75	0.0706	260	1.81	1.86	25.27	6	1.42	1	2.84	28.70	25.27	30.13	399.39	383.07	13.474	18.794	24.91	34.75	200.2	1701	2	73.06	12.8	-0.187	1.0	-0.22	2.74	1.00	0.00	0.16	111115
100	"17:53:53"	5001.0	0	4.81	0.0707	258	1.81	1.86	25.26	6	1.42	1	2.84	28.70	25.26	30.13	399.52	383.04	13.474	18.795	24.91	34.75	200.2	1701	2	73.06	12.8	-0.187	1.0	-0.22	2.74	1.00	0.00	0.16	111115
101	"17:53:53"	5001.5	0	4.86	0.0708	257	1.81	1.86	25.26	6	1.42	1	2.84	28.70	25.26	30.13	399.64	383.00	13.472	18.797	24.91	34.76	200.2	1701	2	73.06	12.8	-0.187	1.0	-0.22	2.74	1.00	0.00	0.16	111115
102	"17:53:54"	5001.5	0	4.86	0.0708	257	1.81	1.86	25.26	6	1.42	1	2.84	28.70	25.26	30.13	399.64	383.00	13.472	18.797	24.91	34.76	200.2	1701	2	73.06	12.8	-0.187	1.0	-0.22	2.74	1.00	0.00	0.16	111115
103	"17:53:54"	5002.0	0	4.88	0.0708	257	1.81	1.86	25.26	6	1.42	1	2.84	28.70	25.26	30.13	399.69	382.98	13.470	18.797	24.91	34.75	200.2	1701	2	73.06	12.8	-0.187	1.0	-0.22	2.74	1.00	0.00	0.16	111115
104	"17:53:55"	5002.5	0	4.91	0.0708	256	1.81	1.86	25.26	6	1.42	1	2.84	28.70	25.26	30.13	399.74	382.95	13.468	18.796	24.90	34.75	200.2	1701	2	73.06	12.8	-0.187	1.0	-0.22	2.74	1.00	0.00	0.16	111115
105	"17:53:55"	5003.0	0	4.92	0.0708	256	1.81	1.86	25.26	6	1.42	1	2.84	28.70	25.26	30.13	399.78	382.95	13.468	18.797	24.90	34.75	200.2	1701	2	73.06	12.8	-0.187	1.0	-0.22	2.74	1.00	0.00	0.16	111115
106	"17:53:56"	5003.5	0	4.93	0.0708	256	1.81	1.86	25.26	6	1.42	1	2.84	28.70	25.26	30.13	399.77	382.92	13.467	18.798	24.90	34.75	200.2	1701	2	73.06	12.8	-0.187	1.0	-0.22	2.74	1.00	0.00	0.16	111115
107	"17:53:56"	5004.0	0	4.93	0.0708	256	1.81	1.86	25.26	6	1.42	1	2.84	28.70	25.26	30.13	399.76	382.90	13.469	18.799	24.90	34.75	200.2	1701	2	73.06	12.8	-0.187	1.0	-0.22	2.74	1.00	0.00	0.16	111115
108	"17:53:57"	5004.5	0	4.92	0.0708	256	1.81	1.86	25.26	6	1.42	1	2.84	28.70	25.26	30.13	399.74	382.91	13.470	18.799	24.90	34.75	200.2	1701	2	73.06	12.8	-0.187	1.0	-0.22	2.74	1.00	0.00	0.16	111115
109	"17:53:57"	5005.0	0	4.89	0.0708	257	1.81	1.86	25.27	6	1.42	1	2.84	28.70	25.27	30.13	399.70	382.96	13.470	18.799	24.90	34.75	200.2	1701	2	73.06	12.8	-0.187	1.0	-0.22	2.74	1.00	0.00	0.16	111115
110	"17:53:58"	5006.0	0	4.84	0.0706	258	1.81	1.86	25.28	6	1.42	1	2.84	28.70	25.28	30.13	399.62	383.04	13.471	18.798	24.90	34.74	200.2	1701	2	73.06	12.8	-0.187	1.0	-0.22	2.74	1.00	0.00	0.16	111115
111	"17:53:58"	5006.5	0	4.85	0.0706	257	1.81	1.86	25.28	6	1.42	1	2.84	28.70	25.28	30.14	399.70	383.08	13.473	18.800	24.90	34.75	200.2	1701	2	73.06	12.8	-0.187	1.0	-0.22	2.74	1.00	0.00	0.16	111115
112	"17:53:59"	5007.0	0	4.87	0.0706	257	1.81	1.86	25.29	6	1.42	1	2.84	28.70	25.29	30.13	399.76	383.08	13.474	18.801	24.90	34.75	200.2	1701	2	73.06	12.8	-0.187	1.0	-0.22	2.74	1.00	0.00	0.16	111115
113	"17:53:59"	5007.5	0	4.88	0.0705	257	1.81	1.86	25.30	6	1.42	1	2.84	28.71	25.30	30.14	399.82	383.12	13.475	18.802	24.90	34.74	200.2	1701	2	73.06	12.8	-0.187	1.0	-0.22	2.74	1.00	0.00	0.16	111115
"17:54:10 Coolers: Tblock -> 35.00 C"
"17:57:49 Flow: Fixed -> 200 umol/s"
"18:00:05 Flow: Fixed -> 200 umol/s"
114	"18:00:16"	5383.5	0	4.68	0.0632	245	2.2	2.5	28.68	6	1.42	1	2.84	33.29	28.68	35.03	400.31	383.76	13.352	19.804	18.99	28.17	200.2	1701	2	73.06	13.2	-0.209	1.0	-0.22	2.74	1.00	0.00	0.16	111115
115	"18:00:16"	5384.0	0	4.67	0.0631	245	2.2	2.5	28.69	6	1.42	1	2.84	33.29	28.69	35.03	400.30	383.78	13.352	19.803	18.99	28.17	200.2	1701	2	73.06	13.2	-0.209	1.0	-0.22	2.74	1.00	0.00	0.16	111115
116	"18:00:17"	5384.0	0	4.67	0.0631	245	2.2	2.5	28.69	6	1.42	1	2.84	33.29	28.69	35.03	400.30	383.78	13.352	19.803	18.99	28.17	200.2	1701	2	73.06	13.2	-0.209	1.0	-0.22	2.74	1.00	0.00	0.16	111115
117	"18:00:17"	5384.5	0	4.66	0.063	246	2.19	2.51	28.70	6	1.42	1	2.84	33.30	28.70	35.03	400.34	383.86	13.353	19.802	18.99	28.17	200.2	1701	2	73.06	13.2	-0.209	1.0	-0.22	2.74	1.00	0.00	0.16	111115
118	"18:00:18"	5385.0	0	4.67	0.063	245	2.2	2.5	28.70	6	1.42	1	2.84	33.30	28.70	35.03	400.39	383.88	13.352	19.802	18.99	28.16	200.2	1701	2	73.06	13.2	-0.209	1.0	-0.22	2.74	1.00	0.00	0.16	111115
119	"18:00:18"	5386.0	0	4.67	0.063	245	2.19	2.51	28.70	6	1.42	1	2.84	33.30	28.70	35.03	400.35	383.82	13.351	19.800	18.99	28.16	200.2	1701	2	73.06	13.2	-0.209	1.0	-0.22	2.74	1.00	0.00	0.16	111115
120	"18:00:19"	5386.5	0	4.66	0.063	245	2.19	2.51	28.70	6	1.42	1	2.84	33.30	28.70	35.03	400.34	383.84	13.351	19.800	18.98	28.16	200.2	1701	2	73.06	13.2	-0.209	1.0	-0.22	2.74	1.00	0.00	0.16	111115
121	"18:00:19"	5387.0	0	4.64	0.063	246	2.2	2.51	28.70	6	1.42	1	2.84	33.30	28.70	35.03	400.32	383.87	13.350	19.801	18.98	28.15	200.2	1701	2	73.06	13.2	-0.209	1.0	-0.22	2.74	1.00	0.00	0.16	111115
122	"18:00:20"	5387.5	0	4.65	0.063	246	2.2	2.51	28.70	6	1.42	1	2.84	33.30	28.70	35.03	400.33	383.87	13.350	19.802	18.98	28.15	200.1	1701	2	73.06	13.2	-0.209	1.0	-0.22	2.74	1.00	0.00	0.16	111115
123	"18:00:21"	5388.0	0	4.64	0.0631	246	2.2	2.5	28.69	6	1.42	1	2.84	33.30	28.69	35.03	400.31	383.88	13.349	19.801	18.98	28.15	200.2	1701	2	73.06	13.2	-0.209	1.0	-0.22	2.74	1.00	0.00	0.16	111115
124	"18:00:21"	5388.5	0	4.62	0.0631	247	2.2	2.5	28.68	6	1.42	1	2.84	33.31	28.68	35.03	400.27	383.89	13.349	19.801	18.98	28.15	200.2	1701	2	73.06	13.2	-0.209	0.7	-0.22	2.74	1.00	0.00	0.16	111115
125	"18:00:22"	5389.0	0	4.61	0.0631	247	2.19	2.5	28.68	6	1.42	1	2.84	33.31	28.68	35.03	400.24	383.90	13.351	19.799	18.98	28.14	200.2	1701	2	73.06	13.2	-0.209	0.7	-0.22	2.74	1.00	0.00	0.16	111115
126	"18:00:22"	5389.5	0	4.63	0.0631	246	2.19	2.5	28.68	6	1.42	1	2.84	33.31	28.68	35.03	400.29	383.89	13.350	19.798	18.98	28.14	200.2	1701	2	73.06	13.2	-0.209	1.0	-0.22	2.74	1.00	0.00	0.16	111115
127	"18:00:23"	5390.0	0	4.63	0.0632	247	2.19	2.5	28.67	6	1.42	1	2.84	33.31	28.67	35.03	400.32	383.92	13.351	19.797	18.98	28.14	200.2	1701	2	73.06	13.2	-0.209	1.0	-0.22	2.74	1.00	0.00	0.16	111115
128	"18:00:23"	5391.0	0	4.66	0.0633	246	2.19	2.5	28.65	6	1.42	1	2.84	33.31	28.65	35.03	400.38	383.90	13.352	19.797	18.98	28.14	200.2	1701	2	73.06	13.2	-0.209	1.0	-0.22	2.74	1.00	0.00	0.16	111115
"18:00:37 Coolers: Tblock -> 40.00 C"
"18:05:28 Flow: Fixed -> 200 umol/s"
129	"18:06:17"	5746.0	0	4.28	0.0556	238	2.42	3.1	31.31	6	1.42	1	2.84	37.77	31.31	40.10	400.87	385.24	13.276	20.375	14.75	22.64	200.1	1699	2	73.07	13.9	-0.254	1.0	-0.22	2.74	1.00	0.00	0.16	111115
130	"18:06:18"	5746.5	0	4.29	0.0556	238	2.42	3.1	31.31	6	1.42	1	2.84	37.77	31.31	40.10	400.87	385.23	13.276	20.377	14.75	22.64	200.1	1699	2	73.07	13.9	-0.254	1.0	-0.22	2.74	1.00	0.00	0.16	111115
131	"18:06:18"	5746.5	0	4.29	0.0556	238	2.42	3.1	31.31	6	1.42	1	2.84	37.77	31.31	40.10	400.87	385.23	13.276	20.377	14.75	22.64	200.1	1699	2	73.07	13.9	-0.254	1.0	-0.22	2.74	1.00	0.00	0.16	111115
132	"18:06:19"	5747.0	0	4.29	0.0555	238	2.42	3.11	31.32	6	1.42	1	2.84	37.77	31.32	40.10	400.87	385.21	13.276	20.377	14.75	22.64	200.1	1699	2	73.07	13.9	-0.254	1.0	-0.22	2.74	1.00	0.00	0.16	111115
133	"18:06:19"	5747.5	0	4.29	0.0555	237	2.42	3.11	31.33	6	1.42	1	2.84	37.77	31.33	40.10	400.88	385.22	13.277	20.378	14.75	22.64	200.1	1699	2	73.07	13.9	-0.254	1.0	-0.22	2.74	1.00	0.00	0.16	111115
134	"18:06:20"	5748.0	0	4.28	0.0555	238	2.42	3.11	31.33	6	1.42	1	2.84	37.77	31.33	40.10	400.87	385.23	13.277	20.380	14.75	22.65	200.1	1699	2	73.07	13.9	-0.254	1.0	-0.22	2.74	1.00	0.00	0.16	111115
135	"18:06:20"	5748.5	0	4.29	0.0555	238	2.42	3.11	31.34	6	1.42	1	2.84	37.77	31.34	40.10	400.89	385.25	13.278	20.381	14.75	22.65	200.1	1699	2	73.07	13.9	-0.254	1.0	-0.22	2.74	1.00	0.00	0.16	111115
136	"18:06:21"	5749.0	0	4.28	0.0555	238	2.42	3.11	31.35	6	1.42	1	2.84	37.77	31.35	40.10	400.89	385.26	13.277	20.383	14.75	22.65	200.2	1699	2	73.07	13.9	-0.254	1.0	-0.22	2.74	1.00	0.00	0.16	111115
137	"18:06:21"	5749.5	0	4.28	0.0554	238	2.42	3.12	31.37	6	1.42	1	2.84	37.77	31.37	40.10	400.87	385.25	13.277	20.384	14.75	22.65	200.2	1699	2	73.07	13.9	-0.254	1.0	-0.22	2.74	1.00	0.00	0.16	111115
138	"18:06:22"	5750.0	0	4.29	0.0554	237	2.42	3.12	31.38	6	1.42	1	2.84	37.77	31.38	40.10	400.93	385.27	13.278	20.385	14.75	22.65	200.2	1699	2	73.07	13.9	-0.254	1.0	-0.22	2.74	1.00	0.00	0.16	111115
139	"18:06:23"	5750.5	0	4.31	0.0553	236	2.42	3.12	31.39	6	1.42	1	2.84	37.77	31.39	40.10	401.01	385.29	13.279	20.385	14.75	22.65	200.2	1699	2	73.07	13.9	-0.254	1.0	-0.22	2.74	1.00	0.00	0.16	111115
140	"18:06:23"	5751.0	0	4.33	0.0553	236	2.42	3.13	31.40	6	1.42	1	2.84	37.77	31.40	40.10	401.10	385.33	13.279	20.386	14.75	22.65	200.2	1699	2	73.06	13.9	-0.254	1.0	-0.22	2.74	1.00	0.00	0.16	111115
141	"18:06:24"	5751.5	0	4.35	0.0553	235	2.42	3.13	31.41	6	1.42	1	2.84	37.77	31.41	40.10	401.14	385.32	13.278	20.388	14.75	22.65	200.2	1699	2	73.06	13.9	-0.254	1.0	-0.22	2.74	1.00	0.00	0.16	111115
142	"18:06:24"	5752.5	0	4.32	0.0552	236	2.42	3.13	31.41	6	1.42	1	2.84	37.78	31.41	40.10	401.09	385.34	13.278	20.389	14.75	22.65	200.2	1699	2	73.06	13.9	-0.254	1.0	-0.22	2.74	1.00	0.00	0.16	111115
143	"18:06:25"	5753.0	0	4.3	0.0553	237	2.42	3.13	31.41	6	1.42	1	2.84	37.78	31.41	40.10	401.05	385.35	13.279	20.392	14.75	22.65	200.2	1699	2	73.06	13.9	-0.254	1.0	-0.22	2.74	1.00	0.00	0.16	111115
"18:06:34 Coolers: Tblock -> 45.00 C"
"18:11:12 Flow: Fixed -> 200 umol/s"
144	"18:11:34"	6061.5	0	3.94	0.0532	238	2.75	3.68	33.62	6	1.42	1	2.84	42.06	33.62	44.96	399.65	384.67	13.179	21.261	11.65	18.79	200.1	1701	2	73.08	14.5	-0.302	1.0	-0.22	2.74	1.00	0.00	0.16	111115
145	"18:11:34"	6061.5	0	3.94	0.0532	238	2.75	3.68	33.62	6	1.42	1	2.84	42.06	33.62	44.96	399.65	384.67	13.179	21.261	11.65	18.79	200.1	1701	2	73.08	14.5	-0.302	1.0	-0.22	2.74	1.00	0.00	0.16	111115
146	"18:11:35"	6062.0	0	3.93	0.0531	238	2.75	3.68	33.64	6	1.42	1	2.84	42.06	33.64	44.96	399.64	384.69	13.180	21.262	11.65	18.80	200.1	1701	2	73.08	14.5	-0.302	1.0	-0.22	2.74	1.00	0.00	0.16	111115
147	"18:11:35"	6062.5	0	3.92	0.0531	238	2.75	3.69	33.65	6	1.42	1	2.84	42.06	33.65	44.96	399.61	384.69	13.179	21.262	11.65	18.79	200.1	1701	2	73.08	14.5	-0.302	1.0	-0.22	2.74	1.00	0.00	0.16	111115
148	"18:11:36"	6063.0	0	3.91	0.053	238	2.75	3.69	33.67	6	1.42	1	2.84	42.06	33.67	44.96	399.58	384.67	13.178	21.262	11.65	18.79	200.1	1701	2	73.08	14.5	-0.302	1.0	-0.22	2.74	1.00	0.00	0.16	111115
149	"18:11:36"	6063.5	0	3.92	0.0529	238	2.75	3.7	33.69	6	1.42	1	2.84	42.06	33.69	44.96	399.60	384.67	13.177	21.262	11.65	18.79	200.1	1701	2	73.08	14.5	-0.302	1.0	-0.22	2.74	1.00	0.00	0.16	111115
150	"18:11:37"	6064.0	0	3.94	0.0529	237	2.75	3.7	33.69	6	1.42	1	2.84	42.06	33.69	44.96	399.59	384.60	13.176	21.262	11.64	18.79	200.1	1701	2	73.08	14.5	-0.302	1.0	-0.22	2.74	1.00	0.00	0.16	111115
151	"18:11:37"	6064.5	0	3.96	0.0529	237	2.76	3.69	33.68	6	1.42	1	2.84	42.06	33.68	44.96	399.63	384.58	13.176	21.263	11.64	18.79	200.1	1701	2	73.08	14.5	-0.302	1.0	-0.22	2.74	1.00	0.00	0.16	111115
152	"18:11:38"	6065.0	0	3.97	0.0529	236	2.76	3.7	33.68	6	1.42	1	2.84	42.06	33.68	44.96	399.66	384.59	13.176	21.264	11.64	18.79	200.1	1701	2	73.08	14.5	-0.302	1.0	-0.22	2.74	1.00	0.00	0.16	111115
153	"18:11:38"	6065.5	0	3.97	0.0529	236	2.76	3.7	33.69	6	1.42	1	2.84	42.06	33.69	44.96	399.70	384.61	13.178	21.266	11.64	18.79	200.1	1701	2	73.08	14.5	-0.302	1.0	-0.22	2.74	1.00	0.00	0.16	111115
154	"18:11:39"	6066.0	0	3.98	0.0529	236	2.76	3.7	33.70	6	1.42	1	2.84	42.06	33.70	44.96	399.73	384.62	13.178	21.265	11.64	18.79	200.1	1701	2	73.08	14.5	-0.302	1.0	-0.22	2.74	1.00	0.00	0.16	111115
155	"18:11:39"	6066.5	0	4	0.0528	235	2.76	3.7	33.71	6	1.42	1	2.84	42.07	33.71	44.96	399.77	384.61	13.178	21.265	11.64	18.79	200.1	1701	2	73.08	14.5	-0.302	1.0	-0.22	2.74	1.00	0.00	0.16	111115
156	"18:11:40"	6067.0	0	4	0.0528	235	2.76	3.7	33.70	6	1.42	1	2.84	42.07	33.70	44.96	399.79	384.61	13.179	21.266	11.64	18.79	200.1	1701	2	73.08	14.5	-0.302	1.0	-0.22	2.74	1.00	0.00	0.16	111115
157	"18:11:41"	6068.0	0	4.02	0.0528	235	2.76	3.7	33.71	6	1.42	1	2.84	42.07	33.71	44.96	399.85	384.61	13.180	21.268	11.64	18.79	200.1	1701	2	73.08	14.5	-0.302	1.0	-0.22	2.74	1.00	0.00	0.16	111115
158	"18:11:41"	6068.5	0	4.02	0.0528	234	2.76	3.71	33.72	6	1.42	1	2.84	42.07	33.72	44.96	399.88	384.64	13.180	21.269	11.64	18.79	200.1	1701	2	73.08	14.5	-0.302	1.0	-0.22	2.74	1.00	0.00	0.16	111115
"18:11:52 Coolers: Tblock -> 50.00 C"
"18:17:23 Flow: Fixed -> 200 umol/s"
159	"18:18:02"	6451.0	0	3.44	0.0505	245	3.08	4.3	35.84	6	1.42	1	2.84	46.47	35.84	49.81	400.28	386.40	13.131	22.155	9.23	15.57	200.1	1700	2	73.07	15.2	-0.34	1.0	-0.22	2.74	1.00	0.00	0.16	111115
160	"18:18:03"	6451.0	0	3.44	0.0505	245	3.08	4.3	35.84	6	1.42	1	2.84	46.47	35.84	49.81	400.28	386.40	13.131	22.155	9.23	15.57	200.1	1700	2	73.07	15.2	-0.34	1.0	-0.22	2.74	1.00	0.00	0.16	111115
161	"18:18:03"	6451.0	0	3.44	0.0505	245	3.08	4.3	35.84	6	1.42	1	2.84	46.47	35.84	49.81	400.28	386.40	13.131	22.155	9.23	15.57	200.1	1700	2	73.07	15.2	-0.34	1.0	-0.22	2.74	1.00	0.00	0.16	111115
162	"18:18:03"	6451.5	0	3.44	0.0505	245	3.08	4.3	35.84	6	1.42	1	2.84	46.47	35.84	49.80	400.26	386.38	13.130	22.155	9.23	15.57	200.1	1700	2	73.07	15.2	-0.34	1.0	-0.22	2.74	1.00	0.00	0.16	111115
163	"18:18:04"	6452.0	0	3.43	0.0505	245	3.08	4.3	35.85	6	1.42	1	2.84	46.47	35.85	49.80	400.24	386.39	13.130	22.156	9.23	15.58	200.2	1700	2	73.07	15.2	-0.34	1.0	-0.22	2.74	1.00	0.00	0.16	111115
164	"18:18:04"	6452.5	0	3.43	0.0505	245	3.08	4.3	35.86	6	1.42	1	2.84	46.47	35.86	49.80	400.24	386.40	13.131	22.155	9.23	15.58	200.2	1700	2	73.07	15.2	-0.34	1.0	-0.22	2.74	1.00	0.00	0.16	111115
165	"18:18:05"	6453.0	0	3.41	0.0504	245	3.08	4.31	35.88	6	1.42	1	2.84	46.47	35.88	49.79	400.22	386.42	13.131	22.157	9.23	15.58	200.2	1700	2	73.07	15.2	-0.34	1.0	-0.22	2.74	1.00	0.00	0.16	111115
166	"18:18:05"	6453.5	0	3.42	0.0504	245	3.08	4.31	35.87	6	1.42	1	2.84	46.47	35.87	49.79	400.23	386.41	13.132	22.158	9.23	15.58	200.2	1700	2	73.07	15.2	-0.34	1.0	-0.22	2.74	1.00	0.00	0.16	111115
167	"18:18:06"	6454.0	0	3.43	0.0505	245	3.08	4.3	35.85	6	1.42	1	2.84	46.47	35.85	49.79	400.25	386.41	13.133	22.160	9.23	15.58	200.2	1700	2	73.07	15.2	-0.34	1.0	-0.22	2.74	1.00	0.00	0.16	111115
168	"18:18:06"	6454.5	0	3.44	0.0506	245	3.08	4.29	35.82	6	1.42	1	2.84	46.47	35.82	49.78	400.28	386.39	13.133	22.160	9.23	15.58	200.2	1700	2	73.07	15.2	-0.34	1.0	-0.22	2.74	1.00	0.00	0.16	111115
169	"18:18:07"	6455.0	0	3.45	0.0507	244	3.08	4.29	35.81	6	1.42	1	2.84	46.47	35.81	49.78	400.31	386.38	13.134	22.159	9.23	15.58	200.1	1700	2	73.07	15.2	-0.34	1.0	-0.22	2.74	1.00	0.00	0.16	111115
170	"18:18:08"	6455.5	0	3.47	0.0507	244	3.08	4.28	35.79	6	1.42	1	2.84	46.47	35.79	49.78	400.35	386.37	13.134	22.160	9.23	15.58	200.1	1700	2	73.07	15.2	-0.34	1.0	-0.22	2.74	1.00	0.00	0.16	111115
171	"18:18:08"	6456.5	0	3.51	0.051	244	3.08	4.26	35.72	6	1.42	1	2.84	46.47	35.72	49.77	400.45	386.37	13.134	22.158	9.23	15.58	200.1	1700	2	73.07	15.2	-0.34	1.0	-0.22	2.74	1.00	0.00	0.16	111115
172	"18:18:09"	6457.0	0	3.51	0.0511	244	3.08	4.25	35.70	6	1.42	1	2.84	46.47	35.70	49.76	400.45	386.36	13.134	22.156	9.24	15.58	200.1	1700	3	73.07	15.2	-0.34	1.0	-0.22	2.74	1.00	0.00	0.16	111115
173	"18:18:09"	6457.5	0	3.51	0.0511	244	3.08	4.25	35.70	6	1.42	1	2.84	46.47	35.70	49.76	400.43	386.34	13.132	22.155	9.23	15.58	200.1	1700	2	73.07	15.2	-0.34	1.0	-0.22	2.74	1.00	0.00	0.16	111115
"18:18:37 Lamp: ParIn ->  1700 uml"
"18:18:37 CO2 Mixer: CO2R -> 400 uml"
"18:18:37 Coolers: Tblock -> 50.00 C"
"18:18:38 Flow: Fixed -> 200 umol/s"
