"OPEN 6.1.4"
"Wed Jun 22 2016 12:13:37"
<open><version>"6.1.4"</version></open>
<open><configfile>"/User/Configs/UserPrefs/LED2x3.xml"</configfile></open>
<open><light><source>"6400-02 or -02B LED Source"</source><par_in>1 <sensor>"SI-3158"<cal>-0.91<actinity>1.00</actinity><transm>1.00</transm></cal></sensor><transm>1 </transm></par_in><par_out>1 <sensor>"Q45198"<cal>6.26 </cal></sensor></par_out></light></open>
<open><comps><file>"/User/Configs/Comps/StdComps_6.1"<header>""</header><extras></extras></file><energybal>no<f_parIn>1 </f_parIn><f_parOut>0 </f_parOut><alphaK>0.16</alphaK></energybal><bc_total>2.840<stomatal_ratio>1</stomatal_ratio><bc_oneside>1.420<type>2 </type><table>"/Sys/Lib/StdBLCTable"</table><area>6</area><slope>-0.219565 </slope><offset>2.73739 </offset><fan>5 </fan></bc_oneside></bc_total></comps></open>
<open><prompts><onlog>off</onlog><items>"Default (none)"</items></prompts></open>
<open><constants><oxygen>21 %</oxygen><bb_vapor>1.5 </bb_vapor><bb_oxy>0.9 </bb_oxy></constants></open>
<open><stability><items>"Std Stability"<items[1]><id>-2 </id><size>15 </size><pcv><onoff>0 </onoff><value>1 </value></pcv><std><onoff>0 </onoff><value>1 </value></std><slp><onoff>1 </onoff><value>1 </value></slp></items[1]><items[2]><id>-5 </id><size>15 </size><pcv><onoff>0 </onoff><value>1 </value></pcv><std><onoff>0 </onoff><value>1 </value></std><slp><onoff>1 </onoff><value>1 </value></slp></items[2]><items[3]><id>-7 </id><size>15 </size><pcv><onoff>0 </onoff><value>1 </value></pcv><std><onoff>0 </onoff><value>1 </value></std><slp><onoff>1 </onoff><value>1 </value></slp></items[3]></items></stability></open>
<open><log><format>"StdLogFmt_6.0"<items>{ -35  -21  -36  -76  30  23  36  21  25  221  -33  111  -34  11  -9  -10  -8  -1  -2  -4  -5  -14  -15  -7  -12  -13  -11  -65  -66  -72  -18  -19  -77  -78  -79  -23   }<hdr>{  }</hdr></items></format><options><beep>on</beep><hdr>normal</hdr><rem>normal</rem><stab>no</stab><stats>no<period>15 </period></stats><excel>yes</excel><comm>no</comm></options><datafile>"/User/062216-stm-vaoc3"</datafile><button><action>"Normal Log"<code>" LogOneObsManual "</code></action></button><autoprog>"/User/Configs/AutoProgs/AutoLog"<active>no</active></autoprog></log></open>
<open><a2d><avgtime>4.0 secs</avgtime><userchans><ch20>"Off"</ch20><ch21>"Off"</ch21><ch22>"Off"</ch22><ch23>"Off"</ch23></userchans></a2d></open>
<open><matching><type>0 </type><disp>'a'</disp><settings><CO2Limit>10.0</CO2Limit><H2OLimit>1.0</H2OLimit><MaxAutoTime>60 </MaxAutoTime></settings></matching></open>
<li6400><factory><unit>"PSC-3209"</unit><serviced>"16 Dec 2014"</serviced><fuseaware>0 </fuseaware><co2mixer>yes</co2mixer><co2><coeffs>{ 0  0.216636  2.62002e-05  2.19439e-08  -3.94571e-12  3.98731e-16   }</coeffs><dvdt>-2.6 </dvdt><xs>{ -0.0003  0.0006   }</xs></co2><h2o><coeffs>{ 0  0.00577737  2.23637e-06  -4.35816e-12   }</coeffs><dvdt>-1.8 </dvdt><xs>{ -0.0011  -0.0004   }</xs></h2o><flow>{ 0  0.3692   }</flow><press>{ 87.857  0.00553   }</press></factory></li6400>
<li6400><user><flow_zero>-506.7</flow_zero><irga_zero><co2>234.5 -155.6<at>19.7121 </at></co2><h2o>78.4 117.4<at>25.1295 </at></h2o></irga_zero><irga_span><co2>{ 0.990037  0.995087   }</co2><h2o>{ 1.00311  1.00811   }</h2o></irga_span><irga_match><co2>{ 0.500348  0.182087   }</co2><h2o>{ 0.127115  0.49893   }</h2o></irga_match><co2_mixer><pump_mv>4500 </pump_mv><ppm>{ 2362.72  1117.56  442.288  269.415  124.411  73.5502  53.2906  53.2105   }</ppm><mv>{ 5000  3000  1500  1000  500  300  200  100   }</mv></co2_mixer><parin_offset>0 </parin_offset><led_cal><unit>"SI-3158"</unit><mv>{ 10  25  50  100  1000  2000  3000  4000  5000   }</mv><qntm>{ 3.03636  13.4569  35.1195  80.6932  1020.17  2027.68  2981.23  3902.95  4595.23   }</qntm></led_cal><lcf_cal><unit>"unknown"</unit><red><mv>{ 50  100  500  1000  1500  5000   }</mv><qntm>{ 50  100  500  1000  2000  5000   }</qntm></red><blue><mv>{ 100  200  500  1000  2000  5000   }</mv><qntm>{ 10  20  50  100  200  500   }</qntm></blue></lcf_cal></user></li6400>
"12:13:38 "
$STARTOFDATA$
"Obs"	"HHMMSS"	"FTime"	"EBal?"	"Photo"	"Cond"	"Ci"	"Trmmol"	"VpdL"	"CTleaf"	"Area"	"BLC_1"	"StmRat"	"BLCond"	"Tair"	"Tleaf"	"TBlk"	"CO2R"	"CO2S"	"H2OR"	"H2OS"	"RH_R"	"RH_S"	"Flow"	"PARi"	"PARo"	"Press"	"CsMch"	"HsMch"	"StableF"	"BLCslope"	"BLCoffst"	"f_parin"	"f_parout"	"alphaK"	"Status"
1	"12:22:33"	559.0	0	7.93	0.138	287	1.66	0.912	9.69	6	1.42	1	2.84	4.38	9.69	1.98	400.06	389.75	2.044	4.031	17.83	35.16	499.4	1700	8	73.15	3.41	0.488	1.0	-0.22	2.74	1.00	0.00	0.16	111115
2	"12:22:33"	559.5	0	7.94	0.138	287	1.66	0.912	9.69	6	1.42	1	2.84	4.38	9.69	1.98	400.06	389.74	2.044	4.032	17.83	35.17	499.4	1700	8	73.15	3.41	0.488	1.0	-0.22	2.74	1.00	0.00	0.16	111115
3	"12:22:34"	560.0	0	7.93	0.138	287	1.66	0.913	9.70	6	1.42	1	2.84	4.38	9.70	1.99	400.04	389.73	2.045	4.032	17.83	35.17	499.4	1700	8	73.15	3.41	0.488	1.0	-0.22	2.74	1.00	0.00	0.16	111115
4	"12:22:34"	560.5	0	7.93	0.138	287	1.66	0.912	9.69	6	1.42	1	2.84	4.38	9.69	1.99	400.03	389.72	2.044	4.033	17.83	35.17	499.4	1700	8	73.15	3.41	0.488	1.0	-0.22	2.74	1.00	0.00	0.16	111115
5	"12:22:35"	560.5	0	7.93	0.138	287	1.66	0.912	9.69	6	1.42	1	2.84	4.38	9.69	1.99	400.03	389.72	2.044	4.033	17.83	35.17	499.4	1700	8	73.15	3.41	0.488	1.0	-0.22	2.74	1.00	0.00	0.16	111115
6	"12:22:35"	561.0	0	7.94	0.138	287	1.66	0.912	9.69	6	1.42	1	2.84	4.38	9.69	1.99	400.04	389.73	2.044	4.032	17.83	35.17	499.4	1700	8	73.15	3.41	0.488	1.0	-0.22	2.74	1.00	0.00	0.16	111115
7	"12:22:36"	561.5	0	7.93	0.138	287	1.66	0.912	9.69	6	1.42	1	2.84	4.38	9.69	1.99	400.03	389.73	2.043	4.032	17.82	35.17	499.4	1700	8	73.15	3.41	0.488	1.0	-0.22	2.74	1.00	0.00	0.16	111115
8	"12:22:36"	562.0	0	7.96	0.138	287	1.66	0.913	9.69	6	1.42	1	2.84	4.38	9.69	1.99	400.06	389.73	2.044	4.032	17.82	35.16	499.4	1700	8	73.15	3.41	0.488	1.0	-0.22	2.74	1.00	0.00	0.16	111115
9	"12:22:37"	562.5	0	7.96	0.138	287	1.66	0.912	9.69	6	1.42	1	2.84	4.38	9.69	1.99	400.07	389.73	2.043	4.033	17.82	35.17	499.4	1700	8	73.15	3.41	0.488	1.0	-0.22	2.74	1.00	0.00	0.16	111115
10	"12:22:37"	563.0	0	7.98	0.138	287	1.66	0.912	9.69	6	1.42	1	2.84	4.38	9.69	1.99	400.08	389.72	2.044	4.032	17.82	35.16	499.4	1699	8	73.15	3.41	0.488	1.0	-0.22	2.74	1.00	0.00	0.16	111115
11	"12:22:38"	563.5	0	7.99	0.138	287	1.66	0.912	9.69	6	1.42	1	2.84	4.38	9.69	1.99	400.09	389.71	2.044	4.031	17.82	35.16	499.4	1699	8	73.15	3.41	0.488	1.0	-0.22	2.74	1.00	0.00	0.16	111115
12	"12:22:38"	564.0	0	8.01	0.139	287	1.66	0.911	9.68	6	1.42	1	2.84	4.38	9.68	1.99	400.13	389.73	2.044	4.033	17.82	35.17	499.4	1699	8	73.15	3.41	0.488	1.0	-0.22	2.74	1.00	0.00	0.16	111115
13	"12:22:39"	564.5	0	8.01	0.138	286	1.66	0.912	9.68	6	1.42	1	2.84	4.38	9.68	1.99	400.14	389.73	2.044	4.032	17.82	35.16	499.4	1699	8	73.15	3.41	0.488	1.0	-0.22	2.74	1.00	0.00	0.16	111115
14	"12:22:39"	565.0	0	8	0.138	287	1.66	0.912	9.69	6	1.42	1	2.84	4.38	9.69	1.99	400.10	389.71	2.044	4.032	17.83	35.16	499.4	1699	8	73.15	3.41	0.488	1.0	-0.22	2.74	1.00	0.00	0.16	111115
15	"12:22:40"	565.5	0	7.99	0.138	287	1.66	0.911	9.68	6	1.42	1	2.84	4.38	9.68	1.99	400.07	389.70	2.044	4.033	17.83	35.16	499.4	1699	8	73.15	3.41	0.488	1.0	-0.22	2.74	1.00	0.00	0.16	111115
16	"12:31:10"	1077.0	0	8.99	0.168	291	2.33	1.06	12.59	6	1.42	1	2.84	8.70	12.59	7.05	400.51	388.62	2.741	5.523	17.76	35.77	499.4	1701	9	73.15	2.81	0.496	1.0	-0.22	2.74	1.00	0.00	0.16	111115
17	"12:31:11"	1078.0	0	9.02	0.168	291	2.33	1.06	12.58	6	1.42	1	2.84	8.70	12.58	7.05	400.54	388.61	2.741	5.524	17.75	35.78	499.4	1701	9	73.15	2.81	0.496	1.0	-0.22	2.74	1.00	0.00	0.16	111115
18	"12:31:12"	1078.0	0	9.02	0.168	291	2.33	1.06	12.58	6	1.42	1	2.84	8.70	12.58	7.05	400.54	388.61	2.741	5.524	17.75	35.78	499.4	1701	9	73.15	2.81	0.496	1.0	-0.22	2.74	1.00	0.00	0.16	111115
19	"12:31:12"	1078.5	0	9.03	0.168	291	2.33	1.06	12.58	6	1.42	1	2.84	8.70	12.58	7.05	400.53	388.59	2.741	5.525	17.75	35.78	499.4	1701	9	73.15	2.81	0.496	1.0	-0.22	2.74	1.00	0.00	0.16	111115
20	"12:31:12"	1079.0	0	9.04	0.169	291	2.33	1.06	12.58	6	1.42	1	2.84	8.70	12.58	7.05	400.53	388.58	2.741	5.526	17.75	35.79	499.4	1701	9	73.15	2.81	0.496	1.0	-0.22	2.74	1.00	0.00	0.16	111115
21	"12:31:13"	1079.0	0	9.04	0.169	291	2.33	1.06	12.58	6	1.42	1	2.84	8.70	12.58	7.05	400.53	388.58	2.741	5.526	17.75	35.79	499.4	1701	9	73.15	2.81	0.496	1.0	-0.22	2.74	1.00	0.00	0.16	111115
22	"12:31:13"	1079.5	0	9.03	0.169	291	2.33	1.06	12.57	6	1.42	1	2.84	8.70	12.57	7.05	400.54	388.60	2.740	5.526	17.75	35.79	499.4	1701	9	73.15	2.81	0.496	1.0	-0.22	2.74	1.00	0.00	0.16	111115
23	"12:31:14"	1080.0	0	9.04	0.169	291	2.33	1.06	12.57	6	1.42	1	2.84	8.70	12.57	7.05	400.55	388.60	2.740	5.526	17.75	35.79	499.4	1701	9	73.15	2.81	0.496	1.0	-0.22	2.74	1.00	0.00	0.16	111115
24	"12:31:14"	1080.5	0	9.03	0.169	291	2.33	1.06	12.58	6	1.42	1	2.84	8.70	12.58	7.05	400.54	388.60	2.740	5.525	17.74	35.78	499.4	1701	9	73.15	2.81	0.496	1.0	-0.22	2.74	1.00	0.00	0.16	111115
25	"12:31:15"	1081.0	0	9.01	0.169	291	2.33	1.06	12.58	6	1.42	1	2.84	8.70	12.58	7.05	400.54	388.62	2.740	5.526	17.74	35.79	499.4	1701	9	73.15	2.81	0.496	1.0	-0.22	2.74	1.00	0.00	0.16	111115
26	"12:31:15"	1081.5	0	9.01	0.169	291	2.33	1.06	12.59	6	1.42	1	2.84	8.70	12.59	7.05	400.53	388.62	2.739	5.526	17.74	35.79	499.4	1701	9	73.15	2.81	0.496	1.0	-0.22	2.74	1.00	0.00	0.16	111115
27	"12:31:16"	1082.0	0	9.02	0.168	291	2.33	1.06	12.60	6	1.42	1	2.84	8.70	12.60	7.05	400.53	388.60	2.739	5.526	17.74	35.79	499.4	1701	9	73.15	2.81	0.496	1.0	-0.22	2.74	1.00	0.00	0.16	111115
28	"12:31:16"	1082.5	0	9.02	0.168	291	2.33	1.06	12.60	6	1.42	1	2.84	8.70	12.60	7.05	400.52	388.59	2.738	5.525	17.73	35.78	499.4	1701	9	73.15	2.81	0.496	1.0	-0.22	2.74	1.00	0.00	0.16	111115
29	"12:31:17"	1083.0	0	9	0.168	291	2.33	1.06	12.60	6	1.42	1	2.84	8.70	12.60	7.05	400.54	388.64	2.739	5.525	17.74	35.78	499.4	1701	9	73.15	2.81	0.496	1.0	-0.22	2.74	1.00	0.00	0.16	111115
30	"12:31:17"	1083.5	0	9.01	0.168	291	2.33	1.06	12.60	6	1.42	1	2.84	8.70	12.60	7.05	400.56	388.64	2.739	5.524	17.74	35.77	499.4	1701	9	73.15	2.81	0.496	1.0	-0.22	2.74	1.00	0.00	0.16	111115
31	"12:37:30"	1456.0	0	9.54	0.172	285	2.78	1.23	15.63	6	1.42	1	2.84	13.37	15.63	12.63	400.20	387.44	4.196	7.516	19.92	35.69	499.3	1700	9	73.14	2.33	0.515	1.0	-0.22	2.74	1.00	0.00	0.16	111115
32	"12:37:30"	1456.5	0	9.52	0.172	285	2.78	1.23	15.64	6	1.42	1	2.84	13.38	15.64	12.64	400.19	387.46	4.196	7.516	19.92	35.68	499.3	1700	9	73.14	2.33	0.515	1.0	-0.22	2.74	1.00	0.00	0.16	111115
33	"12:37:31"	1457.0	0	9.52	0.172	285	2.78	1.23	15.63	6	1.42	1	2.84	13.38	15.63	12.64	400.18	387.45	4.196	7.516	19.92	35.68	499.3	1700	9	73.14	2.33	0.515	1.0	-0.22	2.74	1.00	0.00	0.16	111115
34	"12:37:31"	1457.5	0	9.47	0.172	286	2.78	1.23	15.64	6	1.42	1	2.84	13.38	15.64	12.64	400.16	387.49	4.196	7.515	19.92	35.67	499.3	1700	9	73.14	2.33	0.515	1.0	-0.22	2.74	1.00	0.00	0.16	111115
35	"12:37:32"	1458.0	0	9.51	0.172	285	2.78	1.23	15.64	6	1.42	1	2.84	13.38	15.64	12.64	400.17	387.44	4.196	7.516	19.92	35.67	499.3	1700	9	73.14	2.33	0.515	1.0	-0.22	2.74	1.00	0.00	0.16	111115
36	"12:37:32"	1458.5	0	9.5	0.172	285	2.78	1.23	15.64	6	1.42	1	2.84	13.38	15.64	12.64	400.17	387.45	4.195	7.516	19.91	35.67	499.3	1700	9	73.14	2.33	0.515	1.0	-0.22	2.74	1.00	0.00	0.16	111115
37	"12:37:33"	1459.0	0	9.5	0.172	286	2.79	1.23	15.64	6	1.42	1	2.84	13.38	15.64	12.64	400.16	387.44	4.196	7.518	19.91	35.67	499.3	1700	9	73.14	2.33	0.515	1.0	-0.22	2.74	1.00	0.00	0.16	111115
38	"12:37:33"	1459.5	0	9.52	0.172	285	2.79	1.23	15.64	6	1.42	1	2.84	13.39	15.64	12.64	400.17	387.44	4.197	7.519	19.91	35.68	499.3	1701	9	73.14	2.33	0.515	1.0	-0.22	2.74	1.00	0.00	0.16	111115
39	"12:37:34"	1460.0	0	9.57	0.172	285	2.79	1.23	15.64	6	1.42	1	2.84	13.39	15.64	12.65	400.20	387.41	4.198	7.519	19.91	35.67	499.3	1701	9	73.14	2.33	0.515	1.0	-0.22	2.74	1.00	0.00	0.16	111115
40	"12:37:34"	1460.5	0	9.58	0.172	285	2.79	1.23	15.64	6	1.42	1	2.84	13.39	15.64	12.65	400.24	387.42	4.198	7.521	19.91	35.67	499.4	1701	9	73.14	2.33	0.515	1.0	-0.22	2.74	1.00	0.00	0.16	111115
41	"12:37:35"	1461.0	0	9.6	0.172	285	2.79	1.23	15.65	6	1.42	1	2.84	13.39	15.65	12.65	400.26	387.42	4.198	7.520	19.91	35.67	499.3	1701	9	73.14	2.33	0.515	1.0	-0.22	2.74	1.00	0.00	0.16	111115
42	"12:37:36"	1461.5	0	9.61	0.172	284	2.79	1.23	15.65	6	1.42	1	2.84	13.39	15.65	12.65	400.28	387.43	4.199	7.520	19.91	35.66	499.4	1701	9	73.14	2.33	0.515	1.0	-0.22	2.74	1.00	0.00	0.16	111115
43	"12:37:36"	1462.0	0	9.58	0.172	285	2.79	1.23	15.65	6	1.42	1	2.84	13.40	15.65	12.65	400.27	387.47	4.198	7.520	19.91	35.66	499.4	1701	9	73.14	2.33	0.515	1.0	-0.22	2.74	1.00	0.00	0.16	111115
44	"12:37:37"	1462.5	0	9.6	0.172	284	2.79	1.24	15.66	6	1.42	1	2.84	13.40	15.66	12.65	400.30	387.46	4.198	7.520	19.91	35.65	499.4	1700	9	73.14	2.33	0.515	1.0	-0.22	2.74	1.00	0.00	0.16	111115
45	"12:37:37"	1463.0	0	9.61	0.172	284	2.79	1.24	15.67	6	1.42	1	2.84	13.40	15.67	12.66	400.31	387.46	4.197	7.520	19.90	35.65	499.4	1700	9	73.14	2.33	0.515	1.0	-0.22	2.74	1.00	0.00	0.16	111115
46	"12:48:25"	2111.0	0	10	0.155	267	3.21	1.56	20.08	6	1.42	1	2.84	18.79	20.08	18.47	400.06	386.55	7.073	10.893	23.75	36.58	499.4	1700	7	73.11	2.11	0.535	1.0	-0.22	2.74	1.00	0.00	0.16	111115
47	"12:48:25"	2111.0	0	10	0.155	267	3.21	1.56	20.08	6	1.42	1	2.84	18.79	20.08	18.47	400.06	386.55	7.073	10.893	23.75	36.58	499.4	1700	7	73.11	2.11	0.535	1.0	-0.22	2.74	1.00	0.00	0.16	111115
48	"12:48:26"	2111.5	0	10	0.155	267	3.21	1.56	20.08	6	1.42	1	2.84	18.80	20.08	18.47	400.06	386.55	7.074	10.895	23.75	36.59	499.3	1700	7	73.11	2.11	0.535	1.0	-0.22	2.74	1.00	0.00	0.16	111115
49	"12:48:27"	2112.0	0	10	0.155	267	3.22	1.56	20.08	6	1.42	1	2.84	18.80	20.08	18.48	400.10	386.58	7.075	10.898	23.75	36.59	499.3	1700	7	73.11	2.11	0.535	1.0	-0.22	2.74	1.00	0.00	0.16	111115
50	"12:48:27"	2112.5	0	10	0.156	267	3.22	1.56	20.08	6	1.42	1	2.84	18.80	20.08	18.48	400.12	386.59	7.075	10.899	23.75	36.59	499.3	1700	7	73.11	2.11	0.535	1.0	-0.22	2.74	1.00	0.00	0.16	111115
51	"12:48:28"	2113.0	0	10	0.156	267	3.22	1.56	20.08	6	1.42	1	2.84	18.80	20.08	18.48	400.11	386.59	7.075	10.900	23.75	36.59	499.4	1700	7	73.11	2.11	0.535	1.0	-0.22	2.74	1.00	0.00	0.16	111115
52	"12:48:28"	2113.5	0	10	0.156	267	3.22	1.56	20.08	6	1.42	1	2.84	18.81	20.08	18.48	400.11	386.58	7.076	10.903	23.75	36.59	499.4	1700	7	73.11	2.11	0.535	1.0	-0.22	2.74	1.00	0.00	0.16	111115
53	"12:48:29"	2114.0	0	9.99	0.156	268	3.22	1.56	20.08	6	1.42	1	2.84	18.81	20.08	18.49	400.10	386.60	7.076	10.904	23.74	36.59	499.4	1700	7	73.11	2.11	0.535	1.0	-0.22	2.74	1.00	0.00	0.16	111115
54	"12:48:29"	2114.5	0	9.99	0.156	268	3.22	1.56	20.08	6	1.42	1	2.84	18.81	20.08	18.49	400.10	386.60	7.077	10.907	23.74	36.59	499.4	1700	7	73.11	2.11	0.535	1.0	-0.22	2.74	1.00	0.00	0.16	111115
55	"12:48:30"	2115.0	0	9.98	0.156	268	3.22	1.56	20.08	6	1.42	1	2.84	18.81	20.08	18.49	400.09	386.60	7.077	10.908	23.74	36.59	499.4	1700	7	73.11	2.11	0.535	1.0	-0.22	2.74	1.00	0.00	0.16	111115
56	"12:48:30"	2115.5	0	9.99	0.156	268	3.22	1.56	20.08	6	1.42	1	2.84	18.82	20.08	18.49	400.11	386.60	7.076	10.906	23.73	36.58	499.4	1700	6	73.11	2.11	0.535	1.0	-0.22	2.74	1.00	0.00	0.16	111115
57	"12:48:31"	2116.0	0	9.98	0.156	268	3.22	1.56	20.09	6	1.42	1	2.84	18.82	20.09	18.49	400.09	386.60	7.077	10.906	23.73	36.57	499.4	1700	6	73.11	2.11	0.535	1.0	-0.22	2.74	1.00	0.00	0.16	111115
58	"12:48:31"	2116.5	0	9.94	0.156	268	3.22	1.56	20.09	6	1.42	1	2.84	18.82	20.09	18.50	400.09	386.64	7.077	10.907	23.73	36.57	499.4	1700	6	73.11	2.11	0.535	1.0	-0.22	2.74	1.00	0.00	0.16	111115
59	"12:48:32"	2117.0	0	9.96	0.156	268	3.22	1.56	20.09	6	1.42	1	2.84	18.82	20.09	18.50	400.12	386.65	7.078	10.906	23.73	36.56	499.4	1700	6	73.11	2.11	0.535	1.0	-0.22	2.74	1.00	0.00	0.16	111115
60	"12:48:32"	2117.5	0	9.95	0.156	268	3.22	1.56	20.09	6	1.42	1	2.84	18.82	20.09	18.50	400.12	386.67	7.078	10.906	23.73	36.56	499.4	1700	7	73.11	2.11	0.535	1.0	-0.22	2.74	1.00	0.00	0.16	111115
"OPEN 6.1.4"
"Wed Jun 22 2016 12:55:10"
<open><version>"6.1.4"</version></open>
<open><configfile>"/User/Configs/UserPrefs/LED2x3.xml"</configfile></open>
<open><light><source>"6400-02 or -02B LED Source"</source><par_in>1 <sensor>"SI-3158"<cal>-0.91<actinity>1.00</actinity><transm>1.00</transm></cal></sensor><transm>1 </transm></par_in><par_out>1 <sensor>"Q45198"<cal>6.26 </cal></sensor></par_out></light></open>
<open><comps><file>"/User/Configs/Comps/StdComps_6.1"<header>""</header><extras></extras></file><energybal>no<f_parIn>1 </f_parIn><f_parOut>0 </f_parOut><alphaK>0.16</alphaK></energybal><bc_total>2.840<stomatal_ratio>1</stomatal_ratio><bc_oneside>1.420<type>2 </type><table>"/Sys/Lib/StdBLCTable"</table><area>6</area><slope>-0.219565 </slope><offset>2.73739 </offset><fan>5 </fan></bc_oneside></bc_total></comps></open>
<open><prompts><onlog>off</onlog><items>"Default (none)"</items></prompts></open>
<open><constants><oxygen>21 %</oxygen><bb_vapor>1.5 </bb_vapor><bb_oxy>0.9 </bb_oxy></constants></open>
<open><stability><items>"Std Stability"<items[1]><id>-2 </id><size>15 </size><pcv><onoff>0 </onoff><value>1 </value></pcv><std><onoff>0 </onoff><value>1 </value></std><slp><onoff>1 </onoff><value>1 </value></slp></items[1]><items[2]><id>-5 </id><size>15 </size><pcv><onoff>0 </onoff><value>1 </value></pcv><std><onoff>0 </onoff><value>1 </value></std><slp><onoff>1 </onoff><value>1 </value></slp></items[2]><items[3]><id>-7 </id><size>15 </size><pcv><onoff>0 </onoff><value>1 </value></pcv><std><onoff>0 </onoff><value>1 </value></std><slp><onoff>1 </onoff><value>1 </value></slp></items[3]></items></stability></open>
<open><log><format>"StdLogFmt_6.0"<items>{ -35  -21  -36  -76  30  23  36  21  25  221  -33  111  -34  11  -9  -10  -8  -1  -2  -4  -5  -14  -15  -7  -12  -13  -11  -65  -66  -72  -18  -19  -77  -78  -79  -23   }<hdr>{  }</hdr></items></format><options><beep>on</beep><hdr>normal</hdr><rem>normal</rem><stab>no</stab><stats>no<period>15 </period></stats><excel>yes</excel><comm>no</comm></options><datafile>"/User/062216-stm-vaoc3"</datafile><button><action>"Normal Log"<code>" LogOneObsManual "</code></action></button><autoprog>"/User/Configs/AutoProgs/AutoLog"<active>no</active></autoprog></log></open>
<open><a2d><avgtime>4.0 secs</avgtime><userchans><ch20>"Off"</ch20><ch21>"Off"</ch21><ch22>"Off"</ch22><ch23>"Off"</ch23></userchans></a2d></open>
<open><matching><type>0 </type><disp>'a'</disp><settings><CO2Limit>10.0</CO2Limit><H2OLimit>1.0</H2OLimit><MaxAutoTime>60 </MaxAutoTime></settings></matching></open>
<li6400><factory><unit>"PSC-3209"</unit><serviced>"16 Dec 2014"</serviced><fuseaware>0 </fuseaware><co2mixer>yes</co2mixer><co2><coeffs>{ 0  0.216636  2.62002e-05  2.19439e-08  -3.94571e-12  3.98731e-16   }</coeffs><dvdt>-2.6 </dvdt><xs>{ -0.0003  0.0006   }</xs></co2><h2o><coeffs>{ 0  0.00577737  2.23637e-06  -4.35816e-12   }</coeffs><dvdt>-1.8 </dvdt><xs>{ -0.0011  -0.0004   }</xs></h2o><flow>{ 0  0.3692   }</flow><press>{ 87.857  0.00553   }</press></factory></li6400>
<li6400><user><flow_zero>-506.7</flow_zero><irga_zero><co2>234.5 -155.6<at>19.7121 </at></co2><h2o>78.4 117.4<at>25.1295 </at></h2o></irga_zero><irga_span><co2>{ 0.990037  0.995087   }</co2><h2o>{ 1.00311  1.00811   }</h2o></irga_span><irga_match><co2>{ 0.500348  2.02858   }</co2><h2o>{ 0.127115  0.544083   }</h2o></irga_match><co2_mixer><pump_mv>4500 </pump_mv><ppm>{ 2362.72  1117.56  442.288  269.415  124.411  73.5502  53.2906  53.2105   }</ppm><mv>{ 5000  3000  1500  1000  500  300  200  100   }</mv></co2_mixer><parin_offset>0 </parin_offset><led_cal><unit>"SI-3158"</unit><mv>{ 10  25  50  100  1000  2000  3000  4000  5000   }</mv><qntm>{ 3.03636  13.4569  35.1195  80.6932  1020.17  2027.68  2981.23  3902.95  4595.23   }</qntm></led_cal><lcf_cal><unit>"unknown"</unit><red><mv>{ 50  100  500  1000  1500  5000   }</mv><qntm>{ 50  100  500  1000  2000  5000   }</qntm></red><blue><mv>{ 100  200  500  1000  2000  5000   }</mv><qntm>{ 10  20  50  100  200  500   }</qntm></blue></lcf_cal></user></li6400>
"12:55:11 "
$STARTOFDATA$
"Obs"	"HHMMSS"	"FTime"	"EBal?"	"Photo"	"Cond"	"Ci"	"Trmmol"	"VpdL"	"CTleaf"	"Area"	"BLC_1"	"StmRat"	"BLCond"	"Tair"	"Tleaf"	"TBlk"	"CO2R"	"CO2S"	"H2OR"	"H2OS"	"RH_R"	"RH_S"	"Flow"	"PARi"	"PARo"	"Press"	"CsMch"	"HsMch"	"StableF"	"BLCslope"	"BLCoffst"	"f_parin"	"f_parout"	"alphaK"	"Status"
1	"12:55:26"	19.0	0	9.97	0.149	261	3.7	1.86	22.34	6	1.42	1	2.84	21.53	22.34	21.31	399.84	386.14	7.208	11.608	20.44	32.91	499.4	1699	5	73.11	2.03	0.544	1.0	-0.22	2.74	1.00	0.00	0.16	111115
2	"12:55:27"	19.5	0	9.98	0.149	261	3.7	1.86	22.34	6	1.42	1	2.84	21.53	22.34	21.31	399.85	386.14	7.208	11.608	20.44	32.91	499.4	1699	5	73.11	2.03	0.544	1.0	-0.22	2.74	1.00	0.00	0.16	111115
3	"12:55:27"	19.5	0	9.98	0.149	261	3.7	1.86	22.34	6	1.42	1	2.84	21.53	22.34	21.31	399.85	386.14	7.208	11.608	20.44	32.91	499.4	1699	5	73.11	2.03	0.544	1.0	-0.22	2.74	1.00	0.00	0.16	111115
4	"12:55:28"	20.0	0	10	0.149	260	3.7	1.86	22.35	6	1.42	1	2.84	21.53	22.35	21.31	399.88	386.11	7.208	11.608	20.44	32.91	499.4	1699	5	73.11	2.03	0.544	1.0	-0.22	2.74	1.00	0.00	0.16	111115
5	"12:55:28"	20.5	0	10	0.149	260	3.71	1.86	22.35	6	1.42	1	2.84	21.53	22.35	21.31	399.89	386.10	7.208	11.611	20.43	32.91	499.4	1699	5	73.11	2.03	0.544	1.0	-0.22	2.74	1.00	0.00	0.16	111115
6	"12:55:29"	21.0	0	10	0.149	260	3.71	1.86	22.35	6	1.42	1	2.84	21.53	22.35	21.32	399.87	386.09	7.208	11.611	20.43	32.91	499.4	1699	5	73.11	2.03	0.544	1.0	-0.22	2.74	1.00	0.00	0.16	111115
7	"12:55:29"	21.5	0	10	0.15	260	3.71	1.86	22.35	6	1.42	1	2.84	21.54	22.35	21.32	399.85	386.08	7.208	11.612	20.43	32.91	499.4	1699	5	73.11	2.03	0.544	1.0	-0.22	2.74	1.00	0.00	0.16	111115
8	"12:55:30"	22.0	0	10	0.15	261	3.71	1.86	22.35	6	1.42	1	2.84	21.54	22.35	21.32	399.83	386.06	7.208	11.613	20.43	32.91	499.4	1699	5	73.11	2.03	0.544	1.0	-0.22	2.74	1.00	0.00	0.16	111115
9	"12:55:30"	22.5	0	10	0.15	261	3.71	1.86	22.35	6	1.42	1	2.84	21.54	22.35	21.32	399.83	386.09	7.208	11.614	20.43	32.92	499.4	1699	5	73.11	2.03	0.544	1.0	-0.22	2.74	1.00	0.00	0.16	111115
10	"12:55:31"	23.0	0	10	0.15	261	3.71	1.86	22.35	6	1.42	1	2.84	21.54	22.35	21.32	399.85	386.10	7.208	11.614	20.43	32.91	499.4	1699	5	73.11	2.03	0.544	1.0	-0.22	2.74	1.00	0.00	0.16	111115
11	"12:55:31"	23.0	0	10	0.15	261	3.71	1.86	22.35	6	1.42	1	2.84	21.54	22.35	21.32	399.85	386.10	7.208	11.614	20.43	32.91	499.4	1699	5	73.11	2.03	0.544	1.0	-0.22	2.74	1.00	0.00	0.16	111115
12	"12:55:32"	23.5	0	10	0.15	261	3.71	1.86	22.36	6	1.42	1	2.84	21.54	22.36	21.32	399.84	386.09	7.208	11.614	20.42	32.91	499.4	1699	5	73.11	2.03	0.544	1.0	-0.22	2.74	1.00	0.00	0.16	111115
13	"12:55:32"	24.0	0	9.98	0.15	261	3.71	1.86	22.35	6	1.42	1	2.84	21.54	22.35	21.32	399.83	386.12	7.208	11.614	20.42	32.91	499.4	1699	5	73.11	2.03	0.544	1.0	-0.22	2.74	1.00	0.00	0.16	111115
14	"12:55:33"	24.5	0	9.99	0.15	261	3.71	1.86	22.35	6	1.42	1	2.84	21.54	22.35	21.32	399.84	386.12	7.208	11.614	20.42	32.91	499.4	1699	5	73.11	2.03	0.544	1.0	-0.22	2.74	1.00	0.00	0.16	111115
15	"12:55:33"	25.0	0	9.99	0.15	261	3.71	1.86	22.35	6	1.42	1	2.84	21.54	22.35	21.32	399.87	386.14	7.208	11.612	20.42	32.90	499.4	1699	5	73.11	2.03	0.544	1.0	-0.22	2.74	1.00	0.00	0.16	111115
