"OPEN 6.1.4"
"Wed Jun 22 2016 09:02:09"
<open><version>"6.1.4"</version></open>
<open><configfile>"/User/Configs/UserPrefs/LED2x3.xml"</configfile></open>
<open><light><source>"6400-02 or -02B LED Source"</source><par_in>1 <sensor>"SI-3158"<cal>-0.91<actinity>1.00</actinity><transm>1.00</transm></cal></sensor><transm>1 </transm></par_in><par_out>1 <sensor>"Q45198"<cal>6.26 </cal></sensor></par_out></light></open>
<open><comps><file>"/User/Configs/Comps/StdComps_6.1"<header>""</header><extras></extras></file><energybal>no<f_parIn>1 </f_parIn><f_parOut>0 </f_parOut><alphaK>0.16</alphaK></energybal><bc_total>2.840<stomatal_ratio>1</stomatal_ratio><bc_oneside>1.420<type>2 </type><table>"/Sys/Lib/StdBLCTable"</table><area>6</area><slope>-0.219565 </slope><offset>2.73739 </offset><fan>5 </fan></bc_oneside></bc_total></comps></open>
<open><prompts><onlog>off</onlog><items>"Default (none)"</items></prompts></open>
<open><constants><oxygen>21 %</oxygen><bb_vapor>1.5 </bb_vapor><bb_oxy>0.9 </bb_oxy></constants></open>
<open><stability><items>"Std Stability"<items[1]><id>-2 </id><size>15 </size><pcv><onoff>0 </onoff><value>1 </value></pcv><std><onoff>0 </onoff><value>1 </value></std><slp><onoff>1 </onoff><value>1 </value></slp></items[1]><items[2]><id>-5 </id><size>15 </size><pcv><onoff>0 </onoff><value>1 </value></pcv><std><onoff>0 </onoff><value>1 </value></std><slp><onoff>1 </onoff><value>1 </value></slp></items[2]><items[3]><id>-7 </id><size>15 </size><pcv><onoff>0 </onoff><value>1 </value></pcv><std><onoff>0 </onoff><value>1 </value></std><slp><onoff>1 </onoff><value>1 </value></slp></items[3]></items></stability></open>
<open><log><format>"StdLogFmt_6.0"<items>{ -35  -21  -36  -76  30  23  36  21  25  221  -33  111  -34  11  -9  -10  -8  -1  -2  -4  -5  -14  -15  -7  -12  -13  -11  -65  -66  -72  -18  -19  -77  -78  -79  -23   }<hdr>{  }</hdr></items></format><options><beep>on</beep><hdr>normal</hdr><rem>normal</rem><stab>no</stab><stats>no<period>15 </period></stats><excel>yes</excel><comm>no</comm></options><datafile>"/User/062216-stm-taof2"</datafile><button><action>"Normal Log"<code>" LogOneObsManual "</code></action></button><autoprog>"/User/Configs/AutoProgs/AutoLog"<active>no</active></autoprog></log></open>
<open><a2d><avgtime>4.0 secs</avgtime><userchans><ch20>"Off"</ch20><ch21>"Off"</ch21><ch22>"Off"</ch22><ch23>"Off"</ch23></userchans></a2d></open>
<open><matching><type>0 </type><disp>'a'</disp><settings><CO2Limit>10.0</CO2Limit><H2OLimit>1.0</H2OLimit><MaxAutoTime>60 </MaxAutoTime></settings></matching></open>
<li6400><factory><unit>"PSC-3209"</unit><serviced>"16 Dec 2014"</serviced><fuseaware>0 </fuseaware><co2mixer>yes</co2mixer><co2><coeffs>{ 0  0.216636  2.62002e-05  2.19439e-08  -3.94571e-12  3.98731e-16   }</coeffs><dvdt>-2.6 </dvdt><xs>{ -0.0003  0.0006   }</xs></co2><h2o><coeffs>{ 0  0.00577737  2.23637e-06  -4.35816e-12   }</coeffs><dvdt>-1.8 </dvdt><xs>{ -0.0011  -0.0004   }</xs></h2o><flow>{ 0  0.3692   }</flow><press>{ 87.857  0.00553   }</press></factory></li6400>
<li6400><user><flow_zero>-506.7</flow_zero><irga_zero><co2>234.5 -155.6<at>19.7121 </at></co2><h2o>78.4 117.4<at>25.1295 </at></h2o></irga_zero><irga_span><co2>{ 0.990037  0.995087   }</co2><h2o>{ 1.00311  1.00811   }</h2o></irga_span><irga_match><co2>{ 0.500348  2.42205   }</co2><h2o>{ 0.127115  0.502161   }</h2o></irga_match><co2_mixer><pump_mv>4500 </pump_mv><ppm>{ 2362.72  1117.56  442.288  269.415  124.411  73.5502  53.2906  53.2105   }</ppm><mv>{ 5000  3000  1500  1000  500  300  200  100   }</mv></co2_mixer><parin_offset>0 </parin_offset><led_cal><unit>"SI-3158"</unit><mv>{ 10  25  50  100  1000  2000  3000  4000  5000   }</mv><qntm>{ 3.03636  13.4569  35.1195  80.6932  1020.17  2027.68  2981.23  3902.95  4595.23   }</qntm></led_cal><lcf_cal><unit>"unknown"</unit><red><mv>{ 50  100  500  1000  1500  5000   }</mv><qntm>{ 50  100  500  1000  2000  5000   }</qntm></red><blue><mv>{ 100  200  500  1000  2000  5000   }</mv><qntm>{ 10  20  50  100  200  500   }</qntm></blue></lcf_cal></user></li6400>
"09:02:11 "
$STARTOFDATA$
"Obs"	"HHMMSS"	"FTime"	"EBal?"	"Photo"	"Cond"	"Ci"	"Trmmol"	"VpdL"	"CTleaf"	"Area"	"BLC_1"	"StmRat"	"BLCond"	"Tair"	"Tleaf"	"TBlk"	"CO2R"	"CO2S"	"H2OR"	"H2OS"	"RH_R"	"RH_S"	"Flow"	"PARi"	"PARo"	"Press"	"CsMch"	"HsMch"	"StableF"	"BLCslope"	"BLCoffst"	"f_parin"	"f_parout"	"alphaK"	"Status"
1	"09:20:51"	1143.5	0	6.91	0.273	342	2.55	0.743	6.81	6	1.42	1	2.84	2.19	6.81	0.04	400.86	391.35	0.361	3.417	3.68	34.82	499.5	1701	9	73.19	2.84	0.441	1.0	-0.22	2.74	1.00	0.00	0.16	111115
2	"09:20:51"	1144.0	0	6.89	0.275	342	2.55	0.74	6.78	6	1.42	1	2.84	2.19	6.78	0.04	400.84	391.36	0.360	3.419	3.67	34.84	499.5	1701	9	73.19	2.84	0.441	1.0	-0.22	2.74	1.00	0.00	0.16	111115
3	"09:20:52"	1144.5	0	6.9	0.276	342	2.56	0.737	6.74	6	1.42	1	2.84	2.19	6.74	0.05	400.84	391.35	0.361	3.422	3.67	34.87	499.4	1701	9	73.19	2.84	0.441	1.0	-0.22	2.74	1.00	0.00	0.16	111115
4	"09:20:52"	1145.0	0	6.92	0.277	342	2.56	0.735	6.70	6	1.42	1	2.84	2.19	6.70	0.05	400.84	391.33	0.361	3.424	3.68	34.88	499.5	1701	9	73.19	2.84	0.441	1.0	-0.22	2.74	1.00	0.00	0.16	111115
5	"09:20:53"	1145.5	0	6.94	0.279	342	2.56	0.731	6.65	6	1.42	1	2.84	2.19	6.65	0.05	400.83	391.30	0.361	3.425	3.68	34.89	499.5	1701	9	73.19	2.84	0.441	1.0	-0.22	2.74	1.00	0.00	0.16	111115
6	"09:20:53"	1146.5	0	6.9	0.28	343	2.56	0.729	6.62	6	1.42	1	2.84	2.19	6.62	0.05	400.82	391.32	0.361	3.426	3.68	34.90	499.5	1701	9	73.19	2.84	0.441	1.0	-0.22	2.74	1.00	0.00	0.16	111115
7	"09:20:54"	1147.0	0	6.92	0.28	343	2.56	0.729	6.61	6	1.42	1	2.84	2.19	6.61	0.05	400.84	391.33	0.362	3.426	3.68	34.90	499.5	1701	9	73.19	2.84	0.441	1.0	-0.22	2.74	1.00	0.00	0.16	111115
8	"09:20:55"	1147.5	0	6.93	0.28	343	2.56	0.729	6.61	6	1.42	1	2.84	2.19	6.61	0.05	400.85	391.31	0.362	3.425	3.68	34.89	499.5	1701	9	73.19	2.84	0.441	1.0	-0.22	2.74	1.00	0.00	0.16	111115
9	"09:20:55"	1148.0	0	6.98	0.28	342	2.56	0.729	6.61	6	1.42	1	2.84	2.19	6.61	0.05	400.88	391.29	0.362	3.425	3.69	34.89	499.5	1701	9	73.19	2.84	0.441	1.0	-0.22	2.74	1.00	0.00	0.16	111115
10	"09:20:56"	1148.5	0	6.98	0.279	342	2.56	0.73	6.63	6	1.42	1	2.84	2.19	6.63	0.05	400.88	391.29	0.363	3.423	3.70	34.87	499.5	1702	9	73.19	2.84	0.441	1.0	-0.22	2.74	1.00	0.00	0.16	111115
11	"09:20:56"	1149.0	0	6.96	0.278	342	2.56	0.732	6.67	6	1.42	1	2.84	2.19	6.67	0.05	400.88	391.32	0.363	3.422	3.70	34.86	499.5	1702	9	73.19	2.84	0.441	1.0	-0.22	2.74	1.00	0.00	0.16	111115
12	"09:20:57"	1149.5	0	6.93	0.277	342	2.55	0.735	6.70	6	1.42	1	2.84	2.19	6.70	0.05	400.87	391.35	0.363	3.421	3.70	34.85	499.5	1702	9	73.19	2.84	0.441	1.0	-0.22	2.74	1.00	0.00	0.16	111115
13	"09:20:57"	1150.0	0	6.92	0.275	342	2.55	0.738	6.74	6	1.42	1	2.84	2.19	6.74	0.05	400.86	391.35	0.364	3.419	3.71	34.83	499.5	1701	9	73.19	2.84	0.441	1.0	-0.22	2.74	1.00	0.00	0.16	111115
14	"09:20:58"	1151.0	0	6.93	0.275	342	2.55	0.739	6.76	6	1.42	1	2.84	2.19	6.76	0.05	400.87	391.35	0.365	3.417	3.72	34.81	499.5	1701	9	73.19	2.84	0.441	1.0	-0.22	2.74	1.00	0.00	0.16	111115
15	"09:20:58"	1151.5	0	6.94	0.274	342	2.55	0.739	6.76	6	1.42	1	2.84	2.19	6.76	0.05	400.86	391.32	0.366	3.418	3.73	34.81	499.5	1701	9	73.19	2.84	0.441	1.0	-0.22	2.74	1.00	0.00	0.16	111115
16	"09:26:35"	1488.0	0	7.29	0.187	319	2.13	0.878	9.49	6	1.42	1	2.84	6.49	9.49	5.12	400.93	391.18	1.736	4.281	13.08	32.25	499.4	1699	11	73.18	2.15	0.458	1.0	-0.22	2.74	1.00	0.00	0.16	111115
17	"09:26:35"	1488.5	0	7.29	0.187	318	2.13	0.879	9.50	6	1.42	1	2.84	6.50	9.50	5.12	400.93	391.17	1.736	4.279	13.08	32.24	499.4	1699	10	73.18	2.15	0.458	1.0	-0.22	2.74	1.00	0.00	0.16	111115
18	"09:26:36"	1489.0	0	7.31	0.186	318	2.12	0.88	9.51	6	1.42	1	2.84	6.49	9.51	5.12	400.95	391.17	1.736	4.277	13.08	32.22	499.4	1699	10	73.18	2.15	0.458	1.0	-0.22	2.74	1.00	0.00	0.16	111115
19	"09:26:36"	1489.5	0	7.29	0.186	318	2.12	0.881	9.53	6	1.42	1	2.84	6.50	9.53	5.12	400.95	391.19	1.737	4.274	13.09	32.19	499.4	1699	10	73.18	2.15	0.458	1.0	-0.22	2.74	1.00	0.00	0.16	111115
20	"09:26:37"	1490.0	0	7.28	0.185	318	2.12	0.884	9.56	6	1.42	1	2.84	6.50	9.56	5.12	400.92	391.18	1.737	4.270	13.09	32.17	499.4	1699	10	73.18	2.15	0.458	1.0	-0.22	2.74	1.00	0.00	0.16	111115
21	"09:26:37"	1491.0	0	7.31	0.183	317	2.11	0.889	9.62	6	1.42	1	2.84	6.50	9.62	5.12	400.93	391.15	1.739	4.265	13.10	32.13	499.4	1699	10	73.18	2.15	0.458	1.0	-0.22	2.74	1.00	0.00	0.16	111115
22	"09:26:38"	1491.5	0	7.31	0.183	317	2.11	0.891	9.64	6	1.42	1	2.84	6.50	9.64	5.12	400.93	391.16	1.739	4.264	13.10	32.12	499.4	1699	10	73.18	2.15	0.458	1.0	-0.22	2.74	1.00	0.00	0.16	111115
23	"09:26:39"	1492.0	0	7.36	0.182	316	2.11	0.893	9.66	6	1.42	1	2.84	6.50	9.66	5.12	400.94	391.11	1.740	4.263	13.10	32.11	499.4	1699	10	73.18	2.15	0.458	1.0	-0.22	2.74	1.00	0.00	0.16	111115
24	"09:26:39"	1492.5	0	7.38	0.182	316	2.11	0.893	9.67	6	1.42	1	2.84	6.50	9.67	5.12	400.97	391.10	1.740	4.262	13.10	32.10	499.4	1699	10	73.18	2.15	0.458	1.0	-0.22	2.74	1.00	0.00	0.16	111115
25	"09:26:40"	1493.0	0	7.36	0.182	316	2.11	0.893	9.67	6	1.42	1	2.84	6.50	9.67	5.12	400.94	391.11	1.741	4.263	13.11	32.11	499.4	1699	10	73.18	2.15	0.458	1.0	-0.22	2.74	1.00	0.00	0.16	111115
26	"09:26:40"	1493.5	0	7.36	0.182	316	2.11	0.892	9.65	6	1.42	1	2.84	6.50	9.65	5.12	400.95	391.11	1.741	4.264	13.11	32.11	499.4	1699	10	73.18	2.15	0.458	1.0	-0.22	2.74	1.00	0.00	0.16	111115
27	"09:26:41"	1494.0	0	7.39	0.183	316	2.11	0.89	9.63	6	1.42	1	2.84	6.50	9.63	5.13	400.97	391.10	1.741	4.266	13.11	32.13	499.4	1699	10	73.18	2.15	0.458	1.0	-0.22	2.74	1.00	0.00	0.16	111115
28	"09:26:41"	1494.5	0	7.41	0.183	316	2.11	0.888	9.60	6	1.42	1	2.84	6.50	9.60	5.13	400.97	391.08	1.742	4.267	13.12	32.14	499.4	1699	10	73.18	2.15	0.458	1.0	-0.22	2.74	1.00	0.00	0.16	111115
29	"09:26:42"	1495.0	0	7.4	0.184	316	2.11	0.886	9.58	6	1.42	1	2.84	6.50	9.58	5.13	400.99	391.10	1.742	4.267	13.12	32.13	499.4	1699	10	73.18	2.15	0.458	1.0	-0.22	2.74	1.00	0.00	0.16	111115
30	"09:26:42"	1496.0	0	7.38	0.184	317	2.11	0.884	9.56	6	1.42	1	2.84	6.50	9.56	5.13	400.97	391.12	1.743	4.267	13.12	32.13	499.4	1699	10	73.18	2.15	0.458	1.0	-0.22	2.74	1.00	0.00	0.16	111115
31	"09:33:37"	1910.0	0	6.14	0.0891	268	1.2	1.01	12.79	6	1.42	1	2.84	10.74	12.79	9.99	398.95	389.02	4.721	6.516	26.67	36.81	399.5	1699	10	73.18	1.81	0.508	1.0	-0.22	2.74	1.00	0.00	0.16	111115
32	"09:33:37"	1910.5	0	6.17	0.0891	268	1.2	1.01	12.79	6	1.42	1	2.84	10.75	12.79	9.99	398.98	389.01	4.722	6.517	26.67	36.82	399.5	1699	10	73.18	1.81	0.508	1.0	-0.22	2.74	1.00	0.00	0.16	111115
33	"09:33:38"	1911.0	0	6.16	0.0891	268	1.2	1	12.78	6	1.42	1	2.84	10.75	12.78	9.99	398.95	389.00	4.722	6.517	26.68	36.81	399.5	1699	10	73.18	1.81	0.508	1.0	-0.22	2.74	1.00	0.00	0.16	111115
34	"09:33:38"	1911.5	0	6.14	0.0891	269	1.2	1	12.78	6	1.42	1	2.84	10.75	12.78	9.99	398.94	389.02	4.723	6.517	26.68	36.81	399.5	1699	10	73.18	1.81	0.508	1.0	-0.22	2.74	1.00	0.00	0.16	111115
35	"09:33:39"	1912.0	0	6.1	0.089	269	1.2	1.01	12.79	6	1.42	1	2.84	10.75	12.79	9.99	398.91	389.05	4.724	6.516	26.68	36.81	399.5	1699	10	73.18	1.81	0.508	1.0	-0.22	2.74	1.00	0.00	0.16	111115
36	"09:33:39"	1912.5	0	6.1	0.0889	269	1.2	1.01	12.80	6	1.42	1	2.84	10.75	12.80	9.99	398.90	389.03	4.724	6.516	26.68	36.81	399.5	1699	10	73.18	1.81	0.508	1.0	-0.22	2.74	1.00	0.00	0.16	111115
37	"09:33:40"	1913.0	0	6.11	0.0888	269	1.2	1.01	12.80	6	1.42	1	2.84	10.75	12.80	9.99	398.91	389.03	4.724	6.515	26.69	36.80	399.5	1699	10	73.18	1.81	0.508	1.0	-0.22	2.74	1.00	0.00	0.16	111115
38	"09:33:41"	1913.5	0	6.07	0.0888	269	1.2	1.01	12.80	6	1.42	1	2.84	10.75	12.80	9.99	398.90	389.08	4.724	6.516	26.68	36.80	399.5	1699	10	73.18	1.81	0.508	1.0	-0.22	2.74	1.00	0.00	0.16	111115
39	"09:33:41"	1914.0	0	6.07	0.0888	270	1.2	1.01	12.80	6	1.42	1	2.84	10.75	12.80	9.99	398.89	389.08	4.724	6.515	26.68	36.80	399.6	1699	10	73.18	1.81	0.508	1.0	-0.22	2.74	1.00	0.00	0.16	111115
40	"09:33:42"	1914.5	0	6.06	0.0888	270	1.2	1.01	12.80	6	1.42	1	2.84	10.75	12.80	9.99	398.88	389.08	4.725	6.516	26.69	36.80	399.6	1699	10	73.18	1.81	0.508	1.0	-0.22	2.74	1.00	0.00	0.16	111115
41	"09:33:42"	1915.0	0	6.05	0.0887	270	1.2	1.01	12.80	6	1.42	1	2.84	10.75	12.80	9.99	398.88	389.09	4.725	6.515	26.69	36.80	399.6	1699	10	73.18	1.81	0.508	1.0	-0.22	2.74	1.00	0.00	0.16	111115
42	"09:33:43"	1915.5	0	6.08	0.0887	269	1.2	1.01	12.80	6	1.42	1	2.84	10.75	12.80	9.99	398.90	389.07	4.726	6.515	26.69	36.80	399.5	1699	10	73.18	1.81	0.508	1.0	-0.22	2.74	1.00	0.00	0.16	111115
43	"09:33:43"	1916.0	0	6.1	0.0888	269	1.2	1.01	12.80	6	1.42	1	2.84	10.75	12.80	9.99	398.92	389.06	4.726	6.515	26.69	36.80	399.5	1699	10	73.18	1.81	0.508	1.0	-0.22	2.74	1.00	0.00	0.16	111115
44	"09:33:44"	1916.5	0	6.09	0.0886	269	1.2	1.01	12.79	6	1.42	1	2.84	10.75	12.79	9.99	398.92	389.07	4.727	6.515	26.70	36.80	399.5	1699	10	73.18	1.81	0.508	1.0	-0.22	2.74	1.00	0.00	0.16	111115
45	"09:33:44"	1917.0	0	6.09	0.0887	269	1.2	1.01	12.80	6	1.42	1	2.84	10.75	12.80	9.99	398.93	389.09	4.727	6.516	26.70	36.80	399.5	1699	10	73.18	1.81	0.508	1.0	-0.22	2.74	1.00	0.00	0.16	111115
46	"09:40:21"	2314.0	0	5.93	0.0778	253	1.28	1.21	16.25	6	1.42	1	2.84	15.22	16.25	15.06	399.62	386.74	6.214	8.750	26.19	36.88	299.5	1699	9	73.18	1.82	0.53	1.0	-0.22	2.74	1.00	0.00	0.16	111115
47	"09:40:21"	2314.5	0	5.95	0.0779	253	1.28	1.21	16.25	6	1.42	1	2.84	15.22	16.25	15.06	399.64	386.73	6.214	8.752	26.19	36.89	299.5	1699	9	73.18	1.82	0.53	1.0	-0.22	2.74	1.00	0.00	0.16	111115
48	"09:40:22"	2315.0	0	5.95	0.0779	253	1.28	1.21	16.24	6	1.42	1	2.84	15.22	16.24	15.06	399.65	386.73	6.214	8.753	26.19	36.89	299.5	1699	9	73.18	1.82	0.53	1.0	-0.22	2.74	1.00	0.00	0.16	111115
49	"09:40:22"	2315.5	0	5.95	0.078	253	1.28	1.21	16.24	6	1.42	1	2.84	15.23	16.24	15.06	399.67	386.75	6.213	8.754	26.19	36.89	299.5	1699	9	73.18	1.82	0.53	1.0	-0.22	2.74	1.00	0.00	0.16	111115
50	"09:40:23"	2316.0	0	5.96	0.078	253	1.28	1.21	16.24	6	1.42	1	2.84	15.23	16.24	15.06	399.69	386.76	6.214	8.755	26.19	36.90	299.5	1699	10	73.18	1.82	0.53	1.0	-0.22	2.74	1.00	0.00	0.16	111115
51	"09:40:23"	2316.5	0	5.97	0.0781	253	1.28	1.21	16.24	6	1.42	1	2.84	15.23	16.24	15.06	399.68	386.73	6.214	8.756	26.19	36.90	299.5	1699	9	73.18	1.82	0.53	1.0	-0.22	2.74	1.00	0.00	0.16	111115
52	"09:40:24"	2317.0	0	5.97	0.078	253	1.28	1.21	16.25	6	1.42	1	2.84	15.23	16.25	15.06	399.69	386.75	6.215	8.757	26.19	36.90	299.5	1699	9	73.18	1.82	0.53	1.0	-0.22	2.74	1.00	0.00	0.16	111115
53	"09:40:24"	2317.5	0	5.99	0.078	252	1.28	1.21	16.25	6	1.42	1	2.84	15.23	16.25	15.06	399.73	386.74	6.215	8.758	26.19	36.90	299.5	1699	9	73.18	1.82	0.53	1.0	-0.22	2.74	1.00	0.00	0.16	111115
54	"09:40:25"	2318.0	0	6	0.078	252	1.28	1.21	16.25	6	1.42	1	2.84	15.23	16.25	15.06	399.73	386.72	6.216	8.759	26.19	36.91	299.5	1699	9	73.18	1.82	0.53	1.0	-0.22	2.74	1.00	0.00	0.16	111115
55	"09:40:25"	2318.5	0	6	0.078	252	1.28	1.21	16.26	6	1.42	1	2.84	15.23	16.26	15.06	399.73	386.73	6.217	8.760	26.19	36.91	299.6	1699	9	73.18	1.82	0.53	1.0	-0.22	2.74	1.00	0.00	0.16	111115
56	"09:40:26"	2319.0	0	6.01	0.078	252	1.28	1.21	16.26	6	1.42	1	2.84	15.23	16.26	15.06	399.74	386.71	6.217	8.761	26.19	36.91	299.6	1699	9	73.18	1.82	0.53	1.0	-0.22	2.74	1.00	0.00	0.16	111115
57	"09:40:26"	2319.0	0	6.01	0.078	252	1.28	1.21	16.26	6	1.42	1	2.84	15.23	16.26	15.06	399.74	386.71	6.217	8.761	26.19	36.91	299.6	1699	9	73.18	1.82	0.53	1.0	-0.22	2.74	1.00	0.00	0.16	111115
58	"09:40:27"	2319.5	0	6	0.078	252	1.28	1.21	16.27	6	1.42	1	2.84	15.23	16.27	15.06	399.71	386.71	6.218	8.762	26.20	36.91	299.6	1699	9	73.18	1.82	0.53	1.0	-0.22	2.74	1.00	0.00	0.16	111115
59	"09:40:27"	2320.0	0	6	0.078	252	1.28	1.22	16.27	6	1.42	1	2.84	15.23	16.27	15.06	399.69	386.69	6.219	8.764	26.20	36.92	299.6	1699	9	73.18	1.82	0.53	1.0	-0.22	2.74	1.00	0.00	0.16	111115
60	"09:40:28"	2320.5	0	5.99	0.078	252	1.28	1.22	16.27	6	1.42	1	2.84	15.23	16.27	15.06	399.69	386.71	6.219	8.765	26.20	36.92	299.6	1699	9	73.18	1.82	0.53	1.0	-0.22	2.74	1.00	0.00	0.16	111115
61	"09:53:09"	3082.5	0	6.05	0.0652	226	1.34	1.5	20.41	6	1.42	1	2.84	20.04	20.41	20.12	400.67	387.50	9.696	12.348	30.16	38.40	299.5	1701	11	73.18	1.39	0.556	1.0	-0.22	2.74	1.00	0.00	0.16	111115
62	"09:53:10"	3082.5	0	6.05	0.0652	226	1.34	1.5	20.41	6	1.42	1	2.84	20.04	20.41	20.12	400.67	387.50	9.696	12.348	30.16	38.40	299.5	1701	11	73.18	1.39	0.556	1.0	-0.22	2.74	1.00	0.00	0.16	111115
63	"09:53:10"	3083.0	0	6.06	0.0653	226	1.34	1.5	20.41	6	1.42	1	2.84	20.04	20.41	20.12	400.65	387.47	9.697	12.350	30.16	38.41	299.5	1701	11	73.18	1.39	0.556	1.0	-0.22	2.74	1.00	0.00	0.16	111115
64	"09:53:10"	3083.5	0	6.07	0.0652	225	1.34	1.5	20.41	6	1.42	1	2.84	20.04	20.41	20.12	400.64	387.45	9.698	12.349	30.16	38.40	299.5	1701	11	73.18	1.39	0.556	1.0	-0.22	2.74	1.00	0.00	0.16	111115
65	"09:53:11"	3084.0	0	6.07	0.0652	225	1.34	1.5	20.41	6	1.42	1	2.84	20.04	20.41	20.12	400.67	387.47	9.698	12.348	30.16	38.40	299.5	1701	11	73.18	1.39	0.556	1.0	-0.22	2.74	1.00	0.00	0.16	111115
66	"09:53:11"	3084.5	0	6.07	0.0652	225	1.34	1.5	20.41	6	1.42	1	2.84	20.04	20.41	20.12	400.68	387.48	9.699	12.349	30.16	38.40	299.5	1701	11	73.18	1.39	0.556	1.0	-0.22	2.74	1.00	0.00	0.16	111115
67	"09:53:12"	3085.0	0	6.07	0.0652	225	1.34	1.5	20.41	6	1.42	1	2.84	20.04	20.41	20.12	400.70	387.49	9.700	12.349	30.17	38.40	299.5	1701	11	73.18	1.39	0.556	1.0	-0.22	2.74	1.00	0.00	0.16	111115
68	"09:53:12"	3085.5	0	6.08	0.0652	225	1.34	1.5	20.41	6	1.42	1	2.84	20.04	20.41	20.12	400.72	387.50	9.699	12.347	30.16	38.40	299.5	1701	11	73.18	1.39	0.556	1.0	-0.22	2.74	1.00	0.00	0.16	111115
69	"09:53:13"	3086.0	0	6.08	0.0652	225	1.34	1.5	20.41	6	1.42	1	2.84	20.05	20.41	20.12	400.73	387.52	9.699	12.349	30.16	38.40	299.5	1701	11	73.18	1.39	0.556	1.0	-0.22	2.74	1.00	0.00	0.16	111115
70	"09:53:13"	3086.5	0	6.08	0.0652	225	1.34	1.5	20.41	6	1.42	1	2.84	20.05	20.41	20.12	400.73	387.51	9.699	12.350	30.16	38.40	299.5	1701	11	73.18	1.39	0.556	1.0	-0.22	2.74	1.00	0.00	0.16	111115
71	"09:53:14"	3087.0	0	6.07	0.0653	225	1.34	1.5	20.41	6	1.42	1	2.84	20.05	20.41	20.12	400.74	387.54	9.699	12.351	30.16	38.41	299.5	1701	11	73.18	1.39	0.556	1.0	-0.22	2.74	1.00	0.00	0.16	111115
72	"09:53:14"	3087.5	0	6.07	0.0653	226	1.34	1.5	20.41	6	1.42	1	2.84	20.05	20.41	20.12	400.73	387.54	9.700	12.351	30.16	38.41	299.6	1701	11	73.18	1.39	0.556	1.0	-0.22	2.74	1.00	0.00	0.16	111115
73	"09:53:15"	3088.0	0	6.08	0.0653	225	1.34	1.5	20.41	6	1.42	1	2.84	20.05	20.41	20.12	400.73	387.52	9.701	12.352	30.17	38.41	299.5	1701	11	73.18	1.39	0.556	1.0	-0.22	2.74	1.00	0.00	0.16	111115
74	"09:53:15"	3088.0	0	6.08	0.0653	225	1.34	1.5	20.41	6	1.42	1	2.84	20.05	20.41	20.12	400.73	387.52	9.701	12.352	30.17	38.41	299.5	1701	11	73.18	1.39	0.556	1.0	-0.22	2.74	1.00	0.00	0.16	111115
75	"09:53:16"	3088.5	0	6.09	0.0653	225	1.34	1.5	20.41	6	1.42	1	2.84	20.05	20.41	20.12	400.74	387.50	9.701	12.353	30.17	38.41	299.5	1701	11	73.18	1.39	0.556	1.0	-0.22	2.74	1.00	0.00	0.16	111115
76	"09:56:51"	3303.5	0	5.87	0.0606	218	1.5	1.8	22.55	6	1.42	1	2.84	23.94	22.55	24.99	401.13	388.20	9.873	12.839	24.20	31.47	299.5	1699	11	73.18	0.855	0.526	1.0	-0.22	2.74	1.00	0.00	0.16	111115
77	"09:56:51"	3303.5	0	5.87	0.0606	218	1.5	1.8	22.55	6	1.42	1	2.84	23.94	22.55	24.99	401.13	388.20	9.873	12.839	24.20	31.47	299.5	1699	11	73.18	0.855	0.526	1.0	-0.22	2.74	1.00	0.00	0.16	111115
78	"09:56:51"	3304.0	0	5.88	0.0605	218	1.5	1.81	22.56	6	1.42	1	2.84	23.95	22.56	24.99	401.14	388.20	9.873	12.838	24.20	31.47	299.5	1699	11	73.18	0.855	0.526	1.0	-0.22	2.74	1.00	0.00	0.16	111115
79	"09:56:52"	3304.5	0	5.88	0.0604	217	1.5	1.81	22.57	6	1.42	1	2.84	23.95	22.57	24.99	401.14	388.20	9.874	12.838	24.20	31.47	299.5	1699	11	73.18	0.855	0.526	1.0	-0.22	2.74	1.00	0.00	0.16	111115
80	"09:56:52"	3305.0	0	5.88	0.0603	217	1.5	1.81	22.58	6	1.42	1	2.84	23.95	22.58	24.99	401.15	388.21	9.874	12.837	24.20	31.46	299.5	1699	11	73.18	0.855	0.526	1.0	-0.22	2.74	1.00	0.00	0.16	111115
81	"09:56:53"	3305.5	0	5.88	0.0602	217	1.5	1.81	22.59	6	1.42	1	2.84	23.95	22.59	24.99	401.17	388.23	9.875	12.835	24.20	31.45	299.5	1699	11	73.18	0.855	0.526	1.0	-0.22	2.74	1.00	0.00	0.16	111115
82	"09:56:53"	3306.0	0	5.87	0.0601	217	1.5	1.81	22.60	6	1.42	1	2.84	23.95	22.60	24.99	401.15	388.23	9.875	12.833	24.20	31.45	299.5	1699	11	73.18	0.855	0.526	0.7	-0.22	2.74	1.00	0.00	0.16	111115
83	"09:56:54"	3306.5	0	5.89	0.0601	216	1.5	1.81	22.60	6	1.42	1	2.84	23.95	22.60	24.99	401.17	388.21	9.876	12.834	24.20	31.45	299.5	1699	11	73.18	0.855	0.526	0.7	-0.22	2.74	1.00	0.00	0.16	111115
84	"09:56:54"	3307.0	0	5.91	0.0601	216	1.5	1.81	22.60	6	1.42	1	2.84	23.95	22.60	24.99	401.20	388.21	9.877	12.834	24.20	31.44	299.5	1699	11	73.18	0.855	0.526	0.7	-0.22	2.74	1.00	0.00	0.16	111115
85	"09:56:55"	3307.5	0	5.91	0.0601	216	1.49	1.81	22.59	6	1.42	1	2.84	23.96	22.59	24.99	401.20	388.21	9.877	12.832	24.20	31.44	299.5	1699	11	73.18	0.855	0.526	1.0	-0.22	2.74	1.00	0.00	0.16	111115
86	"09:56:55"	3308.0	0	5.92	0.0601	215	1.49	1.81	22.59	6	1.42	1	2.84	23.96	22.59	24.99	401.23	388.21	9.879	12.833	24.20	31.44	299.5	1699	11	73.18	0.855	0.526	1.0	-0.22	2.74	1.00	0.00	0.16	111115
87	"09:56:56"	3308.5	0	5.94	0.0601	215	1.49	1.81	22.59	6	1.42	1	2.84	23.96	22.59	24.99	401.24	388.18	9.879	12.833	24.20	31.43	299.5	1699	11	73.18	0.855	0.526	1.0	-0.22	2.74	1.00	0.00	0.16	111115
88	"09:56:56"	3309.0	0	5.94	0.0601	215	1.49	1.81	22.59	6	1.42	1	2.84	23.96	22.59	24.99	401.24	388.17	9.879	12.834	24.20	31.44	299.5	1699	11	73.18	0.855	0.526	1.0	-0.22	2.74	1.00	0.00	0.16	111115
89	"09:56:57"	3309.5	0	5.96	0.0602	215	1.5	1.81	22.58	6	1.42	1	2.84	23.96	22.58	24.99	401.25	388.15	9.879	12.837	24.20	31.44	299.5	1699	11	73.18	0.855	0.526	1.0	-0.22	2.74	1.00	0.00	0.16	111115
90	"09:56:57"	3310.0	0	5.98	0.0602	214	1.5	1.81	22.58	6	1.42	1	2.84	23.96	22.58	24.99	401.27	388.14	9.880	12.837	24.20	31.44	299.5	1699	11	73.18	0.855	0.526	1.0	-0.22	2.74	1.00	0.00	0.16	111115
