"OPEN 6.2.4"
"Thr Jun 23 2016 15:04:14"
<open><version>"6.2.4"</version></open>
<open><configfile>"/User/Configs/UserPrefs/2x3 LED.xml"</configfile></open>
<open><light><source>"6400-02 or -02B LED Source"</source><par_in>1<sensor>"SI-3781"<cal>-0.93<actinity>1.00</actinity><transm>1.00</transm></cal></sensor><transm>1</transm></par_in><par_out>1<sensor>"Q49599"<cal>7.26</cal></sensor></par_out></light></open>
<open><comps><file>"/User/Configs/Comps/StdComps_6.2"<header>""</header><extras></extras></file><energybal>no<f_parIn>1</f_parIn><f_parOut>0</f_parOut><alphaK>0.16</alphaK></energybal><bc_total>2.840<stomatal_ratio>1</stomatal_ratio><bc_oneside>1.420<type>2</type><table>"/Sys/Lib/StdBLCTable"</table><area>6</area><slope>-0.219565</slope><offset>2.73739</offset><fan>5</fan></bc_oneside></bc_total></comps></open>
<open><prompts><onlog>off</onlog><items>"Default (none)"</items></prompts></open>
<open><constants><oxygen>21 %</oxygen><bb_vapor>1.5</bb_vapor><bb_oxy>0.9</bb_oxy></constants></open>
<open><stability><items>"Std Stability"<items[1]><id>-2</id><size>15</size><pcv><onoff>0</onoff><value>1</value></pcv><std><onoff>0</onoff><value>1</value></std><slp><onoff>1</onoff><value>1</value></slp></items[1]><items[2]><id>-5</id><size>15</size><pcv><onoff>0</onoff><value>1</value></pcv><std><onoff>0</onoff><value>1</value></std><slp><onoff>1</onoff><value>1</value></slp></items[2]><items[3]><id>-7</id><size>15</size><pcv><onoff>0</onoff><value>1</value></pcv><std><onoff>0</onoff><value>1</value></std><slp><onoff>1</onoff><value>1</value></slp></items[3]></items></stability></open>
<open><log><format>"StdLogFmt_6.0"<items>{ -35 -21 -36 -76 30 23 36 21 25 221 -33 111 -34 11 -9 -10 -8 -1 -2 -4 -5 -14 -15 -7 -12 -13 -11 -65 -66 -72 -18 -19 -77 -78 -79 -23  }<hdr>{  }</hdr></items></format><options><beep>on</beep><hdr>normal</hdr><rem>normal</rem><stab>no</stab><stats>no<mean>no</mean><file>no</file><period>15</period></stats><excel>yes</excel><controls>yes</controls><comm>no</comm></options><datafile>"/User/062316-stm-vaoc6"</datafile><button><action>"Normal Log"<code>" LogOneObsManual "</code></action></button><autoprog>"/User/Configs/AutoProgs/AutoLog2"<active>no</active></autoprog></log></open>
<open><a2d><avgtime>4.0 secs</avgtime><userchans><ch20>"Off"</ch20><ch21>"Off"</ch21><ch22>"Off"</ch22><ch23>"Off"</ch23></userchans></a2d></open>
<open><matching><type>0</type><disp>'a'</disp><settings><CO2Limit>10.0</CO2Limit><H2OLimit>1.0</H2OLimit><MaxAutoTime>60</MaxAutoTime></settings></matching></open>
<li6400><factory><unit>"PSC-3840"</unit><serviced>"1 Jul 2013"</serviced><fuseaware>0</fuseaware><co2mixer>yes</co2mixer><co2><coeffs>{ 0 0.213319 2.22998e-05 2.13159e-08 -3.88664e-12 3.69888e-16  }</coeffs><dvdt>-4.7</dvdt><xs>{ 0.0009 -0.0002  }</xs></co2><h2o><coeffs>{ 0 0.00572751 2.23485e-06 -7.37877e-12  }</coeffs><dvdt>-1.7</dvdt><xs>{ 0.0009 -0.0028  }</xs></h2o><flow>{ 0 0.3568  }</flow><press>{ 88.437 0.00551  }</press></factory></li6400>
<li6400><user><flow_zero>-820.3</flow_zero><irga_zero><co2>468.8 234.4<at>18.1598</at></co2><h2o>78.1 156.2<at>17.1607</at></h2o></irga_zero><irga_span><co2>{ 0.99237 0.992833  }</co2><h2o>{ 1.00426 0.996799  }</h2o></irga_span><irga_match><co2>{ 0.940565 -2.82822  }</co2><h2o>{ 0.00477181 0.115317  }</h2o></irga_match><co2_mixer><pump_mv>4500</pump_mv><ppm>{ 2938.24 1287.24 480.57 287.911 131.964 79.0122 54.4649 48.1774  }</ppm><mv>{ 5000 3000 1500 1000 500 300 200 100  }</mv></co2_mixer><parin_offset>0</parin_offset><led_cal><unit>"SI-3781"</unit><mv>{ 10 25 50 100 1000 2000 3000 4000 5000  }</mv><qntm>{ 4.69642 15.4417 35.4805 82.2863 972.665 1922.29 2824.32 3690.14 4518.2  }</qntm></led_cal><lcf_cal><unit>"unknown"</unit><red><mv>{ 50 100 500 1000 1500 5000  }</mv><qntm>{ 50 100 500 1000 2000 5000  }</qntm></red><blue><mv>{ 100 200 500 1000 2000 5000  }</mv><qntm>{ 10 20 50 100 200 500  }</qntm></blue></lcf_cal></user></li6400>
"15:04:15 "
$STARTOFDATA$
"Obs"	"HHMMSS"	"FTime"	"EBal?"	"Photo"	"Cond"	"Ci"	"Trmmol"	"VpdL"	"CTleaf"	"Area"	"BLC_1"	"StmRat"	"BLCond"	"Tair"	"Tleaf"	"TBlk"	"CO2R"	"CO2S"	"H2OR"	"H2OS"	"RH_R"	"RH_S"	"Flow"	"PARi"	"PARo"	"Press"	"CsMch"	"HsMch"	"StableF"	"BLCslope"	"BLCoffst"	"f_parin"	"f_parout"	"alphaK"	"Status"
1	"15:04:28"	17.5	0	9.97	0.144	264	1.74	0.92	9.67	6	1.42	1	2.84	2.84	9.67	0.04	399.22	386.45	1.817	3.902	17.65	37.90	499.9	1700	5	73.08	-2.83	0.115	1.0	-0.22	2.74	1.00	0.00	0.16	111115
2	"15:04:29"	17.5	0	9.97	0.144	264	1.74	0.92	9.67	6	1.42	1	2.84	2.84	9.67	0.04	399.22	386.45	1.817	3.902	17.65	37.90	499.9	1700	5	73.08	-2.83	0.115	1.0	-0.22	2.74	1.00	0.00	0.16	111115
3	"15:04:29"	18.0	0	10	0.144	264	1.74	0.922	9.69	6	1.42	1	2.84	2.84	9.69	0.04	399.25	386.42	1.818	3.903	17.65	37.90	499.9	1700	5	73.08	-2.83	0.115	1.0	-0.22	2.74	1.00	0.00	0.16	111115
4	"15:04:30"	18.5	0	10	0.144	264	1.74	0.923	9.70	6	1.42	1	2.84	2.84	9.70	0.04	399.23	386.42	1.818	3.902	17.66	37.89	499.9	1700	5	73.08	-2.83	0.115	1.0	-0.22	2.74	1.00	0.00	0.16	111115
5	"15:04:30"	19.0	0	10	0.143	263	1.74	0.923	9.71	6	1.42	1	2.84	2.84	9.71	0.04	399.25	386.44	1.819	3.902	17.66	37.89	499.9	1700	5	73.08	-2.83	0.115	1.0	-0.22	2.74	1.00	0.00	0.16	111115
6	"15:04:31"	19.5	0	10	0.143	263	1.74	0.923	9.70	6	1.42	1	2.84	2.84	9.70	0.04	399.27	386.41	1.818	3.902	17.66	37.89	499.9	1700	5	73.08	-2.83	0.115	1.0	-0.22	2.74	1.00	0.00	0.16	111115
7	"15:04:31"	20.0	0	10	0.144	263	1.74	0.921	9.67	6	1.42	1	2.84	2.84	9.67	0.04	399.25	386.39	1.819	3.901	17.67	37.89	499.9	1700	5	73.08	-2.83	0.115	1.0	-0.22	2.74	1.00	0.00	0.16	111115
8	"15:04:32"	20.5	0	10	0.144	263	1.74	0.919	9.66	6	1.42	1	2.84	2.84	9.66	0.04	399.25	386.39	1.819	3.902	17.67	37.89	499.9	1700	5	73.08	-2.83	0.115	1.0	-0.22	2.74	1.00	0.00	0.16	111115
9	"15:04:32"	21.0	0	10	0.144	263	1.74	0.919	9.66	6	1.42	1	2.84	2.84	9.66	0.04	399.26	386.40	1.820	3.902	17.68	37.90	499.9	1700	5	73.08	-2.83	0.115	1.0	-0.22	2.74	1.00	0.00	0.16	111115
10	"15:04:33"	21.5	0	10.1	0.144	263	1.74	0.919	9.65	6	1.42	1	2.84	2.84	9.65	0.04	399.29	386.40	1.820	3.902	17.68	37.90	499.9	1700	5	73.08	-2.83	0.115	1.0	-0.22	2.74	1.00	0.00	0.16	111115
11	"15:04:33"	22.0	0	10	0.144	264	1.74	0.919	9.66	6	1.42	1	2.84	2.84	9.66	0.04	399.26	386.42	1.821	3.902	17.69	37.90	499.9	1700	5	73.08	-2.83	0.115	1.0	-0.22	2.74	1.00	0.00	0.16	111115
12	"15:04:34"	22.5	0	10.1	0.144	263	1.74	0.92	9.66	6	1.42	1	2.84	2.84	9.66	0.04	399.29	386.40	1.822	3.903	17.70	37.91	499.9	1700	5	73.08	-2.83	0.115	1.0	-0.22	2.74	1.00	0.00	0.16	111115
13	"15:04:34"	23.0	0	10.1	0.144	263	1.74	0.919	9.66	6	1.42	1	2.84	2.84	9.66	0.04	399.29	386.40	1.823	3.903	17.71	37.92	499.9	1700	5	73.08	-2.83	0.115	1.0	-0.22	2.74	1.00	0.00	0.16	111115
14	"15:04:35"	23.5	0	10.1	0.144	263	1.74	0.919	9.66	6	1.42	1	2.84	2.84	9.66	0.04	399.31	386.42	1.824	3.904	17.72	37.93	500.0	1700	5	73.08	-2.83	0.115	1.0	-0.22	2.74	1.00	0.00	0.16	111115
15	"15:04:36"	24.0	0	10	0.144	263	1.74	0.92	9.67	6	1.42	1	2.84	2.84	9.67	0.04	399.30	386.43	1.824	3.905	17.72	37.94	499.9	1700	5	73.08	-2.83	0.115	1.0	-0.22	2.74	1.00	0.00	0.16	111115
"15:04:48 Coolers: Tblock -> 5.00 C"
"15:09:15 Flow: Fixed -> 500 umol/s"
16	"15:09:48"	336.0	0	11.3	0.158	259	2.22	1.07	12.40	6	1.42	1	2.84	7.04	12.40	5.13	400.06	385.52	2.546	5.193	18.44	37.62	500.0	1700	5	73.08	-3.14	0.11	1.0	-0.22	2.74	1.00	0.00	0.16	111115
17	"15:09:48"	336.5	0	11.3	0.158	259	2.22	1.07	12.41	6	1.42	1	2.84	7.05	12.41	5.13	400.07	385.52	2.546	5.194	18.44	37.62	499.9	1700	5	73.08	-3.14	0.11	1.0	-0.22	2.74	1.00	0.00	0.16	111115
18	"15:09:49"	336.5	0	11.3	0.158	259	2.22	1.07	12.41	6	1.42	1	2.84	7.05	12.41	5.13	400.07	385.52	2.546	5.194	18.44	37.62	499.9	1700	5	73.08	-3.14	0.11	1.0	-0.22	2.74	1.00	0.00	0.16	111115
19	"15:09:49"	337.0	0	11.3	0.158	258	2.22	1.07	12.42	6	1.42	1	2.84	7.05	12.42	5.13	400.10	385.52	2.546	5.194	18.44	37.62	499.9	1700	5	73.08	-3.14	0.11	1.0	-0.22	2.74	1.00	0.00	0.16	111115
20	"15:09:50"	337.5	0	11.3	0.158	258	2.22	1.07	12.42	6	1.42	1	2.84	7.05	12.42	5.13	400.13	385.52	2.547	5.196	18.45	37.63	500.0	1700	5	73.08	-3.14	0.11	1.0	-0.22	2.74	1.00	0.00	0.16	111115
21	"15:09:50"	338.0	0	11.3	0.158	258	2.22	1.07	12.42	6	1.42	1	2.84	7.05	12.42	5.13	400.16	385.53	2.548	5.197	18.45	37.64	500.0	1700	5	73.08	-3.14	0.11	1.0	-0.22	2.74	1.00	0.00	0.16	111115
22	"15:09:51"	338.5	0	11.4	0.158	258	2.22	1.07	12.43	6	1.42	1	2.84	7.05	12.43	5.13	400.20	385.54	2.548	5.200	18.45	37.66	500.0	1700	5	73.08	-3.14	0.11	1.0	-0.22	2.74	1.00	0.00	0.16	111115
23	"15:09:51"	339.0	0	11.4	0.159	257	2.22	1.07	12.43	6	1.42	1	2.84	7.05	12.43	5.13	400.25	385.53	2.548	5.202	18.45	37.67	500.0	1700	5	73.08	-3.14	0.11	1.0	-0.22	2.74	1.00	0.00	0.16	111115
24	"15:09:52"	339.5	0	11.4	0.159	258	2.22	1.07	12.44	6	1.42	1	2.84	7.05	12.44	5.13	400.26	385.56	2.548	5.203	18.45	37.68	500.0	1700	5	73.08	-3.14	0.11	1.0	-0.22	2.74	1.00	0.00	0.16	111115
25	"15:09:52"	340.0	0	11.4	0.159	258	2.22	1.07	12.44	6	1.42	1	2.84	7.05	12.44	5.13	400.25	385.57	2.549	5.204	18.46	37.68	500.0	1700	5	73.08	-3.14	0.11	1.0	-0.22	2.74	1.00	0.00	0.16	111115
26	"15:09:53"	340.5	0	11.3	0.159	258	2.23	1.07	12.44	6	1.42	1	2.84	7.05	12.44	5.13	400.25	385.62	2.549	5.206	18.46	37.69	500.0	1700	5	73.08	-3.14	0.11	1.0	-0.22	2.74	1.00	0.00	0.16	111115
27	"15:09:53"	341.0	0	11.3	0.159	259	2.23	1.07	12.43	6	1.42	1	2.84	7.05	12.43	5.13	400.23	385.63	2.550	5.207	18.46	37.70	500.0	1700	5	73.08	-3.14	0.11	1.0	-0.22	2.74	1.00	0.00	0.16	111115
28	"15:09:54"	341.5	0	11.3	0.159	259	2.23	1.07	12.44	6	1.42	1	2.84	7.05	12.44	5.13	400.23	385.64	2.550	5.209	18.46	37.71	500.0	1700	5	73.08	-3.14	0.11	1.0	-0.22	2.74	1.00	0.00	0.16	111115
29	"15:09:54"	342.0	0	11.3	0.159	259	2.23	1.07	12.45	6	1.42	1	2.84	7.05	12.45	5.13	400.24	385.65	2.551	5.210	18.47	37.71	500.0	1700	5	73.08	-3.14	0.11	1.0	-0.22	2.74	1.00	0.00	0.16	111115
30	"15:09:55"	342.5	0	11.2	0.159	259	2.23	1.07	12.45	6	1.42	1	2.84	7.05	12.45	5.13	400.19	385.69	2.551	5.210	18.47	37.71	500.0	1700	5	73.08	-3.14	0.11	1.0	-0.22	2.74	1.00	0.00	0.16	111115
"15:10:04 Coolers: Tblock -> 10.00 C"
"15:14:56 Flow: Fixed -> 500 umol/s"
31	"15:15:23"	671.5	0	12.3	0.184	263	2.93	1.22	15.29	6	1.42	1	2.84	11.29	15.29	10.01	400.19	384.14	3.649	7.142	19.85	38.85	499.9	1699	5	73.08	-2.58	0.0943	1.0	-0.22	2.74	1.00	0.00	0.16	111115
32	"15:15:23"	672.0	0	12.2	0.184	263	2.93	1.22	15.29	6	1.42	1	2.84	11.29	15.29	10.01	400.18	384.13	3.649	7.143	19.85	38.86	499.9	1699	5	73.08	-2.58	0.0943	1.0	-0.22	2.74	1.00	0.00	0.16	111115
33	"15:15:24"	672.5	0	12.2	0.184	263	2.93	1.22	15.29	6	1.42	1	2.84	11.29	15.29	10.01	400.15	384.13	3.649	7.144	19.85	38.87	499.9	1699	6	73.08	-2.58	0.0943	1.0	-0.22	2.74	1.00	0.00	0.16	111115
34	"15:15:24"	673.0	0	12.2	0.184	264	2.93	1.22	15.29	6	1.42	1	2.84	11.29	15.29	10.01	400.10	384.16	3.650	7.145	19.86	38.87	499.9	1699	5	73.08	-2.58	0.0943	1.0	-0.22	2.74	1.00	0.00	0.16	111115
35	"15:15:25"	673.0	0	12.2	0.184	264	2.93	1.22	15.29	6	1.42	1	2.84	11.29	15.29	10.01	400.10	384.16	3.650	7.145	19.86	38.87	499.9	1699	5	73.08	-2.58	0.0943	1.0	-0.22	2.74	1.00	0.00	0.16	111115
36	"15:15:25"	674.0	0	12.1	0.184	264	2.93	1.22	15.30	6	1.42	1	2.84	11.30	15.30	10.02	400.06	384.15	3.652	7.146	19.86	38.87	500.0	1699	6	73.08	-2.58	0.0943	1.0	-0.22	2.74	1.00	0.00	0.16	111115
37	"15:15:26"	674.5	0	12.1	0.184	264	2.93	1.22	15.30	6	1.42	1	2.84	11.30	15.30	10.02	400.01	384.16	3.654	7.148	19.87	38.87	499.9	1699	6	73.08	-2.58	0.0943	1.0	-0.22	2.74	1.00	0.00	0.16	111115
38	"15:15:26"	674.5	0	12.1	0.184	264	2.93	1.22	15.30	6	1.42	1	2.84	11.30	15.30	10.02	400.01	384.16	3.654	7.148	19.87	38.87	499.9	1699	6	73.08	-2.58	0.0943	1.0	-0.22	2.74	1.00	0.00	0.16	111115
39	"15:15:27"	675.0	0	12.1	0.184	265	2.93	1.22	15.29	6	1.42	1	2.84	11.30	15.29	10.02	399.99	384.17	3.655	7.148	19.88	38.88	499.9	1699	6	73.08	-2.58	0.0943	1.0	-0.22	2.74	1.00	0.00	0.16	111115
40	"15:15:27"	675.5	0	12.1	0.184	264	2.93	1.22	15.30	6	1.42	1	2.84	11.30	15.30	10.02	399.99	384.13	3.654	7.148	19.87	38.88	499.9	1699	6	73.08	-2.58	0.0943	1.0	-0.22	2.74	1.00	0.00	0.16	111115
41	"15:15:28"	676.0	0	12.1	0.184	264	2.93	1.22	15.31	6	1.42	1	2.84	11.30	15.31	10.02	399.99	384.13	3.655	7.151	19.88	38.89	499.9	1699	6	73.08	-2.58	0.0943	1.0	-0.22	2.74	1.00	0.00	0.16	111115
42	"15:15:28"	676.5	0	12.1	0.184	264	2.93	1.22	15.32	6	1.42	1	2.84	11.30	15.32	10.02	400.01	384.12	3.656	7.152	19.88	38.89	500.0	1699	6	73.07	-2.58	0.0943	1.0	-0.22	2.74	1.00	0.00	0.16	111115
43	"15:15:29"	677.0	0	12.1	0.183	264	2.94	1.23	15.33	6	1.42	1	2.84	11.30	15.33	10.02	400.06	384.13	3.656	7.154	19.88	38.90	500.0	1699	6	73.07	-2.58	0.0943	1.0	-0.22	2.74	1.00	0.00	0.16	111115
44	"15:15:29"	677.5	0	12.2	0.183	263	2.94	1.23	15.34	6	1.42	1	2.84	11.30	15.34	10.02	400.10	384.15	3.657	7.156	19.88	38.91	500.0	1699	6	73.07	-2.58	0.0943	1.0	-0.22	2.74	1.00	0.00	0.16	111115
45	"15:15:30"	678.0	0	12.2	0.183	263	2.94	1.23	15.35	6	1.42	1	2.84	11.30	15.35	10.02	400.15	384.14	3.657	7.157	19.88	38.91	500.0	1699	5	73.07	-2.58	0.0943	1.0	-0.22	2.74	1.00	0.00	0.16	111115
"15:15:47 Coolers: Tblock -> 15.00 C"
"15:21:50 Flow: Fixed -> 500 umol/s"
46	"15:22:11"	1080.0	0	12.9	0.201	264	3.87	1.48	18.27	6	1.42	1	2.84	15.81	18.27	15.09	400.93	383.63	4.005	8.608	16.23	34.89	500.1	1699	6	73.05	-2.48	0.068	1.0	-0.22	2.74	1.00	0.00	0.16	111115
47	"15:22:12"	1080.0	0	12.9	0.201	264	3.87	1.48	18.27	6	1.42	1	2.84	15.81	18.27	15.09	400.93	383.63	4.005	8.608	16.23	34.89	500.1	1699	6	73.05	-2.48	0.068	1.0	-0.22	2.74	1.00	0.00	0.16	111115
48	"15:22:12"	1080.5	0	12.9	0.201	264	3.87	1.48	18.27	6	1.42	1	2.84	15.81	18.27	15.09	400.92	383.61	4.005	8.606	16.23	34.88	500.0	1699	6	73.05	-2.48	0.068	1.0	-0.22	2.74	1.00	0.00	0.16	111115
49	"15:22:13"	1080.5	0	12.9	0.201	264	3.87	1.48	18.27	6	1.42	1	2.84	15.81	18.27	15.09	400.92	383.61	4.005	8.606	16.23	34.88	500.0	1699	6	73.05	-2.48	0.068	1.0	-0.22	2.74	1.00	0.00	0.16	111115
50	"15:22:13"	1081.0	0	12.9	0.201	264	3.87	1.48	18.27	6	1.42	1	2.84	15.81	18.27	15.09	400.92	383.64	4.006	8.606	16.23	34.88	500.1	1699	6	73.05	-2.48	0.068	1.0	-0.22	2.74	1.00	0.00	0.16	111115
51	"15:22:14"	1081.5	0	12.9	0.201	264	3.87	1.48	18.28	6	1.42	1	2.84	15.81	18.28	15.09	400.95	383.65	4.006	8.604	16.24	34.87	500.1	1699	6	73.05	-2.48	0.068	1.0	-0.22	2.74	1.00	0.00	0.16	111115
52	"15:22:14"	1082.0	0	13	0.2	263	3.86	1.48	18.28	6	1.42	1	2.84	15.81	18.28	15.09	401.03	383.65	4.007	8.602	16.24	34.86	500.1	1699	6	73.05	-2.48	0.068	1.0	-0.22	2.74	1.00	0.00	0.16	111115
53	"15:22:15"	1082.5	0	13	0.2	263	3.86	1.48	18.27	6	1.42	1	2.84	15.81	18.27	15.09	401.03	383.65	4.007	8.601	16.24	34.85	500.1	1699	6	73.05	-2.48	0.068	1.0	-0.22	2.74	1.00	0.00	0.16	111115
54	"15:22:15"	1083.0	0	13	0.2	263	3.86	1.48	18.28	6	1.42	1	2.84	15.81	18.28	15.09	401.03	383.62	4.006	8.598	16.23	34.84	500.0	1699	6	73.05	-2.48	0.068	1.0	-0.22	2.74	1.00	0.00	0.16	111115
55	"15:22:16"	1083.5	0	13	0.2	263	3.86	1.48	18.28	6	1.42	1	2.84	15.81	18.28	15.09	401.01	383.58	4.004	8.598	16.22	34.84	500.0	1699	6	73.05	-2.48	0.068	1.0	-0.22	2.74	1.00	0.00	0.16	111115
56	"15:22:16"	1084.0	0	13	0.2	263	3.86	1.48	18.28	6	1.42	1	2.84	15.81	18.28	15.09	401.00	383.59	4.004	8.600	16.22	34.84	500.0	1699	6	73.05	-2.48	0.068	1.0	-0.22	2.74	1.00	0.00	0.16	111115
57	"15:22:17"	1084.5	0	13	0.2	263	3.86	1.48	18.28	6	1.42	1	2.84	15.81	18.28	15.09	401.01	383.59	4.004	8.602	16.22	34.85	500.0	1699	6	73.05	-2.48	0.068	1.0	-0.22	2.74	1.00	0.00	0.16	111115
58	"15:22:17"	1085.0	0	13.1	0.2	262	3.86	1.48	18.29	6	1.42	1	2.84	15.81	18.29	15.09	401.04	383.57	4.004	8.600	16.22	34.84	500.0	1699	6	73.05	-2.48	0.068	1.0	-0.22	2.74	1.00	0.00	0.16	111115
59	"15:22:18"	1085.5	0	13.1	0.2	262	3.86	1.48	18.29	6	1.42	1	2.84	15.82	18.29	15.09	401.05	383.56	4.005	8.601	16.23	34.85	500.0	1699	6	73.05	-2.48	0.068	1.0	-0.22	2.74	1.00	0.00	0.16	111115
60	"15:22:18"	1086.0	0	13	0.2	262	3.86	1.48	18.30	6	1.42	1	2.84	15.82	18.30	15.09	400.99	383.55	4.005	8.603	16.22	34.85	500.0	1699	6	73.05	-2.48	0.068	1.0	-0.22	2.74	1.00	0.00	0.16	111115
"15:22:30 Coolers: Tblock -> 20.00 C"
"15:26:57 Flow: Fixed -> 500 umol/s"
"15:29:38 Flow: Fixed -> 500 umol/s"
61	"15:30:08"	1556.5	0	12.4	0.156	238	3.71	1.79	21.66	6	1.42	1	2.84	20.26	21.66	19.98	400.43	383.78	6.663	11.067	20.41	33.90	499.9	1699	6	73.05	-2.47	0.0588	1.0	-0.22	2.74	1.00	0.00	0.16	111115
62	"15:30:08"	1557.0	0	12.4	0.156	238	3.71	1.79	21.66	6	1.42	1	2.84	20.26	21.66	19.98	400.45	383.82	6.664	11.065	20.41	33.89	499.9	1699	6	73.05	-2.47	0.0588	1.0	-0.22	2.74	1.00	0.00	0.16	111115
63	"15:30:09"	1557.0	0	12.4	0.156	238	3.71	1.79	21.66	6	1.42	1	2.84	20.26	21.66	19.98	400.45	383.82	6.664	11.065	20.41	33.89	499.9	1699	6	73.05	-2.47	0.0588	1.0	-0.22	2.74	1.00	0.00	0.16	111115
64	"15:30:09"	1557.5	0	12.4	0.156	238	3.71	1.79	21.65	6	1.42	1	2.84	20.26	21.65	19.98	400.45	383.83	6.665	11.063	20.41	33.88	499.9	1699	6	73.05	-2.47	0.0588	1.0	-0.22	2.74	1.00	0.00	0.16	111115
65	"15:30:10"	1558.0	0	12.4	0.156	238	3.7	1.79	21.66	6	1.42	1	2.84	20.26	21.66	19.98	400.46	383.82	6.664	11.061	20.41	33.88	499.9	1699	6	73.05	-2.47	0.0588	1.0	-0.22	2.74	1.00	0.00	0.16	111115
66	"15:30:10"	1558.5	0	12.5	0.156	237	3.7	1.79	21.66	6	1.42	1	2.84	20.26	21.66	19.98	400.48	383.82	6.664	11.060	20.41	33.87	499.9	1699	6	73.05	-2.47	0.0588	1.0	-0.22	2.74	1.00	0.00	0.16	111115
67	"15:30:11"	1559.0	0	12.5	0.156	237	3.7	1.79	21.66	6	1.42	1	2.84	20.26	21.66	19.98	400.51	383.83	6.664	11.060	20.41	33.87	499.9	1699	7	73.05	-2.47	0.0588	1.0	-0.22	2.74	1.00	0.00	0.16	111115
68	"15:30:11"	1559.5	0	12.5	0.156	237	3.7	1.79	21.66	6	1.42	1	2.84	20.26	21.66	19.98	400.52	383.82	6.665	11.060	20.41	33.87	499.9	1699	6	73.05	-2.47	0.0588	1.0	-0.22	2.74	1.00	0.00	0.16	111115
69	"15:30:12"	1560.0	0	12.5	0.156	237	3.7	1.79	21.66	6	1.42	1	2.84	20.26	21.66	19.98	400.51	383.85	6.666	11.061	20.41	33.87	500.0	1699	7	73.05	-2.47	0.0588	1.0	-0.22	2.74	1.00	0.00	0.16	111115
70	"15:30:12"	1560.5	0	12.5	0.156	237	3.7	1.79	21.65	6	1.42	1	2.84	20.26	21.65	19.98	400.51	383.84	6.666	11.061	20.41	33.88	500.0	1699	6	73.05	-2.47	0.0588	1.0	-0.22	2.74	1.00	0.00	0.16	111115
71	"15:30:13"	1561.0	0	12.5	0.156	237	3.7	1.79	21.65	6	1.42	1	2.84	20.26	21.65	19.98	400.50	383.82	6.665	11.061	20.41	33.87	500.0	1699	7	73.05	-2.47	0.0588	1.0	-0.22	2.74	1.00	0.00	0.16	111115
72	"15:30:13"	1561.5	0	12.5	0.156	237	3.71	1.79	21.65	6	1.42	1	2.84	20.26	21.65	19.98	400.52	383.84	6.666	11.062	20.41	33.88	500.0	1699	7	73.05	-2.47	0.0588	1.0	-0.22	2.74	1.00	0.00	0.16	111115
73	"15:30:14"	1562.0	0	12.5	0.156	237	3.71	1.79	21.65	6	1.42	1	2.84	20.27	21.65	19.98	400.54	383.87	6.666	11.064	20.41	33.88	500.0	1699	6	73.05	-2.47	0.0588	1.0	-0.22	2.74	1.00	0.00	0.16	111115
74	"15:30:14"	1562.5	0	12.5	0.156	238	3.71	1.79	21.65	6	1.42	1	2.84	20.27	21.65	19.98	400.54	383.88	6.667	11.065	20.41	33.88	500.0	1699	7	73.05	-2.47	0.0588	1.0	-0.22	2.74	1.00	0.00	0.16	111115
75	"15:30:15"	1563.5	0	12.4	0.156	238	3.71	1.79	21.65	6	1.42	1	2.84	20.27	21.65	19.98	400.51	383.91	6.666	11.064	20.41	33.88	500.0	1699	7	73.05	-2.47	0.0588	1.0	-0.22	2.74	1.00	0.00	0.16	111115
"15:30:54 Coolers: Tblock -> 25.00 C"
"15:35:26 Flow: Fixed -> 500 umol/s"
76	"15:35:53"	1902.0	0	12.3	0.155	236	4.1	1.98	24.48	6	1.42	1	2.84	24.65	24.48	25.04	399.60	382.96	10.297	15.131	24.15	35.49	500.9	1700	5	73.04	-2.24	0.00395	1.0	-0.22	2.74	1.00	0.00	0.16	111115
77	"15:35:54"	1902.5	0	12.3	0.155	237	4.1	1.98	24.48	6	1.42	1	2.84	24.65	24.48	25.04	399.58	382.98	10.296	15.133	24.15	35.49	500.9	1700	5	73.04	-2.24	0.00395	1.0	-0.22	2.74	1.00	0.00	0.16	111115
78	"15:35:54"	1903.0	0	12.3	0.155	236	4.1	1.98	24.48	6	1.42	1	2.84	24.65	24.48	25.04	399.63	382.98	10.296	15.137	24.15	35.50	500.9	1700	5	73.04	-2.24	0.00395	1.0	-0.22	2.74	1.00	0.00	0.16	111115
79	"15:35:55"	1903.5	0	12.3	0.155	236	4.1	1.98	24.48	6	1.42	1	2.84	24.65	24.48	25.04	399.64	382.97	10.296	15.138	24.15	35.50	500.8	1700	5	73.04	-2.24	0.00395	1.0	-0.22	2.74	1.00	0.00	0.16	111115
80	"15:35:55"	1904.0	0	12.4	0.155	236	4.1	1.98	24.48	6	1.42	1	2.84	24.65	24.48	25.04	399.66	382.97	10.297	15.139	24.15	35.51	500.8	1700	5	73.04	-2.24	0.00395	1.0	-0.22	2.74	1.00	0.00	0.16	111115
81	"15:35:56"	1904.5	0	12.4	0.155	236	4.1	1.98	24.48	6	1.42	1	2.84	24.65	24.48	25.04	399.69	382.97	10.298	15.140	24.15	35.50	500.9	1700	5	73.04	-2.24	0.00395	1.0	-0.22	2.74	1.00	0.00	0.16	111115
82	"15:35:56"	1905.0	0	12.3	0.155	236	4.11	1.98	24.48	6	1.42	1	2.84	24.65	24.48	25.04	399.69	383.02	10.298	15.141	24.15	35.51	500.9	1700	5	73.04	-2.24	0.00395	1.0	-0.22	2.74	1.00	0.00	0.16	111115
83	"15:35:57"	1905.5	0	12.4	0.156	236	4.11	1.98	24.48	6	1.42	1	2.84	24.66	24.48	25.04	399.71	383.03	10.299	15.143	24.15	35.51	500.9	1700	5	73.04	-2.24	0.00395	1.0	-0.22	2.74	1.00	0.00	0.16	111115
84	"15:35:57"	1906.0	0	12.4	0.156	236	4.11	1.98	24.47	6	1.42	1	2.84	24.66	24.47	25.04	399.70	383.01	10.299	15.145	24.15	35.51	500.8	1700	5	73.04	-2.24	0.00395	1.0	-0.22	2.74	1.00	0.00	0.16	111115
85	"15:35:58"	1906.5	0	12.4	0.156	236	4.11	1.97	24.47	6	1.42	1	2.84	24.66	24.47	25.04	399.73	383.00	10.298	15.146	24.14	35.51	500.9	1700	5	73.04	-2.24	0.00395	1.0	-0.22	2.74	1.00	0.00	0.16	111115
86	"15:35:58"	1907.0	0	12.4	0.156	236	4.11	1.98	24.47	6	1.42	1	2.84	24.66	24.47	25.04	399.71	383.01	10.297	15.146	24.14	35.51	500.9	1700	5	73.04	-2.24	0.00395	1.0	-0.22	2.74	1.00	0.00	0.16	111115
87	"15:35:59"	1907.5	0	12.4	0.156	236	4.11	1.98	24.47	6	1.42	1	2.84	24.66	24.47	25.04	399.74	383.03	10.297	15.148	24.14	35.51	500.9	1700	5	73.04	-2.24	0.00395	1.0	-0.22	2.74	1.00	0.00	0.16	111115
88	"15:35:59"	1908.0	0	12.3	0.156	237	4.11	1.98	24.48	6	1.42	1	2.84	24.66	24.48	25.04	399.72	383.05	10.297	15.149	24.14	35.51	500.9	1700	5	73.04	-2.24	0.00395	1.0	-0.22	2.74	1.00	0.00	0.16	111115
89	"15:36:00"	1908.5	0	12.3	0.156	237	4.11	1.98	24.48	6	1.42	1	2.84	24.66	24.48	25.04	399.69	383.06	10.297	15.151	24.14	35.52	500.9	1700	5	73.04	-2.24	0.00395	1.0	-0.22	2.74	1.00	0.00	0.16	111115
90	"15:36:00"	1909.0	0	12.4	0.156	236	4.11	1.98	24.48	6	1.42	1	2.84	24.66	24.48	25.04	399.71	383.02	10.297	15.151	24.14	35.52	500.9	1700	5	73.04	-2.24	0.00395	1.0	-0.22	2.74	1.00	0.00	0.16	111115
"15:36:17 Coolers: Tblock -> 30.00 C"
"15:45:29 Flow: Fixed -> 500 umol/s"
"15:46:07 Flow: Fixed -> 500 umol/s"
91	"15:46:28"	2537.0	0	12.3	0.164	241	4.95	2.24	27.64	6	1.42	1	2.84	29.32	27.64	30.12	400.18	383.13	14.334	20.146	25.56	35.92	500.8	1700	6	73.04	-1.59	-0.0823	1.0	-0.22	2.74	1.00	0.00	0.16	111115
92	"15:46:29"	2537.5	0	12.4	0.164	241	4.95	2.24	27.64	6	1.42	1	2.84	29.32	27.64	30.12	400.19	383.11	14.334	20.147	25.56	35.92	500.8	1700	6	73.04	-1.59	-0.0823	1.0	-0.22	2.74	1.00	0.00	0.16	111115
93	"15:46:29"	2538.0	0	12.4	0.164	241	4.95	2.24	27.63	6	1.42	1	2.84	29.32	27.63	30.12	400.21	383.11	14.334	20.146	25.56	35.92	500.8	1700	7	73.04	-1.59	-0.0823	1.0	-0.22	2.74	1.00	0.00	0.16	111115
94	"15:46:30"	2538.5	0	12.3	0.165	241	4.95	2.24	27.63	6	1.42	1	2.84	29.32	27.63	30.12	400.19	383.13	14.334	20.147	25.56	35.92	500.7	1700	7	73.04	-1.59	-0.0823	1.0	-0.22	2.74	1.00	0.00	0.16	111115
95	"15:46:30"	2539.0	0	12.4	0.165	241	4.95	2.24	27.63	6	1.42	1	2.84	29.32	27.63	30.12	400.22	383.10	14.332	20.147	25.55	35.92	500.7	1700	7	73.04	-1.59	-0.0823	1.0	-0.22	2.74	1.00	0.00	0.16	111115
96	"15:46:31"	2539.5	0	12.4	0.165	241	4.95	2.24	27.63	6	1.42	1	2.84	29.32	27.63	30.12	400.27	383.14	14.332	20.148	25.56	35.93	500.7	1700	7	73.04	-1.59	-0.0823	1.0	-0.22	2.74	1.00	0.00	0.16	111115
97	"15:46:31"	2540.0	0	12.4	0.165	241	4.95	2.24	27.62	6	1.42	1	2.84	29.32	27.62	30.12	400.30	383.15	14.333	20.148	25.56	35.92	500.7	1700	7	73.04	-1.59	-0.0823	1.0	-0.22	2.74	1.00	0.00	0.16	111115
98	"15:46:32"	2540.5	0	12.4	0.165	241	4.95	2.24	27.62	6	1.42	1	2.84	29.32	27.62	30.12	400.31	383.17	14.333	20.148	25.56	35.92	500.8	1700	7	73.04	-1.59	-0.0823	1.0	-0.22	2.74	1.00	0.00	0.16	111115
99	"15:46:32"	2541.0	0	12.4	0.165	241	4.95	2.24	27.62	6	1.42	1	2.84	29.32	27.62	30.12	400.33	383.14	14.334	20.149	25.56	35.92	500.8	1700	7	73.04	-1.59	-0.0823	1.0	-0.22	2.74	1.00	0.00	0.16	111115
100	"15:46:33"	2541.5	0	12.5	0.165	240	4.95	2.24	27.62	6	1.42	1	2.84	29.32	27.62	30.12	400.36	383.15	14.334	20.148	25.55	35.92	500.8	1700	7	73.04	-1.59	-0.0823	1.0	-0.22	2.74	1.00	0.00	0.16	111115
101	"15:46:33"	2542.0	0	12.5	0.165	241	4.95	2.24	27.62	6	1.42	1	2.84	29.32	27.62	30.12	400.37	383.18	14.333	20.149	25.55	35.92	500.8	1700	6	73.04	-1.59	-0.0823	1.0	-0.22	2.74	1.00	0.00	0.16	111115
102	"15:46:34"	2542.5	0	12.5	0.165	240	4.95	2.24	27.62	6	1.42	1	2.84	29.32	27.62	30.12	400.40	383.17	14.333	20.148	25.55	35.92	500.8	1700	7	73.04	-1.59	-0.0823	1.0	-0.22	2.74	1.00	0.00	0.16	111115
103	"15:46:34"	2543.0	0	12.4	0.165	241	4.95	2.24	27.62	6	1.42	1	2.84	29.32	27.62	30.12	400.40	383.23	14.335	20.147	25.56	35.92	500.8	1700	7	73.04	-1.59	-0.0823	1.0	-0.22	2.74	1.00	0.00	0.16	111115
104	"15:46:35"	2543.5	0	12.4	0.165	241	4.95	2.24	27.62	6	1.42	1	2.84	29.32	27.62	30.12	400.39	383.23	14.335	20.146	25.56	35.92	500.8	1700	7	73.04	-1.59	-0.0823	1.0	-0.22	2.74	1.00	0.00	0.16	111115
105	"15:46:35"	2543.5	0	12.4	0.165	241	4.95	2.24	27.62	6	1.42	1	2.84	29.32	27.62	30.12	400.39	383.23	14.335	20.146	25.56	35.92	500.8	1700	7	73.04	-1.59	-0.0823	1.0	-0.22	2.74	1.00	0.00	0.16	111115
106	"15:46:36"	2544.0	0	12.4	0.165	241	4.95	2.24	27.62	6	1.42	1	2.84	29.32	27.62	30.12	400.38	383.23	14.335	20.148	25.56	35.92	500.8	1700	7	73.04	-1.59	-0.0823	1.0	-0.22	2.74	1.00	0.00	0.16	111115
107	"15:46:36"	2544.5	0	12.4	0.165	241	4.95	2.24	27.62	6	1.42	1	2.84	29.32	27.62	30.12	400.36	383.21	14.334	20.147	25.56	35.92	500.8	1700	6	73.04	-1.59	-0.0823	1.0	-0.22	2.74	1.00	0.00	0.16	111115
108	"15:46:37"	2545.0	0	12.4	0.165	241	4.95	2.24	27.62	6	1.42	1	2.84	29.32	27.62	30.12	400.36	383.24	14.334	20.147	25.56	35.92	500.8	1700	6	73.04	-1.59	-0.0823	1.0	-0.22	2.74	1.00	0.00	0.16	111115
109	"15:46:38"	2545.5	0	12.4	0.165	241	4.95	2.24	27.62	6	1.42	1	2.84	29.32	27.62	30.12	400.36	383.26	14.335	20.145	25.56	35.92	500.8	1700	6	73.04	-1.59	-0.0823	1.0	-0.22	2.74	1.00	0.00	0.16	111115
110	"15:46:38"	2546.0	0	12.4	0.165	241	4.95	2.24	27.62	6	1.42	1	2.84	29.32	27.62	30.12	400.34	383.22	14.334	20.145	25.55	35.92	500.8	1700	6	73.04	-1.59	-0.0823	1.0	-0.22	2.74	1.00	0.00	0.16	111115
"15:46:59 Coolers: Tblock -> 35.00 C"
"15:51:58 Flow: Fixed -> 500 umol/s"
111	"15:52:35"	2904.0	0	12.1	0.171	246	5.76	2.5	29.87	6	1.42	1	2.84	33.48	29.87	35.01	399.25	382.14	16.961	23.703	23.86	33.35	500.7	1700	6	73.03	-1.28	-0.165	1.0	-0.22	2.74	1.00	0.00	0.16	111115
112	"15:52:36"	2904.0	0	12.1	0.171	246	5.76	2.5	29.87	6	1.42	1	2.84	33.48	29.87	35.01	399.25	382.14	16.961	23.703	23.86	33.35	500.7	1700	6	73.03	-1.28	-0.165	1.0	-0.22	2.74	1.00	0.00	0.16	111115
113	"15:52:36"	2904.0	0	12.1	0.171	246	5.76	2.5	29.87	6	1.42	1	2.84	33.48	29.87	35.01	399.25	382.14	16.961	23.703	23.86	33.35	500.7	1700	6	73.03	-1.28	-0.165	1.0	-0.22	2.74	1.00	0.00	0.16	111115
114	"15:52:36"	2904.5	0	12.1	0.171	245	5.76	2.5	29.87	6	1.42	1	2.84	33.48	29.87	35.01	399.28	382.12	16.961	23.704	23.86	33.35	500.7	1700	6	73.03	-1.28	-0.165	1.0	-0.22	2.74	1.00	0.00	0.16	111115
115	"15:52:37"	2905.0	0	12.2	0.172	245	5.77	2.5	29.87	6	1.42	1	2.84	33.48	29.87	35.01	399.32	382.12	16.961	23.706	23.86	33.35	500.8	1700	6	73.03	-1.28	-0.165	1.0	-0.22	2.74	1.00	0.00	0.16	111115
116	"15:52:38"	2905.5	0	12.2	0.172	245	5.77	2.5	29.87	6	1.42	1	2.84	33.48	29.87	35.01	399.39	382.15	16.963	23.708	23.86	33.35	500.8	1700	6	73.03	-1.28	-0.165	1.0	-0.22	2.74	1.00	0.00	0.16	111115
117	"15:52:38"	2906.0	0	12.2	0.172	245	5.77	2.5	29.86	6	1.42	1	2.84	33.48	29.86	35.01	399.41	382.17	16.962	23.709	23.86	33.35	500.8	1700	6	73.03	-1.28	-0.165	1.0	-0.22	2.74	1.00	0.00	0.16	111115
118	"15:52:39"	2906.5	0	12.2	0.172	245	5.77	2.5	29.86	6	1.42	1	2.84	33.49	29.86	35.01	399.45	382.19	16.962	23.709	23.86	33.35	500.8	1700	6	73.03	-1.28	-0.165	1.0	-0.22	2.74	1.00	0.00	0.16	111115
119	"15:52:39"	2907.0	0	12.2	0.172	245	5.77	2.5	29.86	6	1.42	1	2.84	33.49	29.86	35.01	399.49	382.19	16.961	23.709	23.86	33.35	500.8	1700	6	73.03	-1.28	-0.165	1.0	-0.22	2.74	1.00	0.00	0.16	111115
120	"15:52:40"	2907.5	0	12.2	0.172	245	5.77	2.5	29.86	6	1.42	1	2.84	33.49	29.86	35.01	399.50	382.23	16.961	23.711	23.86	33.35	500.8	1700	6	73.03	-1.28	-0.165	1.0	-0.22	2.74	1.00	0.00	0.16	111115
121	"15:52:40"	2908.0	0	12.2	0.172	245	5.77	2.5	29.86	6	1.42	1	2.84	33.49	29.86	35.01	399.48	382.25	16.962	23.711	23.86	33.35	500.8	1700	6	73.03	-1.28	-0.165	1.0	-0.22	2.74	1.00	0.00	0.16	111115
122	"15:52:41"	2908.5	0	12.2	0.172	245	5.77	2.5	29.86	6	1.42	1	2.84	33.49	29.86	35.01	399.45	382.25	16.963	23.710	23.86	33.35	500.8	1700	6	73.03	-1.28	-0.165	1.0	-0.22	2.74	1.00	0.00	0.16	111115
123	"15:52:41"	2909.0	0	12.1	0.172	246	5.77	2.5	29.86	6	1.42	1	2.84	33.49	29.86	35.01	399.42	382.24	16.964	23.712	23.86	33.35	500.8	1700	6	73.03	-1.28	-0.165	1.0	-0.22	2.74	1.00	0.00	0.16	111115
124	"15:52:42"	2909.5	0	12.1	0.172	246	5.77	2.5	29.87	6	1.42	1	2.84	33.49	29.87	35.01	399.39	382.22	16.964	23.713	23.86	33.35	500.7	1700	6	73.03	-1.28	-0.165	1.0	-0.22	2.74	1.00	0.00	0.16	111115
125	"15:52:42"	2910.5	0	12.1	0.172	246	5.77	2.5	29.87	6	1.42	1	2.84	33.49	29.87	35.01	399.28	382.19	16.964	23.717	23.86	33.36	500.7	1700	6	73.03	-1.28	-0.165	1.0	-0.22	2.74	1.00	0.00	0.16	111115
"15:52:56 Coolers: Tblock -> 40.00 C"
"15:59:44 Flow: Fixed -> 500 umol/s"
"15:59:57 Flow: Fixed -> 500 umol/s"
"16:01:17 Flow: Fixed -> 500 umol/s"
126	"16:01:36"	3444.5	0	6.94	0.125	269	6.12	3.56	33.92	6	1.42	1	2.84	38.44	33.92	40.08	399.82	388.64	16.912	24.072	18.11	25.78	500.7	1700	8	73.02	-0.751	-0.174	1.0	-0.22	2.74	1.00	0.00	0.16	111115
127	"16:01:36"	3444.5	0	6.94	0.125	269	6.12	3.56	33.92	6	1.42	1	2.84	38.44	33.92	40.08	399.82	388.64	16.912	24.072	18.11	25.78	500.7	1700	8	73.02	-0.751	-0.174	1.0	-0.22	2.74	1.00	0.00	0.16	111115
128	"16:01:37"	3445.0	0	7.03	0.125	268	6.12	3.56	33.92	6	1.42	1	2.84	38.45	33.92	40.08	399.92	388.65	16.911	24.066	18.11	25.77	500.8	1700	8	73.02	-0.751	-0.174	1.0	-0.22	2.74	1.00	0.00	0.16	111115
129	"16:01:37"	3445.5	0	7.04	0.124	268	6.11	3.56	33.92	6	1.42	1	2.84	38.44	33.92	40.08	400.02	388.74	16.912	24.060	18.11	25.76	500.8	1700	8	73.02	-0.751	-0.174	1.0	-0.22	2.74	1.00	0.00	0.16	111115
130	"16:01:38"	3446.0	0	7.06	0.124	268	6.11	3.56	33.92	6	1.42	1	2.84	38.45	33.92	40.08	400.05	388.75	16.912	24.051	18.11	25.75	500.8	1700	8	73.02	-0.751	-0.174	1.0	-0.22	2.74	1.00	0.00	0.16	111115
131	"16:01:38"	3446.5	0	7.07	0.124	267	6.1	3.56	33.92	6	1.42	1	2.84	38.44	33.92	40.09	400.09	388.78	16.912	24.044	18.11	25.75	500.8	1700	8	73.02	-0.751	-0.174	1.0	-0.22	2.74	1.00	0.00	0.16	111115
132	"16:01:39"	3447.0	0	7.06	0.124	268	6.09	3.57	33.92	6	1.42	1	2.84	38.44	33.92	40.09	400.11	388.82	16.911	24.037	18.11	25.74	500.8	1700	8	73.02	-0.751	-0.174	0.7	-0.22	2.74	1.00	0.00	0.16	111115
133	"16:01:39"	3447.5	0	7.02	0.124	268	6.09	3.57	33.93	6	1.42	1	2.84	38.45	33.93	40.09	400.10	388.85	16.912	24.032	18.11	25.73	500.8	1700	8	73.02	-0.751	-0.174	0.7	-0.22	2.74	1.00	0.00	0.16	111115
134	"16:01:45"	3453.5	0	6.9	0.121	267	6.01	3.6	34.01	6	1.42	1	2.84	38.45	34.01	40.09	399.88	388.81	16.911	23.942	18.10	25.63	500.7	1700	7	73.02	-0.751	-0.174	1.0	-0.22	2.74	1.00	0.00	0.16	111115
135	"16:01:45"	3453.5	0	6.9	0.121	267	6.01	3.6	34.01	6	1.42	1	2.84	38.45	34.01	40.09	399.88	388.81	16.911	23.942	18.10	25.63	500.7	1700	7	73.02	-0.751	-0.174	1.0	-0.22	2.74	1.00	0.00	0.16	111115
136	"16:01:45"	3454.0	0	6.92	0.121	267	6	3.6	34.01	6	1.42	1	2.84	38.45	34.01	40.09	399.90	388.81	16.912	23.934	18.10	25.62	500.7	1700	8	73.02	-0.751	-0.174	1.0	-0.22	2.74	1.00	0.00	0.16	111115
137	"16:01:46"	3454.0	0	6.92	0.121	267	6	3.6	34.01	6	1.42	1	2.84	38.45	34.01	40.09	399.90	388.81	16.912	23.934	18.10	25.62	500.7	1700	8	73.02	-0.751	-0.174	1.0	-0.22	2.74	1.00	0.00	0.16	111115
138	"16:01:46"	3454.5	0	6.87	0.121	268	6	3.6	34.00	6	1.42	1	2.84	38.45	34.00	40.09	399.86	388.84	16.913	23.925	18.10	25.61	500.7	1700	8	73.02	-0.751	-0.174	1.0	-0.22	2.74	1.00	0.00	0.16	111115
139	"16:01:47"	3455.0	0	6.86	0.121	267	5.99	3.6	34.00	6	1.42	1	2.84	38.45	34.00	40.09	399.84	388.83	16.912	23.917	18.10	25.60	500.7	1700	8	73.02	-0.751	-0.174	1.0	-0.22	2.74	1.00	0.00	0.16	111115
140	"16:01:47"	3455.5	0	6.88	0.12	267	5.98	3.6	34.00	6	1.42	1	2.84	38.45	34.00	40.09	399.86	388.83	16.913	23.910	18.10	25.59	500.7	1700	8	73.02	-0.751	-0.174	1.0	-0.22	2.74	1.00	0.00	0.16	111115
141	"16:01:48"	3456.0	0	6.9	0.12	267	5.97	3.6	34.01	6	1.42	1	2.84	38.45	34.01	40.09	399.87	388.82	16.913	23.900	18.10	25.58	500.7	1700	8	73.02	-0.751	-0.174	1.0	-0.22	2.74	1.00	0.00	0.16	111115
142	"16:01:48"	3456.5	0	6.92	0.12	266	5.97	3.6	34.01	6	1.42	1	2.84	38.45	34.01	40.09	399.87	388.80	16.911	23.892	18.10	25.57	500.8	1700	8	73.02	-0.751	-0.174	1.0	-0.22	2.74	1.00	0.00	0.16	111115
143	"16:01:49"	3457.0	0	6.89	0.12	266	5.96	3.6	34.02	6	1.42	1	2.84	38.45	34.02	40.09	399.84	388.81	16.911	23.883	18.10	25.56	500.8	1700	8	73.02	-0.751	-0.174	1.0	-0.22	2.74	1.00	0.00	0.16	111115
144	"16:01:49"	3457.5	0	6.86	0.119	267	5.95	3.61	34.03	6	1.42	1	2.84	38.45	34.03	40.09	399.79	388.81	16.911	23.874	18.10	25.55	500.8	1700	8	73.02	-0.751	-0.174	1.0	-0.22	2.74	1.00	0.00	0.16	111115
145	"16:01:50"	3458.0	0	6.84	0.119	267	5.95	3.61	34.04	6	1.42	1	2.84	38.45	34.04	40.09	399.77	388.81	16.910	23.867	18.10	25.54	500.8	1700	8	73.02	-0.751	-0.174	1.0	-0.22	2.74	1.00	0.00	0.16	111115
146	"16:01:50"	3458.5	0	6.89	0.119	266	5.94	3.62	34.05	6	1.42	1	2.84	38.45	34.05	40.09	399.82	388.80	16.910	23.858	18.10	25.53	500.8	1700	8	73.02	-0.751	-0.174	1.0	-0.22	2.74	1.00	0.00	0.16	111115
147	"16:01:51"	3459.0	0	6.92	0.119	265	5.93	3.62	34.06	6	1.42	1	2.84	38.46	34.06	40.09	399.83	388.78	16.910	23.848	18.10	25.52	500.8	1699	8	73.02	-0.751	-0.174	1.0	-0.22	2.74	1.00	0.00	0.16	111115
148	"16:01:52"	3460.0	0	6.91	0.118	265	5.92	3.62	34.07	6	1.42	1	2.84	38.46	34.07	40.09	399.82	388.78	16.909	23.833	18.09	25.50	500.8	1700	7	73.02	-0.751	-0.174	1.0	-0.22	2.74	1.00	0.00	0.16	111115
"16:02:06 Coolers: Tblock -> 45.00 C"
"16:06:22 Flow: Fixed -> 500 umol/s"
149	"16:06:53"	3762.0	0	4.18	0.0596	244	4.06	4.8	37.21	6	1.42	1	2.84	42.65	37.21	44.97	400.50	393.58	16.807	21.569	14.38	18.46	500.7	1700	9	73.01	-0.307	-0.0999	1.0	-0.22	2.74	1.00	0.00	0.16	111115
150	"16:06:54"	3762.0	0	4.18	0.0596	244	4.06	4.8	37.21	6	1.42	1	2.84	42.65	37.21	44.97	400.50	393.58	16.807	21.569	14.38	18.46	500.7	1700	9	73.01	-0.307	-0.0999	1.0	-0.22	2.74	1.00	0.00	0.16	111115
151	"16:06:54"	3762.0	0	4.18	0.0596	244	4.06	4.8	37.21	6	1.42	1	2.84	42.65	37.21	44.97	400.50	393.58	16.807	21.569	14.38	18.46	500.7	1700	9	73.01	-0.307	-0.0999	1.0	-0.22	2.74	1.00	0.00	0.16	111115
152	"16:06:54"	3762.5	0	4.17	0.0596	244	4.06	4.81	37.23	6	1.42	1	2.84	42.65	37.23	44.97	400.48	393.57	16.807	21.571	14.38	18.46	500.7	1700	9	73.01	-0.307	-0.0999	1.0	-0.22	2.74	1.00	0.00	0.16	111115
153	"16:06:55"	3763.0	0	4.14	0.0595	245	4.06	4.81	37.24	6	1.42	1	2.84	42.65	37.24	44.97	400.42	393.54	16.806	21.570	14.38	18.46	500.7	1700	9	73.01	-0.307	-0.0999	1.0	-0.22	2.74	1.00	0.00	0.16	111115
154	"16:06:55"	3763.5	0	4.09	0.0595	246	4.06	4.81	37.24	6	1.42	1	2.84	42.65	37.24	44.97	400.38	393.56	16.807	21.570	14.38	18.46	500.7	1700	9	73.02	-0.307	-0.0999	1.0	-0.22	2.74	1.00	0.00	0.16	111115
155	"16:06:56"	3764.0	0	4.1	0.0595	246	4.06	4.81	37.25	6	1.42	1	2.84	42.65	37.25	44.97	400.36	393.53	16.807	21.572	14.38	18.46	500.7	1700	9	73.02	-0.307	-0.0999	1.0	-0.22	2.74	1.00	0.00	0.16	111115
156	"16:06:56"	3764.5	0	4.09	0.0595	246	4.06	4.82	37.25	6	1.42	1	2.84	42.66	37.25	44.97	400.34	393.53	16.807	21.573	14.38	18.46	500.7	1700	9	73.02	-0.307	-0.0999	1.0	-0.22	2.74	1.00	0.00	0.16	111115
157	"16:06:57"	3765.0	0	4.06	0.0595	247	4.07	4.82	37.25	6	1.42	1	2.84	42.66	37.25	44.97	400.33	393.55	16.808	21.575	14.38	18.46	500.8	1700	9	73.02	-0.307	-0.0999	1.0	-0.22	2.74	1.00	0.00	0.16	111115
158	"16:06:57"	3765.5	0	4.06	0.0595	247	4.07	4.81	37.24	6	1.42	1	2.84	42.66	37.24	44.97	400.35	393.56	16.808	21.576	14.38	18.46	500.8	1700	9	73.02	-0.307	-0.0999	1.0	-0.22	2.74	1.00	0.00	0.16	111115
159	"16:06:58"	3766.0	0	4.11	0.0596	246	4.07	4.81	37.24	6	1.42	1	2.84	42.66	37.24	44.97	400.41	393.57	16.808	21.577	14.38	18.46	500.8	1700	9	73.02	-0.307	-0.0999	1.0	-0.22	2.74	1.00	0.00	0.16	111115
160	"16:06:58"	3766.5	0	4.12	0.0596	246	4.07	4.81	37.24	6	1.42	1	2.84	42.66	37.24	44.97	400.43	393.58	16.807	21.577	14.38	18.46	500.9	1700	9	73.02	-0.307	-0.0999	1.0	-0.22	2.74	1.00	0.00	0.16	111115
161	"16:06:59"	3767.0	0	4.09	0.0596	246	4.07	4.81	37.24	6	1.42	1	2.84	42.66	37.24	44.97	400.44	393.62	16.808	21.578	14.38	18.46	500.8	1700	9	73.02	-0.307	-0.0999	1.0	-0.22	2.74	1.00	0.00	0.16	111115
162	"16:07:00"	3767.5	0	4.08	0.0597	247	4.07	4.81	37.23	6	1.42	1	2.84	42.66	37.23	44.97	400.41	393.59	16.807	21.579	14.38	18.47	500.9	1700	9	73.02	-0.307	-0.0999	1.0	-0.22	2.74	1.00	0.00	0.16	111115
163	"16:07:00"	3768.0	0	4.03	0.0597	248	4.07	4.81	37.23	6	1.42	1	2.84	42.66	37.23	44.97	400.35	393.61	16.806	21.579	14.38	18.46	500.9	1700	9	73.02	-0.307	-0.0999	1.0	-0.22	2.74	1.00	0.00	0.16	111115
"16:07:21 Coolers: Tblock -> 50.00 C"
"16:10:23 Flow: Fixed -> 500 umol/s"
164	"16:11:01"	4010.0	0	3.53	0.0751	275	5.7	5.34	39.05	6	1.42	1	2.84	46.86	39.05	49.86	400.49	393.57	16.660	23.327	11.47	16.07	500.7	1700	10	73.01	0.113	-0.183	1.0	-0.22	2.74	1.00	0.00	0.16	111115
165	"16:11:02"	4010.0	0	3.53	0.0751	275	5.7	5.34	39.05	6	1.42	1	2.84	46.86	39.05	49.86	400.49	393.57	16.660	23.327	11.47	16.07	500.7	1700	10	73.01	0.113	-0.183	1.0	-0.22	2.74	1.00	0.00	0.16	111115
166	"16:11:02"	4010.5	0	3.53	0.0752	275	5.7	5.34	39.05	6	1.42	1	2.84	46.86	39.05	49.86	400.50	393.58	16.660	23.331	11.47	16.07	500.7	1700	10	73.01	0.113	-0.183	1.0	-0.22	2.74	1.00	0.00	0.16	111115
167	"16:11:03"	4011.0	0	3.57	0.0752	274	5.7	5.34	39.05	6	1.42	1	2.84	46.86	39.05	49.86	400.54	393.57	16.661	23.334	11.47	16.07	500.7	1700	10	73.01	0.113	-0.183	1.0	-0.22	2.74	1.00	0.00	0.16	111115
168	"16:11:03"	4011.5	0	3.6	0.0752	274	5.7	5.34	39.05	6	1.42	1	2.84	46.86	39.05	49.86	400.62	393.61	16.661	23.337	11.47	16.07	500.7	1700	10	73.01	0.113	-0.183	1.0	-0.22	2.74	1.00	0.00	0.16	111115
169	"16:11:04"	4012.0	0	3.64	0.0753	273	5.71	5.34	39.04	6	1.42	1	2.84	46.86	39.04	49.86	400.64	393.59	16.660	23.339	11.47	16.07	500.7	1700	10	73.01	0.113	-0.183	1.0	-0.22	2.74	1.00	0.00	0.16	111115
170	"16:11:04"	4012.5	0	3.64	0.0754	273	5.71	5.34	39.06	6	1.42	1	2.84	46.86	39.06	49.86	400.66	393.60	16.660	23.347	11.47	16.08	500.7	1700	10	73.01	0.113	-0.183	1.0	-0.22	2.74	1.00	0.00	0.16	111115
171	"16:11:05"	4013.0	0	3.63	0.0754	273	5.72	5.34	39.06	6	1.42	1	2.84	46.86	39.06	49.86	400.66	393.62	16.661	23.350	11.47	16.08	500.7	1700	10	73.01	0.113	-0.183	1.0	-0.22	2.74	1.00	0.00	0.16	111115
172	"16:11:05"	4013.5	0	3.57	0.0754	275	5.72	5.34	39.06	6	1.42	1	2.84	46.86	39.06	49.86	400.63	393.66	16.662	23.353	11.47	16.08	500.8	1700	10	73.01	0.113	-0.183	1.0	-0.22	2.74	1.00	0.00	0.16	111115
173	"16:11:06"	4014.0	0	3.54	0.0754	275	5.72	5.35	39.07	6	1.42	1	2.84	46.86	39.07	49.85	400.63	393.69	16.662	23.356	11.47	16.08	500.8	1700	10	73.01	0.113	-0.183	1.0	-0.22	2.74	1.00	0.00	0.16	111115
174	"16:11:06"	4014.5	0	3.54	0.0754	275	5.73	5.35	39.07	6	1.42	1	2.84	46.87	39.07	49.85	400.63	393.68	16.661	23.360	11.47	16.08	500.8	1700	10	73.01	0.113	-0.183	1.0	-0.22	2.74	1.00	0.00	0.16	111115
175	"16:11:07"	4015.0	0	3.57	0.0755	275	5.73	5.35	39.08	6	1.42	1	2.84	46.87	39.08	49.85	400.68	393.70	16.661	23.367	11.47	16.09	500.8	1700	10	73.01	0.113	-0.183	1.0	-0.22	2.74	1.00	0.00	0.16	111115
176	"16:11:07"	4015.5	0	3.6	0.0755	274	5.74	5.35	39.09	6	1.42	1	2.84	46.87	39.09	49.85	400.67	393.65	16.660	23.374	11.47	16.09	500.8	1700	10	73.01	0.113	-0.183	1.0	-0.22	2.74	1.00	0.00	0.16	111115
177	"16:11:08"	4016.0	0	3.57	0.0755	275	5.74	5.36	39.10	6	1.42	1	2.84	46.87	39.10	49.85	400.65	393.67	16.660	23.380	11.47	16.09	500.8	1700	10	73.01	0.113	-0.183	1.0	-0.22	2.74	1.00	0.00	0.16	111115
178	"16:11:08"	4016.5	0	3.55	0.0756	275	5.74	5.36	39.09	6	1.42	1	2.84	46.87	39.09	49.85	400.63	393.66	16.659	23.379	11.47	16.09	500.8	1700	10	73.01	0.113	-0.183	1.0	-0.22	2.74	1.00	0.00	0.16	111115
