"OPEN 6.2.4"
"Thr Jun 23 2016 09:16:16"
<open><version>"6.2.4"</version></open>
<open><configfile>"/User/Configs/UserPrefs/2x3 LED.xml"</configfile></open>
<open><light><source>"6400-02 or -02B LED Source"</source><par_in>1<sensor>"SI-3781"<cal>-0.93<actinity>1.00</actinity><transm>1.00</transm></cal></sensor><transm>1</transm></par_in><par_out>1<sensor>"Q49599"<cal>7.26</cal></sensor></par_out></light></open>
<open><comps><file>"/User/Configs/Comps/StdComps_6.2"<header>""</header><extras></extras></file><energybal>no<f_parIn>1</f_parIn><f_parOut>0</f_parOut><alphaK>0.16</alphaK></energybal><bc_total>2.840<stomatal_ratio>1</stomatal_ratio><bc_oneside>1.420<type>2</type><table>"/Sys/Lib/StdBLCTable"</table><area>6</area><slope>-0.219565</slope><offset>2.73739</offset><fan>5</fan></bc_oneside></bc_total></comps></open>
<open><prompts><onlog>off</onlog><items>"Default (none)"</items></prompts></open>
<open><constants><oxygen>21 %</oxygen><bb_vapor>1.5</bb_vapor><bb_oxy>0.9</bb_oxy></constants></open>
<open><stability><items>"Std Stability"<items[1]><id>-2</id><size>15</size><pcv><onoff>0</onoff><value>1</value></pcv><std><onoff>0</onoff><value>1</value></std><slp><onoff>1</onoff><value>1</value></slp></items[1]><items[2]><id>-5</id><size>15</size><pcv><onoff>0</onoff><value>1</value></pcv><std><onoff>0</onoff><value>1</value></std><slp><onoff>1</onoff><value>1</value></slp></items[2]><items[3]><id>-7</id><size>15</size><pcv><onoff>0</onoff><value>1</value></pcv><std><onoff>0</onoff><value>1</value></std><slp><onoff>1</onoff><value>1</value></slp></items[3]></items></stability></open>
<open><log><format>"StdLogFmt_6.0"<items>{ -35 -21 -36 -76 30 23 36 21 25 221 -33 111 -34 11 -9 -10 -8 -1 -2 -4 -5 -14 -15 -7 -12 -13 -11 -65 -66 -72 -18 -19 -77 -78 -79 -23  }<hdr>{  }</hdr></items></format><options><beep>on</beep><hdr>normal</hdr><rem>normal</rem><stab>no</stab><stats>no<mean>no</mean><file>no</file><period>15</period></stats><excel>yes</excel><controls>yes</controls><comm>no</comm></options><datafile>"/User/062316-stm-vaoc4"</datafile><button><action>"Normal Log"<code>" LogOneObsManual "</code></action></button><autoprog>"/User/Configs/AutoProgs/AutoLog2"<active>no</active></autoprog></log></open>
<open><a2d><avgtime>4.0 secs</avgtime><userchans><ch20>"Off"</ch20><ch21>"Off"</ch21><ch22>"Off"</ch22><ch23>"Off"</ch23></userchans></a2d></open>
<open><matching><type>0</type><disp>'a'</disp><settings><CO2Limit>10.0</CO2Limit><H2OLimit>1.0</H2OLimit><MaxAutoTime>60</MaxAutoTime></settings></matching></open>
<li6400><factory><unit>"PSC-3840"</unit><serviced>"1 Jul 2013"</serviced><fuseaware>0</fuseaware><co2mixer>yes</co2mixer><co2><coeffs>{ 0 0.213319 2.22998e-05 2.13159e-08 -3.88664e-12 3.69888e-16  }</coeffs><dvdt>-4.7</dvdt><xs>{ 0.0009 -0.0002  }</xs></co2><h2o><coeffs>{ 0 0.00572751 2.23485e-06 -7.37877e-12  }</coeffs><dvdt>-1.7</dvdt><xs>{ 0.0009 -0.0028  }</xs></h2o><flow>{ 0 0.3568  }</flow><press>{ 88.437 0.00551  }</press></factory></li6400>
<li6400><user><flow_zero>-820.3</flow_zero><irga_zero><co2>468.8 234.4<at>18.1598</at></co2><h2o>78.1 156.2<at>17.1607</at></h2o></irga_zero><irga_span><co2>{ 0.99237 0.992833  }</co2><h2o>{ 1.00426 0.996799  }</h2o></irga_span><irga_match><co2>{ 0.940565 -0.652168  }</co2><h2o>{ 0.00477181 -0.0271867  }</h2o></irga_match><co2_mixer><pump_mv>4500</pump_mv><ppm>{ 2938.24 1287.24 480.57 287.911 131.964 79.0122 54.4649 48.1774  }</ppm><mv>{ 5000 3000 1500 1000 500 300 200 100  }</mv></co2_mixer><parin_offset>0</parin_offset><led_cal><unit>"SI-3781"</unit><mv>{ 10 25 50 100 1000 2000 3000 4000 5000  }</mv><qntm>{ 4.69642 15.4417 35.4805 82.2863 972.665 1922.29 2824.32 3690.14 4518.2  }</qntm></led_cal><lcf_cal><unit>"unknown"</unit><red><mv>{ 50 100 500 1000 1500 5000  }</mv><qntm>{ 50 100 500 1000 2000 5000  }</qntm></red><blue><mv>{ 100 200 500 1000 2000 5000  }</mv><qntm>{ 10 20 50 100 200 500  }</qntm></blue></lcf_cal></user></li6400>
"09:16:17 "
$STARTOFDATA$
"Obs"	"HHMMSS"	"FTime"	"EBal?"	"Photo"	"Cond"	"Ci"	"Trmmol"	"VpdL"	"CTleaf"	"Area"	"BLC_1"	"StmRat"	"BLCond"	"Tair"	"Tleaf"	"TBlk"	"CO2R"	"CO2S"	"H2OR"	"H2OS"	"RH_R"	"RH_S"	"Flow"	"PARi"	"PARo"	"Press"	"CsMch"	"HsMch"	"StableF"	"BLCslope"	"BLCoffst"	"f_parin"	"f_parout"	"alphaK"	"Status"
"09:17:43 Flow: Fixed -> 300 umol/s"
"09:25:11 Flow: Fixed -> 300 umol/s"
1	"09:26:18"	623.0	0	7.8	0.176	302	1.86	0.814	8.09	6	1.42	1	2.84	2.30	8.09	0.05	400.24	383.27	0.001	3.689	0.01	37.31	301.0	1701	5	73.21	-5.37	0.0303	1.0	-0.22	2.74	1.00	0.00	0.16	111115
2	"09:26:19"	623.5	0	7.78	0.176	303	1.86	0.814	8.09	6	1.42	1	2.84	2.30	8.09	0.05	400.24	383.31	0.001	3.688	0.01	37.30	301.0	1701	5	73.21	-5.37	0.0303	1.0	-0.22	2.74	1.00	0.00	0.16	111115
3	"09:26:19"	624.0	0	7.8	0.176	302	1.86	0.814	8.09	6	1.42	1	2.84	2.30	8.09	0.05	400.26	383.30	0.000	3.688	0.00	37.30	301.0	1701	5	73.21	-5.37	0.0303	1.0	-0.22	2.74	1.00	0.00	0.16	111115
4	"09:26:20"	624.5	0	7.8	0.176	302	1.86	0.813	8.09	6	1.42	1	2.84	2.30	8.09	0.05	400.28	383.31	0.000	3.688	0.00	37.29	301.0	1701	5	73.21	-5.37	0.0303	1.0	-0.22	2.74	1.00	0.00	0.16	111115
5	"09:26:20"	625.0	0	7.81	0.176	302	1.86	0.813	8.08	6	1.42	1	2.84	2.30	8.08	0.05	400.30	383.31	-0.000	3.687	-0.00	37.28	301.0	1701	6	73.21	-5.37	0.0303	1.0	-0.22	2.74	1.00	0.00	0.16	111115
6	"09:26:21"	625.5	0	7.82	0.176	302	1.86	0.813	8.08	6	1.42	1	2.84	2.30	8.08	0.05	400.33	383.33	-0.001	3.688	-0.01	37.29	301.0	1701	6	73.21	-5.37	0.0303	1.0	-0.22	2.74	1.00	0.00	0.16	111115
7	"09:26:21"	626.0	0	7.83	0.176	302	1.86	0.813	8.09	6	1.42	1	2.84	2.30	8.09	0.05	400.33	383.31	-0.001	3.688	-0.01	37.30	301.0	1701	6	73.21	-5.37	0.0303	1.0	-0.22	2.74	1.00	0.00	0.16	111115
8	"09:26:22"	626.5	0	7.82	0.176	302	1.86	0.814	8.09	6	1.42	1	2.84	2.30	8.09	0.05	400.34	383.33	-0.001	3.689	-0.01	37.31	301.0	1701	5	73.21	-5.37	0.0303	1.0	-0.22	2.74	1.00	0.00	0.16	111115
9	"09:26:22"	627.0	0	7.79	0.176	303	1.86	0.814	8.09	6	1.42	1	2.84	2.30	8.09	0.05	400.31	383.36	-0.001	3.689	-0.01	37.31	301.0	1701	6	73.21	-5.37	0.0303	1.0	-0.22	2.74	1.00	0.00	0.16	111115
10	"09:26:23"	627.5	0	7.84	0.176	302	1.86	0.814	8.09	6	1.42	1	2.84	2.30	8.09	0.05	400.34	383.31	-0.001	3.688	-0.01	37.30	301.0	1701	6	73.21	-5.37	0.0303	1.0	-0.22	2.74	1.00	0.00	0.16	111115
11	"09:26:23"	628.0	0	7.85	0.176	302	1.86	0.814	8.09	6	1.42	1	2.84	2.30	8.09	0.05	400.38	383.30	-0.001	3.688	-0.01	37.30	301.0	1701	6	73.21	-5.37	0.0303	1.0	-0.22	2.74	1.00	0.00	0.16	111115
12	"09:26:24"	628.5	0	7.86	0.176	302	1.86	0.814	8.09	6	1.42	1	2.84	2.30	8.09	0.05	400.39	383.31	-0.000	3.688	-0.00	37.30	301.0	1701	6	73.21	-5.37	0.0303	1.0	-0.22	2.74	1.00	0.00	0.16	111115
13	"09:26:24"	629.0	0	7.86	0.176	302	1.86	0.814	8.09	6	1.42	1	2.84	2.30	8.09	0.05	400.39	383.30	-0.000	3.688	-0.00	37.30	301.0	1701	6	73.21	-5.37	0.0303	1.0	-0.22	2.74	1.00	0.00	0.16	111115
14	"09:26:24"	629.0	0	7.86	0.176	302	1.86	0.814	8.09	6	1.42	1	2.84	2.30	8.09	0.05	400.39	383.30	-0.000	3.688	-0.00	37.30	301.0	1701	6	73.21	-5.37	0.0303	1.0	-0.22	2.74	1.00	0.00	0.16	111115
15	"09:26:25"	629.5	0	7.85	0.176	302	1.86	0.813	8.09	6	1.42	1	2.84	2.30	8.09	0.05	400.39	383.32	0.001	3.687	0.01	37.29	301.0	1701	6	73.21	-5.37	0.0303	1.0	-0.22	2.74	1.00	0.00	0.16	111115
"09:26:40 Coolers: Tblock -> 5.00 C"
"09:31:31 Flow: Fixed -> 300 umol/s"
16	"09:32:42"	1007.5	0	8.81	0.164	285	2.02	0.943	10.68	6	1.42	1	2.84	6.48	10.68	5.14	401.29	382.18	0.724	4.731	5.46	35.70	301.0	1700	6	73.22	-5.74	0.0205	1.0	-0.22	2.74	1.00	0.00	0.16	111115
17	"09:32:43"	1008.0	0	8.82	0.164	285	2.02	0.943	10.68	6	1.42	1	2.84	6.48	10.68	5.14	401.32	382.21	0.725	4.732	5.47	35.70	301.0	1700	6	73.22	-5.74	0.0205	1.0	-0.22	2.74	1.00	0.00	0.16	111115
18	"09:32:43"	1008.5	0	8.82	0.164	285	2.02	0.943	10.68	6	1.42	1	2.84	6.48	10.68	5.14	401.33	382.20	0.724	4.733	5.47	35.71	301.0	1700	6	73.22	-5.74	0.0205	1.0	-0.22	2.74	1.00	0.00	0.16	111115
19	"09:32:44"	1009.0	0	8.8	0.164	285	2.02	0.944	10.68	6	1.42	1	2.84	6.48	10.68	5.14	401.30	382.22	0.724	4.732	5.46	35.70	301.0	1700	6	73.22	-5.74	0.0205	1.0	-0.22	2.74	1.00	0.00	0.16	111115
20	"09:32:44"	1009.5	0	8.78	0.164	285	2.02	0.944	10.68	6	1.42	1	2.84	6.48	10.68	5.14	401.27	382.23	0.724	4.732	5.46	35.70	301.0	1700	6	73.22	-5.74	0.0205	1.0	-0.22	2.74	1.00	0.00	0.16	111115
21	"09:32:45"	1010.0	0	8.8	0.164	285	2.02	0.944	10.68	6	1.42	1	2.84	6.48	10.68	5.14	401.30	382.23	0.724	4.731	5.46	35.70	301.0	1700	6	73.22	-5.74	0.0205	1.0	-0.22	2.74	1.00	0.00	0.16	111115
22	"09:32:45"	1010.5	0	8.8	0.164	285	2.02	0.944	10.69	6	1.42	1	2.84	6.48	10.69	5.14	401.29	382.20	0.724	4.732	5.46	35.70	301.0	1700	6	73.22	-5.74	0.0205	1.0	-0.22	2.74	1.00	0.00	0.16	111115
23	"09:32:46"	1011.0	0	8.81	0.164	285	2.02	0.944	10.69	6	1.42	1	2.84	6.48	10.69	5.14	401.30	382.19	0.724	4.731	5.46	35.69	301.0	1700	5	73.22	-5.74	0.0205	1.0	-0.22	2.74	1.00	0.00	0.16	111115
24	"09:32:46"	1011.5	0	8.82	0.164	285	2.02	0.944	10.69	6	1.42	1	2.84	6.48	10.69	5.14	401.29	382.17	0.723	4.731	5.46	35.69	301.0	1700	5	73.22	-5.74	0.0205	1.0	-0.22	2.74	1.00	0.00	0.16	111115
25	"09:32:47"	1011.5	0	8.82	0.164	285	2.02	0.944	10.69	6	1.42	1	2.84	6.48	10.69	5.14	401.29	382.17	0.723	4.731	5.46	35.69	301.0	1700	5	73.22	-5.74	0.0205	1.0	-0.22	2.74	1.00	0.00	0.16	111115
26	"09:32:47"	1012.0	0	8.82	0.164	285	2.02	0.944	10.69	6	1.42	1	2.84	6.48	10.69	5.14	401.27	382.15	0.723	4.730	5.45	35.68	301.0	1700	5	73.22	-5.74	0.0205	1.0	-0.22	2.74	1.00	0.00	0.16	111115
27	"09:32:48"	1012.5	0	8.85	0.164	285	2.02	0.944	10.69	6	1.42	1	2.84	6.48	10.69	5.14	401.31	382.13	0.722	4.730	5.44	35.68	301.0	1700	5	73.22	-5.74	0.0205	1.0	-0.22	2.74	1.00	0.00	0.16	111115
28	"09:32:48"	1013.0	0	8.85	0.164	284	2.02	0.945	10.69	6	1.42	1	2.84	6.48	10.69	5.14	401.32	382.14	0.722	4.729	5.44	35.68	301.0	1700	5	73.22	-5.74	0.0205	1.0	-0.22	2.74	1.00	0.00	0.16	111115
29	"09:32:49"	1013.5	0	8.85	0.164	285	2.02	0.945	10.70	6	1.42	1	2.84	6.48	10.70	5.14	401.33	382.16	0.722	4.730	5.44	35.68	301.0	1700	5	73.22	-5.74	0.0205	1.0	-0.22	2.74	1.00	0.00	0.16	111115
30	"09:32:49"	1014.0	0	8.84	0.164	285	2.02	0.945	10.70	6	1.42	1	2.84	6.48	10.70	5.14	401.33	382.16	0.722	4.730	5.45	35.68	301.0	1700	5	73.22	-5.74	0.0205	1.0	-0.22	2.74	1.00	0.00	0.16	111115
"09:32:58 Coolers: Tblock -> 10.00 C"
"09:37:10 Flow: Fixed -> 300 umol/s"
31	"09:37:44"	1308.5	0	9.58	0.159	270	2.2	1.05	13.25	6	1.42	1	2.84	10.57	13.25	10.03	399.02	378.26	2.172	6.519	12.42	37.29	301.0	1699	6	73.22	-5.96	-0.00263	1.0	-0.22	2.74	1.00	0.00	0.16	111115
32	"09:37:45"	1309.0	0	9.61	0.159	270	2.19	1.05	13.26	6	1.42	1	2.84	10.57	13.26	10.03	399.06	378.25	2.172	6.519	12.42	37.29	301.0	1699	6	73.22	-5.96	-0.00263	1.0	-0.22	2.74	1.00	0.00	0.16	111115
33	"09:37:45"	1309.5	0	9.63	0.159	269	2.2	1.05	13.26	6	1.42	1	2.84	10.57	13.26	10.03	399.05	378.21	2.172	6.520	12.42	37.29	301.0	1699	6	73.22	-5.96	-0.00263	1.0	-0.22	2.74	1.00	0.00	0.16	111115
34	"09:37:45"	1309.5	0	9.63	0.159	269	2.2	1.05	13.26	6	1.42	1	2.84	10.57	13.26	10.03	399.05	378.21	2.172	6.520	12.42	37.29	301.0	1699	6	73.22	-5.96	-0.00263	1.0	-0.22	2.74	1.00	0.00	0.16	111115
35	"09:37:46"	1310.0	0	9.64	0.159	269	2.2	1.05	13.27	6	1.42	1	2.84	10.57	13.27	10.03	399.08	378.21	2.172	6.520	12.42	37.29	301.0	1699	6	73.22	-5.96	-0.00263	1.0	-0.22	2.74	1.00	0.00	0.16	111115
36	"09:37:46"	1310.5	0	9.63	0.159	269	2.2	1.05	13.27	6	1.42	1	2.84	10.57	13.27	10.03	399.09	378.23	2.172	6.520	12.42	37.29	301.0	1699	6	73.22	-5.96	-0.00263	1.0	-0.22	2.74	1.00	0.00	0.16	111115
37	"09:37:47"	1311.0	0	9.64	0.159	269	2.19	1.05	13.27	6	1.42	1	2.84	10.57	13.27	10.03	399.11	378.24	2.173	6.520	12.43	37.29	301.0	1699	6	73.22	-5.96	-0.00263	1.0	-0.22	2.74	1.00	0.00	0.16	111115
38	"09:37:47"	1311.5	0	9.63	0.159	269	2.19	1.05	13.27	6	1.42	1	2.84	10.57	13.27	10.03	399.11	378.25	2.174	6.520	12.43	37.29	301.0	1699	6	73.22	-5.96	-0.00263	1.0	-0.22	2.74	1.00	0.00	0.16	111115
39	"09:37:48"	1312.0	0	9.61	0.159	269	2.19	1.05	13.27	6	1.42	1	2.84	10.57	13.27	10.03	399.11	378.29	2.174	6.520	12.43	37.28	301.0	1699	6	73.22	-5.96	-0.00263	1.0	-0.22	2.74	1.00	0.00	0.16	111115
40	"09:37:48"	1312.5	0	9.62	0.159	269	2.19	1.05	13.27	6	1.42	1	2.84	10.57	13.27	10.03	399.14	378.31	2.174	6.520	12.43	37.28	301.0	1699	6	73.22	-5.96	-0.00263	1.0	-0.22	2.74	1.00	0.00	0.16	111115
41	"09:37:49"	1313.0	0	9.6	0.159	270	2.2	1.05	13.27	6	1.42	1	2.84	10.57	13.27	10.03	399.10	378.30	2.174	6.522	12.43	37.29	301.0	1700	6	73.22	-5.96	-0.00263	1.0	-0.22	2.74	1.00	0.00	0.16	111115
42	"09:37:49"	1313.5	0	9.6	0.159	270	2.19	1.05	13.27	6	1.42	1	2.84	10.58	13.27	10.03	399.11	378.32	2.175	6.520	12.43	37.28	301.0	1700	6	73.22	-5.96	-0.00263	1.0	-0.22	2.74	1.00	0.00	0.16	111115
43	"09:37:50"	1314.0	0	9.6	0.159	270	2.19	1.05	13.27	6	1.42	1	2.84	10.58	13.27	10.03	399.10	378.31	2.176	6.522	12.44	37.28	301.0	1699	6	73.22	-5.96	-0.00263	1.0	-0.22	2.74	1.00	0.00	0.16	111115
44	"09:37:50"	1314.5	0	9.61	0.159	270	2.2	1.05	13.26	6	1.42	1	2.84	10.58	13.26	10.03	399.09	378.28	2.176	6.523	12.44	37.29	301.0	1699	6	73.22	-5.96	-0.00263	1.0	-0.22	2.74	1.00	0.00	0.16	111115
45	"09:37:51"	1315.0	0	9.62	0.159	270	2.2	1.05	13.25	6	1.42	1	2.84	10.58	13.25	10.03	399.11	378.28	2.175	6.524	12.43	37.30	301.0	1699	6	73.22	-5.96	-0.00263	1.0	-0.22	2.74	1.00	0.00	0.16	111115
"09:38:01 Coolers: Tblock -> 15.00 C"
"09:41:36 Flow: Fixed -> 300 umol/s"
46	"09:41:57"	1562.0	0	10.1	0.155	261	2.44	1.19	15.73	6	1.42	1	2.84	14.82	15.73	15.11	400.09	378.17	3.387	8.209	14.66	35.54	301.0	1700	6	73.22	-5.93	-0.0354	1.0	-0.22	2.74	1.00	0.00	0.16	111115
47	"09:41:57"	1562.0	0	10.1	0.155	261	2.44	1.19	15.73	6	1.42	1	2.84	14.82	15.73	15.11	400.09	378.17	3.387	8.209	14.66	35.54	301.0	1700	6	73.22	-5.93	-0.0354	1.0	-0.22	2.74	1.00	0.00	0.16	111115
48	"09:41:58"	1562.5	0	10.1	0.155	261	2.44	1.19	15.73	6	1.42	1	2.84	14.82	15.73	15.11	400.10	378.16	3.387	8.211	14.67	35.55	301.0	1700	6	73.22	-5.93	-0.0354	1.0	-0.22	2.74	1.00	0.00	0.16	111115
49	"09:41:58"	1563.0	0	10.1	0.155	261	2.44	1.19	15.74	6	1.42	1	2.84	14.82	15.74	15.11	400.13	378.16	3.387	8.214	14.67	35.56	300.9	1700	6	73.22	-5.93	-0.0354	1.0	-0.22	2.74	1.00	0.00	0.16	111115
50	"09:41:59"	1563.5	0	10.1	0.156	261	2.44	1.19	15.74	6	1.42	1	2.84	14.82	15.74	15.11	400.14	378.14	3.387	8.216	14.66	35.57	301.0	1700	6	73.22	-5.93	-0.0354	1.0	-0.22	2.74	1.00	0.00	0.16	111115
51	"09:41:59"	1564.0	0	10.1	0.156	261	2.44	1.19	15.75	6	1.42	1	2.84	14.82	15.75	15.11	400.17	378.14	3.387	8.218	14.66	35.58	301.0	1700	6	73.22	-5.93	-0.0354	1.0	-0.22	2.74	1.00	0.00	0.16	111115
52	"09:42:00"	1564.5	0	10.1	0.156	260	2.44	1.19	15.75	6	1.42	1	2.84	14.82	15.75	15.11	400.19	378.11	3.387	8.221	14.66	35.59	301.0	1700	6	73.22	-5.93	-0.0354	1.0	-0.22	2.74	1.00	0.00	0.16	111115
53	"09:42:00"	1565.0	0	10.2	0.156	260	2.45	1.19	15.75	6	1.42	1	2.84	14.82	15.75	15.11	400.19	378.10	3.387	8.225	14.66	35.60	301.0	1699	6	73.22	-5.93	-0.0354	1.0	-0.22	2.74	1.00	0.00	0.16	111115
54	"09:42:01"	1565.5	0	10.2	0.156	260	2.45	1.19	15.76	6	1.42	1	2.84	14.82	15.76	15.11	400.19	378.09	3.387	8.226	14.66	35.61	301.0	1699	6	73.22	-5.93	-0.0354	1.0	-0.22	2.74	1.00	0.00	0.16	111115
55	"09:42:01"	1566.0	0	10.2	0.156	260	2.45	1.19	15.76	6	1.42	1	2.84	14.82	15.76	15.10	400.18	378.04	3.387	8.230	14.66	35.62	301.0	1699	6	73.22	-5.93	-0.0354	1.0	-0.22	2.74	1.00	0.00	0.16	111115
56	"09:42:02"	1566.5	0	10.2	0.156	260	2.45	1.19	15.76	6	1.42	1	2.84	14.82	15.76	15.10	400.19	378.05	3.387	8.232	14.66	35.62	301.0	1699	6	73.22	-5.93	-0.0354	1.0	-0.22	2.74	1.00	0.00	0.16	111115
57	"09:42:02"	1567.0	0	10.2	0.156	260	2.45	1.19	15.77	6	1.42	1	2.84	14.83	15.77	15.10	400.16	378.05	3.387	8.235	14.65	35.63	301.0	1699	6	73.22	-5.93	-0.0354	1.0	-0.22	2.74	1.00	0.00	0.16	111115
58	"09:42:03"	1567.5	0	10.2	0.156	260	2.45	1.2	15.77	6	1.42	1	2.84	14.83	15.77	15.11	400.18	378.05	3.387	8.239	14.66	35.64	301.0	1699	6	73.22	-5.93	-0.0354	1.0	-0.22	2.74	1.00	0.00	0.16	111115
59	"09:42:03"	1568.0	0	10.2	0.156	260	2.46	1.2	15.78	6	1.42	1	2.84	14.83	15.78	15.11	400.24	378.06	3.388	8.243	14.66	35.66	301.1	1699	6	73.22	-5.93	-0.0354	1.0	-0.22	2.74	1.00	0.00	0.16	111115
60	"09:42:04"	1568.5	0	10.2	0.156	260	2.46	1.2	15.78	6	1.42	1	2.84	14.83	15.78	15.11	400.26	378.07	3.388	8.244	14.66	35.66	301.1	1699	6	73.22	-5.93	-0.0354	1.0	-0.22	2.74	1.00	0.00	0.16	111115
"09:42:14 Coolers: Tblock -> 20.00 C"
"09:46:01 Flow: Fixed -> 300 umol/s"
61	"09:46:43"	1847.5	0	10.9	0.158	252	2.78	1.33	18.65	6	1.42	1	2.84	19.12	18.65	19.99	400.74	377.01	5.768	11.244	19.01	37.06	301.0	1699	7	73.22	-5.99	-0.0871	1.0	-0.22	2.74	1.00	0.00	0.16	111115
62	"09:46:44"	1847.5	0	10.9	0.158	252	2.78	1.33	18.65	6	1.42	1	2.84	19.12	18.65	19.99	400.74	377.01	5.768	11.244	19.01	37.06	301.0	1699	7	73.22	-5.99	-0.0871	1.0	-0.22	2.74	1.00	0.00	0.16	111115
63	"09:46:44"	1848.0	0	10.9	0.158	252	2.78	1.33	18.66	6	1.42	1	2.84	19.12	18.66	19.99	400.75	377.00	5.768	11.246	19.01	37.06	301.0	1699	7	73.22	-5.99	-0.0871	1.0	-0.22	2.74	1.00	0.00	0.16	111115
64	"09:46:45"	1848.5	0	10.9	0.158	252	2.78	1.33	18.66	6	1.42	1	2.84	19.13	18.66	19.99	400.78	377.01	5.768	11.248	19.00	37.06	301.0	1699	7	73.22	-5.99	-0.0871	1.0	-0.22	2.74	1.00	0.00	0.16	111115
65	"09:46:45"	1849.0	0	10.9	0.158	252	2.78	1.33	18.66	6	1.42	1	2.84	19.13	18.66	19.99	400.81	377.02	5.769	11.251	19.00	37.07	301.0	1699	7	73.22	-5.99	-0.0871	1.0	-0.22	2.74	1.00	0.00	0.16	111115
66	"09:46:46"	1849.5	0	10.9	0.158	252	2.78	1.34	18.66	6	1.42	1	2.84	19.13	18.66	19.99	400.82	377.06	5.770	11.253	19.01	37.07	301.0	1699	7	73.22	-5.99	-0.0871	1.0	-0.22	2.74	1.00	0.00	0.16	111115
67	"09:46:46"	1850.0	0	10.9	0.158	252	2.78	1.34	18.67	6	1.42	1	2.84	19.13	18.67	19.99	400.86	377.04	5.770	11.254	19.01	37.07	300.9	1699	7	73.22	-5.99	-0.0871	1.0	-0.22	2.74	1.00	0.00	0.16	111115
68	"09:46:47"	1850.5	0	10.9	0.158	252	2.78	1.34	18.67	6	1.42	1	2.84	19.13	18.67	19.99	400.81	377.05	5.770	11.255	19.01	37.07	301.0	1699	7	73.23	-5.99	-0.0871	1.0	-0.22	2.74	1.00	0.00	0.16	111115
69	"09:46:47"	1851.0	0	10.9	0.158	252	2.78	1.34	18.67	6	1.42	1	2.84	19.13	18.67	19.99	400.78	377.05	5.771	11.256	19.01	37.07	301.0	1699	7	73.23	-5.99	-0.0871	1.0	-0.22	2.74	1.00	0.00	0.16	111115
70	"09:46:48"	1851.5	0	10.8	0.158	252	2.78	1.34	18.67	6	1.42	1	2.84	19.13	18.67	19.99	400.75	377.04	5.772	11.257	19.01	37.07	301.0	1699	7	73.23	-5.99	-0.0871	1.0	-0.22	2.74	1.00	0.00	0.16	111115
71	"09:46:48"	1852.0	0	10.9	0.158	252	2.78	1.34	18.68	6	1.42	1	2.84	19.13	18.68	19.99	400.78	377.02	5.771	11.258	19.00	37.07	301.0	1699	7	73.23	-5.99	-0.0871	1.0	-0.22	2.74	1.00	0.00	0.16	111115
72	"09:46:49"	1852.5	0	10.9	0.158	252	2.79	1.34	18.68	6	1.42	1	2.84	19.14	18.68	19.99	400.76	377.00	5.770	11.260	19.00	37.08	301.0	1699	7	73.23	-5.99	-0.0871	1.0	-0.22	2.74	1.00	0.00	0.16	111115
73	"09:46:49"	1853.0	0	10.9	0.158	252	2.78	1.34	18.68	6	1.42	1	2.84	19.14	18.68	19.99	400.73	376.97	5.771	11.260	19.00	37.07	301.0	1699	7	73.23	-5.99	-0.0871	1.0	-0.22	2.74	1.00	0.00	0.16	111115
74	"09:46:50"	1853.5	0	10.9	0.158	252	2.79	1.34	18.68	6	1.42	1	2.84	19.14	18.68	19.99	400.73	376.93	5.771	11.260	19.00	37.07	301.0	1699	7	73.23	-5.99	-0.0871	1.0	-0.22	2.74	1.00	0.00	0.16	111115
75	"09:46:50"	1854.0	0	10.9	0.158	252	2.79	1.34	18.69	6	1.42	1	2.84	19.14	18.69	19.99	400.78	376.95	5.770	11.262	18.99	37.08	301.0	1699	7	73.23	-5.99	-0.0871	1.0	-0.22	2.74	1.00	0.00	0.16	111115
"09:46:59 Coolers: Tblock -> 25.00 C"
"09:51:33 Flow: Fixed -> 300 umol/s"
76	"09:51:58"	2162.0	0	11.3	0.163	248	3.4	1.58	21.87	6	1.42	1	2.84	23.75	21.87	25.06	399.76	374.78	7.740	14.422	19.21	35.80	301.0	1700	7	73.23	-5.42	-0.164	1.0	-0.22	2.74	1.00	0.00	0.16	111115
77	"09:51:58"	2162.5	0	11.2	0.163	248	3.4	1.58	21.87	6	1.42	1	2.84	23.75	21.87	25.06	399.74	374.79	7.741	14.423	19.21	35.80	301.0	1700	7	73.23	-5.42	-0.164	1.0	-0.22	2.74	1.00	0.00	0.16	111115
78	"09:51:59"	2163.0	0	11.2	0.163	248	3.4	1.58	21.87	6	1.42	1	2.84	23.75	21.87	25.06	399.72	374.77	7.741	14.425	19.21	35.80	301.0	1700	7	73.23	-5.42	-0.164	1.0	-0.22	2.74	1.00	0.00	0.16	111115
79	"09:51:59"	2163.5	0	11.2	0.163	248	3.4	1.58	21.87	6	1.42	1	2.84	23.75	21.87	25.06	399.73	374.78	7.741	14.425	19.21	35.80	301.0	1700	7	73.23	-5.42	-0.164	1.0	-0.22	2.74	1.00	0.00	0.16	111115
80	"09:52:00"	2163.5	0	11.2	0.163	248	3.4	1.58	21.87	6	1.42	1	2.84	23.75	21.87	25.06	399.73	374.78	7.741	14.425	19.21	35.80	301.0	1700	7	73.23	-5.42	-0.164	1.0	-0.22	2.74	1.00	0.00	0.16	111115
81	"09:52:00"	2164.0	0	11.3	0.163	248	3.4	1.58	21.88	6	1.42	1	2.84	23.75	21.88	25.06	399.74	374.76	7.741	14.426	19.21	35.80	301.0	1700	7	73.23	-5.42	-0.164	1.0	-0.22	2.74	1.00	0.00	0.16	111115
82	"09:52:01"	2164.5	0	11.3	0.163	248	3.4	1.58	21.88	6	1.42	1	2.84	23.75	21.88	25.06	399.76	374.79	7.741	14.427	19.21	35.80	301.0	1700	7	73.23	-5.42	-0.164	1.0	-0.22	2.74	1.00	0.00	0.16	111115
83	"09:52:01"	2165.0	0	11.3	0.163	248	3.4	1.58	21.88	6	1.42	1	2.84	23.76	21.88	25.06	399.79	374.78	7.742	14.428	19.21	35.80	301.0	1700	7	73.23	-5.42	-0.164	1.0	-0.22	2.74	1.00	0.00	0.16	111115
84	"09:52:02"	2165.5	0	11.3	0.163	248	3.4	1.58	21.88	6	1.42	1	2.84	23.76	21.88	25.06	399.81	374.78	7.742	14.428	19.21	35.80	300.9	1701	7	73.23	-5.42	-0.164	1.0	-0.22	2.74	1.00	0.00	0.16	111115
85	"09:52:02"	2166.0	0	11.3	0.163	248	3.4	1.58	21.88	6	1.42	1	2.84	23.76	21.88	25.06	399.79	374.78	7.743	14.429	19.21	35.80	301.0	1701	7	73.23	-5.42	-0.164	1.0	-0.22	2.74	1.00	0.00	0.16	111115
86	"09:52:03"	2166.5	0	11.3	0.163	247	3.4	1.58	21.88	6	1.42	1	2.84	23.76	21.88	25.06	399.83	374.75	7.743	14.430	19.21	35.80	301.0	1701	8	73.23	-5.42	-0.164	1.0	-0.22	2.74	1.00	0.00	0.16	111115
87	"09:52:03"	2167.0	0	11.3	0.163	247	3.4	1.58	21.88	6	1.42	1	2.84	23.76	21.88	25.06	399.84	374.76	7.743	14.428	19.21	35.79	301.0	1700	8	73.23	-5.42	-0.164	1.0	-0.22	2.74	1.00	0.00	0.16	111115
88	"09:52:04"	2167.5	0	11.3	0.163	247	3.4	1.58	21.89	6	1.42	1	2.84	23.76	21.89	25.06	399.82	374.73	7.743	14.428	19.21	35.79	301.0	1701	7	73.23	-5.42	-0.164	1.0	-0.22	2.74	1.00	0.00	0.16	111115
89	"09:52:04"	2168.0	0	11.3	0.163	247	3.4	1.58	21.89	6	1.42	1	2.84	23.76	21.89	25.06	399.82	374.77	7.744	14.430	19.21	35.79	301.0	1701	7	73.23	-5.42	-0.164	1.0	-0.22	2.74	1.00	0.00	0.16	111115
90	"09:52:05"	2168.5	0	11.3	0.163	248	3.4	1.58	21.89	6	1.42	1	2.84	23.76	21.89	25.06	399.80	374.79	7.743	14.430	19.21	35.79	301.0	1700	7	73.23	-5.42	-0.164	1.0	-0.22	2.74	1.00	0.00	0.16	111115
"09:52:14 Coolers: Tblock -> 30.00 C"
"10:00:03 Flow: Fixed -> 300 umol/s"
91	"10:00:25"	2669.5	0	11.4	0.153	237	3.95	1.93	25.64	6	1.42	1	2.84	28.65	25.64	30.14	400.00	374.35	11.022	18.749	20.48	34.84	300.9	1700	6	73.24	-5.1	-0.234	1.0	-0.22	2.74	1.00	0.00	0.16	111115
92	"10:00:26"	2670.0	0	11.4	0.153	237	3.95	1.93	25.64	6	1.42	1	2.84	28.65	25.64	30.14	399.99	374.41	11.024	18.749	20.48	34.84	301.0	1700	6	73.24	-5.1	-0.234	1.0	-0.22	2.74	1.00	0.00	0.16	111115
93	"10:00:26"	2670.0	0	11.4	0.153	237	3.95	1.93	25.64	6	1.42	1	2.84	28.65	25.64	30.14	399.99	374.41	11.024	18.749	20.48	34.84	301.0	1700	6	73.24	-5.1	-0.234	1.0	-0.22	2.74	1.00	0.00	0.16	111115
94	"10:00:27"	2670.5	0	11.4	0.153	237	3.95	1.93	25.64	6	1.42	1	2.84	28.65	25.64	30.14	400.01	374.43	11.024	18.749	20.48	34.84	301.0	1700	6	73.24	-5.1	-0.234	1.0	-0.22	2.74	1.00	0.00	0.16	111115
95	"10:00:27"	2671.0	0	11.4	0.153	237	3.95	1.93	25.64	6	1.42	1	2.84	28.65	25.64	30.14	400.01	374.42	11.023	18.750	20.48	34.84	301.0	1700	6	73.24	-5.1	-0.234	1.0	-0.22	2.74	1.00	0.00	0.16	111115
96	"10:00:28"	2671.5	0	11.3	0.153	237	3.95	1.93	25.64	6	1.42	1	2.84	28.65	25.64	30.14	400.03	374.47	11.024	18.752	20.48	34.84	301.0	1700	6	73.24	-5.1	-0.234	1.0	-0.22	2.74	1.00	0.00	0.16	111115
97	"10:00:28"	2672.0	0	11.3	0.153	237	3.95	1.93	25.65	6	1.42	1	2.84	28.66	25.65	30.14	400.01	374.51	11.025	18.751	20.48	34.83	301.0	1700	6	73.24	-5.1	-0.234	1.0	-0.22	2.74	1.00	0.00	0.16	111115
98	"10:00:29"	2672.5	0	11.3	0.153	237	3.95	1.93	25.65	6	1.42	1	2.84	28.66	25.65	30.14	400.02	374.52	11.025	18.753	20.48	34.84	301.1	1700	7	73.24	-5.1	-0.234	1.0	-0.22	2.74	1.00	0.00	0.16	111115
99	"10:00:29"	2673.0	0	11.3	0.153	237	3.95	1.93	25.65	6	1.42	1	2.84	28.66	25.65	30.14	400.03	374.54	11.024	18.754	20.48	34.84	301.1	1700	7	73.24	-5.1	-0.234	1.0	-0.22	2.74	1.00	0.00	0.16	111115
100	"10:00:30"	2673.5	0	11.3	0.153	237	3.95	1.93	25.66	6	1.42	1	2.84	28.66	25.66	30.14	400.01	374.53	11.026	18.754	20.48	34.84	301.1	1700	6	73.24	-5.1	-0.234	1.0	-0.22	2.74	1.00	0.00	0.16	111115
101	"10:00:30"	2674.0	0	11.3	0.153	237	3.95	1.93	25.66	6	1.42	1	2.84	28.66	25.66	30.14	400.03	374.51	11.025	18.756	20.48	34.84	301.0	1700	6	73.24	-5.1	-0.234	1.0	-0.22	2.74	1.00	0.00	0.16	111115
102	"10:00:31"	2674.5	0	11.3	0.153	237	3.95	1.93	25.66	6	1.42	1	2.84	28.66	25.66	30.14	400.03	374.48	11.025	18.756	20.48	34.84	301.0	1700	6	73.24	-5.1	-0.234	1.0	-0.22	2.74	1.00	0.00	0.16	111115
103	"10:00:31"	2675.0	0	11.3	0.153	237	3.95	1.93	25.66	6	1.42	1	2.84	28.66	25.66	30.14	400.04	374.52	11.028	18.755	20.49	34.84	301.0	1700	6	73.24	-5.1	-0.234	1.0	-0.22	2.74	1.00	0.00	0.16	111115
104	"10:00:32"	2675.5	0	11.3	0.153	237	3.95	1.93	25.67	6	1.42	1	2.84	28.66	25.67	30.14	400.04	374.50	11.028	18.755	20.48	34.84	301.0	1700	6	73.24	-5.1	-0.234	1.0	-0.22	2.74	1.00	0.00	0.16	111115
105	"10:00:32"	2676.0	0	11.3	0.153	237	3.95	1.93	25.67	6	1.42	1	2.84	28.66	25.67	30.14	400.06	374.50	11.029	18.758	20.49	34.84	301.0	1700	6	73.24	-5.1	-0.234	1.0	-0.22	2.74	1.00	0.00	0.16	111115
"10:00:45 Coolers: Tblock -> 35.00 C"
"10:04:35 Flow: Fixed -> 300 umol/s"
"10:05:34 Flow: Fixed -> 300 umol/s"
106	"10:06:03"	3008.0	0	11.2	0.156	238	4.67	2.24	28.05	6	1.42	1	2.84	32.89	28.05	35.03	399.93	374.06	12.325	21.444	17.98	31.27	300.9	1700	6	73.24	-4.52	-0.323	1.0	-0.22	2.74	1.00	0.00	0.16	111115
107	"10:06:03"	3008.0	0	11.2	0.156	238	4.67	2.24	28.05	6	1.42	1	2.84	32.89	28.05	35.03	399.93	374.06	12.325	21.444	17.98	31.27	300.9	1700	6	73.24	-4.52	-0.323	1.0	-0.22	2.74	1.00	0.00	0.16	111115
108	"10:06:03"	3008.0	0	11.2	0.156	238	4.67	2.24	28.05	6	1.42	1	2.84	32.89	28.05	35.03	399.93	374.06	12.325	21.444	17.98	31.27	300.9	1700	6	73.24	-4.52	-0.323	1.0	-0.22	2.74	1.00	0.00	0.16	111115
109	"10:06:04"	3008.5	0	11.2	0.156	238	4.68	2.24	28.05	6	1.42	1	2.84	32.89	28.05	35.03	399.96	374.08	12.326	21.448	17.98	31.28	301.0	1700	6	73.24	-4.52	-0.323	1.0	-0.22	2.74	1.00	0.00	0.16	111115
110	"10:06:04"	3009.0	0	11.3	0.156	238	4.68	2.24	28.05	6	1.42	1	2.84	32.89	28.05	35.03	399.99	374.06	12.326	21.451	17.98	31.28	301.0	1700	6	73.24	-4.52	-0.323	1.0	-0.22	2.74	1.00	0.00	0.16	111115
111	"10:06:05"	3009.5	0	11.3	0.156	238	4.68	2.23	28.05	6	1.42	1	2.84	32.89	28.05	35.03	399.99	374.06	12.327	21.454	17.98	31.29	301.0	1700	6	73.24	-4.52	-0.323	1.0	-0.22	2.74	1.00	0.00	0.16	111115
112	"10:06:06"	3010.0	0	11.2	0.156	238	4.68	2.24	28.05	6	1.42	1	2.84	32.89	28.05	35.03	400.01	374.09	12.328	21.457	17.98	31.29	301.0	1700	6	73.24	-4.52	-0.323	1.0	-0.22	2.74	1.00	0.00	0.16	111115
113	"10:06:06"	3010.5	0	11.3	0.156	238	4.68	2.24	28.05	6	1.42	1	2.84	32.90	28.05	35.03	400.04	374.09	12.328	21.459	17.98	31.29	301.0	1700	6	73.24	-4.52	-0.323	1.0	-0.22	2.74	1.00	0.00	0.16	111115
114	"10:06:07"	3011.0	0	11.3	0.156	238	4.68	2.24	28.05	6	1.42	1	2.84	32.90	28.05	35.03	400.04	374.10	12.329	21.461	17.98	31.29	301.0	1700	7	73.24	-4.52	-0.323	1.0	-0.22	2.74	1.00	0.00	0.16	111115
115	"10:06:07"	3011.5	0	11.3	0.156	238	4.68	2.24	28.06	6	1.42	1	2.84	32.90	28.06	35.03	400.06	374.11	12.329	21.463	17.98	31.29	301.0	1700	7	73.24	-4.52	-0.323	1.0	-0.22	2.74	1.00	0.00	0.16	111115
116	"10:06:08"	3012.0	0	11.3	0.156	238	4.68	2.24	28.06	6	1.42	1	2.84	32.90	28.06	35.03	400.07	374.10	12.330	21.464	17.98	31.29	301.0	1700	6	73.24	-4.52	-0.323	1.0	-0.22	2.74	1.00	0.00	0.16	111115
117	"10:06:08"	3012.5	0	11.3	0.156	238	4.68	2.24	28.06	6	1.42	1	2.84	32.90	28.06	35.03	400.05	374.08	12.330	21.466	17.98	31.30	301.0	1700	7	73.24	-4.52	-0.323	1.0	-0.22	2.74	1.00	0.00	0.16	111115
118	"10:06:09"	3013.5	0	11.3	0.156	237	4.68	2.24	28.07	6	1.42	1	2.84	32.90	28.07	35.03	400.09	374.06	12.331	21.470	17.98	31.30	301.0	1700	6	73.24	-4.52	-0.323	1.0	-0.22	2.74	1.00	0.00	0.16	111115
119	"10:06:09"	3014.0	0	11.3	0.156	237	4.69	2.24	28.07	6	1.42	1	2.84	32.90	28.07	35.03	400.06	374.05	12.330	21.472	17.97	31.30	301.0	1700	6	73.24	-4.52	-0.323	1.0	-0.22	2.74	1.00	0.00	0.16	111115
120	"10:06:10"	3014.5	0	11.3	0.156	238	4.69	2.24	28.07	6	1.42	1	2.84	32.90	28.07	35.03	400.05	374.07	12.330	21.474	17.97	31.30	300.9	1700	6	73.24	-4.52	-0.323	1.0	-0.22	2.74	1.00	0.00	0.16	111115
"10:06:23 Coolers: Tblock -> 40.00 C"
"10:12:19 Flow: Fixed -> 300 umol/s"
121	"10:12:35"	3399.5	0	10.7	0.15	237	5.51	2.71	30.61	6	1.42	1	2.84	37.44	30.61	40.10	400.62	375.07	12.490	23.217	14.17	26.33	300.9	1700	7	73.24	-4.32	-0.38	1.0	-0.22	2.74	1.00	0.00	0.16	111115
122	"10:12:35"	3399.5	0	10.7	0.15	237	5.51	2.71	30.61	6	1.42	1	2.84	37.44	30.61	40.10	400.62	375.07	12.490	23.217	14.17	26.33	300.9	1700	7	73.24	-4.32	-0.38	1.0	-0.22	2.74	1.00	0.00	0.16	111115
123	"10:12:35"	3400.0	0	10.8	0.15	236	5.51	2.71	30.61	6	1.42	1	2.84	37.44	30.61	40.10	400.65	375.04	12.490	23.215	14.17	26.33	300.9	1700	7	73.24	-4.32	-0.38	1.0	-0.22	2.74	1.00	0.00	0.16	111115
124	"10:12:36"	3400.5	0	10.8	0.15	236	5.51	2.71	30.61	6	1.42	1	2.84	37.44	30.61	40.10	400.67	375.04	12.490	23.214	14.17	26.33	300.9	1700	7	73.24	-4.32	-0.38	1.0	-0.22	2.74	1.00	0.00	0.16	111115
125	"10:12:36"	3401.0	0	10.8	0.15	236	5.51	2.71	30.61	6	1.42	1	2.84	37.44	30.61	40.10	400.67	375.09	12.491	23.212	14.17	26.33	301.0	1700	7	73.24	-4.32	-0.38	1.0	-0.22	2.74	1.00	0.00	0.16	111115
126	"10:12:37"	3401.5	0	10.8	0.15	236	5.5	2.71	30.61	6	1.42	1	2.84	37.44	30.61	40.10	400.66	375.09	12.492	23.210	14.17	26.32	301.0	1700	7	73.24	-4.32	-0.38	1.0	-0.22	2.74	1.00	0.00	0.16	111115
127	"10:12:38"	3402.0	0	10.8	0.15	236	5.5	2.71	30.61	6	1.42	1	2.84	37.44	30.61	40.10	400.66	375.08	12.493	23.207	14.17	26.32	301.0	1700	7	73.24	-4.32	-0.38	1.0	-0.22	2.74	1.00	0.00	0.16	111115
128	"10:12:38"	3402.5	0	10.8	0.15	236	5.5	2.71	30.60	6	1.42	1	2.84	37.44	30.60	40.10	400.68	375.11	12.494	23.205	14.17	26.32	301.0	1700	7	73.24	-4.32	-0.38	1.0	-0.22	2.74	1.00	0.00	0.16	111115
129	"10:12:39"	3403.0	0	10.8	0.15	236	5.5	2.71	30.60	6	1.42	1	2.84	37.44	30.60	40.10	400.70	375.08	12.492	23.204	14.17	26.31	301.0	1700	7	73.24	-4.32	-0.38	1.0	-0.22	2.74	1.00	0.00	0.16	111115
130	"10:12:39"	3403.5	0	10.8	0.15	236	5.5	2.71	30.60	6	1.42	1	2.84	37.44	30.60	40.10	400.71	375.07	12.492	23.202	14.17	26.31	301.0	1700	7	73.24	-4.32	-0.38	1.0	-0.22	2.74	1.00	0.00	0.16	111115
131	"10:12:40"	3404.0	0	10.8	0.15	236	5.5	2.71	30.59	6	1.42	1	2.84	37.44	30.59	40.10	400.72	375.11	12.492	23.198	14.17	26.31	301.0	1700	7	73.24	-4.32	-0.38	1.0	-0.22	2.74	1.00	0.00	0.16	111115
132	"10:12:40"	3404.5	0	10.8	0.15	236	5.5	2.71	30.59	6	1.42	1	2.84	37.44	30.59	40.10	400.71	375.11	12.493	23.194	14.17	26.30	301.0	1700	7	73.24	-4.32	-0.38	1.0	-0.22	2.74	1.00	0.00	0.16	111115
133	"10:12:41"	3405.5	0	10.8	0.15	235	5.49	2.71	30.60	6	1.42	1	2.84	37.44	30.60	40.10	400.72	375.05	12.491	23.189	14.16	26.29	300.9	1700	7	73.24	-4.32	-0.38	1.0	-0.22	2.74	1.00	0.00	0.16	111115
134	"10:12:41"	3406.0	0	10.8	0.15	236	5.49	2.71	30.60	6	1.42	1	2.84	37.44	30.60	40.10	400.73	375.07	12.491	23.188	14.17	26.30	300.9	1700	7	73.24	-4.32	-0.38	1.0	-0.22	2.74	1.00	0.00	0.16	111115
135	"10:12:42"	3406.5	0	10.8	0.15	236	5.49	2.71	30.61	6	1.42	1	2.84	37.44	30.61	40.10	400.70	375.09	12.491	23.184	14.17	26.29	300.9	1700	7	73.24	-4.32	-0.38	1.0	-0.22	2.74	1.00	0.00	0.16	111115
"10:12:53 Coolers: Tblock -> 45.00 C"
"10:17:56 Flow: Fixed -> 300 umol/s"
136	"10:18:14"	3738.0	0	10	0.146	237	6.86	3.44	34.01	6	1.42	1	2.84	41.94	34.01	44.98	400.18	375.12	12.660	25.980	11.28	23.15	300.9	1700	7	73.24	-3.95	-0.494	1.0	-0.22	2.74	1.00	0.00	0.16	111115
137	"10:18:14"	3738.5	0	9.96	0.146	237	6.86	3.45	34.02	6	1.42	1	2.84	41.94	34.02	44.98	400.14	375.15	12.662	25.983	11.28	23.15	300.9	1700	7	73.24	-3.95	-0.494	1.0	-0.22	2.74	1.00	0.00	0.16	111115
138	"10:18:15"	3738.5	0	9.96	0.146	237	6.86	3.45	34.02	6	1.42	1	2.84	41.94	34.02	44.98	400.14	375.15	12.662	25.983	11.28	23.15	300.9	1700	7	73.24	-3.95	-0.494	1.0	-0.22	2.74	1.00	0.00	0.16	111115
139	"10:18:15"	3739.0	0	9.97	0.146	237	6.86	3.44	34.01	6	1.42	1	2.84	41.94	34.01	44.98	400.15	375.14	12.661	25.986	11.28	23.15	300.9	1700	7	73.24	-3.95	-0.494	1.0	-0.22	2.74	1.00	0.00	0.16	111115
140	"10:18:16"	3739.5	0	9.97	0.146	237	6.86	3.44	34.01	6	1.42	1	2.84	41.95	34.01	44.98	400.15	375.14	12.661	25.990	11.28	23.16	300.9	1700	7	73.24	-3.95	-0.494	1.0	-0.22	2.74	1.00	0.00	0.16	111115
141	"10:18:16"	3740.0	0	9.97	0.146	237	6.87	3.44	34.01	6	1.42	1	2.84	41.95	34.01	44.98	400.17	375.14	12.662	25.997	11.28	23.16	300.9	1700	7	73.24	-3.95	-0.494	1.0	-0.22	2.74	1.00	0.00	0.16	111115
142	"10:18:17"	3740.5	0	9.99	0.146	237	6.87	3.44	34.01	6	1.42	1	2.84	41.95	34.01	44.98	400.20	375.15	12.662	26.001	11.28	23.16	300.9	1700	7	73.24	-3.95	-0.494	1.0	-0.22	2.74	1.00	0.00	0.16	111115
143	"10:18:17"	3741.0	0	10	0.146	237	6.87	3.44	34.01	6	1.42	1	2.84	41.95	34.01	44.98	400.22	375.12	12.662	26.006	11.28	23.17	300.9	1700	7	73.24	-3.95	-0.494	1.0	-0.22	2.74	1.00	0.00	0.16	111115
144	"10:18:18"	3741.5	0	10	0.146	237	6.87	3.44	34.01	6	1.42	1	2.84	41.95	34.01	44.98	400.25	375.14	12.663	26.010	11.28	23.17	300.9	1700	7	73.24	-3.95	-0.494	1.0	-0.22	2.74	1.00	0.00	0.16	111115
145	"10:18:18"	3742.0	0	10	0.146	237	6.87	3.44	34.00	6	1.42	1	2.84	41.95	34.00	44.98	400.25	375.12	12.663	26.015	11.28	23.17	300.9	1700	7	73.24	-3.95	-0.494	1.0	-0.22	2.74	1.00	0.00	0.16	111115
146	"10:18:19"	3742.5	0	10	0.147	237	6.88	3.44	33.99	6	1.42	1	2.84	41.95	33.99	44.98	400.25	375.09	12.663	26.019	11.28	23.18	300.9	1700	7	73.24	-3.95	-0.494	1.0	-0.22	2.74	1.00	0.00	0.16	111115
147	"10:18:19"	3743.0	0	10	0.147	237	6.88	3.44	34.00	6	1.42	1	2.84	41.95	34.00	44.98	400.24	375.09	12.663	26.026	11.28	23.18	300.9	1700	7	73.24	-3.95	-0.494	1.0	-0.22	2.74	1.00	0.00	0.16	111115
148	"10:18:20"	3743.5	0	10	0.147	237	6.88	3.43	33.99	6	1.42	1	2.84	41.95	33.99	44.98	400.26	375.10	12.664	26.031	11.28	23.18	300.9	1700	7	73.24	-3.95	-0.494	1.0	-0.22	2.74	1.00	0.00	0.16	111115
149	"10:18:20"	3744.0	0	10	0.147	237	6.89	3.43	33.99	6	1.42	1	2.84	41.95	33.99	44.98	400.25	375.09	12.663	26.036	11.28	23.19	300.9	1700	7	73.24	-3.95	-0.494	1.0	-0.22	2.74	1.00	0.00	0.16	111115
150	"10:18:21"	3744.5	0	10	0.147	237	6.89	3.43	34.00	6	1.42	1	2.84	41.95	34.00	44.98	400.25	375.10	12.665	26.041	11.28	23.19	300.9	1700	7	73.24	-3.95	-0.494	1.0	-0.22	2.74	1.00	0.00	0.16	111115
"10:18:31 Coolers: Tblock -> 50.00 C"
"10:24:16 Flow: Fixed -> 300 umol/s"
151	"10:24:31"	4115.5	0	8.46	0.145	252	7.96	3.98	36.23	6	1.42	1	2.84	46.44	36.23	49.85	400.51	377.65	12.772	28.189	9.02	19.90	300.9	1700	5	73.24	-3.37	-0.582	1.0	-0.22	2.74	1.00	0.00	0.16	111115
152	"10:24:32"	4116.0	0	8.47	0.145	252	7.96	3.98	36.23	6	1.42	1	2.84	46.44	36.23	49.85	400.52	377.65	12.772	28.194	9.01	19.90	300.9	1701	5	73.24	-3.37	-0.582	1.0	-0.22	2.74	1.00	0.00	0.16	111115
153	"10:24:32"	4116.5	0	8.48	0.146	252	7.96	3.98	36.23	6	1.42	1	2.84	46.44	36.23	49.85	400.56	377.66	12.773	28.197	9.01	19.90	300.9	1701	5	73.24	-3.37	-0.582	1.0	-0.22	2.74	1.00	0.00	0.16	111115
154	"10:24:32"	4117.0	0	8.49	0.146	252	7.96	3.97	36.22	6	1.42	1	2.84	46.44	36.22	49.85	400.58	377.65	12.773	28.199	9.01	19.90	300.9	1701	5	73.24	-3.37	-0.582	1.0	-0.22	2.74	1.00	0.00	0.16	111115
155	"10:24:33"	4117.5	0	8.51	0.146	251	7.96	3.98	36.22	6	1.42	1	2.84	46.44	36.22	49.85	400.60	377.64	12.773	28.202	9.01	19.90	300.9	1701	5	73.24	-3.37	-0.582	1.0	-0.22	2.74	1.00	0.00	0.16	111115
156	"10:24:33"	4118.0	0	8.51	0.146	251	7.96	3.97	36.22	6	1.42	1	2.84	46.44	36.22	49.85	400.60	377.64	12.774	28.201	9.01	19.90	300.9	1701	5	73.24	-3.37	-0.582	1.0	-0.22	2.74	1.00	0.00	0.16	111115
157	"10:24:34"	4118.5	0	8.53	0.146	251	7.96	3.97	36.22	6	1.42	1	2.84	46.44	36.22	49.85	400.65	377.64	12.774	28.203	9.01	19.90	300.9	1701	5	73.24	-3.37	-0.582	1.0	-0.22	2.74	1.00	0.00	0.16	111115
158	"10:24:34"	4119.0	0	8.53	0.146	251	7.96	3.97	36.22	6	1.42	1	2.84	46.44	36.22	49.85	400.64	377.64	12.773	28.204	9.01	19.90	300.9	1701	5	73.24	-3.37	-0.582	1.0	-0.22	2.74	1.00	0.00	0.16	111115
159	"10:24:35"	4119.0	0	8.53	0.146	251	7.96	3.97	36.22	6	1.42	1	2.84	46.44	36.22	49.85	400.64	377.64	12.773	28.204	9.01	19.90	300.9	1701	5	73.24	-3.37	-0.582	1.0	-0.22	2.74	1.00	0.00	0.16	111115
160	"10:24:35"	4119.5	0	8.52	0.146	251	7.96	3.97	36.22	6	1.42	1	2.84	46.45	36.22	49.85	400.61	377.62	12.772	28.204	9.01	19.90	300.9	1701	5	73.24	-3.37	-0.582	1.0	-0.22	2.74	1.00	0.00	0.16	111115
161	"10:24:36"	4120.0	0	8.5	0.146	251	7.96	3.98	36.22	6	1.42	1	2.84	46.44	36.22	49.84	400.61	377.66	12.774	28.203	9.01	19.90	300.9	1700	5	73.24	-3.37	-0.582	1.0	-0.22	2.74	1.00	0.00	0.16	111115
162	"10:24:36"	4120.5	0	8.47	0.146	252	7.96	3.97	36.22	6	1.42	1	2.84	46.45	36.22	49.84	400.56	377.67	12.774	28.201	9.01	19.90	300.9	1700	5	73.25	-3.37	-0.582	1.0	-0.22	2.74	1.00	0.00	0.16	111115
163	"10:24:37"	4121.0	0	8.46	0.146	252	7.96	3.98	36.22	6	1.42	1	2.84	46.45	36.22	49.84	400.56	377.70	12.775	28.202	9.01	19.90	300.9	1700	5	73.24	-3.37	-0.582	1.0	-0.22	2.74	1.00	0.00	0.16	111115
164	"10:24:37"	4121.5	0	8.46	0.146	252	7.96	3.98	36.22	6	1.42	1	2.84	46.45	36.22	49.84	400.56	377.70	12.776	28.203	9.01	19.90	300.9	1700	5	73.25	-3.37	-0.582	1.0	-0.22	2.74	1.00	0.00	0.16	111115
165	"10:24:38"	4122.0	0	8.46	0.146	252	7.96	3.97	36.22	6	1.42	1	2.84	46.45	36.22	49.84	400.54	377.68	12.775	28.203	9.01	19.90	301.0	1700	5	73.25	-3.37	-0.582	1.0	-0.22	2.74	1.00	0.00	0.16	111115
"10:27:31 Lamp: ParIn ->  1700 uml"
"10:27:31 CO2 Mixer: CO2R -> 400 uml"
"10:27:31 Coolers: Tblock -> 50.00 C"
"10:27:31 Flow: Fixed -> 300 umol/s"
