"OPEN 6.2.4"
"Thr Jun 23 2016 17:11:22"
<open><version>"6.2.4"</version></open>
<open><configfile>"/User/Configs/UserPrefs/2x3 LED.xml"</configfile></open>
<open><light><source>"6400-02 or -02B LED Source"</source><par_in>1<sensor>"SI-3781"<cal>-0.93<actinity>1.00</actinity><transm>1.00</transm></cal></sensor><transm>1</transm></par_in><par_out>1<sensor>"Q49599"<cal>7.26</cal></sensor></par_out></light></open>
<open><comps><file>"/User/Configs/Comps/StdComps_6.2"<header>""</header><extras></extras></file><energybal>no<f_parIn>1</f_parIn><f_parOut>0</f_parOut><alphaK>0.16</alphaK></energybal><bc_total>2.840<stomatal_ratio>1</stomatal_ratio><bc_oneside>1.420<type>2</type><table>"/Sys/Lib/StdBLCTable"</table><area>6</area><slope>-0.219565</slope><offset>2.73739</offset><fan>5</fan></bc_oneside></bc_total></comps></open>
<open><prompts><onlog>off</onlog><items>"Default (none)"</items></prompts></open>
<open><constants><oxygen>21 %</oxygen><bb_vapor>1.5</bb_vapor><bb_oxy>0.9</bb_oxy></constants></open>
<open><stability><items>"Std Stability"<items[1]><id>-2</id><size>15</size><pcv><onoff>0</onoff><value>1</value></pcv><std><onoff>0</onoff><value>1</value></std><slp><onoff>1</onoff><value>1</value></slp></items[1]><items[2]><id>-5</id><size>15</size><pcv><onoff>0</onoff><value>1</value></pcv><std><onoff>0</onoff><value>1</value></std><slp><onoff>1</onoff><value>1</value></slp></items[2]><items[3]><id>-7</id><size>15</size><pcv><onoff>0</onoff><value>1</value></pcv><std><onoff>0</onoff><value>1</value></std><slp><onoff>1</onoff><value>1</value></slp></items[3]></items></stability></open>
<open><log><format>"StdLogFmt_6.0"<items>{ -35 -21 -36 -76 30 23 36 21 25 221 -33 111 -34 11 -9 -10 -8 -1 -2 -4 -5 -14 -15 -7 -12 -13 -11 -65 -66 -72 -18 -19 -77 -78 -79 -23  }<hdr>{  }</hdr></items></format><options><beep>on</beep><hdr>normal</hdr><rem>normal</rem><stab>no</stab><stats>no<mean>no</mean><file>no</file><period>15</period></stats><excel>yes</excel><controls>yes</controls><comm>no</comm></options><datafile>"/User/062316-stm-bro2"</datafile><button><action>"Normal Log"<code>" LogOneObsManual "</code></action></button><autoprog>"/User/Configs/AutoProgs/AutoLog2"<active>no</active></autoprog></log></open>
<open><a2d><avgtime>4.0 secs</avgtime><userchans><ch20>"Off"</ch20><ch21>"Off"</ch21><ch22>"Off"</ch22><ch23>"Off"</ch23></userchans></a2d></open>
<open><matching><type>0</type><disp>'a'</disp><settings><CO2Limit>10.0</CO2Limit><H2OLimit>1.0</H2OLimit><MaxAutoTime>60</MaxAutoTime></settings></matching></open>
<li6400><factory><unit>"PSC-3840"</unit><serviced>"1 Jul 2013"</serviced><fuseaware>0</fuseaware><co2mixer>yes</co2mixer><co2><coeffs>{ 0 0.213319 2.22998e-05 2.13159e-08 -3.88664e-12 3.69888e-16  }</coeffs><dvdt>-4.7</dvdt><xs>{ 0.0009 -0.0002  }</xs></co2><h2o><coeffs>{ 0 0.00572751 2.23485e-06 -7.37877e-12  }</coeffs><dvdt>-1.7</dvdt><xs>{ 0.0009 -0.0028  }</xs></h2o><flow>{ 0 0.3568  }</flow><press>{ 88.437 0.00551  }</press></factory></li6400>
<li6400><user><flow_zero>-820.3</flow_zero><irga_zero><co2>468.8 234.4<at>18.1598</at></co2><h2o>78.1 156.2<at>17.1607</at></h2o></irga_zero><irga_span><co2>{ 0.99237 0.992833  }</co2><h2o>{ 1.00426 0.996799  }</h2o></irga_span><irga_match><co2>{ 0.940565 -0.949745  }</co2><h2o>{ 0.00477181 0.17351  }</h2o></irga_match><co2_mixer><pump_mv>4500</pump_mv><ppm>{ 2938.24 1287.24 480.57 287.911 131.964 79.0122 54.4649 48.1774  }</ppm><mv>{ 5000 3000 1500 1000 500 300 200 100  }</mv></co2_mixer><parin_offset>0</parin_offset><led_cal><unit>"SI-3781"</unit><mv>{ 10 25 50 100 1000 2000 3000 4000 5000  }</mv><qntm>{ 4.69642 15.4417 35.4805 82.2863 972.665 1922.29 2824.32 3690.14 4518.2  }</qntm></led_cal><lcf_cal><unit>"unknown"</unit><red><mv>{ 50 100 500 1000 1500 5000  }</mv><qntm>{ 50 100 500 1000 2000 5000  }</qntm></red><blue><mv>{ 100 200 500 1000 2000 5000  }</mv><qntm>{ 10 20 50 100 200 500  }</qntm></blue></lcf_cal></user></li6400>
"17:11:23 "
$STARTOFDATA$
"Obs"	"HHMMSS"	"FTime"	"EBal?"	"Photo"	"Cond"	"Ci"	"Trmmol"	"VpdL"	"CTleaf"	"Area"	"BLC_1"	"StmRat"	"BLCond"	"Tair"	"Tleaf"	"TBlk"	"CO2R"	"CO2S"	"H2OR"	"H2OS"	"RH_R"	"RH_S"	"Flow"	"PARi"	"PARo"	"Press"	"CsMch"	"HsMch"	"StableF"	"BLCslope"	"BLCoffst"	"f_parin"	"f_parout"	"alphaK"	"Status"
"17:25:05 Flow: Fixed -> 200 umol/s"
"17:27:53 Flow: Fixed -> 200 umol/s"
1	"17:28:16"	1019.5	0	3.3	0.0745	309	0.996	0.991	10.24	6	1.42	1	2.84	3.02	10.24	0.03	400.49	389.46	0.608	3.582	5.82	34.31	200.2	1701	11	73	-1.73	0.15	1.0	-0.22	2.74	1.00	0.00	0.16	111115
2	"17:28:16"	1020.0	0	3.29	0.0745	310	0.996	0.991	10.24	6	1.42	1	2.84	3.02	10.24	0.03	400.48	389.46	0.609	3.582	5.83	34.30	200.2	1701	11	73	-1.73	0.15	1.0	-0.22	2.74	1.00	0.00	0.16	111115
3	"17:28:17"	1020.0	0	3.29	0.0745	310	0.996	0.991	10.24	6	1.42	1	2.84	3.02	10.24	0.03	400.48	389.46	0.609	3.582	5.83	34.30	200.2	1701	11	73	-1.73	0.15	1.0	-0.22	2.74	1.00	0.00	0.16	111115
4	"17:28:17"	1020.5	0	3.29	0.0746	310	0.996	0.99	10.23	6	1.42	1	2.84	3.02	10.23	0.03	400.49	389.46	0.609	3.582	5.83	34.30	200.2	1701	11	73	-1.73	0.15	1.0	-0.22	2.74	1.00	0.00	0.16	111115
5	"17:28:18"	1021.0	0	3.3	0.0747	310	0.996	0.989	10.22	6	1.42	1	2.84	3.03	10.22	0.03	400.48	389.43	0.609	3.582	5.83	34.30	200.3	1701	11	73	-1.73	0.15	1.0	-0.22	2.74	1.00	0.00	0.16	111115
6	"17:28:18"	1021.5	0	3.29	0.0747	310	0.996	0.988	10.21	6	1.42	1	2.84	3.03	10.21	0.03	400.47	389.44	0.609	3.582	5.83	34.30	200.3	1701	11	73	-1.73	0.15	1.0	-0.22	2.74	1.00	0.00	0.16	111115
7	"17:28:19"	1022.0	0	3.28	0.0748	310	0.996	0.987	10.20	6	1.42	1	2.84	3.03	10.20	0.03	400.45	389.47	0.609	3.582	5.83	34.30	200.3	1701	11	73	-1.73	0.15	1.0	-0.22	2.74	1.00	0.00	0.16	111115
8	"17:28:19"	1022.5	0	3.27	0.0748	310	0.996	0.987	10.19	6	1.42	1	2.84	3.03	10.19	0.03	400.44	389.47	0.609	3.582	5.83	34.29	200.3	1701	11	73	-1.73	0.15	1.0	-0.22	2.74	1.00	0.00	0.16	111115
9	"17:28:20"	1023.0	0	3.28	0.0748	310	0.996	0.987	10.19	6	1.42	1	2.84	3.03	10.19	0.04	400.44	389.45	0.609	3.582	5.83	34.29	200.3	1701	11	73	-1.73	0.15	1.0	-0.22	2.74	1.00	0.00	0.16	111115
10	"17:28:20"	1023.5	0	3.29	0.0748	310	0.996	0.987	10.20	6	1.42	1	2.84	3.03	10.20	0.04	400.45	389.44	0.609	3.581	5.83	34.28	200.2	1701	11	73	-1.73	0.15	1.0	-0.22	2.74	1.00	0.00	0.16	111115
11	"17:28:21"	1024.0	0	3.29	0.0748	310	0.995	0.987	10.19	6	1.42	1	2.84	3.03	10.19	0.04	400.46	389.43	0.608	3.580	5.82	34.27	200.2	1701	11	73	-1.73	0.15	1.0	-0.22	2.74	1.00	0.00	0.16	111115
12	"17:28:21"	1024.5	0	3.3	0.0747	310	0.995	0.988	10.20	6	1.42	1	2.84	3.03	10.20	0.04	400.47	389.43	0.608	3.579	5.82	34.26	200.2	1701	11	73	-1.73	0.15	1.0	-0.22	2.74	1.00	0.00	0.16	111115
13	"17:28:22"	1025.0	0	3.3	0.0746	310	0.995	0.988	10.21	6	1.42	1	2.84	3.03	10.21	0.04	400.49	389.44	0.609	3.579	5.83	34.25	200.2	1701	11	73	-1.73	0.15	1.0	-0.22	2.74	1.00	0.00	0.16	111115
14	"17:28:22"	1025.5	0	3.3	0.0746	309	0.995	0.989	10.21	6	1.42	1	2.84	3.03	10.21	0.04	400.50	389.45	0.609	3.578	5.83	34.25	200.2	1701	11	73	-1.73	0.15	1.0	-0.22	2.74	1.00	0.00	0.16	111115
15	"17:28:23"	1026.0	0	3.31	0.0745	309	0.994	0.989	10.21	6	1.42	1	2.84	3.03	10.21	0.04	400.51	389.44	0.609	3.578	5.83	34.24	200.2	1701	11	73	-1.73	0.15	1.0	-0.22	2.74	1.00	0.00	0.16	111115
"17:28:34 Coolers: Tblock -> 5.00 C"
"17:35:02 Flow: Fixed -> 200 umol/s"
16	"17:35:25"	1449.5	0	3.88	0.0716	290	1.1	1.14	13.02	6	1.42	1	2.84	7.32	13.02	5.12	400.18	387.27	1.747	5.032	12.41	35.75	200.2	1700	8	73.01	-1.86	0.149	1.0	-0.22	2.74	1.00	0.00	0.16	111115
17	"17:35:25"	1450.0	0	3.87	0.0715	290	1.1	1.14	13.02	6	1.42	1	2.84	7.32	13.02	5.12	400.17	387.30	1.747	5.032	12.41	35.74	200.2	1700	8	73.01	-1.86	0.149	1.0	-0.22	2.74	1.00	0.00	0.16	111115
18	"17:35:26"	1450.0	0	3.87	0.0715	290	1.1	1.14	13.02	6	1.42	1	2.84	7.32	13.02	5.12	400.17	387.30	1.747	5.032	12.41	35.74	200.2	1700	8	73.01	-1.86	0.149	1.0	-0.22	2.74	1.00	0.00	0.16	111115
19	"17:35:26"	1450.5	0	3.87	0.0714	290	1.1	1.14	13.03	6	1.42	1	2.84	7.32	13.03	5.12	400.19	387.32	1.747	5.030	12.41	35.73	200.2	1700	8	73.01	-1.86	0.149	1.0	-0.22	2.74	1.00	0.00	0.16	111115
20	"17:35:27"	1451.0	0	3.85	0.0714	291	1.1	1.14	13.03	6	1.42	1	2.84	7.32	13.03	5.12	400.17	387.34	1.747	5.030	12.41	35.73	200.2	1700	8	73.01	-1.86	0.149	1.0	-0.22	2.74	1.00	0.00	0.16	111115
21	"17:35:27"	1451.5	0	3.85	0.0713	291	1.1	1.14	13.03	6	1.42	1	2.84	7.32	13.03	5.12	400.19	387.37	1.747	5.028	12.41	35.71	200.2	1700	8	73.01	-1.86	0.149	1.0	-0.22	2.74	1.00	0.00	0.16	111115
22	"17:35:28"	1452.0	0	3.86	0.0713	290	1.1	1.14	13.04	6	1.42	1	2.84	7.32	13.04	5.12	400.18	387.35	1.747	5.026	12.41	35.70	200.2	1700	8	73.01	-1.86	0.149	1.0	-0.22	2.74	1.00	0.00	0.16	111115
23	"17:35:28"	1452.5	0	3.87	0.0712	290	1.1	1.14	13.04	6	1.42	1	2.84	7.32	13.04	5.12	400.21	387.34	1.747	5.025	12.41	35.69	200.2	1700	8	73.01	-1.86	0.149	1.0	-0.22	2.74	1.00	0.00	0.16	111115
24	"17:35:29"	1453.0	0	3.87	0.0712	290	1.1	1.14	13.05	6	1.42	1	2.84	7.32	13.05	5.12	400.22	387.34	1.747	5.025	12.41	35.69	200.2	1700	8	73.01	-1.86	0.149	1.0	-0.22	2.74	1.00	0.00	0.16	111115
25	"17:35:29"	1453.5	0	3.88	0.0712	290	1.1	1.14	13.06	6	1.42	1	2.84	7.32	13.06	5.12	400.24	387.33	1.746	5.025	12.40	35.69	200.2	1700	8	73.01	-1.86	0.149	1.0	-0.22	2.74	1.00	0.00	0.16	111115
26	"17:35:30"	1454.0	0	3.9	0.0712	289	1.1	1.14	13.06	6	1.42	1	2.84	7.32	13.06	5.12	400.26	387.30	1.746	5.026	12.40	35.69	200.2	1700	8	73.01	-1.86	0.149	1.0	-0.22	2.74	1.00	0.00	0.16	111115
27	"17:35:30"	1454.5	0	3.9	0.0712	289	1.1	1.14	13.05	6	1.42	1	2.84	7.32	13.05	5.12	400.27	387.31	1.745	5.026	12.40	35.70	200.2	1700	8	73.01	-1.86	0.149	1.0	-0.22	2.74	1.00	0.00	0.16	111115
28	"17:35:31"	1455.0	0	3.9	0.0713	289	1.1	1.14	13.04	6	1.42	1	2.84	7.32	13.04	5.12	400.29	387.32	1.746	5.026	12.40	35.69	200.2	1700	8	73.01	-1.86	0.149	1.0	-0.22	2.74	1.00	0.00	0.16	111115
29	"17:35:31"	1455.5	0	3.91	0.0714	289	1.1	1.14	13.03	6	1.42	1	2.84	7.32	13.03	5.12	400.30	387.31	1.745	5.027	12.39	35.70	200.2	1700	8	73.01	-1.86	0.149	1.0	-0.22	2.74	1.00	0.00	0.16	111115
30	"17:35:32"	1456.0	0	3.9	0.0714	289	1.1	1.14	13.03	6	1.42	1	2.84	7.32	13.03	5.12	400.31	387.33	1.746	5.026	12.40	35.69	200.2	1700	8	73.01	-1.86	0.149	1.0	-0.22	2.74	1.00	0.00	0.16	111115
"17:35:40 Coolers: Tblock -> 10.00 C"
"17:41:03 Flow: Fixed -> 200 umol/s"
31	"17:41:30"	1814.5	0	4.23	0.0666	272	1.16	1.28	15.84	6	1.42	1	2.84	11.51	15.84	10.02	399.55	385.52	3.743	7.195	20.06	38.57	200.2	1700	6	73.05	-2.07	0.139	1.0	-0.22	2.74	1.00	0.00	0.16	111115
32	"17:41:30"	1815.0	0	4.23	0.0666	273	1.16	1.28	15.84	6	1.42	1	2.84	11.51	15.84	10.02	399.52	385.52	3.743	7.194	20.06	38.56	200.2	1700	6	73.05	-2.07	0.139	1.0	-0.22	2.74	1.00	0.00	0.16	111115
33	"17:41:31"	1815.0	0	4.23	0.0666	273	1.16	1.28	15.84	6	1.42	1	2.84	11.51	15.84	10.02	399.52	385.52	3.743	7.194	20.06	38.56	200.2	1700	6	73.05	-2.07	0.139	1.0	-0.22	2.74	1.00	0.00	0.16	111115
34	"17:41:31"	1815.5	0	4.22	0.0666	273	1.16	1.28	15.83	6	1.42	1	2.84	11.51	15.83	10.02	399.53	385.53	3.743	7.191	20.06	38.55	200.2	1699	6	73.05	-2.07	0.139	1.0	-0.22	2.74	1.00	0.00	0.16	111115
35	"17:41:32"	1816.0	0	4.22	0.0667	273	1.16	1.28	15.82	6	1.42	1	2.84	11.51	15.82	10.02	399.53	385.55	3.743	7.191	20.06	38.55	200.2	1699	6	73.05	-2.07	0.139	1.0	-0.22	2.74	1.00	0.00	0.16	111115
36	"17:41:32"	1816.5	0	4.21	0.0667	273	1.16	1.28	15.82	6	1.42	1	2.84	11.51	15.82	10.02	399.52	385.55	3.743	7.192	20.06	38.55	200.2	1699	6	73.05	-2.07	0.139	1.0	-0.22	2.74	1.00	0.00	0.16	111115
37	"17:41:33"	1817.0	0	4.23	0.0667	273	1.16	1.28	15.82	6	1.42	1	2.84	11.51	15.82	10.02	399.54	385.54	3.742	7.191	20.06	38.54	200.2	1699	5	73.05	-2.07	0.139	1.0	-0.22	2.74	1.00	0.00	0.16	111115
38	"17:41:33"	1817.5	0	4.24	0.0667	272	1.16	1.28	15.81	6	1.42	1	2.84	11.51	15.81	10.02	399.59	385.53	3.743	7.190	20.06	38.54	200.2	1700	5	73.05	-2.07	0.139	1.0	-0.22	2.74	1.00	0.00	0.16	111115
39	"17:41:34"	1818.0	0	4.27	0.0668	272	1.16	1.28	15.80	6	1.42	1	2.84	11.51	15.80	10.02	399.64	385.50	3.743	7.190	20.06	38.53	200.2	1700	6	73.05	-2.07	0.139	1.0	-0.22	2.74	1.00	0.00	0.16	111115
40	"17:41:34"	1818.5	0	4.27	0.0668	272	1.16	1.28	15.80	6	1.42	1	2.84	11.51	15.80	10.02	399.63	385.50	3.743	7.189	20.06	38.53	200.2	1700	5	73.05	-2.07	0.139	1.0	-0.22	2.74	1.00	0.00	0.16	111115
41	"17:41:35"	1819.0	0	4.27	0.0668	272	1.16	1.28	15.80	6	1.42	1	2.84	11.52	15.80	10.02	399.67	385.53	3.743	7.189	20.06	38.52	200.2	1700	5	73.05	-2.07	0.139	1.0	-0.22	2.74	1.00	0.00	0.16	111115
42	"17:41:35"	1819.5	0	4.26	0.0668	272	1.16	1.28	15.80	6	1.42	1	2.84	11.52	15.80	10.02	399.63	385.54	3.742	7.190	20.05	38.53	200.2	1700	5	73.05	-2.07	0.139	1.0	-0.22	2.74	1.00	0.00	0.16	111115
43	"17:41:36"	1820.0	0	4.25	0.0667	272	1.16	1.28	15.81	6	1.42	1	2.84	11.52	15.81	10.02	399.64	385.55	3.742	7.190	20.05	38.52	200.2	1700	6	73.05	-2.07	0.139	1.0	-0.22	2.74	1.00	0.00	0.16	111115
44	"17:41:36"	1820.5	0	4.27	0.0667	272	1.16	1.28	15.82	6	1.42	1	2.84	11.52	15.82	10.02	399.70	385.56	3.742	7.190	20.05	38.53	200.2	1700	6	73.05	-2.07	0.139	1.0	-0.22	2.74	1.00	0.00	0.16	111115
45	"17:41:37"	1821.0	0	4.27	0.0667	272	1.16	1.28	15.81	6	1.42	1	2.84	11.52	15.81	10.02	399.68	385.55	3.741	7.190	20.04	38.52	200.2	1700	6	73.05	-2.07	0.139	1.0	-0.22	2.74	1.00	0.00	0.16	111115
"17:41:47 Coolers: Tblock -> 15.00 C"
"17:46:06 Flow: Fixed -> 200 umol/s"
46	"17:46:32"	2117.0	0	4.41	0.0603	256	1.23	1.49	18.37	6	1.42	1	2.84	15.84	18.37	15.09	400.77	386.13	4.918	8.569	19.90	34.67	200.2	1700	4	73.07	-2.3	0.126	1.0	-0.22	2.74	1.00	0.00	0.16	111115
47	"17:46:33"	2117.0	0	4.41	0.0603	256	1.23	1.49	18.37	6	1.42	1	2.84	15.84	18.37	15.09	400.77	386.13	4.918	8.569	19.90	34.67	200.2	1700	4	73.07	-2.3	0.126	1.0	-0.22	2.74	1.00	0.00	0.16	111115
48	"17:46:33"	2117.0	0	4.41	0.0603	256	1.23	1.49	18.37	6	1.42	1	2.84	15.84	18.37	15.09	400.77	386.13	4.918	8.569	19.90	34.67	200.2	1700	4	73.07	-2.3	0.126	1.0	-0.22	2.74	1.00	0.00	0.16	111115
49	"17:46:34"	2117.5	0	4.41	0.0603	256	1.23	1.49	18.37	6	1.42	1	2.84	15.84	18.37	15.09	400.77	386.12	4.918	8.570	19.90	34.68	200.2	1700	4	73.07	-2.3	0.126	1.0	-0.22	2.74	1.00	0.00	0.16	111115
50	"17:46:34"	2118.0	0	4.42	0.0603	256	1.23	1.49	18.37	6	1.42	1	2.84	15.84	18.37	15.09	400.80	386.14	4.918	8.569	19.90	34.67	200.2	1700	4	73.07	-2.3	0.126	1.0	-0.22	2.74	1.00	0.00	0.16	111115
51	"17:46:35"	2118.5	0	4.43	0.0602	256	1.23	1.49	18.37	6	1.42	1	2.84	15.84	18.37	15.09	400.81	386.12	4.918	8.569	19.90	34.67	200.2	1700	4	73.07	-2.3	0.126	1.0	-0.22	2.74	1.00	0.00	0.16	111115
52	"17:46:35"	2119.0	0	4.43	0.0602	256	1.23	1.49	18.37	6	1.42	1	2.84	15.84	18.37	15.09	400.83	386.15	4.918	8.569	19.90	34.67	200.2	1700	4	73.07	-2.3	0.126	1.0	-0.22	2.74	1.00	0.00	0.16	111115
53	"17:46:36"	2119.5	0	4.43	0.0602	256	1.23	1.49	18.37	6	1.42	1	2.84	15.84	18.37	15.09	400.84	386.15	4.917	8.569	19.89	34.67	200.2	1700	4	73.07	-2.3	0.126	1.0	-0.22	2.74	1.00	0.00	0.16	111115
54	"17:46:36"	2120.0	0	4.44	0.0602	255	1.23	1.5	18.38	6	1.42	1	2.84	15.84	18.38	15.09	400.84	386.12	4.916	8.568	19.89	34.66	200.2	1700	4	73.07	-2.3	0.126	1.0	-0.22	2.74	1.00	0.00	0.16	111115
55	"17:46:37"	2120.5	0	4.44	0.0601	255	1.23	1.5	18.39	6	1.42	1	2.84	15.84	18.39	15.09	400.82	386.09	4.917	8.568	19.89	34.66	200.2	1700	4	73.07	-2.3	0.126	1.0	-0.22	2.74	1.00	0.00	0.16	111115
56	"17:46:37"	2121.0	0	4.44	0.0601	255	1.23	1.5	18.39	6	1.42	1	2.84	15.84	18.39	15.09	400.83	386.10	4.916	8.566	19.88	34.65	200.2	1700	4	73.07	-2.3	0.126	1.0	-0.22	2.74	1.00	0.00	0.16	111115
57	"17:46:38"	2121.5	0	4.44	0.06	255	1.23	1.5	18.40	6	1.42	1	2.84	15.84	18.40	15.09	400.84	386.12	4.916	8.565	19.89	34.64	200.2	1700	4	73.07	-2.3	0.126	1.0	-0.22	2.74	1.00	0.00	0.16	111115
58	"17:46:38"	2122.5	0	4.42	0.0599	255	1.23	1.5	18.40	6	1.42	1	2.84	15.84	18.40	15.09	400.81	386.15	4.917	8.563	19.89	34.64	200.2	1700	4	73.07	-2.3	0.126	1.0	-0.22	2.74	1.00	0.00	0.16	111115
59	"17:46:39"	2123.0	0	4.41	0.0599	255	1.23	1.5	18.41	6	1.42	1	2.84	15.85	18.41	15.09	400.79	386.15	4.917	8.563	19.89	34.63	200.2	1700	4	73.07	-2.3	0.126	1.0	-0.22	2.74	1.00	0.00	0.16	111115
60	"17:46:39"	2123.5	0	4.42	0.0599	255	1.23	1.5	18.41	6	1.42	1	2.84	15.85	18.41	15.09	400.77	386.10	4.916	8.562	19.89	34.63	200.2	1700	4	73.08	-2.3	0.126	1.0	-0.22	2.74	1.00	0.00	0.16	111115
"17:46:48 Coolers: Tblock -> 20.00 C"
"17:50:42 Flow: Fixed -> 200 umol/s"
61	"17:51:10"	2393.5	0	4.46	0.0548	241	1.26	1.67	20.83	6	1.42	1	2.84	20.00	20.83	19.97	400.32	385.50	7.148	10.879	22.27	33.89	200.2	1700	3	73.12	-2.44	0.102	1.0	-0.22	2.74	1.00	0.00	0.16	111115
62	"17:51:10"	2394.0	0	4.47	0.0548	241	1.26	1.67	20.83	6	1.42	1	2.84	20.00	20.83	19.97	400.35	385.49	7.147	10.877	22.27	33.89	200.2	1700	3	73.12	-2.44	0.102	1.0	-0.22	2.74	1.00	0.00	0.16	111115
63	"17:51:11"	2394.0	0	4.47	0.0548	241	1.26	1.67	20.83	6	1.42	1	2.84	20.00	20.83	19.97	400.35	385.49	7.147	10.877	22.27	33.89	200.2	1700	3	73.12	-2.44	0.102	1.0	-0.22	2.74	1.00	0.00	0.16	111115
64	"17:51:11"	2394.5	0	4.49	0.0548	240	1.26	1.67	20.83	6	1.42	1	2.84	20.00	20.83	19.97	400.39	385.48	7.146	10.875	22.26	33.88	200.2	1700	3	73.12	-2.44	0.102	1.0	-0.22	2.74	1.00	0.00	0.16	111115
65	"17:51:12"	2395.0	0	4.5	0.0548	240	1.26	1.67	20.83	6	1.42	1	2.84	20.00	20.83	19.97	400.42	385.49	7.145	10.874	22.26	33.88	200.2	1700	3	73.12	-2.44	0.102	1.0	-0.22	2.74	1.00	0.00	0.16	111115
66	"17:51:12"	2395.5	0	4.5	0.0548	240	1.26	1.67	20.82	6	1.42	1	2.84	20.00	20.82	19.97	400.43	385.48	7.144	10.874	22.25	33.87	200.2	1700	3	73.12	-2.44	0.102	1.0	-0.22	2.74	1.00	0.00	0.16	111115
67	"17:51:13"	2396.0	0	4.49	0.0547	240	1.26	1.67	20.83	6	1.42	1	2.84	20.01	20.83	19.97	400.42	385.50	7.144	10.873	22.25	33.87	200.2	1700	3	73.12	-2.44	0.102	1.0	-0.22	2.74	1.00	0.00	0.16	111115
68	"17:51:13"	2396.5	0	4.48	0.0547	241	1.26	1.67	20.83	6	1.42	1	2.84	20.01	20.83	19.98	400.43	385.55	7.144	10.873	22.25	33.87	200.2	1700	3	73.12	-2.44	0.102	1.0	-0.22	2.74	1.00	0.00	0.16	111115
69	"17:51:14"	2397.0	0	4.49	0.0548	240	1.26	1.67	20.83	6	1.42	1	2.84	20.01	20.83	19.98	400.45	385.54	7.144	10.874	22.25	33.87	200.2	1700	3	73.12	-2.44	0.102	1.0	-0.22	2.74	1.00	0.00	0.16	111115
70	"17:51:14"	2397.5	0	4.51	0.0547	240	1.26	1.67	20.83	6	1.42	1	2.84	20.01	20.83	19.98	400.49	385.53	7.144	10.874	22.25	33.87	200.2	1700	3	73.12	-2.44	0.102	1.0	-0.22	2.74	1.00	0.00	0.16	111115
71	"17:51:15"	2398.0	0	4.53	0.0547	239	1.26	1.68	20.83	6	1.42	1	2.84	20.01	20.83	19.98	400.54	385.52	7.144	10.875	22.25	33.87	200.2	1701	3	73.12	-2.44	0.102	1.0	-0.22	2.74	1.00	0.00	0.16	111115
72	"17:51:15"	2398.5	0	4.52	0.0547	240	1.26	1.68	20.83	6	1.42	1	2.84	20.01	20.83	19.98	400.55	385.55	7.144	10.875	22.25	33.86	200.2	1701	3	73.12	-2.44	0.102	1.0	-0.22	2.74	1.00	0.00	0.16	111115
73	"17:51:16"	2399.0	0	4.52	0.0547	240	1.26	1.68	20.84	6	1.42	1	2.84	20.01	20.84	19.98	400.57	385.57	7.144	10.875	22.25	33.86	200.2	1701	3	73.12	-2.44	0.102	1.0	-0.22	2.74	1.00	0.00	0.16	111115
74	"17:51:16"	2399.5	0	4.52	0.0547	239	1.26	1.68	20.84	6	1.42	1	2.84	20.01	20.84	19.98	400.58	385.57	7.143	10.873	22.24	33.86	200.2	1700	3	73.12	-2.44	0.102	1.0	-0.22	2.74	1.00	0.00	0.16	111115
75	"17:51:17"	2400.0	0	4.52	0.0547	239	1.26	1.68	20.84	6	1.42	1	2.84	20.01	20.84	19.98	400.58	385.57	7.143	10.874	22.24	33.86	200.3	1700	3	73.12	-2.44	0.102	1.0	-0.22	2.74	1.00	0.00	0.16	111115
"17:51:57 Lamp: ParIn ->  1700 uml"
"17:51:57 CO2 Mixer: CO2R -> 400 uml"
"17:51:57 Coolers: Tblock -> 20.00 C"
"17:51:57 Flow: Fixed -> 200 umol/s"
"17:52:02 Coolers: Tblock -> 25.00 C"
"17:57:15 Flow: Fixed -> 200 umol/s"
76	"17:57:33"	2777.0	0	4.35	0.0503	232	1.26	1.81	23.55	6	1.42	1	2.84	24.41	23.55	25.05	399.97	385.46	11.417	15.130	27.20	36.05	200.1	1700	2	73.12	-2.09	0.0333	1.0	-0.22	2.74	1.00	0.00	0.16	111115
77	"17:57:33"	2777.5	0	4.32	0.0503	233	1.26	1.81	23.55	6	1.42	1	2.84	24.41	23.55	25.05	399.95	385.54	11.417	15.131	27.20	36.05	200.2	1700	2	73.12	-2.09	0.0333	1.0	-0.22	2.74	1.00	0.00	0.16	111115
78	"17:57:34"	2777.5	0	4.32	0.0503	233	1.26	1.81	23.55	6	1.42	1	2.84	24.41	23.55	25.05	399.95	385.54	11.417	15.131	27.20	36.05	200.2	1700	2	73.12	-2.09	0.0333	1.0	-0.22	2.74	1.00	0.00	0.16	111115
79	"17:57:34"	2778.0	0	4.34	0.0504	233	1.26	1.81	23.55	6	1.42	1	2.84	24.41	23.55	25.05	399.99	385.52	11.416	15.131	27.20	36.05	200.2	1700	2	73.12	-2.09	0.0333	1.0	-0.22	2.74	1.00	0.00	0.16	111115
80	"17:57:35"	2778.5	0	4.35	0.0504	233	1.26	1.81	23.55	6	1.42	1	2.84	24.41	23.55	25.05	400.01	385.51	11.414	15.131	27.19	36.05	200.2	1700	2	73.12	-2.09	0.0333	1.0	-0.22	2.74	1.00	0.00	0.16	111115
81	"17:57:35"	2779.0	0	4.38	0.0504	232	1.26	1.81	23.55	6	1.42	1	2.84	24.41	23.55	25.05	400.06	385.48	11.413	15.132	27.19	36.05	200.2	1700	2	73.12	-2.09	0.0333	1.0	-0.22	2.74	1.00	0.00	0.16	111115
82	"17:57:36"	2779.5	0	4.41	0.0504	231	1.26	1.81	23.55	6	1.42	1	2.84	24.41	23.55	25.05	400.13	385.47	11.413	15.132	27.19	36.05	200.2	1700	2	73.12	-2.09	0.0333	1.0	-0.22	2.74	1.00	0.00	0.16	111115
83	"17:57:36"	2780.0	0	4.43	0.0504	230	1.26	1.81	23.55	6	1.42	1	2.84	24.41	23.55	25.05	400.21	385.48	11.412	15.133	27.18	36.05	200.2	1700	2	73.12	-2.09	0.0333	1.0	-0.22	2.74	1.00	0.00	0.16	111115
84	"17:57:37"	2780.5	0	4.45	0.0505	230	1.26	1.81	23.55	6	1.42	1	2.84	24.41	23.55	25.04	400.28	385.48	11.411	15.133	27.18	36.05	200.2	1700	2	73.12	-2.09	0.0333	1.0	-0.22	2.74	1.00	0.00	0.16	111115
85	"17:57:37"	2781.0	0	4.48	0.0505	229	1.26	1.81	23.55	6	1.42	1	2.84	24.41	23.55	25.04	400.36	385.49	11.411	15.132	27.18	36.04	200.2	1700	2	73.12	-2.09	0.0333	1.0	-0.22	2.74	1.00	0.00	0.16	111115
86	"17:57:38"	2781.5	0	4.51	0.0505	228	1.26	1.81	23.55	6	1.42	1	2.84	24.41	23.55	25.05	400.40	385.43	11.410	15.131	27.18	36.04	200.2	1700	2	73.12	-2.09	0.0333	1.0	-0.22	2.74	1.00	0.00	0.16	111115
87	"17:57:39"	2782.0	0	4.51	0.0505	228	1.26	1.81	23.55	6	1.42	1	2.84	24.41	23.55	25.05	400.41	385.44	11.410	15.132	27.18	36.04	200.2	1700	2	73.12	-2.09	0.0333	1.0	-0.22	2.74	1.00	0.00	0.16	111115
88	"17:57:39"	2782.5	0	4.51	0.0505	228	1.26	1.81	23.55	6	1.42	1	2.84	24.41	23.55	25.04	400.44	385.47	11.410	15.131	27.17	36.04	200.2	1700	2	73.12	-2.09	0.0333	1.0	-0.22	2.74	1.00	0.00	0.16	111115
89	"17:57:40"	2783.0	0	4.5	0.0504	228	1.26	1.81	23.55	6	1.42	1	2.84	24.41	23.55	25.04	400.41	385.49	11.410	15.129	27.17	36.03	200.2	1700	2	73.12	-2.09	0.0333	1.0	-0.22	2.74	1.00	0.00	0.16	111115
90	"17:57:40"	2783.5	0	4.49	0.0505	229	1.26	1.81	23.55	6	1.42	1	2.84	24.41	23.55	25.04	400.38	385.48	11.409	15.129	27.17	36.03	200.2	1700	2	73.12	-2.09	0.0333	1.0	-0.22	2.74	1.00	0.00	0.16	111115
"17:57:56 Coolers: Tblock -> 30.00 C"
"18:02:43 Flow: Fixed -> 200 umol/s"
91	"18:03:20"	3124.5	0	4.28	0.0483	227	1.45	2.16	26.25	6	1.42	1	2.84	28.86	26.25	30.12	400.40	385.89	13.070	17.332	23.95	31.76	200.2	1699	2	73.12	-2.43	-0.00666	1.0	-0.22	2.74	1.00	0.00	0.16	111115
92	"18:03:20"	3124.5	0	4.28	0.0483	227	1.45	2.16	26.25	6	1.42	1	2.84	28.86	26.25	30.12	400.40	385.89	13.070	17.332	23.95	31.76	200.2	1699	2	73.12	-2.43	-0.00666	1.0	-0.22	2.74	1.00	0.00	0.16	111115
93	"18:03:21"	3125.0	0	4.31	0.0483	226	1.45	2.16	26.25	6	1.42	1	2.84	28.87	26.25	30.12	400.46	385.87	13.069	17.331	23.95	31.76	200.2	1699	2	73.12	-2.43	-0.00666	1.0	-0.22	2.74	1.00	0.00	0.16	111115
94	"18:03:21"	3125.5	0	4.33	0.0483	226	1.45	2.16	26.25	6	1.42	1	2.84	28.87	26.25	30.12	400.51	385.87	13.068	17.329	23.94	31.75	200.2	1700	2	73.12	-2.43	-0.00666	1.0	-0.22	2.74	1.00	0.00	0.16	111115
95	"18:03:22"	3126.0	0	4.34	0.0483	225	1.45	2.16	26.25	6	1.42	1	2.84	28.87	26.25	30.12	400.53	385.86	13.068	17.329	23.94	31.75	200.2	1700	2	73.12	-2.43	-0.00666	1.0	-0.22	2.74	1.00	0.00	0.16	111115
96	"18:03:22"	3126.5	0	4.34	0.0483	225	1.45	2.16	26.24	6	1.42	1	2.84	28.87	26.24	30.12	400.58	385.89	13.067	17.327	23.94	31.75	200.2	1700	2	73.12	-2.43	-0.00666	1.0	-0.22	2.74	1.00	0.00	0.16	111115
97	"18:03:23"	3127.0	0	4.36	0.0483	225	1.45	2.15	26.24	6	1.42	1	2.84	28.87	26.24	30.12	400.63	385.88	13.066	17.328	23.94	31.75	200.2	1700	2	73.12	-2.43	-0.00666	1.0	-0.22	2.74	1.00	0.00	0.16	111115
98	"18:03:23"	3127.5	0	4.37	0.0484	225	1.45	2.15	26.23	6	1.42	1	2.84	28.87	26.23	30.12	400.64	385.88	13.065	17.328	23.94	31.75	200.2	1700	2	73.12	-2.43	-0.00666	1.0	-0.22	2.74	1.00	0.00	0.16	111115
99	"18:03:24"	3128.0	0	4.35	0.0484	225	1.45	2.15	26.23	6	1.42	1	2.84	28.87	26.23	30.12	400.58	385.88	13.065	17.327	23.94	31.74	200.2	1700	2	73.12	-2.43	-0.00666	1.0	-0.22	2.74	1.00	0.00	0.16	111115
100	"18:03:24"	3128.5	0	4.31	0.0484	226	1.45	2.15	26.23	6	1.42	1	2.84	28.87	26.23	30.12	400.49	385.89	13.064	17.326	23.93	31.74	200.2	1700	2	73.12	-2.43	-0.00666	1.0	-0.22	2.74	1.00	0.00	0.16	111115
101	"18:03:25"	3129.0	0	4.28	0.0483	227	1.45	2.15	26.23	6	1.42	1	2.84	28.87	26.23	30.12	400.43	385.93	13.065	17.325	23.93	31.74	200.2	1700	2	73.12	-2.43	-0.00666	1.0	-0.22	2.74	1.00	0.00	0.16	111115
102	"18:03:25"	3129.5	0	4.25	0.0483	228	1.45	2.15	26.23	6	1.42	1	2.84	28.87	26.23	30.12	400.36	385.94	13.064	17.324	23.93	31.74	200.2	1700	2	73.12	-2.43	-0.00666	1.0	-0.22	2.74	1.00	0.00	0.16	111115
103	"18:03:26"	3130.0	0	4.22	0.0483	229	1.45	2.15	26.23	6	1.42	1	2.84	28.87	26.23	30.12	400.31	385.99	13.063	17.322	23.93	31.73	200.2	1700	2	73.12	-2.43	-0.00666	1.0	-0.22	2.74	1.00	0.00	0.16	111115
104	"18:03:26"	3130.5	0	4.2	0.0483	230	1.45	2.15	26.23	6	1.42	1	2.84	28.87	26.23	30.12	400.26	386.00	13.062	17.321	23.93	31.73	200.2	1700	2	73.12	-2.43	-0.00666	1.0	-0.22	2.74	1.00	0.00	0.16	111115
105	"18:03:27"	3131.0	0	4.17	0.0483	231	1.45	2.16	26.24	6	1.42	1	2.84	28.87	26.24	30.12	400.21	386.03	13.061	17.319	23.92	31.73	200.2	1700	2	73.12	-2.43	-0.00666	1.0	-0.22	2.74	1.00	0.00	0.16	111115
"18:03:45 Lamp: ParIn ->  1700 uml"
"18:03:45 CO2 Mixer: CO2R -> 400 uml"
"18:03:45 Coolers: Tblock -> 30.00 C"
"18:03:45 Flow: Fixed -> 200 umol/s"
106	"18:03:58"	3162.5	0	4.21	0.0472	226	1.43	2.19	26.36	6	1.42	1	2.84	28.90	26.36	30.12	400.28	386.01	13.015	17.242	23.80	31.53	200.1	1699	2	73.12	-2.43	-0.00666	1.0	-0.22	2.74	1.00	0.00	0.16	111115
107	"18:03:58"	3162.5	0	4.21	0.0472	226	1.43	2.19	26.36	6	1.42	1	2.84	28.90	26.36	30.12	400.28	386.01	13.015	17.242	23.80	31.53	200.1	1699	2	73.12	-2.43	-0.00666	1.0	-0.22	2.74	1.00	0.00	0.16	111115
108	"18:03:59"	3163.0	0	4.2	0.0472	226	1.44	2.19	26.36	6	1.42	1	2.84	28.90	26.36	30.12	400.28	386.02	13.015	17.243	23.80	31.53	200.2	1699	2	73.12	-2.43	-0.00666	1.0	-0.22	2.74	1.00	0.00	0.16	111115
109	"18:03:59"	3163.5	0	4.2	0.0472	226	1.44	2.19	26.37	6	1.42	1	2.84	28.90	26.37	30.12	400.29	386.03	13.014	17.242	23.80	31.53	200.2	1699	2	73.12	-2.43	-0.00666	1.0	-0.22	2.74	1.00	0.00	0.16	111115
110	"18:03:59"	3164.0	0	4.23	0.0472	225	1.44	2.19	26.37	6	1.42	1	2.84	28.90	26.37	30.12	400.31	385.98	13.013	17.241	23.80	31.53	200.2	1699	2	73.12	-2.43	-0.00666	1.0	-0.22	2.74	1.00	0.00	0.16	111115
111	"18:04:00"	3164.5	0	4.24	0.0472	225	1.44	2.19	26.37	6	1.42	1	2.84	28.90	26.37	30.12	400.33	385.96	13.012	17.239	23.80	31.53	200.2	1699	2	73.12	-2.43	-0.00666	1.0	-0.22	2.74	1.00	0.00	0.16	111115
112	"18:04:00"	3165.0	0	4.24	0.0471	225	1.43	2.19	26.37	6	1.42	1	2.84	28.90	26.37	30.12	400.36	385.98	13.012	17.238	23.79	31.52	200.2	1699	2	73.12	-2.43	-0.00666	1.0	-0.22	2.74	1.00	0.00	0.16	111115
113	"18:04:01"	3165.0	0	4.24	0.0471	225	1.43	2.19	26.37	6	1.42	1	2.84	28.90	26.37	30.12	400.36	385.98	13.012	17.238	23.79	31.52	200.2	1699	2	73.12	-2.43	-0.00666	1.0	-0.22	2.74	1.00	0.00	0.16	111115
114	"18:04:01"	3165.5	0	4.25	0.0472	225	1.43	2.19	26.37	6	1.42	1	2.84	28.90	26.37	30.12	400.39	385.98	13.010	17.236	23.79	31.52	200.2	1699	2	73.12	-2.43	-0.00666	1.0	-0.22	2.74	1.00	0.00	0.16	111115
115	"18:04:01"	3166.0	0	4.27	0.0472	224	1.43	2.19	26.37	6	1.42	1	2.84	28.90	26.37	30.12	400.45	386.00	13.010	17.235	23.79	31.51	200.2	1699	2	73.12	-2.43	-0.00666	1.0	-0.22	2.74	1.00	0.00	0.16	111115
116	"18:04:02"	3166.5	0	4.28	0.0472	224	1.43	2.19	26.36	6	1.42	1	2.84	28.90	26.36	30.12	400.48	386.01	13.010	17.233	23.79	31.51	200.2	1699	2	73.12	-2.43	-0.00666	1.0	-0.22	2.74	1.00	0.00	0.16	111115
117	"18:04:02"	3167.0	0	4.3	0.0472	223	1.43	2.19	26.36	6	1.42	1	2.84	28.90	26.36	30.12	400.53	386.00	13.009	17.231	23.78	31.50	200.2	1699	2	73.12	-2.43	-0.00666	1.0	-0.22	2.74	1.00	0.00	0.16	111115
118	"18:04:03"	3167.5	0	4.31	0.0472	223	1.43	2.19	26.36	6	1.42	1	2.84	28.90	26.36	30.13	400.59	386.02	13.008	17.232	23.78	31.50	200.2	1699	2	73.12	-2.43	-0.00666	1.0	-0.22	2.74	1.00	0.00	0.16	111115
119	"18:04:03"	3168.0	0	4.31	0.0472	223	1.43	2.19	26.35	6	1.42	1	2.84	28.91	26.35	30.13	400.62	386.05	13.008	17.231	23.78	31.50	200.2	1699	2	73.12	-2.43	-0.00666	1.0	-0.22	2.74	1.00	0.00	0.16	111115
120	"18:04:04"	3168.5	0	4.31	0.0473	223	1.43	2.18	26.35	6	1.42	1	2.84	28.91	26.35	30.13	400.63	386.06	13.008	17.231	23.78	31.50	200.2	1699	2	73.12	-2.43	-0.00666	1.0	-0.22	2.74	1.00	0.00	0.16	111115
"18:04:15 Coolers: Tblock -> 35.00 C"
"18:09:20 Flow: Fixed -> 200 umol/s"
121	"18:09:45"	3509.5	0	3.71	0.0378	211	1.52	2.86	29.40	6	1.42	1	2.84	33.32	29.40	34.99	401.46	388.58	12.677	17.146	18.02	24.38	200.1	1700	2	73.12	-1.86	-0.0262	1.0	-0.22	2.74	1.00	0.00	0.16	111115
122	"18:09:46"	3509.5	0	3.71	0.0378	211	1.52	2.86	29.40	6	1.42	1	2.84	33.32	29.40	34.99	401.46	388.58	12.677	17.146	18.02	24.38	200.1	1700	2	73.12	-1.86	-0.0262	1.0	-0.22	2.74	1.00	0.00	0.16	111115
123	"18:09:46"	3510.0	0	3.71	0.0378	211	1.52	2.86	29.40	6	1.42	1	2.84	33.32	29.40	34.99	401.46	388.58	12.677	17.144	18.02	24.37	200.1	1700	2	73.12	-1.86	-0.0262	1.0	-0.22	2.74	1.00	0.00	0.16	111115
124	"18:09:47"	3510.5	0	3.72	0.0378	210	1.52	2.86	29.40	6	1.42	1	2.84	33.32	29.40	34.99	401.50	388.57	12.677	17.142	18.02	24.37	200.1	1700	2	73.12	-1.86	-0.0262	1.0	-0.22	2.74	1.00	0.00	0.16	111115
125	"18:09:47"	3511.0	0	3.75	0.0378	209	1.51	2.86	29.40	6	1.42	1	2.84	33.32	29.40	34.99	401.58	388.57	12.677	17.140	18.02	24.37	200.1	1700	2	73.12	-1.86	-0.0262	1.0	-0.22	2.74	1.00	0.00	0.16	111115
126	"18:09:48"	3511.5	0	3.77	0.0378	208	1.51	2.86	29.40	6	1.42	1	2.84	33.32	29.40	34.99	401.64	388.59	12.676	17.139	18.02	24.37	200.1	1700	2	73.12	-1.86	-0.0262	1.0	-0.22	2.74	1.00	0.00	0.16	111115
127	"18:09:48"	3512.0	0	3.77	0.0378	208	1.51	2.86	29.40	6	1.42	1	2.84	33.32	29.40	34.99	401.64	388.58	12.676	17.137	18.02	24.36	200.1	1700	2	73.12	-1.86	-0.0262	1.0	-0.22	2.74	1.00	0.00	0.16	111115
128	"18:09:49"	3512.5	0	3.76	0.0377	208	1.51	2.86	29.40	6	1.42	1	2.84	33.32	29.40	34.99	401.63	388.59	12.675	17.135	18.02	24.36	200.1	1700	2	73.12	-1.86	-0.0262	1.0	-0.22	2.74	1.00	0.00	0.16	111115
129	"18:09:49"	3513.0	0	3.75	0.0377	208	1.51	2.86	29.39	6	1.42	1	2.84	33.32	29.39	34.99	401.63	388.62	12.676	17.132	18.02	24.36	200.1	1700	2	73.12	-1.86	-0.0262	1.0	-0.22	2.74	1.00	0.00	0.16	111115
130	"18:09:50"	3513.5	0	3.73	0.0377	209	1.51	2.86	29.39	6	1.42	1	2.84	33.32	29.39	34.99	401.61	388.67	12.677	17.130	18.02	24.35	200.1	1700	2	73.12	-1.86	-0.0262	1.0	-0.22	2.74	1.00	0.00	0.16	111115
131	"18:09:50"	3514.0	0	3.72	0.0377	210	1.51	2.86	29.39	6	1.42	1	2.84	33.32	29.39	34.99	401.58	388.68	12.677	17.126	18.02	24.35	200.1	1700	2	73.12	-1.86	-0.0262	1.0	-0.22	2.74	1.00	0.00	0.16	111115
132	"18:09:51"	3514.5	0	3.7	0.0377	210	1.51	2.86	29.39	6	1.42	1	2.84	33.32	29.39	34.99	401.54	388.70	12.676	17.126	18.02	24.35	200.1	1700	2	73.12	-1.86	-0.0262	1.0	-0.22	2.74	1.00	0.00	0.16	111115
133	"18:09:51"	3515.0	0	3.66	0.0377	212	1.51	2.86	29.39	6	1.42	1	2.84	33.32	29.39	34.99	401.45	388.71	12.676	17.124	18.02	24.35	200.1	1700	2	73.12	-1.86	-0.0262	1.0	-0.22	2.74	1.00	0.00	0.16	111115
134	"18:09:52"	3515.5	0	3.66	0.0376	212	1.51	2.86	29.38	6	1.42	1	2.84	33.32	29.38	34.99	401.42	388.70	12.677	17.122	18.02	24.34	200.1	1700	2	73.12	-1.86	-0.0262	1.0	-0.22	2.74	1.00	0.00	0.16	111115
135	"18:09:52"	3516.0	0	3.66	0.0376	212	1.51	2.86	29.38	6	1.42	1	2.84	33.32	29.38	34.99	401.42	388.70	12.678	17.119	18.02	24.34	200.2	1700	2	73.12	-1.86	-0.0262	1.0	-0.22	2.74	1.00	0.00	0.16	111115
"18:10:14 Coolers: Tblock -> 40.00 C"
"18:15:50 Flow: Fixed -> 200 umol/s"
"18:16:42 Lamp: ParIn ->  1700 uml"
"18:16:42 CO2 Mixer: CO2R -> 400 uml"
"18:16:42 Coolers: Tblock -> 40.00 C"
"18:16:42 Flow: Fixed -> 200 umol/s"
136	"18:16:45"	3929.5	0	2.48	0.0231	194	1.2	3.68	32.22	6	1.42	1	2.84	37.78	32.22	40.08	400.36	391.53	12.312	15.856	13.69	17.63	200.1	1700	2	73.11	-1.38	-0.0129	0.7	-0.22	2.74	1.00	0.00	0.16	111115
137	"18:17:12"	3956.5	0	2.44	0.0223	190	1.17	3.71	32.30	6	1.42	1	2.84	37.78	32.30	40.08	399.63	390.94	12.304	15.751	13.67	17.50	200.1	1700	2	73.11	-1.38	-0.0129	1.0	-0.22	2.74	1.00	0.00	0.16	111115
138	"18:17:13"	3956.5	0	2.44	0.0223	190	1.17	3.71	32.30	6	1.42	1	2.84	37.78	32.30	40.08	399.63	390.94	12.304	15.751	13.67	17.50	200.1	1700	2	73.11	-1.38	-0.0129	1.0	-0.22	2.74	1.00	0.00	0.16	111115
139	"18:17:13"	3957.0	0	2.44	0.0223	190	1.17	3.71	32.30	6	1.42	1	2.84	37.78	32.30	40.08	399.64	390.97	12.304	15.749	13.67	17.50	200.1	1700	2	73.11	-1.38	-0.0129	1.0	-0.22	2.74	1.00	0.00	0.16	111115
140	"18:17:14"	3957.5	0	2.45	0.0223	189	1.17	3.71	32.30	6	1.42	1	2.84	37.78	32.30	40.08	399.68	390.98	12.304	15.748	13.67	17.50	200.1	1700	2	73.11	-1.38	-0.0129	1.0	-0.22	2.74	1.00	0.00	0.16	111115
141	"18:17:14"	3958.0	0	2.44	0.0223	190	1.17	3.7	32.29	6	1.42	1	2.84	37.78	32.29	40.08	399.65	390.97	12.303	15.746	13.67	17.50	200.1	1700	2	73.11	-1.38	-0.0129	1.0	-0.22	2.74	1.00	0.00	0.16	111115
142	"18:17:14"	3958.0	0	2.44	0.0223	190	1.17	3.7	32.29	6	1.42	1	2.84	37.78	32.29	40.08	399.65	390.97	12.303	15.746	13.67	17.50	200.1	1700	2	73.11	-1.38	-0.0129	1.0	-0.22	2.74	1.00	0.00	0.16	111115
143	"18:17:15"	3958.5	0	2.43	0.0223	191	1.17	3.7	32.28	6	1.42	1	2.84	37.78	32.28	40.09	399.62	390.96	12.304	15.745	13.67	17.50	200.1	1700	2	73.11	-1.38	-0.0129	1.0	-0.22	2.74	1.00	0.00	0.16	111115
144	"18:17:16"	3959.0	0	2.41	0.0223	192	1.17	3.7	32.27	6	1.42	1	2.84	37.78	32.27	40.09	399.56	390.97	12.304	15.743	13.67	17.50	200.1	1700	2	73.11	-1.38	-0.0129	1.0	-0.22	2.74	1.00	0.00	0.16	111115
145	"18:17:16"	3959.5	0	2.43	0.0223	191	1.16	3.69	32.25	6	1.42	1	2.84	37.78	32.25	40.08	399.59	390.93	12.305	15.740	13.67	17.49	200.1	1700	2	73.11	-1.38	-0.0129	1.0	-0.22	2.74	1.00	0.00	0.16	111115
146	"18:17:17"	3960.0	0	2.44	0.0223	190	1.16	3.69	32.24	6	1.42	1	2.84	37.78	32.24	40.09	399.59	390.91	12.304	15.737	13.67	17.49	200.1	1700	2	73.11	-1.38	-0.0129	1.0	-0.22	2.74	1.00	0.00	0.16	111115
147	"18:17:17"	3960.5	0	2.44	0.0223	190	1.16	3.69	32.23	6	1.42	1	2.84	37.78	32.23	40.09	399.59	390.91	12.303	15.735	13.67	17.49	200.1	1700	2	73.11	-1.38	-0.0129	1.0	-0.22	2.74	1.00	0.00	0.16	111115
148	"18:17:18"	3961.0	0	2.43	0.0223	191	1.16	3.68	32.22	6	1.42	1	2.84	37.78	32.22	40.09	399.56	390.92	12.303	15.732	13.67	17.48	200.1	1700	2	73.11	-1.38	-0.0129	1.0	-0.22	2.74	1.00	0.00	0.16	111115
149	"18:17:18"	3961.5	0	2.42	0.0223	192	1.16	3.69	32.22	6	1.42	1	2.84	37.78	32.22	40.09	399.52	390.90	12.302	15.729	13.67	17.48	200.1	1700	2	73.11	-1.38	-0.0129	1.0	-0.22	2.74	1.00	0.00	0.16	111115
150	"18:17:19"	3962.0	0	2.42	0.0223	191	1.16	3.69	32.22	6	1.42	1	2.84	37.78	32.22	40.09	399.54	390.92	12.302	15.728	13.67	17.47	200.1	1700	2	73.11	-1.38	-0.0129	1.0	-0.22	2.74	1.00	0.00	0.16	111115
151	"18:17:19"	3962.5	0	2.42	0.0222	191	1.16	3.69	32.23	6	1.42	1	2.84	37.78	32.23	40.09	399.55	390.94	12.302	15.725	13.67	17.47	200.1	1700	2	73.11	-1.38	-0.0129	1.0	-0.22	2.74	1.00	0.00	0.16	111115
"18:18:57 Coolers: Tblock -> 45.00 C"
"18:26:08 Flow: Fixed -> 200 umol/s"
152	"18:27:02"	4546.5	0	3.34	0.0413	228	2.4	4.11	34.52	6	1.42	1	2.84	42.25	34.52	44.98	400.18	387.38	11.867	18.940	10.39	16.58	200.1	1699	4	73.11	-0.846	-0.0792	1.0	-0.22	2.74	1.00	0.00	0.16	111115
153	"18:27:02"	4546.5	0	3.34	0.0413	228	2.4	4.11	34.52	6	1.42	1	2.84	42.25	34.52	44.98	400.18	387.38	11.867	18.940	10.39	16.58	200.1	1699	4	73.11	-0.846	-0.0792	1.0	-0.22	2.74	1.00	0.00	0.16	111115
154	"18:27:03"	4547.0	0	3.34	0.0413	227	2.41	4.12	34.52	6	1.42	1	2.84	42.25	34.52	44.98	400.19	387.38	11.866	18.944	10.38	16.58	200.1	1699	4	73.11	-0.846	-0.0792	1.0	-0.22	2.74	1.00	0.00	0.16	111115
155	"18:27:03"	4547.0	0	3.34	0.0413	227	2.41	4.12	34.52	6	1.42	1	2.84	42.25	34.52	44.98	400.19	387.38	11.866	18.944	10.38	16.58	200.1	1699	4	73.11	-0.846	-0.0792	1.0	-0.22	2.74	1.00	0.00	0.16	111115
156	"18:27:03"	4547.5	0	3.35	0.0413	227	2.41	4.12	34.54	6	1.42	1	2.84	42.25	34.54	44.98	400.23	387.39	11.866	18.945	10.38	16.58	200.1	1699	4	73.11	-0.846	-0.0792	1.0	-0.22	2.74	1.00	0.00	0.16	111115
157	"18:27:04"	4548.0	0	3.37	0.0413	226	2.41	4.12	34.54	6	1.42	1	2.84	42.25	34.54	44.98	400.26	387.37	11.865	18.949	10.38	16.58	200.1	1699	4	73.11	-0.846	-0.0792	1.0	-0.22	2.74	1.00	0.00	0.16	111115
158	"18:27:04"	4548.5	0	3.37	0.0413	226	2.41	4.12	34.53	6	1.42	1	2.84	42.26	34.53	44.98	400.27	387.36	11.865	18.952	10.38	16.58	200.1	1699	4	73.11	-0.846	-0.0792	1.0	-0.22	2.74	1.00	0.00	0.16	111115
159	"18:27:05"	4549.0	0	3.38	0.0414	226	2.41	4.12	34.53	6	1.42	1	2.84	42.26	34.53	44.98	400.29	387.37	11.864	18.953	10.38	16.58	200.1	1699	4	73.11	-0.846	-0.0792	1.0	-0.22	2.74	1.00	0.00	0.16	111115
160	"18:27:05"	4549.5	0	3.37	0.0415	227	2.41	4.11	34.51	6	1.42	1	2.84	42.26	34.51	44.98	400.28	387.37	11.863	18.955	10.38	16.59	200.1	1699	4	73.11	-0.846	-0.0792	1.0	-0.22	2.74	1.00	0.00	0.16	111115
161	"18:27:06"	4550.0	0	3.38	0.0415	226	2.41	4.11	34.50	6	1.42	1	2.84	42.26	34.50	44.98	400.32	387.38	11.864	18.956	10.38	16.59	200.1	1700	4	73.11	-0.846	-0.0792	1.0	-0.22	2.74	1.00	0.00	0.16	111115
162	"18:27:07"	4550.5	0	3.39	0.0415	226	2.41	4.1	34.49	6	1.42	1	2.84	42.26	34.49	44.98	400.35	387.40	11.864	18.958	10.38	16.59	200.1	1700	4	73.11	-0.846	-0.0792	1.0	-0.22	2.74	1.00	0.00	0.16	111115
163	"18:27:07"	4551.0	0	3.38	0.0416	227	2.41	4.1	34.48	6	1.42	1	2.84	42.26	34.48	44.98	400.36	387.42	11.864	18.959	10.38	16.59	200.1	1700	4	73.11	-0.846	-0.0792	1.0	-0.22	2.74	1.00	0.00	0.16	111115
164	"18:27:08"	4551.5	0	3.38	0.0416	227	2.41	4.1	34.47	6	1.42	1	2.84	42.26	34.47	44.98	400.36	387.42	11.863	18.961	10.38	16.59	200.1	1700	4	73.11	-0.846	-0.0792	1.0	-0.22	2.74	1.00	0.00	0.16	111115
165	"18:27:08"	4552.0	0	3.4	0.0416	226	2.41	4.1	34.46	6	1.42	1	2.84	42.26	34.46	44.98	400.42	387.43	11.863	18.961	10.38	16.59	200.1	1700	4	73.11	-0.846	-0.0792	1.0	-0.22	2.74	1.00	0.00	0.16	111115
166	"18:27:09"	4552.5	0	3.44	0.0416	225	2.41	4.1	34.47	6	1.42	1	2.84	42.26	34.47	44.98	400.53	387.40	11.863	18.963	10.38	16.59	200.1	1700	4	73.11	-0.846	-0.0792	1.0	-0.22	2.74	1.00	0.00	0.16	111115
"18:28:38 Coolers: Tblock -> 50.00 C"
"18:36:15 Flow: Fixed -> 200 umol/s"
167	"18:36:32"	5116.5	0	2.84	0.0367	228	2.6	4.97	37.21	6	1.42	1	2.84	46.78	37.21	49.84	400.47	388.92	11.617	19.264	8.05	13.34	200.2	1700	10	73.13	-0.586	-0.104	1.0	-0.22	2.74	1.00	0.00	0.16	111115
168	"18:36:33"	5117.0	0	2.85	0.0367	228	2.6	4.97	37.21	6	1.42	1	2.84	46.78	37.21	49.84	400.51	388.94	11.617	19.263	8.05	13.34	200.2	1700	10	73.13	-0.586	-0.104	1.0	-0.22	2.74	1.00	0.00	0.16	111115
169	"18:36:33"	5117.0	0	2.85	0.0367	228	2.6	4.97	37.21	6	1.42	1	2.84	46.78	37.21	49.84	400.51	388.94	11.617	19.263	8.05	13.34	200.2	1700	10	73.13	-0.586	-0.104	1.0	-0.22	2.74	1.00	0.00	0.16	111115
170	"18:36:34"	5117.0	0	2.85	0.0367	228	2.6	4.97	37.21	6	1.42	1	2.84	46.78	37.21	49.84	400.51	388.94	11.617	19.263	8.05	13.34	200.2	1700	10	73.13	-0.586	-0.104	1.0	-0.22	2.74	1.00	0.00	0.16	111115
171	"18:36:34"	5117.5	0	2.88	0.0367	227	2.6	4.97	37.21	6	1.42	1	2.84	46.78	37.21	49.84	400.59	388.93	11.617	19.263	8.05	13.34	200.2	1700	10	73.13	-0.586	-0.104	1.0	-0.22	2.74	1.00	0.00	0.16	111115
172	"18:36:35"	5118.0	0	2.9	0.0367	226	2.6	4.97	37.21	6	1.42	1	2.84	46.78	37.21	49.85	400.65	388.91	11.617	19.263	8.05	13.34	200.2	1700	10	73.13	-0.586	-0.104	1.0	-0.22	2.74	1.00	0.00	0.16	111115
173	"18:36:35"	5118.5	0	2.91	0.0368	226	2.6	4.96	37.19	6	1.42	1	2.84	46.78	37.19	49.85	400.67	388.92	11.616	19.261	8.05	13.34	200.2	1700	10	73.13	-0.586	-0.104	1.0	-0.22	2.74	1.00	0.00	0.16	111115
174	"18:36:36"	5119.0	0	2.91	0.0368	226	2.6	4.96	37.18	6	1.42	1	2.84	46.78	37.18	49.85	400.70	388.95	11.617	19.260	8.05	13.34	200.2	1700	10	73.13	-0.586	-0.104	1.0	-0.22	2.74	1.00	0.00	0.16	111115
175	"18:36:36"	5119.5	0	2.9	0.0367	226	2.6	4.96	37.19	6	1.42	1	2.84	46.78	37.19	49.85	400.69	388.96	11.617	19.258	8.05	13.34	200.2	1700	10	73.13	-0.586	-0.104	1.0	-0.22	2.74	1.00	0.00	0.16	111115
176	"18:36:37"	5120.0	0	2.9	0.0367	226	2.6	4.97	37.20	6	1.42	1	2.84	46.78	37.20	49.85	400.66	388.93	11.617	19.255	8.05	13.34	200.2	1700	10	73.13	-0.586	-0.104	1.0	-0.22	2.74	1.00	0.00	0.16	111115
177	"18:36:37"	5120.5	0	2.92	0.0367	225	2.6	4.97	37.20	6	1.42	1	2.84	46.78	37.20	49.84	400.68	388.91	11.616	19.254	8.04	13.33	200.2	1700	10	73.13	-0.586	-0.104	1.0	-0.22	2.74	1.00	0.00	0.16	111115
178	"18:36:38"	5121.0	0	2.9	0.0367	226	2.6	4.97	37.21	6	1.42	1	2.84	46.78	37.21	49.85	400.65	388.93	11.616	19.254	8.04	13.33	200.2	1700	10	73.13	-0.586	-0.104	1.0	-0.22	2.74	1.00	0.00	0.16	111115
179	"18:36:38"	5121.5	0	2.87	0.0367	227	2.6	4.96	37.20	6	1.42	1	2.84	46.78	37.20	49.84	400.58	388.94	11.615	19.251	8.04	13.33	200.2	1700	10	73.13	-0.586	-0.104	1.0	-0.22	2.74	1.00	0.00	0.16	111115
180	"18:36:39"	5122.0	0	2.84	0.0366	228	2.6	4.97	37.20	6	1.42	1	2.84	46.78	37.20	49.84	400.50	388.97	11.615	19.247	8.04	13.33	200.2	1700	10	73.13	-0.586	-0.104	1.0	-0.22	2.74	1.00	0.00	0.16	111115
181	"18:36:39"	5122.5	0	2.82	0.0366	229	2.6	4.97	37.21	6	1.42	1	2.84	46.78	37.21	49.84	400.48	388.99	11.615	19.245	8.04	13.33	200.2	1700	10	73.13	-0.586	-0.104	1.0	-0.22	2.74	1.00	0.00	0.16	111115
