"OPEN 6.2.4"
"Thr Jun 23 2016 10:57:46"
<open><version>"6.2.4"</version></open>
<open><configfile>"/User/Configs/UserPrefs/2x3 LED.xml"</configfile></open>
<open><light><source>"6400-02 or -02B LED Source"</source><par_in>1<sensor>"SI-3781"<cal>-0.93<actinity>1.00</actinity><transm>1.00</transm></cal></sensor><transm>1</transm></par_in><par_out>1<sensor>"Q49599"<cal>7.26</cal></sensor></par_out></light></open>
<open><comps><file>"/User/Configs/Comps/StdComps_6.2"<header>""</header><extras></extras></file><energybal>no<f_parIn>1</f_parIn><f_parOut>0</f_parOut><alphaK>0.16</alphaK></energybal><bc_total>2.840<stomatal_ratio>1</stomatal_ratio><bc_oneside>1.420<type>2</type><table>"/Sys/Lib/StdBLCTable"</table><area>6</area><slope>-0.219565</slope><offset>2.73739</offset><fan>5</fan></bc_oneside></bc_total></comps></open>
<open><prompts><onlog>off</onlog><items>"Default (none)"</items></prompts></open>
<open><constants><oxygen>21 %</oxygen><bb_vapor>1.5</bb_vapor><bb_oxy>0.9</bb_oxy></constants></open>
<open><stability><items>"Std Stability"<items[1]><id>-2</id><size>15</size><pcv><onoff>0</onoff><value>1</value></pcv><std><onoff>0</onoff><value>1</value></std><slp><onoff>1</onoff><value>1</value></slp></items[1]><items[2]><id>-5</id><size>15</size><pcv><onoff>0</onoff><value>1</value></pcv><std><onoff>0</onoff><value>1</value></std><slp><onoff>1</onoff><value>1</value></slp></items[2]><items[3]><id>-7</id><size>15</size><pcv><onoff>0</onoff><value>1</value></pcv><std><onoff>0</onoff><value>1</value></std><slp><onoff>1</onoff><value>1</value></slp></items[3]></items></stability></open>
<open><log><format>"StdLogFmt_6.0"<items>{ -35 -21 -36 -76 30 23 36 21 25 221 -33 111 -34 11 -9 -10 -8 -1 -2 -4 -5 -14 -15 -7 -12 -13 -11 -65 -66 -72 -18 -19 -77 -78 -79 -23  }<hdr>{  }</hdr></items></format><options><beep>on</beep><hdr>normal</hdr><rem>normal</rem><stab>no</stab><stats>no<mean>no</mean><file>no</file><period>15</period></stats><excel>yes</excel><controls>yes</controls><comm>no</comm></options><datafile>"/User/062316-stm-vaoc5"</datafile><button><action>"Normal Log"<code>" LogOneObsManual "</code></action></button><autoprog>"/User/Configs/AutoProgs/AutoLog2"<active>no</active></autoprog></log></open>
<open><a2d><avgtime>4.0 secs</avgtime><userchans><ch20>"Off"</ch20><ch21>"Off"</ch21><ch22>"Off"</ch22><ch23>"Off"</ch23></userchans></a2d></open>
<open><matching><type>0</type><disp>'a'</disp><settings><CO2Limit>10.0</CO2Limit><H2OLimit>1.0</H2OLimit><MaxAutoTime>60</MaxAutoTime></settings></matching></open>
<li6400><factory><unit>"PSC-3840"</unit><serviced>"1 Jul 2013"</serviced><fuseaware>0</fuseaware><co2mixer>yes</co2mixer><co2><coeffs>{ 0 0.213319 2.22998e-05 2.13159e-08 -3.88664e-12 3.69888e-16  }</coeffs><dvdt>-4.7</dvdt><xs>{ 0.0009 -0.0002  }</xs></co2><h2o><coeffs>{ 0 0.00572751 2.23485e-06 -7.37877e-12  }</coeffs><dvdt>-1.7</dvdt><xs>{ 0.0009 -0.0028  }</xs></h2o><flow>{ 0 0.3568  }</flow><press>{ 88.437 0.00551  }</press></factory></li6400>
<li6400><user><flow_zero>-820.3</flow_zero><irga_zero><co2>468.8 234.4<at>18.1598</at></co2><h2o>78.1 156.2<at>17.1607</at></h2o></irga_zero><irga_span><co2>{ 0.99237 0.992833  }</co2><h2o>{ 1.00426 0.996799  }</h2o></irga_span><irga_match><co2>{ 0.940565 -3.36555  }</co2><h2o>{ 0.00477181 -0.582187  }</h2o></irga_match><co2_mixer><pump_mv>4500</pump_mv><ppm>{ 2938.24 1287.24 480.57 287.911 131.964 79.0122 54.4649 48.1774  }</ppm><mv>{ 5000 3000 1500 1000 500 300 200 100  }</mv></co2_mixer><parin_offset>0</parin_offset><led_cal><unit>"SI-3781"</unit><mv>{ 10 25 50 100 1000 2000 3000 4000 5000  }</mv><qntm>{ 4.69642 15.4417 35.4805 82.2863 972.665 1922.29 2824.32 3690.14 4518.2  }</qntm></led_cal><lcf_cal><unit>"unknown"</unit><red><mv>{ 50 100 500 1000 1500 5000  }</mv><qntm>{ 50 100 500 1000 2000 5000  }</qntm></red><blue><mv>{ 100 200 500 1000 2000 5000  }</mv><qntm>{ 10 20 50 100 200 500  }</qntm></blue></lcf_cal></user></li6400>
"10:57:47 "
$STARTOFDATA$
"Obs"	"HHMMSS"	"FTime"	"EBal?"	"Photo"	"Cond"	"Ci"	"Trmmol"	"VpdL"	"CTleaf"	"Area"	"BLC_1"	"StmRat"	"BLCond"	"Tair"	"Tleaf"	"TBlk"	"CO2R"	"CO2S"	"H2OR"	"H2OS"	"RH_R"	"RH_S"	"Flow"	"PARi"	"PARo"	"Press"	"CsMch"	"HsMch"	"StableF"	"BLCslope"	"BLCoffst"	"f_parin"	"f_parout"	"alphaK"	"Status"
"11:09:36 Flow: Fixed -> 400 umol/s"
"11:10:20 Flow: Fixed -> 350 umol/s"
"11:12:22 Flow: Fixed -> 350 umol/s"
1	"11:12:52"	1016.0	0	6.12	0.0833	262	0.875	0.783	8.58	6	1.42	1	2.84	2.56	8.58	0.05	399.20	388.15	3.113	4.604	30.88	45.68	350.5	1700	9	73.17	-3.52	0.126	1.0	-0.22	2.74	1.00	0.00	0.16	111115
2	"11:12:52"	1016.5	0	6.14	0.0832	262	0.875	0.784	8.59	6	1.42	1	2.84	2.56	8.59	0.05	399.22	388.13	3.113	4.604	30.89	45.67	350.5	1700	9	73.17	-3.52	0.126	1.0	-0.22	2.74	1.00	0.00	0.16	111115
3	"11:12:53"	1016.5	0	6.14	0.0832	262	0.875	0.784	8.59	6	1.42	1	2.84	2.56	8.59	0.05	399.22	388.13	3.113	4.604	30.89	45.67	350.5	1700	9	73.17	-3.52	0.126	1.0	-0.22	2.74	1.00	0.00	0.16	111115
4	"11:12:53"	1016.5	0	6.14	0.0832	262	0.875	0.784	8.59	6	1.42	1	2.84	2.56	8.59	0.05	399.22	388.13	3.113	4.604	30.89	45.67	350.5	1700	9	73.17	-3.52	0.126	1.0	-0.22	2.74	1.00	0.00	0.16	111115
5	"11:12:54"	1017.0	0	6.12	0.0833	262	0.875	0.783	8.58	6	1.42	1	2.84	2.56	8.58	0.05	399.24	388.17	3.113	4.604	30.89	45.68	350.5	1700	9	73.17	-3.52	0.126	1.0	-0.22	2.74	1.00	0.00	0.16	111115
6	"11:12:54"	1017.5	0	6.11	0.0833	262	0.875	0.783	8.58	6	1.42	1	2.84	2.56	8.58	0.05	399.24	388.20	3.114	4.604	30.89	45.68	350.5	1700	9	73.17	-3.52	0.126	1.0	-0.22	2.74	1.00	0.00	0.16	111115
7	"11:12:54"	1018.0	0	6.12	0.0833	262	0.875	0.783	8.58	6	1.42	1	2.84	2.56	8.58	0.05	399.25	388.19	3.114	4.605	30.89	45.69	350.5	1700	10	73.17	-3.52	0.126	1.0	-0.22	2.74	1.00	0.00	0.16	111115
8	"11:12:55"	1018.5	0	6.13	0.0834	262	0.875	0.783	8.58	6	1.42	1	2.84	2.56	8.58	0.05	399.25	388.17	3.113	4.605	30.89	45.69	350.5	1700	10	73.17	-3.52	0.126	1.0	-0.22	2.74	1.00	0.00	0.16	111115
9	"11:12:55"	1019.0	0	6.1	0.0833	262	0.875	0.784	8.59	6	1.42	1	2.84	2.56	8.59	0.05	399.22	388.19	3.114	4.605	30.90	45.69	350.5	1700	9	73.17	-3.52	0.126	1.0	-0.22	2.74	1.00	0.00	0.16	111115
10	"11:12:56"	1019.5	0	6.09	0.0833	263	0.876	0.784	8.59	6	1.42	1	2.84	2.56	8.59	0.05	399.19	388.19	3.113	4.606	30.89	45.70	350.6	1700	9	73.17	-3.52	0.126	1.0	-0.22	2.74	1.00	0.00	0.16	111115
11	"11:12:57"	1020.0	0	6.07	0.0834	263	0.876	0.784	8.59	6	1.42	1	2.84	2.56	8.59	0.05	399.19	388.23	3.114	4.607	30.89	45.70	350.6	1700	9	73.17	-3.52	0.126	1.0	-0.22	2.74	1.00	0.00	0.16	111115
12	"11:12:57"	1020.5	0	6.07	0.0833	263	0.876	0.784	8.59	6	1.42	1	2.84	2.56	8.59	0.05	399.18	388.22	3.114	4.606	30.89	45.70	350.6	1700	9	73.17	-3.52	0.126	1.0	-0.22	2.74	1.00	0.00	0.16	111115
13	"11:12:58"	1021.0	0	6.07	0.0834	263	0.876	0.784	8.59	6	1.42	1	2.84	2.56	8.59	0.05	399.18	388.21	3.114	4.606	30.89	45.70	350.6	1700	9	73.17	-3.52	0.126	1.0	-0.22	2.74	1.00	0.00	0.16	111115
14	"11:12:58"	1021.5	0	6.04	0.0833	264	0.876	0.784	8.59	6	1.42	1	2.84	2.56	8.59	0.05	399.14	388.22	3.114	4.606	30.89	45.70	350.6	1700	9	73.17	-3.52	0.126	1.0	-0.22	2.74	1.00	0.00	0.16	111115
15	"11:12:59"	1022.0	0	6.04	0.0834	264	0.877	0.784	8.59	6	1.42	1	2.84	2.56	8.59	0.05	399.13	388.21	3.113	4.607	30.88	45.71	350.6	1700	9	73.17	-3.52	0.126	1.0	-0.22	2.74	1.00	0.00	0.16	111115
"11:13:13 Coolers: Tblock -> 5.00 C"
"11:18:29 Flow: Fixed -> 350 umol/s"
"11:21:10 Flow: Fixed -> 350 umol/s"
16	"11:21:40"	1544.0	0	7.4	0.111	269	1.45	0.983	11.41	6	1.42	1	2.84	6.80	11.41	5.13	399.84	386.21	2.597	5.070	19.16	37.41	350.5	1701	10	73.2	-3.65	0.115	1.0	-0.22	2.74	1.00	0.00	0.16	111115
17	"11:21:41"	1544.0	0	7.4	0.111	269	1.45	0.983	11.41	6	1.42	1	2.84	6.80	11.41	5.13	399.84	386.21	2.597	5.070	19.16	37.41	350.5	1701	10	73.2	-3.65	0.115	1.0	-0.22	2.74	1.00	0.00	0.16	111115
18	"11:21:41"	1544.5	0	7.43	0.111	269	1.45	0.982	11.40	6	1.42	1	2.84	6.80	11.40	5.13	399.86	386.18	2.596	5.071	19.16	37.42	350.5	1701	10	73.2	-3.65	0.115	1.0	-0.22	2.74	1.00	0.00	0.16	111115
19	"11:21:42"	1545.0	0	7.41	0.111	269	1.45	0.981	11.39	6	1.42	1	2.84	6.80	11.39	5.13	399.87	386.22	2.597	5.072	19.16	37.43	350.5	1701	10	73.2	-3.65	0.115	1.0	-0.22	2.74	1.00	0.00	0.16	111115
20	"11:21:42"	1545.5	0	7.41	0.111	269	1.45	0.981	11.39	6	1.42	1	2.84	6.80	11.39	5.13	399.88	386.24	2.596	5.072	19.16	37.43	350.6	1701	10	73.2	-3.65	0.115	1.0	-0.22	2.74	1.00	0.00	0.16	111115
21	"11:21:43"	1546.0	0	7.41	0.112	269	1.45	0.98	11.38	6	1.42	1	2.84	6.80	11.38	5.13	399.88	386.23	2.597	5.073	19.16	37.44	350.6	1701	10	73.2	-3.65	0.115	1.0	-0.22	2.74	1.00	0.00	0.16	111115
22	"11:21:43"	1546.5	0	7.4	0.112	270	1.46	0.979	11.37	6	1.42	1	2.84	6.80	11.37	5.13	399.86	386.23	2.597	5.075	19.16	37.45	350.6	1701	10	73.2	-3.65	0.115	1.0	-0.22	2.74	1.00	0.00	0.16	111115
23	"11:21:44"	1547.0	0	7.4	0.112	270	1.46	0.978	11.37	6	1.42	1	2.84	6.80	11.37	5.13	399.87	386.24	2.597	5.075	19.16	37.45	350.6	1701	10	73.2	-3.65	0.115	1.0	-0.22	2.74	1.00	0.00	0.16	111115
24	"11:21:44"	1547.5	0	7.39	0.112	270	1.46	0.978	11.36	6	1.42	1	2.84	6.80	11.36	5.13	399.85	386.24	2.596	5.076	19.16	37.46	350.6	1701	10	73.2	-3.65	0.115	1.0	-0.22	2.74	1.00	0.00	0.16	111115
25	"11:21:45"	1548.0	0	7.38	0.112	270	1.46	0.977	11.35	6	1.42	1	2.84	6.80	11.35	5.13	399.86	386.26	2.597	5.077	19.16	37.47	350.6	1701	10	73.2	-3.65	0.115	1.0	-0.22	2.74	1.00	0.00	0.16	111115
26	"11:21:45"	1548.5	0	7.35	0.112	271	1.46	0.977	11.35	6	1.42	1	2.84	6.80	11.35	5.13	399.83	386.29	2.598	5.077	19.17	37.47	350.6	1701	10	73.2	-3.65	0.115	1.0	-0.22	2.74	1.00	0.00	0.16	111115
27	"11:21:46"	1549.0	0	7.37	0.112	271	1.46	0.977	11.35	6	1.42	1	2.84	6.80	11.35	5.13	399.83	386.27	2.598	5.078	19.17	37.47	350.6	1701	10	73.2	-3.65	0.115	1.0	-0.22	2.74	1.00	0.00	0.16	111115
28	"11:21:46"	1549.5	0	7.37	0.112	271	1.46	0.976	11.35	6	1.42	1	2.84	6.80	11.35	5.13	399.86	386.28	2.599	5.079	19.17	37.48	350.6	1701	10	73.2	-3.65	0.115	1.0	-0.22	2.74	1.00	0.00	0.16	111115
29	"11:21:47"	1550.0	0	7.4	0.112	270	1.46	0.976	11.35	6	1.42	1	2.84	6.80	11.35	5.13	399.87	386.24	2.598	5.080	19.17	37.49	350.6	1701	10	73.2	-3.65	0.115	1.0	-0.22	2.74	1.00	0.00	0.16	111115
30	"11:21:47"	1550.5	0	7.4	0.112	270	1.46	0.977	11.35	6	1.42	1	2.84	6.80	11.35	5.13	399.89	386.26	2.598	5.080	19.17	37.49	350.6	1701	10	73.2	-3.65	0.115	1.0	-0.22	2.74	1.00	0.00	0.16	111115
"11:21:59 Coolers: Tblock -> 10.00 C"
"11:24:56 Flow: Fixed -> 350 umol/s"
31	"11:25:14"	1757.5	0	8.02	0.129	273	1.82	1.07	13.45	6	1.42	1	2.84	10.72	13.45	10.03	399.79	384.86	3.498	6.588	19.79	37.28	350.5	1699	9	73.2	-3.89	0.0914	1.0	-0.22	2.74	1.00	0.00	0.16	111115
32	"11:25:15"	1757.5	0	8.02	0.129	273	1.82	1.07	13.45	6	1.42	1	2.84	10.72	13.45	10.03	399.79	384.86	3.498	6.588	19.79	37.28	350.5	1699	9	73.2	-3.89	0.0914	1.0	-0.22	2.74	1.00	0.00	0.16	111115
33	"11:25:15"	1758.0	0	8.03	0.129	273	1.82	1.07	13.45	6	1.42	1	2.84	10.72	13.45	10.02	399.77	384.82	3.497	6.589	19.79	37.28	350.5	1699	9	73.2	-3.89	0.0914	1.0	-0.22	2.74	1.00	0.00	0.16	111115
34	"11:25:15"	1758.5	0	8.05	0.129	273	1.82	1.07	13.45	6	1.42	1	2.84	10.72	13.45	10.02	399.80	384.82	3.498	6.591	19.79	37.29	350.5	1699	9	73.2	-3.89	0.0914	1.0	-0.22	2.74	1.00	0.00	0.16	111115
35	"11:25:16"	1759.0	0	8.07	0.129	273	1.82	1.06	13.44	6	1.42	1	2.84	10.73	13.44	10.02	399.81	384.80	3.498	6.592	19.79	37.30	350.5	1699	9	73.19	-3.89	0.0914	1.0	-0.22	2.74	1.00	0.00	0.16	111115
36	"11:25:17"	1759.5	0	8.07	0.129	273	1.82	1.06	13.44	6	1.42	1	2.84	10.73	13.44	10.02	399.83	384.81	3.498	6.593	19.79	37.30	350.5	1699	9	73.19	-3.89	0.0914	1.0	-0.22	2.74	1.00	0.00	0.16	111115
37	"11:25:17"	1760.0	0	8.07	0.129	273	1.82	1.06	13.44	6	1.42	1	2.84	10.73	13.44	10.02	399.86	384.84	3.498	6.595	19.79	37.31	350.5	1699	9	73.19	-3.89	0.0914	1.0	-0.22	2.74	1.00	0.00	0.16	111115
38	"11:25:18"	1760.5	0	8.11	0.129	273	1.82	1.06	13.45	6	1.42	1	2.84	10.73	13.45	10.03	399.89	384.80	3.497	6.597	19.78	37.32	350.5	1699	9	73.19	-3.89	0.0914	1.0	-0.22	2.74	1.00	0.00	0.16	111115
39	"11:25:18"	1761.0	0	8.14	0.129	272	1.82	1.07	13.45	6	1.42	1	2.84	10.73	13.45	10.03	399.94	384.80	3.497	6.598	19.78	37.32	350.5	1699	9	73.19	-3.89	0.0914	1.0	-0.22	2.74	1.00	0.00	0.16	111115
40	"11:25:19"	1761.5	0	8.15	0.129	272	1.82	1.07	13.46	6	1.42	1	2.84	10.73	13.46	10.03	399.96	384.81	3.497	6.599	19.78	37.32	350.5	1699	9	73.19	-3.89	0.0914	1.0	-0.22	2.74	1.00	0.00	0.16	111115
41	"11:25:19"	1762.0	0	8.16	0.129	272	1.82	1.07	13.47	6	1.42	1	2.84	10.73	13.47	10.03	399.98	384.82	3.497	6.600	19.78	37.32	350.5	1699	9	73.19	-3.89	0.0914	1.0	-0.22	2.74	1.00	0.00	0.16	111115
42	"11:25:20"	1762.5	0	8.16	0.129	272	1.83	1.07	13.47	6	1.42	1	2.84	10.73	13.47	10.03	399.97	384.80	3.497	6.601	19.77	37.32	350.5	1699	9	73.19	-3.89	0.0914	1.0	-0.22	2.74	1.00	0.00	0.16	111115
43	"11:25:20"	1763.0	0	8.17	0.129	272	1.83	1.07	13.48	6	1.42	1	2.84	10.74	13.48	10.03	399.97	384.79	3.497	6.604	19.77	37.34	350.5	1699	9	73.19	-3.89	0.0914	1.0	-0.22	2.74	1.00	0.00	0.16	111115
44	"11:25:21"	1763.5	0	8.16	0.129	272	1.83	1.07	13.49	6	1.42	1	2.84	10.74	13.49	10.03	399.97	384.79	3.498	6.606	19.78	37.35	350.5	1699	9	73.19	-3.89	0.0914	1.0	-0.22	2.74	1.00	0.00	0.16	111115
45	"11:25:21"	1764.0	0	8.19	0.129	271	1.83	1.07	13.50	6	1.42	1	2.84	10.74	13.50	10.03	399.98	384.75	3.498	6.607	19.78	37.35	350.5	1699	9	73.19	-3.89	0.0914	1.0	-0.22	2.74	1.00	0.00	0.16	111115
"11:25:29 Coolers: Tblock -> 15.00 C"
"11:30:06 Flow: Fixed -> 350 umol/s"
46	"11:30:33"	2076.5	0	9.48	0.161	275	2.67	1.26	16.55	6	1.42	1	2.84	15.17	16.55	15.10	400.58	382.60	4.046	8.580	17.11	36.28	350.6	1701	7	73.19	-3.78	0.0594	1.0	-0.22	2.74	1.00	0.00	0.16	111115
47	"11:30:33"	2076.5	0	9.48	0.161	275	2.67	1.26	16.55	6	1.42	1	2.84	15.17	16.55	15.10	400.58	382.60	4.046	8.580	17.11	36.28	350.6	1701	7	73.19	-3.78	0.0594	1.0	-0.22	2.74	1.00	0.00	0.16	111115
48	"11:30:34"	2077.0	0	9.49	0.161	274	2.67	1.26	16.55	6	1.42	1	2.84	15.18	16.55	15.10	400.59	382.59	4.046	8.581	17.11	36.28	350.6	1701	7	73.19	-3.78	0.0594	1.0	-0.22	2.74	1.00	0.00	0.16	111115
49	"11:30:34"	2077.5	0	9.49	0.161	274	2.67	1.26	16.56	6	1.42	1	2.84	15.18	16.56	15.10	400.58	382.58	4.047	8.583	17.11	36.29	350.6	1701	7	73.19	-3.78	0.0594	1.0	-0.22	2.74	1.00	0.00	0.16	111115
50	"11:30:35"	2078.0	0	9.5	0.161	274	2.68	1.26	16.56	6	1.42	1	2.84	15.18	16.56	15.10	400.60	382.59	4.046	8.586	17.11	36.30	350.6	1701	7	73.19	-3.78	0.0594	1.0	-0.22	2.74	1.00	0.00	0.16	111115
51	"11:30:35"	2078.5	0	9.49	0.161	275	2.68	1.26	16.56	6	1.42	1	2.84	15.18	16.56	15.10	400.59	382.61	4.047	8.588	17.11	36.31	350.6	1701	7	73.19	-3.78	0.0594	1.0	-0.22	2.74	1.00	0.00	0.16	111115
52	"11:30:36"	2079.0	0	9.47	0.161	275	2.68	1.26	16.57	6	1.42	1	2.84	15.18	16.57	15.10	400.59	382.63	4.047	8.590	17.11	36.31	350.6	1701	7	73.19	-3.78	0.0594	1.0	-0.22	2.74	1.00	0.00	0.16	111115
53	"11:30:36"	2079.5	0	9.45	0.161	275	2.68	1.26	16.57	6	1.42	1	2.84	15.18	16.57	15.10	400.59	382.66	4.047	8.592	17.11	36.32	350.6	1701	7	73.19	-3.78	0.0594	1.0	-0.22	2.74	1.00	0.00	0.16	111115
54	"11:30:37"	2080.5	0	9.48	0.161	275	2.68	1.26	16.57	6	1.42	1	2.84	15.18	16.57	15.10	400.63	382.64	4.047	8.594	17.11	36.32	350.6	1701	7	73.19	-3.78	0.0594	1.0	-0.22	2.74	1.00	0.00	0.16	111115
55	"11:30:37"	2080.5	0	9.48	0.161	275	2.68	1.26	16.57	6	1.42	1	2.84	15.18	16.57	15.10	400.63	382.64	4.047	8.594	17.11	36.32	350.6	1701	7	73.19	-3.78	0.0594	1.0	-0.22	2.74	1.00	0.00	0.16	111115
56	"11:30:38"	2081.0	0	9.5	0.161	275	2.68	1.26	16.57	6	1.42	1	2.84	15.18	16.57	15.10	400.64	382.64	4.047	8.596	17.10	36.33	350.6	1701	7	73.19	-3.78	0.0594	1.0	-0.22	2.74	1.00	0.00	0.16	111115
57	"11:30:38"	2081.5	0	9.5	0.162	275	2.68	1.26	16.57	6	1.42	1	2.84	15.18	16.57	15.10	400.64	382.62	4.047	8.598	17.10	36.34	350.6	1701	7	73.19	-3.78	0.0594	1.0	-0.22	2.74	1.00	0.00	0.16	111115
58	"11:30:39"	2082.0	0	9.48	0.161	275	2.68	1.26	16.56	6	1.42	1	2.84	15.18	16.56	15.10	400.59	382.61	4.047	8.598	17.11	36.34	350.6	1701	7	73.19	-3.78	0.0594	1.0	-0.22	2.74	1.00	0.00	0.16	111115
59	"11:30:39"	2082.5	0	9.47	0.162	275	2.68	1.26	16.56	6	1.42	1	2.84	15.18	16.56	15.10	400.59	382.63	4.048	8.599	17.11	36.34	350.6	1701	7	73.19	-3.78	0.0594	1.0	-0.22	2.74	1.00	0.00	0.16	111115
60	"11:30:40"	2083.0	0	9.46	0.162	275	2.68	1.26	16.56	6	1.42	1	2.84	15.18	16.56	15.10	400.60	382.64	4.048	8.601	17.11	36.35	350.6	1701	7	73.19	-3.78	0.0594	1.0	-0.22	2.74	1.00	0.00	0.16	111115
"11:30:50 Coolers: Tblock -> 20.00 C"
"11:35:40 Flow: Fixed -> 350 umol/s"
61	"11:36:02"	2406.0	0	10	0.167	269	3.28	1.49	19.72	6	1.42	1	2.84	19.53	19.72	19.98	399.64	380.31	5.666	11.213	18.19	36.00	350.6	1701	5	73.18	-3.45	0.0299	1.0	-0.22	2.74	1.00	0.00	0.16	111115
62	"11:36:03"	2406.5	0	10	0.167	269	3.28	1.49	19.73	6	1.42	1	2.84	19.53	19.73	19.98	399.65	380.34	5.666	11.214	18.19	35.99	350.6	1701	5	73.18	-3.45	0.0299	1.0	-0.22	2.74	1.00	0.00	0.16	111115
63	"11:36:03"	2407.0	0	10	0.167	269	3.28	1.49	19.73	6	1.42	1	2.84	19.54	19.73	19.98	399.64	380.34	5.667	11.215	18.19	36.00	350.6	1701	6	73.18	-3.45	0.0299	1.0	-0.22	2.74	1.00	0.00	0.16	111115
64	"11:36:04"	2407.5	0	10	0.167	269	3.28	1.49	19.73	6	1.42	1	2.84	19.54	19.73	19.99	399.64	380.32	5.667	11.215	18.19	35.99	350.6	1700	6	73.18	-3.45	0.0299	1.0	-0.22	2.74	1.00	0.00	0.16	111115
65	"11:36:04"	2407.5	0	10	0.167	269	3.28	1.49	19.73	6	1.42	1	2.84	19.54	19.73	19.99	399.64	380.32	5.667	11.215	18.19	35.99	350.6	1700	6	73.18	-3.45	0.0299	1.0	-0.22	2.74	1.00	0.00	0.16	111115
66	"11:36:05"	2408.5	0	10	0.167	269	3.28	1.49	19.73	6	1.42	1	2.84	19.54	19.73	19.99	399.63	380.34	5.668	11.214	18.19	35.99	350.5	1700	6	73.18	-3.45	0.0299	1.0	-0.22	2.74	1.00	0.00	0.16	111115
67	"11:36:05"	2409.0	0	10	0.167	269	3.28	1.49	19.73	6	1.42	1	2.84	19.54	19.73	19.99	399.65	380.37	5.668	11.214	18.19	35.98	350.5	1700	6	73.18	-3.45	0.0299	1.0	-0.22	2.74	1.00	0.00	0.16	111115
68	"11:36:06"	2409.5	0	9.99	0.167	269	3.28	1.49	19.73	6	1.42	1	2.84	19.54	19.73	19.99	399.64	380.40	5.669	11.212	18.19	35.98	350.5	1700	6	73.18	-3.45	0.0299	1.0	-0.22	2.74	1.00	0.00	0.16	111115
69	"11:36:06"	2409.5	0	9.99	0.167	269	3.28	1.49	19.73	6	1.42	1	2.84	19.54	19.73	19.99	399.64	380.40	5.669	11.212	18.19	35.98	350.5	1700	6	73.18	-3.45	0.0299	1.0	-0.22	2.74	1.00	0.00	0.16	111115
70	"11:36:07"	2410.0	0	10	0.167	269	3.28	1.49	19.73	6	1.42	1	2.84	19.54	19.73	19.99	399.65	380.39	5.669	11.213	18.19	35.98	350.5	1700	6	73.18	-3.45	0.0299	1.0	-0.22	2.74	1.00	0.00	0.16	111115
71	"11:36:07"	2410.5	0	10	0.167	269	3.28	1.49	19.73	6	1.42	1	2.84	19.54	19.73	19.99	399.66	380.37	5.669	11.213	18.19	35.97	350.5	1700	6	73.18	-3.45	0.0299	1.0	-0.22	2.74	1.00	0.00	0.16	111115
72	"11:36:08"	2411.0	0	10	0.167	269	3.28	1.49	19.73	6	1.42	1	2.84	19.54	19.73	19.99	399.67	380.39	5.669	11.212	18.19	35.97	350.6	1700	6	73.18	-3.45	0.0299	1.0	-0.22	2.74	1.00	0.00	0.16	111115
73	"11:36:08"	2411.5	0	10	0.167	269	3.28	1.49	19.73	6	1.42	1	2.84	19.54	19.73	19.98	399.68	380.38	5.669	11.213	18.19	35.97	350.6	1700	6	73.18	-3.45	0.0299	1.0	-0.22	2.74	1.00	0.00	0.16	111115
74	"11:36:09"	2412.5	0	10	0.167	269	3.28	1.49	19.74	6	1.42	1	2.84	19.55	19.74	19.98	399.70	380.39	5.668	11.212	18.18	35.97	350.6	1700	6	73.18	-3.45	0.0299	1.0	-0.22	2.74	1.00	0.00	0.16	111115
75	"11:36:09"	2412.5	0	10	0.167	269	3.28	1.49	19.74	6	1.42	1	2.84	19.55	19.74	19.98	399.70	380.39	5.668	11.212	18.18	35.97	350.6	1700	6	73.18	-3.45	0.0299	1.0	-0.22	2.74	1.00	0.00	0.16	111115
"11:36:18 Coolers: Tblock -> 25.00 C"
"11:41:25 Flow: Fixed -> 350 umol/s"
76	"11:41:49"	2752.5	0	9.64	0.126	242	3.08	1.82	23.12	6	1.42	1	2.84	24.09	23.12	25.05	401.09	382.58	8.728	13.920	21.21	33.83	350.6	1700	5	73.18	-3.16	-0.00946	1.0	-0.22	2.74	1.00	0.00	0.16	111115
77	"11:41:50"	2753.0	0	9.66	0.125	242	3.07	1.82	23.13	6	1.42	1	2.84	24.09	23.13	25.05	401.11	382.56	8.728	13.917	21.21	33.82	350.6	1700	5	73.18	-3.16	-0.00946	1.0	-0.22	2.74	1.00	0.00	0.16	111115
78	"11:41:50"	2753.5	0	9.63	0.125	242	3.07	1.82	23.13	6	1.42	1	2.84	24.09	23.13	25.05	401.06	382.56	8.727	13.914	21.21	33.81	350.5	1700	5	73.18	-3.16	-0.00946	1.0	-0.22	2.74	1.00	0.00	0.16	111115
79	"11:41:51"	2754.0	0	9.62	0.125	242	3.07	1.82	23.13	6	1.42	1	2.84	24.09	23.13	25.05	401.06	382.58	8.728	13.912	21.21	33.80	350.5	1700	5	73.18	-3.16	-0.00946	1.0	-0.22	2.74	1.00	0.00	0.16	111115
80	"11:41:51"	2754.5	0	9.63	0.125	242	3.07	1.82	23.13	6	1.42	1	2.84	24.09	23.13	25.05	401.07	382.58	8.729	13.911	21.21	33.80	350.5	1700	5	73.18	-3.16	-0.00946	1.0	-0.22	2.74	1.00	0.00	0.16	111115
81	"11:41:52"	2755.0	0	9.63	0.125	242	3.07	1.82	23.13	6	1.42	1	2.84	24.10	23.13	25.05	401.08	382.59	8.729	13.909	21.21	33.79	350.6	1700	5	73.18	-3.16	-0.00946	1.0	-0.22	2.74	1.00	0.00	0.16	111115
82	"11:41:52"	2755.5	0	9.63	0.125	242	3.07	1.82	23.13	6	1.42	1	2.84	24.10	23.13	25.05	401.08	382.60	8.729	13.908	21.21	33.79	350.6	1700	5	73.18	-3.16	-0.00946	1.0	-0.22	2.74	1.00	0.00	0.16	111115
83	"11:41:53"	2755.5	0	9.63	0.125	242	3.07	1.82	23.13	6	1.42	1	2.84	24.10	23.13	25.05	401.08	382.60	8.729	13.908	21.21	33.79	350.6	1700	5	73.18	-3.16	-0.00946	1.0	-0.22	2.74	1.00	0.00	0.16	111115
84	"11:41:53"	2756.5	0	9.61	0.125	242	3.07	1.83	23.14	6	1.42	1	2.84	24.10	23.14	25.05	401.08	382.63	8.729	13.903	21.20	33.77	350.6	1700	6	73.18	-3.16	-0.00946	1.0	-0.22	2.74	1.00	0.00	0.16	111115
85	"11:41:54"	2756.5	0	9.61	0.125	242	3.07	1.83	23.14	6	1.42	1	2.84	24.10	23.14	25.05	401.08	382.63	8.729	13.903	21.20	33.77	350.6	1700	6	73.18	-3.16	-0.00946	1.0	-0.22	2.74	1.00	0.00	0.16	111115
86	"11:41:54"	2757.0	0	9.62	0.125	242	3.06	1.83	23.14	6	1.42	1	2.84	24.10	23.14	25.05	401.08	382.62	8.728	13.901	21.20	33.76	350.6	1700	5	73.18	-3.16	-0.00946	1.0	-0.22	2.74	1.00	0.00	0.16	111115
87	"11:41:55"	2757.5	0	9.62	0.125	242	3.06	1.83	23.14	6	1.42	1	2.84	24.10	23.14	25.05	401.10	382.63	8.729	13.901	21.20	33.76	350.6	1700	5	73.18	-3.16	-0.00946	1.0	-0.22	2.74	1.00	0.00	0.16	111115
88	"11:41:55"	2758.0	0	9.64	0.125	242	3.06	1.83	23.15	6	1.42	1	2.84	24.10	23.15	25.05	401.14	382.63	8.729	13.899	21.20	33.76	350.6	1700	5	73.18	-3.16	-0.00946	1.0	-0.22	2.74	1.00	0.00	0.16	111115
89	"11:41:56"	2758.5	0	9.63	0.125	242	3.06	1.83	23.15	6	1.42	1	2.84	24.10	23.15	25.05	401.13	382.64	8.729	13.898	21.20	33.76	350.6	1700	5	73.18	-3.16	-0.00946	1.0	-0.22	2.74	1.00	0.00	0.16	111115
90	"11:41:56"	2759.0	0	9.62	0.125	242	3.06	1.83	23.15	6	1.42	1	2.84	24.10	23.15	25.05	401.13	382.65	8.728	13.897	21.20	33.76	350.6	1700	5	73.18	-3.16	-0.00946	1.0	-0.22	2.74	1.00	0.00	0.16	111115
"11:42:09 Coolers: Tblock -> 30.00 C"
"11:45:43 Flow: Fixed -> 350 umol/s"
91	"11:46:06"	3009.5	0	8.96	0.0988	220	2.57	1.9	25.72	6	1.42	1	2.84	28.36	25.72	30.14	399.20	382.18	15.027	19.337	28.38	36.52	350.5	1699	5	73.17	-3.08	-0.112	1.0	-0.22	2.74	1.00	0.00	0.16	111115
92	"11:46:07"	3010.0	0	8.96	0.0988	220	2.57	1.9	25.72	6	1.42	1	2.84	28.36	25.72	30.14	399.20	382.18	15.028	19.340	28.38	36.52	350.5	1699	5	73.17	-3.08	-0.112	1.0	-0.22	2.74	1.00	0.00	0.16	111115
93	"11:46:07"	3010.5	0	9	0.0988	219	2.57	1.9	25.73	6	1.42	1	2.84	28.36	25.73	30.14	399.22	382.14	15.028	19.341	28.37	36.52	350.5	1699	5	73.17	-3.08	-0.112	1.0	-0.22	2.74	1.00	0.00	0.16	111115
94	"11:46:08"	3011.0	0	9.03	0.0988	219	2.57	1.91	25.73	6	1.42	1	2.84	28.36	25.73	30.14	399.25	382.12	15.028	19.341	28.37	36.52	350.6	1699	5	73.17	-3.08	-0.112	0.7	-0.22	2.74	1.00	0.00	0.16	111115
95	"11:46:08"	3011.0	0	9.03	0.0988	219	2.57	1.91	25.73	6	1.42	1	2.84	28.36	25.73	30.14	399.25	382.12	15.028	19.341	28.37	36.52	350.6	1699	5	73.17	-3.08	-0.112	0.7	-0.22	2.74	1.00	0.00	0.16	111115
96	"11:46:09"	3011.5	0	9.08	0.0988	218	2.57	1.91	25.73	6	1.42	1	2.84	28.36	25.73	30.14	399.30	382.07	15.028	19.342	28.37	36.51	350.6	1699	5	73.17	-3.08	-0.112	0.7	-0.22	2.74	1.00	0.00	0.16	111115
97	"11:46:24"	3027.5	0	8.97	0.0987	219	2.59	1.92	25.84	6	1.42	1	2.84	28.41	25.84	30.14	399.19	382.14	15.036	19.386	28.31	36.50	350.6	1699	5	73.17	-3.08	-0.112	1.0	-0.22	2.74	1.00	0.00	0.16	111115
98	"11:46:24"	3028.0	0	8.97	0.0987	219	2.59	1.92	25.84	6	1.42	1	2.84	28.41	25.84	30.14	399.19	382.14	15.037	19.388	28.31	36.50	350.5	1699	5	73.17	-3.08	-0.112	1.0	-0.22	2.74	1.00	0.00	0.16	111115
99	"11:46:25"	3028.5	0	8.96	0.0988	220	2.59	1.92	25.84	6	1.42	1	2.84	28.41	25.84	30.14	399.20	382.17	15.037	19.392	28.31	36.50	350.5	1699	5	73.17	-3.08	-0.112	1.0	-0.22	2.74	1.00	0.00	0.16	111115
100	"11:46:26"	3029.0	0	9.02	0.0988	219	2.59	1.92	25.84	6	1.42	1	2.84	28.41	25.84	30.14	399.28	382.14	15.038	19.393	28.31	36.50	350.5	1699	5	73.17	-3.08	-0.112	1.0	-0.22	2.74	1.00	0.00	0.16	111115
101	"11:46:26"	3029.5	0	9.01	0.0988	219	2.6	1.92	25.85	6	1.42	1	2.84	28.42	25.85	30.14	399.30	382.17	15.038	19.395	28.30	36.50	350.5	1699	5	73.17	-3.08	-0.112	1.0	-0.22	2.74	1.00	0.00	0.16	111115
102	"11:46:27"	3030.0	0	9.06	0.0988	218	2.6	1.92	25.85	6	1.42	1	2.84	28.42	25.85	30.14	399.35	382.15	15.037	19.395	28.30	36.50	350.5	1699	5	73.17	-3.08	-0.112	1.0	-0.22	2.74	1.00	0.00	0.16	111115
103	"11:46:27"	3030.5	0	9.06	0.0988	218	2.6	1.93	25.85	6	1.42	1	2.84	28.42	25.85	30.14	399.35	382.15	15.036	19.397	28.30	36.50	350.5	1699	5	73.17	-3.08	-0.112	1.0	-0.22	2.74	1.00	0.00	0.16	111115
104	"11:46:28"	3031.0	0	9.07	0.0989	218	2.6	1.93	25.86	6	1.42	1	2.84	28.42	25.86	30.14	399.36	382.14	15.036	19.400	28.30	36.51	350.5	1699	5	73.17	-3.08	-0.112	1.0	-0.22	2.74	1.00	0.00	0.16	111115
105	"11:46:28"	3031.5	0	9.06	0.099	218	2.6	1.93	25.86	6	1.42	1	2.84	28.42	25.86	30.14	399.36	382.15	15.037	19.405	28.30	36.52	350.5	1699	5	73.17	-3.08	-0.112	1.0	-0.22	2.74	1.00	0.00	0.16	111115
106	"11:46:29"	3032.0	0	9.06	0.099	218	2.6	1.93	25.86	6	1.42	1	2.84	28.42	25.86	30.14	399.36	382.15	15.038	19.407	28.30	36.52	350.5	1699	5	73.17	-3.08	-0.112	1.0	-0.22	2.74	1.00	0.00	0.16	111115
107	"11:46:29"	3032.5	0	9.12	0.099	217	2.6	1.93	25.86	6	1.42	1	2.84	28.42	25.86	30.14	399.45	382.14	15.037	19.410	28.29	36.52	350.6	1699	5	73.17	-3.08	-0.112	1.0	-0.22	2.74	1.00	0.00	0.16	111115
108	"11:46:30"	3033.0	0	9.13	0.0991	217	2.61	1.93	25.87	6	1.42	1	2.84	28.42	25.87	30.14	399.49	382.17	15.038	19.413	28.29	36.52	350.6	1699	5	73.17	-3.08	-0.112	1.0	-0.22	2.74	1.00	0.00	0.16	111115
109	"11:46:30"	3033.5	0	9.14	0.0991	217	2.61	1.93	25.87	6	1.42	1	2.84	28.42	25.87	30.14	399.52	382.17	15.039	19.416	28.29	36.53	350.5	1699	5	73.17	-3.08	-0.112	1.0	-0.22	2.74	1.00	0.00	0.16	111115
110	"11:46:31"	3034.0	0	9.16	0.0992	217	2.61	1.93	25.87	6	1.42	1	2.84	28.43	25.87	30.14	399.56	382.18	15.039	19.418	28.29	36.52	350.6	1699	5	73.17	-3.08	-0.112	1.0	-0.22	2.74	1.00	0.00	0.16	111115
111	"11:46:31"	3034.5	0	9.12	0.0992	218	2.61	1.93	25.87	6	1.42	1	2.84	28.43	25.87	30.14	399.52	382.21	15.040	19.419	28.29	36.52	350.5	1699	5	73.17	-3.08	-0.112	1.0	-0.22	2.74	1.00	0.00	0.16	111115
"11:46:42 Coolers: Tblock -> 35.00 C"
"11:53:53 Flow: Fixed -> 350 umol/s"
112	"11:54:21"	3504.5	0	10.4	0.159	251	5.26	2.45	29.73	6	1.42	1	2.84	33.43	29.73	35.02	399.69	378.42	15.005	23.800	21.22	33.65	350.5	1700	5	73.17	-2.23	-0.212	1.0	-0.22	2.74	1.00	0.00	0.16	111115
113	"11:54:21"	3505.0	0	10.5	0.159	251	5.26	2.45	29.73	6	1.42	1	2.84	33.43	29.73	35.02	399.71	378.37	15.006	23.803	21.22	33.66	350.5	1699	6	73.17	-2.23	-0.212	0.7	-0.22	2.74	1.00	0.00	0.16	111115
114	"11:54:22"	3505.5	0	10.5	0.159	251	5.27	2.45	29.73	6	1.42	1	2.84	33.43	29.73	35.02	399.73	378.39	15.005	23.807	21.22	33.67	350.5	1699	5	73.17	-2.23	-0.212	0.7	-0.22	2.74	1.00	0.00	0.16	111115
115	"11:54:51"	3534.5	0	10.4	0.163	253	5.39	2.45	29.80	6	1.42	1	2.84	33.46	29.80	35.02	399.51	378.14	15.013	24.014	21.19	33.89	350.5	1699	6	73.17	-2.23	-0.212	1.0	-0.22	2.74	1.00	0.00	0.16	111115
116	"11:54:51"	3534.5	0	10.4	0.163	253	5.39	2.45	29.80	6	1.42	1	2.84	33.46	29.80	35.02	399.51	378.14	15.013	24.014	21.19	33.89	350.5	1699	6	73.17	-2.23	-0.212	1.0	-0.22	2.74	1.00	0.00	0.16	111115
117	"11:54:52"	3535.0	0	10.5	0.163	252	5.39	2.45	29.80	6	1.42	1	2.84	33.46	29.80	35.02	399.59	378.10	15.014	24.016	21.19	33.89	350.5	1699	6	73.17	-2.23	-0.212	1.0	-0.22	2.74	1.00	0.00	0.16	111115
118	"11:54:52"	3535.5	0	10.6	0.163	252	5.39	2.45	29.79	6	1.42	1	2.84	33.46	29.79	35.02	399.70	378.11	15.014	24.019	21.19	33.89	350.5	1699	6	73.17	-2.23	-0.212	1.0	-0.22	2.74	1.00	0.00	0.16	111115
119	"11:54:53"	3536.0	0	10.6	0.163	252	5.39	2.45	29.79	6	1.42	1	2.84	33.47	29.79	35.02	399.77	378.12	15.013	24.023	21.18	33.90	350.5	1699	6	73.17	-2.23	-0.212	1.0	-0.22	2.74	1.00	0.00	0.16	111115
120	"11:54:53"	3536.5	0	10.6	0.163	251	5.39	2.45	29.79	6	1.42	1	2.84	33.47	29.79	35.02	399.84	378.14	15.013	24.025	21.18	33.90	350.5	1699	6	73.17	-2.23	-0.212	1.0	-0.22	2.74	1.00	0.00	0.16	111115
121	"11:54:54"	3537.0	0	10.7	0.163	251	5.4	2.45	29.79	6	1.42	1	2.84	33.47	29.79	35.02	399.89	378.13	15.014	24.029	21.18	33.90	350.5	1699	6	73.17	-2.23	-0.212	1.0	-0.22	2.74	1.00	0.00	0.16	111115
122	"11:54:54"	3537.5	0	10.7	0.163	251	5.4	2.45	29.79	6	1.42	1	2.84	33.47	29.79	35.02	399.92	378.12	15.013	24.032	21.18	33.91	350.5	1699	6	73.17	-2.23	-0.212	1.0	-0.22	2.74	1.00	0.00	0.16	111115
123	"11:54:55"	3538.0	0	10.7	0.164	251	5.4	2.45	29.79	6	1.42	1	2.84	33.47	29.79	35.02	399.92	378.09	15.013	24.035	21.18	33.91	350.5	1699	6	73.17	-2.23	-0.212	1.0	-0.22	2.74	1.00	0.00	0.16	111115
124	"11:54:55"	3538.5	0	10.7	0.164	251	5.4	2.45	29.79	6	1.42	1	2.84	33.47	29.79	35.02	399.91	378.12	15.013	24.040	21.18	33.92	350.5	1699	6	73.17	-2.23	-0.212	1.0	-0.22	2.74	1.00	0.00	0.16	111115
125	"11:54:56"	3539.0	0	10.6	0.164	252	5.41	2.45	29.79	6	1.42	1	2.84	33.47	29.79	35.02	399.86	378.15	15.012	24.043	21.18	33.92	350.5	1699	6	73.17	-2.23	-0.212	1.0	-0.22	2.74	1.00	0.00	0.16	111115
126	"11:54:56"	3539.5	0	10.6	0.164	252	5.41	2.45	29.79	6	1.42	1	2.84	33.47	29.79	35.02	399.79	378.19	15.012	24.045	21.18	33.92	350.5	1699	6	73.17	-2.23	-0.212	1.0	-0.22	2.74	1.00	0.00	0.16	111115
127	"11:54:57"	3540.0	0	10.5	0.164	253	5.41	2.45	29.79	6	1.42	1	2.84	33.47	29.79	35.02	399.71	378.18	15.012	24.048	21.18	33.93	350.5	1699	6	73.17	-2.23	-0.212	1.0	-0.22	2.74	1.00	0.00	0.16	111115
128	"11:54:57"	3540.5	0	10.5	0.164	253	5.41	2.45	29.79	6	1.42	1	2.84	33.47	29.79	35.02	399.68	378.18	15.012	24.052	21.18	33.93	350.5	1699	6	73.17	-2.23	-0.212	1.0	-0.22	2.74	1.00	0.00	0.16	111115
129	"11:54:58"	3541.0	0	10.5	0.164	253	5.41	2.45	29.78	6	1.42	1	2.84	33.47	29.78	35.02	399.65	378.18	15.012	24.055	21.18	33.94	350.5	1699	6	73.17	-2.23	-0.212	1.0	-0.22	2.74	1.00	0.00	0.16	111115
"11:55:23 Coolers: Tblock -> 40.00 C"
"11:59:34 Flow: Fixed -> 350 umol/s"
130	"11:59:57"	3840.0	0	10.1	0.158	251	6.17	2.88	31.85	6	1.42	1	2.84	37.81	31.85	40.02	400.34	379.02	15.075	25.374	16.74	28.18	350.5	1700	6	73.17	-1.86	-0.284	1.0	-0.22	2.74	1.00	0.00	0.16	111115
131	"11:59:57"	3840.0	0	10.1	0.158	251	6.17	2.88	31.85	6	1.42	1	2.84	37.81	31.85	40.02	400.34	379.02	15.075	25.374	16.74	28.18	350.5	1700	6	73.17	-1.86	-0.284	1.0	-0.22	2.74	1.00	0.00	0.16	111115
132	"11:59:57"	3840.5	0	10.1	0.158	251	6.17	2.88	31.85	6	1.42	1	2.84	37.81	31.85	40.02	400.36	379.04	15.076	25.373	16.74	28.18	350.5	1700	6	73.17	-1.86	-0.284	1.0	-0.22	2.74	1.00	0.00	0.16	111115
133	"11:59:58"	3841.0	0	10.1	0.158	251	6.17	2.88	31.86	6	1.42	1	2.84	37.81	31.86	40.02	400.37	379.05	15.077	25.373	16.74	28.18	350.5	1699	5	73.17	-1.86	-0.284	1.0	-0.22	2.74	1.00	0.00	0.16	111115
134	"11:59:58"	3841.5	0	10.1	0.158	251	6.17	2.88	31.86	6	1.42	1	2.84	37.81	31.86	40.02	400.36	379.06	15.076	25.373	16.74	28.18	350.5	1699	5	73.17	-1.86	-0.284	1.0	-0.22	2.74	1.00	0.00	0.16	111115
135	"11:59:59"	3842.0	0	10.1	0.158	251	6.17	2.88	31.86	6	1.42	1	2.84	37.81	31.86	40.02	400.36	379.08	15.079	25.371	16.75	28.18	350.5	1699	5	73.17	-1.86	-0.284	1.0	-0.22	2.74	1.00	0.00	0.16	111115
136	"11:59:59"	3842.5	0	10.1	0.158	251	6.17	2.88	31.86	6	1.42	1	2.84	37.81	31.86	40.02	400.38	379.10	15.079	25.372	16.75	28.18	350.5	1699	5	73.17	-1.86	-0.284	1.0	-0.22	2.74	1.00	0.00	0.16	111115
137	"12:00:00"	3843.0	0	10.1	0.158	251	6.17	2.88	31.86	6	1.42	1	2.84	37.81	31.86	40.02	400.44	379.13	15.080	25.372	16.75	28.18	350.5	1699	5	73.17	-1.86	-0.284	1.0	-0.22	2.74	1.00	0.00	0.16	111115
138	"12:00:00"	3843.5	0	10.2	0.158	251	6.17	2.88	31.86	6	1.42	1	2.84	37.81	31.86	40.02	400.52	379.12	15.082	25.372	16.75	28.18	350.5	1699	5	73.17	-1.86	-0.284	1.0	-0.22	2.74	1.00	0.00	0.16	111115
139	"12:00:01"	3844.0	0	10.2	0.158	250	6.17	2.88	31.86	6	1.42	1	2.84	37.81	31.86	40.02	400.61	379.15	15.081	25.371	16.75	28.18	350.5	1699	5	73.17	-1.86	-0.284	1.0	-0.22	2.74	1.00	0.00	0.16	111115
140	"12:00:02"	3844.5	0	10.2	0.158	250	6.17	2.88	31.86	6	1.42	1	2.84	37.81	31.86	40.03	400.69	379.16	15.082	25.368	16.75	28.17	350.5	1699	5	73.17	-1.86	-0.284	1.0	-0.22	2.74	1.00	0.00	0.16	111115
141	"12:00:02"	3845.0	0	10.3	0.158	249	6.16	2.88	31.86	6	1.42	1	2.84	37.81	31.86	40.03	400.78	379.16	15.082	25.363	16.75	28.17	350.5	1699	5	73.17	-1.86	-0.284	1.0	-0.22	2.74	1.00	0.00	0.16	111115
142	"12:00:03"	3845.5	0	10.3	0.158	249	6.16	2.88	31.87	6	1.42	1	2.84	37.81	31.87	40.03	400.82	379.18	15.082	25.361	16.75	28.17	350.5	1699	5	73.17	-1.86	-0.284	1.0	-0.22	2.74	1.00	0.00	0.16	111115
143	"12:00:03"	3846.0	0	10.3	0.157	249	6.16	2.88	31.87	6	1.42	1	2.84	37.81	31.87	40.03	400.84	379.20	15.082	25.361	16.75	28.17	350.5	1699	5	73.17	-1.86	-0.284	1.0	-0.22	2.74	1.00	0.00	0.16	111115
144	"12:00:04"	3846.5	0	10.3	0.157	249	6.16	2.89	31.88	6	1.42	1	2.84	37.81	31.88	40.03	400.82	379.22	15.083	25.360	16.75	28.17	350.5	1700	5	73.17	-1.86	-0.284	1.0	-0.22	2.74	1.00	0.00	0.16	111115
"12:00:24 Coolers: Tblock -> 45.00 C"
"12:06:17 Flow: Fixed -> 350 umol/s"
145	"12:06:42"	4246.0	0	8.86	0.136	245	7.13	3.82	35.44	6	1.42	1	2.84	42.27	35.44	44.98	401.08	381.26	15.053	26.934	13.17	23.56	350.4	1699	6	73.16	-1.1	-0.329	1.0	-0.22	2.74	1.00	0.00	0.16	111115
146	"12:06:43"	4246.5	0	8.86	0.136	245	7.13	3.81	35.43	6	1.42	1	2.84	42.28	35.43	44.98	401.09	381.26	15.053	26.936	13.17	23.56	350.4	1699	6	73.16	-1.1	-0.329	1.0	-0.22	2.74	1.00	0.00	0.16	111115
147	"12:06:43"	4247.0	0	8.86	0.136	245	7.13	3.81	35.43	6	1.42	1	2.84	42.28	35.43	44.98	401.11	381.28	15.054	26.938	13.17	23.56	350.4	1699	6	73.16	-1.1	-0.329	1.0	-0.22	2.74	1.00	0.00	0.16	111115
148	"12:06:44"	4247.5	0	8.87	0.136	245	7.13	3.81	35.42	6	1.42	1	2.84	42.28	35.42	44.98	401.12	381.27	15.054	26.940	13.17	23.56	350.4	1699	6	73.16	-1.1	-0.329	1.0	-0.22	2.74	1.00	0.00	0.16	111115
149	"12:06:44"	4248.0	0	8.9	0.136	245	7.14	3.81	35.42	6	1.42	1	2.84	42.28	35.42	44.98	401.16	381.26	15.053	26.941	13.17	23.56	350.4	1699	6	73.16	-1.1	-0.329	1.0	-0.22	2.74	1.00	0.00	0.16	111115
150	"12:06:45"	4248.5	0	8.92	0.136	245	7.14	3.81	35.42	6	1.42	1	2.84	42.28	35.42	44.98	401.21	381.28	15.054	26.942	13.17	23.56	350.4	1699	6	73.16	-1.1	-0.329	1.0	-0.22	2.74	1.00	0.00	0.16	111115
151	"12:06:45"	4249.0	0	8.93	0.136	245	7.14	3.81	35.42	6	1.42	1	2.84	42.28	35.42	44.98	401.24	381.29	15.054	26.942	13.17	23.56	350.4	1699	6	73.16	-1.1	-0.329	1.0	-0.22	2.74	1.00	0.00	0.16	111115
152	"12:06:46"	4249.5	0	8.93	0.136	245	7.14	3.81	35.42	6	1.42	1	2.84	42.28	35.42	44.98	401.24	381.29	15.053	26.942	13.17	23.56	350.4	1699	6	73.16	-1.1	-0.329	1.0	-0.22	2.74	1.00	0.00	0.16	111115
153	"12:06:46"	4250.0	0	8.89	0.136	245	7.14	3.81	35.42	6	1.42	1	2.84	42.28	35.42	44.98	401.22	381.34	15.055	26.943	13.17	23.56	350.5	1699	6	73.16	-1.1	-0.329	1.0	-0.22	2.74	1.00	0.00	0.16	111115
154	"12:06:47"	4250.5	0	8.89	0.136	245	7.14	3.81	35.43	6	1.42	1	2.84	42.28	35.43	44.98	401.23	381.34	15.054	26.945	13.17	23.57	350.4	1699	6	73.16	-1.1	-0.329	1.0	-0.22	2.74	1.00	0.00	0.16	111115
155	"12:06:47"	4251.0	0	8.89	0.136	245	7.14	3.81	35.43	6	1.42	1	2.84	42.28	35.43	44.98	401.21	381.33	15.054	26.947	13.17	23.57	350.4	1699	6	73.16	-1.1	-0.329	1.0	-0.22	2.74	1.00	0.00	0.16	111115
156	"12:06:48"	4251.5	0	8.88	0.136	245	7.14	3.81	35.43	6	1.42	1	2.84	42.28	35.43	44.98	401.23	381.37	15.056	26.950	13.17	23.57	350.5	1699	6	73.16	-1.1	-0.329	1.0	-0.22	2.74	1.00	0.00	0.16	111115
157	"12:06:48"	4252.0	0	8.84	0.136	246	7.14	3.81	35.43	6	1.42	1	2.84	42.28	35.43	44.98	401.19	381.39	15.057	26.951	13.17	23.57	350.5	1699	6	73.16	-1.1	-0.329	1.0	-0.22	2.74	1.00	0.00	0.16	111115
158	"12:06:49"	4252.5	0	8.82	0.136	246	7.14	3.81	35.43	6	1.42	1	2.84	42.28	35.43	44.98	401.16	381.41	15.057	26.954	13.17	23.57	350.5	1699	6	73.16	-1.1	-0.329	1.0	-0.22	2.74	1.00	0.00	0.16	111115
159	"12:06:49"	4252.5	0	8.82	0.136	246	7.14	3.81	35.43	6	1.42	1	2.84	42.28	35.43	44.98	401.16	381.41	15.057	26.954	13.17	23.57	350.5	1699	6	73.16	-1.1	-0.329	1.0	-0.22	2.74	1.00	0.00	0.16	111115
"12:07:15 Coolers: Tblock -> 50.00 C"
"12:11:27 Flow: Fixed -> 350 umol/s"
160	"12:11:43"	4547.0	0	7.99	0.153	263	8.31	3.96	36.32	6	1.42	1	2.84	46.46	36.32	49.86	399.36	380.27	15.039	28.853	10.59	20.32	350.4	1699	6	73.15	-0.934	-0.439	1.0	-0.22	2.74	1.00	0.00	0.16	111115
161	"12:11:44"	4547.0	0	7.99	0.153	263	8.31	3.96	36.32	6	1.42	1	2.84	46.46	36.32	49.86	399.36	380.27	15.039	28.853	10.59	20.32	350.4	1699	6	73.15	-0.934	-0.439	1.0	-0.22	2.74	1.00	0.00	0.16	111115
162	"12:11:44"	4547.5	0	8	0.153	263	8.3	3.95	36.27	6	1.42	1	2.84	46.46	36.27	49.86	399.38	380.28	15.039	28.839	10.59	20.31	350.5	1699	6	73.15	-0.934	-0.439	1.0	-0.22	2.74	1.00	0.00	0.16	111115
163	"12:11:45"	4548.0	0	8.04	0.153	263	8.29	3.94	36.23	6	1.42	1	2.84	46.46	36.23	49.86	399.41	380.25	15.039	28.824	10.59	20.30	350.5	1699	6	73.15	-0.934	-0.439	1.0	-0.22	2.74	1.00	0.00	0.16	111115
164	"12:11:45"	4548.5	0	8.1	0.154	263	8.28	3.93	36.20	6	1.42	1	2.84	46.46	36.20	49.86	399.45	380.19	15.038	28.810	10.59	20.29	350.5	1699	6	73.15	-0.934	-0.439	1.0	-0.22	2.74	1.00	0.00	0.16	111115
165	"12:11:46"	4549.0	0	8.11	0.154	263	8.27	3.92	36.17	6	1.42	1	2.84	46.46	36.17	49.86	399.47	380.20	15.038	28.795	10.59	20.28	350.5	1699	6	73.15	-0.934	-0.439	1.0	-0.22	2.74	1.00	0.00	0.16	111115
166	"12:11:46"	4549.5	0	8.09	0.154	263	8.27	3.91	36.14	6	1.42	1	2.84	46.46	36.14	49.86	399.45	380.22	15.038	28.783	10.59	20.27	350.5	1699	5	73.15	-0.934	-0.439	1.0	-0.22	2.74	1.00	0.00	0.16	111115
167	"12:11:47"	4550.0	0	8.05	0.154	264	8.26	3.9	36.11	6	1.42	1	2.84	46.46	36.11	49.86	399.41	380.24	15.039	28.769	10.59	20.26	350.5	1699	5	73.15	-0.934	-0.439	1.0	-0.22	2.74	1.00	0.00	0.16	111115
168	"12:11:47"	4550.5	0	8.04	0.155	264	8.25	3.89	36.07	6	1.42	1	2.84	46.46	36.07	49.86	399.40	380.27	15.039	28.757	10.59	20.25	350.5	1699	5	73.15	-0.934	-0.439	1.0	-0.22	2.74	1.00	0.00	0.16	111115
169	"12:11:48"	4551.0	0	8.01	0.155	265	8.24	3.88	36.04	6	1.42	1	2.84	46.46	36.04	49.86	399.40	380.32	15.039	28.746	10.59	20.24	350.5	1699	6	73.15	-0.934	-0.439	1.0	-0.22	2.74	1.00	0.00	0.16	111115
170	"12:11:48"	4551.5	0	8	0.155	265	8.24	3.88	36.03	6	1.42	1	2.84	46.46	36.03	49.86	399.37	380.31	15.039	28.732	10.59	20.23	350.5	1699	6	73.15	-0.934	-0.439	0.7	-0.22	2.74	1.00	0.00	0.16	111115
171	"12:11:49"	4552.0	0	7.98	0.155	265	8.23	3.87	36.01	6	1.42	1	2.84	46.46	36.01	49.86	399.37	380.34	15.039	28.722	10.59	20.22	350.5	1699	6	73.15	-0.934	-0.439	0.7	-0.22	2.74	1.00	0.00	0.16	111115
"12:12:36 Flow: Fixed -> 350 umol/s"
172	"12:12:54"	4618.0	0	7.97	0.157	266	8.31	3.87	36.03	6	1.42	1	2.84	46.57	36.03	49.86	399.42	380.36	15.062	28.881	10.55	20.22	350.5	1699	5	73.15	-0.632	-0.41	1.0	-0.22	2.74	1.00	0.00	0.16	111115
173	"12:12:54"	4618.0	0	7.97	0.157	266	8.31	3.87	36.03	6	1.42	1	2.84	46.57	36.03	49.86	399.42	380.36	15.062	28.881	10.55	20.22	350.5	1699	5	73.15	-0.632	-0.41	1.0	-0.22	2.74	1.00	0.00	0.16	111115
174	"12:12:55"	4618.5	0	7.95	0.157	267	8.31	3.86	36.03	6	1.42	1	2.84	46.57	36.03	49.86	399.38	380.36	15.060	28.883	10.54	20.22	350.4	1700	5	73.15	-0.632	-0.41	1.0	-0.22	2.74	1.00	0.00	0.16	111115
175	"12:12:55"	4619.0	0	7.92	0.157	267	8.31	3.86	36.02	6	1.42	1	2.84	46.57	36.02	49.86	399.36	380.39	15.060	28.884	10.54	20.22	350.4	1700	5	73.15	-0.632	-0.41	1.0	-0.22	2.74	1.00	0.00	0.16	111115
176	"12:12:56"	4619.5	0	7.92	0.157	267	8.31	3.87	36.03	6	1.42	1	2.84	46.57	36.03	49.86	399.36	380.39	15.060	28.885	10.54	20.22	350.4	1700	5	73.15	-0.632	-0.41	1.0	-0.22	2.74	1.00	0.00	0.16	111115
177	"12:12:56"	4620.0	0	7.93	0.157	267	8.32	3.87	36.04	6	1.42	1	2.84	46.57	36.04	49.86	399.39	380.40	15.061	28.887	10.54	20.22	350.4	1700	5	73.15	-0.632	-0.41	1.0	-0.22	2.74	1.00	0.00	0.16	111115
178	"12:12:57"	4620.5	0	7.93	0.157	267	8.32	3.87	36.04	6	1.42	1	2.84	46.57	36.04	49.86	399.38	380.39	15.061	28.888	10.54	20.22	350.4	1700	6	73.15	-0.632	-0.41	1.0	-0.22	2.74	1.00	0.00	0.16	111115
179	"12:12:57"	4621.0	0	7.93	0.157	267	8.32	3.87	36.04	6	1.42	1	2.84	46.58	36.04	49.86	399.38	380.38	15.061	28.891	10.54	20.22	350.4	1700	6	73.15	-0.632	-0.41	1.0	-0.22	2.74	1.00	0.00	0.16	111115
180	"12:12:58"	4621.5	0	7.96	0.157	267	8.32	3.87	36.03	6	1.42	1	2.84	46.58	36.03	49.86	399.43	380.38	15.062	28.892	10.54	20.22	350.4	1700	6	73.15	-0.632	-0.41	1.0	-0.22	2.74	1.00	0.00	0.16	111115
181	"12:12:58"	4622.0	0	7.95	0.157	267	8.32	3.87	36.04	6	1.42	1	2.84	46.58	36.04	49.86	399.41	380.38	15.061	28.894	10.54	20.22	350.4	1700	6	73.15	-0.632	-0.41	1.0	-0.22	2.74	1.00	0.00	0.16	111115
182	"12:12:59"	4622.5	0	7.97	0.157	266	8.32	3.87	36.04	6	1.42	1	2.84	46.58	36.04	49.86	399.45	380.38	15.063	28.898	10.54	20.23	350.4	1700	6	73.15	-0.632	-0.41	1.0	-0.22	2.74	1.00	0.00	0.16	111115
183	"12:13:00"	4623.0	0	7.97	0.157	266	8.32	3.87	36.05	6	1.42	1	2.84	46.58	36.05	49.86	399.42	380.35	15.063	28.900	10.54	20.23	350.5	1700	6	73.15	-0.632	-0.41	1.0	-0.22	2.74	1.00	0.00	0.16	111115
184	"12:13:00"	4623.5	0	7.99	0.157	266	8.32	3.87	36.05	6	1.42	1	2.84	46.58	36.05	49.86	399.48	380.37	15.063	28.902	10.54	20.23	350.4	1700	6	73.15	-0.632	-0.41	1.0	-0.22	2.74	1.00	0.00	0.16	111115
185	"12:13:01"	4624.0	0	8.01	0.157	266	8.32	3.87	36.05	6	1.42	1	2.84	46.58	36.05	49.86	399.49	380.36	15.062	28.902	10.54	20.23	350.4	1700	5	73.15	-0.632	-0.41	1.0	-0.22	2.74	1.00	0.00	0.16	111115
186	"12:13:01"	4624.5	0	8.04	0.157	266	8.33	3.87	36.05	6	1.42	1	2.84	46.58	36.05	49.86	399.57	380.38	15.063	28.905	10.54	20.23	350.5	1699	5	73.15	-0.632	-0.41	1.0	-0.22	2.74	1.00	0.00	0.16	111115
