"OPEN 6.2.4"
"Fri Jun 24 2016 17:41:49"
<open><version>"6.2.4"</version></open>
<open><configfile>"/User/Configs/UserPrefs/2x3 LED.xml"</configfile></open>
<open><light><source>"6400-02 or -02B LED Source"</source><par_in>1<sensor>"SI-3781"<cal>-0.93<actinity>1.00</actinity><transm>1.00</transm></cal></sensor><transm>1</transm></par_in><par_out>1<sensor>"Q49599"<cal>7.26</cal></sensor></par_out></light></open>
<open><comps><file>"/User/Configs/Comps/StdComps_6.2"<header>""</header><extras></extras></file><energybal>no<f_parIn>1</f_parIn><f_parOut>0</f_parOut><alphaK>0.16</alphaK></energybal><bc_total>2.840<stomatal_ratio>1</stomatal_ratio><bc_oneside>1.420<type>2</type><table>"/Sys/Lib/StdBLCTable"</table><area>6</area><slope>-0.219565</slope><offset>2.73739</offset><fan>5</fan></bc_oneside></bc_total></comps></open>
<open><prompts><onlog>off</onlog><items>"Default (none)"</items></prompts></open>
<open><constants><oxygen>21 %</oxygen><bb_vapor>1.5</bb_vapor><bb_oxy>0.9</bb_oxy></constants></open>
<open><stability><items>"Std Stability"<items[1]><id>-2</id><size>15</size><pcv><onoff>0</onoff><value>1</value></pcv><std><onoff>0</onoff><value>1</value></std><slp><onoff>1</onoff><value>1</value></slp></items[1]><items[2]><id>-5</id><size>15</size><pcv><onoff>0</onoff><value>1</value></pcv><std><onoff>0</onoff><value>1</value></std><slp><onoff>1</onoff><value>1</value></slp></items[2]><items[3]><id>-7</id><size>15</size><pcv><onoff>0</onoff><value>1</value></pcv><std><onoff>0</onoff><value>1</value></std><slp><onoff>1</onoff><value>1</value></slp></items[3]></items></stability></open>
<open><log><format>"StdLogFmt_6.0"<items>{ -35 -21 -36 -76 30 23 36 21 25 221 -33 111 -34 11 -9 -10 -8 -1 -2 -4 -5 -14 -15 -7 -12 -13 -11 -65 -66 -72 -18 -19 -77 -78 -79 -23  }<hdr>{  }</hdr></items></format><options><beep>on</beep><hdr>normal</hdr><rem>normal</rem><stab>no</stab><stats>no<mean>no</mean><file>no</file><period>15</period></stats><excel>yes</excel><controls>yes</controls><comm>no</comm></options><datafile>"/User/062416-stm-shrub2"</datafile><button><action>"Normal Log"<code>" LogOneObsManual "</code></action></button><autoprog>"/User/Configs/AutoProgs/AutoLog2"<active>no</active></autoprog></log></open>
<open><a2d><avgtime>4.0 secs</avgtime><userchans><ch20>"Off"</ch20><ch21>"Off"</ch21><ch22>"Off"</ch22><ch23>"Off"</ch23></userchans></a2d></open>
<open><matching><type>0</type><disp>'a'</disp><settings><CO2Limit>10.0</CO2Limit><H2OLimit>1.0</H2OLimit><MaxAutoTime>60</MaxAutoTime></settings></matching></open>
<li6400><factory><unit>"PSC-3840"</unit><serviced>"1 Jul 2013"</serviced><fuseaware>0</fuseaware><co2mixer>yes</co2mixer><co2><coeffs>{ 0 0.213319 2.22998e-05 2.13159e-08 -3.88664e-12 3.69888e-16  }</coeffs><dvdt>-4.7</dvdt><xs>{ 0.0009 -0.0002  }</xs></co2><h2o><coeffs>{ 0 0.00572751 2.23485e-06 -7.37877e-12  }</coeffs><dvdt>-1.7</dvdt><xs>{ 0.0009 -0.0028  }</xs></h2o><flow>{ 0 0.3568  }</flow><press>{ 88.437 0.00551  }</press></factory></li6400>
<li6400><user><flow_zero>-820.3</flow_zero><irga_zero><co2>468.8 234.4<at>18.1598</at></co2><h2o>78.1 156.2<at>17.1607</at></h2o></irga_zero><irga_span><co2>{ 0.99237 0.992833  }</co2><h2o>{ 1.00426 0.996799  }</h2o></irga_span><irga_match><co2>{ 0.940565 0.188234  }</co2><h2o>{ 0.00477181 -0.0497998  }</h2o></irga_match><co2_mixer><pump_mv>4500</pump_mv><ppm>{ 2938.24 1287.24 480.57 287.911 131.964 79.0122 54.4649 48.1774  }</ppm><mv>{ 5000 3000 1500 1000 500 300 200 100  }</mv></co2_mixer><parin_offset>0</parin_offset><led_cal><unit>"SI-3781"</unit><mv>{ 10 25 50 100 1000 2000 3000 4000 5000  }</mv><qntm>{ 4.69642 15.4417 35.4805 82.2863 972.665 1922.29 2824.32 3690.14 4518.2  }</qntm></led_cal><lcf_cal><unit>"unknown"</unit><red><mv>{ 50 100 500 1000 1500 5000  }</mv><qntm>{ 50 100 500 1000 2000 5000  }</qntm></red><blue><mv>{ 100 200 500 1000 2000 5000  }</mv><qntm>{ 10 20 50 100 200 500  }</qntm></blue></lcf_cal></user></li6400>
"17:41:51 "
$STARTOFDATA$
"Obs"	"HHMMSS"	"FTime"	"EBal?"	"Photo"	"Cond"	"Ci"	"Trmmol"	"VpdL"	"CTleaf"	"Area"	"BLC_1"	"StmRat"	"BLCond"	"Tair"	"Tleaf"	"TBlk"	"CO2R"	"CO2S"	"H2OR"	"H2OS"	"RH_R"	"RH_S"	"Flow"	"PARi"	"PARo"	"Press"	"CsMch"	"HsMch"	"StableF"	"BLCslope"	"BLCoffst"	"f_parin"	"f_parout"	"alphaK"	"Status"
"17:43:20 Flow: Fixed -> 300 umol/s"
"17:46:28 Flow: Fixed -> 300 umol/s"
"17:49:26 Flow: Fixed -> 300 umol/s"
1	"17:50:00"	494.0	0	5.93	0.0865	268	1.07	0.92	9.39	6	1.42	1	2.84	3.14	9.39	0.30	399.89	387.20	1.486	3.618	14.09	34.31	300.1	1699	11	72.9	-3.01	0.13	1.0	-0.22	2.74	1.00	0.00	0.16	111115
2	"17:50:01"	494.5	0	5.92	0.0863	268	1.07	0.922	9.42	6	1.42	1	2.84	3.14	9.42	0.30	399.88	387.21	1.485	3.617	14.08	34.30	300.1	1699	11	72.9	-3.01	0.13	1.0	-0.22	2.74	1.00	0.00	0.16	111115
3	"17:50:01"	495.0	0	5.92	0.0862	268	1.07	0.923	9.44	6	1.42	1	2.84	3.14	9.44	0.30	399.90	387.24	1.485	3.618	14.09	34.31	300.1	1700	11	72.9	-3.01	0.13	1.0	-0.22	2.74	1.00	0.00	0.16	111115
4	"17:50:02"	495.0	0	5.92	0.0862	268	1.07	0.923	9.44	6	1.42	1	2.84	3.14	9.44	0.30	399.90	387.24	1.485	3.618	14.09	34.31	300.1	1700	11	72.9	-3.01	0.13	1.0	-0.22	2.74	1.00	0.00	0.16	111115
5	"17:50:02"	495.5	0	5.92	0.0862	268	1.07	0.923	9.43	6	1.42	1	2.84	3.14	9.43	0.30	399.93	387.26	1.486	3.617	14.09	34.30	300.1	1700	11	72.9	-3.01	0.13	1.0	-0.22	2.74	1.00	0.00	0.16	111115
6	"17:50:03"	496.0	0	5.91	0.0863	268	1.07	0.922	9.43	6	1.42	1	2.84	3.14	9.43	0.30	399.92	387.28	1.486	3.618	14.09	34.31	300.2	1700	11	72.9	-3.01	0.13	1.0	-0.22	2.74	1.00	0.00	0.16	111115
7	"17:50:03"	496.5	0	5.91	0.0863	268	1.07	0.922	9.43	6	1.42	1	2.84	3.14	9.43	0.30	399.91	387.27	1.486	3.619	14.09	34.31	300.2	1700	11	72.9	-3.01	0.13	1.0	-0.22	2.74	1.00	0.00	0.16	111115
8	"17:50:03"	496.5	0	5.91	0.0863	268	1.07	0.922	9.43	6	1.42	1	2.84	3.14	9.43	0.30	399.91	387.27	1.486	3.619	14.09	34.31	300.2	1700	11	72.9	-3.01	0.13	1.0	-0.22	2.74	1.00	0.00	0.16	111115
9	"17:50:04"	497.0	0	5.92	0.0862	268	1.07	0.924	9.44	6	1.42	1	2.84	3.14	9.44	0.30	399.91	387.25	1.486	3.619	14.09	34.31	300.2	1700	11	72.9	-3.01	0.13	1.0	-0.22	2.74	1.00	0.00	0.16	111115
10	"17:50:04"	497.5	0	5.95	0.0862	267	1.07	0.924	9.45	6	1.42	1	2.84	3.14	9.45	0.30	399.93	387.21	1.486	3.619	14.09	34.31	300.2	1700	11	72.9	-3.01	0.13	1.0	-0.22	2.74	1.00	0.00	0.16	111115
11	"17:50:05"	498.0	0	5.95	0.0862	267	1.07	0.923	9.44	6	1.42	1	2.84	3.14	9.44	0.30	399.93	387.20	1.487	3.619	14.10	34.31	300.2	1700	11	72.9	-3.01	0.13	1.0	-0.22	2.74	1.00	0.00	0.16	111115
12	"17:50:05"	498.5	0	5.96	0.0863	267	1.07	0.922	9.43	6	1.42	1	2.84	3.15	9.43	0.30	399.96	387.21	1.487	3.619	14.10	34.31	300.1	1700	11	72.9	-3.01	0.13	1.0	-0.22	2.74	1.00	0.00	0.16	111115
13	"17:50:06"	499.0	0	5.94	0.0864	268	1.07	0.922	9.42	6	1.42	1	2.84	3.15	9.42	0.30	399.95	387.24	1.487	3.620	14.10	34.32	300.1	1700	11	72.9	-3.01	0.13	1.0	-0.22	2.74	1.00	0.00	0.16	111115
14	"17:50:06"	499.5	0	5.95	0.0864	267	1.07	0.922	9.43	6	1.42	1	2.84	3.15	9.43	0.30	399.96	387.23	1.487	3.620	14.09	34.32	300.1	1700	11	72.9	-3.01	0.13	1.0	-0.22	2.74	1.00	0.00	0.16	111115
15	"17:50:07"	500.0	0	5.96	0.0864	267	1.07	0.922	9.43	6	1.42	1	2.84	3.15	9.43	0.30	399.95	387.19	1.486	3.620	14.09	34.32	300.1	1700	11	72.9	-3.01	0.13	1.0	-0.22	2.74	1.00	0.00	0.16	111115
"17:50:27 Coolers: Tblock -> 5.00 C"
"17:53:38 Flow: Fixed -> 300 umol/s"
"17:57:47 Flow: Fixed -> 300 umol/s"
16	"17:58:27"	1000.0	0	6.61	0.0893	256	1.26	1.05	12.24	6	1.42	1	2.84	7.27	12.24	5.12	399.82	385.63	2.745	5.249	19.52	37.34	300.1	1699	26	72.9	-3.15	0.123	1.0	-0.22	2.74	1.00	0.00	0.16	111115
17	"17:58:27"	1000.0	0	6.61	0.0893	256	1.26	1.05	12.24	6	1.42	1	2.84	7.27	12.24	5.12	399.82	385.63	2.745	5.249	19.52	37.34	300.1	1699	26	72.9	-3.15	0.123	1.0	-0.22	2.74	1.00	0.00	0.16	111115
18	"17:58:28"	1000.5	0	6.6	0.0893	257	1.26	1.05	12.24	6	1.42	1	2.84	7.27	12.24	5.12	399.80	385.63	2.745	5.250	19.52	37.34	300.1	1699	26	72.9	-3.15	0.123	1.0	-0.22	2.74	1.00	0.00	0.16	111115
19	"17:58:28"	1001.0	0	6.61	0.0893	257	1.26	1.05	12.24	6	1.42	1	2.84	7.27	12.24	5.12	399.81	385.63	2.745	5.250	19.53	37.35	300.1	1699	26	72.9	-3.15	0.123	1.0	-0.22	2.74	1.00	0.00	0.16	111115
20	"17:58:28"	1001.5	0	6.61	0.0894	257	1.26	1.05	12.23	6	1.42	1	2.84	7.28	12.23	5.12	399.81	385.63	2.745	5.251	19.52	37.35	300.1	1699	26	72.9	-3.15	0.123	1.0	-0.22	2.74	1.00	0.00	0.16	111115
21	"17:58:29"	1002.0	0	6.61	0.0895	257	1.26	1.05	12.23	6	1.42	1	2.84	7.28	12.23	5.12	399.77	385.57	2.745	5.252	19.52	37.36	300.1	1699	26	72.9	-3.15	0.123	1.0	-0.22	2.74	1.00	0.00	0.16	111115
22	"17:58:29"	1002.5	0	6.61	0.0893	257	1.26	1.05	12.24	6	1.42	1	2.84	7.28	12.24	5.12	399.74	385.56	2.746	5.252	19.53	37.35	300.1	1699	26	72.9	-3.15	0.123	1.0	-0.22	2.74	1.00	0.00	0.16	111115
23	"17:58:30"	1003.0	0	6.56	0.0892	257	1.26	1.05	12.25	6	1.42	1	2.84	7.28	12.25	5.12	399.68	385.58	2.746	5.250	19.53	37.34	300.1	1699	26	72.9	-3.15	0.123	1.0	-0.22	2.74	1.00	0.00	0.16	111115
24	"17:58:30"	1003.5	0	6.58	0.0891	257	1.26	1.05	12.26	6	1.42	1	2.84	7.28	12.26	5.12	399.68	385.55	2.746	5.250	19.53	37.34	300.1	1699	26	72.9	-3.15	0.123	1.0	-0.22	2.74	1.00	0.00	0.16	111115
25	"17:58:31"	1004.0	0	6.59	0.0891	257	1.26	1.05	12.27	6	1.42	1	2.84	7.28	12.27	5.12	399.69	385.55	2.746	5.251	19.53	37.35	300.1	1699	26	72.9	-3.15	0.123	1.0	-0.22	2.74	1.00	0.00	0.16	111115
26	"17:58:31"	1004.5	0	6.59	0.0891	257	1.26	1.05	12.27	6	1.42	1	2.84	7.28	12.27	5.12	399.68	385.54	2.746	5.252	19.53	37.35	300.1	1699	26	72.9	-3.15	0.123	1.0	-0.22	2.74	1.00	0.00	0.16	111115
27	"17:58:32"	1005.0	0	6.57	0.0891	257	1.26	1.05	12.27	6	1.42	1	2.84	7.28	12.27	5.12	399.67	385.56	2.746	5.252	19.53	37.35	300.1	1699	26	72.9	-3.15	0.123	1.0	-0.22	2.74	1.00	0.00	0.16	111115
28	"17:58:32"	1005.5	0	6.58	0.0891	257	1.26	1.05	12.27	6	1.42	1	2.84	7.28	12.27	5.12	399.68	385.55	2.746	5.252	19.53	37.35	300.1	1699	26	72.9	-3.15	0.123	1.0	-0.22	2.74	1.00	0.00	0.16	111115
29	"17:58:33"	1006.0	0	6.58	0.0891	257	1.26	1.05	12.27	6	1.42	1	2.84	7.28	12.27	5.12	399.71	385.58	2.746	5.252	19.53	37.35	300.1	1699	26	72.9	-3.15	0.123	1.0	-0.22	2.74	1.00	0.00	0.16	111115
30	"17:58:33"	1006.5	0	6.58	0.0894	257	1.26	1.05	12.24	6	1.42	1	2.84	7.28	12.24	5.12	399.71	385.59	2.745	5.252	19.52	37.35	300.2	1699	26	72.9	-3.15	0.123	1.0	-0.22	2.74	1.00	0.00	0.16	111115
"17:58:47 Coolers: Tblock -> 10.00 C"
"18:01:48 Flow: Fixed -> 300 umol/s"
31	"18:03:34"	1307.5	0	7.31	0.0916	243	1.49	1.21	15.19	6	1.42	1	2.84	11.51	15.19	10.01	398.65	382.89	4.230	7.196	22.63	38.50	300.1	1699	28	72.89	-3.56	0.105	1.0	-0.22	2.74	1.00	0.00	0.16	111115
32	"18:03:34"	1307.5	0	7.31	0.0916	243	1.49	1.21	15.19	6	1.42	1	2.84	11.51	15.19	10.01	398.65	382.89	4.230	7.196	22.63	38.50	300.1	1699	28	72.89	-3.56	0.105	1.0	-0.22	2.74	1.00	0.00	0.16	111115
33	"18:03:35"	1308.0	0	7.3	0.0917	244	1.5	1.21	15.19	6	1.42	1	2.84	11.51	15.19	10.01	398.65	382.91	4.230	7.198	22.63	38.50	300.1	1699	28	72.89	-3.56	0.105	1.0	-0.22	2.74	1.00	0.00	0.16	111115
34	"18:03:35"	1308.5	0	7.31	0.0916	243	1.5	1.21	15.20	6	1.42	1	2.84	11.51	15.20	10.01	398.65	382.89	4.230	7.197	22.63	38.50	300.1	1699	28	72.89	-3.56	0.105	1.0	-0.22	2.74	1.00	0.00	0.16	111115
35	"18:03:36"	1308.5	0	7.31	0.0916	243	1.5	1.21	15.20	6	1.42	1	2.84	11.51	15.20	10.01	398.65	382.89	4.230	7.197	22.63	38.50	300.1	1699	28	72.89	-3.56	0.105	1.0	-0.22	2.74	1.00	0.00	0.16	111115
36	"18:03:36"	1309.0	0	7.31	0.0917	243	1.49	1.21	15.19	6	1.42	1	2.84	11.51	15.19	10.01	398.64	382.87	4.230	7.197	22.62	38.50	300.1	1699	28	72.89	-3.56	0.105	1.0	-0.22	2.74	1.00	0.00	0.16	111115
37	"18:03:37"	1309.5	0	7.32	0.0916	243	1.49	1.21	15.20	6	1.42	1	2.84	11.51	15.20	10.01	398.62	382.85	4.230	7.197	22.63	38.50	300.1	1699	28	72.89	-3.56	0.105	1.0	-0.22	2.74	1.00	0.00	0.16	111115
38	"18:03:37"	1310.0	0	7.31	0.0915	243	1.49	1.21	15.20	6	1.42	1	2.84	11.51	15.20	10.01	398.61	382.85	4.231	7.198	22.63	38.50	300.1	1699	28	72.89	-3.56	0.105	1.0	-0.22	2.74	1.00	0.00	0.16	111115
39	"18:03:38"	1310.5	0	7.3	0.0916	243	1.49	1.21	15.20	6	1.42	1	2.84	11.51	15.20	10.01	398.59	382.85	4.231	7.198	22.63	38.49	300.1	1699	28	72.89	-3.56	0.105	1.0	-0.22	2.74	1.00	0.00	0.16	111115
40	"18:03:38"	1311.0	0	7.29	0.0916	244	1.49	1.21	15.19	6	1.42	1	2.84	11.51	15.19	10.01	398.57	382.86	4.231	7.198	22.63	38.49	300.1	1699	28	72.89	-3.56	0.105	1.0	-0.22	2.74	1.00	0.00	0.16	111115
41	"18:03:39"	1311.5	0	7.3	0.0916	243	1.5	1.21	15.20	6	1.42	1	2.84	11.51	15.20	10.01	398.58	382.83	4.231	7.198	22.62	38.49	300.1	1699	28	72.89	-3.56	0.105	1.0	-0.22	2.74	1.00	0.00	0.16	111115
42	"18:03:39"	1312.0	0	7.31	0.0915	243	1.5	1.21	15.21	6	1.42	1	2.84	11.51	15.21	10.01	398.57	382.82	4.231	7.198	22.62	38.49	300.1	1699	28	72.89	-3.56	0.105	1.0	-0.22	2.74	1.00	0.00	0.16	111115
43	"18:03:40"	1312.5	0	7.31	0.0914	243	1.5	1.21	15.22	6	1.42	1	2.84	11.51	15.22	10.01	398.58	382.83	4.231	7.199	22.62	38.49	300.1	1699	28	72.89	-3.56	0.105	1.0	-0.22	2.74	1.00	0.00	0.16	111115
44	"18:03:40"	1313.0	0	7.31	0.0914	243	1.5	1.21	15.23	6	1.42	1	2.84	11.51	15.23	10.01	398.60	382.83	4.231	7.200	22.62	38.50	300.1	1699	28	72.89	-3.56	0.105	1.0	-0.22	2.74	1.00	0.00	0.16	111115
45	"18:03:41"	1313.5	0	7.3	0.0915	243	1.5	1.21	15.23	6	1.42	1	2.84	11.51	15.23	10.01	398.60	382.86	4.232	7.201	22.62	38.50	300.2	1699	28	72.89	-3.56	0.105	1.0	-0.22	2.74	1.00	0.00	0.16	111115
"18:03:49 Coolers: Tblock -> 15.00 C"
"18:09:32 Flow: Fixed -> 300 umol/s"
46	"18:10:03"	1696.0	0	7.87	0.0954	237	1.87	1.45	18.44	6	1.42	1	2.84	16.06	18.44	15.09	399.63	382.47	5.691	9.386	22.65	37.36	300.1	1700	15	72.9	-3.25	0.0933	1.0	-0.22	2.74	1.00	0.00	0.16	111115
47	"18:10:03"	1696.5	0	7.86	0.0954	237	1.87	1.45	18.44	6	1.42	1	2.84	16.06	18.44	15.09	399.60	382.46	5.691	9.386	22.65	37.36	300.1	1701	15	72.9	-3.25	0.0933	1.0	-0.22	2.74	1.00	0.00	0.16	111115
48	"18:10:03"	1696.5	0	7.86	0.0954	237	1.87	1.45	18.44	6	1.42	1	2.84	16.06	18.44	15.09	399.60	382.46	5.691	9.386	22.65	37.36	300.1	1701	15	72.9	-3.25	0.0933	1.0	-0.22	2.74	1.00	0.00	0.16	111115
49	"18:10:04"	1697.0	0	7.86	0.0954	237	1.87	1.45	18.44	6	1.42	1	2.84	16.06	18.44	15.09	399.60	382.46	5.690	9.387	22.65	37.36	300.0	1700	15	72.9	-3.25	0.0933	1.0	-0.22	2.74	1.00	0.00	0.16	111115
50	"18:10:04"	1697.5	0	7.85	0.0954	237	1.87	1.45	18.44	6	1.42	1	2.84	16.06	18.44	15.09	399.61	382.48	5.690	9.387	22.65	37.36	300.0	1700	15	72.9	-3.25	0.0933	1.0	-0.22	2.74	1.00	0.00	0.16	111115
51	"18:10:05"	1698.0	0	7.83	0.0954	237	1.87	1.45	18.44	6	1.42	1	2.84	16.06	18.44	15.09	399.56	382.48	5.690	9.386	22.64	37.35	300.0	1700	15	72.9	-3.25	0.0933	1.0	-0.22	2.74	1.00	0.00	0.16	111115
52	"18:10:05"	1698.5	0	7.81	0.0954	238	1.87	1.44	18.44	6	1.42	1	2.84	16.06	18.44	15.09	399.56	382.53	5.691	9.385	22.65	37.35	300.1	1700	15	72.9	-3.25	0.0933	1.0	-0.22	2.74	1.00	0.00	0.16	111115
53	"18:10:06"	1699.0	0	7.82	0.0955	238	1.87	1.44	18.43	6	1.42	1	2.84	16.06	18.43	15.09	399.59	382.53	5.691	9.387	22.65	37.35	300.1	1700	15	72.9	-3.25	0.0933	1.0	-0.22	2.74	1.00	0.00	0.16	111115
54	"18:10:06"	1699.5	0	7.82	0.0956	238	1.87	1.44	18.42	6	1.42	1	2.84	16.06	18.42	15.09	399.62	382.56	5.691	9.387	22.64	37.35	300.1	1700	15	72.9	-3.25	0.0933	1.0	-0.22	2.74	1.00	0.00	0.16	111115
55	"18:10:07"	1700.0	0	7.84	0.0957	238	1.87	1.44	18.42	6	1.42	1	2.84	16.06	18.42	15.09	399.63	382.54	5.690	9.388	22.64	37.35	300.1	1701	15	72.9	-3.25	0.0933	1.0	-0.22	2.74	1.00	0.00	0.16	111115
56	"18:10:07"	1700.5	0	7.84	0.0957	238	1.87	1.44	18.42	6	1.42	1	2.84	16.07	18.42	15.09	399.66	382.55	5.691	9.389	22.64	37.35	300.1	1701	15	72.9	-3.25	0.0933	1.0	-0.22	2.74	1.00	0.00	0.16	111115
57	"18:10:08"	1701.0	0	7.87	0.0957	237	1.87	1.44	18.42	6	1.42	1	2.84	16.07	18.42	15.09	399.71	382.54	5.690	9.390	22.64	37.36	300.1	1701	15	72.9	-3.25	0.0933	1.0	-0.22	2.74	1.00	0.00	0.16	111115
58	"18:10:08"	1701.5	0	7.87	0.0958	237	1.87	1.44	18.42	6	1.42	1	2.84	16.07	18.42	15.09	399.72	382.55	5.690	9.392	22.63	37.36	300.1	1701	15	72.9	-3.25	0.0933	1.0	-0.22	2.74	1.00	0.00	0.16	111115
59	"18:10:09"	1702.0	0	7.87	0.0957	237	1.87	1.44	18.43	6	1.42	1	2.84	16.07	18.43	15.09	399.74	382.58	5.691	9.392	22.64	37.36	300.1	1701	15	72.9	-3.25	0.0933	1.0	-0.22	2.74	1.00	0.00	0.16	111115
60	"18:10:09"	1702.5	0	7.86	0.0957	237	1.87	1.44	18.44	6	1.42	1	2.84	16.07	18.44	15.10	399.74	382.59	5.691	9.394	22.64	37.37	300.1	1701	15	72.9	-3.25	0.0933	1.0	-0.22	2.74	1.00	0.00	0.16	111115
"18:10:18 Coolers: Tblock -> 20.00 C"
"18:11:33 Coolers: Tblock -> 25.00 C"
"18:19:47 Flow: Fixed -> 300 umol/s"
61	"18:20:07"	2300.0	0	7.98	0.0869	219	2.23	1.87	24.06	6	1.42	1	2.84	24.72	24.06	25.04	400.33	382.66	11.161	15.547	26.02	36.25	300.1	1700	8	72.9	-2.8	0.0228	1.0	-0.22	2.74	1.00	0.00	0.16	111115
62	"18:20:07"	2300.0	0	7.98	0.0869	219	2.23	1.87	24.06	6	1.42	1	2.84	24.72	24.06	25.04	400.33	382.66	11.161	15.547	26.02	36.25	300.1	1700	8	72.9	-2.8	0.0228	1.0	-0.22	2.74	1.00	0.00	0.16	111115
63	"18:20:08"	2300.0	0	7.98	0.0869	219	2.23	1.87	24.06	6	1.42	1	2.84	24.72	24.06	25.04	400.33	382.66	11.161	15.547	26.02	36.25	300.1	1700	8	72.9	-2.8	0.0228	1.0	-0.22	2.74	1.00	0.00	0.16	111115
64	"18:20:08"	2300.5	0	8.02	0.0869	219	2.23	1.87	24.05	6	1.42	1	2.84	24.72	24.05	25.04	400.40	382.67	11.161	15.546	26.02	36.25	300.1	1700	8	72.9	-2.8	0.0228	1.0	-0.22	2.74	1.00	0.00	0.16	111115
65	"18:20:09"	2301.0	0	8.04	0.0869	218	2.23	1.87	24.05	6	1.42	1	2.84	24.72	24.05	25.04	400.45	382.68	11.161	15.546	26.02	36.24	300.1	1700	8	72.9	-2.8	0.0228	1.0	-0.22	2.74	1.00	0.00	0.16	111115
66	"18:20:09"	2301.5	0	8	0.0869	219	2.23	1.87	24.05	6	1.42	1	2.84	24.72	24.05	25.04	400.42	382.72	11.161	15.548	26.02	36.25	300.1	1700	8	72.9	-2.8	0.0228	1.0	-0.22	2.74	1.00	0.00	0.16	111115
67	"18:20:10"	2302.0	0	7.98	0.0869	219	2.23	1.87	24.06	6	1.42	1	2.84	24.72	24.06	25.04	400.39	382.73	11.161	15.547	26.02	36.24	300.1	1700	8	72.9	-2.8	0.0228	1.0	-0.22	2.74	1.00	0.00	0.16	111115
68	"18:20:10"	2302.5	0	7.97	0.0869	219	2.23	1.87	24.06	6	1.42	1	2.84	24.72	24.06	25.04	400.39	382.75	11.161	15.547	26.02	36.24	300.1	1700	8	72.9	-2.8	0.0228	1.0	-0.22	2.74	1.00	0.00	0.16	111115
69	"18:20:11"	2303.0	0	7.98	0.0869	219	2.23	1.87	24.06	6	1.42	1	2.84	24.72	24.06	25.04	400.42	382.75	11.161	15.547	26.02	36.24	300.1	1700	8	72.9	-2.8	0.0228	1.0	-0.22	2.74	1.00	0.00	0.16	111115
70	"18:20:11"	2303.5	0	7.96	0.0869	220	2.23	1.87	24.05	6	1.42	1	2.84	24.72	24.05	25.04	400.41	382.80	11.161	15.548	26.02	36.24	300.1	1700	8	72.9	-2.8	0.0228	1.0	-0.22	2.74	1.00	0.00	0.16	111115
71	"18:20:12"	2304.0	0	7.92	0.0869	221	2.23	1.87	24.05	6	1.42	1	2.84	24.72	24.05	25.04	400.34	382.81	11.160	15.547	26.01	36.24	300.1	1700	8	72.9	-2.8	0.0228	1.0	-0.22	2.74	1.00	0.00	0.16	111115
72	"18:20:12"	2304.5	0	7.88	0.0869	221	2.23	1.87	24.06	6	1.42	1	2.84	24.72	24.06	25.04	400.28	382.82	11.159	15.548	26.01	36.24	300.1	1700	8	72.9	-2.8	0.0228	1.0	-0.22	2.74	1.00	0.00	0.16	111115
73	"18:20:13"	2305.0	0	7.87	0.0869	221	2.23	1.87	24.06	6	1.42	1	2.84	24.72	24.06	25.04	400.27	382.82	11.159	15.547	26.01	36.24	300.1	1700	8	72.9	-2.8	0.0228	1.0	-0.22	2.74	1.00	0.00	0.16	111115
74	"18:20:13"	2305.5	0	7.9	0.0869	221	2.23	1.87	24.06	6	1.42	1	2.84	24.72	24.06	25.04	400.31	382.80	11.160	15.548	26.01	36.24	300.1	1700	8	72.9	-2.8	0.0228	1.0	-0.22	2.74	1.00	0.00	0.16	111115
75	"18:20:14"	2306.0	0	7.93	0.087	220	2.23	1.87	24.06	6	1.42	1	2.84	24.72	24.06	25.04	400.36	382.79	11.159	15.550	26.01	36.24	300.1	1700	8	72.9	-2.8	0.0228	1.0	-0.22	2.74	1.00	0.00	0.16	111115
"18:20:40 Coolers: Tblock -> 35.00 C"
"18:20:59 Coolers: Tblock -> 30.00 C"
"18:23:51 Flow: Fixed -> 300 umol/s"
"18:24:29 Lamp: ParIn ->  1700 uml"
"18:24:29 CO2 Mixer: CO2R -> 400 uml"
"18:24:29 Coolers: Tblock -> 30.00 C"
"18:24:29 Flow: Fixed -> 300 umol/s"
"18:26:50 Flow: Fixed -> 300 umol/s"
76	"18:28:56"	2829.5	0	7.68	0.0792	208	2.65	2.43	27.11	6	1.42	1	2.84	29.24	27.11	30.11	400.11	382.72	10.921	16.137	19.52	28.85	300.0	1700	12	72.9	-2.68	-0.0208	1.0	-0.22	2.74	1.00	0.00	0.16	111115
77	"18:28:57"	2831.0	0	7.68	0.0791	207	2.65	2.43	27.13	6	1.42	1	2.84	29.24	27.13	30.11	400.11	382.71	10.920	16.135	19.52	28.84	300.0	1700	12	72.9	-2.68	-0.0208	1.0	-0.22	2.74	1.00	0.00	0.16	111115
78	"18:28:58"	2831.5	0	7.68	0.079	207	2.65	2.43	27.14	6	1.42	1	2.84	29.24	27.14	30.11	400.09	382.70	10.920	16.134	19.52	28.84	300.0	1700	12	72.9	-2.68	-0.0208	1.0	-0.22	2.74	1.00	0.00	0.16	111115
79	"18:28:58"	2831.5	0	7.68	0.079	207	2.65	2.43	27.14	6	1.42	1	2.84	29.24	27.14	30.11	400.09	382.70	10.920	16.134	19.52	28.84	300.0	1700	12	72.9	-2.68	-0.0208	1.0	-0.22	2.74	1.00	0.00	0.16	111115
80	"18:28:59"	2832.0	0	7.68	0.0789	207	2.65	2.43	27.15	6	1.42	1	2.84	29.24	27.15	30.11	400.10	382.71	10.920	16.135	19.52	28.84	300.0	1700	12	72.9	-2.68	-0.0208	1.0	-0.22	2.74	1.00	0.00	0.16	111115
81	"18:28:59"	2832.5	0	7.68	0.0789	207	2.65	2.44	27.16	6	1.42	1	2.84	29.24	27.16	30.11	400.09	382.71	10.918	16.133	19.52	28.84	300.0	1700	12	72.9	-2.68	-0.0208	1.0	-0.22	2.74	1.00	0.00	0.16	111115
82	"18:29:00"	2832.5	0	7.68	0.0789	207	2.65	2.44	27.16	6	1.42	1	2.84	29.24	27.16	30.11	400.09	382.71	10.918	16.133	19.52	28.84	300.0	1700	12	72.9	-2.68	-0.0208	1.0	-0.22	2.74	1.00	0.00	0.16	111115
83	"18:29:00"	2833.0	0	7.67	0.0788	207	2.65	2.44	27.16	6	1.42	1	2.84	29.24	27.16	30.11	400.10	382.73	10.919	16.135	19.52	28.84	300.0	1700	12	72.9	-2.68	-0.0208	1.0	-0.22	2.74	1.00	0.00	0.16	111115
84	"18:29:00"	2833.5	0	7.7	0.0788	206	2.65	2.44	27.17	6	1.42	1	2.84	29.24	27.17	30.11	400.15	382.72	10.919	16.134	19.52	28.84	300.0	1700	12	72.9	-2.68	-0.0208	1.0	-0.22	2.74	1.00	0.00	0.16	111115
85	"18:29:01"	2834.0	0	7.71	0.0788	206	2.65	2.44	27.16	6	1.42	1	2.84	29.24	27.16	30.11	400.16	382.72	10.919	16.134	19.52	28.84	300.1	1700	12	72.9	-2.68	-0.0208	1.0	-0.22	2.74	1.00	0.00	0.16	111115
86	"18:29:02"	2834.5	0	7.72	0.0789	206	2.65	2.44	27.16	6	1.42	1	2.84	29.24	27.16	30.11	400.19	382.73	10.919	16.133	19.52	28.84	300.1	1700	12	72.9	-2.68	-0.0208	1.0	-0.22	2.74	1.00	0.00	0.16	111115
87	"18:29:02"	2835.0	0	7.73	0.0789	206	2.65	2.44	27.15	6	1.42	1	2.84	29.24	27.15	30.11	400.22	382.75	10.918	16.133	19.52	28.84	300.1	1700	12	72.9	-2.68	-0.0208	1.0	-0.22	2.74	1.00	0.00	0.16	111115
88	"18:29:03"	2835.5	0	7.74	0.0789	206	2.65	2.43	27.15	6	1.42	1	2.84	29.24	27.15	30.12	400.26	382.77	10.919	16.132	19.52	28.83	300.1	1700	12	72.9	-2.68	-0.0208	1.0	-0.22	2.74	1.00	0.00	0.16	111115
89	"18:29:03"	2836.0	0	7.75	0.0789	206	2.65	2.43	27.14	6	1.42	1	2.84	29.24	27.14	30.12	400.29	382.77	10.918	16.131	19.51	28.83	300.1	1700	12	72.9	-2.68	-0.0208	1.0	-0.22	2.74	1.00	0.00	0.16	111115
90	"18:29:04"	2836.5	0	7.75	0.0789	206	2.65	2.43	27.15	6	1.42	1	2.84	29.24	27.15	30.12	400.32	382.80	10.919	16.133	19.52	28.83	300.1	1700	12	72.9	-2.68	-0.0208	1.0	-0.22	2.74	1.00	0.00	0.16	111115
"18:29:13 Coolers: Tblock -> 35.00 C"
"18:31:49 Flow: Fixed -> 300 umol/s"
91	"18:32:09"	3022.0	0	7.53	0.0759	203	2.97	2.82	29.06	6	1.42	1	2.84	33.20	29.06	35.02	400.83	383.50	10.777	16.618	15.38	23.72	300.0	1699	4	72.91	-2.64	-0.0611	1.0	-0.22	2.74	1.00	0.00	0.16	111115
92	"18:32:10"	3022.0	0	7.53	0.0759	203	2.97	2.82	29.06	6	1.42	1	2.84	33.20	29.06	35.02	400.83	383.50	10.777	16.618	15.38	23.72	300.0	1699	4	72.91	-2.64	-0.0611	1.0	-0.22	2.74	1.00	0.00	0.16	111115
93	"18:32:10"	3022.5	0	7.53	0.0759	202	2.97	2.82	29.06	6	1.42	1	2.84	33.20	29.06	35.02	400.87	383.52	10.777	16.619	15.38	23.72	300.0	1699	4	72.91	-2.64	-0.0611	1.0	-0.22	2.74	1.00	0.00	0.16	111115
94	"18:32:11"	3023.0	0	7.51	0.0758	203	2.97	2.82	29.06	6	1.42	1	2.84	33.20	29.06	35.02	400.87	383.57	10.778	16.617	15.38	23.71	300.0	1699	4	72.91	-2.64	-0.0611	1.0	-0.22	2.74	1.00	0.00	0.16	111115
95	"18:32:11"	3023.5	0	7.52	0.0758	202	2.97	2.83	29.07	6	1.42	1	2.84	33.20	29.07	35.02	400.90	383.58	10.779	16.618	15.38	23.71	300.0	1699	4	72.91	-2.64	-0.0611	1.0	-0.22	2.74	1.00	0.00	0.16	111115
96	"18:32:12"	3024.0	0	7.53	0.0757	202	2.97	2.83	29.08	6	1.42	1	2.84	33.21	29.08	35.02	400.98	383.63	10.780	16.618	15.38	23.71	300.0	1699	4	72.91	-2.64	-0.0611	1.0	-0.22	2.74	1.00	0.00	0.16	111115
97	"18:32:12"	3024.5	0	7.52	0.0757	202	2.97	2.83	29.09	6	1.42	1	2.84	33.21	29.09	35.02	401.00	383.68	10.781	16.618	15.38	23.70	300.0	1699	4	72.91	-2.64	-0.0611	1.0	-0.22	2.74	1.00	0.00	0.16	111115
98	"18:32:13"	3025.0	0	7.51	0.0757	203	2.97	2.83	29.09	6	1.42	1	2.84	33.21	29.09	35.02	401.01	383.72	10.781	16.619	15.38	23.70	300.1	1699	4	72.91	-2.64	-0.0611	1.0	-0.22	2.74	1.00	0.00	0.16	111115
99	"18:32:13"	3025.5	0	7.49	0.0757	203	2.97	2.83	29.09	6	1.42	1	2.84	33.21	29.09	35.02	400.99	383.74	10.779	16.620	15.37	23.70	300.0	1699	4	72.91	-2.64	-0.0611	1.0	-0.22	2.74	1.00	0.00	0.16	111115
100	"18:32:14"	3026.0	0	7.48	0.0757	203	2.97	2.83	29.09	6	1.42	1	2.84	33.21	29.09	35.02	400.98	383.73	10.778	16.618	15.37	23.70	300.1	1699	4	72.91	-2.64	-0.0611	1.0	-0.22	2.74	1.00	0.00	0.16	111115
101	"18:32:14"	3026.5	0	7.47	0.0757	203	2.97	2.83	29.10	6	1.42	1	2.84	33.21	29.10	35.02	400.97	383.75	10.779	16.618	15.37	23.70	300.1	1699	4	72.91	-2.64	-0.0611	1.0	-0.22	2.74	1.00	0.00	0.16	111115
102	"18:32:15"	3027.0	0	7.45	0.0756	204	2.97	2.83	29.10	6	1.42	1	2.84	33.22	29.10	35.02	400.95	383.77	10.778	16.620	15.37	23.70	300.0	1699	4	72.91	-2.64	-0.0611	1.0	-0.22	2.74	1.00	0.00	0.16	111115
103	"18:32:15"	3027.5	0	7.45	0.0756	204	2.97	2.83	29.10	6	1.42	1	2.84	33.22	29.10	35.02	400.96	383.78	10.777	16.619	15.36	23.69	300.0	1699	4	72.91	-2.64	-0.0611	1.0	-0.22	2.74	1.00	0.00	0.16	111115
104	"18:32:16"	3028.0	0	7.44	0.0757	204	2.97	2.83	29.09	6	1.42	1	2.84	33.22	29.09	35.02	400.93	383.78	10.777	16.619	15.36	23.69	300.0	1699	4	72.91	-2.64	-0.0611	1.0	-0.22	2.74	1.00	0.00	0.16	111115
105	"18:32:16"	3028.5	0	7.42	0.0758	205	2.97	2.83	29.08	6	1.42	1	2.84	33.22	29.08	35.02	400.93	383.80	10.776	16.619	15.36	23.69	300.0	1699	4	72.91	-2.64	-0.0611	0.7	-0.22	2.74	1.00	0.00	0.16	111115
"18:32:31 Coolers: Tblock -> 40.00 C"
"18:35:29 Flow: Fixed -> 300 umol/s"
106	"18:36:51"	3304.0	0	6.73	0.0663	195	3.28	3.54	32.02	6	1.42	1	2.84	37.74	32.02	40.09	400.08	384.11	10.579	17.022	11.75	18.91	300.0	1700	4	72.91	-2.15	-0.0964	1.0	-0.22	2.74	1.00	0.00	0.16	111115
107	"18:36:52"	3304.0	0	6.73	0.0663	195	3.28	3.54	32.02	6	1.42	1	2.84	37.74	32.02	40.09	400.08	384.11	10.579	17.022	11.75	18.91	300.0	1700	4	72.91	-2.15	-0.0964	1.0	-0.22	2.74	1.00	0.00	0.16	111115
108	"18:36:52"	3304.5	0	6.73	0.0663	195	3.28	3.54	32.01	6	1.42	1	2.84	37.74	32.01	40.09	400.12	384.15	10.580	17.023	11.75	18.91	300.1	1700	4	72.91	-2.15	-0.0964	1.0	-0.22	2.74	1.00	0.00	0.16	111115
109	"18:36:53"	3305.0	0	6.77	0.0663	194	3.28	3.54	32.01	6	1.42	1	2.84	37.74	32.01	40.09	400.19	384.15	10.579	17.022	11.75	18.90	300.1	1700	4	72.91	-2.15	-0.0964	1.0	-0.22	2.74	1.00	0.00	0.16	111115
110	"18:36:54"	3305.5	0	6.77	0.0662	194	3.28	3.54	32.03	6	1.42	1	2.84	37.74	32.03	40.09	400.23	384.18	10.579	17.020	11.75	18.90	300.1	1700	4	72.91	-2.15	-0.0964	1.0	-0.22	2.74	1.00	0.00	0.16	111115
111	"18:36:54"	3306.5	0	6.82	0.0662	193	3.27	3.54	32.02	6	1.42	1	2.84	37.75	32.02	40.09	400.37	384.23	10.581	17.016	11.75	18.89	300.1	1700	4	72.91	-2.15	-0.0964	1.0	-0.22	2.74	1.00	0.00	0.16	111115
112	"18:36:55"	3307.0	0	6.87	0.0662	192	3.27	3.54	32.01	6	1.42	1	2.84	37.75	32.01	40.09	400.47	384.23	10.580	17.014	11.75	18.89	300.1	1700	4	72.91	-2.15	-0.0964	1.0	-0.22	2.74	1.00	0.00	0.16	111115
113	"18:36:56"	3307.5	0	6.89	0.0661	191	3.27	3.54	32.02	6	1.42	1	2.84	37.75	32.02	40.09	400.51	384.23	10.581	17.013	11.75	18.89	300.1	1700	4	72.91	-2.15	-0.0964	1.0	-0.22	2.74	1.00	0.00	0.16	111115
114	"18:36:56"	3308.0	0	6.87	0.066	191	3.27	3.54	32.03	6	1.42	1	2.84	37.75	32.03	40.09	400.52	384.27	10.580	17.010	11.75	18.88	300.1	1700	4	72.91	-2.15	-0.0964	1.0	-0.22	2.74	1.00	0.00	0.16	111115
115	"18:36:57"	3309.0	0	6.73	0.0658	194	3.27	3.55	32.06	6	1.42	1	2.84	37.75	32.06	40.09	400.30	384.33	10.580	17.005	11.75	18.88	300.1	1700	4	72.91	-2.15	-0.0964	1.0	-0.22	2.74	1.00	0.00	0.16	111115
116	"18:36:57"	3309.5	0	6.65	0.0658	196	3.27	3.55	32.06	6	1.42	1	2.84	37.75	32.06	40.09	400.18	384.37	10.581	17.005	11.75	18.88	300.1	1700	4	72.91	-2.15	-0.0964	0.7	-0.22	2.74	1.00	0.00	0.16	111115
117	"18:36:58"	3310.0	0	6.59	0.0657	197	3.27	3.56	32.08	6	1.42	1	2.84	37.75	32.08	40.09	400.06	384.38	10.579	17.005	11.74	18.88	300.0	1700	4	72.91	-2.15	-0.0964	0.7	-0.22	2.74	1.00	0.00	0.16	111115
118	"18:37:14"	3326.5	0	6.59	0.065	195	3.25	3.58	32.14	6	1.42	1	2.84	37.78	32.14	40.09	399.97	384.30	10.578	16.970	11.72	18.81	300.0	1700	4	72.91	-2.15	-0.0964	1.0	-0.22	2.74	1.00	0.00	0.16	111115
119	"18:37:14"	3326.5	0	6.59	0.065	195	3.25	3.58	32.14	6	1.42	1	2.84	37.78	32.14	40.09	399.97	384.30	10.578	16.970	11.72	18.81	300.0	1700	4	72.91	-2.15	-0.0964	1.0	-0.22	2.74	1.00	0.00	0.16	111115
120	"18:37:15"	3327.0	0	6.58	0.0649	195	3.25	3.58	32.16	6	1.42	1	2.84	37.78	32.16	40.09	399.95	384.30	10.578	16.968	11.72	18.80	300.0	1700	4	72.91	-2.15	-0.0964	1.0	-0.22	2.74	1.00	0.00	0.16	111115
121	"18:37:15"	3327.5	0	6.57	0.0648	195	3.25	3.58	32.17	6	1.42	1	2.84	37.79	32.17	40.09	399.96	384.31	10.578	16.969	11.72	18.80	300.0	1700	4	72.91	-2.15	-0.0964	1.0	-0.22	2.74	1.00	0.00	0.16	111115
122	"18:37:16"	3328.0	0	6.59	0.0648	195	3.25	3.59	32.18	6	1.42	1	2.84	37.79	32.18	40.09	399.94	384.26	10.578	16.967	11.72	18.80	300.0	1700	4	72.91	-2.15	-0.0964	1.0	-0.22	2.74	1.00	0.00	0.16	111115
123	"18:37:16"	3328.5	0	6.59	0.0647	194	3.25	3.59	32.19	6	1.42	1	2.84	37.79	32.19	40.09	399.93	384.26	10.578	16.966	11.72	18.80	300.0	1700	4	72.92	-2.15	-0.0964	1.0	-0.22	2.74	1.00	0.00	0.16	111115
124	"18:37:17"	3329.0	0	6.62	0.0647	194	3.25	3.59	32.18	6	1.42	1	2.84	37.79	32.18	40.09	399.98	384.25	10.579	16.966	11.72	18.80	300.0	1700	4	72.91	-2.15	-0.0964	1.0	-0.22	2.74	1.00	0.00	0.16	111115
125	"18:37:17"	3329.5	0	6.63	0.0648	194	3.25	3.58	32.16	6	1.42	1	2.84	37.79	32.16	40.09	400.02	384.27	10.578	16.966	11.72	18.80	300.0	1700	4	72.91	-2.15	-0.0964	1.0	-0.22	2.74	1.00	0.00	0.16	111115
126	"18:37:18"	3330.0	0	6.64	0.0649	194	3.25	3.58	32.15	6	1.42	1	2.84	37.79	32.15	40.09	400.03	384.25	10.578	16.965	11.72	18.80	300.0	1700	4	72.92	-2.15	-0.0964	1.0	-0.22	2.74	1.00	0.00	0.16	111115
127	"18:37:18"	3330.5	0	6.64	0.0648	193	3.25	3.58	32.17	6	1.42	1	2.84	37.79	32.17	40.09	400.05	384.27	10.577	16.963	11.72	18.79	300.0	1700	4	72.92	-2.15	-0.0964	1.0	-0.22	2.74	1.00	0.00	0.16	111115
128	"18:37:19"	3331.0	0	6.67	0.0647	193	3.25	3.59	32.18	6	1.42	1	2.84	37.79	32.18	40.09	400.08	384.25	10.578	16.963	11.72	18.79	300.0	1700	4	72.92	-2.15	-0.0964	1.0	-0.22	2.74	1.00	0.00	0.16	111115
129	"18:37:19"	3331.5	0	6.66	0.0647	193	3.25	3.59	32.18	6	1.42	1	2.84	37.79	32.18	40.09	400.06	384.25	10.577	16.960	11.72	18.79	300.0	1700	4	72.91	-2.15	-0.0964	1.0	-0.22	2.74	1.00	0.00	0.16	111115
130	"18:37:20"	3332.0	0	6.66	0.0647	193	3.25	3.59	32.18	6	1.42	1	2.84	37.79	32.18	40.09	400.11	384.29	10.577	16.960	11.72	18.79	300.0	1700	4	72.91	-2.15	-0.0964	1.0	-0.22	2.74	1.00	0.00	0.16	111115
131	"18:37:20"	3332.5	0	6.67	0.0647	192	3.25	3.59	32.18	6	1.42	1	2.84	37.79	32.18	40.09	400.11	384.28	10.577	16.959	11.72	18.78	300.0	1700	4	72.91	-2.15	-0.0964	1.0	-0.22	2.74	1.00	0.00	0.16	111115
132	"18:37:21"	3333.0	0	6.66	0.0646	192	3.25	3.59	32.20	6	1.42	1	2.84	37.79	32.20	40.09	400.13	384.32	10.577	16.958	11.71	18.78	300.1	1700	4	72.92	-2.15	-0.0964	1.0	-0.22	2.74	1.00	0.00	0.16	111115
"18:37:45 Coolers: Tblock -> 45.00 C"
"18:42:05 Flow: Fixed -> 300 umol/s"
133	"18:43:16"	3689.5	0	4.97	0.0488	194	3.02	4.39	34.77	6	1.42	1	2.84	41.60	34.77	44.10	400.86	388.56	10.358	16.310	9.36	14.73	300.0	1701	6	72.91	-1.55	-0.0773	1.0	-0.22	2.74	1.00	0.00	0.16	111115
134	"18:43:17"	3690.0	0	5.01	0.0488	193	3.02	4.38	34.75	6	1.42	1	2.84	41.60	34.75	44.09	400.89	388.52	10.358	16.307	9.36	14.73	300.0	1701	6	72.91	-1.55	-0.0773	1.0	-0.22	2.74	1.00	0.00	0.16	111115
135	"18:43:17"	3690.0	0	5.01	0.0488	193	3.02	4.38	34.75	6	1.42	1	2.84	41.60	34.75	44.09	400.89	388.52	10.358	16.307	9.36	14.73	300.0	1701	6	72.91	-1.55	-0.0773	1.0	-0.22	2.74	1.00	0.00	0.16	111115
136	"18:43:18"	3690.5	0	4.99	0.0488	193	3.02	4.38	34.74	6	1.42	1	2.84	41.60	34.74	44.08	400.88	388.55	10.358	16.305	9.36	14.73	300.0	1701	6	72.91	-1.55	-0.0773	1.0	-0.22	2.74	1.00	0.00	0.16	111115
137	"18:43:18"	3691.0	0	4.98	0.0488	194	3.02	4.38	34.73	6	1.42	1	2.84	41.59	34.73	44.08	400.88	388.57	10.357	16.303	9.36	14.73	299.9	1701	6	72.91	-1.55	-0.0773	1.0	-0.22	2.74	1.00	0.00	0.16	111115
138	"18:43:19"	3691.0	0	4.98	0.0488	194	3.02	4.38	34.73	6	1.42	1	2.84	41.59	34.73	44.08	400.88	388.57	10.357	16.303	9.36	14.73	299.9	1701	6	72.91	-1.55	-0.0773	1.0	-0.22	2.74	1.00	0.00	0.16	111115
139	"18:43:19"	3691.5	0	4.97	0.0488	194	3.02	4.38	34.74	6	1.42	1	2.84	41.59	34.74	44.07	400.88	388.58	10.357	16.300	9.36	14.74	300.0	1701	6	72.91	-1.55	-0.0773	1.0	-0.22	2.74	1.00	0.00	0.16	111115
140	"18:43:20"	3692.0	0	4.99	0.0487	193	3.02	4.38	34.76	6	1.42	1	2.84	41.58	34.76	44.06	400.88	388.56	10.358	16.298	9.37	14.74	300.0	1701	6	72.92	-1.55	-0.0773	1.0	-0.22	2.74	1.00	0.00	0.16	111115
141	"18:43:20"	3692.5	0	4.94	0.0487	194	3.02	4.39	34.76	6	1.42	1	2.84	41.58	34.76	44.06	400.82	388.59	10.357	16.295	9.37	14.74	300.0	1701	6	72.91	-1.55	-0.0773	1.0	-0.22	2.74	1.00	0.00	0.16	111115
142	"18:43:20"	3693.0	0	4.92	0.0486	195	3.02	4.39	34.76	6	1.42	1	2.84	41.57	34.76	44.05	400.78	388.59	10.357	16.291	9.37	14.74	300.0	1701	6	72.91	-1.55	-0.0773	1.0	-0.22	2.74	1.00	0.00	0.16	111115
143	"18:43:21"	3693.5	0	4.89	0.0487	196	3.01	4.38	34.74	6	1.42	1	2.84	41.57	34.74	44.04	400.70	388.58	10.357	16.287	9.37	14.74	300.0	1701	6	72.92	-1.55	-0.0773	1.0	-0.22	2.74	1.00	0.00	0.16	111115
144	"18:43:21"	3694.0	0	4.82	0.0486	198	3.01	4.38	34.75	6	1.42	1	2.84	41.56	34.75	44.04	400.59	388.61	10.357	16.284	9.37	14.74	300.0	1701	6	72.92	-1.55	-0.0773	1.0	-0.22	2.74	1.00	0.00	0.16	111115
145	"18:43:22"	3694.5	0	4.82	0.0486	198	3.01	4.39	34.76	6	1.42	1	2.84	41.56	34.76	44.03	400.54	388.56	10.356	16.283	9.38	14.74	300.0	1701	6	72.91	-1.55	-0.0773	1.0	-0.22	2.74	1.00	0.00	0.16	111115
146	"18:43:22"	3695.0	0	4.83	0.0485	197	3.01	4.39	34.76	6	1.42	1	2.84	41.56	34.76	44.02	400.56	388.55	10.358	16.280	9.38	14.74	300.0	1701	6	72.91	-1.55	-0.0773	1.0	-0.22	2.74	1.00	0.00	0.16	111115
147	"18:43:23"	3695.5	0	4.84	0.0485	197	3.01	4.39	34.75	6	1.42	1	2.84	41.55	34.75	44.02	400.58	388.56	10.359	16.278	9.38	14.74	300.0	1701	6	72.91	-1.55	-0.0773	1.0	-0.22	2.74	1.00	0.00	0.16	111115
"18:44:03 Coolers: Tblock -> 50.00 C"
"18:55:59 Flow: Fixed -> 300 umol/s"
148	"18:56:47"	4500.0	0	3.15	0.0323	196	2.56	5.52	37.88	6	1.42	1	2.84	46.62	37.88	49.86	399.52	391.22	9.966	15.000	6.94	10.44	300.0	1699	7	72.9	-1.38	-0.0402	1.0	-0.22	2.74	1.00	0.00	0.16	111115
149	"18:56:48"	4500.5	0	3.13	0.0323	197	2.56	5.52	37.89	6	1.42	1	2.84	46.62	37.89	49.86	399.48	391.22	9.965	15.000	6.94	10.44	300.0	1699	7	72.9	-1.38	-0.0402	1.0	-0.22	2.74	1.00	0.00	0.16	111115
150	"18:56:48"	4500.5	0	3.13	0.0323	197	2.56	5.52	37.89	6	1.42	1	2.84	46.62	37.89	49.86	399.48	391.22	9.965	15.000	6.94	10.44	300.0	1699	7	72.9	-1.38	-0.0402	1.0	-0.22	2.74	1.00	0.00	0.16	111115
151	"18:56:49"	4501.0	0	3.12	0.0323	197	2.56	5.53	37.90	6	1.42	1	2.84	46.62	37.90	49.85	399.47	391.22	9.965	15.001	6.94	10.44	300.0	1699	7	72.9	-1.38	-0.0402	1.0	-0.22	2.74	1.00	0.00	0.16	111115
152	"18:56:49"	4501.5	0	3.08	0.0323	199	2.56	5.53	37.90	6	1.42	1	2.84	46.62	37.90	49.85	399.38	391.22	9.964	15.000	6.93	10.44	300.0	1699	7	72.9	-1.38	-0.0402	1.0	-0.22	2.74	1.00	0.00	0.16	111115
153	"18:56:49"	4502.0	0	3.05	0.0323	201	2.56	5.53	37.90	6	1.42	1	2.84	46.62	37.90	49.86	399.32	391.21	9.963	15.001	6.93	10.44	300.0	1699	7	72.9	-1.38	-0.0402	1.0	-0.22	2.74	1.00	0.00	0.16	111115
154	"18:56:50"	4502.5	0	3.05	0.0323	200	2.56	5.54	37.92	6	1.42	1	2.84	46.62	37.92	49.86	399.27	391.16	9.963	15.001	6.93	10.44	300.0	1699	7	72.89	-1.38	-0.0402	1.0	-0.22	2.74	1.00	0.00	0.16	111115
155	"18:56:50"	4503.0	0	3.07	0.0322	199	2.56	5.55	37.96	6	1.42	1	2.84	46.62	37.96	49.86	399.29	391.15	9.963	15.000	6.93	10.44	300.0	1699	7	72.89	-1.38	-0.0402	1.0	-0.22	2.74	1.00	0.00	0.16	111115
156	"18:56:51"	4503.5	0	3.07	0.0321	199	2.56	5.56	37.98	6	1.42	1	2.84	46.62	37.98	49.86	399.30	391.15	9.963	14.998	6.93	10.44	300.0	1699	7	72.89	-1.38	-0.0402	1.0	-0.22	2.74	1.00	0.00	0.16	111115
157	"18:56:51"	4504.0	0	3.12	0.0321	196	2.56	5.56	37.99	6	1.42	1	2.84	46.63	37.99	49.86	399.35	391.11	9.963	14.999	6.93	10.44	300.0	1699	7	72.89	-1.38	-0.0402	1.0	-0.22	2.74	1.00	0.00	0.16	111115
158	"18:56:52"	4504.0	0	3.12	0.0321	196	2.56	5.56	37.99	6	1.42	1	2.84	46.63	37.99	49.86	399.35	391.11	9.963	14.999	6.93	10.44	300.0	1699	7	72.89	-1.38	-0.0402	1.0	-0.22	2.74	1.00	0.00	0.16	111115
159	"18:56:52"	4504.5	0	3.14	0.0321	196	2.56	5.55	37.97	6	1.42	1	2.84	46.63	37.97	49.86	399.37	391.09	9.963	15.000	6.93	10.44	300.1	1699	7	72.9	-1.38	-0.0402	1.0	-0.22	2.74	1.00	0.00	0.16	111115
160	"18:56:53"	4505.0	0	3.12	0.0321	197	2.56	5.55	37.97	6	1.42	1	2.84	46.63	37.97	49.86	399.34	391.11	9.964	15.000	6.93	10.43	300.0	1699	7	72.9	-1.38	-0.0402	1.0	-0.22	2.74	1.00	0.00	0.16	111115
161	"18:56:53"	4505.5	0	3.15	0.0321	195	2.56	5.57	38.00	6	1.42	1	2.84	46.63	38.00	49.85	399.39	391.09	9.965	14.999	6.93	10.43	300.0	1699	7	72.9	-1.38	-0.0402	1.0	-0.22	2.74	1.00	0.00	0.16	111115
162	"18:56:54"	4506.0	0	3.17	0.032	193	2.56	5.58	38.04	6	1.42	1	2.84	46.63	38.04	49.85	399.44	391.11	9.965	15.000	6.93	10.43	300.0	1699	7	72.9	-1.38	-0.0402	0.7	-0.22	2.74	1.00	0.00	0.16	111115
