"OPEN 6.2.4"
"Fri Jun 24 2016 14:31:13"
<open><version>"6.2.4"</version></open>
<open><configfile>"/User/Configs/UserPrefs/2x3 LED.xml"</configfile></open>
<open><light><source>"6400-02 or -02B LED Source"</source><par_in>1<sensor>"SI-3781"<cal>-0.93<actinity>1.00</actinity><transm>1.00</transm></cal></sensor><transm>1</transm></par_in><par_out>1<sensor>"Q49599"<cal>7.26</cal></sensor></par_out></light></open>
<open><comps><file>"/User/Configs/Comps/StdComps_6.2"<header>""</header><extras></extras></file><energybal>no<f_parIn>1</f_parIn><f_parOut>0</f_parOut><alphaK>0.16</alphaK></energybal><bc_total>2.840<stomatal_ratio>1</stomatal_ratio><bc_oneside>1.420<type>2</type><table>"/Sys/Lib/StdBLCTable"</table><area>6</area><slope>-0.219565</slope><offset>2.73739</offset><fan>5</fan></bc_oneside></bc_total></comps></open>
<open><prompts><onlog>off</onlog><items>"Default (none)"</items></prompts></open>
<open><constants><oxygen>21 %</oxygen><bb_vapor>1.5</bb_vapor><bb_oxy>0.9</bb_oxy></constants></open>
<open><stability><items>"Std Stability"<items[1]><id>-2</id><size>15</size><pcv><onoff>0</onoff><value>1</value></pcv><std><onoff>0</onoff><value>1</value></std><slp><onoff>1</onoff><value>1</value></slp></items[1]><items[2]><id>-5</id><size>15</size><pcv><onoff>0</onoff><value>1</value></pcv><std><onoff>0</onoff><value>1</value></std><slp><onoff>1</onoff><value>1</value></slp></items[2]><items[3]><id>-7</id><size>15</size><pcv><onoff>0</onoff><value>1</value></pcv><std><onoff>0</onoff><value>1</value></std><slp><onoff>1</onoff><value>1</value></slp></items[3]></items></stability></open>
<open><log><format>"StdLogFmt_6.0"<items>{ -35 -21 -36 -76 30 23 36 21 25 221 -33 111 -34 11 -9 -10 -8 -1 -2 -4 -5 -14 -15 -7 -12 -13 -11 -65 -66 -72 -18 -19 -77 -78 -79 -23  }<hdr>{  }</hdr></items></format><options><beep>on</beep><hdr>normal</hdr><rem>normal</rem><stab>no</stab><stats>no<mean>no</mean><file>no</file><period>15</period></stats><excel>yes</excel><controls>yes</controls><comm>no</comm></options><datafile>"/User/062416-stm-shrub1"</datafile><button><action>"Normal Log"<code>" LogOneObsManual "</code></action></button><autoprog>"/User/Configs/AutoProgs/AutoLog2"<active>no</active></autoprog></log></open>
<open><a2d><avgtime>4.0 secs</avgtime><userchans><ch20>"Off"</ch20><ch21>"Off"</ch21><ch22>"Off"</ch22><ch23>"Off"</ch23></userchans></a2d></open>
<open><matching><type>0</type><disp>'a'</disp><settings><CO2Limit>10.0</CO2Limit><H2OLimit>1.0</H2OLimit><MaxAutoTime>60</MaxAutoTime></settings></matching></open>
<li6400><factory><unit>"PSC-3840"</unit><serviced>"1 Jul 2013"</serviced><fuseaware>0</fuseaware><co2mixer>yes</co2mixer><co2><coeffs>{ 0 0.213319 2.22998e-05 2.13159e-08 -3.88664e-12 3.69888e-16  }</coeffs><dvdt>-4.7</dvdt><xs>{ 0.0009 -0.0002  }</xs></co2><h2o><coeffs>{ 0 0.00572751 2.23485e-06 -7.37877e-12  }</coeffs><dvdt>-1.7</dvdt><xs>{ 0.0009 -0.0028  }</xs></h2o><flow>{ 0 0.3568  }</flow><press>{ 88.437 0.00551  }</press></factory></li6400>
<li6400><user><flow_zero>-820.3</flow_zero><irga_zero><co2>468.8 234.4<at>18.1598</at></co2><h2o>78.1 156.2<at>17.1607</at></h2o></irga_zero><irga_span><co2>{ 0.99237 0.992833  }</co2><h2o>{ 1.00426 0.996799  }</h2o></irga_span><irga_match><co2>{ 0.940565 1.04132  }</co2><h2o>{ 0.00477181 0.069363  }</h2o></irga_match><co2_mixer><pump_mv>4500</pump_mv><ppm>{ 2938.24 1287.24 480.57 287.911 131.964 79.0122 54.4649 48.1774  }</ppm><mv>{ 5000 3000 1500 1000 500 300 200 100  }</mv></co2_mixer><parin_offset>0</parin_offset><led_cal><unit>"SI-3781"</unit><mv>{ 10 25 50 100 1000 2000 3000 4000 5000  }</mv><qntm>{ 4.69642 15.4417 35.4805 82.2863 972.665 1922.29 2824.32 3690.14 4518.2  }</qntm></led_cal><lcf_cal><unit>"unknown"</unit><red><mv>{ 50 100 500 1000 1500 5000  }</mv><qntm>{ 50 100 500 1000 2000 5000  }</qntm></red><blue><mv>{ 100 200 500 1000 2000 5000  }</mv><qntm>{ 10 20 50 100 200 500  }</qntm></blue></lcf_cal></user></li6400>
"14:31:14 "
$STARTOFDATA$
"Obs"	"HHMMSS"	"FTime"	"EBal?"	"Photo"	"Cond"	"Ci"	"Trmmol"	"VpdL"	"CTleaf"	"Area"	"BLC_1"	"StmRat"	"BLCond"	"Tair"	"Tleaf"	"TBlk"	"CO2R"	"CO2S"	"H2OR"	"H2OS"	"RH_R"	"RH_S"	"Flow"	"PARi"	"PARo"	"Press"	"CsMch"	"HsMch"	"StableF"	"BLCslope"	"BLCoffst"	"f_parin"	"f_parout"	"alphaK"	"Status"
"14:44:57 Coolers: Tblock -> 0.14 C"
"14:59:17 Flow: Fixed -> 200 umol/s"
1	"14:59:50"	1743.0	0	4.03	0.0586	268	0.662	0.833	8.65	6	1.42	1	2.84	3.09	8.65	0.24	399.11	386.27	2.037	4.014	19.39	38.21	200.2	1701	9	72.91	-2.73	0.127	1.0	-0.22	2.74	1.00	0.00	0.16	111115
2	"14:59:50"	1743.5	0	4.03	0.0587	268	0.663	0.832	8.65	6	1.42	1	2.84	3.09	8.65	0.24	399.10	386.26	2.037	4.015	19.39	38.23	200.2	1701	9	72.91	-2.73	0.127	1.0	-0.22	2.74	1.00	0.00	0.16	111115
3	"14:59:51"	1744.0	0	4.04	0.0588	268	0.663	0.831	8.63	6	1.42	1	2.84	3.09	8.63	0.24	399.11	386.23	2.036	4.015	19.39	38.22	200.2	1701	9	72.91	-2.73	0.127	1.0	-0.22	2.74	1.00	0.00	0.16	111115
4	"14:59:51"	1744.5	0	4.04	0.0588	268	0.663	0.831	8.63	6	1.42	1	2.84	3.09	8.63	0.24	399.13	386.24	2.037	4.016	19.39	38.23	200.2	1701	9	72.91	-2.73	0.127	1.0	-0.22	2.74	1.00	0.00	0.16	111115
5	"14:59:52"	1745.0	0	4.06	0.0587	267	0.663	0.832	8.64	6	1.42	1	2.84	3.09	8.64	0.24	399.16	386.21	2.036	4.014	19.39	38.22	200.2	1701	9	72.91	-2.73	0.127	1.0	-0.22	2.74	1.00	0.00	0.16	111115
6	"14:59:52"	1745.5	0	4.09	0.0588	267	0.663	0.832	8.64	6	1.42	1	2.84	3.09	8.64	0.24	399.24	386.21	2.036	4.015	19.38	38.22	200.2	1701	9	72.91	-2.73	0.127	1.0	-0.22	2.74	1.00	0.00	0.16	111115
7	"14:59:53"	1746.0	0	4.1	0.0588	267	0.663	0.832	8.64	6	1.42	1	2.84	3.09	8.64	0.24	399.26	386.21	2.035	4.015	19.38	38.23	200.2	1701	9	72.91	-2.73	0.127	1.0	-0.22	2.74	1.00	0.00	0.16	111115
8	"14:59:53"	1746.5	0	4.11	0.0588	266	0.663	0.832	8.64	6	1.42	1	2.84	3.09	8.64	0.24	399.27	386.18	2.035	4.015	19.37	38.22	200.2	1701	9	72.91	-2.73	0.127	1.0	-0.22	2.74	1.00	0.00	0.16	111115
9	"14:59:54"	1747.0	0	4.11	0.0587	266	0.663	0.832	8.64	6	1.42	1	2.84	3.09	8.64	0.24	399.29	386.19	2.035	4.014	19.38	38.22	200.2	1701	9	72.91	-2.73	0.127	1.0	-0.22	2.74	1.00	0.00	0.16	111115
10	"14:59:54"	1747.5	0	4.12	0.0588	266	0.663	0.831	8.63	6	1.42	1	2.84	3.09	8.63	0.24	399.32	386.20	2.035	4.015	19.37	38.22	200.3	1701	9	72.91	-2.73	0.127	1.0	-0.22	2.74	1.00	0.00	0.16	111115
11	"14:59:55"	1748.0	0	4.12	0.0588	266	0.664	0.831	8.63	6	1.42	1	2.84	3.09	8.63	0.24	399.32	386.21	2.035	4.015	19.37	38.23	200.3	1701	9	72.91	-2.73	0.127	1.0	-0.22	2.74	1.00	0.00	0.16	111115
12	"14:59:55"	1748.5	0	4.13	0.0587	266	0.663	0.832	8.65	6	1.42	1	2.84	3.09	8.65	0.24	399.35	386.20	2.035	4.014	19.37	38.22	200.2	1701	9	72.91	-2.73	0.127	1.0	-0.22	2.74	1.00	0.00	0.16	111115
13	"14:59:56"	1749.0	0	4.13	0.0588	266	0.664	0.831	8.63	6	1.42	1	2.84	3.09	8.63	0.24	399.35	386.22	2.035	4.015	19.37	38.23	200.2	1701	9	72.91	-2.73	0.127	1.0	-0.22	2.74	1.00	0.00	0.16	111115
14	"14:59:56"	1749.5	0	4.1	0.0587	266	0.663	0.832	8.64	6	1.42	1	2.84	3.09	8.64	0.24	399.29	386.22	2.035	4.014	19.38	38.22	200.2	1701	9	72.91	-2.73	0.127	1.0	-0.22	2.74	1.00	0.00	0.16	111115
15	"14:59:57"	1750.0	0	4.11	0.0587	266	0.663	0.832	8.64	6	1.42	1	2.84	3.09	8.64	0.24	399.31	386.21	2.035	4.014	19.37	38.21	200.2	1701	9	72.91	-2.73	0.127	1.0	-0.22	2.74	1.00	0.00	0.16	111115
"15:00:14 Coolers: Tblock -> 5.00 C"
"15:07:56 Flow: Fixed -> 200 umol/s"
"15:13:00 Flow: Fixed -> 200 umol/s"
"15:13:19 Flow: Fixed -> 200 umol/s"
16	"15:14:10"	2602.5	0	4.52	0.0597	255	0.849	1.05	12.01	6	1.42	1	2.84	7.42	12.01	5.12	399.81	385.30	2.454	4.985	17.29	35.12	200.2	1700	12	72.92	-2.67	0.122	1.0	-0.22	2.74	1.00	0.00	0.16	111115
17	"15:14:11"	2603.0	0	4.51	0.0597	255	0.849	1.05	12.02	6	1.42	1	2.84	7.42	12.02	5.12	399.78	385.27	2.454	4.986	17.29	35.12	200.2	1700	12	72.92	-2.67	0.122	1.0	-0.22	2.74	1.00	0.00	0.16	111115
18	"15:14:11"	2603.5	0	4.52	0.0596	254	0.849	1.05	12.04	6	1.42	1	2.84	7.42	12.04	5.12	399.77	385.25	2.454	4.985	17.29	35.11	200.2	1700	12	72.92	-2.67	0.122	1.0	-0.22	2.74	1.00	0.00	0.16	111115
19	"15:14:12"	2604.0	0	4.52	0.0595	254	0.849	1.05	12.06	6	1.42	1	2.84	7.42	12.06	5.12	399.75	385.24	2.453	4.986	17.28	35.12	200.2	1700	12	72.92	-2.67	0.122	1.0	-0.22	2.74	1.00	0.00	0.16	111115
20	"15:14:12"	2604.5	0	4.51	0.0595	254	0.849	1.05	12.06	6	1.42	1	2.84	7.42	12.06	5.12	399.76	385.27	2.454	4.985	17.29	35.12	200.2	1700	12	72.92	-2.67	0.122	1.0	-0.22	2.74	1.00	0.00	0.16	111115
21	"15:14:13"	2605.0	0	4.51	0.0594	254	0.849	1.05	12.06	6	1.42	1	2.84	7.42	12.06	5.12	399.76	385.27	2.455	4.985	17.29	35.12	200.2	1699	12	72.92	-2.67	0.122	1.0	-0.22	2.74	1.00	0.00	0.16	111115
22	"15:14:13"	2605.5	0	4.5	0.0595	255	0.849	1.05	12.06	6	1.42	1	2.84	7.42	12.06	5.12	399.77	385.31	2.455	4.986	17.30	35.13	200.2	1700	12	72.92	-2.67	0.122	1.0	-0.22	2.74	1.00	0.00	0.16	111115
23	"15:14:14"	2606.0	0	4.48	0.0594	255	0.848	1.05	12.07	6	1.42	1	2.84	7.42	12.07	5.12	399.73	385.32	2.456	4.986	17.30	35.13	200.2	1700	12	72.92	-2.67	0.122	1.0	-0.22	2.74	1.00	0.00	0.16	111115
24	"15:14:14"	2606.0	0	4.48	0.0594	255	0.848	1.05	12.07	6	1.42	1	2.84	7.42	12.07	5.12	399.73	385.32	2.456	4.986	17.30	35.13	200.2	1700	12	72.92	-2.67	0.122	1.0	-0.22	2.74	1.00	0.00	0.16	111115
25	"15:14:15"	2606.5	0	4.48	0.0594	255	0.849	1.05	12.07	6	1.42	1	2.84	7.42	12.07	5.12	399.73	385.33	2.456	4.986	17.30	35.13	200.2	1700	12	72.92	-2.67	0.122	1.0	-0.22	2.74	1.00	0.00	0.16	111115
26	"15:14:15"	2607.0	0	4.47	0.0594	255	0.848	1.05	12.06	6	1.42	1	2.84	7.42	12.06	5.12	399.73	385.35	2.456	4.985	17.30	35.12	200.2	1700	12	72.92	-2.67	0.122	1.0	-0.22	2.74	1.00	0.00	0.16	111115
27	"15:14:16"	2607.5	0	4.48	0.0595	255	0.849	1.05	12.06	6	1.42	1	2.84	7.42	12.06	5.12	399.74	385.33	2.456	4.986	17.30	35.13	200.2	1699	12	72.92	-2.67	0.122	1.0	-0.22	2.74	1.00	0.00	0.16	111115
28	"15:14:16"	2608.0	0	4.48	0.0595	255	0.849	1.05	12.05	6	1.42	1	2.84	7.42	12.05	5.12	399.73	385.33	2.456	4.986	17.30	35.13	200.2	1699	12	72.92	-2.67	0.122	1.0	-0.22	2.74	1.00	0.00	0.16	111115
29	"15:14:17"	2608.5	0	4.48	0.0595	255	0.849	1.05	12.05	6	1.42	1	2.84	7.42	12.05	5.12	399.75	385.34	2.456	4.987	17.30	35.13	200.3	1699	12	72.92	-2.67	0.122	1.0	-0.22	2.74	1.00	0.00	0.16	111115
30	"15:14:17"	2609.0	0	4.49	0.0596	255	0.849	1.05	12.05	6	1.42	1	2.84	7.42	12.05	5.12	399.74	385.31	2.456	4.987	17.30	35.13	200.3	1699	12	72.92	-2.67	0.122	1.0	-0.22	2.74	1.00	0.00	0.16	111115
"15:14:28 Coolers: Tblock -> 10.00 C"
"15:19:08 Flow: Fixed -> 200 umol/s"
"15:24:49 Flow: Fixed -> 200 umol/s"
31	"15:26:00"	3313.0	0	4.92	0.0615	246	1.02	1.22	15.04	6	1.42	1	2.84	11.68	15.04	10.04	400.71	384.79	3.810	6.842	20.16	36.21	200.2	1700	16	72.95	-2.67	0.118	1.0	-0.22	2.74	1.00	0.00	0.16	111115
32	"15:26:01"	3313.5	0	4.91	0.0616	246	1.02	1.21	15.02	6	1.42	1	2.84	11.68	15.02	10.04	400.71	384.80	3.809	6.842	20.16	36.22	200.2	1700	16	72.95	-2.67	0.118	1.0	-0.22	2.74	1.00	0.00	0.16	111115
33	"15:26:01"	3314.0	0	4.9	0.0616	247	1.02	1.21	15.02	6	1.42	1	2.84	11.68	15.02	10.04	400.68	384.82	3.809	6.843	20.16	36.22	200.2	1700	15	72.94	-2.67	0.118	1.0	-0.22	2.74	1.00	0.00	0.16	111115
34	"15:26:02"	3314.5	0	4.9	0.0615	247	1.02	1.22	15.03	6	1.42	1	2.84	11.68	15.03	10.04	400.69	384.83	3.810	6.843	20.16	36.22	200.2	1700	16	72.94	-2.67	0.118	1.0	-0.22	2.74	1.00	0.00	0.16	111115
35	"15:26:02"	3314.5	0	4.9	0.0615	247	1.02	1.22	15.03	6	1.42	1	2.84	11.68	15.03	10.04	400.69	384.83	3.810	6.843	20.16	36.22	200.2	1700	16	72.94	-2.67	0.118	1.0	-0.22	2.74	1.00	0.00	0.16	111115
36	"15:26:03"	3315.0	0	4.89	0.0616	247	1.02	1.22	15.03	6	1.42	1	2.84	11.68	15.03	10.04	400.69	384.86	3.810	6.844	20.17	36.22	200.2	1700	16	72.94	-2.67	0.118	1.0	-0.22	2.74	1.00	0.00	0.16	111115
37	"15:26:03"	3315.5	0	4.89	0.0615	247	1.02	1.22	15.03	6	1.42	1	2.84	11.68	15.03	10.04	400.70	384.87	3.811	6.844	20.17	36.22	200.2	1700	16	72.94	-2.67	0.118	1.0	-0.22	2.74	1.00	0.00	0.16	111115
38	"15:26:04"	3316.0	0	4.89	0.0615	247	1.02	1.22	15.04	6	1.42	1	2.84	11.68	15.04	10.04	400.70	384.87	3.810	6.843	20.16	36.21	200.2	1700	16	72.94	-2.67	0.118	1.0	-0.22	2.74	1.00	0.00	0.16	111115
39	"15:26:04"	3316.5	0	4.9	0.0615	246	1.02	1.22	15.04	6	1.42	1	2.84	11.68	15.04	10.04	400.74	384.88	3.810	6.843	20.16	36.21	200.2	1700	16	72.94	-2.67	0.118	1.0	-0.22	2.74	1.00	0.00	0.16	111115
40	"15:26:05"	3317.0	0	4.9	0.0615	246	1.02	1.22	15.04	6	1.42	1	2.84	11.68	15.04	10.04	400.76	384.89	3.810	6.843	20.16	36.21	200.3	1700	16	72.94	-2.67	0.118	1.0	-0.22	2.74	1.00	0.00	0.16	111115
41	"15:26:05"	3317.5	0	4.92	0.0615	246	1.02	1.22	15.04	6	1.42	1	2.84	11.68	15.04	10.04	400.78	384.86	3.809	6.844	20.16	36.21	200.3	1700	16	72.95	-2.67	0.118	1.0	-0.22	2.74	1.00	0.00	0.16	111115
42	"15:26:06"	3318.0	0	4.92	0.0615	246	1.02	1.22	15.04	6	1.42	1	2.84	11.68	15.04	10.04	400.77	384.87	3.809	6.843	20.15	36.21	200.3	1700	16	72.95	-2.67	0.118	1.0	-0.22	2.74	1.00	0.00	0.16	111115
43	"15:26:06"	3318.0	0	4.92	0.0615	246	1.02	1.22	15.04	6	1.42	1	2.84	11.68	15.04	10.04	400.77	384.87	3.809	6.843	20.15	36.21	200.3	1700	16	72.95	-2.67	0.118	1.0	-0.22	2.74	1.00	0.00	0.16	111115
44	"15:26:07"	3318.5	0	4.9	0.0616	247	1.02	1.22	15.04	6	1.42	1	2.84	11.68	15.04	10.04	400.77	384.92	3.808	6.844	20.15	36.21	200.3	1700	16	72.95	-2.67	0.118	1.0	-0.22	2.74	1.00	0.00	0.16	111115
45	"15:26:07"	3319.0	0	4.89	0.0615	247	1.02	1.22	15.04	6	1.42	1	2.84	11.68	15.04	10.04	400.74	384.90	3.808	6.842	20.15	36.20	200.2	1700	16	72.95	-2.67	0.118	1.0	-0.22	2.74	1.00	0.00	0.16	111115
"15:26:16 Coolers: Tblock -> 15.00 C"
"15:32:28 Lamp: ParIn ->  1700 uml"
"15:32:28 CO2 Mixer: CO2R -> 400 uml"
"15:32:28 Coolers: Tblock -> 15.00 C"
"15:32:28 Flow: Fixed -> 200 umol/s"
"15:32:48 Flow: Fixed -> 200 umol/s"
"15:36:46 Flow: Fixed -> 200 umol/s"
"15:38:50 Lamp: ParIn ->  1700 uml"
"15:38:50 CO2 Mixer: CO2R -> 400 uml"
"15:38:50 Coolers: Tblock -> 15.00 C"
"15:38:50 Flow: Fixed -> 200 umol/s"
46	"15:40:22"	4174.5	0	5.3	0.0642	238	1.26	1.43	18.35	6	1.42	1	2.84	16.19	18.35	15.09	399.48	382.15	5.665	9.398	22.37	37.11	200.1	1700	17	72.94	-2.91	0.102	1.0	-0.22	2.74	1.00	0.00	0.16	111115
47	"15:40:22"	4175.0	0	5.31	0.0643	238	1.26	1.43	18.35	6	1.42	1	2.84	16.19	18.35	15.09	399.46	382.11	5.664	9.398	22.37	37.11	200.2	1700	17	72.94	-2.91	0.102	1.0	-0.22	2.74	1.00	0.00	0.16	111115
48	"15:40:22"	4175.0	0	5.31	0.0643	238	1.26	1.43	18.35	6	1.42	1	2.84	16.19	18.35	15.09	399.46	382.11	5.664	9.398	22.37	37.11	200.2	1700	17	72.94	-2.91	0.102	1.0	-0.22	2.74	1.00	0.00	0.16	111115
49	"15:40:23"	4175.5	0	5.3	0.0642	238	1.26	1.43	18.35	6	1.42	1	2.84	16.19	18.35	15.09	399.45	382.11	5.664	9.398	22.37	37.11	200.2	1700	17	72.94	-2.91	0.102	1.0	-0.22	2.74	1.00	0.00	0.16	111115
50	"15:40:23"	4176.0	0	5.28	0.0642	238	1.26	1.43	18.35	6	1.42	1	2.84	16.19	18.35	15.09	399.42	382.15	5.666	9.397	22.37	37.11	200.2	1700	17	72.94	-2.91	0.102	1.0	-0.22	2.74	1.00	0.00	0.16	111115
51	"15:40:24"	4176.5	0	5.27	0.0642	238	1.26	1.43	18.35	6	1.42	1	2.84	16.19	18.35	15.09	399.40	382.16	5.666	9.398	22.37	37.11	200.2	1700	17	72.94	-2.91	0.102	1.0	-0.22	2.74	1.00	0.00	0.16	111115
52	"15:40:24"	4177.0	0	5.26	0.0642	239	1.26	1.43	18.35	6	1.42	1	2.84	16.19	18.35	15.09	399.36	382.16	5.666	9.397	22.37	37.11	200.2	1700	17	72.94	-2.91	0.102	1.0	-0.22	2.74	1.00	0.00	0.16	111115
53	"15:40:25"	4177.5	0	5.26	0.0642	239	1.26	1.43	18.35	6	1.42	1	2.84	16.19	18.35	15.09	399.38	382.17	5.665	9.398	22.37	37.11	200.2	1700	17	72.94	-2.91	0.102	1.0	-0.22	2.74	1.00	0.00	0.16	111115
54	"15:40:25"	4178.0	0	5.27	0.0642	238	1.26	1.43	18.35	6	1.42	1	2.84	16.19	18.35	15.09	399.40	382.17	5.665	9.398	22.37	37.11	200.2	1700	17	72.94	-2.91	0.102	1.0	-0.22	2.74	1.00	0.00	0.16	111115
55	"15:40:26"	4178.5	0	5.27	0.0642	239	1.26	1.43	18.35	6	1.42	1	2.84	16.19	18.35	15.09	399.40	382.18	5.666	9.397	22.37	37.11	200.2	1700	17	72.94	-2.91	0.102	1.0	-0.22	2.74	1.00	0.00	0.16	111115
56	"15:40:26"	4179.0	0	5.27	0.0643	238	1.26	1.43	18.34	6	1.42	1	2.84	16.19	18.34	15.09	399.44	382.19	5.666	9.398	22.37	37.11	200.2	1700	17	72.94	-2.91	0.102	1.0	-0.22	2.74	1.00	0.00	0.16	111115
57	"15:40:27"	4179.5	0	5.28	0.0643	238	1.26	1.43	18.34	6	1.42	1	2.84	16.19	18.34	15.09	399.46	382.18	5.665	9.398	22.37	37.11	200.2	1700	17	72.94	-2.91	0.102	1.0	-0.22	2.74	1.00	0.00	0.16	111115
58	"15:40:27"	4180.0	0	5.3	0.0644	238	1.26	1.43	18.33	6	1.42	1	2.84	16.19	18.33	15.09	399.49	382.16	5.664	9.399	22.36	37.11	200.2	1700	17	72.94	-2.91	0.102	1.0	-0.22	2.74	1.00	0.00	0.16	111115
59	"15:40:28"	4180.5	0	5.32	0.0644	237	1.26	1.43	18.33	6	1.42	1	2.84	16.19	18.33	15.09	399.55	382.14	5.663	9.400	22.36	37.12	200.2	1700	17	72.94	-2.91	0.102	1.0	-0.22	2.74	1.00	0.00	0.16	111115
60	"15:40:28"	4181.0	0	5.34	0.0644	237	1.26	1.43	18.34	6	1.42	1	2.84	16.19	18.34	15.09	399.58	382.13	5.663	9.400	22.36	37.12	200.2	1700	17	72.94	-2.91	0.102	1.0	-0.22	2.74	1.00	0.00	0.16	111115
"15:40:42 Coolers: Tblock -> 20.00 C"
"15:47:50 Flow: Fixed -> 200 umol/s"
61	"15:51:06"	4818.5	0	5.58	0.0648	230	1.51	1.7	21.26	6	1.42	1	2.84	20.42	21.26	19.97	399.95	381.50	6.980	11.462	21.14	34.71	200.2	1700	17	72.94	-2.53	0.0675	1.0	-0.22	2.74	1.00	0.00	0.16	111115
62	"15:51:06"	4819.0	0	5.58	0.0649	229	1.51	1.7	21.26	6	1.42	1	2.84	20.42	21.26	19.97	399.97	381.50	6.979	11.462	21.14	34.71	200.2	1700	17	72.94	-2.53	0.0675	1.0	-0.22	2.74	1.00	0.00	0.16	111115
63	"15:51:07"	4819.5	0	5.58	0.0649	230	1.51	1.7	21.26	6	1.42	1	2.84	20.42	21.26	19.97	399.98	381.51	6.980	11.463	21.14	34.71	200.2	1700	17	72.94	-2.53	0.0675	1.0	-0.22	2.74	1.00	0.00	0.16	111115
64	"15:51:07"	4820.0	0	5.58	0.0649	229	1.51	1.7	21.26	6	1.42	1	2.84	20.42	21.26	19.97	399.97	381.51	6.981	11.464	21.14	34.72	200.2	1700	17	72.94	-2.53	0.0675	1.0	-0.22	2.74	1.00	0.00	0.16	111115
65	"15:51:08"	4820.5	0	5.58	0.0649	230	1.51	1.7	21.26	6	1.42	1	2.84	20.42	21.26	19.97	399.96	381.51	6.982	11.466	21.14	34.72	200.2	1700	17	72.94	-2.53	0.0675	1.0	-0.22	2.74	1.00	0.00	0.16	111115
66	"15:51:08"	4820.5	0	5.58	0.0649	230	1.51	1.7	21.26	6	1.42	1	2.84	20.42	21.26	19.97	399.96	381.51	6.982	11.466	21.14	34.72	200.2	1700	17	72.94	-2.53	0.0675	1.0	-0.22	2.74	1.00	0.00	0.16	111115
67	"15:51:09"	4821.0	0	5.57	0.0649	230	1.51	1.7	21.26	6	1.42	1	2.84	20.42	21.26	19.97	399.93	381.50	6.981	11.465	21.14	34.72	200.2	1700	17	72.94	-2.53	0.0675	1.0	-0.22	2.74	1.00	0.00	0.16	111115
68	"15:51:09"	4821.5	0	5.58	0.0649	230	1.51	1.7	21.26	6	1.42	1	2.84	20.42	21.26	19.97	399.96	381.51	6.981	11.466	21.14	34.72	200.2	1700	17	72.94	-2.53	0.0675	1.0	-0.22	2.74	1.00	0.00	0.16	111115
69	"15:51:10"	4822.0	0	5.58	0.0649	230	1.51	1.7	21.26	6	1.42	1	2.84	20.42	21.26	19.97	399.95	381.50	6.980	11.466	21.14	34.72	200.2	1700	17	72.94	-2.53	0.0675	1.0	-0.22	2.74	1.00	0.00	0.16	111115
70	"15:51:10"	4822.5	0	5.57	0.0649	230	1.51	1.7	21.26	6	1.42	1	2.84	20.42	21.26	19.97	399.94	381.51	6.980	11.465	21.14	34.72	200.2	1700	17	72.94	-2.53	0.0675	1.0	-0.22	2.74	1.00	0.00	0.16	111115
71	"15:51:11"	4823.0	0	5.57	0.0649	230	1.51	1.7	21.26	6	1.42	1	2.84	20.42	21.26	19.97	399.92	381.51	6.981	11.466	21.14	34.72	200.2	1700	17	72.94	-2.53	0.0675	1.0	-0.22	2.74	1.00	0.00	0.16	111115
72	"15:51:12"	4823.5	0	5.57	0.0649	230	1.51	1.7	21.26	6	1.42	1	2.84	20.42	21.26	19.97	399.94	381.52	6.980	11.465	21.14	34.72	200.3	1700	17	72.94	-2.53	0.0675	1.0	-0.22	2.74	1.00	0.00	0.16	111115
73	"15:51:12"	4824.0	0	5.58	0.065	230	1.52	1.7	21.26	6	1.42	1	2.84	20.42	21.26	19.97	399.97	381.52	6.980	11.466	21.14	34.72	200.3	1700	17	72.94	-2.53	0.0675	1.0	-0.22	2.74	1.00	0.00	0.16	111115
74	"15:51:13"	4824.5	0	5.58	0.065	230	1.52	1.7	21.26	6	1.42	1	2.84	20.42	21.26	19.97	399.97	381.53	6.979	11.467	21.14	34.72	200.3	1700	17	72.94	-2.53	0.0675	1.0	-0.22	2.74	1.00	0.00	0.16	111115
75	"15:51:13"	4825.0	0	5.58	0.065	230	1.52	1.7	21.26	6	1.42	1	2.84	20.42	21.26	19.97	400.00	381.54	6.980	11.467	21.14	34.73	200.2	1700	17	72.94	-2.53	0.0675	1.0	-0.22	2.74	1.00	0.00	0.16	111115
"15:51:22 Coolers: Tblock -> 25.00 C"
"15:57:06 Flow: Fixed -> 200 umol/s"
"16:00:23 Lamp: ParIn ->  1700 uml"
"16:00:23 CO2 Mixer: CO2R -> 400 uml"
"16:00:23 Coolers: Tblock -> 25.00 C"
"16:00:24 Flow: Fixed -> 200 umol/s"
76	"16:01:40"	5453.0	0	5.75	0.0633	220	1.65	1.89	24.31	6	1.42	1	2.84	24.82	24.31	25.04	399.73	380.63	11.099	15.962	25.74	37.01	200.2	1699	17	72.94	-2.81	0.0159	1.0	-0.22	2.74	1.00	0.00	0.16	111115
77	"16:01:41"	5453.5	0	5.71	0.0633	221	1.65	1.89	24.31	6	1.42	1	2.84	24.82	24.31	25.04	399.64	380.64	11.098	15.964	25.73	37.02	200.2	1699	17	72.95	-2.81	0.0159	1.0	-0.22	2.74	1.00	0.00	0.16	111115
78	"16:01:41"	5454.0	0	5.66	0.0633	222	1.65	1.89	24.31	6	1.42	1	2.84	24.82	24.31	25.04	399.52	380.67	11.097	15.964	25.73	37.02	200.2	1699	17	72.95	-2.81	0.0159	1.0	-0.22	2.74	1.00	0.00	0.16	111115
79	"16:01:41"	5454.5	0	5.62	0.0633	223	1.65	1.89	24.31	6	1.42	1	2.84	24.82	24.31	25.04	399.39	380.66	11.097	15.962	25.73	37.02	200.2	1699	17	72.95	-2.81	0.0159	1.0	-0.22	2.74	1.00	0.00	0.16	111115
80	"16:01:42"	5455.0	0	5.58	0.0633	224	1.65	1.89	24.31	6	1.42	1	2.84	24.82	24.31	25.04	399.25	380.64	11.097	15.962	25.73	37.02	200.2	1699	17	72.95	-2.81	0.0159	1.0	-0.22	2.74	1.00	0.00	0.16	111115
81	"16:01:42"	5455.5	0	5.55	0.0633	225	1.65	1.89	24.31	6	1.42	1	2.84	24.82	24.31	25.04	399.17	380.66	11.098	15.963	25.73	37.02	200.2	1699	17	72.95	-2.81	0.0159	1.0	-0.22	2.74	1.00	0.00	0.16	111115
82	"16:01:43"	5456.0	0	5.54	0.0633	225	1.65	1.89	24.31	6	1.42	1	2.84	24.82	24.31	25.04	399.14	380.65	11.097	15.963	25.73	37.02	200.2	1699	17	72.95	-2.81	0.0159	1.0	-0.22	2.74	1.00	0.00	0.16	111115
83	"16:01:43"	5456.5	0	5.53	0.0634	225	1.65	1.89	24.31	6	1.42	1	2.84	24.82	24.31	25.04	399.11	380.66	11.097	15.965	25.73	37.02	200.2	1699	17	72.95	-2.81	0.0159	1.0	-0.22	2.74	1.00	0.00	0.16	111115
84	"16:01:44"	5457.0	0	5.53	0.0634	225	1.65	1.89	24.31	6	1.42	1	2.84	24.82	24.31	25.05	399.12	380.65	11.096	15.965	25.73	37.02	200.2	1699	17	72.96	-2.81	0.0159	1.0	-0.22	2.74	1.00	0.00	0.16	111115
85	"16:01:44"	5457.5	0	5.55	0.0634	225	1.65	1.89	24.31	6	1.42	1	2.84	24.82	24.31	25.04	399.13	380.63	11.097	15.966	25.73	37.02	200.2	1699	17	72.96	-2.81	0.0159	1.0	-0.22	2.74	1.00	0.00	0.16	111115
86	"16:01:45"	5458.0	0	5.57	0.0634	224	1.65	1.89	24.31	6	1.42	1	2.84	24.82	24.31	25.04	399.19	380.61	11.097	15.965	25.73	37.02	200.2	1699	17	72.96	-2.81	0.0159	1.0	-0.22	2.74	1.00	0.00	0.16	111115
87	"16:01:45"	5458.5	0	5.6	0.0634	224	1.65	1.89	24.31	6	1.42	1	2.84	24.82	24.31	25.04	399.26	380.60	11.097	15.967	25.73	37.03	200.2	1699	17	72.95	-2.81	0.0159	1.0	-0.22	2.74	1.00	0.00	0.16	111115
88	"16:01:46"	5459.0	0	5.62	0.0635	223	1.65	1.89	24.31	6	1.42	1	2.84	24.82	24.31	25.04	399.31	380.58	11.095	15.968	25.73	37.03	200.2	1699	17	72.95	-2.81	0.0159	1.0	-0.22	2.74	1.00	0.00	0.16	111115
89	"16:01:46"	5459.5	0	5.67	0.0634	222	1.65	1.89	24.31	6	1.42	1	2.84	24.82	24.31	25.04	399.41	380.54	11.095	15.966	25.73	37.02	200.2	1699	17	72.95	-2.81	0.0159	1.0	-0.22	2.74	1.00	0.00	0.16	111115
90	"16:01:47"	5459.5	0	5.67	0.0634	222	1.65	1.89	24.31	6	1.42	1	2.84	24.82	24.31	25.04	399.41	380.54	11.095	15.966	25.73	37.02	200.2	1699	17	72.95	-2.81	0.0159	1.0	-0.22	2.74	1.00	0.00	0.16	111115
"16:02:00 Coolers: Tblock -> 30.00 C"
"16:04:19 Lamp: ParIn ->  1700 uml"
"16:04:19 CO2 Mixer: CO2R -> 400 uml"
"16:04:19 Coolers: Tblock -> 30.00 C"
"16:04:19 Flow: Fixed -> 200 umol/s"
"16:04:41 Flow: Fixed -> 200 umol/s"
"16:09:50 Lamp: ParIn ->  1700 uml"
"16:09:50 CO2 Mixer: CO2R -> 400 uml"
"16:09:50 Coolers: Tblock -> 30.00 C"
"16:09:50 Flow: Fixed -> 200 umol/s"
"16:10:35 Flow: Fixed -> 200 umol/s"
91	"16:11:47"	6059.5	0	5.78	0.0614	211	2.03	2.38	27.56	6	1.42	1	2.84	29.33	27.56	30.12	400.07	380.43	12.137	18.108	21.59	32.22	200.1	1699	16	72.93	-2.13	-0.0293	1.0	-0.22	2.74	1.00	0.00	0.16	111115
92	"16:11:48"	6060.0	0	5.78	0.0614	211	2.03	2.38	27.56	6	1.42	1	2.84	29.33	27.56	30.12	400.11	380.45	12.137	18.112	21.59	32.22	200.1	1699	16	72.93	-2.13	-0.0293	1.0	-0.22	2.74	1.00	0.00	0.16	111115
93	"16:11:48"	6060.5	0	5.79	0.0614	211	2.03	2.38	27.56	6	1.42	1	2.84	29.33	27.56	30.12	400.14	380.45	12.137	18.113	21.59	32.22	200.1	1699	16	72.93	-2.13	-0.0293	1.0	-0.22	2.74	1.00	0.00	0.16	111115
94	"16:11:49"	6061.0	0	5.8	0.0614	211	2.03	2.38	27.56	6	1.42	1	2.84	29.33	27.56	30.12	400.15	380.44	12.136	18.112	21.59	32.22	200.1	1699	16	72.93	-2.13	-0.0293	1.0	-0.22	2.74	1.00	0.00	0.16	111115
95	"16:11:49"	6061.5	0	5.8	0.0614	211	2.03	2.38	27.56	6	1.42	1	2.84	29.33	27.56	30.12	400.15	380.44	12.137	18.112	21.59	32.22	200.1	1699	16	72.93	-2.13	-0.0293	1.0	-0.22	2.74	1.00	0.00	0.16	111115
96	"16:11:50"	6062.0	0	5.79	0.0615	211	2.03	2.38	27.55	6	1.42	1	2.84	29.33	27.55	30.12	400.14	380.46	12.137	18.112	21.59	32.22	200.1	1699	16	72.93	-2.13	-0.0293	1.0	-0.22	2.74	1.00	0.00	0.16	111115
97	"16:11:50"	6062.5	0	5.8	0.0615	211	2.03	2.37	27.55	6	1.42	1	2.84	29.33	27.55	30.12	400.16	380.47	12.138	18.113	21.59	32.22	200.1	1699	16	72.93	-2.13	-0.0293	1.0	-0.22	2.74	1.00	0.00	0.16	111115
98	"16:11:51"	6063.0	0	5.81	0.0615	211	2.03	2.37	27.54	6	1.42	1	2.84	29.33	27.54	30.12	400.17	380.44	12.137	18.115	21.59	32.23	200.1	1699	16	72.93	-2.13	-0.0293	1.0	-0.22	2.74	1.00	0.00	0.16	111115
99	"16:11:51"	6063.5	0	5.8	0.0616	211	2.03	2.37	27.54	6	1.42	1	2.84	29.33	27.54	30.12	400.16	380.45	12.137	18.116	21.59	32.23	200.1	1699	16	72.93	-2.13	-0.0293	1.0	-0.22	2.74	1.00	0.00	0.16	111115
100	"16:11:52"	6064.0	0	5.8	0.0615	211	2.03	2.37	27.54	6	1.42	1	2.84	29.33	27.54	30.12	400.16	380.45	12.137	18.114	21.59	32.22	200.1	1699	16	72.93	-2.13	-0.0293	1.0	-0.22	2.74	1.00	0.00	0.16	111115
101	"16:11:52"	6064.5	0	5.8	0.0615	211	2.03	2.37	27.55	6	1.42	1	2.84	29.33	27.55	30.12	400.13	380.45	12.137	18.113	21.59	32.22	200.2	1700	16	72.93	-2.13	-0.0293	1.0	-0.22	2.74	1.00	0.00	0.16	111115
102	"16:11:53"	6065.0	0	5.8	0.0615	211	2.03	2.37	27.55	6	1.42	1	2.84	29.33	27.55	30.13	400.13	380.44	12.138	18.111	21.59	32.21	200.1	1700	17	72.93	-2.13	-0.0293	1.0	-0.22	2.74	1.00	0.00	0.16	111115
103	"16:11:53"	6065.5	0	5.8	0.0615	211	2.03	2.37	27.54	6	1.42	1	2.84	29.33	27.54	30.12	400.15	380.46	12.137	18.111	21.59	32.21	200.1	1699	17	72.93	-2.13	-0.0293	1.0	-0.22	2.74	1.00	0.00	0.16	111115
104	"16:11:54"	6066.0	0	5.79	0.0615	211	2.03	2.38	27.55	6	1.42	1	2.84	29.33	27.55	30.12	400.15	380.46	12.136	18.112	21.59	32.21	200.1	1699	17	72.93	-2.13	-0.0293	1.0	-0.22	2.74	1.00	0.00	0.16	111115
105	"16:11:54"	6066.5	0	5.8	0.0614	211	2.03	2.38	27.55	6	1.42	1	2.84	29.33	27.55	30.12	400.14	380.44	12.136	18.110	21.58	32.21	200.1	1699	17	72.93	-2.13	-0.0293	1.0	-0.22	2.74	1.00	0.00	0.16	111115
"16:12:08 Coolers: Tblock -> 35.00 C"
"16:17:51 Flow: Fixed -> 200 umol/s"
"16:24:58 Flow: Fixed -> 200 umol/s"
106	"16:26:18"	6930.5	0	5.53	0.0539	195	2.27	3	30.41	6	1.42	1	2.84	33.60	30.41	35.01	401.08	381.90	11.986	18.655	16.73	26.04	200.1	1701	16	72.93	-1.52	-0.0527	1.0	-0.22	2.74	1.00	0.00	0.16	111115
107	"16:26:18"	6931.0	0	5.55	0.0539	195	2.27	3	30.40	6	1.42	1	2.84	33.60	30.40	35.01	401.16	381.92	11.986	18.655	16.73	26.04	200.1	1701	16	72.93	-1.52	-0.0527	1.0	-0.22	2.74	1.00	0.00	0.16	111115
108	"16:26:19"	6931.5	0	5.55	0.0539	195	2.27	3	30.40	6	1.42	1	2.84	33.60	30.40	35.01	401.12	381.90	11.986	18.653	16.73	26.04	200.1	1701	16	72.93	-1.52	-0.0527	1.0	-0.22	2.74	1.00	0.00	0.16	111115
109	"16:26:19"	6932.0	0	5.52	0.0539	196	2.27	3	30.40	6	1.42	1	2.84	33.60	30.40	35.01	401.07	381.93	11.986	18.653	16.73	26.04	200.1	1701	16	72.93	-1.52	-0.0527	1.0	-0.22	2.74	1.00	0.00	0.16	111115
110	"16:26:20"	6932.5	0	5.51	0.0539	196	2.27	3	30.40	6	1.42	1	2.84	33.60	30.40	35.01	401.05	381.94	11.987	18.653	16.73	26.03	200.1	1701	16	72.93	-1.52	-0.0527	1.0	-0.22	2.74	1.00	0.00	0.16	111115
111	"16:26:20"	6933.0	0	5.51	0.054	196	2.27	3	30.40	6	1.42	1	2.84	33.60	30.40	35.01	401.05	381.95	11.987	18.652	16.73	26.03	200.1	1701	16	72.93	-1.52	-0.0527	1.0	-0.22	2.74	1.00	0.00	0.16	111115
112	"16:26:21"	6933.5	0	5.51	0.0539	196	2.27	3	30.40	6	1.42	1	2.84	33.60	30.40	35.01	401.09	381.97	11.986	18.654	16.73	26.04	200.1	1701	16	72.93	-1.52	-0.0527	1.0	-0.22	2.74	1.00	0.00	0.16	111115
113	"16:26:21"	6934.0	0	5.5	0.0539	196	2.27	3	30.40	6	1.42	1	2.84	33.60	30.40	35.01	401.09	381.99	11.986	18.652	16.73	26.03	200.1	1701	16	72.93	-1.52	-0.0527	1.0	-0.22	2.74	1.00	0.00	0.16	111115
114	"16:26:22"	6934.5	0	5.51	0.0539	196	2.27	3	30.40	6	1.42	1	2.84	33.60	30.40	35.02	401.10	381.99	11.986	18.652	16.73	26.03	200.1	1701	16	72.93	-1.52	-0.0527	1.0	-0.22	2.74	1.00	0.00	0.16	111115
115	"16:26:22"	6935.0	0	5.51	0.0539	196	2.27	3	30.40	6	1.42	1	2.84	33.60	30.40	35.01	401.07	381.97	11.985	18.650	16.73	26.03	200.1	1701	16	72.93	-1.52	-0.0527	1.0	-0.22	2.74	1.00	0.00	0.16	111115
116	"16:26:23"	6935.5	0	5.48	0.054	197	2.27	3	30.39	6	1.42	1	2.84	33.60	30.39	35.01	401.05	382.01	11.985	18.650	16.73	26.03	200.1	1701	16	72.93	-1.52	-0.0527	1.0	-0.22	2.74	1.00	0.00	0.16	111115
117	"16:26:23"	6936.0	0	5.5	0.054	197	2.27	3	30.39	6	1.42	1	2.84	33.60	30.39	35.01	401.05	381.98	11.985	18.649	16.73	26.03	200.1	1701	16	72.93	-1.52	-0.0527	1.0	-0.22	2.74	1.00	0.00	0.16	111115
118	"16:26:24"	6936.5	0	5.49	0.054	197	2.26	3	30.39	6	1.42	1	2.84	33.60	30.39	35.01	401.03	381.98	11.985	18.648	16.72	26.02	200.1	1701	16	72.93	-1.52	-0.0527	1.0	-0.22	2.74	1.00	0.00	0.16	111115
119	"16:26:24"	6937.0	0	5.48	0.0539	197	2.26	3	30.39	6	1.42	1	2.84	33.60	30.39	35.01	401.00	381.99	11.985	18.647	16.72	26.02	200.1	1701	16	72.93	-1.52	-0.0527	1.0	-0.22	2.74	1.00	0.00	0.16	111115
120	"16:26:25"	6937.5	0	5.45	0.054	198	2.26	3	30.38	6	1.42	1	2.84	33.61	30.38	35.01	400.91	381.99	11.984	18.645	16.72	26.02	200.1	1701	16	72.93	-1.52	-0.0527	1.0	-0.22	2.74	1.00	0.00	0.16	111115
"16:26:40 Coolers: Tblock -> 40.00 C"
"16:31:28 Flow: Fixed -> 200 umol/s"
"16:34:58 Flow: Fixed -> 200 umol/s"
"16:39:10 Flow: Fixed -> 200 umol/s"
121	"16:39:41"	7733.0	0	4.66	0.0439	185	2.44	3.93	33.92	6	1.42	1	2.84	38.34	33.92	40.09	399.51	382.72	11.850	19.038	12.74	20.47	200.1	1700	13	72.93	-1.17	-0.0676	1.0	-0.22	2.74	1.00	0.00	0.16	111115
122	"16:39:41"	7733.5	0	4.69	0.0439	184	2.44	3.93	33.92	6	1.42	1	2.84	38.34	33.92	40.09	399.62	382.75	11.850	19.038	12.74	20.47	200.1	1700	13	72.93	-1.17	-0.0676	1.0	-0.22	2.74	1.00	0.00	0.16	111115
123	"16:39:42"	7734.0	0	4.72	0.044	183	2.44	3.93	33.91	6	1.42	1	2.84	38.34	33.91	40.09	399.70	382.74	11.849	19.037	12.74	20.47	200.1	1700	13	72.93	-1.17	-0.0676	1.0	-0.22	2.74	1.00	0.00	0.16	111115
124	"16:39:42"	7734.5	0	4.74	0.044	182	2.44	3.93	33.91	6	1.42	1	2.84	38.34	33.91	40.09	399.76	382.74	11.850	19.035	12.74	20.47	200.1	1700	13	72.93	-1.17	-0.0676	1.0	-0.22	2.74	1.00	0.00	0.16	111115
125	"16:39:43"	7735.0	0	4.75	0.044	182	2.44	3.93	33.91	6	1.42	1	2.84	38.34	33.91	40.09	399.80	382.74	11.850	19.036	12.74	20.47	200.1	1700	13	72.93	-1.17	-0.0676	1.0	-0.22	2.74	1.00	0.00	0.16	111115
126	"16:39:43"	7735.5	0	4.75	0.0439	182	2.44	3.93	33.91	6	1.42	1	2.84	38.34	33.91	40.09	399.81	382.76	11.850	19.034	12.74	20.47	200.1	1700	13	72.93	-1.17	-0.0676	1.0	-0.22	2.74	1.00	0.00	0.16	111115
127	"16:39:44"	7736.0	0	4.77	0.0439	181	2.44	3.93	33.91	6	1.42	1	2.84	38.34	33.91	40.09	399.84	382.74	11.850	19.033	12.74	20.47	200.2	1700	13	72.93	-1.17	-0.0676	1.0	-0.22	2.74	1.00	0.00	0.16	111115
128	"16:39:45"	7736.5	0	4.78	0.0439	181	2.44	3.93	33.91	6	1.42	1	2.84	38.34	33.91	40.09	399.84	382.70	11.849	19.032	12.74	20.46	200.2	1700	13	72.93	-1.17	-0.0676	1.0	-0.22	2.74	1.00	0.00	0.16	111115
129	"16:39:45"	7737.0	0	4.78	0.0438	181	2.44	3.94	33.93	6	1.42	1	2.84	38.35	33.93	40.09	399.81	382.69	11.849	19.031	12.74	20.46	200.2	1700	13	72.93	-1.17	-0.0676	1.0	-0.22	2.74	1.00	0.00	0.16	111115
130	"16:39:46"	7737.5	0	4.76	0.0438	181	2.44	3.94	33.95	6	1.42	1	2.84	38.35	33.95	40.09	399.74	382.66	11.849	19.029	12.74	20.46	200.2	1700	13	72.93	-1.17	-0.0676	1.0	-0.22	2.74	1.00	0.00	0.16	111115
131	"16:39:46"	7738.0	0	4.76	0.0437	181	2.44	3.94	33.96	6	1.42	1	2.84	38.35	33.96	40.09	399.71	382.64	11.849	19.027	12.74	20.46	200.2	1700	13	72.93	-1.17	-0.0676	1.0	-0.22	2.74	1.00	0.00	0.16	111115
132	"16:39:47"	7738.5	0	4.74	0.0437	181	2.44	3.95	33.97	6	1.42	1	2.84	38.35	33.97	40.09	399.66	382.65	11.848	19.025	12.74	20.45	200.1	1700	13	72.93	-1.17	-0.0676	1.0	-0.22	2.74	1.00	0.00	0.16	111115
133	"16:39:47"	7740.0	0	4.79	0.0436	179	2.44	3.95	33.98	6	1.42	1	2.84	38.35	33.98	40.09	399.77	382.60	11.849	19.024	12.74	20.45	200.1	1700	13	72.93	-1.17	-0.0676	1.0	-0.22	2.74	1.00	0.00	0.16	111115
134	"16:39:48"	7740.5	0	4.83	0.0436	178	2.44	3.95	33.99	6	1.42	1	2.84	38.35	33.99	40.09	399.89	382.61	11.849	19.024	12.74	20.45	200.1	1699	13	72.93	-1.17	-0.0676	1.0	-0.22	2.74	1.00	0.00	0.16	111115
135	"16:39:49"	7741.0	0	4.84	0.0436	177	2.44	3.95	33.98	6	1.42	1	2.84	38.35	33.98	40.09	399.93	382.62	11.849	19.023	12.74	20.45	200.1	1699	13	72.93	-1.17	-0.0676	1.0	-0.22	2.74	1.00	0.00	0.16	111115
"16:40:00 Coolers: Tblock -> 45.00 C"
"16:42:26 Lamp: ParIn ->  1700 uml"
"16:42:26 CO2 Mixer: CO2R -> 400 uml"
"16:42:26 Coolers: Tblock -> 45.00 C"
"16:42:26 Flow: Fixed -> 200 umol/s"
"16:42:46 Flow: Fixed -> 200 umol/s"
"16:50:58 Flow: Fixed -> 200 umol/s"
136	"16:52:19"	8491.5	0	3.64	0.032	171	2.22	4.86	36.64	6	1.42	1	2.84	42.62	36.64	44.97	399.60	386.13	11.535	18.081	9.87	15.48	200.2	1699	11	72.91	-0.73	-0.052	1.0	-0.22	2.74	1.00	0.00	0.16	111115
137	"16:52:19"	8491.5	0	3.64	0.032	171	2.22	4.86	36.64	6	1.42	1	2.84	42.62	36.64	44.97	399.60	386.13	11.535	18.081	9.87	15.48	200.2	1699	11	72.91	-0.73	-0.052	1.0	-0.22	2.74	1.00	0.00	0.16	111115
138	"16:52:19"	8492.0	0	3.62	0.032	172	2.22	4.86	36.64	6	1.42	1	2.84	42.62	36.64	44.97	399.58	386.15	11.537	18.081	9.88	15.48	200.1	1699	11	72.91	-0.73	-0.052	1.0	-0.22	2.74	1.00	0.00	0.16	111115
139	"16:52:20"	8492.5	0	3.62	0.032	172	2.22	4.86	36.63	6	1.42	1	2.84	42.62	36.63	44.97	399.53	386.11	11.535	18.081	9.88	15.48	200.2	1699	11	72.91	-0.73	-0.052	1.0	-0.22	2.74	1.00	0.00	0.16	111115
140	"16:52:21"	8493.0	0	3.6	0.032	173	2.22	4.87	36.64	6	1.42	1	2.84	42.62	36.64	44.97	399.46	386.10	11.535	18.080	9.87	15.48	200.2	1699	11	72.91	-0.73	-0.052	1.0	-0.22	2.74	1.00	0.00	0.16	111115
141	"16:52:21"	8493.5	0	3.59	0.032	173	2.22	4.87	36.65	6	1.42	1	2.84	42.62	36.65	44.97	399.41	386.09	11.534	18.079	9.87	15.48	200.1	1699	11	72.91	-0.73	-0.052	1.0	-0.22	2.74	1.00	0.00	0.16	111115
142	"16:52:22"	8494.0	0	3.59	0.0319	173	2.22	4.87	36.67	6	1.42	1	2.84	42.62	36.67	44.97	399.41	386.07	11.533	18.079	9.87	15.48	200.2	1699	11	72.91	-0.73	-0.052	1.0	-0.22	2.74	1.00	0.00	0.16	111115
143	"16:52:22"	8494.5	0	3.6	0.0319	172	2.22	4.88	36.68	6	1.42	1	2.84	42.62	36.68	44.97	399.41	386.05	11.534	18.077	9.87	15.48	200.2	1699	11	72.91	-0.73	-0.052	1.0	-0.22	2.74	1.00	0.00	0.16	111115
144	"16:52:23"	8495.0	0	3.6	0.0319	172	2.22	4.88	36.69	6	1.42	1	2.84	42.62	36.69	44.97	399.41	386.03	11.533	18.079	9.87	15.48	200.1	1699	11	72.91	-0.73	-0.052	1.0	-0.22	2.74	1.00	0.00	0.16	111115
145	"16:52:23"	8495.5	0	3.6	0.0319	172	2.22	4.88	36.68	6	1.42	1	2.84	42.62	36.68	44.97	399.41	386.03	11.533	18.078	9.87	15.48	200.1	1699	11	72.91	-0.73	-0.052	1.0	-0.22	2.74	1.00	0.00	0.16	111115
146	"16:52:24"	8496.0	0	3.6	0.0319	172	2.22	4.87	36.66	6	1.42	1	2.84	42.62	36.66	44.97	399.41	386.04	11.532	18.076	9.87	15.48	200.1	1699	11	72.91	-0.73	-0.052	1.0	-0.22	2.74	1.00	0.00	0.16	111115
147	"16:52:24"	8497.0	0	3.61	0.0319	172	2.22	4.87	36.65	6	1.42	1	2.84	42.62	36.65	44.97	399.48	386.10	11.533	18.074	9.87	15.47	200.1	1699	11	72.91	-0.73	-0.052	1.0	-0.22	2.74	1.00	0.00	0.16	111115
148	"16:52:25"	8497.5	0	3.61	0.0319	172	2.22	4.87	36.64	6	1.42	1	2.84	42.62	36.64	44.97	399.50	386.10	11.534	18.073	9.88	15.47	200.2	1699	11	72.91	-0.73	-0.052	1.0	-0.22	2.74	1.00	0.00	0.16	111115
149	"16:52:25"	8498.0	0	3.62	0.032	172	2.22	4.86	36.63	6	1.42	1	2.84	42.62	36.63	44.97	399.52	386.10	11.534	18.070	9.88	15.47	200.1	1699	11	72.91	-0.73	-0.052	1.0	-0.22	2.74	1.00	0.00	0.16	111115
150	"16:52:26"	8498.5	0	3.61	0.032	173	2.22	4.86	36.61	6	1.42	1	2.84	42.62	36.61	44.97	399.53	386.15	11.535	18.069	9.88	15.47	200.2	1699	11	72.91	-0.73	-0.052	1.0	-0.22	2.74	1.00	0.00	0.16	111115
"16:52:42 Coolers: Tblock -> 50.00 C"
"16:57:28 Flow: Fixed -> 200 umol/s"
"17:00:48 Flow: Fixed -> 200 umol/s"
"17:03:42 Flow: Fixed -> 200 umol/s"
151	"17:04:31"	9223.5	0	2.35	0.023	186	1.98	5.95	39.45	6	1.42	1	2.84	47.00	39.45	49.75	400.01	390.66	11.321	17.144	7.73	11.71	200.2	1700	15	72.91	0.188	-0.0498	0.7	-0.22	2.74	1.00	0.00	0.16	111115
152	"17:04:32"	9224.0	0	2.36	0.023	185	1.98	5.95	39.46	6	1.42	1	2.84	46.99	39.46	49.75	400.02	390.62	11.321	17.143	7.73	11.71	200.2	1700	15	72.91	0.188	-0.0498	1.0	-0.22	2.74	1.00	0.00	0.16	111115
153	"17:04:32"	9224.5	0	2.37	0.0229	185	1.98	5.96	39.49	6	1.42	1	2.84	46.99	39.49	49.74	400.02	390.62	11.322	17.142	7.73	11.71	200.2	1700	15	72.91	0.188	-0.0498	1.0	-0.22	2.74	1.00	0.00	0.16	111115
154	"17:04:33"	9225.0	0	2.38	0.0229	184	1.97	5.97	39.50	6	1.42	1	2.84	46.99	39.50	49.74	400.06	390.62	11.323	17.140	7.74	11.71	200.2	1700	15	72.91	0.188	-0.0498	1.0	-0.22	2.74	1.00	0.00	0.16	111115
155	"17:04:33"	9225.5	0	2.39	0.0229	183	1.97	5.96	39.49	6	1.42	1	2.84	46.99	39.49	49.73	400.08	390.61	11.325	17.139	7.74	11.71	200.2	1700	15	72.91	0.188	-0.0498	1.0	-0.22	2.74	1.00	0.00	0.16	111115
156	"17:04:34"	9226.0	0	2.39	0.0229	183	1.97	5.96	39.48	6	1.42	1	2.84	46.98	39.48	49.73	400.09	390.62	11.325	17.138	7.74	11.71	200.2	1700	15	72.91	0.188	-0.0498	1.0	-0.22	2.74	1.00	0.00	0.16	111115
157	"17:04:34"	9226.5	0	2.38	0.0229	184	1.97	5.96	39.48	6	1.42	1	2.84	46.98	39.48	49.72	400.06	390.63	11.324	17.138	7.74	11.71	200.2	1700	15	72.91	0.188	-0.0498	1.0	-0.22	2.74	1.00	0.00	0.16	111115
158	"17:04:34"	9226.5	0	2.38	0.0229	184	1.97	5.96	39.48	6	1.42	1	2.84	46.98	39.48	49.72	400.06	390.63	11.324	17.138	7.74	11.71	200.2	1700	15	72.91	0.188	-0.0498	1.0	-0.22	2.74	1.00	0.00	0.16	111115
159	"17:04:35"	9227.0	0	2.37	0.0229	184	1.97	5.97	39.50	6	1.42	1	2.84	46.98	39.50	49.72	400.03	390.62	11.325	17.137	7.74	11.71	200.2	1700	15	72.91	0.188	-0.0498	1.0	-0.22	2.74	1.00	0.00	0.16	111115
160	"17:04:35"	9227.5	0	2.37	0.0229	183	1.97	5.97	39.52	6	1.42	1	2.84	46.98	39.52	49.71	400.02	390.60	11.325	17.135	7.74	11.71	200.2	1700	15	72.91	0.188	-0.0498	1.0	-0.22	2.74	1.00	0.00	0.16	111115
161	"17:04:36"	9228.0	0	2.38	0.0228	183	1.97	5.97	39.51	6	1.42	1	2.84	46.98	39.51	49.71	400.03	390.60	11.326	17.132	7.74	11.71	200.2	1700	15	72.91	0.188	-0.0498	1.0	-0.22	2.74	1.00	0.00	0.16	111115
162	"17:04:37"	9228.5	0	2.39	0.0229	183	1.97	5.96	39.49	6	1.42	1	2.84	46.98	39.49	49.71	400.08	390.62	11.326	17.130	7.74	11.71	200.1	1700	15	72.91	0.188	-0.0498	1.0	-0.22	2.74	1.00	0.00	0.16	111115
163	"17:04:37"	9229.0	0	2.39	0.0229	183	1.97	5.96	39.49	6	1.42	1	2.84	46.98	39.49	49.70	400.08	390.62	11.326	17.129	7.74	11.71	200.1	1700	15	72.91	0.188	-0.0498	1.0	-0.22	2.74	1.00	0.00	0.16	111115
164	"17:04:37"	9229.5	0	2.4	0.0228	182	1.97	5.97	39.50	6	1.42	1	2.84	46.97	39.50	49.69	400.12	390.63	11.326	17.128	7.74	11.71	200.1	1700	15	72.91	0.188	-0.0498	1.0	-0.22	2.74	1.00	0.00	0.16	111115
165	"17:04:38"	9230.0	0	2.41	0.0228	180	1.97	5.98	39.52	6	1.42	1	2.84	46.97	39.52	49.69	400.16	390.63	11.327	17.127	7.75	11.71	200.2	1700	15	72.91	0.188	-0.0498	1.0	-0.22	2.74	1.00	0.00	0.16	111115
