"OPEN 6.2.4"
"Mon Jun 27 2016 16:59:39"
<open><version>"6.2.4"</version></open>
<open><configfile>"/User/Configs/UserPrefs/2x3 LED.xml"</configfile></open>
<open><light><source>"6400-02 or -02B LED Source"</source><par_in>1<sensor>"SI-3781"<cal>-0.93<actinity>1.00</actinity><transm>1.00</transm></cal></sensor><transm>1</transm></par_in><par_out>1<sensor>"Q49599"<cal>7.26</cal></sensor></par_out></light></open>
<open><comps><file>"/User/Configs/Comps/StdComps_6.2"<header>""</header><extras></extras></file><energybal>no<f_parIn>1</f_parIn><f_parOut>0</f_parOut><alphaK>0.16</alphaK></energybal><bc_total>2.840<stomatal_ratio>1</stomatal_ratio><bc_oneside>1.420<type>2</type><table>"/Sys/Lib/StdBLCTable"</table><area>6</area><slope>-0.219565</slope><offset>2.73739</offset><fan>5</fan></bc_oneside></bc_total></comps></open>
<open><prompts><onlog>off</onlog><items>"Default (none)"</items></prompts></open>
<open><constants><oxygen>21 %</oxygen><bb_vapor>1.5</bb_vapor><bb_oxy>0.9</bb_oxy></constants></open>
<open><stability><items>"Std Stability"<items[1]><id>-2</id><size>15</size><pcv><onoff>0</onoff><value>1</value></pcv><std><onoff>0</onoff><value>1</value></std><slp><onoff>1</onoff><value>1</value></slp></items[1]><items[2]><id>-5</id><size>15</size><pcv><onoff>0</onoff><value>1</value></pcv><std><onoff>0</onoff><value>1</value></std><slp><onoff>1</onoff><value>1</value></slp></items[2]><items[3]><id>-7</id><size>15</size><pcv><onoff>0</onoff><value>1</value></pcv><std><onoff>0</onoff><value>1</value></std><slp><onoff>1</onoff><value>1</value></slp></items[3]></items></stability></open>
<open><log><format>"StdLogFmt_6.0"<items>{ -35 -21 -36 -76 30 23 36 21 25 221 -33 111 -34 11 -9 -10 -8 -1 -2 -4 -5 -14 -15 -7 -12 -13 -11 -65 -66 -72 -18 -19 -77 -78 -79 -23  }<hdr>{  }</hdr></items></format><options><beep>on</beep><hdr>normal</hdr><rem>normal</rem><stab>no</stab><stats>no<mean>no</mean><file>no</file><period>15</period></stats><excel>yes</excel><controls>yes</controls><comm>no</comm></options><datafile>"/User/062716-stm-shrub3"</datafile><button><action>"Normal Log"<code>" LogOneObsManual "</code></action></button><autoprog>"/User/Configs/AutoProgs/AutoLog2"<active>no</active></autoprog></log></open>
<open><a2d><avgtime>4.0 secs</avgtime><userchans><ch20>"Off"</ch20><ch21>"Off"</ch21><ch22>"Off"</ch22><ch23>"Off"</ch23></userchans></a2d></open>
<open><matching><type>0</type><disp>'a'</disp><settings><CO2Limit>10.0</CO2Limit><H2OLimit>1.0</H2OLimit><MaxAutoTime>60</MaxAutoTime></settings></matching></open>
<li6400><factory><unit>"PSC-3840"</unit><serviced>"1 Jul 2013"</serviced><fuseaware>0</fuseaware><co2mixer>yes</co2mixer><co2><coeffs>{ 0 0.213319 2.22998e-05 2.13159e-08 -3.88664e-12 3.69888e-16  }</coeffs><dvdt>-4.7</dvdt><xs>{ 0.0009 -0.0002  }</xs></co2><h2o><coeffs>{ 0 0.00572751 2.23485e-06 -7.37877e-12  }</coeffs><dvdt>-1.7</dvdt><xs>{ 0.0009 -0.0028  }</xs></h2o><flow>{ 0 0.3568  }</flow><press>{ 88.437 0.00551  }</press></factory></li6400>
<li6400><user><flow_zero>-898.4</flow_zero><irga_zero><co2>468.8 234.4<at>18.1598</at></co2><h2o>78.1 156.2<at>17.1607</at></h2o></irga_zero><irga_span><co2>{ 0.99237 0.992833  }</co2><h2o>{ 1.00426 0.996799  }</h2o></irga_span><irga_match><co2>{ 0.940565 2.37743  }</co2><h2o>{ 0.00477181 0.0939139  }</h2o></irga_match><co2_mixer><pump_mv>4500</pump_mv><ppm>{ 2938.24 1287.24 480.57 287.911 131.964 79.0122 54.4649 48.1774  }</ppm><mv>{ 5000 3000 1500 1000 500 300 200 100  }</mv></co2_mixer><parin_offset>0</parin_offset><led_cal><unit>"SI-3781"</unit><mv>{ 10 25 50 100 1000 2000 3000 4000 5000  }</mv><qntm>{ 4.69642 15.4417 35.4805 82.2863 972.665 1922.29 2824.32 3690.14 4518.2  }</qntm></led_cal><lcf_cal><unit>"unknown"</unit><red><mv>{ 50 100 500 1000 1500 5000  }</mv><qntm>{ 50 100 500 1000 2000 5000  }</qntm></red><blue><mv>{ 100 200 500 1000 2000 5000  }</mv><qntm>{ 10 20 50 100 200 500  }</qntm></blue></lcf_cal></user></li6400>
"16:59:40 "
$STARTOFDATA$
"Obs"	"HHMMSS"	"FTime"	"EBal?"	"Photo"	"Cond"	"Ci"	"Trmmol"	"VpdL"	"CTleaf"	"Area"	"BLC_1"	"StmRat"	"BLCond"	"Tair"	"Tleaf"	"TBlk"	"CO2R"	"CO2S"	"H2OR"	"H2OS"	"RH_R"	"RH_S"	"Flow"	"PARi"	"PARo"	"Press"	"CsMch"	"HsMch"	"StableF"	"BLCslope"	"BLCoffst"	"f_parin"	"f_parout"	"alphaK"	"Status"
1	"17:00:29"	54.0	0	5.7	0.0568	217	0.841	1.09	11.75	6	1.42	1	2.84	4.32	11.75	1.06	399.89	387.87	2.285	3.954	20.07	34.73	301.0	1700	6	73.33	2.38	0.0939	1.0	-0.22	2.74	1.00	0.00	0.16	111115
2	"17:00:30"	54.0	0	5.7	0.0568	217	0.841	1.09	11.75	6	1.42	1	2.84	4.32	11.75	1.06	399.89	387.87	2.285	3.954	20.07	34.73	301.0	1700	6	73.33	2.38	0.0939	1.0	-0.22	2.74	1.00	0.00	0.16	111115
3	"17:00:30"	54.5	0	5.7	0.0567	217	0.84	1.1	11.77	6	1.42	1	2.84	4.32	11.77	1.06	399.91	387.90	2.285	3.954	20.07	34.72	301.0	1700	6	73.33	2.38	0.0939	1.0	-0.22	2.74	1.00	0.00	0.16	111115
4	"17:00:31"	55.0	0	5.71	0.0567	217	0.84	1.1	11.77	6	1.42	1	2.84	4.31	11.77	1.06	399.92	387.89	2.285	3.953	20.07	34.72	301.0	1700	6	73.33	2.38	0.0939	1.0	-0.22	2.74	1.00	0.00	0.16	111115
5	"17:00:31"	55.5	0	5.71	0.0565	216	0.84	1.1	11.78	6	1.42	1	2.84	4.31	11.78	1.06	399.94	387.90	2.285	3.953	20.07	34.72	301.0	1700	6	73.33	2.38	0.0939	1.0	-0.22	2.74	1.00	0.00	0.16	111115
6	"17:00:32"	56.0	0	5.69	0.0565	217	0.839	1.1	11.79	6	1.42	1	2.84	4.32	11.79	1.06	399.89	387.91	2.285	3.952	20.07	34.71	301.0	1700	6	73.33	2.38	0.0939	1.0	-0.22	2.74	1.00	0.00	0.16	111115
7	"17:00:32"	56.5	0	5.67	0.0565	218	0.839	1.1	11.78	6	1.42	1	2.84	4.31	11.78	1.06	399.85	387.90	2.285	3.952	20.07	34.71	301.0	1700	6	73.33	2.38	0.0939	1.0	-0.22	2.74	1.00	0.00	0.16	111115
8	"17:00:33"	57.0	0	5.66	0.0565	218	0.839	1.1	11.77	6	1.42	1	2.84	4.31	11.77	1.05	399.85	387.92	2.285	3.951	20.07	34.70	301.0	1700	6	73.33	2.38	0.0939	1.0	-0.22	2.74	1.00	0.00	0.16	111115
9	"17:00:33"	57.5	0	5.66	0.0566	218	0.839	1.1	11.76	6	1.42	1	2.84	4.31	11.76	1.05	399.86	387.94	2.285	3.951	20.07	34.70	301.0	1700	5	73.33	2.38	0.0939	1.0	-0.22	2.74	1.00	0.00	0.16	111115
10	"17:00:34"	58.0	0	5.65	0.0567	218	0.839	1.09	11.74	6	1.42	1	2.84	4.31	11.74	1.05	399.87	387.96	2.286	3.951	20.08	34.71	301.0	1700	6	73.33	2.38	0.0939	1.0	-0.22	2.74	1.00	0.00	0.16	111115
11	"17:00:34"	58.5	0	5.65	0.0566	218	0.838	1.09	11.75	6	1.42	1	2.84	4.31	11.75	1.05	399.89	387.97	2.286	3.951	20.08	34.70	301.0	1700	5	73.33	2.38	0.0939	1.0	-0.22	2.74	1.00	0.00	0.16	111115
12	"17:00:35"	59.0	0	5.65	0.0566	219	0.839	1.09	11.75	6	1.42	1	2.84	4.31	11.75	1.05	399.92	388.02	2.287	3.952	20.09	34.71	301.0	1700	6	73.33	2.38	0.0939	1.0	-0.22	2.74	1.00	0.00	0.16	111115
13	"17:00:35"	60.0	0	5.69	0.0569	218	0.839	1.09	11.71	6	1.42	1	2.84	4.31	11.71	1.05	400.03	388.03	2.286	3.952	20.08	34.72	301.0	1700	6	73.33	2.38	0.0939	1.0	-0.22	2.74	1.00	0.00	0.16	111115
14	"17:00:36"	60.5	0	5.7	0.0569	218	0.839	1.09	11.71	6	1.42	1	2.84	4.31	11.71	1.05	400.07	388.06	2.286	3.953	20.08	34.73	301.0	1700	6	73.33	2.38	0.0939	1.0	-0.22	2.74	1.00	0.00	0.16	111115
15	"17:00:36"	61.0	0	5.72	0.0568	217	0.839	1.09	11.72	6	1.42	1	2.84	4.31	11.72	1.05	400.09	388.05	2.286	3.953	20.09	34.73	301.0	1700	6	73.33	2.38	0.0939	1.0	-0.22	2.74	1.00	0.00	0.16	111115
"17:00:46 Coolers: Tblock -> 5.00 C"
"17:05:18 Flow: Fixed -> 300 umol/s"
16	"17:05:51"	375.5	0	5.9	0.0607	221	1.01	1.22	14.17	6	1.42	1	2.84	7.79	14.17	5.13	400.04	387.50	3.437	5.432	23.74	37.53	301.0	1699	6	73.32	2.17	0.0943	1.0	-0.22	2.74	1.00	0.00	0.16	111115
17	"17:05:51"	375.5	0	5.9	0.0607	221	1.01	1.22	14.17	6	1.42	1	2.84	7.79	14.17	5.13	400.04	387.50	3.437	5.432	23.74	37.53	301.0	1699	6	73.32	2.17	0.0943	1.0	-0.22	2.74	1.00	0.00	0.16	111115
18	"17:05:51"	375.5	0	5.9	0.0607	221	1.01	1.22	14.17	6	1.42	1	2.84	7.79	14.17	5.13	400.04	387.50	3.437	5.432	23.74	37.53	301.0	1699	6	73.32	2.17	0.0943	1.0	-0.22	2.74	1.00	0.00	0.16	111115
19	"17:05:52"	376.0	0	5.89	0.0608	221	1.01	1.22	14.16	6	1.42	1	2.84	7.79	14.16	5.14	400.02	387.50	3.437	5.432	23.74	37.53	301.0	1699	6	73.32	2.17	0.0943	1.0	-0.22	2.74	1.00	0.00	0.16	111115
20	"17:05:52"	376.5	0	5.87	0.0608	222	1.01	1.22	14.16	6	1.42	1	2.84	7.79	14.16	5.14	400.00	387.52	3.437	5.432	23.74	37.53	301.0	1699	6	73.32	2.17	0.0943	1.0	-0.22	2.74	1.00	0.00	0.16	111115
21	"17:05:53"	377.0	0	5.85	0.0608	222	1.01	1.22	14.17	6	1.42	1	2.84	7.79	14.17	5.14	399.95	387.51	3.437	5.433	23.74	37.53	301.0	1699	6	73.32	2.17	0.0943	1.0	-0.22	2.74	1.00	0.00	0.16	111115
22	"17:05:53"	377.5	0	5.85	0.0608	223	1.01	1.22	14.17	6	1.42	1	2.84	7.79	14.17	5.14	399.94	387.51	3.437	5.434	23.74	37.54	301.0	1699	6	73.32	2.17	0.0943	1.0	-0.22	2.74	1.00	0.00	0.16	111115
23	"17:05:54"	378.0	0	5.86	0.0608	222	1.01	1.22	14.17	6	1.42	1	2.84	7.79	14.17	5.14	399.92	387.47	3.437	5.434	23.74	37.53	301.0	1699	6	73.32	2.17	0.0943	1.0	-0.22	2.74	1.00	0.00	0.16	111115
24	"17:05:54"	378.5	0	5.86	0.0608	222	1.01	1.22	14.17	6	1.42	1	2.84	7.79	14.17	5.14	399.92	387.46	3.436	5.434	23.73	37.53	301.0	1699	6	73.32	2.17	0.0943	1.0	-0.22	2.74	1.00	0.00	0.16	111115
25	"17:05:55"	379.0	0	5.89	0.0609	222	1.01	1.22	14.17	6	1.42	1	2.84	7.79	14.17	5.14	399.93	387.42	3.435	5.435	23.73	37.54	301.0	1699	6	73.32	2.17	0.0943	1.0	-0.22	2.74	1.00	0.00	0.16	111115
26	"17:05:55"	379.5	0	5.91	0.0609	221	1.01	1.22	14.17	6	1.42	1	2.84	7.79	14.17	5.14	399.96	387.40	3.435	5.434	23.73	37.54	301.0	1699	6	73.32	2.17	0.0943	1.0	-0.22	2.74	1.00	0.00	0.16	111115
27	"17:05:56"	380.0	0	5.93	0.061	221	1.01	1.22	14.16	6	1.42	1	2.84	7.79	14.16	5.14	400.00	387.39	3.434	5.435	23.72	37.54	301.0	1699	6	73.32	2.17	0.0943	1.0	-0.22	2.74	1.00	0.00	0.16	111115
28	"17:05:56"	380.5	0	5.96	0.061	220	1.01	1.22	14.16	6	1.42	1	2.84	7.79	14.16	5.14	400.03	387.38	3.435	5.436	23.73	37.55	301.0	1699	6	73.32	2.17	0.0943	1.0	-0.22	2.74	1.00	0.00	0.16	111115
29	"17:05:57"	381.0	0	5.99	0.061	219	1.01	1.22	14.15	6	1.42	1	2.84	7.79	14.15	5.14	400.08	387.37	3.436	5.436	23.73	37.55	301.0	1699	6	73.32	2.17	0.0943	1.0	-0.22	2.74	1.00	0.00	0.16	111115
30	"17:05:57"	381.5	0	6.01	0.061	219	1.01	1.22	14.14	6	1.42	1	2.84	7.79	14.14	5.14	400.11	387.35	3.436	5.436	23.73	37.54	301.0	1699	6	73.32	2.17	0.0943	1.0	-0.22	2.74	1.00	0.00	0.16	111115
"17:06:08 Coolers: Tblock -> 10.00 C"
"17:08:33 Flow: Fixed -> 300 umol/s"
"17:10:43 Flow: Fixed -> 300 umol/s"
31	"17:12:57"	802.5	0	6.43	0.0704	226	1.44	1.51	17.70	6	1.42	1	2.84	13.25	17.70	11.63	399.54	385.61	4.292	7.139	20.59	34.25	301.0	1699	6	73.31	2.29	0.0797	1.0	-0.22	2.74	1.00	0.00	0.16	111115
32	"17:12:57"	802.5	0	6.43	0.0704	226	1.44	1.51	17.70	6	1.42	1	2.84	13.25	17.70	11.63	399.54	385.61	4.292	7.139	20.59	34.25	301.0	1699	6	73.31	2.29	0.0797	1.0	-0.22	2.74	1.00	0.00	0.16	111115
33	"17:12:58"	803.0	0	6.45	0.0703	226	1.44	1.51	17.71	6	1.42	1	2.84	13.26	17.71	11.64	399.55	385.59	4.292	7.141	20.58	34.25	301.0	1699	6	73.31	2.29	0.0797	1.0	-0.22	2.74	1.00	0.00	0.16	111115
34	"17:12:58"	803.5	0	6.44	0.0703	226	1.44	1.51	17.72	6	1.42	1	2.84	13.26	17.72	11.64	399.52	385.59	4.293	7.141	20.58	34.24	301.0	1699	6	73.31	2.29	0.0797	1.0	-0.22	2.74	1.00	0.00	0.16	111115
35	"17:12:59"	804.0	0	6.45	0.0702	225	1.44	1.51	17.73	6	1.42	1	2.84	13.27	17.73	11.64	399.54	385.58	4.292	7.143	20.57	34.24	301.0	1699	6	73.31	2.29	0.0797	0.7	-0.22	2.74	1.00	0.00	0.16	111115
36	"17:12:59"	804.5	0	6.47	0.0702	225	1.44	1.51	17.73	6	1.42	1	2.84	13.27	17.73	11.65	399.56	385.56	4.293	7.143	20.57	34.23	301.0	1699	6	73.31	2.29	0.0797	0.7	-0.22	2.74	1.00	0.00	0.16	111115
37	"17:13:08"	813.5	0	6.76	0.0705	219	1.45	1.52	17.78	6	1.42	1	2.84	13.34	17.78	11.72	400.56	385.98	4.293	7.162	20.48	34.17	301.0	1699	6	73.31	2.29	0.0797	1.0	-0.22	2.74	1.00	0.00	0.16	111115
38	"17:13:08"	814.0	0	6.72	0.0704	220	1.45	1.52	17.79	6	1.42	1	2.84	13.34	17.79	11.72	400.51	386.00	4.293	7.161	20.48	34.16	301.0	1699	6	73.31	2.29	0.0797	0.7	-0.22	2.74	1.00	0.00	0.16	111115
39	"17:13:09"	814.0	0	6.72	0.0704	220	1.45	1.52	17.79	6	1.42	1	2.84	13.34	17.79	11.72	400.51	386.00	4.293	7.161	20.48	34.16	301.0	1699	6	73.31	2.29	0.0797	0.7	-0.22	2.74	1.00	0.00	0.16	111115
"17:15:37 Flow: Fixed -> 300 umol/s"
40	"17:16:23"	1008.5	0	6.9	0.0729	220	1.48	1.5	17.64	6	1.42	1	2.84	12.24	17.64	10.00	400.24	385.34	4.287	7.210	21.99	36.97	300.9	1701	6	73.31	2.57	0.0875	1.0	-0.22	2.74	1.00	0.00	0.16	111115
41	"17:16:23"	1008.5	0	6.9	0.0729	220	1.48	1.5	17.64	6	1.42	1	2.84	12.24	17.64	10.00	400.24	385.34	4.287	7.210	21.99	36.97	300.9	1701	6	73.31	2.57	0.0875	1.0	-0.22	2.74	1.00	0.00	0.16	111115
42	"17:16:24"	1009.0	0	6.88	0.0729	221	1.48	1.5	17.64	6	1.42	1	2.84	12.24	17.64	10.00	400.20	385.35	4.286	7.210	21.98	36.97	300.9	1701	6	73.31	2.57	0.0875	1.0	-0.22	2.74	1.00	0.00	0.16	111115
43	"17:16:24"	1009.5	0	6.85	0.0729	222	1.48	1.5	17.64	6	1.42	1	2.84	12.24	17.64	10.00	400.20	385.40	4.287	7.210	21.98	36.97	300.9	1701	6	73.31	2.57	0.0875	1.0	-0.22	2.74	1.00	0.00	0.16	111115
44	"17:16:25"	1010.0	0	6.84	0.0729	222	1.48	1.5	17.65	6	1.42	1	2.84	12.24	17.65	10.00	400.16	385.39	4.287	7.210	21.98	36.98	300.9	1701	6	73.31	2.57	0.0875	1.0	-0.22	2.74	1.00	0.00	0.16	111115
45	"17:16:25"	1010.5	0	6.85	0.0728	222	1.48	1.5	17.65	6	1.42	1	2.84	12.24	17.65	10.00	400.16	385.38	4.287	7.209	21.99	36.97	300.9	1701	6	73.31	2.57	0.0875	1.0	-0.22	2.74	1.00	0.00	0.16	111115
46	"17:16:26"	1011.0	0	6.84	0.0728	222	1.48	1.5	17.64	6	1.42	1	2.84	12.24	17.64	10.00	400.20	385.43	4.289	7.209	21.99	36.97	301.0	1701	6	73.31	2.57	0.0875	1.0	-0.22	2.74	1.00	0.00	0.16	111115
47	"17:16:26"	1011.5	0	6.87	0.0728	221	1.48	1.5	17.65	6	1.42	1	2.84	12.24	17.65	10.00	400.23	385.41	4.289	7.208	21.99	36.96	301.0	1701	6	73.31	2.57	0.0875	1.0	-0.22	2.74	1.00	0.00	0.16	111115
48	"17:16:27"	1012.0	0	6.89	0.0729	221	1.48	1.5	17.64	6	1.42	1	2.84	12.24	17.64	10.00	400.31	385.44	4.289	7.209	21.99	36.97	301.0	1701	6	73.31	2.57	0.0875	1.0	-0.22	2.74	1.00	0.00	0.16	111115
49	"17:16:27"	1012.5	0	6.93	0.0729	220	1.48	1.49	17.63	6	1.42	1	2.84	12.24	17.63	10.00	400.39	385.45	4.290	7.210	22.00	36.97	301.0	1701	6	73.31	2.57	0.0875	1.0	-0.22	2.74	1.00	0.00	0.16	111115
50	"17:16:28"	1013.0	0	6.98	0.073	219	1.48	1.49	17.62	6	1.42	1	2.84	12.24	17.62	10.00	400.50	385.46	4.290	7.210	22.00	36.97	301.0	1701	6	73.31	2.57	0.0875	1.0	-0.22	2.74	1.00	0.00	0.16	111115
51	"17:16:28"	1013.5	0	7	0.073	219	1.47	1.49	17.62	6	1.42	1	2.84	12.24	17.62	10.00	400.51	385.43	4.290	7.209	22.00	36.97	301.0	1701	6	73.31	2.57	0.0875	1.0	-0.22	2.74	1.00	0.00	0.16	111115
52	"17:16:29"	1014.0	0	7.01	0.0731	219	1.48	1.49	17.61	6	1.42	1	2.84	12.24	17.61	10.00	400.57	385.47	4.290	7.210	22.00	36.97	301.0	1701	6	73.31	2.57	0.0875	1.0	-0.22	2.74	1.00	0.00	0.16	111115
53	"17:16:29"	1014.5	0	7	0.0731	219	1.48	1.49	17.61	6	1.42	1	2.84	12.24	17.61	10.00	400.59	385.49	4.289	7.211	22.00	36.98	301.0	1701	6	73.31	2.57	0.0875	1.0	-0.22	2.74	1.00	0.00	0.16	111115
54	"17:16:30"	1015.0	0	6.97	0.073	219	1.48	1.49	17.61	6	1.42	1	2.84	12.24	17.61	10.00	400.53	385.49	4.289	7.210	22.00	36.97	301.0	1701	6	73.31	2.57	0.0875	1.0	-0.22	2.74	1.00	0.00	0.16	111115
"17:16:40 Coolers: Tblock -> 15.00 C"
"17:21:15 Flow: Fixed -> 300 umol/s"
55	"17:21:30"	1315.5	0	7.04	0.0755	220	1.78	1.73	20.07	6	1.42	1	2.84	16.47	20.07	15.10	400.15	384.75	4.986	8.496	19.45	33.14	301.0	1700	5	73.32	2.78	0.0666	1.0	-0.22	2.74	1.00	0.00	0.16	111115
56	"17:21:30"	1315.5	0	7.04	0.0755	220	1.78	1.73	20.07	6	1.42	1	2.84	16.47	20.07	15.10	400.15	384.75	4.986	8.496	19.45	33.14	301.0	1700	5	73.32	2.78	0.0666	1.0	-0.22	2.74	1.00	0.00	0.16	111115
57	"17:21:31"	1316.0	0	7.04	0.0755	220	1.78	1.73	20.07	6	1.42	1	2.84	16.47	20.07	15.10	400.16	384.76	4.986	8.495	19.45	33.14	301.0	1700	5	73.32	2.78	0.0666	1.0	-0.22	2.74	1.00	0.00	0.16	111115
58	"17:21:31"	1316.5	0	7.06	0.0755	220	1.78	1.73	20.07	6	1.42	1	2.84	16.47	20.07	15.09	400.21	384.78	4.986	8.496	19.45	33.14	301.0	1700	5	73.32	2.78	0.0666	1.0	-0.22	2.74	1.00	0.00	0.16	111115
59	"17:21:32"	1317.0	0	7.07	0.0755	220	1.78	1.74	20.08	6	1.42	1	2.84	16.47	20.08	15.10	400.24	384.77	4.986	8.497	19.45	33.14	301.0	1700	6	73.32	2.78	0.0666	1.0	-0.22	2.74	1.00	0.00	0.16	111115
60	"17:21:32"	1317.5	0	7.1	0.0755	219	1.78	1.73	20.07	6	1.42	1	2.84	16.47	20.07	15.10	400.25	384.74	4.986	8.497	19.44	33.14	301.0	1700	6	73.32	2.78	0.0666	1.0	-0.22	2.74	1.00	0.00	0.16	111115
61	"17:21:32"	1317.5	0	7.1	0.0755	219	1.78	1.73	20.07	6	1.42	1	2.84	16.47	20.07	15.10	400.25	384.74	4.986	8.497	19.44	33.14	301.0	1700	6	73.32	2.78	0.0666	1.0	-0.22	2.74	1.00	0.00	0.16	111115
62	"17:21:33"	1318.0	0	7.09	0.0755	219	1.78	1.74	20.08	6	1.42	1	2.84	16.47	20.08	15.09	400.24	384.75	4.986	8.497	19.44	33.14	301.0	1700	6	73.32	2.78	0.0666	0.7	-0.22	2.74	1.00	0.00	0.16	111115
63	"17:21:34"	1318.5	0	7.1	0.0755	219	1.78	1.74	20.09	6	1.42	1	2.84	16.47	20.09	15.10	400.28	384.76	4.985	8.497	19.44	33.14	301.0	1700	6	73.32	2.78	0.0666	0.7	-0.22	2.74	1.00	0.00	0.16	111115
64	"17:21:48"	1334.0	0	7.1	0.0754	219	1.78	1.74	20.15	6	1.42	1	2.84	16.50	20.15	15.10	400.48	384.95	4.982	8.509	19.39	33.12	300.9	1700	6	73.31	2.78	0.0666	1.0	-0.22	2.74	1.00	0.00	0.16	111115
65	"17:21:49"	1334.0	0	7.1	0.0754	219	1.78	1.74	20.15	6	1.42	1	2.84	16.50	20.15	15.10	400.48	384.95	4.982	8.509	19.39	33.12	300.9	1700	6	73.31	2.78	0.0666	1.0	-0.22	2.74	1.00	0.00	0.16	111115
66	"17:21:49"	1334.5	0	7.09	0.0754	219	1.78	1.75	20.16	6	1.42	1	2.84	16.50	20.16	15.10	400.49	384.98	4.982	8.510	19.39	33.12	300.9	1700	6	73.31	2.78	0.0666	0.7	-0.22	2.74	1.00	0.00	0.16	111115
67	"17:21:50"	1335.0	0	7.13	0.0753	218	1.78	1.75	20.17	6	1.42	1	2.84	16.50	20.17	15.10	400.55	384.97	4.982	8.510	19.39	33.12	300.9	1700	6	73.31	2.78	0.0666	0.7	-0.22	2.74	1.00	0.00	0.16	111115
68	"17:22:12"	1358.0	0	7.07	0.0751	219	1.8	1.76	20.28	6	1.42	1	2.84	16.53	20.28	15.09	400.66	385.19	4.977	8.526	19.33	33.12	300.9	1700	6	73.31	2.78	0.0666	1.0	-0.22	2.74	1.00	0.00	0.16	111115
69	"17:22:13"	1358.0	0	7.07	0.0751	219	1.8	1.76	20.28	6	1.42	1	2.84	16.53	20.28	15.09	400.66	385.19	4.977	8.526	19.33	33.12	300.9	1700	6	73.31	2.78	0.0666	1.0	-0.22	2.74	1.00	0.00	0.16	111115
70	"17:22:13"	1358.5	0	7.08	0.0751	219	1.8	1.76	20.28	6	1.42	1	2.84	16.53	20.28	15.09	400.69	385.19	4.977	8.526	19.33	33.11	300.9	1700	6	73.31	2.78	0.0666	0.7	-0.22	2.74	1.00	0.00	0.16	111115
71	"17:22:14"	1359.0	0	7.12	0.0751	218	1.8	1.76	20.29	6	1.42	1	2.84	16.53	20.29	15.09	400.77	385.19	4.977	8.527	19.33	33.12	301.0	1700	6	73.31	2.78	0.0666	0.7	-0.22	2.74	1.00	0.00	0.16	111115
