"OPEN 6.2.4"
"Mon Jun 27 2016 15:28:09"
<open><version>"6.2.4"</version></open>
<open><configfile>"/User/Configs/UserPrefs/2x3 LED.xml"</configfile></open>
<open><light><source>"6400-02 or -02B LED Source"</source><par_in>1<sensor>"SI-3781"<cal>-0.93<actinity>1.00</actinity><transm>1.00</transm></cal></sensor><transm>1</transm></par_in><par_out>1<sensor>"Q49599"<cal>7.26</cal></sensor></par_out></light></open>
<open><comps><file>"/User/Configs/Comps/StdComps_6.2"<header>""</header><extras></extras></file><energybal>no<f_parIn>1</f_parIn><f_parOut>0</f_parOut><alphaK>0.16</alphaK></energybal><bc_total>2.840<stomatal_ratio>1</stomatal_ratio><bc_oneside>1.420<type>2</type><table>"/Sys/Lib/StdBLCTable"</table><area>6</area><slope>-0.219565</slope><offset>2.73739</offset><fan>5</fan></bc_oneside></bc_total></comps></open>
<open><prompts><onlog>off</onlog><items>"Default (none)"</items></prompts></open>
<open><constants><oxygen>21 %</oxygen><bb_vapor>1.5</bb_vapor><bb_oxy>0.9</bb_oxy></constants></open>
<open><stability><items>"Std Stability"<items[1]><id>-2</id><size>15</size><pcv><onoff>0</onoff><value>1</value></pcv><std><onoff>0</onoff><value>1</value></std><slp><onoff>1</onoff><value>1</value></slp></items[1]><items[2]><id>-5</id><size>15</size><pcv><onoff>0</onoff><value>1</value></pcv><std><onoff>0</onoff><value>1</value></std><slp><onoff>1</onoff><value>1</value></slp></items[2]><items[3]><id>-7</id><size>15</size><pcv><onoff>0</onoff><value>1</value></pcv><std><onoff>0</onoff><value>1</value></std><slp><onoff>1</onoff><value>1</value></slp></items[3]></items></stability></open>
<open><log><format>"StdLogFmt_6.0"<items>{ -35 -21 -36 -76 30 23 36 21 25 221 -33 111 -34 11 -9 -10 -8 -1 -2 -4 -5 -14 -15 -7 -12 -13 -11 -65 -66 -72 -18 -19 -77 -78 -79 -23  }<hdr>{  }</hdr></items></format><options><beep>on</beep><hdr>normal</hdr><rem>normal</rem><stab>no</stab><stats>no<mean>no</mean><file>no</file><period>15</period></stats><excel>yes</excel><controls>yes</controls><comm>no</comm></options><datafile>"/User/062716-stm-vaoc7"</datafile><button><action>"Normal Log"<code>" LogOneObsManual "</code></action></button><autoprog>"/User/Configs/AutoProgs/AutoLog2"<active>no</active></autoprog></log></open>
<open><a2d><avgtime>4.0 secs</avgtime><userchans><ch20>"Off"</ch20><ch21>"Off"</ch21><ch22>"Off"</ch22><ch23>"Off"</ch23></userchans></a2d></open>
<open><matching><type>0</type><disp>'a'</disp><settings><CO2Limit>10.0</CO2Limit><H2OLimit>1.0</H2OLimit><MaxAutoTime>60</MaxAutoTime></settings></matching></open>
<li6400><factory><unit>"PSC-3840"</unit><serviced>"1 Jul 2013"</serviced><fuseaware>0</fuseaware><co2mixer>yes</co2mixer><co2><coeffs>{ 0 0.213319 2.22998e-05 2.13159e-08 -3.88664e-12 3.69888e-16  }</coeffs><dvdt>-4.7</dvdt><xs>{ 0.0009 -0.0002  }</xs></co2><h2o><coeffs>{ 0 0.00572751 2.23485e-06 -7.37877e-12  }</coeffs><dvdt>-1.7</dvdt><xs>{ 0.0009 -0.0028  }</xs></h2o><flow>{ 0 0.3568  }</flow><press>{ 88.437 0.00551  }</press></factory></li6400>
<li6400><user><flow_zero>-898.4</flow_zero><irga_zero><co2>468.8 234.4<at>18.1598</at></co2><h2o>78.1 156.2<at>17.1607</at></h2o></irga_zero><irga_span><co2>{ 0.99237 0.992833  }</co2><h2o>{ 1.00426 0.996799  }</h2o></irga_span><irga_match><co2>{ 0.940565 0.972524  }</co2><h2o>{ 0.00477181 0.0601775  }</h2o></irga_match><co2_mixer><pump_mv>4500</pump_mv><ppm>{ 2938.24 1287.24 480.57 287.911 131.964 79.0122 54.4649 48.1774  }</ppm><mv>{ 5000 3000 1500 1000 500 300 200 100  }</mv></co2_mixer><parin_offset>0</parin_offset><led_cal><unit>"SI-3781"</unit><mv>{ 10 25 50 100 1000 2000 3000 4000 5000  }</mv><qntm>{ 4.69642 15.4417 35.4805 82.2863 972.665 1922.29 2824.32 3690.14 4518.2  }</qntm></led_cal><lcf_cal><unit>"unknown"</unit><red><mv>{ 50 100 500 1000 1500 5000  }</mv><qntm>{ 50 100 500 1000 2000 5000  }</qntm></red><blue><mv>{ 100 200 500 1000 2000 5000  }</mv><qntm>{ 10 20 50 100 200 500  }</qntm></blue></lcf_cal></user></li6400>
"15:28:11 "
$STARTOFDATA$
"Obs"	"HHMMSS"	"FTime"	"EBal?"	"Photo"	"Cond"	"Ci"	"Trmmol"	"VpdL"	"CTleaf"	"Area"	"BLC_1"	"StmRat"	"BLCond"	"Tair"	"Tleaf"	"TBlk"	"CO2R"	"CO2S"	"H2OR"	"H2OS"	"RH_R"	"RH_S"	"Flow"	"PARi"	"PARo"	"Press"	"CsMch"	"HsMch"	"StableF"	"BLCslope"	"BLCoffst"	"f_parin"	"f_parout"	"alphaK"	"Status"
"15:39:28 Flow: Fixed -> 500 umol/s"
1	"15:39:53"	722.0	0	10.3	0.15	264	2.14	1.09	11.45	6	1.42	1	2.84	3.17	11.45	0.03	399.48	386.18	1.108	3.671	10.55	34.96	500.0	1701	7	73.36	2.23	0.0835	1.0	-0.22	2.74	1.00	0.00	0.16	111115
2	"15:39:54"	722.0	0	10.3	0.15	264	2.14	1.09	11.45	6	1.42	1	2.84	3.17	11.45	0.03	399.48	386.18	1.108	3.671	10.55	34.96	500.0	1701	7	73.36	2.23	0.0835	1.0	-0.22	2.74	1.00	0.00	0.16	111115
3	"15:39:54"	722.5	0	10.3	0.15	264	2.14	1.09	11.45	6	1.42	1	2.84	3.17	11.45	0.03	399.50	386.18	1.108	3.668	10.55	34.93	499.9	1701	7	73.36	2.23	0.0835	1.0	-0.22	2.74	1.00	0.00	0.16	111115
4	"15:39:55"	722.5	0	10.3	0.15	264	2.14	1.09	11.45	6	1.42	1	2.84	3.17	11.45	0.03	399.50	386.18	1.108	3.668	10.55	34.93	499.9	1701	7	73.36	2.23	0.0835	1.0	-0.22	2.74	1.00	0.00	0.16	111115
5	"15:39:55"	723.0	0	10.2	0.15	264	2.14	1.09	11.45	6	1.42	1	2.84	3.17	11.45	0.03	399.49	386.20	1.108	3.666	10.55	34.91	499.9	1701	7	73.36	2.23	0.0835	1.0	-0.22	2.74	1.00	0.00	0.16	111115
6	"15:39:56"	723.5	0	10.2	0.15	264	2.14	1.09	11.46	6	1.42	1	2.84	3.17	11.46	0.03	399.51	386.24	1.108	3.664	10.55	34.89	499.9	1701	7	73.36	2.23	0.0835	1.0	-0.22	2.74	1.00	0.00	0.16	111115
7	"15:39:56"	724.0	0	10.2	0.15	264	2.14	1.09	11.46	6	1.42	1	2.84	3.17	11.46	0.03	399.52	386.26	1.108	3.662	10.55	34.87	499.9	1701	7	73.36	2.23	0.0835	1.0	-0.22	2.74	1.00	0.00	0.16	111115
8	"15:39:57"	724.5	0	10.3	0.15	264	2.14	1.09	11.46	6	1.42	1	2.84	3.18	11.46	0.03	399.57	386.28	1.108	3.661	10.55	34.86	499.9	1701	7	73.36	2.23	0.0835	1.0	-0.22	2.74	1.00	0.00	0.16	111115
9	"15:39:57"	725.0	0	10.3	0.15	264	2.13	1.09	11.45	6	1.42	1	2.84	3.18	11.45	0.03	399.56	386.26	1.107	3.659	10.54	34.84	499.9	1701	7	73.36	2.23	0.0835	1.0	-0.22	2.74	1.00	0.00	0.16	111115
10	"15:39:58"	725.5	0	10.3	0.149	264	2.13	1.09	11.45	6	1.42	1	2.84	3.18	11.45	0.03	399.56	386.27	1.107	3.656	10.54	34.81	499.9	1701	7	73.36	2.23	0.0835	1.0	-0.22	2.74	1.00	0.00	0.16	111115
11	"15:39:58"	726.0	0	10.3	0.149	263	2.13	1.09	11.46	6	1.42	1	2.84	3.18	11.46	0.04	399.58	386.26	1.108	3.654	10.55	34.78	500.0	1701	7	73.36	2.23	0.0835	1.0	-0.22	2.74	1.00	0.00	0.16	111115
12	"15:39:59"	726.5	0	10.3	0.149	263	2.13	1.09	11.46	6	1.42	1	2.84	3.18	11.46	0.04	399.60	386.29	1.108	3.651	10.55	34.75	500.0	1701	7	73.36	2.23	0.0835	1.0	-0.22	2.74	1.00	0.00	0.16	111115
13	"15:39:59"	727.0	0	10.3	0.149	263	2.12	1.09	11.46	6	1.42	1	2.84	3.18	11.46	0.04	399.66	386.30	1.108	3.649	10.55	34.73	500.0	1701	7	73.36	2.23	0.0835	1.0	-0.22	2.74	1.00	0.00	0.16	111115
14	"15:40:00"	727.5	0	10.3	0.149	262	2.12	1.09	11.45	6	1.42	1	2.84	3.18	11.45	0.04	399.66	386.26	1.108	3.645	10.55	34.70	500.0	1701	6	73.36	2.23	0.0835	1.0	-0.22	2.74	1.00	0.00	0.16	111115
15	"15:40:00"	728.0	0	10.3	0.148	262	2.12	1.09	11.46	6	1.42	1	2.84	3.18	11.46	0.04	399.67	386.28	1.108	3.642	10.54	34.67	500.1	1701	6	73.36	2.23	0.0835	1.0	-0.22	2.74	1.00	0.00	0.16	111115
"15:40:16 Coolers: Tblock -> 5.00 C"
"15:45:16 Flow: Fixed -> 500 umol/s"
16	"15:45:36"	1064.5	0	9.84	0.111	232	1.82	1.23	14.10	6	1.42	1	2.84	7.41	14.10	5.12	399.55	386.90	3.031	5.203	21.50	36.90	499.9	1699	7	73.37	2.19	0.0899	1.0	-0.22	2.74	1.00	0.00	0.16	111115
17	"15:45:36"	1064.5	0	9.84	0.111	232	1.82	1.23	14.10	6	1.42	1	2.84	7.41	14.10	5.12	399.55	386.90	3.031	5.203	21.50	36.90	499.9	1699	7	73.37	2.19	0.0899	1.0	-0.22	2.74	1.00	0.00	0.16	111115
18	"15:45:37"	1065.0	0	9.89	0.111	231	1.82	1.23	14.10	6	1.42	1	2.84	7.41	14.10	5.12	399.59	386.87	3.030	5.204	21.49	36.91	499.9	1699	7	73.37	2.19	0.0899	1.0	-0.22	2.74	1.00	0.00	0.16	111115
19	"15:45:37"	1065.5	0	9.9	0.111	231	1.82	1.23	14.10	6	1.42	1	2.84	7.41	14.10	5.12	399.62	386.89	3.030	5.203	21.49	36.90	499.9	1699	7	73.37	2.19	0.0899	1.0	-0.22	2.74	1.00	0.00	0.16	111115
20	"15:45:38"	1065.5	0	9.9	0.111	231	1.82	1.23	14.10	6	1.42	1	2.84	7.41	14.10	5.12	399.62	386.89	3.030	5.203	21.49	36.90	499.9	1699	7	73.37	2.19	0.0899	1.0	-0.22	2.74	1.00	0.00	0.16	111115
21	"15:45:38"	1066.0	0	9.91	0.111	231	1.82	1.23	14.10	6	1.42	1	2.84	7.41	14.10	5.12	399.65	386.90	3.030	5.202	21.49	36.89	499.9	1699	7	73.37	2.19	0.0899	1.0	-0.22	2.74	1.00	0.00	0.16	111115
22	"15:45:39"	1066.5	0	9.93	0.111	230	1.82	1.23	14.10	6	1.42	1	2.84	7.41	14.10	5.12	399.68	386.92	3.030	5.201	21.49	36.88	499.9	1699	7	73.37	2.19	0.0899	1.0	-0.22	2.74	1.00	0.00	0.16	111115
23	"15:45:39"	1067.0	0	9.94	0.111	230	1.82	1.23	14.10	6	1.42	1	2.84	7.41	14.10	5.12	399.71	386.94	3.030	5.201	21.49	36.88	499.9	1699	7	73.37	2.19	0.0899	1.0	-0.22	2.74	1.00	0.00	0.16	111115
24	"15:45:40"	1067.5	0	9.98	0.111	230	1.82	1.23	14.10	6	1.42	1	2.84	7.41	14.10	5.13	399.73	386.91	3.031	5.199	21.49	36.87	499.9	1699	7	73.37	2.19	0.0899	1.0	-0.22	2.74	1.00	0.00	0.16	111115
25	"15:45:40"	1068.0	0	9.95	0.111	230	1.82	1.23	14.11	6	1.42	1	2.84	7.41	14.11	5.13	399.73	386.95	3.031	5.199	21.50	36.87	500.0	1699	7	73.37	2.19	0.0899	1.0	-0.22	2.74	1.00	0.00	0.16	111115
26	"15:45:41"	1068.5	0	9.94	0.111	230	1.82	1.23	14.11	6	1.42	1	2.84	7.41	14.11	5.13	399.74	386.96	3.032	5.199	21.50	36.86	500.0	1699	7	73.37	2.19	0.0899	1.0	-0.22	2.74	1.00	0.00	0.16	111115
27	"15:45:41"	1069.0	0	9.93	0.11	230	1.81	1.24	14.12	6	1.42	1	2.84	7.42	14.12	5.13	399.74	386.99	3.032	5.196	21.50	36.84	500.0	1699	7	73.37	2.19	0.0899	1.0	-0.22	2.74	1.00	0.00	0.16	111115
28	"15:45:42"	1069.5	0	9.96	0.11	229	1.81	1.24	14.12	6	1.42	1	2.84	7.42	14.12	5.13	399.77	386.99	3.032	5.196	21.50	36.84	500.0	1699	6	73.37	2.19	0.0899	1.0	-0.22	2.74	1.00	0.00	0.16	111115
29	"15:45:42"	1070.0	0	9.97	0.11	229	1.81	1.24	14.12	6	1.42	1	2.84	7.42	14.12	5.13	399.79	386.99	3.032	5.196	21.50	36.84	500.0	1699	7	73.37	2.19	0.0899	1.0	-0.22	2.74	1.00	0.00	0.16	111115
30	"15:45:43"	1070.5	0	9.96	0.11	229	1.81	1.24	14.12	6	1.42	1	2.84	7.42	14.12	5.13	399.83	387.04	3.033	5.196	21.50	36.83	500.0	1699	7	73.37	2.19	0.0899	1.0	-0.22	2.74	1.00	0.00	0.16	111115
"15:46:21 Coolers: Tblock -> 10.00 C"
"15:49:13 Flow: Fixed -> 500 umol/s"
31	"15:49:39"	1308.0	0	9.47	0.0889	205	1.74	1.45	16.73	6	1.42	1	2.84	11.55	16.73	10.01	401.69	389.51	4.158	6.230	22.33	33.45	499.9	1700	7	73.36	1.97	0.088	0.7	-0.22	2.74	1.00	0.00	0.16	111115
32	"15:49:40"	1308.0	0	9.47	0.0889	205	1.74	1.45	16.73	6	1.42	1	2.84	11.55	16.73	10.01	401.69	389.51	4.158	6.230	22.33	33.45	499.9	1700	7	73.36	1.97	0.088	0.7	-0.22	2.74	1.00	0.00	0.16	111115
33	"15:50:09"	1337.5	0	8.66	0.0872	216	1.73	1.47	16.87	6	1.42	1	2.84	11.61	16.87	10.01	399.88	388.68	4.159	6.218	22.24	33.25	499.9	1700	7	73.36	1.97	0.088	1.0	-0.22	2.74	1.00	0.00	0.16	111115
34	"15:50:09"	1338.0	0	8.65	0.0872	216	1.73	1.47	16.87	6	1.42	1	2.84	11.61	16.87	10.01	399.85	388.67	4.159	6.217	22.24	33.24	499.9	1700	7	73.36	1.97	0.088	1.0	-0.22	2.74	1.00	0.00	0.16	111115
35	"15:50:10"	1338.0	0	8.65	0.0872	216	1.73	1.47	16.87	6	1.42	1	2.84	11.61	16.87	10.01	399.85	388.67	4.159	6.217	22.24	33.24	499.9	1700	7	73.36	1.97	0.088	1.0	-0.22	2.74	1.00	0.00	0.16	111115
36	"15:50:10"	1338.5	0	8.64	0.0871	216	1.72	1.47	16.87	6	1.42	1	2.84	11.61	16.87	10.01	399.83	388.66	4.160	6.217	22.24	33.24	499.9	1700	7	73.36	1.97	0.088	1.0	-0.22	2.74	1.00	0.00	0.16	111115
37	"15:50:11"	1339.0	0	8.65	0.0871	216	1.72	1.47	16.87	6	1.42	1	2.84	11.61	16.87	10.01	399.82	388.64	4.160	6.217	22.24	33.24	499.9	1700	7	73.36	1.97	0.088	1.0	-0.22	2.74	1.00	0.00	0.16	111115
38	"15:50:11"	1339.0	0	8.65	0.0871	216	1.72	1.47	16.87	6	1.42	1	2.84	11.61	16.87	10.01	399.82	388.64	4.160	6.217	22.24	33.24	499.9	1700	7	73.36	1.97	0.088	1.0	-0.22	2.74	1.00	0.00	0.16	111115
39	"15:50:12"	1339.5	0	8.62	0.0871	216	1.72	1.47	16.87	6	1.42	1	2.84	11.61	16.87	10.01	399.80	388.65	4.161	6.217	22.24	33.23	499.9	1700	7	73.36	1.97	0.088	1.0	-0.22	2.74	1.00	0.00	0.16	111115
40	"15:50:12"	1340.0	0	8.64	0.0871	216	1.72	1.47	16.86	6	1.42	1	2.84	11.62	16.86	10.01	399.80	388.63	4.161	6.216	22.24	33.23	499.9	1700	7	73.36	1.97	0.088	1.0	-0.22	2.74	1.00	0.00	0.16	111115
41	"15:50:13"	1340.5	0	8.63	0.0871	216	1.72	1.47	16.87	6	1.42	1	2.84	11.62	16.87	10.01	399.80	388.63	4.161	6.216	22.24	33.22	499.9	1700	7	73.35	1.97	0.088	1.0	-0.22	2.74	1.00	0.00	0.16	111115
42	"15:50:13"	1341.0	0	8.63	0.087	216	1.72	1.47	16.87	6	1.42	1	2.84	11.62	16.87	10.01	399.79	388.63	4.160	6.215	22.23	33.22	499.9	1700	7	73.35	1.97	0.088	1.0	-0.22	2.74	1.00	0.00	0.16	111115
43	"15:50:14"	1341.5	0	8.66	0.087	215	1.72	1.47	16.87	6	1.42	1	2.84	11.62	16.87	10.01	399.81	388.60	4.160	6.214	22.23	33.21	499.9	1700	7	73.35	1.97	0.088	1.0	-0.22	2.74	1.00	0.00	0.16	111115
44	"15:50:14"	1342.0	0	8.68	0.087	215	1.72	1.47	16.87	6	1.42	1	2.84	11.62	16.87	10.01	399.84	388.62	4.161	6.215	22.23	33.21	499.9	1700	7	73.35	1.97	0.088	1.0	-0.22	2.74	1.00	0.00	0.16	111115
45	"15:50:15"	1342.5	0	8.7	0.087	215	1.72	1.47	16.87	6	1.42	1	2.84	11.62	16.87	10.01	399.86	388.62	4.161	6.216	22.23	33.21	499.9	1700	7	73.35	1.97	0.088	1.0	-0.22	2.74	1.00	0.00	0.16	111115
46	"15:50:15"	1343.0	0	8.69	0.087	215	1.72	1.47	16.88	6	1.42	1	2.84	11.62	16.88	10.01	399.86	388.63	4.161	6.216	22.23	33.21	499.9	1700	7	73.35	1.97	0.088	1.0	-0.22	2.74	1.00	0.00	0.16	111115
47	"15:50:16"	1343.5	0	8.69	0.0869	215	1.72	1.47	16.88	6	1.42	1	2.84	11.62	16.88	10.01	399.84	388.61	4.160	6.214	22.23	33.20	500.0	1700	7	73.35	1.97	0.088	1.0	-0.22	2.74	1.00	0.00	0.16	111115
