"OPEN 6.2.4"
"Tue Jun 28 2016 16:41:29"
<open><version>"6.2.4"</version></open>
<open><configfile>"/User/Configs/UserPrefs/2x3 LED.xml"</configfile></open>
<open><light><source>"6400-02 or -02B LED Source"</source><par_in>1<sensor>"SI-3781"<cal>-0.93<actinity>1.00</actinity><transm>1.00</transm></cal></sensor><transm>1</transm></par_in><par_out>1<sensor>"Q49599"<cal>7.26</cal></sensor></par_out></light></open>
<open><comps><file>"/User/Configs/Comps/StdComps_6.2"<header>""</header><extras></extras></file><energybal>no<f_parIn>1</f_parIn><f_parOut>0</f_parOut><alphaK>0.16</alphaK></energybal><bc_total>2.840<stomatal_ratio>1</stomatal_ratio><bc_oneside>1.420<type>2</type><table>"/Sys/Lib/StdBLCTable"</table><area>6</area><slope>-0.219565</slope><offset>2.73739</offset><fan>5</fan></bc_oneside></bc_total></comps></open>
<open><prompts><onlog>off</onlog><items>"Default (none)"</items></prompts></open>
<open><constants><oxygen>21 %</oxygen><bb_vapor>1.5</bb_vapor><bb_oxy>0.9</bb_oxy></constants></open>
<open><stability><items>"Std Stability"<items[1]><id>-2</id><size>15</size><pcv><onoff>0</onoff><value>1</value></pcv><std><onoff>0</onoff><value>1</value></std><slp><onoff>1</onoff><value>1</value></slp></items[1]><items[2]><id>-5</id><size>15</size><pcv><onoff>0</onoff><value>1</value></pcv><std><onoff>0</onoff><value>1</value></std><slp><onoff>1</onoff><value>1</value></slp></items[2]><items[3]><id>-7</id><size>15</size><pcv><onoff>0</onoff><value>1</value></pcv><std><onoff>0</onoff><value>1</value></std><slp><onoff>1</onoff><value>1</value></slp></items[3]></items></stability></open>
<open><log><format>"StdLogFmt_6.0"<items>{ -35 -21 -36 -76 30 23 36 21 25 221 -33 111 -34 11 -9 -10 -8 -1 -2 -4 -5 -14 -15 -7 -12 -13 -11 -65 -66 -72 -18 -19 -77 -78 -79 -23  }<hdr>{  }</hdr></items></format><options><beep>on</beep><hdr>normal</hdr><rem>normal</rem><stab>no</stab><stats>no<mean>no</mean><file>no</file><period>15</period></stats><excel>yes</excel><controls>yes</controls><comm>no</comm></options><datafile>"/User/062816-stm-shrub4"</datafile><button><action>"Normal Log"<code>" LogOneObsManual "</code></action></button><autoprog>"/User/Configs/AutoProgs/AutoLog2"<active>no</active></autoprog></log></open>
<open><a2d><avgtime>4.0 secs</avgtime><userchans><ch20>"Off"</ch20><ch21>"Off"</ch21><ch22>"Off"</ch22><ch23>"Off"</ch23></userchans></a2d></open>
<open><matching><type>0</type><disp>'a'</disp><settings><CO2Limit>10.0</CO2Limit><H2OLimit>1.0</H2OLimit><MaxAutoTime>60</MaxAutoTime></settings></matching></open>
<li6400><factory><unit>"PSC-3840"</unit><serviced>"1 Jul 2013"</serviced><fuseaware>0</fuseaware><co2mixer>yes</co2mixer><co2><coeffs>{ 0 0.213319 2.22998e-05 2.13159e-08 -3.88664e-12 3.69888e-16  }</coeffs><dvdt>-4.7</dvdt><xs>{ 0.0009 -0.0002  }</xs></co2><h2o><coeffs>{ 0 0.00572751 2.23485e-06 -7.37877e-12  }</coeffs><dvdt>-1.7</dvdt><xs>{ 0.0009 -0.0028  }</xs></h2o><flow>{ 0 0.3568  }</flow><press>{ 88.437 0.00551  }</press></factory></li6400>
<li6400><user><flow_zero>-898.4</flow_zero><irga_zero><co2>468.8 234.4<at>18.1598</at></co2><h2o>78.1 156.2<at>17.1607</at></h2o></irga_zero><irga_span><co2>{ 0.99237 0.992833  }</co2><h2o>{ 1.00426 0.996799  }</h2o></irga_span><irga_match><co2>{ 0.940565 4.3909  }</co2><h2o>{ 0.00477181 -0.381623  }</h2o></irga_match><co2_mixer><pump_mv>4500</pump_mv><ppm>{ 2938.24 1287.24 480.57 287.911 131.964 79.0122 54.4649 48.1774  }</ppm><mv>{ 5000 3000 1500 1000 500 300 200 100  }</mv></co2_mixer><parin_offset>0</parin_offset><led_cal><unit>"SI-3781"</unit><mv>{ 10 25 50 100 1000 2000 3000 4000 5000  }</mv><qntm>{ 4.69642 15.4417 35.4805 82.2863 972.665 1922.29 2824.32 3690.14 4518.2  }</qntm></led_cal><lcf_cal><unit>"unknown"</unit><red><mv>{ 50 100 500 1000 1500 5000  }</mv><qntm>{ 50 100 500 1000 2000 5000  }</qntm></red><blue><mv>{ 100 200 500 1000 2000 5000  }</mv><qntm>{ 10 20 50 100 200 500  }</qntm></blue></lcf_cal></user></li6400>
"16:41:30 "
$STARTOFDATA$
"Obs"	"HHMMSS"	"FTime"	"EBal?"	"Photo"	"Cond"	"Ci"	"Trmmol"	"VpdL"	"CTleaf"	"Area"	"BLC_1"	"StmRat"	"BLCond"	"Tair"	"Tleaf"	"TBlk"	"CO2R"	"CO2S"	"H2OR"	"H2OS"	"RH_R"	"RH_S"	"Flow"	"PARi"	"PARo"	"Press"	"CsMch"	"HsMch"	"StableF"	"BLCslope"	"BLCoffst"	"f_parin"	"f_parout"	"alphaK"	"Status"
"17:10:20 Flow: Fixed -> 500 umol/s"
"17:13:49 Flow: Fixed -> 400 umol/s"
"17:14:08 Flow: Fixed -> 300 umol/s"
"17:15:19 Flow: Fixed -> 300 umol/s"
1	"17:15:45"	2093.5	0	5.1	0.0653	255	0.85	0.964	10.29	6	1.42	1	2.84	3.80	10.29	0.54	399.75	388.89	2.307	3.999	20.97	36.34	300.1	1700	12	73.2	2.87	0.0895	1.0	-0.22	2.74	1.00	0.00	0.16	111115
2	"17:15:46"	2093.5	0	5.1	0.0653	255	0.85	0.964	10.29	6	1.42	1	2.84	3.80	10.29	0.54	399.75	388.89	2.307	3.999	20.97	36.34	300.1	1700	12	73.2	2.87	0.0895	1.0	-0.22	2.74	1.00	0.00	0.16	111115
3	"17:15:46"	2094.0	0	5.09	0.0654	255	0.85	0.963	10.28	6	1.42	1	2.84	3.80	10.28	0.54	399.76	388.92	2.307	3.999	20.97	36.35	300.1	1700	12	73.2	2.87	0.0895	1.0	-0.22	2.74	1.00	0.00	0.16	111115
4	"17:15:47"	2094.5	0	5.11	0.0654	255	0.85	0.963	10.28	6	1.42	1	2.84	3.80	10.28	0.54	399.82	388.94	2.307	3.999	20.97	36.35	300.1	1700	12	73.2	2.87	0.0895	1.0	-0.22	2.74	1.00	0.00	0.16	111115
5	"17:15:47"	2094.5	0	5.11	0.0654	255	0.85	0.963	10.28	6	1.42	1	2.84	3.80	10.28	0.54	399.82	388.94	2.307	3.999	20.97	36.35	300.1	1700	12	73.2	2.87	0.0895	1.0	-0.22	2.74	1.00	0.00	0.16	111115
6	"17:15:47"	2095.0	0	5.1	0.0654	255	0.85	0.963	10.28	6	1.42	1	2.84	3.80	10.28	0.54	399.80	388.94	2.307	3.999	20.97	36.35	300.1	1700	12	73.2	2.87	0.0895	1.0	-0.22	2.74	1.00	0.00	0.16	111115
7	"17:15:48"	2095.5	0	5.1	0.0655	255	0.851	0.963	10.29	6	1.42	1	2.84	3.80	10.29	0.53	399.81	388.96	2.306	4.001	20.96	36.36	300.1	1700	12	73.2	2.87	0.0895	1.0	-0.22	2.74	1.00	0.00	0.16	111115
8	"17:15:48"	2096.0	0	5.09	0.0654	255	0.851	0.964	10.29	6	1.42	1	2.84	3.80	10.29	0.53	399.80	388.97	2.305	4.001	20.95	36.36	300.1	1700	12	73.2	2.87	0.0895	1.0	-0.22	2.74	1.00	0.00	0.16	111115
9	"17:15:49"	2096.5	0	5.08	0.0655	255	0.852	0.964	10.29	6	1.42	1	2.84	3.80	10.29	0.54	399.81	388.98	2.305	4.001	20.95	36.37	300.1	1700	12	73.2	2.87	0.0895	1.0	-0.22	2.74	1.00	0.00	0.16	111115
10	"17:15:50"	2097.0	0	5.1	0.0655	255	0.852	0.964	10.29	6	1.42	1	2.84	3.80	10.29	0.53	399.80	388.94	2.305	4.001	20.95	36.37	300.1	1700	12	73.2	2.87	0.0895	1.0	-0.22	2.74	1.00	0.00	0.16	111115
11	"17:15:50"	2097.5	0	5.11	0.0656	255	0.853	0.964	10.29	6	1.42	1	2.84	3.80	10.29	0.54	399.82	388.95	2.305	4.003	20.95	36.38	300.1	1700	12	73.2	2.87	0.0895	1.0	-0.22	2.74	1.00	0.00	0.16	111115
12	"17:15:51"	2098.0	0	5.12	0.0655	255	0.852	0.964	10.29	6	1.42	1	2.84	3.80	10.29	0.53	399.83	388.93	2.305	4.003	20.95	36.38	300.1	1700	12	73.2	2.87	0.0895	1.0	-0.22	2.74	1.00	0.00	0.16	111115
13	"17:15:51"	2098.5	0	5.11	0.0655	255	0.852	0.965	10.31	6	1.42	1	2.84	3.80	10.31	0.53	399.81	388.92	2.305	4.003	20.95	36.39	300.1	1700	11	73.2	2.87	0.0895	1.0	-0.22	2.74	1.00	0.00	0.16	111115
14	"17:15:52"	2099.0	0	5.13	0.0654	254	0.853	0.966	10.32	6	1.42	1	2.84	3.80	10.32	0.54	399.83	388.92	2.305	4.003	20.96	36.39	300.1	1700	11	73.2	2.87	0.0895	1.0	-0.22	2.74	1.00	0.00	0.16	111115
15	"17:15:52"	2099.5	0	5.12	0.0654	254	0.852	0.965	10.31	6	1.42	1	2.84	3.80	10.31	0.54	399.83	388.93	2.306	4.003	20.97	36.39	300.1	1700	11	73.2	2.87	0.0895	1.0	-0.22	2.74	1.00	0.00	0.16	111115
"17:16:08 Coolers: Tblock -> 5.00 C"
"17:19:18 Flow: Fixed -> 300 umol/s"
"17:19:38 Flow: Fixed -> 300 umol/s"
16	"17:20:06"	2353.5	0	5.45	0.0644	242	0.98	1.12	12.76	6	1.42	1	2.84	7.49	12.76	5.12	399.81	388.15	2.910	4.861	20.48	34.20	300.1	1701	12	73.19	2.48	0.0826	1.0	-0.22	2.74	1.00	0.00	0.16	111115
17	"17:20:06"	2353.5	0	5.45	0.0644	242	0.98	1.12	12.76	6	1.42	1	2.84	7.49	12.76	5.12	399.81	388.15	2.910	4.861	20.48	34.20	300.1	1701	12	73.19	2.48	0.0826	1.0	-0.22	2.74	1.00	0.00	0.16	111115
18	"17:20:07"	2354.0	0	5.44	0.0645	243	0.98	1.12	12.75	6	1.42	1	2.84	7.49	12.75	5.12	399.78	388.14	2.910	4.861	20.48	34.21	300.1	1701	12	73.19	2.48	0.0826	1.0	-0.22	2.74	1.00	0.00	0.16	111115
19	"17:20:07"	2354.0	0	5.44	0.0645	243	0.98	1.12	12.75	6	1.42	1	2.84	7.49	12.75	5.12	399.78	388.14	2.910	4.861	20.48	34.21	300.1	1701	12	73.19	2.48	0.0826	1.0	-0.22	2.74	1.00	0.00	0.16	111115
20	"17:20:08"	2354.5	0	5.43	0.0646	243	0.981	1.12	12.75	6	1.42	1	2.84	7.49	12.75	5.12	399.75	388.14	2.910	4.862	20.47	34.21	300.1	1701	12	73.19	2.48	0.0826	1.0	-0.22	2.74	1.00	0.00	0.16	111115
21	"17:20:08"	2355.0	0	5.39	0.0646	244	0.981	1.12	12.74	6	1.42	1	2.84	7.49	12.74	5.12	399.72	388.17	2.910	4.861	20.47	34.20	300.1	1701	12	73.19	2.48	0.0826	1.0	-0.22	2.74	1.00	0.00	0.16	111115
22	"17:20:09"	2355.5	0	5.38	0.0646	245	0.981	1.12	12.74	6	1.42	1	2.84	7.49	12.74	5.12	399.70	388.19	2.910	4.861	20.48	34.21	300.1	1701	12	73.19	2.48	0.0826	1.0	-0.22	2.74	1.00	0.00	0.16	111115
23	"17:20:09"	2356.0	0	5.39	0.0646	244	0.981	1.12	12.74	6	1.42	1	2.84	7.49	12.74	5.12	399.71	388.18	2.911	4.862	20.48	34.21	300.1	1701	12	73.19	2.48	0.0826	1.0	-0.22	2.74	1.00	0.00	0.16	111115
24	"17:20:10"	2356.5	0	5.43	0.0647	243	0.982	1.12	12.74	6	1.42	1	2.84	7.49	12.74	5.12	399.74	388.13	2.909	4.863	20.46	34.21	300.1	1701	12	73.19	2.48	0.0826	1.0	-0.22	2.74	1.00	0.00	0.16	111115
25	"17:20:10"	2357.0	0	5.43	0.0648	244	0.983	1.12	12.73	6	1.42	1	2.84	7.49	12.73	5.12	399.73	388.12	2.908	4.863	20.46	34.22	300.2	1701	12	73.19	2.48	0.0826	1.0	-0.22	2.74	1.00	0.00	0.16	111115
26	"17:20:11"	2357.5	0	5.45	0.0649	243	0.983	1.12	12.72	6	1.42	1	2.84	7.49	12.72	5.12	399.77	388.10	2.908	4.863	20.46	34.21	300.2	1701	12	73.19	2.48	0.0826	1.0	-0.22	2.74	1.00	0.00	0.16	111115
27	"17:20:11"	2358.0	0	5.46	0.0649	243	0.983	1.12	12.71	6	1.42	1	2.84	7.49	12.71	5.12	399.79	388.12	2.908	4.864	20.46	34.22	300.2	1701	12	73.19	2.48	0.0826	1.0	-0.22	2.74	1.00	0.00	0.16	111115
28	"17:20:12"	2358.5	0	5.46	0.0649	243	0.982	1.12	12.70	6	1.42	1	2.84	7.49	12.70	5.12	399.82	388.14	2.909	4.863	20.47	34.21	300.1	1701	12	73.19	2.48	0.0826	1.0	-0.22	2.74	1.00	0.00	0.16	111115
29	"17:20:12"	2359.0	0	5.46	0.065	243	0.982	1.12	12.70	6	1.42	1	2.84	7.49	12.70	5.12	399.83	388.15	2.909	4.864	20.47	34.22	300.1	1701	12	73.19	2.48	0.0826	1.0	-0.22	2.74	1.00	0.00	0.16	111115
30	"17:20:13"	2359.5	0	5.51	0.0651	242	0.984	1.12	12.71	6	1.42	1	2.84	7.50	12.71	5.12	399.88	388.11	2.908	4.866	20.46	34.23	300.1	1701	12	73.19	2.48	0.0826	1.0	-0.22	2.74	1.00	0.00	0.16	111115
"17:20:22 Coolers: Tblock -> 10.00 C"
"17:23:43 Flow: Fixed -> 300 umol/s"
31	"17:24:24"	2611.5	0	5.94	0.0653	230	1.15	1.3	15.61	6	1.42	1	2.84	11.63	15.61	10.01	400.09	387.31	4.310	6.593	22.96	35.12	300.1	1700	13	73.19	2.41	0.0649	1.0	-0.22	2.74	1.00	0.00	0.16	111115
32	"17:24:25"	2612.0	0	5.94	0.0654	230	1.15	1.3	15.60	6	1.42	1	2.84	11.63	15.60	10.01	400.08	387.31	4.310	6.594	22.96	35.13	300.1	1700	13	73.19	2.41	0.0649	1.0	-0.22	2.74	1.00	0.00	0.16	111115
33	"17:24:25"	2612.0	0	5.94	0.0654	230	1.15	1.3	15.60	6	1.42	1	2.84	11.63	15.60	10.01	400.08	387.31	4.310	6.594	22.96	35.13	300.1	1700	13	73.19	2.41	0.0649	1.0	-0.22	2.74	1.00	0.00	0.16	111115
34	"17:24:26"	2612.5	0	5.92	0.0654	231	1.15	1.3	15.60	6	1.42	1	2.84	11.63	15.60	10.01	400.08	387.35	4.310	6.594	22.96	35.13	300.1	1700	13	73.19	2.41	0.0649	1.0	-0.22	2.74	1.00	0.00	0.16	111115
35	"17:24:26"	2613.0	0	5.92	0.0654	231	1.15	1.3	15.61	6	1.42	1	2.84	11.63	15.61	10.01	400.08	387.34	4.309	6.595	22.95	35.13	300.1	1700	13	73.19	2.41	0.0649	1.0	-0.22	2.74	1.00	0.00	0.16	111115
36	"17:24:27"	2613.5	0	5.91	0.0654	231	1.15	1.3	15.62	6	1.42	1	2.84	11.63	15.62	10.01	400.09	387.37	4.309	6.596	22.95	35.13	300.1	1699	13	73.19	2.41	0.0649	1.0	-0.22	2.74	1.00	0.00	0.16	111115
37	"17:24:27"	2614.0	0	5.9	0.0654	231	1.15	1.3	15.63	6	1.42	1	2.84	11.64	15.63	10.01	400.09	387.41	4.309	6.597	22.95	35.13	300.1	1699	13	73.19	2.41	0.0649	1.0	-0.22	2.74	1.00	0.00	0.16	111115
38	"17:24:27"	2614.5	0	5.89	0.0654	232	1.15	1.3	15.63	6	1.42	1	2.84	11.64	15.63	10.01	400.09	387.42	4.308	6.598	22.95	35.14	300.1	1699	13	73.19	2.41	0.0649	1.0	-0.22	2.74	1.00	0.00	0.16	111115
39	"17:24:28"	2615.0	0	5.9	0.0654	231	1.15	1.3	15.63	6	1.42	1	2.84	11.64	15.63	10.01	400.09	387.40	4.309	6.599	22.95	35.14	300.1	1699	13	73.19	2.41	0.0649	1.0	-0.22	2.74	1.00	0.00	0.16	111115
40	"17:24:29"	2615.5	0	5.89	0.0655	232	1.15	1.3	15.63	6	1.42	1	2.84	11.64	15.63	10.01	400.08	387.41	4.308	6.600	22.94	35.15	300.1	1700	13	73.19	2.41	0.0649	1.0	-0.22	2.74	1.00	0.00	0.16	111115
41	"17:24:29"	2616.0	0	5.89	0.0655	232	1.15	1.3	15.64	6	1.42	1	2.84	11.64	15.64	10.01	400.08	387.42	4.310	6.601	22.95	35.15	300.2	1699	13	73.19	2.41	0.0649	1.0	-0.22	2.74	1.00	0.00	0.16	111115
42	"17:24:30"	2616.5	0	5.89	0.0656	232	1.15	1.3	15.63	6	1.42	1	2.84	11.64	15.63	10.01	400.08	387.42	4.310	6.603	22.95	35.15	300.2	1699	13	73.19	2.41	0.0649	1.0	-0.22	2.74	1.00	0.00	0.16	111115
43	"17:24:30"	2617.0	0	5.89	0.0656	232	1.15	1.3	15.62	6	1.42	1	2.84	11.64	15.62	10.01	400.10	387.44	4.311	6.602	22.95	35.15	300.2	1699	13	73.19	2.41	0.0649	1.0	-0.22	2.74	1.00	0.00	0.16	111115
44	"17:24:31"	2617.5	0	5.89	0.0657	232	1.15	1.3	15.61	6	1.42	1	2.84	11.64	15.61	10.01	400.08	387.41	4.311	6.604	22.95	35.16	300.2	1699	13	73.19	2.41	0.0649	1.0	-0.22	2.74	1.00	0.00	0.16	111115
45	"17:24:31"	2618.0	0	5.9	0.0657	232	1.16	1.3	15.61	6	1.42	1	2.84	11.64	15.61	10.01	400.09	387.40	4.310	6.605	22.94	35.16	300.2	1699	13	73.19	2.41	0.0649	1.0	-0.22	2.74	1.00	0.00	0.16	111115
"17:24:40 Coolers: Tblock -> 15.00 C"
"17:31:25 Flow: Fixed -> 300 umol/s"
46	"17:31:57"	3065.0	0	6.85	0.0819	237	1.76	1.58	19.29	6	1.42	1	2.84	16.28	19.29	15.08	400.60	385.55	5.562	9.043	21.91	35.63	300.1	1701	13	73.19	2.85	0.0519	1.0	-0.22	2.74	1.00	0.00	0.16	111115
47	"17:31:58"	3065.0	0	6.85	0.0819	237	1.76	1.58	19.29	6	1.42	1	2.84	16.28	19.29	15.08	400.60	385.55	5.562	9.043	21.91	35.63	300.1	1701	13	73.19	2.85	0.0519	1.0	-0.22	2.74	1.00	0.00	0.16	111115
48	"17:31:58"	3065.0	0	6.85	0.0819	237	1.76	1.58	19.29	6	1.42	1	2.84	16.28	19.29	15.08	400.60	385.55	5.562	9.043	21.91	35.63	300.1	1701	13	73.19	2.85	0.0519	1.0	-0.22	2.74	1.00	0.00	0.16	111115
49	"17:31:59"	3065.5	0	6.86	0.0819	237	1.76	1.58	19.30	6	1.42	1	2.84	16.28	19.30	15.08	400.65	385.58	5.561	9.045	21.91	35.64	300.1	1701	13	73.19	2.85	0.0519	1.0	-0.22	2.74	1.00	0.00	0.16	111115
50	"17:31:59"	3066.0	0	6.86	0.0819	237	1.76	1.59	19.30	6	1.42	1	2.84	16.28	19.30	15.08	400.64	385.57	5.561	9.046	21.91	35.64	300.1	1701	12	73.19	2.85	0.0519	1.0	-0.22	2.74	1.00	0.00	0.16	111115
51	"17:31:59"	3066.5	0	6.86	0.0819	237	1.76	1.59	19.31	6	1.42	1	2.84	16.28	19.31	15.08	400.69	385.61	5.561	9.046	21.91	35.64	300.0	1701	13	73.19	2.85	0.0519	1.0	-0.22	2.74	1.00	0.00	0.16	111115
52	"17:32:00"	3067.0	0	6.89	0.0818	236	1.76	1.59	19.32	6	1.42	1	2.84	16.28	19.32	15.08	400.75	385.61	5.560	9.047	21.91	35.64	300.0	1701	12	73.19	2.85	0.0519	1.0	-0.22	2.74	1.00	0.00	0.16	111115
53	"17:32:00"	3067.5	0	6.9	0.0818	236	1.76	1.59	19.32	6	1.42	1	2.84	16.28	19.32	15.08	400.76	385.60	5.560	9.047	21.90	35.64	300.0	1701	12	73.19	2.85	0.0519	1.0	-0.22	2.74	1.00	0.00	0.16	111115
54	"17:32:01"	3068.0	0	6.92	0.0819	236	1.76	1.59	19.31	6	1.42	1	2.84	16.28	19.31	15.08	400.80	385.62	5.560	9.049	21.90	35.65	300.1	1701	12	73.19	2.85	0.0519	1.0	-0.22	2.74	1.00	0.00	0.16	111115
55	"17:32:01"	3068.5	0	6.92	0.0819	236	1.76	1.59	19.31	6	1.42	1	2.84	16.28	19.31	15.09	400.80	385.61	5.561	9.050	21.91	35.65	300.1	1701	12	73.19	2.85	0.0519	1.0	-0.22	2.74	1.00	0.00	0.16	111115
56	"17:32:02"	3069.0	0	6.89	0.0819	237	1.76	1.59	19.32	6	1.42	1	2.84	16.28	19.32	15.09	400.77	385.63	5.561	9.051	21.91	35.65	300.1	1701	12	73.19	2.85	0.0519	1.0	-0.22	2.74	1.00	0.00	0.16	111115
57	"17:32:02"	3069.5	0	6.89	0.0819	237	1.76	1.59	19.32	6	1.42	1	2.84	16.28	19.32	15.09	400.76	385.63	5.561	9.052	21.91	35.66	300.1	1701	12	73.19	2.85	0.0519	1.0	-0.22	2.74	1.00	0.00	0.16	111115
58	"17:32:03"	3070.0	0	6.9	0.082	237	1.76	1.59	19.31	6	1.42	1	2.84	16.28	19.31	15.09	400.78	385.62	5.561	9.053	21.91	35.66	300.1	1701	12	73.19	2.85	0.0519	1.0	-0.22	2.74	1.00	0.00	0.16	111115
59	"17:32:03"	3070.5	0	6.92	0.0821	236	1.76	1.59	19.31	6	1.42	1	2.84	16.28	19.31	15.09	400.79	385.59	5.561	9.055	21.90	35.67	300.1	1701	12	73.19	2.85	0.0519	1.0	-0.22	2.74	1.00	0.00	0.16	111115
60	"17:32:04"	3071.0	0	6.89	0.0822	237	1.76	1.59	19.31	6	1.42	1	2.84	16.28	19.31	15.09	400.73	385.60	5.560	9.057	21.90	35.68	300.1	1701	12	73.19	2.85	0.0519	1.0	-0.22	2.74	1.00	0.00	0.16	111115
"17:32:14 Coolers: Tblock -> 20.00 C"
"17:34:29 Flow: Fixed -> 300 umol/s"
"17:35:53 Flow: Fixed -> 300 umol/s"
"17:36:08 Flow: Fixed -> 300 umol/s"
61	"17:37:05"	3372.5	0	7.26	0.088	235	2.08	1.74	22.11	6	1.42	1	2.84	20.52	22.11	19.97	398.90	382.78	8.599	12.711	25.96	38.38	300.0	1700	12	73.18	3	-0.00953	1.0	-0.22	2.74	1.00	0.00	0.16	111115
62	"17:37:05"	3372.5	0	7.26	0.088	235	2.08	1.74	22.11	6	1.42	1	2.84	20.52	22.11	19.97	398.90	382.78	8.599	12.711	25.96	38.38	300.0	1700	12	73.18	3	-0.00953	1.0	-0.22	2.74	1.00	0.00	0.16	111115
63	"17:37:06"	3373.0	0	7.27	0.0881	235	2.08	1.74	22.10	6	1.42	1	2.84	20.52	22.10	19.97	398.90	382.77	8.598	12.712	25.96	38.38	300.1	1700	12	73.18	3	-0.00953	1.0	-0.22	2.74	1.00	0.00	0.16	111115
64	"17:37:06"	3373.5	0	7.27	0.0882	235	2.09	1.74	22.10	6	1.42	1	2.84	20.52	22.10	19.97	398.89	382.76	8.598	12.715	25.96	38.39	300.1	1700	12	73.18	3	-0.00953	1.0	-0.22	2.74	1.00	0.00	0.16	111115
65	"17:37:07"	3374.0	0	7.26	0.0883	236	2.09	1.74	22.10	6	1.42	1	2.84	20.52	22.10	19.97	398.87	382.76	8.599	12.716	25.96	38.39	300.1	1700	12	73.18	3	-0.00953	1.0	-0.22	2.74	1.00	0.00	0.16	111115
66	"17:37:07"	3374.5	0	7.26	0.0883	236	2.09	1.74	22.10	6	1.42	1	2.84	20.53	22.10	19.97	398.87	382.77	8.599	12.717	25.96	38.39	300.1	1700	12	73.18	3	-0.00953	1.0	-0.22	2.74	1.00	0.00	0.16	111115
67	"17:37:08"	3375.0	0	7.24	0.0883	236	2.09	1.74	22.10	6	1.42	1	2.84	20.53	22.10	19.97	398.84	382.76	8.600	12.718	25.96	38.39	300.1	1700	12	73.18	3	-0.00953	1.0	-0.22	2.74	1.00	0.00	0.16	111115
68	"17:37:08"	3375.5	0	7.25	0.0882	236	2.09	1.74	22.11	6	1.42	1	2.84	20.53	22.11	19.97	398.85	382.76	8.600	12.718	25.96	38.39	300.1	1700	12	73.18	3	-0.00953	1.0	-0.22	2.74	1.00	0.00	0.16	111115
69	"17:37:09"	3376.0	0	7.24	0.0882	236	2.09	1.74	22.11	6	1.42	1	2.84	20.53	22.11	19.97	398.85	382.78	8.600	12.720	25.96	38.39	300.1	1700	12	73.18	3	-0.00953	1.0	-0.22	2.74	1.00	0.00	0.16	111115
70	"17:37:09"	3376.5	0	7.25	0.0882	236	2.09	1.74	22.12	6	1.42	1	2.84	20.53	22.12	19.97	398.84	382.76	8.600	12.721	25.96	38.39	300.1	1700	12	73.18	3	-0.00953	1.0	-0.22	2.74	1.00	0.00	0.16	111115
71	"17:37:10"	3377.0	0	7.22	0.0882	236	2.09	1.74	22.12	6	1.42	1	2.84	20.53	22.12	19.97	398.83	382.80	8.601	12.721	25.96	38.39	300.1	1700	12	73.18	3	-0.00953	1.0	-0.22	2.74	1.00	0.00	0.16	111115
72	"17:37:10"	3377.5	0	7.21	0.0881	236	2.09	1.74	22.13	6	1.42	1	2.84	20.53	22.13	19.97	398.80	382.78	8.601	12.720	25.96	38.39	300.1	1700	12	73.18	3	-0.00953	1.0	-0.22	2.74	1.00	0.00	0.16	111115
73	"17:37:11"	3378.0	0	7.2	0.0881	236	2.09	1.74	22.13	6	1.42	1	2.84	20.53	22.13	19.97	398.79	382.79	8.601	12.722	25.96	38.39	300.1	1700	12	73.18	3	-0.00953	1.0	-0.22	2.74	1.00	0.00	0.16	111115
74	"17:37:11"	3378.5	0	7.19	0.0882	237	2.09	1.74	22.13	6	1.42	1	2.84	20.53	22.13	19.97	398.78	382.81	8.600	12.723	25.95	38.39	300.2	1700	12	73.18	3	-0.00953	1.0	-0.22	2.74	1.00	0.00	0.16	111115
75	"17:37:12"	3379.0	0	7.2	0.0882	237	2.09	1.74	22.13	6	1.42	1	2.84	20.53	22.13	19.97	398.79	382.80	8.601	12.723	25.95	38.39	300.1	1700	12	73.18	3	-0.00953	1.0	-0.22	2.74	1.00	0.00	0.16	111115
"17:37:21 Coolers: Tblock -> 25.00 C"
"17:40:00 Flow: Fixed -> 300 umol/s"
"17:41:32 Flow: Fixed -> 300 umol/s"
76	"17:41:51"	3658.5	0	7.36	0.0878	231	2.46	2.06	25.04	6	1.42	1	2.84	24.90	25.04	25.04	399.75	383.14	10.595	15.447	24.53	35.76	300.1	1700	11	73.18	3.19	-0.0546	1.0	-0.22	2.74	1.00	0.00	0.16	111115
77	"17:41:51"	3658.5	0	7.36	0.0878	231	2.46	2.06	25.04	6	1.42	1	2.84	24.90	25.04	25.04	399.75	383.14	10.595	15.447	24.53	35.76	300.1	1700	11	73.18	3.19	-0.0546	1.0	-0.22	2.74	1.00	0.00	0.16	111115
78	"17:41:52"	3659.0	0	7.36	0.0878	231	2.46	2.06	25.04	6	1.42	1	2.84	24.90	25.04	25.04	399.77	383.17	10.594	15.447	24.53	35.76	300.0	1700	11	73.18	3.19	-0.0546	1.0	-0.22	2.74	1.00	0.00	0.16	111115
79	"17:41:52"	3659.5	0	7.38	0.0878	231	2.47	2.06	25.04	6	1.42	1	2.84	24.90	25.04	25.04	399.79	383.14	10.594	15.449	24.52	35.76	300.0	1700	11	73.18	3.19	-0.0546	1.0	-0.22	2.74	1.00	0.00	0.16	111115
80	"17:41:53"	3660.0	0	7.39	0.0878	231	2.47	2.06	25.04	6	1.42	1	2.84	24.90	25.04	25.04	399.81	383.14	10.593	15.449	24.52	35.76	300.0	1700	11	73.18	3.19	-0.0546	1.0	-0.22	2.74	1.00	0.00	0.16	111115
81	"17:41:53"	3660.5	0	7.39	0.0878	231	2.47	2.06	25.04	6	1.42	1	2.84	24.90	25.04	25.04	399.81	383.15	10.593	15.450	24.52	35.76	300.0	1700	11	73.18	3.19	-0.0546	1.0	-0.22	2.74	1.00	0.00	0.16	111115
82	"17:41:54"	3661.0	0	7.36	0.0878	231	2.47	2.06	25.04	6	1.42	1	2.84	24.91	25.04	25.04	399.82	383.20	10.593	15.450	24.52	35.76	300.0	1700	11	73.18	3.19	-0.0546	1.0	-0.22	2.74	1.00	0.00	0.16	111115
83	"17:41:54"	3661.5	0	7.37	0.0878	231	2.47	2.06	25.04	6	1.42	1	2.84	24.91	25.04	25.04	399.83	383.21	10.593	15.452	24.51	35.76	300.1	1700	11	73.18	3.19	-0.0546	1.0	-0.22	2.74	1.00	0.00	0.16	111115
84	"17:41:55"	3662.0	0	7.38	0.0879	231	2.47	2.06	25.05	6	1.42	1	2.84	24.91	25.05	25.04	399.85	383.21	10.592	15.453	24.51	35.76	300.1	1700	11	73.18	3.19	-0.0546	1.0	-0.22	2.74	1.00	0.00	0.16	111115
85	"17:41:56"	3662.5	0	7.39	0.0879	231	2.47	2.06	25.05	6	1.42	1	2.84	24.91	25.05	25.04	399.88	383.20	10.592	15.455	24.51	35.76	300.1	1700	11	73.18	3.19	-0.0546	1.0	-0.22	2.74	1.00	0.00	0.16	111115
86	"17:41:56"	3663.0	0	7.41	0.0879	231	2.47	2.06	25.05	6	1.42	1	2.84	24.91	25.05	25.04	399.88	383.18	10.593	15.456	24.51	35.76	300.1	1700	11	73.18	3.19	-0.0546	1.0	-0.22	2.74	1.00	0.00	0.16	111115
87	"17:41:57"	3663.5	0	7.39	0.0879	231	2.47	2.06	25.05	6	1.42	1	2.84	24.91	25.05	25.04	399.88	383.20	10.593	15.456	24.51	35.76	300.1	1700	11	73.18	3.19	-0.0546	1.0	-0.22	2.74	1.00	0.00	0.16	111115
88	"17:41:57"	3664.0	0	7.38	0.0879	231	2.47	2.06	25.05	6	1.42	1	2.84	24.91	25.05	25.04	399.86	383.22	10.592	15.459	24.51	35.77	300.1	1700	11	73.18	3.19	-0.0546	1.0	-0.22	2.74	1.00	0.00	0.16	111115
89	"17:41:58"	3665.0	0	7.4	0.0879	231	2.47	2.06	25.06	6	1.42	1	2.84	24.91	25.06	25.04	399.90	383.22	10.594	15.460	24.51	35.76	300.1	1700	11	73.18	3.19	-0.0546	1.0	-0.22	2.74	1.00	0.00	0.16	111115
90	"17:41:58"	3665.5	0	7.4	0.0878	231	2.47	2.06	25.06	6	1.42	1	2.84	24.91	25.06	25.04	399.93	383.24	10.595	15.461	24.51	35.76	300.1	1700	11	73.18	3.19	-0.0546	1.0	-0.22	2.74	1.00	0.00	0.16	111115
"17:42:07 Coolers: Tblock -> 30.00 C"
"17:45:51 Flow: Fixed -> 300 umol/s"
91	"17:46:35"	3942.5	0	7.17	0.0758	213	2.47	2.36	28.19	6	1.42	1	2.84	29.33	28.19	30.12	399.75	383.51	15.378	20.210	27.46	36.08	300.0	1701	11	73.18	3.65	-0.155	1.0	-0.22	2.74	1.00	0.00	0.16	111115
92	"17:46:36"	3942.5	0	7.17	0.0758	213	2.47	2.36	28.19	6	1.42	1	2.84	29.33	28.19	30.12	399.75	383.51	15.378	20.210	27.46	36.08	300.0	1701	11	73.18	3.65	-0.155	1.0	-0.22	2.74	1.00	0.00	0.16	111115
93	"17:46:36"	3943.0	0	7.17	0.0757	213	2.47	2.36	28.19	6	1.42	1	2.84	29.33	28.19	30.12	399.75	383.53	15.378	20.210	27.46	36.08	300.1	1701	11	73.18	3.65	-0.155	1.0	-0.22	2.74	1.00	0.00	0.16	111115
94	"17:46:36"	3943.5	0	7.16	0.0758	213	2.47	2.36	28.19	6	1.42	1	2.84	29.33	28.19	30.12	399.74	383.52	15.379	20.211	27.46	36.08	300.1	1701	11	73.18	3.65	-0.155	1.0	-0.22	2.74	1.00	0.00	0.16	111115
95	"17:46:37"	3944.0	0	7.16	0.0757	213	2.47	2.36	28.19	6	1.42	1	2.84	29.33	28.19	30.12	399.73	383.52	15.379	20.211	27.45	36.08	300.1	1701	11	73.18	3.65	-0.155	1.0	-0.22	2.74	1.00	0.00	0.16	111115
96	"17:46:37"	3944.5	0	7.16	0.0757	213	2.47	2.36	28.19	6	1.42	1	2.84	29.33	28.19	30.12	399.73	383.52	15.379	20.211	27.45	36.08	300.1	1701	11	73.18	3.65	-0.155	1.0	-0.22	2.74	1.00	0.00	0.16	111115
97	"17:46:38"	3945.0	0	7.15	0.0757	213	2.46	2.36	28.19	6	1.42	1	2.84	29.33	28.19	30.12	399.72	383.54	15.381	20.210	27.46	36.08	300.1	1701	11	73.18	3.65	-0.155	1.0	-0.22	2.74	1.00	0.00	0.16	111115
98	"17:46:38"	3945.5	0	7.16	0.0756	213	2.46	2.36	28.19	6	1.42	1	2.84	29.33	28.19	30.12	399.70	383.50	15.379	20.206	27.45	36.07	300.0	1701	11	73.18	3.65	-0.155	1.0	-0.22	2.74	1.00	0.00	0.16	111115
99	"17:46:39"	3946.0	0	7.18	0.0756	212	2.46	2.36	28.20	6	1.42	1	2.84	29.33	28.20	30.12	399.71	383.47	15.379	20.205	27.45	36.07	300.1	1701	11	73.18	3.65	-0.155	1.0	-0.22	2.74	1.00	0.00	0.16	111115
100	"17:46:39"	3946.5	0	7.17	0.0756	212	2.46	2.36	28.20	6	1.42	1	2.84	29.33	28.20	30.12	399.71	383.49	15.378	20.205	27.45	36.07	300.1	1701	11	73.18	3.65	-0.155	1.0	-0.22	2.74	1.00	0.00	0.16	111115
101	"17:46:40"	3947.0	0	7.17	0.0756	212	2.46	2.36	28.20	6	1.42	1	2.84	29.33	28.20	30.12	399.71	383.48	15.379	20.207	27.45	36.07	300.0	1701	11	73.18	3.65	-0.155	1.0	-0.22	2.74	1.00	0.00	0.16	111115
102	"17:46:41"	3947.5	0	7.19	0.0756	212	2.46	2.36	28.20	6	1.42	1	2.84	29.33	28.20	30.12	399.72	383.46	15.379	20.207	27.45	36.07	300.0	1701	11	73.18	3.65	-0.155	1.0	-0.22	2.74	1.00	0.00	0.16	111115
103	"17:46:41"	3948.0	0	7.2	0.0756	212	2.46	2.36	28.20	6	1.42	1	2.84	29.33	28.20	30.12	399.73	383.45	15.379	20.207	27.45	36.07	300.0	1701	11	73.18	3.65	-0.155	1.0	-0.22	2.74	1.00	0.00	0.16	111115
104	"17:46:42"	3948.5	0	7.19	0.0755	212	2.46	2.36	28.20	6	1.42	1	2.84	29.33	28.20	30.12	399.73	383.46	15.379	20.207	27.45	36.07	300.0	1701	11	73.18	3.65	-0.155	1.0	-0.22	2.74	1.00	0.00	0.16	111115
105	"17:46:42"	3949.0	0	7.17	0.0755	212	2.46	2.36	28.21	6	1.42	1	2.84	29.34	28.21	30.12	399.70	383.47	15.379	20.205	27.45	36.06	300.0	1701	11	73.18	3.65	-0.155	1.0	-0.22	2.74	1.00	0.00	0.16	111115
"17:46:50 Lamp: ParIn ->  1700 uml"
"17:46:50 CO2 Mixer: CO2R -> 400 uml"
"17:46:50 Coolers: Tblock -> 30.00 C"
"17:46:50 Flow: Fixed -> 300 umol/s"
"17:46:55 Coolers: Tblock -> 35.00 C"
"17:51:23 Flow: Fixed -> 300 umol/s"
106	"17:52:15"	4282.5	0	6.86	0.0654	194	2.6	2.85	31.42	6	1.42	1	2.84	33.68	31.42	35.01	399.86	384.14	19.156	24.230	26.71	33.78	300.0	1699	11	73.18	4.08	-0.228	1.0	-0.22	2.74	1.00	0.00	0.16	111115
107	"17:52:16"	4282.5	0	6.86	0.0654	194	2.6	2.85	31.42	6	1.42	1	2.84	33.68	31.42	35.01	399.86	384.14	19.156	24.230	26.71	33.78	300.0	1699	11	73.18	4.08	-0.228	1.0	-0.22	2.74	1.00	0.00	0.16	111115
108	"17:52:16"	4283.0	0	6.87	0.0654	194	2.6	2.85	31.42	6	1.42	1	2.84	33.68	31.42	35.01	399.90	384.16	19.156	24.229	26.71	33.78	300.0	1699	11	73.18	4.08	-0.228	1.0	-0.22	2.74	1.00	0.00	0.16	111115
109	"17:52:17"	4283.5	0	6.85	0.0654	194	2.6	2.85	31.42	6	1.42	1	2.84	33.68	31.42	35.01	399.88	384.18	19.156	24.231	26.70	33.78	300.0	1699	11	73.18	4.08	-0.228	1.0	-0.22	2.74	1.00	0.00	0.16	111115
110	"17:52:17"	4284.0	0	6.85	0.0654	195	2.6	2.85	31.42	6	1.42	1	2.84	33.68	31.42	35.01	399.89	384.20	19.156	24.232	26.70	33.78	300.0	1699	11	73.18	4.08	-0.228	1.0	-0.22	2.74	1.00	0.00	0.16	111115
111	"17:52:18"	4284.5	0	6.81	0.0654	195	2.6	2.85	31.43	6	1.42	1	2.84	33.69	31.43	35.01	399.82	384.20	19.156	24.231	26.70	33.78	300.0	1699	11	73.18	4.08	-0.228	1.0	-0.22	2.74	1.00	0.00	0.16	111115
112	"17:52:18"	4285.0	0	6.75	0.0653	197	2.6	2.85	31.43	6	1.42	1	2.84	33.69	31.43	35.01	399.76	384.25	19.157	24.231	26.70	33.77	300.0	1699	11	73.18	4.08	-0.228	1.0	-0.22	2.74	1.00	0.00	0.16	111115
113	"17:52:19"	4285.5	0	6.73	0.0653	197	2.6	2.85	31.43	6	1.42	1	2.84	33.69	31.43	35.01	399.72	384.26	19.157	24.232	26.70	33.78	300.0	1699	11	73.18	4.08	-0.228	1.0	-0.22	2.74	1.00	0.00	0.16	111115
114	"17:52:19"	4286.0	0	6.72	0.0653	198	2.6	2.85	31.43	6	1.42	1	2.84	33.69	31.43	35.01	399.67	384.24	19.157	24.230	26.70	33.77	300.0	1699	11	73.18	4.08	-0.228	1.0	-0.22	2.74	1.00	0.00	0.16	111115
115	"17:52:20"	4286.5	0	6.72	0.0653	198	2.6	2.85	31.43	6	1.42	1	2.84	33.69	31.43	35.01	399.66	384.23	19.156	24.232	26.70	33.77	300.0	1699	11	73.18	4.08	-0.228	1.0	-0.22	2.74	1.00	0.00	0.16	111115
116	"17:52:20"	4287.0	0	6.69	0.0653	198	2.6	2.85	31.43	6	1.42	1	2.84	33.69	31.43	35.01	399.62	384.24	19.156	24.232	26.70	33.77	300.0	1699	11	73.18	4.08	-0.228	1.0	-0.22	2.74	1.00	0.00	0.16	111115
117	"17:52:21"	4287.5	0	6.7	0.0653	198	2.6	2.85	31.43	6	1.42	1	2.84	33.69	31.43	35.01	399.62	384.22	19.157	24.231	26.70	33.77	300.0	1699	12	73.18	4.08	-0.228	1.0	-0.22	2.74	1.00	0.00	0.16	111115
118	"17:52:21"	4288.0	0	6.7	0.0653	198	2.6	2.85	31.43	6	1.42	1	2.84	33.69	31.43	35.01	399.60	384.20	19.157	24.230	26.70	33.77	300.0	1699	12	73.18	4.08	-0.228	1.0	-0.22	2.74	1.00	0.00	0.16	111115
119	"17:52:22"	4288.5	0	6.71	0.0652	198	2.6	2.85	31.43	6	1.42	1	2.84	33.69	31.43	35.01	399.63	384.22	19.158	24.229	26.70	33.76	300.0	1699	12	73.18	4.08	-0.228	1.0	-0.22	2.74	1.00	0.00	0.16	111115
120	"17:52:22"	4289.0	0	6.72	0.0652	197	2.6	2.85	31.44	6	1.42	1	2.84	33.69	31.44	35.01	399.64	384.21	19.158	24.229	26.70	33.76	300.0	1699	12	73.18	4.08	-0.228	1.0	-0.22	2.74	1.00	0.00	0.16	111115
"17:52:35 Coolers: Tblock -> 40.00 C"
"17:58:00 Flow: Fixed -> 300 umol/s"
121	"17:58:41"	4668.5	0	5.97	0.0538	182	2.67	3.5	35.31	6	1.42	1	2.84	38.44	35.31	40.09	399.97	385.97	25.540	30.713	27.41	32.96	300.0	1699	13	73.18	4.65	-0.364	1.0	-0.22	2.74	1.00	0.00	0.16	111115
122	"17:58:41"	4668.5	0	5.97	0.0538	182	2.67	3.5	35.31	6	1.42	1	2.84	38.44	35.31	40.09	399.97	385.97	25.540	30.713	27.41	32.96	300.0	1699	13	73.18	4.65	-0.364	1.0	-0.22	2.74	1.00	0.00	0.16	111115
123	"17:58:42"	4668.5	0	5.97	0.0538	182	2.67	3.5	35.31	6	1.42	1	2.84	38.44	35.31	40.09	399.97	385.97	25.540	30.713	27.41	32.96	300.0	1699	13	73.18	4.65	-0.364	1.0	-0.22	2.74	1.00	0.00	0.16	111115
124	"17:58:42"	4669.0	0	5.99	0.0538	182	2.67	3.5	35.31	6	1.42	1	2.84	38.44	35.31	40.09	399.96	385.92	25.538	30.713	27.41	32.96	300.0	1699	13	73.18	4.65	-0.364	1.0	-0.22	2.74	1.00	0.00	0.16	111115
125	"17:58:43"	4669.5	0	5.99	0.0538	182	2.67	3.5	35.31	6	1.42	1	2.84	38.44	35.31	40.09	399.96	385.92	25.539	30.714	27.41	32.96	300.0	1699	13	73.18	4.65	-0.364	1.0	-0.22	2.74	1.00	0.00	0.16	111115
126	"17:58:43"	4670.0	0	5.97	0.0539	183	2.67	3.5	35.30	6	1.42	1	2.84	38.44	35.30	40.09	399.94	385.95	25.539	30.718	27.41	32.96	300.1	1699	13	73.18	4.65	-0.364	1.0	-0.22	2.74	1.00	0.00	0.16	111115
127	"17:58:44"	4670.5	0	5.96	0.0539	183	2.67	3.5	35.30	6	1.42	1	2.84	38.44	35.30	40.09	399.94	385.95	25.538	30.716	27.40	32.96	300.1	1699	13	73.18	4.65	-0.364	1.0	-0.22	2.74	1.00	0.00	0.16	111115
128	"17:58:44"	4671.0	0	5.95	0.0539	183	2.67	3.5	35.30	6	1.42	1	2.84	38.45	35.30	40.09	399.93	385.97	25.537	30.716	27.40	32.96	300.1	1699	13	73.18	4.65	-0.364	1.0	-0.22	2.74	1.00	0.00	0.16	111115
129	"17:58:45"	4671.5	0	5.95	0.0539	183	2.67	3.5	35.30	6	1.42	1	2.84	38.45	35.30	40.09	399.93	385.97	25.538	30.715	27.40	32.96	300.1	1699	13	73.18	4.65	-0.364	1.0	-0.22	2.74	1.00	0.00	0.16	111115
130	"17:58:45"	4672.0	0	5.96	0.0538	183	2.67	3.5	35.31	6	1.42	1	2.84	38.45	35.31	40.09	399.94	385.97	25.538	30.715	27.40	32.96	300.1	1699	13	73.18	4.65	-0.364	1.0	-0.22	2.74	1.00	0.00	0.16	111115
131	"17:58:46"	4672.5	0	5.96	0.0538	183	2.67	3.5	35.31	6	1.42	1	2.84	38.45	35.31	40.09	399.93	385.95	25.537	30.715	27.40	32.96	300.1	1699	13	73.18	4.65	-0.364	1.0	-0.22	2.74	1.00	0.00	0.16	111115
132	"17:58:46"	4673.0	0	5.96	0.0538	183	2.67	3.5	35.32	6	1.42	1	2.84	38.45	35.32	40.09	399.95	385.98	25.538	30.714	27.40	32.95	300.1	1699	13	73.18	4.65	-0.364	1.0	-0.22	2.74	1.00	0.00	0.16	111115
133	"17:58:47"	4674.0	0	5.96	0.0537	183	2.67	3.5	35.32	6	1.42	1	2.84	38.45	35.32	40.09	399.97	386.00	25.537	30.711	27.40	32.95	300.0	1699	13	73.18	4.65	-0.364	1.0	-0.22	2.74	1.00	0.00	0.16	111115
134	"17:58:47"	4674.5	0	5.97	0.0536	182	2.67	3.5	35.33	6	1.42	1	2.84	38.45	35.33	40.09	399.99	385.99	25.538	30.708	27.40	32.94	300.0	1699	13	73.18	4.65	-0.364	1.0	-0.22	2.74	1.00	0.00	0.16	111115
135	"17:58:48"	4675.0	0	6.01	0.0536	181	2.67	3.51	35.33	6	1.42	1	2.84	38.45	35.33	40.09	400.01	385.94	25.538	30.708	27.39	32.94	300.0	1699	13	73.18	4.65	-0.364	1.0	-0.22	2.74	1.00	0.00	0.16	111115
"17:59:02 Coolers: Tblock -> 45.00 C"
"18:03:13 Flow: Fixed -> 300 umol/s"
136	"18:03:51"	4978.0	0	4.77	0.0409	173	2.42	4.11	38.42	6	1.42	1	2.84	42.79	38.42	44.97	400.37	388.94	32.194	36.861	27.41	31.38	300.1	1700	15	73.17	5.09	-0.513	1.0	-0.22	2.74	1.00	0.00	0.16	111115
137	"18:03:51"	4978.0	0	4.77	0.0409	173	2.42	4.11	38.42	6	1.42	1	2.84	42.79	38.42	44.97	400.37	388.94	32.194	36.861	27.41	31.38	300.1	1700	15	73.17	5.09	-0.513	1.0	-0.22	2.74	1.00	0.00	0.16	111115
138	"18:03:51"	4978.5	0	4.76	0.0409	173	2.42	4.11	38.42	6	1.42	1	2.84	42.79	38.42	44.97	400.37	388.97	32.193	36.858	27.41	31.38	300.0	1700	16	73.17	5.09	-0.513	1.0	-0.22	2.74	1.00	0.00	0.16	111115
139	"18:03:52"	4979.0	0	4.76	0.0409	173	2.42	4.11	38.42	6	1.42	1	2.84	42.79	38.42	44.97	400.38	388.97	32.193	36.859	27.41	31.38	300.0	1700	16	73.17	5.09	-0.513	1.0	-0.22	2.74	1.00	0.00	0.16	111115
140	"18:03:52"	4979.0	0	4.76	0.0409	173	2.42	4.11	38.42	6	1.42	1	2.84	42.79	38.42	44.97	400.38	388.97	32.193	36.859	27.41	31.38	300.0	1700	16	73.17	5.09	-0.513	1.0	-0.22	2.74	1.00	0.00	0.16	111115
141	"18:03:53"	4979.5	0	4.77	0.0408	173	2.42	4.12	38.43	6	1.42	1	2.84	42.80	38.43	44.97	400.43	389.01	32.197	36.859	27.41	31.38	300.0	1700	16	73.17	5.09	-0.513	1.0	-0.22	2.74	1.00	0.00	0.16	111115
142	"18:03:53"	4980.0	0	4.84	0.0408	170	2.42	4.12	38.43	6	1.42	1	2.84	42.80	38.43	44.97	400.55	388.98	32.195	36.858	27.41	31.38	300.0	1700	16	73.17	5.09	-0.513	1.0	-0.22	2.74	1.00	0.00	0.16	111115
143	"18:03:54"	4980.5	0	4.87	0.0408	169	2.42	4.12	38.44	6	1.42	1	2.84	42.80	38.44	44.97	400.63	389.00	32.195	36.856	27.41	31.37	300.0	1700	16	73.17	5.09	-0.513	1.0	-0.22	2.74	1.00	0.00	0.16	111115
144	"18:03:54"	4981.0	0	4.91	0.0407	167	2.42	4.12	38.45	6	1.42	1	2.84	42.80	38.45	44.97	400.73	389.03	32.197	36.857	27.41	31.37	300.0	1700	16	73.17	5.09	-0.513	1.0	-0.22	2.74	1.00	0.00	0.16	111115
145	"18:03:55"	4982.0	0	4.93	0.0406	166	2.42	4.13	38.47	6	1.42	1	2.84	42.80	38.47	44.97	400.80	389.06	32.199	36.858	27.40	31.37	300.1	1700	16	73.17	5.09	-0.513	1.0	-0.22	2.74	1.00	0.00	0.16	111115
146	"18:03:55"	4982.5	0	4.95	0.0406	165	2.42	4.13	38.47	6	1.42	1	2.84	42.80	38.47	44.97	400.84	389.06	32.201	36.859	27.40	31.37	300.1	1700	16	73.17	5.09	-0.513	1.0	-0.22	2.74	1.00	0.00	0.16	111115
147	"18:03:56"	4983.0	0	4.96	0.0406	164	2.42	4.13	38.48	6	1.42	1	2.84	42.80	38.48	44.97	400.86	389.07	32.202	36.855	27.40	31.36	300.1	1700	16	73.17	5.09	-0.513	1.0	-0.22	2.74	1.00	0.00	0.16	111115
148	"18:03:57"	4983.5	0	4.93	0.0406	166	2.42	4.13	38.48	6	1.42	1	2.84	42.80	38.48	44.97	400.82	389.09	32.201	36.855	27.40	31.36	300.1	1700	16	73.17	5.09	-0.513	1.0	-0.22	2.74	1.00	0.00	0.16	111115
149	"18:03:57"	4984.0	0	4.89	0.0405	167	2.41	4.13	38.48	6	1.42	1	2.84	42.81	38.48	44.97	400.80	389.16	32.205	36.855	27.40	31.36	300.1	1700	16	73.17	5.09	-0.513	1.0	-0.22	2.74	1.00	0.00	0.16	111115
150	"18:03:58"	4984.5	0	4.86	0.0405	168	2.41	4.13	38.48	6	1.42	1	2.84	42.81	38.48	44.97	400.78	389.19	32.206	36.854	27.40	31.35	300.1	1700	16	73.17	5.09	-0.513	1.0	-0.22	2.74	1.00	0.00	0.16	111115
"18:04:11 Coolers: Tblock -> 50.00 C"
"18:08:29 Flow: Fixed -> 300 umol/s"
151	"18:09:32"	5319.5	0	2.75	0.027	192	2.13	5.39	41.52	6	1.42	1	2.84	47.21	41.52	49.85	400.45	393.27	32.097	36.195	21.76	24.54	300.1	1700	13	73.18	6.32	-0.553	1.0	-0.22	2.74	1.00	0.00	0.16	111115
152	"18:09:32"	5320.0	0	2.81	0.027	188	2.12	5.39	41.53	6	1.42	1	2.84	47.21	41.53	49.85	400.55	393.26	32.098	36.192	21.76	24.54	300.1	1700	13	73.18	6.32	-0.553	1.0	-0.22	2.74	1.00	0.00	0.16	111115
153	"18:09:33"	5320.0	0	2.81	0.027	188	2.12	5.39	41.53	6	1.42	1	2.84	47.21	41.53	49.85	400.55	393.26	32.098	36.192	21.76	24.54	300.1	1700	13	73.18	6.32	-0.553	1.0	-0.22	2.74	1.00	0.00	0.16	111115
154	"18:09:33"	5320.5	0	2.88	0.027	184	2.12	5.39	41.53	6	1.42	1	2.84	47.21	41.53	49.85	400.69	393.26	32.100	36.193	21.76	24.54	300.1	1700	13	73.18	6.32	-0.553	1.0	-0.22	2.74	1.00	0.00	0.16	111115
155	"18:09:34"	5321.0	0	2.94	0.0269	181	2.12	5.4	41.53	6	1.42	1	2.84	47.21	41.53	49.85	400.79	393.26	32.101	36.190	21.76	24.53	300.1	1700	14	73.18	6.32	-0.553	1.0	-0.22	2.74	1.00	0.00	0.16	111115
156	"18:09:34"	5321.5	0	2.98	0.0269	178	2.12	5.4	41.54	6	1.42	1	2.84	47.21	41.54	49.85	400.88	393.25	32.103	36.186	21.76	24.53	300.1	1700	14	73.18	6.32	-0.553	1.0	-0.22	2.74	1.00	0.00	0.16	111115
157	"18:09:35"	5322.0	0	2.98	0.0269	178	2.12	5.4	41.54	6	1.42	1	2.84	47.21	41.54	49.85	400.93	393.30	32.104	36.184	21.76	24.53	300.1	1700	14	73.18	6.32	-0.553	1.0	-0.22	2.74	1.00	0.00	0.16	111115
158	"18:09:35"	5322.5	0	3	0.0268	177	2.12	5.4	41.54	6	1.42	1	2.84	47.22	41.54	49.85	401.00	393.34	32.105	36.181	21.76	24.52	300.0	1700	14	73.18	6.32	-0.553	1.0	-0.22	2.74	1.00	0.00	0.16	111115
159	"18:09:36"	5323.0	0	3	0.0268	177	2.11	5.4	41.54	6	1.42	1	2.84	47.22	41.54	49.85	401.06	393.39	32.104	36.180	21.76	24.52	300.1	1700	14	73.18	6.32	-0.553	1.0	-0.22	2.74	1.00	0.00	0.16	111115
160	"18:09:36"	5323.5	0	3.01	0.0268	176	2.11	5.4	41.54	6	1.42	1	2.84	47.22	41.54	49.85	401.09	393.41	32.105	36.178	21.76	24.52	300.1	1700	14	73.18	6.32	-0.553	1.0	-0.22	2.74	1.00	0.00	0.16	111115
161	"18:09:37"	5324.0	0	3.01	0.0268	176	2.11	5.4	41.55	6	1.42	1	2.84	47.22	41.55	49.85	401.09	393.41	32.103	36.173	21.76	24.52	300.1	1700	14	73.18	6.32	-0.553	1.0	-0.22	2.74	1.00	0.00	0.16	111115
162	"18:09:37"	5324.5	0	3	0.0267	176	2.11	5.41	41.57	6	1.42	1	2.84	47.22	41.57	49.85	401.10	393.44	32.103	36.170	21.76	24.51	300.1	1700	14	73.18	6.32	-0.553	1.0	-0.22	2.74	1.00	0.00	0.16	111115
163	"18:09:38"	5325.0	0	2.99	0.0267	176	2.11	5.41	41.57	6	1.42	1	2.84	47.22	41.57	49.85	401.07	393.43	32.101	36.169	21.76	24.51	300.1	1700	14	73.18	6.32	-0.553	1.0	-0.22	2.74	1.00	0.00	0.16	111115
164	"18:09:38"	5325.5	0	2.93	0.0267	180	2.11	5.41	41.57	6	1.42	1	2.84	47.22	41.57	49.85	400.98	393.47	32.101	36.166	21.75	24.51	300.1	1700	14	73.18	6.32	-0.553	1.0	-0.22	2.74	1.00	0.00	0.16	111115
165	"18:09:39"	5326.0	0	2.87	0.0266	183	2.11	5.42	41.58	6	1.42	1	2.84	47.22	41.58	49.85	400.89	393.49	32.103	36.166	21.75	24.51	300.1	1700	14	73.18	6.32	-0.553	1.0	-0.22	2.74	1.00	0.00	0.16	111115
