"OPEN 6.2.4"
"Tue Jun 28 2016 19:08:16"
<open><version>"6.2.4"</version></open>
<open><configfile>"/User/Configs/UserPrefs/2x3 LED.xml"</configfile></open>
<open><light><source>"6400-02 or -02B LED Source"</source><par_in>1<sensor>"SI-3781"<cal>-0.93<actinity>1.00</actinity><transm>1.00</transm></cal></sensor><transm>1</transm></par_in><par_out>1<sensor>"Q49599"<cal>7.26</cal></sensor></par_out></light></open>
<open><comps><file>"/User/Configs/Comps/StdComps_6.2"<header>""</header><extras></extras></file><energybal>no<f_parIn>1</f_parIn><f_parOut>0</f_parOut><alphaK>0.16</alphaK></energybal><bc_total>2.840<stomatal_ratio>1</stomatal_ratio><bc_oneside>1.420<type>2</type><table>"/Sys/Lib/StdBLCTable"</table><area>6</area><slope>-0.219565</slope><offset>2.73739</offset><fan>5</fan></bc_oneside></bc_total></comps></open>
<open><prompts><onlog>off</onlog><items>"Default (none)"</items></prompts></open>
<open><constants><oxygen>21 %</oxygen><bb_vapor>1.5</bb_vapor><bb_oxy>0.9</bb_oxy></constants></open>
<open><stability><items>"Std Stability"<items[1]><id>-2</id><size>15</size><pcv><onoff>0</onoff><value>1</value></pcv><std><onoff>0</onoff><value>1</value></std><slp><onoff>1</onoff><value>1</value></slp></items[1]><items[2]><id>-5</id><size>15</size><pcv><onoff>0</onoff><value>1</value></pcv><std><onoff>0</onoff><value>1</value></std><slp><onoff>1</onoff><value>1</value></slp></items[2]><items[3]><id>-7</id><size>15</size><pcv><onoff>0</onoff><value>1</value></pcv><std><onoff>0</onoff><value>1</value></std><slp><onoff>1</onoff><value>1</value></slp></items[3]></items></stability></open>
<open><log><format>"StdLogFmt_6.0"<items>{ -35 -21 -36 -76 30 23 36 21 25 221 -33 111 -34 11 -9 -10 -8 -1 -2 -4 -5 -14 -15 -7 -12 -13 -11 -65 -66 -72 -18 -19 -77 -78 -79 -23  }<hdr>{  }</hdr></items></format><options><beep>on</beep><hdr>normal</hdr><rem>normal</rem><stab>no</stab><stats>no<mean>no</mean><file>no</file><period>15</period></stats><excel>yes</excel><controls>yes</controls><comm>no</comm></options><datafile>"/User/062816-stm-vaoc8"</datafile><button><action>"Normal Log"<code>" LogOneObsManual "</code></action></button><autoprog>"/User/Configs/AutoProgs/AutoLog2"<active>no</active></autoprog></log></open>
<open><a2d><avgtime>4.0 secs</avgtime><userchans><ch20>"Off"</ch20><ch21>"Off"</ch21><ch22>"Off"</ch22><ch23>"Off"</ch23></userchans></a2d></open>
<open><matching><type>0</type><disp>'a'</disp><settings><CO2Limit>10.0</CO2Limit><H2OLimit>1.0</H2OLimit><MaxAutoTime>60</MaxAutoTime></settings></matching></open>
<li6400><factory><unit>"PSC-3840"</unit><serviced>"1 Jul 2013"</serviced><fuseaware>0</fuseaware><co2mixer>yes</co2mixer><co2><coeffs>{ 0 0.213319 2.22998e-05 2.13159e-08 -3.88664e-12 3.69888e-16  }</coeffs><dvdt>-4.7</dvdt><xs>{ 0.0009 -0.0002  }</xs></co2><h2o><coeffs>{ 0 0.00572751 2.23485e-06 -7.37877e-12  }</coeffs><dvdt>-1.7</dvdt><xs>{ 0.0009 -0.0028  }</xs></h2o><flow>{ 0 0.3568  }</flow><press>{ 88.437 0.00551  }</press></factory></li6400>
<li6400><user><flow_zero>-898.4</flow_zero><irga_zero><co2>468.8 234.4<at>18.1598</at></co2><h2o>78.1 156.2<at>17.1607</at></h2o></irga_zero><irga_span><co2>{ 0.99237 0.992833  }</co2><h2o>{ 1.00426 0.996799  }</h2o></irga_span><irga_match><co2>{ 0.940565 2.73597  }</co2><h2o>{ 0.00477181 0.0846597  }</h2o></irga_match><co2_mixer><pump_mv>4500</pump_mv><ppm>{ 2938.24 1287.24 480.57 287.911 131.964 79.0122 54.4649 48.1774  }</ppm><mv>{ 5000 3000 1500 1000 500 300 200 100  }</mv></co2_mixer><parin_offset>0</parin_offset><led_cal><unit>"SI-3781"</unit><mv>{ 10 25 50 100 1000 2000 3000 4000 5000  }</mv><qntm>{ 4.69642 15.4417 35.4805 82.2863 972.665 1922.29 2824.32 3690.14 4518.2  }</qntm></led_cal><lcf_cal><unit>"unknown"</unit><red><mv>{ 50 100 500 1000 1500 5000  }</mv><qntm>{ 50 100 500 1000 2000 5000  }</qntm></red><blue><mv>{ 100 200 500 1000 2000 5000  }</mv><qntm>{ 10 20 50 100 200 500  }</qntm></blue></lcf_cal></user></li6400>
"19:08:17 "
$STARTOFDATA$
"Obs"	"HHMMSS"	"FTime"	"EBal?"	"Photo"	"Cond"	"Ci"	"Trmmol"	"VpdL"	"CTleaf"	"Area"	"BLC_1"	"StmRat"	"BLCond"	"Tair"	"Tleaf"	"TBlk"	"CO2R"	"CO2S"	"H2OR"	"H2OS"	"RH_R"	"RH_S"	"Flow"	"PARi"	"PARo"	"Press"	"CsMch"	"HsMch"	"StableF"	"BLCslope"	"BLCoffst"	"f_parin"	"f_parout"	"alphaK"	"Status"
"19:09:38 Flow: Fixed -> 500 umol/s"
1	"19:09:57"	134.0	0	7.85	0.0652	185	1.08	1.23	13.02	6	1.42	1	2.84	3.18	13.02	0.04	398.94	389.02	2.527	3.819	23.99	36.26	499.9	1701	24	73.18	2.7	0.0832	1.0	-0.22	2.74	1.00	0.00	0.16	111115
2	"19:09:58"	134.0	0	7.85	0.0652	185	1.08	1.23	13.02	6	1.42	1	2.84	3.18	13.02	0.04	398.94	389.02	2.527	3.819	23.99	36.26	499.9	1701	24	73.18	2.7	0.0832	1.0	-0.22	2.74	1.00	0.00	0.16	111115
3	"19:09:58"	134.5	0	7.85	0.0653	185	1.08	1.22	13.01	6	1.42	1	2.84	3.18	13.01	0.04	398.93	389.00	2.529	3.821	24.01	36.28	500.0	1701	24	73.18	2.7	0.0832	1.0	-0.22	2.74	1.00	0.00	0.16	111115
4	"19:09:59"	135.0	0	7.84	0.0653	185	1.08	1.22	13.00	6	1.42	1	2.84	3.18	13.00	0.04	398.93	389.01	2.531	3.822	24.03	36.29	500.0	1701	24	73.18	2.7	0.0832	1.0	-0.22	2.74	1.00	0.00	0.16	111115
5	"19:09:59"	135.0	0	7.84	0.0653	185	1.08	1.22	13.00	6	1.42	1	2.84	3.18	13.00	0.04	398.93	389.01	2.531	3.822	24.03	36.29	500.0	1701	24	73.18	2.7	0.0832	1.0	-0.22	2.74	1.00	0.00	0.16	111115
6	"19:10:00"	136.5	0	7.82	0.0653	186	1.08	1.22	12.97	6	1.42	1	2.84	3.18	12.97	0.04	398.89	388.99	2.536	3.825	24.08	36.33	500.0	1701	24	73.18	2.7	0.0832	1.0	-0.22	2.74	1.00	0.00	0.16	111115
7	"19:10:00"	136.5	0	7.82	0.0653	186	1.08	1.22	12.97	6	1.42	1	2.84	3.18	12.97	0.04	398.89	388.99	2.536	3.825	24.08	36.33	500.0	1701	24	73.18	2.7	0.0832	1.0	-0.22	2.74	1.00	0.00	0.16	111115
8	"19:10:01"	137.0	0	7.81	0.0654	186	1.08	1.22	12.97	6	1.42	1	2.84	3.18	12.97	0.04	398.90	389.03	2.538	3.827	24.10	36.34	500.0	1701	24	73.18	2.7	0.0832	1.0	-0.22	2.74	1.00	0.00	0.16	111115
9	"19:10:01"	137.0	0	7.81	0.0654	186	1.08	1.22	12.97	6	1.42	1	2.84	3.18	12.97	0.04	398.90	389.03	2.538	3.827	24.10	36.34	500.0	1701	24	73.18	2.7	0.0832	1.0	-0.22	2.74	1.00	0.00	0.16	111115
10	"19:10:02"	137.5	0	7.81	0.0654	187	1.08	1.22	12.96	6	1.42	1	2.84	3.18	12.96	0.04	398.89	389.02	2.538	3.828	24.11	36.35	500.0	1701	24	73.18	2.7	0.0832	1.0	-0.22	2.74	1.00	0.00	0.16	111115
11	"19:10:02"	138.0	0	7.82	0.0654	186	1.08	1.22	12.96	6	1.42	1	2.84	3.17	12.96	0.04	398.89	389.00	2.540	3.829	24.13	36.37	500.0	1701	24	73.18	2.7	0.0832	1.0	-0.22	2.74	1.00	0.00	0.16	111115
12	"19:10:03"	138.5	0	7.86	0.0654	185	1.08	1.22	12.96	6	1.42	1	2.84	3.17	12.96	0.04	398.91	388.98	2.541	3.830	24.14	36.38	500.0	1701	24	73.18	2.7	0.0832	1.0	-0.22	2.74	1.00	0.00	0.16	111115
13	"19:10:03"	139.0	0	7.86	0.0653	185	1.08	1.22	12.98	6	1.42	1	2.84	3.17	12.98	0.04	398.90	388.97	2.543	3.832	24.15	36.40	500.0	1701	24	73.18	2.7	0.0832	1.0	-0.22	2.74	1.00	0.00	0.16	111115
14	"19:10:04"	139.5	0	7.84	0.0652	185	1.08	1.22	13.00	6	1.42	1	2.84	3.17	13.00	0.04	398.89	388.98	2.544	3.833	24.17	36.41	500.0	1701	24	73.18	2.7	0.0832	1.0	-0.22	2.74	1.00	0.00	0.16	111115
15	"19:10:04"	140.0	0	7.85	0.0652	185	1.08	1.22	13.00	6	1.42	1	2.84	3.17	13.00	0.04	398.93	389.01	2.546	3.835	24.18	36.43	500.0	1701	24	73.18	2.7	0.0832	1.0	-0.22	2.74	1.00	0.00	0.16	111115
"19:10:20 Coolers: Tblock -> 5.00 C"
"19:13:20 Flow: Fixed -> 500 umol/s"
"19:23:05 Flow: Fixed -> 500 umol/s"
16	"19:24:31"	1007.0	0	8.71	0.0759	191	1.46	1.42	15.54	6	1.42	1	2.84	7.47	15.54	5.11	398.99	387.86	3.027	4.769	21.33	33.60	499.8	1701	7	73.19	2.55	0.0759	1.0	-0.22	2.74	1.00	0.00	0.16	111115
17	"19:24:31"	1007.5	0	8.72	0.0759	191	1.46	1.42	15.53	6	1.42	1	2.84	7.47	15.53	5.11	398.99	387.84	3.027	4.768	21.33	33.59	499.9	1701	7	73.19	2.55	0.0759	1.0	-0.22	2.74	1.00	0.00	0.16	111115
18	"19:24:32"	1007.5	0	8.72	0.0759	191	1.46	1.42	15.53	6	1.42	1	2.84	7.47	15.53	5.11	398.99	387.84	3.027	4.768	21.33	33.59	499.9	1701	7	73.19	2.55	0.0759	1.0	-0.22	2.74	1.00	0.00	0.16	111115
19	"19:24:32"	1008.0	0	8.71	0.0759	191	1.46	1.42	15.52	6	1.42	1	2.84	7.47	15.52	5.11	398.97	387.84	3.028	4.767	21.33	33.59	499.9	1701	7	73.19	2.55	0.0759	1.0	-0.22	2.74	1.00	0.00	0.16	111115
20	"19:24:33"	1008.5	0	8.77	0.076	190	1.46	1.42	15.52	6	1.42	1	2.84	7.47	15.52	5.11	398.99	387.78	3.026	4.768	21.32	33.60	499.9	1701	7	73.19	2.55	0.0759	1.0	-0.22	2.74	1.00	0.00	0.16	111115
21	"19:24:33"	1009.0	0	8.8	0.076	189	1.46	1.42	15.52	6	1.42	1	2.84	7.47	15.52	5.11	399.00	387.76	3.027	4.769	21.32	33.60	499.9	1701	7	73.19	2.55	0.0759	1.0	-0.22	2.74	1.00	0.00	0.16	111115
22	"19:24:34"	1009.5	0	8.78	0.076	190	1.46	1.42	15.51	6	1.42	1	2.84	7.47	15.51	5.11	398.97	387.75	3.027	4.768	21.32	33.59	499.9	1701	7	73.19	2.55	0.0759	1.0	-0.22	2.74	1.00	0.00	0.16	111115
23	"19:24:34"	1010.0	0	8.81	0.0761	189	1.46	1.42	15.51	6	1.42	1	2.84	7.47	15.51	5.12	398.98	387.73	3.027	4.767	21.32	33.59	499.9	1701	7	73.19	2.55	0.0759	1.0	-0.22	2.74	1.00	0.00	0.16	111115
24	"19:24:35"	1010.5	0	8.83	0.0761	189	1.46	1.42	15.51	6	1.42	1	2.84	7.47	15.51	5.12	398.97	387.70	3.026	4.767	21.32	33.59	499.9	1701	7	73.19	2.55	0.0759	0.7	-0.22	2.74	1.00	0.00	0.16	111115
25	"19:24:35"	1011.0	0	8.84	0.076	188	1.46	1.42	15.51	6	1.42	1	2.84	7.47	15.51	5.12	398.98	387.69	3.026	4.766	21.32	33.58	499.9	1701	7	73.19	2.55	0.0759	0.7	-0.22	2.74	1.00	0.00	0.16	111115
26	"19:24:45"	1021.5	0	8.71	0.0759	191	1.46	1.42	15.55	6	1.42	1	2.84	7.47	15.55	5.12	398.84	387.70	3.021	4.764	21.29	33.57	499.9	1700	7	73.19	2.55	0.0759	1.0	-0.22	2.74	1.00	0.00	0.16	111115
27	"19:24:46"	1021.5	0	8.71	0.0759	191	1.46	1.42	15.55	6	1.42	1	2.84	7.47	15.55	5.12	398.84	387.70	3.021	4.764	21.29	33.57	499.9	1700	7	73.19	2.55	0.0759	1.0	-0.22	2.74	1.00	0.00	0.16	111115
28	"19:24:46"	1022.0	0	8.71	0.0759	191	1.46	1.42	15.55	6	1.42	1	2.84	7.47	15.55	5.12	398.82	387.69	3.021	4.764	21.29	33.57	499.9	1700	7	73.19	2.55	0.0759	1.0	-0.22	2.74	1.00	0.00	0.16	111115
29	"19:24:47"	1022.5	0	8.69	0.0759	191	1.46	1.42	15.54	6	1.42	1	2.84	7.47	15.54	5.12	398.80	387.70	3.021	4.763	21.29	33.57	499.9	1700	7	73.19	2.55	0.0759	1.0	-0.22	2.74	1.00	0.00	0.16	111115
30	"19:24:47"	1023.0	0	8.68	0.0759	191	1.46	1.42	15.53	6	1.42	1	2.84	7.47	15.53	5.12	398.78	387.68	3.020	4.762	21.29	33.56	499.9	1701	7	73.19	2.55	0.0759	1.0	-0.22	2.74	1.00	0.00	0.16	111115
31	"19:24:48"	1023.5	0	8.67	0.076	192	1.46	1.42	15.53	6	1.42	1	2.84	7.47	15.53	5.12	398.76	387.68	3.020	4.763	21.28	33.56	499.9	1701	7	73.19	2.55	0.0759	1.0	-0.22	2.74	1.00	0.00	0.16	111115
32	"19:24:48"	1024.0	0	8.66	0.076	192	1.46	1.42	15.53	6	1.42	1	2.84	7.47	15.53	5.12	398.77	387.70	3.021	4.763	21.29	33.56	499.9	1701	7	73.19	2.55	0.0759	1.0	-0.22	2.74	1.00	0.00	0.16	111115
33	"19:24:49"	1024.5	0	8.67	0.076	192	1.46	1.42	15.52	6	1.42	1	2.84	7.47	15.52	5.12	398.78	387.69	3.020	4.762	21.28	33.56	499.9	1701	7	73.19	2.55	0.0759	1.0	-0.22	2.74	1.00	0.00	0.16	111115
34	"19:24:49"	1025.0	0	8.67	0.0761	192	1.46	1.42	15.52	6	1.42	1	2.84	7.47	15.52	5.12	398.80	387.71	3.020	4.763	21.28	33.57	499.9	1701	7	73.19	2.55	0.0759	1.0	-0.22	2.74	1.00	0.00	0.16	111115
35	"19:24:50"	1025.5	0	8.68	0.0761	192	1.46	1.42	15.51	6	1.42	1	2.84	7.47	15.51	5.12	398.81	387.71	3.020	4.763	21.28	33.56	499.9	1701	7	73.19	2.55	0.0759	1.0	-0.22	2.74	1.00	0.00	0.16	111115
36	"19:24:50"	1026.0	0	8.7	0.0761	191	1.46	1.42	15.51	6	1.42	1	2.84	7.47	15.51	5.12	398.83	387.71	3.020	4.762	21.28	33.56	500.0	1701	7	73.19	2.55	0.0759	1.0	-0.22	2.74	1.00	0.00	0.16	111115
37	"19:24:51"	1026.5	0	8.74	0.0761	191	1.46	1.42	15.51	6	1.42	1	2.84	7.47	15.51	5.12	398.85	387.68	3.019	4.763	21.28	33.56	500.0	1701	7	73.19	2.55	0.0759	1.0	-0.22	2.74	1.00	0.00	0.16	111115
38	"19:24:51"	1027.0	0	8.76	0.0762	190	1.46	1.42	15.50	6	1.42	1	2.84	7.47	15.50	5.12	398.87	387.67	3.019	4.762	21.27	33.56	499.9	1701	7	73.19	2.55	0.0759	1.0	-0.22	2.74	1.00	0.00	0.16	111115
39	"19:24:52"	1027.5	0	8.78	0.0762	190	1.46	1.42	15.49	6	1.42	1	2.84	7.47	15.49	5.12	398.87	387.66	3.018	4.761	21.27	33.55	500.0	1701	7	73.19	2.55	0.0759	1.0	-0.22	2.74	1.00	0.00	0.16	111115
40	"19:24:52"	1028.0	0	8.82	0.0763	189	1.46	1.42	15.49	6	1.42	1	2.84	7.47	15.49	5.12	398.88	387.61	3.017	4.761	21.26	33.55	500.0	1701	7	73.19	2.55	0.0759	1.0	-0.22	2.74	1.00	0.00	0.16	111115
"19:25:01 Coolers: Tblock -> 10.00 C"
"19:27:43 Flow: Fixed -> 500 umol/s"
41	"19:30:03"	1339.5	0	9.22	0.0803	190	1.7	1.56	17.71	6	1.42	1	2.84	11.58	17.71	10.01	400.36	388.51	4.420	6.442	23.64	34.45	499.9	1700	6	73.2	2.32	0.0565	1.0	-0.22	2.74	1.00	0.00	0.16	111115
42	"19:30:04"	1339.5	0	9.22	0.0803	190	1.7	1.56	17.71	6	1.42	1	2.84	11.58	17.71	10.01	400.36	388.51	4.420	6.442	23.64	34.45	499.9	1700	6	73.2	2.32	0.0565	1.0	-0.22	2.74	1.00	0.00	0.16	111115
43	"19:30:04"	1340.0	0	9.25	0.0803	190	1.7	1.56	17.71	6	1.42	1	2.84	11.58	17.71	10.01	400.37	388.48	4.420	6.443	23.63	34.44	499.9	1700	6	73.2	2.32	0.0565	1.0	-0.22	2.74	1.00	0.00	0.16	111115
44	"19:30:05"	1340.5	0	9.25	0.0803	190	1.7	1.56	17.71	6	1.42	1	2.84	11.58	17.71	10.01	400.39	388.50	4.421	6.443	23.63	34.44	499.9	1700	6	73.2	2.32	0.0565	1.0	-0.22	2.74	1.00	0.00	0.16	111115
45	"19:30:05"	1341.0	0	9.25	0.0803	190	1.7	1.56	17.71	6	1.42	1	2.84	11.58	17.71	10.01	400.38	388.48	4.420	6.443	23.63	34.44	499.9	1700	6	73.2	2.32	0.0565	1.0	-0.22	2.74	1.00	0.00	0.16	111115
46	"19:30:06"	1341.5	0	9.26	0.0804	190	1.7	1.56	17.70	6	1.42	1	2.84	11.58	17.70	10.01	400.38	388.47	4.420	6.443	23.63	34.44	499.9	1700	6	73.2	2.32	0.0565	1.0	-0.22	2.74	1.00	0.00	0.16	111115
47	"19:30:06"	1342.0	0	9.3	0.0805	189	1.7	1.56	17.70	6	1.42	1	2.84	11.58	17.70	10.01	400.42	388.46	4.421	6.444	23.63	34.44	499.9	1700	6	73.2	2.32	0.0565	1.0	-0.22	2.74	1.00	0.00	0.16	111115
48	"19:30:07"	1342.5	0	9.29	0.0805	190	1.7	1.56	17.70	6	1.42	1	2.84	11.59	17.70	10.01	400.41	388.48	4.421	6.446	23.63	34.45	499.9	1700	6	73.2	2.32	0.0565	1.0	-0.22	2.74	1.00	0.00	0.16	111115
49	"19:30:07"	1343.0	0	9.29	0.0805	189	1.7	1.56	17.70	6	1.42	1	2.84	11.59	17.70	10.01	400.43	388.49	4.421	6.447	23.63	34.45	499.9	1700	6	73.2	2.32	0.0565	1.0	-0.22	2.74	1.00	0.00	0.16	111115
50	"19:30:08"	1343.5	0	9.32	0.0805	189	1.7	1.56	17.70	6	1.42	1	2.84	11.59	17.70	10.01	400.43	388.45	4.421	6.447	23.63	34.45	499.9	1700	6	73.2	2.32	0.0565	1.0	-0.22	2.74	1.00	0.00	0.16	111115
51	"19:30:08"	1344.0	0	9.29	0.0805	189	1.7	1.56	17.70	6	1.42	1	2.84	11.59	17.70	10.01	400.42	388.48	4.421	6.447	23.63	34.45	499.9	1700	6	73.2	2.32	0.0565	1.0	-0.22	2.74	1.00	0.00	0.16	111115
52	"19:30:09"	1344.5	0	9.31	0.0805	189	1.7	1.56	17.70	6	1.42	1	2.84	11.59	17.70	10.01	400.43	388.46	4.421	6.447	23.63	34.45	499.9	1700	6	73.2	2.32	0.0565	1.0	-0.22	2.74	1.00	0.00	0.16	111115
53	"19:30:09"	1345.0	0	9.31	0.0805	189	1.7	1.56	17.71	6	1.42	1	2.84	11.59	17.71	10.01	400.46	388.49	4.422	6.448	23.63	34.46	499.9	1700	6	73.2	2.32	0.0565	1.0	-0.22	2.74	1.00	0.00	0.16	111115
54	"19:30:10"	1345.5	0	9.32	0.0804	189	1.7	1.56	17.72	6	1.42	1	2.84	11.59	17.72	10.01	400.46	388.48	4.421	6.447	23.62	34.45	500.0	1700	6	73.2	2.32	0.0565	1.0	-0.22	2.74	1.00	0.00	0.16	111115
55	"19:30:10"	1346.0	0	9.31	0.0804	189	1.7	1.56	17.72	6	1.42	1	2.84	11.59	17.72	10.01	400.45	388.49	4.421	6.447	23.63	34.45	500.0	1700	6	73.2	2.32	0.0565	1.0	-0.22	2.74	1.00	0.00	0.16	111115
"19:30:19 Coolers: Tblock -> 15.00 C"
"19:33:35 Flow: Fixed -> 500 umol/s"
56	"19:34:18"	1594.5	0	9.42	0.0842	195	1.87	1.64	19.66	6	1.42	1	2.84	15.86	19.66	15.09	401.09	388.91	6.807	9.026	27.55	36.53	500.0	1701	6	73.21	2.33	0.0278	1.0	-0.22	2.74	1.00	0.00	0.16	111115
57	"19:34:19"	1595.0	0	9.44	0.0841	194	1.87	1.64	19.68	6	1.42	1	2.84	15.87	19.68	15.09	401.11	388.91	6.807	9.028	27.55	36.53	500.0	1701	6	73.21	2.33	0.0278	1.0	-0.22	2.74	1.00	0.00	0.16	111115
58	"19:34:19"	1595.0	0	9.44	0.0841	194	1.87	1.64	19.68	6	1.42	1	2.84	15.87	19.68	15.09	401.11	388.91	6.807	9.028	27.55	36.53	500.0	1701	6	73.21	2.33	0.0278	1.0	-0.22	2.74	1.00	0.00	0.16	111115
59	"19:34:19"	1595.5	0	9.43	0.084	194	1.87	1.64	19.70	6	1.42	1	2.84	15.87	19.70	15.09	401.11	388.93	6.806	9.029	27.54	36.54	500.0	1701	6	73.21	2.33	0.0278	1.0	-0.22	2.74	1.00	0.00	0.16	111115
60	"19:34:20"	1596.0	0	9.46	0.0839	193	1.87	1.65	19.72	6	1.42	1	2.84	15.87	19.72	15.09	401.14	388.91	6.807	9.031	27.54	36.54	499.9	1701	6	73.21	2.33	0.0278	1.0	-0.22	2.74	1.00	0.00	0.16	111115
61	"19:34:20"	1596.5	0	9.44	0.0838	193	1.87	1.65	19.75	6	1.42	1	2.84	15.87	19.75	15.09	401.14	388.94	6.807	9.033	27.54	36.54	499.9	1701	6	73.21	2.33	0.0278	1.0	-0.22	2.74	1.00	0.00	0.16	111115
62	"19:34:21"	1597.0	0	9.46	0.0837	193	1.87	1.65	19.77	6	1.42	1	2.84	15.87	19.77	15.09	401.15	388.92	6.807	9.035	27.54	36.55	499.9	1701	6	73.21	2.33	0.0278	1.0	-0.22	2.74	1.00	0.00	0.16	111115
63	"19:34:21"	1597.5	0	9.47	0.0837	193	1.87	1.65	19.79	6	1.42	1	2.84	15.87	19.79	15.09	401.18	388.94	6.808	9.037	27.54	36.56	499.9	1701	6	73.21	2.33	0.0278	1.0	-0.22	2.74	1.00	0.00	0.16	111115
64	"19:34:22"	1598.0	0	9.48	0.0837	192	1.88	1.66	19.80	6	1.42	1	2.84	15.87	19.80	15.09	401.19	388.93	6.806	9.039	27.53	36.56	499.9	1701	6	73.21	2.33	0.0278	1.0	-0.22	2.74	1.00	0.00	0.16	111115
65	"19:34:22"	1598.5	0	9.53	0.0837	191	1.88	1.66	19.82	6	1.42	1	2.84	15.87	19.82	15.09	401.22	388.90	6.806	9.041	27.52	36.57	499.9	1701	6	73.21	2.33	0.0278	1.0	-0.22	2.74	1.00	0.00	0.16	111115
66	"19:34:23"	1599.0	0	9.54	0.0836	191	1.88	1.66	19.83	6	1.42	1	2.84	15.88	19.83	15.09	401.21	388.89	6.806	9.042	27.52	36.57	500.0	1701	6	73.21	2.33	0.0278	1.0	-0.22	2.74	1.00	0.00	0.16	111115
67	"19:34:24"	1599.5	0	9.55	0.0837	191	1.88	1.66	19.84	6	1.42	1	2.84	15.88	19.84	15.09	401.21	388.88	6.806	9.044	27.52	36.57	499.9	1701	6	73.21	2.33	0.0278	1.0	-0.22	2.74	1.00	0.00	0.16	111115
68	"19:34:24"	1600.0	0	9.54	0.0837	191	1.88	1.66	19.84	6	1.42	1	2.84	15.88	19.84	15.09	401.19	388.87	6.806	9.046	27.52	36.58	500.0	1701	6	73.21	2.33	0.0278	1.0	-0.22	2.74	1.00	0.00	0.16	111115
69	"19:34:25"	1600.5	0	9.55	0.0837	191	1.89	1.66	19.85	6	1.42	1	2.84	15.88	19.85	15.09	401.19	388.85	6.806	9.047	27.52	36.58	500.0	1701	6	73.21	2.33	0.0278	1.0	-0.22	2.74	1.00	0.00	0.16	111115
70	"19:34:25"	1601.0	0	9.51	0.0837	192	1.88	1.66	19.86	6	1.42	1	2.84	15.88	19.86	15.09	401.15	388.85	6.806	9.047	27.52	36.58	500.0	1701	6	73.21	2.33	0.0278	1.0	-0.22	2.74	1.00	0.00	0.16	111115
"19:34:33 Coolers: Tblock -> 20.00 C"
"19:39:22 Flow: Fixed -> 500 umol/s"
"19:41:22 Flow: Fixed -> 500 umol/s"
71	"19:41:49"	2045.0	0	9.34	0.085	196	2.15	1.86	22.44	6	1.42	1	2.84	20.37	22.44	19.97	400.34	388.13	9.263	11.813	28.24	36.02	499.9	1699	8	73.21	3.04	-0.00173	1.0	-0.22	2.74	1.00	0.00	0.16	111115
72	"19:41:49"	2045.0	0	9.34	0.085	196	2.15	1.86	22.44	6	1.42	1	2.84	20.37	22.44	19.97	400.34	388.13	9.263	11.813	28.24	36.02	499.9	1699	8	73.21	3.04	-0.00173	1.0	-0.22	2.74	1.00	0.00	0.16	111115
73	"19:41:50"	2045.5	0	9.31	0.085	196	2.15	1.86	22.44	6	1.42	1	2.84	20.37	22.44	19.97	400.32	388.15	9.264	11.813	28.24	36.02	499.9	1699	8	73.21	3.04	-0.00173	1.0	-0.22	2.74	1.00	0.00	0.16	111115
74	"19:41:50"	2046.0	0	9.31	0.085	196	2.15	1.86	22.44	6	1.42	1	2.84	20.37	22.44	19.97	400.33	388.15	9.263	11.812	28.24	36.02	499.9	1699	8	73.21	3.04	-0.00173	1.0	-0.22	2.74	1.00	0.00	0.16	111115
75	"19:41:51"	2046.5	0	9.31	0.085	196	2.15	1.86	22.43	6	1.42	1	2.84	20.37	22.43	19.97	400.35	388.18	9.264	11.813	28.25	36.02	499.9	1699	8	73.21	3.04	-0.00173	1.0	-0.22	2.74	1.00	0.00	0.16	111115
76	"19:41:51"	2047.0	0	9.33	0.0851	196	2.15	1.86	22.42	6	1.42	1	2.84	20.37	22.42	19.97	400.38	388.18	9.264	11.812	28.25	36.01	499.9	1699	8	73.21	3.04	-0.00173	1.0	-0.22	2.74	1.00	0.00	0.16	111115
77	"19:41:52"	2047.5	0	9.34	0.0851	196	2.15	1.86	22.41	6	1.42	1	2.84	20.37	22.41	19.97	400.39	388.17	9.264	11.812	28.25	36.01	499.9	1699	8	73.21	3.04	-0.00173	1.0	-0.22	2.74	1.00	0.00	0.16	111115
78	"19:41:52"	2048.0	0	9.34	0.0851	196	2.15	1.86	22.41	6	1.42	1	2.84	20.37	22.41	19.97	400.42	388.21	9.265	11.812	28.25	36.01	499.9	1699	8	73.21	3.04	-0.00173	1.0	-0.22	2.74	1.00	0.00	0.16	111115
79	"19:41:53"	2048.5	0	9.32	0.0851	196	2.15	1.86	22.41	6	1.42	1	2.84	20.37	22.41	19.97	400.40	388.21	9.264	11.810	28.24	36.01	499.9	1699	8	73.21	3.04	-0.00173	1.0	-0.22	2.74	1.00	0.00	0.16	111115
80	"19:41:53"	2049.0	0	9.35	0.0852	196	2.15	1.85	22.40	6	1.42	1	2.84	20.37	22.40	19.97	400.43	388.21	9.265	11.812	28.24	36.01	499.9	1699	8	73.21	3.04	-0.00173	1.0	-0.22	2.74	1.00	0.00	0.16	111115
81	"19:41:54"	2049.5	0	9.37	0.0852	196	2.15	1.85	22.40	6	1.42	1	2.84	20.37	22.40	19.97	400.46	388.21	9.265	11.812	28.24	36.01	499.9	1699	8	73.21	3.04	-0.00173	1.0	-0.22	2.74	1.00	0.00	0.16	111115
82	"19:41:54"	2050.0	0	9.34	0.0852	196	2.15	1.85	22.40	6	1.42	1	2.84	20.37	22.40	19.97	400.42	388.22	9.265	11.812	28.24	36.01	499.9	1699	8	73.21	3.04	-0.00173	1.0	-0.22	2.74	1.00	0.00	0.16	111115
83	"19:41:55"	2050.5	0	9.36	0.0851	196	2.15	1.86	22.41	6	1.42	1	2.84	20.38	22.41	19.97	400.43	388.20	9.264	11.810	28.24	36.00	500.0	1699	8	73.21	3.04	-0.00173	1.0	-0.22	2.74	1.00	0.00	0.16	111115
84	"19:41:56"	2051.0	0	9.35	0.085	195	2.15	1.86	22.43	6	1.42	1	2.84	20.38	22.43	19.97	400.44	388.22	9.264	11.810	28.24	35.99	500.0	1699	8	73.21	3.04	-0.00173	1.0	-0.22	2.74	1.00	0.00	0.16	111115
85	"19:41:56"	2051.5	0	9.35	0.0849	195	2.15	1.86	22.43	6	1.42	1	2.84	20.38	22.43	19.97	400.44	388.22	9.264	11.810	28.23	36.00	500.0	1699	9	73.21	3.04	-0.00173	1.0	-0.22	2.74	1.00	0.00	0.16	111115
"19:42:11 Coolers: Tblock -> 25.00 C"
"19:46:17 Flow: Fixed -> 500 umol/s"
86	"19:46:53"	2349.5	0	9.15	0.0821	192	2.3	2.05	25.36	6	1.42	1	2.84	24.69	25.36	25.04	399.73	387.68	13.713	16.426	32.16	38.52	499.9	1700	10	73.21	2.94	-0.0614	1.0	-0.22	2.74	1.00	0.00	0.16	111115
87	"19:46:54"	2349.5	0	9.15	0.0821	192	2.3	2.05	25.36	6	1.42	1	2.84	24.69	25.36	25.04	399.73	387.68	13.713	16.426	32.16	38.52	499.9	1700	10	73.21	2.94	-0.0614	1.0	-0.22	2.74	1.00	0.00	0.16	111115
88	"19:46:54"	2349.5	0	9.15	0.0821	192	2.3	2.05	25.36	6	1.42	1	2.84	24.69	25.36	25.04	399.73	387.68	13.713	16.426	32.16	38.52	499.9	1700	10	73.21	2.94	-0.0614	1.0	-0.22	2.74	1.00	0.00	0.16	111115
89	"19:46:54"	2350.0	0	9.15	0.0821	192	2.3	2.04	25.35	6	1.42	1	2.84	24.69	25.35	25.04	399.76	387.70	13.714	16.427	32.16	38.52	499.9	1700	11	73.21	2.94	-0.0614	1.0	-0.22	2.74	1.00	0.00	0.16	111115
90	"19:46:55"	2350.5	0	9.17	0.0821	191	2.3	2.04	25.35	6	1.42	1	2.84	24.69	25.35	25.04	399.77	387.70	13.713	16.426	32.16	38.52	499.9	1700	11	73.21	2.94	-0.0614	1.0	-0.22	2.74	1.00	0.00	0.16	111115
91	"19:46:55"	2351.0	0	9.15	0.0821	192	2.3	2.04	25.35	6	1.42	1	2.84	24.69	25.35	25.04	399.79	387.74	13.713	16.426	32.16	38.52	499.8	1700	11	73.21	2.94	-0.0614	1.0	-0.22	2.74	1.00	0.00	0.16	111115
92	"19:46:56"	2351.5	0	9.18	0.0821	191	2.3	2.04	25.35	6	1.42	1	2.84	24.70	25.35	25.04	399.82	387.72	13.713	16.427	32.15	38.52	499.9	1700	11	73.22	2.94	-0.0614	1.0	-0.22	2.74	1.00	0.00	0.16	111115
93	"19:46:56"	2352.0	0	9.15	0.0821	192	2.3	2.04	25.35	6	1.42	1	2.84	24.70	25.35	25.04	399.79	387.74	13.713	16.426	32.15	38.51	499.9	1700	11	73.21	2.94	-0.0614	1.0	-0.22	2.74	1.00	0.00	0.16	111115
94	"19:46:57"	2352.5	0	9.15	0.0821	192	2.3	2.05	25.36	6	1.42	1	2.84	24.70	25.36	25.04	399.78	387.72	13.713	16.428	32.15	38.52	499.9	1700	11	73.21	2.94	-0.0614	1.0	-0.22	2.74	1.00	0.00	0.16	111115
95	"19:46:57"	2353.0	0	9.13	0.0822	192	2.3	2.04	25.35	6	1.42	1	2.84	24.70	25.35	25.04	399.75	387.72	13.712	16.427	32.15	38.51	499.9	1700	11	73.21	2.94	-0.0614	1.0	-0.22	2.74	1.00	0.00	0.16	111115
96	"19:46:58"	2353.5	0	9.12	0.0821	192	2.3	2.05	25.36	6	1.42	1	2.84	24.70	25.36	25.04	399.72	387.71	13.713	16.426	32.15	38.51	499.9	1700	11	73.21	2.94	-0.0614	1.0	-0.22	2.74	1.00	0.00	0.16	111115
97	"19:46:58"	2354.0	0	9.12	0.0821	192	2.3	2.05	25.36	6	1.42	1	2.84	24.70	25.36	25.04	399.68	387.67	13.713	16.426	32.15	38.51	499.9	1700	11	73.21	2.94	-0.0614	1.0	-0.22	2.74	1.00	0.00	0.16	111115
98	"19:46:59"	2354.5	0	9.11	0.082	192	2.3	2.05	25.36	6	1.42	1	2.84	24.70	25.36	25.04	399.67	387.66	13.713	16.426	32.15	38.51	499.9	1700	11	73.21	2.94	-0.0614	1.0	-0.22	2.74	1.00	0.00	0.16	111115
99	"19:47:00"	2355.0	0	9.1	0.0821	193	2.3	2.05	25.36	6	1.42	1	2.84	24.70	25.36	25.04	399.65	387.66	13.712	16.427	32.14	38.51	499.9	1700	11	73.21	2.94	-0.0614	1.0	-0.22	2.74	1.00	0.00	0.16	111115
100	"19:47:00"	2355.5	0	9.11	0.0822	192	2.3	2.05	25.37	6	1.42	1	2.84	24.70	25.37	25.04	399.66	387.65	13.711	16.429	32.14	38.51	499.9	1700	11	73.21	2.94	-0.0614	1.0	-0.22	2.74	1.00	0.00	0.16	111115
"19:47:13 Coolers: Tblock -> 30.00 C"
"19:51:57 Flow: Fixed -> 500 umol/s"
101	"19:52:27"	2683.0	0	8.92	0.0826	195	2.75	2.42	28.09	6	1.42	1	2.84	29.20	28.09	30.12	400.04	388.05	15.846	19.082	28.52	34.34	499.8	1700	21	73.22	3.33	-0.133	1.0	-0.22	2.74	1.00	0.00	0.16	111115
102	"19:52:27"	2683.0	0	8.92	0.0826	195	2.75	2.42	28.09	6	1.42	1	2.84	29.20	28.09	30.12	400.04	388.05	15.846	19.082	28.52	34.34	499.8	1700	21	73.22	3.33	-0.133	1.0	-0.22	2.74	1.00	0.00	0.16	111115
103	"19:52:27"	2683.0	0	8.92	0.0826	195	2.75	2.42	28.09	6	1.42	1	2.84	29.20	28.09	30.12	400.04	388.05	15.846	19.082	28.52	34.34	499.8	1700	21	73.22	3.33	-0.133	1.0	-0.22	2.74	1.00	0.00	0.16	111115
104	"19:52:28"	2683.5	0	8.91	0.0827	195	2.75	2.42	28.09	6	1.42	1	2.84	29.20	28.09	30.12	400.05	388.07	15.846	19.085	28.51	34.34	499.9	1700	21	73.22	3.33	-0.133	1.0	-0.22	2.74	1.00	0.00	0.16	111115
105	"19:52:28"	2684.0	0	8.9	0.0828	196	2.75	2.42	28.09	6	1.42	1	2.84	29.20	28.09	30.12	400.05	388.09	15.845	19.086	28.51	34.34	499.9	1700	21	73.22	3.33	-0.133	1.0	-0.22	2.74	1.00	0.00	0.16	111115
106	"19:52:29"	2684.5	0	8.91	0.0828	196	2.75	2.42	28.09	6	1.42	1	2.84	29.20	28.09	30.12	400.07	388.09	15.845	19.089	28.51	34.34	499.8	1700	21	73.22	3.33	-0.133	1.0	-0.22	2.74	1.00	0.00	0.16	111115
107	"19:52:29"	2685.0	0	8.9	0.0829	196	2.76	2.42	28.09	6	1.42	1	2.84	29.21	28.09	30.12	400.06	388.10	15.845	19.091	28.51	34.35	499.9	1700	21	73.22	3.33	-0.133	1.0	-0.22	2.74	1.00	0.00	0.16	111115
108	"19:52:30"	2685.5	0	8.91	0.083	196	2.76	2.42	28.09	6	1.42	1	2.84	29.21	28.09	30.12	400.07	388.09	15.845	19.093	28.51	34.35	499.9	1700	21	73.22	3.33	-0.133	1.0	-0.22	2.74	1.00	0.00	0.16	111115
109	"19:52:30"	2686.0	0	8.91	0.083	196	2.76	2.42	28.09	6	1.42	1	2.84	29.21	28.09	30.12	400.07	388.09	15.844	19.095	28.50	34.35	499.9	1700	21	73.22	3.33	-0.133	1.0	-0.22	2.74	1.00	0.00	0.16	111115
110	"19:52:31"	2686.5	0	8.93	0.0831	196	2.76	2.42	28.09	6	1.42	1	2.84	29.21	28.09	30.12	400.06	388.05	15.843	19.097	28.50	34.35	499.9	1700	20	73.22	3.33	-0.133	1.0	-0.22	2.74	1.00	0.00	0.16	111115
111	"19:52:31"	2687.0	0	8.99	0.0831	195	2.76	2.42	28.09	6	1.42	1	2.84	29.21	28.09	30.12	400.09	388.01	15.842	19.097	28.50	34.35	499.9	1700	20	73.22	3.33	-0.133	1.0	-0.22	2.74	1.00	0.00	0.16	111115
112	"19:52:32"	2687.5	0	8.97	0.083	195	2.76	2.42	28.09	6	1.42	1	2.84	29.21	28.09	30.12	400.08	388.02	15.843	19.095	28.50	34.35	499.9	1700	20	73.22	3.33	-0.133	1.0	-0.22	2.74	1.00	0.00	0.16	111115
113	"19:52:32"	2688.0	0	8.97	0.083	195	2.76	2.42	28.10	6	1.42	1	2.84	29.21	28.10	30.12	400.07	388.02	15.843	19.094	28.50	34.35	499.9	1700	20	73.22	3.33	-0.133	1.0	-0.22	2.74	1.00	0.00	0.16	111115
114	"19:52:33"	2688.5	0	8.94	0.083	195	2.76	2.42	28.10	6	1.42	1	2.84	29.21	28.10	30.12	400.05	388.03	15.843	19.095	28.50	34.35	499.9	1700	20	73.22	3.33	-0.133	1.0	-0.22	2.74	1.00	0.00	0.16	111115
115	"19:52:33"	2689.0	0	8.96	0.083	195	2.76	2.42	28.10	6	1.42	1	2.84	29.21	28.10	30.12	400.06	388.01	15.842	19.094	28.50	34.34	499.9	1700	20	73.22	3.33	-0.133	1.0	-0.22	2.74	1.00	0.00	0.16	111115
"19:52:46 Coolers: Tblock -> 35.00 C"
"20:01:33 Flow: Fixed -> 500 umol/s"
116	"20:02:54"	3310.5	0	7.27	0.0631	187	2.1	2.38	31.47	6	1.42	1	2.84	33.69	31.47	35.01	400.43	390.72	28.367	30.812	39.56	42.97	499.8	1699	14	73.23	4.25	-0.327	1.0	-0.22	2.74	1.00	0.00	0.16	111115
117	"20:02:55"	3310.5	0	7.27	0.0631	187	2.1	2.38	31.47	6	1.42	1	2.84	33.69	31.47	35.01	400.43	390.72	28.367	30.812	39.56	42.97	499.8	1699	14	73.23	4.25	-0.327	1.0	-0.22	2.74	1.00	0.00	0.16	111115
118	"20:02:55"	3311.0	0	7.22	0.0631	188	2.1	2.38	31.47	6	1.42	1	2.84	33.69	31.47	35.01	400.39	390.74	28.367	30.812	39.56	42.96	499.8	1699	14	73.23	4.25	-0.327	1.0	-0.22	2.74	1.00	0.00	0.16	111115
119	"20:02:56"	3311.5	0	7.23	0.0631	188	2.1	2.38	31.47	6	1.42	1	2.84	33.69	31.47	35.01	400.38	390.70	28.368	30.813	39.55	42.96	499.8	1699	14	73.23	4.25	-0.327	1.0	-0.22	2.74	1.00	0.00	0.16	111115
120	"20:02:56"	3311.5	0	7.23	0.0631	188	2.1	2.38	31.47	6	1.42	1	2.84	33.69	31.47	35.01	400.38	390.70	28.368	30.813	39.55	42.96	499.8	1699	14	73.23	4.25	-0.327	1.0	-0.22	2.74	1.00	0.00	0.16	111115
121	"20:02:57"	3312.0	0	7.18	0.063	189	2.1	2.38	31.47	6	1.42	1	2.84	33.69	31.47	35.01	400.32	390.72	28.369	30.814	39.56	42.96	499.8	1699	14	73.23	4.25	-0.327	1.0	-0.22	2.74	1.00	0.00	0.16	111115
122	"20:02:57"	3312.5	0	7.14	0.0631	190	2.1	2.38	31.47	6	1.42	1	2.84	33.69	31.47	35.01	400.29	390.73	28.368	30.815	39.55	42.97	499.8	1699	14	73.23	4.25	-0.327	1.0	-0.22	2.74	1.00	0.00	0.16	111115
123	"20:02:58"	3313.0	0	7.14	0.0631	190	2.1	2.38	31.47	6	1.42	1	2.84	33.69	31.47	35.01	400.28	390.72	28.368	30.814	39.55	42.96	499.8	1699	14	73.23	4.25	-0.327	1.0	-0.22	2.74	1.00	0.00	0.16	111115
124	"20:02:58"	3313.5	0	7.14	0.0631	191	2.1	2.38	31.47	6	1.42	1	2.84	33.69	31.47	35.01	400.29	390.74	28.367	30.814	39.55	42.96	499.8	1699	14	73.23	4.25	-0.327	1.0	-0.22	2.74	1.00	0.00	0.16	111115
125	"20:02:59"	3314.0	0	7.14	0.0631	190	2.1	2.38	31.47	6	1.42	1	2.84	33.69	31.47	35.01	400.28	390.72	28.368	30.814	39.55	42.96	499.8	1699	14	73.23	4.25	-0.327	1.0	-0.22	2.74	1.00	0.00	0.16	111115
126	"20:02:59"	3314.5	0	7.16	0.0631	190	2.1	2.38	31.47	6	1.42	1	2.84	33.69	31.47	35.01	400.29	390.71	28.369	30.815	39.55	42.96	499.8	1699	14	73.23	4.25	-0.327	1.0	-0.22	2.74	1.00	0.00	0.16	111115
127	"20:03:00"	3315.0	0	7.18	0.0631	189	2.1	2.38	31.47	6	1.42	1	2.84	33.69	31.47	35.01	400.32	390.71	28.370	30.816	39.55	42.96	499.7	1699	15	73.23	4.25	-0.327	1.0	-0.22	2.74	1.00	0.00	0.16	111115
128	"20:03:00"	3315.5	0	7.17	0.063	190	2.1	2.38	31.47	6	1.42	1	2.84	33.69	31.47	35.01	400.31	390.72	28.371	30.816	39.56	42.97	499.8	1699	15	73.23	4.25	-0.327	1.0	-0.22	2.74	1.00	0.00	0.16	111115
129	"20:03:01"	3316.0	0	7.23	0.063	188	2.1	2.38	31.47	6	1.42	1	2.84	33.69	31.47	35.01	400.35	390.68	28.370	30.815	39.56	42.97	499.8	1699	15	73.23	4.25	-0.327	1.0	-0.22	2.74	1.00	0.00	0.16	111115
130	"20:03:01"	3316.5	0	7.28	0.063	187	2.1	2.38	31.48	6	1.42	1	2.84	33.69	31.48	35.01	400.41	390.68	28.371	30.816	39.56	42.97	499.8	1699	15	73.23	4.25	-0.327	1.0	-0.22	2.74	1.00	0.00	0.16	111115
"20:03:09 Lamp: ParIn ->  1700 uml"
"20:03:09 CO2 Mixer: CO2R -> 400 uml"
"20:03:09 Coolers: Tblock -> 35.00 C"
"20:03:09 Flow: Fixed -> 500 umol/s"
"20:03:14 Coolers: Tblock -> 40.00 C"
"20:08:15 Flow: Fixed -> 500 umol/s"
131	"20:09:09"	3686.0	0	7.03	0.0694	203	3.09	3.17	34.46	6	1.42	1	2.84	38.35	34.46	40.10	399.83	389.94	28.012	31.606	30.23	34.11	499.8	1700	5	73.24	4.61	-0.386	1.0	-0.22	2.74	1.00	0.00	0.16	111115
132	"20:09:10"	3686.0	0	7.03	0.0694	203	3.09	3.17	34.46	6	1.42	1	2.84	38.35	34.46	40.10	399.83	389.94	28.012	31.606	30.23	34.11	499.8	1700	5	73.24	4.61	-0.386	1.0	-0.22	2.74	1.00	0.00	0.16	111115
133	"20:09:10"	3686.5	0	7.02	0.0692	203	3.09	3.17	34.48	6	1.42	1	2.84	38.36	34.48	40.10	399.80	389.92	28.010	31.604	30.23	34.10	499.8	1700	6	73.24	4.61	-0.386	1.0	-0.22	2.74	1.00	0.00	0.16	111115
134	"20:09:11"	3687.0	0	7.03	0.0692	202	3.09	3.17	34.48	6	1.42	1	2.84	38.36	34.48	40.10	399.81	389.92	28.010	31.605	30.23	34.10	499.8	1700	5	73.24	4.61	-0.386	1.0	-0.22	2.74	1.00	0.00	0.16	111115
135	"20:09:11"	3687.5	0	7.04	0.0693	202	3.1	3.17	34.48	6	1.42	1	2.84	38.36	34.48	40.10	399.82	389.92	28.009	31.607	30.22	34.10	499.8	1700	5	73.24	4.61	-0.386	1.0	-0.22	2.74	1.00	0.00	0.16	111115
136	"20:09:12"	3688.0	0	7.03	0.0693	203	3.1	3.17	34.48	6	1.42	1	2.84	38.36	34.48	40.10	399.84	389.95	28.008	31.608	30.22	34.10	499.8	1700	5	73.24	4.61	-0.386	1.0	-0.22	2.74	1.00	0.00	0.16	111115
137	"20:09:12"	3688.5	0	7.05	0.0693	202	3.1	3.18	34.49	6	1.42	1	2.84	38.36	34.49	40.10	399.88	389.96	28.006	31.606	30.22	34.10	499.8	1700	5	73.24	4.61	-0.386	1.0	-0.22	2.74	1.00	0.00	0.16	111115
138	"20:09:13"	3689.0	0	7.08	0.0693	201	3.1	3.18	34.49	6	1.42	1	2.84	38.36	34.49	40.10	399.92	389.97	28.004	31.606	30.21	34.10	499.8	1700	5	73.24	4.61	-0.386	1.0	-0.22	2.74	1.00	0.00	0.16	111115
139	"20:09:13"	3689.5	0	7.11	0.0692	201	3.1	3.18	34.50	6	1.42	1	2.84	38.36	34.50	40.10	399.98	390.00	28.005	31.607	30.21	34.10	499.8	1700	5	73.24	4.61	-0.386	1.0	-0.22	2.74	1.00	0.00	0.16	111115
140	"20:09:14"	3690.0	0	7.16	0.0693	200	3.1	3.18	34.49	6	1.42	1	2.84	38.36	34.49	40.10	400.06	390.02	28.005	31.606	30.21	34.09	499.8	1700	5	73.24	4.61	-0.386	1.0	-0.22	2.74	1.00	0.00	0.16	111115
141	"20:09:14"	3690.5	0	7.19	0.0694	199	3.1	3.17	34.48	6	1.42	1	2.84	38.36	34.48	40.10	400.12	390.03	28.004	31.607	30.21	34.10	499.8	1700	5	73.24	4.61	-0.386	1.0	-0.22	2.74	1.00	0.00	0.16	111115
142	"20:09:15"	3691.0	0	7.24	0.0694	198	3.1	3.17	34.48	6	1.42	1	2.84	38.36	34.48	40.10	400.15	390.01	28.001	31.607	30.21	34.09	499.8	1700	5	73.24	4.61	-0.386	1.0	-0.22	2.74	1.00	0.00	0.16	111115
143	"20:09:15"	3691.5	0	7.27	0.0694	198	3.1	3.17	34.48	6	1.42	1	2.84	38.36	34.48	40.10	400.17	390.00	28.000	31.607	30.20	34.09	499.8	1700	5	73.24	4.61	-0.386	1.0	-0.22	2.74	1.00	0.00	0.16	111115
144	"20:09:16"	3692.0	0	7.25	0.0694	198	3.1	3.18	34.49	6	1.42	1	2.84	38.36	34.49	40.10	400.14	389.99	27.999	31.606	30.20	34.09	499.8	1700	5	73.24	4.61	-0.386	1.0	-0.22	2.74	1.00	0.00	0.16	111115
145	"20:09:16"	3692.5	0	7.2	0.0693	199	3.1	3.18	34.49	6	1.42	1	2.84	38.36	34.49	40.10	400.08	389.99	28.000	31.606	30.20	34.09	499.8	1700	5	73.24	4.61	-0.386	1.0	-0.22	2.74	1.00	0.00	0.16	111115
"20:09:33 Coolers: Tblock -> 45.00 C"
"20:12:11 Flow: Fixed -> 500 umol/s"
146	"20:13:05"	3921.0	0	6.26	0.0716	222	3.81	3.76	36.42	6	1.42	1	2.84	42.58	36.42	44.97	400.41	391.10	27.543	31.972	23.74	27.56	499.8	1700	5	73.24	4.99	-0.418	1.0	-0.22	2.74	1.00	0.00	0.16	111115
147	"20:13:05"	3921.0	0	6.26	0.0716	222	3.81	3.76	36.42	6	1.42	1	2.84	42.58	36.42	44.97	400.41	391.10	27.543	31.972	23.74	27.56	499.8	1700	5	73.24	4.99	-0.418	1.0	-0.22	2.74	1.00	0.00	0.16	111115
148	"20:13:06"	3921.5	0	6.27	0.0717	222	3.81	3.76	36.41	6	1.42	1	2.84	42.58	36.41	44.97	400.41	391.10	27.542	31.973	23.74	27.56	499.8	1700	5	73.24	4.99	-0.418	1.0	-0.22	2.74	1.00	0.00	0.16	111115
149	"20:13:06"	3922.0	0	6.28	0.0717	221	3.81	3.76	36.41	6	1.42	1	2.84	42.58	36.41	44.97	400.41	391.09	27.541	31.973	23.74	27.56	499.8	1700	5	73.24	4.99	-0.418	1.0	-0.22	2.74	1.00	0.00	0.16	111115
150	"20:13:07"	3922.5	0	6.27	0.0717	221	3.81	3.76	36.41	6	1.42	1	2.84	42.58	36.41	44.97	400.36	391.03	27.538	31.971	23.74	27.56	499.8	1700	5	73.24	4.99	-0.418	1.0	-0.22	2.74	1.00	0.00	0.16	111115
151	"20:13:07"	3923.0	0	6.26	0.0717	222	3.81	3.76	36.41	6	1.42	1	2.84	42.58	36.41	44.97	400.34	391.03	27.539	31.971	23.74	27.56	499.9	1701	5	73.24	4.99	-0.418	1.0	-0.22	2.74	1.00	0.00	0.16	111115
152	"20:13:08"	3923.5	0	6.23	0.0718	223	3.82	3.76	36.41	6	1.42	1	2.84	42.58	36.41	44.97	400.31	391.04	27.537	31.974	23.73	27.56	499.9	1701	5	73.24	4.99	-0.418	1.0	-0.22	2.74	1.00	0.00	0.16	111115
153	"20:13:08"	3924.0	0	6.2	0.0718	223	3.82	3.76	36.42	6	1.42	1	2.84	42.58	36.42	44.97	400.30	391.07	27.538	31.976	23.73	27.56	499.9	1701	5	73.24	4.99	-0.418	1.0	-0.22	2.74	1.00	0.00	0.16	111115
154	"20:13:09"	3924.5	0	6.18	0.0718	224	3.82	3.77	36.42	6	1.42	1	2.84	42.58	36.42	44.97	400.28	391.07	27.536	31.976	23.73	27.55	499.9	1701	5	73.24	4.99	-0.418	1.0	-0.22	2.74	1.00	0.00	0.16	111115
155	"20:13:10"	3925.0	0	6.16	0.0719	224	3.82	3.76	36.42	6	1.42	1	2.84	42.58	36.42	44.97	400.29	391.10	27.534	31.977	23.73	27.55	499.9	1701	5	73.24	4.99	-0.418	1.0	-0.22	2.74	1.00	0.00	0.16	111115
156	"20:13:10"	3925.5	0	6.13	0.0719	225	3.82	3.76	36.41	6	1.42	1	2.84	42.58	36.41	44.97	400.27	391.12	27.533	31.977	23.72	27.55	499.9	1701	5	73.24	4.99	-0.418	1.0	-0.22	2.74	1.00	0.00	0.16	111115
157	"20:13:11"	3926.0	0	6.12	0.072	225	3.83	3.76	36.42	6	1.42	1	2.84	42.59	36.42	44.97	400.29	391.15	27.533	31.980	23.72	27.55	499.9	1701	5	73.24	4.99	-0.418	1.0	-0.22	2.74	1.00	0.00	0.16	111115
158	"20:13:11"	3926.5	0	6.12	0.072	225	3.83	3.76	36.41	6	1.42	1	2.84	42.59	36.41	44.98	400.34	391.19	27.533	31.982	23.72	27.55	499.9	1700	5	73.24	4.99	-0.418	1.0	-0.22	2.74	1.00	0.00	0.16	111115
159	"20:13:12"	3927.0	0	6.12	0.072	226	3.83	3.76	36.41	6	1.42	1	2.84	42.59	36.41	44.97	400.35	391.21	27.533	31.981	23.72	27.55	499.9	1701	5	73.24	4.99	-0.418	1.0	-0.22	2.74	1.00	0.00	0.16	111115
160	"20:13:12"	3927.5	0	6.11	0.0721	226	3.83	3.76	36.40	6	1.42	1	2.84	42.59	36.40	44.97	400.38	391.26	27.534	31.981	23.72	27.55	499.9	1700	5	73.24	4.99	-0.418	1.0	-0.22	2.74	1.00	0.00	0.16	111115
"20:13:23 Coolers: Tblock -> 50.00 C"
"20:17:48 Flow: Fixed -> 500 umol/s"
161	"20:18:18"	4234.0	0	4.61	0.0874	273	5.35	4.33	38.28	6	1.42	1	2.84	47.03	38.28	49.85	400.66	392.60	26.990	33.196	18.48	22.73	499.8	1699	4	73.25	5.93	-0.467	1.0	-0.22	2.74	1.00	0.00	0.16	111115
162	"20:18:18"	4234.0	0	4.61	0.0874	273	5.35	4.33	38.28	6	1.42	1	2.84	47.03	38.28	49.85	400.66	392.60	26.990	33.196	18.48	22.73	499.8	1699	4	73.25	5.93	-0.467	1.0	-0.22	2.74	1.00	0.00	0.16	111115
163	"20:18:19"	4234.5	0	4.63	0.0876	272	5.35	4.32	38.26	6	1.42	1	2.84	47.04	38.26	49.85	400.69	392.60	26.989	33.199	18.48	22.73	499.8	1699	4	73.25	5.93	-0.467	1.0	-0.22	2.74	1.00	0.00	0.16	111115
164	"20:18:19"	4235.0	0	4.62	0.0878	273	5.35	4.32	38.25	6	1.42	1	2.84	47.04	38.25	49.85	400.69	392.61	26.990	33.202	18.48	22.73	499.8	1699	4	73.25	5.93	-0.467	1.0	-0.22	2.74	1.00	0.00	0.16	111115
165	"20:18:20"	4235.5	0	4.66	0.0879	272	5.36	4.31	38.24	6	1.42	1	2.84	47.04	38.24	49.85	400.69	392.58	26.990	33.205	18.48	22.73	499.8	1699	4	73.25	5.93	-0.467	1.0	-0.22	2.74	1.00	0.00	0.16	111115
166	"20:18:20"	4236.0	0	4.69	0.088	272	5.36	4.31	38.24	6	1.42	1	2.84	47.04	38.24	49.85	400.71	392.56	26.990	33.207	18.48	22.73	499.8	1699	4	73.25	5.93	-0.467	1.0	-0.22	2.74	1.00	0.00	0.16	111115
167	"20:18:21"	4236.5	0	4.72	0.0881	271	5.36	4.31	38.23	6	1.42	1	2.84	47.04	38.23	49.85	400.69	392.50	26.987	33.208	18.47	22.73	499.8	1699	4	73.25	5.93	-0.467	1.0	-0.22	2.74	1.00	0.00	0.16	111115
168	"20:18:21"	4237.0	0	4.73	0.0882	271	5.37	4.31	38.23	6	1.42	1	2.84	47.04	38.23	49.85	400.71	392.50	26.987	33.216	18.47	22.74	499.9	1699	4	73.25	5.93	-0.467	1.0	-0.22	2.74	1.00	0.00	0.16	111115
169	"20:18:22"	4237.5	0	4.72	0.0883	271	5.37	4.31	38.23	6	1.42	1	2.84	47.04	38.23	49.85	400.72	392.52	26.985	33.222	18.47	22.74	499.9	1699	4	73.25	5.93	-0.467	1.0	-0.22	2.74	1.00	0.00	0.16	111115
170	"20:18:22"	4238.0	0	4.73	0.0883	271	5.37	4.31	38.23	6	1.42	1	2.84	47.04	38.23	49.85	400.72	392.51	26.985	33.222	18.47	22.74	499.9	1699	4	73.25	5.93	-0.467	1.0	-0.22	2.74	1.00	0.00	0.16	111115
171	"20:18:23"	4238.5	0	4.75	0.0883	271	5.38	4.31	38.24	6	1.42	1	2.84	47.04	38.24	49.85	400.75	392.51	26.984	33.224	18.47	22.74	499.9	1699	4	73.25	5.93	-0.467	1.0	-0.22	2.74	1.00	0.00	0.16	111115
172	"20:18:23"	4239.0	0	4.73	0.0882	271	5.38	4.32	38.26	6	1.42	1	2.84	47.04	38.26	49.85	400.76	392.54	26.982	33.223	18.47	22.74	499.9	1699	4	73.25	5.93	-0.467	0.7	-0.22	2.74	1.00	0.00	0.16	111115
173	"20:18:24"	4239.5	0	4.7	0.088	272	5.37	4.32	38.27	6	1.42	1	2.84	47.04	38.27	49.86	400.80	392.64	26.984	33.220	18.47	22.74	499.9	1699	4	73.25	5.93	-0.467	0.7	-0.22	2.74	1.00	0.00	0.16	111115
174	"20:18:32"	4248.5	0	4.53	0.0881	275	5.4	4.34	38.32	6	1.42	1	2.84	47.05	38.32	49.85	400.64	392.65	26.969	33.238	18.45	22.74	499.9	1699	4	73.25	5.93	-0.467	1.0	-0.22	2.74	1.00	0.00	0.16	111115
175	"20:18:33"	4248.5	0	4.53	0.0881	275	5.4	4.34	38.32	6	1.42	1	2.84	47.05	38.32	49.85	400.64	392.65	26.969	33.238	18.45	22.74	499.9	1699	4	73.25	5.93	-0.467	1.0	-0.22	2.74	1.00	0.00	0.16	111115
176	"20:18:33"	4249.0	0	4.54	0.0882	274	5.41	4.34	38.32	6	1.42	1	2.84	47.06	38.32	49.85	400.67	392.67	26.966	33.239	18.45	22.74	499.9	1699	5	73.25	5.93	-0.467	1.0	-0.22	2.74	1.00	0.00	0.16	111115
177	"20:18:34"	4249.5	0	4.59	0.0883	274	5.41	4.34	38.31	6	1.42	1	2.84	47.06	38.31	49.85	400.69	392.64	26.964	33.243	18.44	22.74	499.9	1699	4	73.24	5.93	-0.467	1.0	-0.22	2.74	1.00	0.00	0.16	111115
178	"20:18:34"	4250.0	0	4.67	0.0885	272	5.42	4.34	38.31	6	1.42	1	2.84	47.06	38.31	49.85	400.77	392.61	26.961	33.250	18.44	22.74	499.9	1699	4	73.24	5.93	-0.467	1.0	-0.22	2.74	1.00	0.00	0.16	111115
179	"20:18:35"	4250.5	0	4.71	0.0887	272	5.42	4.33	38.29	6	1.42	1	2.84	47.06	38.29	49.85	400.84	392.63	26.960	33.253	18.44	22.74	499.9	1699	4	73.24	5.93	-0.467	1.0	-0.22	2.74	1.00	0.00	0.16	111115
180	"20:18:35"	4251.0	0	4.74	0.0888	272	5.43	4.33	38.29	6	1.42	1	2.84	47.06	38.29	49.85	400.87	392.62	26.960	33.258	18.44	22.75	499.9	1699	4	73.24	5.93	-0.467	1.0	-0.22	2.74	1.00	0.00	0.16	111115
181	"20:18:36"	4251.5	0	4.74	0.0889	272	5.43	4.32	38.28	6	1.42	1	2.84	47.06	38.28	49.85	400.86	392.61	26.959	33.259	18.44	22.75	499.9	1699	4	73.24	5.93	-0.467	1.0	-0.22	2.74	1.00	0.00	0.16	111115
182	"20:18:36"	4252.0	0	4.76	0.0889	271	5.43	4.33	38.29	6	1.42	1	2.84	47.06	38.29	49.85	400.88	392.60	26.958	33.261	18.44	22.75	499.9	1699	4	73.24	5.93	-0.467	1.0	-0.22	2.74	1.00	0.00	0.16	111115
183	"20:18:37"	4252.5	0	4.8	0.089	271	5.44	4.32	38.29	6	1.42	1	2.84	47.06	38.29	49.85	400.91	392.59	26.955	33.265	18.43	22.75	499.9	1699	4	73.24	5.93	-0.467	1.0	-0.22	2.74	1.00	0.00	0.16	111115
184	"20:18:37"	4253.0	0	4.8	0.089	271	5.44	4.32	38.29	6	1.42	1	2.84	47.06	38.29	49.85	400.92	392.60	26.955	33.266	18.43	22.75	499.9	1699	4	73.24	5.93	-0.467	1.0	-0.22	2.74	1.00	0.00	0.16	111115
185	"20:18:38"	4253.5	0	4.81	0.089	271	5.44	4.33	38.29	6	1.42	1	2.84	47.06	38.29	49.85	400.94	392.60	26.956	33.268	18.43	22.75	499.9	1699	4	73.24	5.93	-0.467	1.0	-0.22	2.74	1.00	0.00	0.16	111115
186	"20:18:38"	4254.0	0	4.74	0.0889	272	5.44	4.33	38.30	6	1.42	1	2.84	47.06	38.30	49.85	400.86	392.61	26.955	33.266	18.43	22.75	499.9	1699	4	73.24	5.93	-0.467	1.0	-0.22	2.74	1.00	0.00	0.16	111115
187	"20:18:39"	4254.5	0	4.63	0.0888	274	5.43	4.33	38.30	6	1.42	1	2.84	47.06	38.30	49.85	400.76	392.65	26.956	33.263	18.43	22.74	499.9	1699	4	73.24	5.93	-0.467	1.0	-0.22	2.74	1.00	0.00	0.16	111115
188	"20:18:40"	4255.0	0	4.58	0.0887	274	5.43	4.33	38.31	6	1.42	1	2.84	47.06	38.31	49.85	400.75	392.69	26.957	33.261	18.43	22.74	499.9	1699	4	73.24	5.93	-0.467	1.0	-0.22	2.74	1.00	0.00	0.16	111115
