"OPEN 6.2.4"
"Wed Jun 29 2016 12:42:05"
<open><version>"6.2.4"</version></open>
<open><configfile>"/User/Configs/UserPrefs/2x3 LED.xml"</configfile></open>
<open><light><source>"6400-02 or -02B LED Source"</source><par_in>1<sensor>"SI-3781"<cal>-0.93<actinity>1.00</actinity><transm>1.00</transm></cal></sensor><transm>1</transm></par_in><par_out>1<sensor>"Q49599"<cal>7.26</cal></sensor></par_out></light></open>
<open><comps><file>"/User/Configs/Comps/StdComps_6.2"<header>""</header><extras></extras></file><energybal>no<f_parIn>1</f_parIn><f_parOut>0</f_parOut><alphaK>0.16</alphaK></energybal><bc_total>2.840<stomatal_ratio>1</stomatal_ratio><bc_oneside>1.420<type>2</type><table>"/Sys/Lib/StdBLCTable"</table><area>6</area><slope>-0.219565</slope><offset>2.73739</offset><fan>5</fan></bc_oneside></bc_total></comps></open>
<open><prompts><onlog>off</onlog><items>"Default (none)"</items></prompts></open>
<open><constants><oxygen>21 %</oxygen><bb_vapor>1.5</bb_vapor><bb_oxy>0.9</bb_oxy></constants></open>
<open><stability><items>"Std Stability"<items[1]><id>-2</id><size>15</size><pcv><onoff>0</onoff><value>1</value></pcv><std><onoff>0</onoff><value>1</value></std><slp><onoff>1</onoff><value>1</value></slp></items[1]><items[2]><id>-5</id><size>15</size><pcv><onoff>0</onoff><value>1</value></pcv><std><onoff>0</onoff><value>1</value></std><slp><onoff>1</onoff><value>1</value></slp></items[2]><items[3]><id>-7</id><size>15</size><pcv><onoff>0</onoff><value>1</value></pcv><std><onoff>0</onoff><value>1</value></std><slp><onoff>1</onoff><value>1</value></slp></items[3]></items></stability></open>
<open><log><format>"StdLogFmt_6.0"<items>{ -35 -21 -36 -76 30 23 36 21 25 221 -33 111 -34 11 -9 -10 -8 -1 -2 -4 -5 -14 -15 -7 -12 -13 -11 -65 -66 -72 -18 -19 -77 -78 -79 -23  }<hdr>{  }</hdr></items></format><options><beep>on</beep><hdr>normal</hdr><rem>normal</rem><stab>no</stab><stats>no<mean>no</mean><file>no</file><period>15</period></stats><excel>yes</excel><controls>yes</controls><comm>no</comm></options><datafile>"/User/062916-stm-bro3"</datafile><button><action>"Normal Log"<code>" LogOneObsManual "</code></action></button><autoprog>"/User/Configs/AutoProgs/AutoLog2"<active>no</active></autoprog></log></open>
<open><a2d><avgtime>4.0 secs</avgtime><userchans><ch20>"Off"</ch20><ch21>"Off"</ch21><ch22>"Off"</ch22><ch23>"Off"</ch23></userchans></a2d></open>
<open><matching><type>0</type><disp>'a'</disp><settings><CO2Limit>10.0</CO2Limit><H2OLimit>1.0</H2OLimit><MaxAutoTime>60</MaxAutoTime></settings></matching></open>
<li6400><factory><unit>"PSC-3840"</unit><serviced>"1 Jul 2013"</serviced><fuseaware>0</fuseaware><co2mixer>yes</co2mixer><co2><coeffs>{ 0 0.213319 2.22998e-05 2.13159e-08 -3.88664e-12 3.69888e-16  }</coeffs><dvdt>-4.7</dvdt><xs>{ 0.0009 -0.0002  }</xs></co2><h2o><coeffs>{ 0 0.00572751 2.23485e-06 -7.37877e-12  }</coeffs><dvdt>-1.7</dvdt><xs>{ 0.0009 -0.0028  }</xs></h2o><flow>{ 0 0.3568  }</flow><press>{ 88.437 0.00551  }</press></factory></li6400>
<li6400><user><flow_zero>-898.4</flow_zero><irga_zero><co2>468.8 234.4<at>18.1598</at></co2><h2o>78.1 156.2<at>17.1607</at></h2o></irga_zero><irga_span><co2>{ 0.99237 0.992833  }</co2><h2o>{ 1.00426 0.996799  }</h2o></irga_span><irga_match><co2>{ 0.940565 2.42876  }</co2><h2o>{ 0.00477181 -0.00721881  }</h2o></irga_match><co2_mixer><pump_mv>4500</pump_mv><ppm>{ 2938.24 1287.24 480.57 287.911 131.964 79.0122 54.4649 48.1774  }</ppm><mv>{ 5000 3000 1500 1000 500 300 200 100  }</mv></co2_mixer><parin_offset>0</parin_offset><led_cal><unit>"SI-3781"</unit><mv>{ 10 25 50 100 1000 2000 3000 4000 5000  }</mv><qntm>{ 4.69642 15.4417 35.4805 82.2863 972.665 1922.29 2824.32 3690.14 4518.2  }</qntm></led_cal><lcf_cal><unit>"unknown"</unit><red><mv>{ 50 100 500 1000 1500 5000  }</mv><qntm>{ 50 100 500 1000 2000 5000  }</qntm></red><blue><mv>{ 100 200 500 1000 2000 5000  }</mv><qntm>{ 10 20 50 100 200 500  }</qntm></blue></lcf_cal></user></li6400>
"12:42:06 "
$STARTOFDATA$
"Obs"	"HHMMSS"	"FTime"	"EBal?"	"Photo"	"Cond"	"Ci"	"Trmmol"	"VpdL"	"CTleaf"	"Area"	"BLC_1"	"StmRat"	"BLCond"	"Tair"	"Tleaf"	"TBlk"	"CO2R"	"CO2S"	"H2OR"	"H2OS"	"RH_R"	"RH_S"	"Flow"	"PARi"	"PARo"	"Press"	"CsMch"	"HsMch"	"StableF"	"BLCslope"	"BLCoffst"	"f_parin"	"f_parout"	"alphaK"	"Status"
"13:01:49 Flow: Fixed -> 300 umol/s"
"13:02:28 Flow: Fixed -> 200 umol/s"
"13:07:57 Flow: Fixed -> 200 umol/s"
1	"13:08:38"	1634.0	0	3.55	0.044	251	0.605	1.01	10.42	6	1.42	1	2.84	2.83	10.42	0.04	400.05	388.72	1.664	3.471	16.21	33.82	200.2	1701	11	73.23	2.03	0.0763	1.0	-0.22	2.74	1.00	0.00	0.16	111115
2	"13:08:39"	1634.0	0	3.55	0.044	251	0.605	1.01	10.42	6	1.42	1	2.84	2.83	10.42	0.04	400.05	388.72	1.664	3.471	16.21	33.82	200.2	1701	11	73.23	2.03	0.0763	1.0	-0.22	2.74	1.00	0.00	0.16	111115
3	"13:08:39"	1634.5	0	3.54	0.0439	251	0.605	1.01	10.43	6	1.42	1	2.84	2.83	10.43	0.04	400.04	388.71	1.664	3.470	16.21	33.81	200.2	1701	11	73.23	2.03	0.0763	1.0	-0.22	2.74	1.00	0.00	0.16	111115
4	"13:08:40"	1635.0	0	3.54	0.0439	251	0.605	1.02	10.44	6	1.42	1	2.84	2.83	10.44	0.04	400.02	388.70	1.664	3.471	16.21	33.82	200.2	1701	11	73.23	2.03	0.0763	1.0	-0.22	2.74	1.00	0.00	0.16	111115
5	"13:08:40"	1635.5	0	3.54	0.0439	251	0.605	1.01	10.44	6	1.42	1	2.84	2.83	10.44	0.04	400.05	388.74	1.665	3.472	16.22	33.83	200.2	1701	11	73.23	2.03	0.0763	1.0	-0.22	2.74	1.00	0.00	0.16	111115
6	"13:08:41"	1636.0	0	3.54	0.0439	251	0.605	1.01	10.43	6	1.42	1	2.84	2.83	10.43	0.04	400.04	388.73	1.665	3.472	16.22	33.82	200.3	1701	11	73.23	2.03	0.0763	1.0	-0.22	2.74	1.00	0.00	0.16	111115
7	"13:08:41"	1636.5	0	3.55	0.0439	250	0.605	1.01	10.42	6	1.42	1	2.84	2.83	10.42	0.04	400.02	388.68	1.665	3.472	16.22	33.82	200.3	1702	11	73.23	2.03	0.0763	1.0	-0.22	2.74	1.00	0.00	0.16	111115
8	"13:08:42"	1637.0	0	3.55	0.044	251	0.605	1.01	10.41	6	1.42	1	2.84	2.83	10.41	0.04	400.03	388.68	1.665	3.472	16.22	33.83	200.3	1702	11	73.23	2.03	0.0763	1.0	-0.22	2.74	1.00	0.00	0.16	111115
9	"13:08:42"	1637.5	0	3.55	0.044	251	0.605	1.01	10.41	6	1.42	1	2.84	2.83	10.41	0.04	400.05	388.70	1.666	3.472	16.23	33.83	200.3	1702	11	73.23	2.03	0.0763	1.0	-0.22	2.74	1.00	0.00	0.16	111115
10	"13:08:43"	1638.0	0	3.54	0.044	251	0.605	1.01	10.39	6	1.42	1	2.84	2.83	10.39	0.04	400.02	388.70	1.666	3.471	16.23	33.82	200.3	1702	11	73.23	2.03	0.0763	1.0	-0.22	2.74	1.00	0.00	0.16	111115
11	"13:08:43"	1638.5	0	3.54	0.044	251	0.605	1.01	10.39	6	1.42	1	2.84	2.83	10.39	0.04	400.03	388.71	1.666	3.472	16.23	33.82	200.3	1702	11	73.23	2.03	0.0763	1.0	-0.22	2.74	1.00	0.00	0.16	111115
12	"13:08:44"	1639.0	0	3.55	0.0441	251	0.605	1.01	10.37	6	1.42	1	2.84	2.83	10.37	0.04	400.06	388.72	1.666	3.472	16.23	33.82	200.3	1702	11	73.23	2.03	0.0763	1.0	-0.22	2.74	1.00	0.00	0.16	111115
13	"13:08:44"	1639.5	0	3.55	0.0441	251	0.605	1.01	10.37	6	1.42	1	2.84	2.83	10.37	0.04	400.05	388.70	1.666	3.472	16.23	33.82	200.2	1701	11	73.23	2.03	0.0763	1.0	-0.22	2.74	1.00	0.00	0.16	111115
14	"13:08:45"	1640.0	0	3.55	0.0441	251	0.605	1.01	10.38	6	1.42	1	2.84	2.83	10.38	0.04	400.05	388.71	1.666	3.472	16.23	33.83	200.3	1701	11	73.23	2.03	0.0763	1.0	-0.22	2.74	1.00	0.00	0.16	111115
15	"13:08:46"	1640.5	0	3.54	0.044	251	0.605	1.01	10.39	6	1.42	1	2.84	2.83	10.39	0.04	400.09	388.76	1.666	3.472	16.23	33.83	200.2	1701	11	73.23	2.03	0.0763	1.0	-0.22	2.74	1.00	0.00	0.16	111115
"13:08:59 Coolers: Tblock -> 5.00 C"
"13:11:32 Flow: Fixed -> 200 umol/s"
"13:13:32 Flow: Fixed -> 200 umol/s"
"13:15:03 Flow: Fixed -> 200 umol/s"
16	"13:15:20"	2035.5	0	4.28	0.054	249	0.796	1.09	12.80	6	1.42	1	2.84	7.10	12.80	5.13	398.98	385.23	3.049	5.421	22.05	39.20	200.2	1700	11	73.23	1.85	0.0648	1.0	-0.22	2.74	1.00	0.00	0.16	111115
17	"13:15:20"	2035.5	0	4.28	0.054	249	0.796	1.09	12.80	6	1.42	1	2.84	7.10	12.80	5.13	398.98	385.23	3.049	5.421	22.05	39.20	200.2	1700	11	73.23	1.85	0.0648	1.0	-0.22	2.74	1.00	0.00	0.16	111115
18	"13:15:21"	2036.0	0	4.29	0.054	249	0.796	1.09	12.79	6	1.42	1	2.84	7.10	12.79	5.13	398.99	385.23	3.050	5.423	22.05	39.21	200.2	1700	11	73.23	1.85	0.0648	1.0	-0.22	2.74	1.00	0.00	0.16	111115
19	"13:15:21"	2036.5	0	4.3	0.0542	249	0.797	1.08	12.77	6	1.42	1	2.84	7.10	12.77	5.13	399.03	385.22	3.050	5.425	22.05	39.22	200.2	1700	11	73.23	1.85	0.0648	1.0	-0.22	2.74	1.00	0.00	0.16	111115
20	"13:15:22"	2037.0	0	4.31	0.0542	248	0.797	1.08	12.76	6	1.42	1	2.84	7.10	12.76	5.13	399.06	385.23	3.050	5.426	22.06	39.23	200.2	1700	12	73.23	1.85	0.0648	1.0	-0.22	2.74	1.00	0.00	0.16	111115
21	"13:15:22"	2037.5	0	4.31	0.0542	248	0.797	1.08	12.77	6	1.42	1	2.84	7.10	12.77	5.13	399.06	385.22	3.050	5.426	22.05	39.23	200.2	1700	12	73.23	1.85	0.0648	1.0	-0.22	2.74	1.00	0.00	0.16	111115
22	"13:15:23"	2038.0	0	4.3	0.0542	249	0.798	1.08	12.78	6	1.42	1	2.84	7.10	12.78	5.13	399.04	385.22	3.049	5.428	22.05	39.24	200.2	1700	11	73.23	1.85	0.0648	1.0	-0.22	2.74	1.00	0.00	0.16	111115
23	"13:15:23"	2038.5	0	4.3	0.0542	249	0.798	1.08	12.79	6	1.42	1	2.84	7.10	12.79	5.13	399.03	385.23	3.049	5.428	22.05	39.24	200.2	1700	11	73.23	1.85	0.0648	1.0	-0.22	2.74	1.00	0.00	0.16	111115
24	"13:15:24"	2039.0	0	4.31	0.0542	248	0.799	1.08	12.79	6	1.42	1	2.84	7.10	12.79	5.13	399.06	385.22	3.050	5.430	22.05	39.26	200.2	1700	11	73.23	1.85	0.0648	1.0	-0.22	2.74	1.00	0.00	0.16	111115
25	"13:15:24"	2039.5	0	4.31	0.0543	248	0.799	1.08	12.78	6	1.42	1	2.84	7.10	12.78	5.13	399.08	385.24	3.050	5.430	22.05	39.26	200.2	1700	11	73.23	1.85	0.0648	1.0	-0.22	2.74	1.00	0.00	0.16	111115
26	"13:15:25"	2040.0	0	4.32	0.0543	248	0.799	1.08	12.79	6	1.42	1	2.84	7.10	12.79	5.13	399.11	385.23	3.050	5.432	22.05	39.27	200.2	1700	11	73.23	1.85	0.0648	1.0	-0.22	2.74	1.00	0.00	0.16	111115
27	"13:15:25"	2040.5	0	4.33	0.0543	248	0.8	1.08	12.79	6	1.42	1	2.84	7.10	12.79	5.13	399.10	385.20	3.050	5.433	22.05	39.28	200.2	1700	11	73.23	1.85	0.0648	1.0	-0.22	2.74	1.00	0.00	0.16	111115
28	"13:15:26"	2041.0	0	4.34	0.0543	248	0.8	1.09	12.80	6	1.42	1	2.84	7.10	12.80	5.13	399.11	385.18	3.050	5.434	22.05	39.28	200.3	1700	11	73.23	1.85	0.0648	1.0	-0.22	2.74	1.00	0.00	0.16	111115
29	"13:15:26"	2041.5	0	4.35	0.0543	247	0.801	1.09	12.80	6	1.42	1	2.84	7.10	12.80	5.13	399.16	385.20	3.051	5.437	22.06	39.30	200.3	1700	11	73.23	1.85	0.0648	1.0	-0.22	2.74	1.00	0.00	0.16	111115
30	"13:15:27"	2042.0	0	4.35	0.0544	248	0.801	1.09	12.80	6	1.42	1	2.84	7.11	12.80	5.13	399.18	385.22	3.051	5.438	22.06	39.31	200.3	1700	11	73.23	1.85	0.0648	1.0	-0.22	2.74	1.00	0.00	0.16	111115
"13:15:35 Coolers: Tblock -> 10.00 C"
"13:19:09 Flow: Fixed -> 200 umol/s"
"13:21:45 Flow: Fixed -> 200 umol/s"
31	"13:22:04"	2440.0	0	5.22	0.0831	271	1.33	1.19	14.89	6	1.42	1	2.84	11.34	14.89	10.01	399.86	382.70	3.036	6.993	16.50	38.00	200.2	1699	11	73.22	2.03	0.0487	1.0	-0.22	2.74	1.00	0.00	0.16	111115
32	"13:22:05"	2440.0	0	5.22	0.0831	271	1.33	1.19	14.89	6	1.42	1	2.84	11.34	14.89	10.01	399.86	382.70	3.036	6.993	16.50	38.00	200.2	1699	11	73.22	2.03	0.0487	1.0	-0.22	2.74	1.00	0.00	0.16	111115
33	"13:22:05"	2440.5	0	5.21	0.0832	271	1.33	1.19	14.88	6	1.42	1	2.84	11.34	14.88	10.01	399.84	382.71	3.036	6.992	16.50	37.99	200.2	1699	11	73.22	2.03	0.0487	1.0	-0.22	2.74	1.00	0.00	0.16	111115
34	"13:22:06"	2441.0	0	5.21	0.0833	272	1.33	1.18	14.86	6	1.42	1	2.84	11.34	14.86	10.01	399.85	382.72	3.036	6.990	16.50	37.98	200.2	1699	11	73.22	2.03	0.0487	1.0	-0.22	2.74	1.00	0.00	0.16	111115
35	"13:22:06"	2441.5	0	5.2	0.0833	272	1.33	1.18	14.86	6	1.42	1	2.84	11.34	14.86	10.01	399.83	382.74	3.036	6.988	16.50	37.97	200.2	1700	11	73.22	2.03	0.0487	1.0	-0.22	2.74	1.00	0.00	0.16	111115
36	"13:22:07"	2442.0	0	5.2	0.0832	272	1.33	1.18	14.86	6	1.42	1	2.84	11.34	14.86	10.01	399.83	382.73	3.036	6.986	16.50	37.96	200.2	1699	11	73.22	2.03	0.0487	1.0	-0.22	2.74	1.00	0.00	0.16	111115
37	"13:22:07"	2442.5	0	5.19	0.0831	272	1.33	1.18	14.86	6	1.42	1	2.84	11.34	14.86	10.01	399.84	382.77	3.037	6.984	16.50	37.94	200.2	1699	11	73.22	2.03	0.0487	1.0	-0.22	2.74	1.00	0.00	0.16	111115
38	"13:22:07"	2443.0	0	5.19	0.0831	272	1.33	1.18	14.86	6	1.42	1	2.84	11.34	14.86	10.01	399.86	382.78	3.037	6.981	16.50	37.93	200.2	1699	11	73.22	2.03	0.0487	1.0	-0.22	2.74	1.00	0.00	0.16	111115
39	"13:22:08"	2443.5	0	5.18	0.0831	272	1.33	1.18	14.85	6	1.42	1	2.84	11.34	14.85	10.01	399.87	382.82	3.036	6.979	16.50	37.92	200.2	1699	11	73.22	2.03	0.0487	1.0	-0.22	2.74	1.00	0.00	0.16	111115
40	"13:22:08"	2444.0	0	5.18	0.0832	272	1.32	1.18	14.83	6	1.42	1	2.84	11.34	14.83	10.01	399.90	382.84	3.037	6.977	16.50	37.91	200.2	1699	11	73.22	2.03	0.0487	1.0	-0.22	2.74	1.00	0.00	0.16	111115
41	"13:22:09"	2444.5	0	5.18	0.0831	272	1.32	1.18	14.82	6	1.42	1	2.84	11.34	14.82	10.01	399.91	382.86	3.037	6.974	16.50	37.89	200.2	1699	11	73.22	2.03	0.0487	1.0	-0.22	2.74	1.00	0.00	0.16	111115
42	"13:22:09"	2445.0	0	5.18	0.0831	272	1.32	1.18	14.83	6	1.42	1	2.84	11.34	14.83	10.01	399.93	382.88	3.037	6.972	16.50	37.88	200.2	1699	11	73.22	2.03	0.0487	1.0	-0.22	2.74	1.00	0.00	0.16	111115
43	"13:22:10"	2445.5	0	5.19	0.083	272	1.32	1.18	14.83	6	1.42	1	2.84	11.34	14.83	10.01	399.95	382.89	3.037	6.969	16.50	37.86	200.2	1699	11	73.22	2.03	0.0487	1.0	-0.22	2.74	1.00	0.00	0.16	111115
44	"13:22:10"	2446.0	0	5.18	0.083	272	1.32	1.18	14.82	6	1.42	1	2.84	11.34	14.82	10.01	399.95	382.91	3.036	6.968	16.49	37.85	200.2	1699	11	73.22	2.03	0.0487	1.0	-0.22	2.74	1.00	0.00	0.16	111115
45	"13:22:11"	2446.5	0	5.18	0.0831	272	1.32	1.18	14.81	6	1.42	1	2.84	11.34	14.81	10.01	399.92	382.89	3.036	6.965	16.49	37.84	200.2	1699	11	73.22	2.03	0.0487	1.0	-0.22	2.74	1.00	0.00	0.16	111115
"13:22:19 Coolers: Tblock -> 15.00 C"
"13:24:46 Flow: Fixed -> 200 umol/s"
"13:30:23 Flow: Fixed -> 200 umol/s"
"13:34:22 Flow: Fixed -> 200 umol/s"
"13:46:42 Flow: Fixed -> 200 umol/s"
"13:51:19 Flow: Fixed -> 200 umol/s"
"13:55:55 Flow: Fixed -> 200 umol/s"
"14:02:03 Flow: Fixed -> 200 umol/s"
"14:08:09 Flow: Fixed -> 200 umol/s"
"14:11:52 Flow: Fixed -> 200 umol/s"
46	"14:12:42"	5479.0	0	5.28	0.0779	262	1.58	1.49	18.84	6	1.42	1	2.84	16.08	18.84	15.09	400.91	383.28	4.739	9.428	18.91	37.63	200.2	1700	6	73.17	2.4	0.0392	1.0	-0.22	2.74	1.00	0.00	0.16	111115
47	"14:12:43"	5479.0	0	5.28	0.0779	262	1.58	1.49	18.84	6	1.42	1	2.84	16.08	18.84	15.09	400.91	383.28	4.739	9.428	18.91	37.63	200.2	1700	6	73.17	2.4	0.0392	1.0	-0.22	2.74	1.00	0.00	0.16	111115
48	"14:12:43"	5479.5	0	5.28	0.078	262	1.58	1.49	18.84	6	1.42	1	2.84	16.08	18.84	15.09	400.91	383.29	4.739	9.429	18.91	37.63	200.2	1700	6	73.17	2.4	0.0392	1.0	-0.22	2.74	1.00	0.00	0.16	111115
49	"14:12:44"	5480.0	0	5.27	0.0781	262	1.58	1.49	18.83	6	1.42	1	2.84	16.08	18.83	15.09	400.91	383.29	4.739	9.432	18.91	37.64	200.2	1700	7	73.17	2.4	0.0392	1.0	-0.22	2.74	1.00	0.00	0.16	111115
50	"14:12:44"	5480.5	0	5.27	0.0782	262	1.58	1.49	18.83	6	1.42	1	2.84	16.08	18.83	15.09	400.92	383.31	4.739	9.434	18.91	37.65	200.2	1700	6	73.17	2.4	0.0392	1.0	-0.22	2.74	1.00	0.00	0.16	111115
51	"14:12:45"	5481.0	0	5.28	0.0782	262	1.58	1.49	18.83	6	1.42	1	2.84	16.08	18.83	15.09	400.93	383.29	4.739	9.435	18.91	37.65	200.2	1700	6	73.17	2.4	0.0392	1.0	-0.22	2.74	1.00	0.00	0.16	111115
52	"14:12:45"	5481.5	0	5.29	0.0782	262	1.58	1.49	18.83	6	1.42	1	2.84	16.08	18.83	15.09	400.94	383.27	4.740	9.435	18.91	37.65	200.2	1700	6	73.17	2.4	0.0392	1.0	-0.22	2.74	1.00	0.00	0.16	111115
53	"14:12:46"	5482.0	0	5.3	0.0782	262	1.58	1.49	18.83	6	1.42	1	2.84	16.08	18.83	15.09	400.97	383.28	4.739	9.436	18.91	37.65	200.2	1700	7	73.17	2.4	0.0392	1.0	-0.22	2.74	1.00	0.00	0.16	111115
54	"14:12:46"	5482.5	0	5.31	0.0782	261	1.58	1.49	18.83	6	1.42	1	2.84	16.08	18.83	15.09	401.01	383.27	4.738	9.437	18.91	37.66	200.2	1700	7	73.17	2.4	0.0392	1.0	-0.22	2.74	1.00	0.00	0.16	111115
55	"14:12:47"	5483.0	0	5.32	0.0782	261	1.58	1.49	18.83	6	1.42	1	2.84	16.08	18.83	15.09	401.04	383.27	4.739	9.436	18.91	37.65	200.2	1700	7	73.17	2.4	0.0392	1.0	-0.22	2.74	1.00	0.00	0.16	111115
56	"14:12:47"	5483.5	0	5.33	0.0782	261	1.58	1.49	18.83	6	1.42	1	2.84	16.08	18.83	15.09	401.06	383.26	4.739	9.437	18.91	37.66	200.2	1700	7	73.17	2.4	0.0392	1.0	-0.22	2.74	1.00	0.00	0.16	111115
57	"14:12:48"	5484.0	0	5.35	0.0782	261	1.58	1.49	18.83	6	1.42	1	2.84	16.08	18.83	15.09	401.07	383.23	4.740	9.438	18.91	37.66	200.2	1700	7	73.17	2.4	0.0392	1.0	-0.22	2.74	1.00	0.00	0.16	111115
58	"14:12:48"	5484.5	0	5.35	0.0783	261	1.58	1.49	18.83	6	1.42	1	2.84	16.08	18.83	15.09	401.07	383.22	4.739	9.438	18.91	37.67	200.2	1700	7	73.17	2.4	0.0392	1.0	-0.22	2.74	1.00	0.00	0.16	111115
59	"14:12:49"	5485.0	0	5.34	0.0783	261	1.58	1.49	18.83	6	1.42	1	2.84	16.08	18.83	15.09	401.06	383.25	4.739	9.440	18.91	37.67	200.2	1700	7	73.17	2.4	0.0392	1.0	-0.22	2.74	1.00	0.00	0.16	111115
60	"14:12:49"	5485.5	0	5.34	0.0783	261	1.58	1.49	18.83	6	1.42	1	2.84	16.08	18.83	15.09	401.07	383.25	4.739	9.442	18.91	37.68	200.2	1700	7	73.17	2.4	0.0392	1.0	-0.22	2.74	1.00	0.00	0.16	111115
"14:12:58 Coolers: Tblock -> 20.00 C"
"14:17:11 Flow: Fixed -> 200 umol/s"
"14:21:11 Flow: Fixed -> 200 umol/s"
"14:25:39 Flow: Fixed -> 200 umol/s"
"14:31:47 Lamp: ParIn ->  1700 uml"
"14:31:47 CO2 Mixer: CO2R -> 400 uml"
"14:31:47 Coolers: Tblock -> 20.00 C"
"14:31:47 Flow: Fixed -> 200 umol/s"
"14:37:52 Flow: Fixed -> 200 umol/s"
61	"14:38:15"	7010.5	0	5.26	0.0774	259	1.8	1.71	21.90	6	1.42	1	2.84	20.53	21.90	19.97	400.16	382.32	7.410	12.741	22.36	38.45	200.2	1700	9	73.16	2.84	0.0117	1.0	-0.22	2.74	1.00	0.00	0.16	111115
62	"14:38:15"	7010.5	0	5.26	0.0774	259	1.8	1.71	21.90	6	1.42	1	2.84	20.53	21.90	19.97	400.16	382.32	7.410	12.741	22.36	38.45	200.2	1700	9	73.16	2.84	0.0117	1.0	-0.22	2.74	1.00	0.00	0.16	111115
63	"14:38:16"	7011.5	0	5.27	0.0774	259	1.8	1.71	21.90	6	1.42	1	2.84	20.53	21.90	19.97	400.17	382.30	7.410	12.738	22.36	38.44	200.2	1700	9	73.16	2.84	0.0117	1.0	-0.22	2.74	1.00	0.00	0.16	111115
64	"14:38:16"	7011.5	0	5.27	0.0774	259	1.8	1.71	21.90	6	1.42	1	2.84	20.53	21.90	19.97	400.17	382.30	7.410	12.738	22.36	38.44	200.2	1700	9	73.16	2.84	0.0117	1.0	-0.22	2.74	1.00	0.00	0.16	111115
65	"14:38:17"	7012.0	0	5.28	0.0774	258	1.8	1.71	21.90	6	1.42	1	2.84	20.53	21.90	19.97	400.17	382.29	7.410	12.737	22.36	38.44	200.2	1700	9	73.16	2.84	0.0117	1.0	-0.22	2.74	1.00	0.00	0.16	111115
66	"14:38:18"	7014.0	0	5.28	0.0774	258	1.8	1.71	21.90	6	1.42	1	2.84	20.53	21.90	19.97	400.21	382.34	7.410	12.733	22.36	38.43	200.3	1700	10	73.16	2.84	0.0117	1.0	-0.22	2.74	1.00	0.00	0.16	111115
67	"14:38:19"	7014.0	0	5.28	0.0774	258	1.8	1.71	21.90	6	1.42	1	2.84	20.53	21.90	19.97	400.21	382.34	7.410	12.733	22.36	38.43	200.3	1700	10	73.16	2.84	0.0117	1.0	-0.22	2.74	1.00	0.00	0.16	111115
68	"14:38:19"	7014.5	0	5.27	0.0774	259	1.8	1.71	21.90	6	1.42	1	2.84	20.53	21.90	19.97	400.23	382.38	7.411	12.733	22.36	38.42	200.3	1700	10	73.16	2.84	0.0117	1.0	-0.22	2.74	1.00	0.00	0.16	111115
69	"14:38:20"	7015.0	0	5.27	0.0774	259	1.8	1.71	21.90	6	1.42	1	2.84	20.53	21.90	19.97	400.23	382.39	7.410	12.731	22.36	38.42	200.3	1700	10	73.16	2.84	0.0117	1.0	-0.22	2.74	1.00	0.00	0.16	111115
70	"14:38:20"	7015.5	0	5.26	0.0773	259	1.8	1.71	21.90	6	1.42	1	2.84	20.53	21.90	19.97	400.22	382.40	7.411	12.729	22.36	38.41	200.2	1700	10	73.16	2.84	0.0117	1.0	-0.22	2.74	1.00	0.00	0.16	111115
71	"14:38:21"	7016.0	0	5.26	0.0772	259	1.8	1.71	21.90	6	1.42	1	2.84	20.53	21.90	19.97	400.21	382.40	7.411	12.726	22.36	38.40	200.2	1700	10	73.16	2.84	0.0117	1.0	-0.22	2.74	1.00	0.00	0.16	111115
72	"14:38:21"	7016.5	0	5.25	0.0772	259	1.8	1.71	21.90	6	1.42	1	2.84	20.53	21.90	19.97	400.20	382.40	7.410	12.724	22.36	38.40	200.2	1700	10	73.16	2.84	0.0117	1.0	-0.22	2.74	1.00	0.00	0.16	111115
73	"14:38:22"	7017.0	0	5.25	0.0771	259	1.79	1.71	21.90	6	1.42	1	2.84	20.53	21.90	19.97	400.20	382.40	7.411	12.722	22.36	38.39	200.2	1700	10	73.16	2.84	0.0117	1.0	-0.22	2.74	1.00	0.00	0.16	111115
74	"14:38:22"	7017.5	0	5.23	0.077	259	1.79	1.71	21.90	6	1.42	1	2.84	20.53	21.90	19.97	400.14	382.40	7.412	12.720	22.37	38.39	200.2	1700	10	73.16	2.84	0.0117	1.0	-0.22	2.74	1.00	0.00	0.16	111115
75	"14:38:23"	7018.0	0	5.21	0.077	259	1.79	1.71	21.90	6	1.42	1	2.84	20.53	21.90	19.97	400.12	382.44	7.412	12.718	22.37	38.38	200.2	1700	10	73.16	2.84	0.0117	1.0	-0.22	2.74	1.00	0.00	0.16	111115
"14:38:33 Coolers: Tblock -> 25.00 C"
"14:46:33 Flow: Fixed -> 200 umol/s"
"14:59:55 Flow: Fixed -> 200 umol/s"
"15:02:20 Flow: Fixed -> 200 umol/s"
76	"15:02:37"	8473.0	0	4.67	0.0602	243	1.68	2.02	24.98	6	1.42	1	2.84	25.02	24.98	25.04	399.80	383.87	10.799	15.756	24.82	36.21	200.2	1701	9	73.14	3.14	-0.0382	1.0	-0.22	2.74	1.00	0.00	0.16	111115
77	"15:02:38"	8473.5	0	4.67	0.0602	243	1.68	2.02	24.98	6	1.42	1	2.84	25.02	24.98	25.04	399.80	383.87	10.799	15.753	24.82	36.20	200.2	1701	9	73.14	3.14	-0.0382	0.7	-0.22	2.74	1.00	0.00	0.16	111115
78	"15:02:38"	8473.5	0	4.67	0.0602	243	1.68	2.02	24.98	6	1.42	1	2.84	25.02	24.98	25.04	399.80	383.87	10.799	15.753	24.82	36.20	200.2	1701	9	73.14	3.14	-0.0382	0.7	-0.22	2.74	1.00	0.00	0.16	111115
"15:15:14 Flow: Fixed -> 200 umol/s"
79	"15:16:50"	9326.0	0	4.67	0.0633	249	1.72	1.97	25.09	6	1.42	1	2.84	25.08	25.09	25.04	399.40	383.42	11.697	16.765	26.78	38.38	200.1	1700	8	73.13	3.22	-0.0475	1.0	-0.22	2.74	1.00	0.00	0.16	111115
80	"15:16:50"	9326.0	0	4.67	0.0633	249	1.72	1.97	25.09	6	1.42	1	2.84	25.08	25.09	25.04	399.40	383.42	11.697	16.765	26.78	38.38	200.1	1700	8	73.13	3.22	-0.0475	1.0	-0.22	2.74	1.00	0.00	0.16	111115
81	"15:16:51"	9326.0	0	4.67	0.0633	249	1.72	1.97	25.09	6	1.42	1	2.84	25.08	25.09	25.04	399.40	383.42	11.697	16.765	26.78	38.38	200.1	1700	8	73.13	3.22	-0.0475	1.0	-0.22	2.74	1.00	0.00	0.16	111115
82	"15:16:51"	9326.5	0	4.67	0.0633	249	1.72	1.97	25.08	6	1.42	1	2.84	25.08	25.08	25.04	399.42	383.43	11.698	16.764	26.78	38.38	200.1	1700	8	73.13	3.22	-0.0475	1.0	-0.22	2.74	1.00	0.00	0.16	111115
83	"15:16:52"	9327.0	0	4.68	0.0633	249	1.72	1.97	25.08	6	1.42	1	2.84	25.08	25.08	25.04	399.44	383.42	11.698	16.766	26.78	38.38	200.1	1700	8	73.14	3.22	-0.0475	1.0	-0.22	2.74	1.00	0.00	0.16	111115
84	"15:16:52"	9327.5	0	4.7	0.0633	248	1.72	1.97	25.08	6	1.42	1	2.84	25.08	25.08	25.04	399.49	383.42	11.699	16.767	26.78	38.39	200.1	1700	8	73.14	3.22	-0.0475	1.0	-0.22	2.74	1.00	0.00	0.16	111115
85	"15:16:53"	9328.0	0	4.71	0.0633	248	1.72	1.97	25.08	6	1.42	1	2.84	25.08	25.08	25.04	399.48	383.40	11.698	16.766	26.78	38.39	200.1	1700	8	73.14	3.22	-0.0475	1.0	-0.22	2.74	1.00	0.00	0.16	111115
86	"15:16:53"	9328.5	0	4.73	0.0633	248	1.72	1.97	25.08	6	1.42	1	2.84	25.08	25.08	25.04	399.52	383.38	11.698	16.766	26.78	38.39	200.1	1700	8	73.14	3.22	-0.0475	1.0	-0.22	2.74	1.00	0.00	0.16	111115
87	"15:16:54"	9329.0	0	4.71	0.0633	248	1.72	1.97	25.08	6	1.42	1	2.84	25.08	25.08	25.04	399.48	383.37	11.699	16.768	26.78	38.39	200.1	1700	8	73.14	3.22	-0.0475	1.0	-0.22	2.74	1.00	0.00	0.16	111115
88	"15:16:54"	9329.5	0	4.73	0.0633	248	1.72	1.97	25.08	6	1.42	1	2.84	25.08	25.08	25.04	399.52	383.37	11.698	16.767	26.78	38.38	200.1	1700	8	73.14	3.22	-0.0475	1.0	-0.22	2.74	1.00	0.00	0.16	111115
89	"15:16:55"	9330.0	0	4.73	0.0633	248	1.72	1.97	25.08	6	1.42	1	2.84	25.08	25.08	25.04	399.50	383.36	11.699	16.767	26.78	38.38	200.1	1700	8	73.13	3.22	-0.0475	1.0	-0.22	2.74	1.00	0.00	0.16	111115
90	"15:16:55"	9330.5	0	4.74	0.0633	247	1.72	1.97	25.08	6	1.42	1	2.84	25.08	25.08	25.04	399.55	383.37	11.698	16.766	26.78	38.38	200.1	1700	8	73.14	3.22	-0.0475	1.0	-0.22	2.74	1.00	0.00	0.16	111115
91	"15:16:56"	9331.0	0	4.74	0.0633	247	1.72	1.97	25.08	6	1.42	1	2.84	25.08	25.08	25.04	399.55	383.36	11.700	16.766	26.78	38.38	200.1	1700	8	73.13	3.22	-0.0475	1.0	-0.22	2.74	1.00	0.00	0.16	111115
92	"15:16:56"	9331.5	0	4.74	0.0633	247	1.72	1.97	25.08	6	1.42	1	2.84	25.08	25.08	25.04	399.53	383.35	11.698	16.764	26.78	38.37	200.1	1700	8	73.13	3.22	-0.0475	1.0	-0.22	2.74	1.00	0.00	0.16	111115
93	"15:16:57"	9332.0	0	4.74	0.0632	247	1.72	1.97	25.08	6	1.42	1	2.84	25.08	25.08	25.04	399.55	383.37	11.699	16.763	26.78	38.37	200.1	1700	8	73.13	3.22	-0.0475	1.0	-0.22	2.74	1.00	0.00	0.16	111115
"15:17:07 Coolers: Tblock -> 30.00 C"
"15:24:30 Flow: Fixed -> 200 umol/s"
"15:36:59 Lamp: ParIn ->  1700 uml"
"15:36:59 CO2 Mixer: CO2R -> 400 uml"
"15:36:59 Coolers: Tblock -> 30.00 C"
"15:36:59 Flow: Fixed -> 200 umol/s"
"15:38:44 Flow: Fixed -> 200 umol/s"
94	"15:39:18"	10674.5	0	4.49	0.0613	250	1.86	2.19	27.96	6	1.42	1	2.84	29.53	27.96	30.12	400.48	384.88	16.420	21.883	28.96	38.60	200.1	1700	7	73.15	3.76	-0.143	1.0	-0.22	2.74	1.00	0.00	0.16	111115
95	"15:39:18"	10674.5	0	4.49	0.0613	250	1.86	2.19	27.96	6	1.42	1	2.84	29.53	27.96	30.12	400.48	384.88	16.420	21.883	28.96	38.60	200.1	1700	7	73.15	3.76	-0.143	1.0	-0.22	2.74	1.00	0.00	0.16	111115
96	"15:39:19"	10675.0	0	4.49	0.0613	250	1.86	2.19	27.96	6	1.42	1	2.84	29.53	27.96	30.12	400.48	384.87	16.419	21.880	28.96	38.59	200.1	1700	7	73.15	3.76	-0.143	1.0	-0.22	2.74	1.00	0.00	0.16	111115
97	"15:39:19"	10675.5	0	4.5	0.0612	249	1.86	2.19	27.96	6	1.42	1	2.84	29.53	27.96	30.12	400.52	384.86	16.419	21.876	28.96	38.58	200.1	1700	7	73.15	3.76	-0.143	1.0	-0.22	2.74	1.00	0.00	0.16	111115
98	"15:39:20"	10676.0	0	4.5	0.0612	249	1.86	2.19	27.97	6	1.42	1	2.84	29.53	27.97	30.12	400.55	384.91	16.419	21.872	28.96	38.58	200.1	1700	7	73.15	3.76	-0.143	1.0	-0.22	2.74	1.00	0.00	0.16	111115
99	"15:39:21"	10676.5	0	4.49	0.0611	250	1.86	2.19	27.97	6	1.42	1	2.84	29.53	27.97	30.12	400.55	384.95	16.420	21.869	28.96	38.57	200.1	1700	7	73.15	3.76	-0.143	1.0	-0.22	2.74	1.00	0.00	0.16	111115
100	"15:39:21"	10677.0	0	4.49	0.061	250	1.86	2.19	27.97	6	1.42	1	2.84	29.53	27.97	30.12	400.54	384.95	16.421	21.864	28.96	38.56	200.1	1700	7	73.15	3.76	-0.143	1.0	-0.22	2.74	1.00	0.00	0.16	111115
101	"15:39:22"	10677.5	0	4.48	0.061	250	1.86	2.19	27.97	6	1.42	1	2.84	29.53	27.97	30.12	400.53	384.96	16.421	21.861	28.96	38.56	200.2	1700	7	73.15	3.76	-0.143	1.0	-0.22	2.74	1.00	0.00	0.16	111115
102	"15:39:22"	10678.0	0	4.47	0.0609	250	1.85	2.19	27.97	6	1.42	1	2.84	29.53	27.97	30.12	400.50	384.96	16.420	21.857	28.96	38.55	200.2	1700	7	73.15	3.76	-0.143	1.0	-0.22	2.74	1.00	0.00	0.16	111115
103	"15:39:23"	10678.5	0	4.46	0.0609	250	1.85	2.19	27.97	6	1.42	1	2.84	29.53	27.97	30.12	400.49	384.97	16.421	21.854	28.96	38.55	200.2	1700	7	73.15	3.76	-0.143	1.0	-0.22	2.74	1.00	0.00	0.16	111115
104	"15:39:23"	10679.0	0	4.46	0.0608	250	1.85	2.19	27.97	6	1.42	1	2.84	29.53	27.97	30.12	400.47	384.96	16.420	21.849	28.96	38.54	200.2	1700	7	73.15	3.76	-0.143	1.0	-0.22	2.74	1.00	0.00	0.16	111115
105	"15:39:24"	10679.5	0	4.46	0.0607	250	1.85	2.19	27.97	6	1.42	1	2.84	29.53	27.97	30.12	400.46	384.98	16.421	21.844	28.96	38.53	200.2	1700	7	73.15	3.76	-0.143	1.0	-0.22	2.74	1.00	0.00	0.16	111115
106	"15:39:24"	10680.0	0	4.46	0.0607	249	1.85	2.19	27.98	6	1.42	1	2.84	29.53	27.98	30.12	400.45	384.95	16.421	21.842	28.97	38.53	200.1	1700	7	73.15	3.76	-0.143	1.0	-0.22	2.74	1.00	0.00	0.16	111115
107	"15:39:25"	10680.5	0	4.47	0.0606	249	1.85	2.19	27.98	6	1.42	1	2.84	29.53	27.98	30.12	400.45	384.91	16.421	21.838	28.97	38.52	200.1	1700	7	73.15	3.76	-0.143	1.0	-0.22	2.74	1.00	0.00	0.16	111115
108	"15:39:25"	10681.0	0	4.48	0.0605	249	1.85	2.19	27.98	6	1.42	1	2.84	29.53	27.98	30.12	400.49	384.93	16.422	21.834	28.97	38.52	200.1	1700	7	73.15	3.76	-0.143	1.0	-0.22	2.74	1.00	0.00	0.16	111115
"15:39:37 Coolers: Tblock -> 35.00 C"
"15:44:45 Flow: Fixed -> 200 umol/s"
"15:48:13 Flow: Fixed -> 200 umol/s"
109	"15:49:03"	11258.5	0	2.54	0.0252	212	0.875	2.45	29.65	6	1.42	1	2.84	33.58	29.65	35.01	399.60	390.96	20.965	23.525	29.39	32.98	200.1	1701	7	73.16	3.74	-0.175	1.0	-0.22	2.74	1.00	0.00	0.16	111115
110	"15:49:03"	11258.5	0	2.54	0.0252	212	0.875	2.45	29.65	6	1.42	1	2.84	33.58	29.65	35.01	399.60	390.96	20.965	23.525	29.39	32.98	200.1	1701	7	73.16	3.74	-0.175	1.0	-0.22	2.74	1.00	0.00	0.16	111115
111	"15:49:03"	11259.0	0	2.54	0.0252	212	0.875	2.46	29.65	6	1.42	1	2.84	33.58	29.65	35.01	399.60	390.95	20.964	23.525	29.39	32.98	200.2	1701	7	73.16	3.74	-0.175	1.0	-0.22	2.74	1.00	0.00	0.16	111115
112	"15:49:04"	11259.5	0	2.56	0.0253	211	0.876	2.46	29.65	6	1.42	1	2.84	33.58	29.65	35.01	399.62	390.93	20.963	23.528	29.39	32.99	200.2	1701	7	73.16	3.74	-0.175	1.0	-0.22	2.74	1.00	0.00	0.16	111115
113	"15:49:04"	11260.0	0	2.58	0.0253	210	0.877	2.46	29.65	6	1.42	1	2.84	33.58	29.65	35.01	399.68	390.93	20.964	23.531	29.39	32.99	200.2	1701	7	73.16	3.74	-0.175	1.0	-0.22	2.74	1.00	0.00	0.16	111115
114	"15:49:05"	11260.5	0	2.58	0.0253	210	0.878	2.46	29.66	6	1.42	1	2.84	33.58	29.66	35.01	399.70	390.93	20.963	23.532	29.39	32.99	200.2	1701	7	73.16	3.74	-0.175	1.0	-0.22	2.74	1.00	0.00	0.16	111115
115	"15:49:06"	11261.0	0	2.58	0.0253	210	0.878	2.46	29.67	6	1.42	1	2.84	33.58	29.67	35.01	399.71	390.93	20.963	23.535	29.39	32.99	200.1	1701	7	73.16	3.74	-0.175	1.0	-0.22	2.74	1.00	0.00	0.16	111115
116	"15:49:06"	11261.5	0	2.58	0.0254	210	0.88	2.46	29.67	6	1.42	1	2.84	33.58	29.67	35.01	399.70	390.93	20.961	23.536	29.39	33.00	200.1	1701	7	73.16	3.74	-0.175	1.0	-0.22	2.74	1.00	0.00	0.16	111115
117	"15:49:07"	11262.0	0	2.59	0.0254	210	0.88	2.46	29.66	6	1.42	1	2.84	33.58	29.66	35.01	399.71	390.92	20.961	23.537	29.39	33.00	200.1	1701	7	73.15	3.74	-0.175	1.0	-0.22	2.74	1.00	0.00	0.16	111115
118	"15:49:07"	11262.5	0	2.6	0.0254	209	0.88	2.46	29.66	6	1.42	1	2.84	33.58	29.66	35.01	399.77	390.95	20.962	23.540	29.39	33.00	200.1	1701	7	73.15	3.74	-0.175	1.0	-0.22	2.74	1.00	0.00	0.16	111115
119	"15:49:08"	11263.0	0	2.61	0.0254	209	0.881	2.45	29.65	6	1.42	1	2.84	33.58	29.65	35.01	399.81	390.95	20.962	23.542	29.39	33.00	200.1	1701	7	73.15	3.74	-0.175	1.0	-0.22	2.74	1.00	0.00	0.16	111115
120	"15:49:08"	11263.5	0	2.63	0.0254	207	0.881	2.45	29.65	6	1.42	1	2.84	33.58	29.65	35.01	399.87	390.94	20.961	23.542	29.39	33.00	200.1	1701	7	73.15	3.74	-0.175	1.0	-0.22	2.74	1.00	0.00	0.16	111115
121	"15:49:09"	11264.0	0	2.65	0.0255	206	0.882	2.45	29.65	6	1.42	1	2.84	33.58	29.65	35.01	399.89	390.91	20.960	23.541	29.38	33.00	200.1	1701	7	73.15	3.74	-0.175	1.0	-0.22	2.74	1.00	0.00	0.16	111115
122	"15:49:09"	11264.5	0	2.67	0.0255	205	0.882	2.45	29.64	6	1.42	1	2.84	33.58	29.64	35.01	399.95	390.92	20.960	23.542	29.38	33.00	200.1	1701	7	73.15	3.74	-0.175	1.0	-0.22	2.74	1.00	0.00	0.16	111115
123	"15:49:10"	11265.0	0	2.69	0.0255	204	0.883	2.45	29.64	6	1.42	1	2.84	33.58	29.64	35.01	400.01	390.90	20.958	23.543	29.38	33.00	200.1	1701	7	73.15	3.74	-0.175	1.0	-0.22	2.74	1.00	0.00	0.16	111115
"15:49:26 Coolers: Tblock -> 40.00 C"
"15:56:41 Flow: Fixed -> 200 umol/s"
"16:07:28 Flow: Fixed -> 200 umol/s"
124	"16:08:51"	12446.5	0	1.53	0.0147	203	0.744	3.56	33.20	6	1.42	1	2.84	38.17	33.20	40.08	400.47	394.99	18.955	21.141	20.65	23.03	200.1	1699	6	73.18	4.19	-0.153	1.0	-0.22	2.74	1.00	0.00	0.16	111115
125	"16:08:51"	12446.5	0	1.53	0.0147	203	0.744	3.56	33.20	6	1.42	1	2.84	38.17	33.20	40.08	400.47	394.99	18.955	21.141	20.65	23.03	200.1	1699	6	73.18	4.19	-0.153	1.0	-0.22	2.74	1.00	0.00	0.16	111115
126	"16:08:52"	12447.0	0	1.54	0.0147	202	0.745	3.56	33.20	6	1.42	1	2.84	38.17	33.20	40.08	400.52	395.01	18.956	21.142	20.65	23.03	200.1	1699	6	73.18	4.19	-0.153	1.0	-0.22	2.74	1.00	0.00	0.16	111115
127	"16:08:52"	12447.5	0	1.56	0.0147	200	0.745	3.56	33.20	6	1.42	1	2.84	38.17	33.20	40.08	400.57	395.01	18.956	21.144	20.65	23.03	200.1	1699	6	73.18	4.19	-0.153	1.0	-0.22	2.74	1.00	0.00	0.16	111115
128	"16:08:53"	12448.0	0	1.58	0.0147	199	0.746	3.56	33.19	6	1.42	1	2.84	38.17	33.19	40.08	400.61	395.01	18.957	21.145	20.65	23.03	200.1	1699	6	73.18	4.19	-0.153	0.7	-0.22	2.74	1.00	0.00	0.16	111115
129	"16:08:53"	12448.5	0	1.57	0.0148	200	0.747	3.55	33.18	6	1.42	1	2.84	38.17	33.18	40.08	400.61	395.03	18.957	21.149	20.65	23.04	200.1	1699	6	73.18	4.19	-0.153	0.7	-0.22	2.74	1.00	0.00	0.16	111115
130	"16:09:00"	12455.5	0	1.5	0.015	209	0.758	3.54	33.14	6	1.42	1	2.84	38.16	33.14	40.09	400.32	394.92	18.945	21.169	20.64	23.06	200.2	1699	6	73.18	4.19	-0.153	1.0	-0.22	2.74	1.00	0.00	0.16	111115
131	"16:09:00"	12455.5	0	1.5	0.015	209	0.758	3.54	33.14	6	1.42	1	2.84	38.16	33.14	40.09	400.32	394.92	18.945	21.169	20.64	23.06	200.2	1699	6	73.18	4.19	-0.153	1.0	-0.22	2.74	1.00	0.00	0.16	111115
132	"16:09:01"	12456.0	0	1.52	0.015	208	0.759	3.55	33.15	6	1.42	1	2.84	38.16	33.15	40.09	400.34	394.90	18.946	21.172	20.64	23.07	200.2	1699	6	73.18	4.19	-0.153	1.0	-0.22	2.74	1.00	0.00	0.16	111115
133	"16:09:01"	12456.5	0	1.54	0.015	206	0.76	3.55	33.16	6	1.42	1	2.84	38.16	33.16	40.09	400.37	394.87	18.945	21.173	20.64	23.07	200.2	1699	6	73.18	4.19	-0.153	1.0	-0.22	2.74	1.00	0.00	0.16	111115
134	"16:09:02"	12457.0	0	1.54	0.0151	206	0.761	3.55	33.15	6	1.42	1	2.84	38.16	33.15	40.09	400.35	394.83	18.942	21.174	20.64	23.07	200.1	1699	6	73.18	4.19	-0.153	1.0	-0.22	2.74	1.00	0.00	0.16	111115
135	"16:09:02"	12457.5	0	1.55	0.0151	205	0.761	3.55	33.17	6	1.42	1	2.84	38.16	33.17	40.09	400.36	394.82	18.942	21.175	20.64	23.07	200.2	1699	6	73.18	4.19	-0.153	1.0	-0.22	2.74	1.00	0.00	0.16	111115
136	"16:09:03"	12458.0	0	1.55	0.015	204	0.762	3.56	33.21	6	1.42	1	2.84	38.16	33.21	40.09	400.36	394.80	18.940	21.177	20.64	23.07	200.2	1699	6	73.18	4.19	-0.153	1.0	-0.22	2.74	1.00	0.00	0.16	111115
137	"16:09:03"	12458.5	0	1.55	0.015	204	0.763	3.57	33.23	6	1.42	1	2.84	38.16	33.23	40.09	400.36	394.79	18.938	21.178	20.63	23.07	200.1	1699	6	73.18	4.19	-0.153	1.0	-0.22	2.74	1.00	0.00	0.16	111115
138	"16:09:04"	12459.0	0	1.55	0.015	204	0.764	3.57	33.24	6	1.42	1	2.84	38.16	33.24	40.09	400.37	394.80	18.938	21.180	20.63	23.08	200.1	1700	6	73.18	4.19	-0.153	1.0	-0.22	2.74	1.00	0.00	0.16	111115
139	"16:09:04"	12459.5	0	1.57	0.015	202	0.765	3.58	33.26	6	1.42	1	2.84	38.16	33.26	40.09	400.40	394.79	18.936	21.181	20.63	23.08	200.1	1700	5	73.18	4.19	-0.153	1.0	-0.22	2.74	1.00	0.00	0.16	111115
140	"16:09:05"	12460.0	0	1.58	0.015	202	0.766	3.58	33.26	6	1.42	1	2.84	38.16	33.26	40.09	400.41	394.78	18.934	21.181	20.63	23.08	200.1	1700	5	73.18	4.19	-0.153	0.7	-0.22	2.74	1.00	0.00	0.16	111115
141	"16:09:05"	12460.5	0	1.59	0.0151	201	0.767	3.57	33.25	6	1.42	1	2.84	38.16	33.25	40.09	400.43	394.77	18.932	21.184	20.63	23.08	200.1	1700	5	73.18	4.19	-0.153	0.7	-0.22	2.74	1.00	0.00	0.16	111115
142	"16:09:19"	12474.5	0	1.62	0.0156	204	0.791	3.55	33.18	6	1.42	1	2.84	38.16	33.18	40.09	400.49	394.69	18.908	21.229	20.60	23.13	200.1	1700	6	73.18	4.19	-0.153	1.0	-0.22	2.74	1.00	0.00	0.16	111115
143	"16:09:19"	12474.5	0	1.62	0.0156	204	0.791	3.55	33.18	6	1.42	1	2.84	38.16	33.18	40.09	400.49	394.69	18.908	21.229	20.60	23.13	200.1	1700	6	73.18	4.19	-0.153	1.0	-0.22	2.74	1.00	0.00	0.16	111115
144	"16:09:20"	12475.0	0	1.62	0.0156	204	0.792	3.55	33.19	6	1.42	1	2.84	38.16	33.19	40.09	400.50	394.70	18.908	21.231	20.60	23.13	200.1	1700	6	73.18	4.19	-0.153	1.0	-0.22	2.74	1.00	0.00	0.16	111115
145	"16:09:20"	12475.5	0	1.62	0.0157	204	0.793	3.55	33.17	6	1.42	1	2.84	38.16	33.17	40.09	400.51	394.71	18.907	21.234	20.60	23.14	200.2	1700	6	73.18	4.19	-0.153	1.0	-0.22	2.74	1.00	0.00	0.16	111115
146	"16:09:21"	12476.0	0	1.63	0.0157	204	0.794	3.54	33.15	6	1.42	1	2.84	38.16	33.15	40.09	400.51	394.69	18.907	21.236	20.60	23.14	200.1	1700	6	73.18	4.19	-0.153	1.0	-0.22	2.74	1.00	0.00	0.16	111115
147	"16:09:21"	12476.5	0	1.64	0.0158	203	0.794	3.54	33.15	6	1.42	1	2.84	38.16	33.15	40.09	400.53	394.68	18.907	21.237	20.60	23.14	200.2	1700	6	73.18	4.19	-0.153	1.0	-0.22	2.74	1.00	0.00	0.16	111115
148	"16:09:22"	12477.0	0	1.65	0.0158	203	0.795	3.55	33.17	6	1.42	1	2.84	38.16	33.17	40.09	400.57	394.69	18.907	21.242	20.60	23.15	200.1	1700	6	73.18	4.19	-0.153	1.0	-0.22	2.74	1.00	0.00	0.16	111115
149	"16:09:22"	12477.5	0	1.66	0.0158	201	0.796	3.55	33.17	6	1.42	1	2.84	38.16	33.17	40.09	400.61	394.68	18.907	21.242	20.60	23.15	200.1	1700	6	73.18	4.19	-0.153	1.0	-0.22	2.74	1.00	0.00	0.16	111115
150	"16:09:23"	12478.0	0	1.67	0.0158	201	0.797	3.55	33.17	6	1.42	1	2.84	38.16	33.17	40.09	400.65	394.71	18.906	21.244	20.60	23.15	200.1	1700	6	73.18	4.19	-0.153	1.0	-0.22	2.74	1.00	0.00	0.16	111115
151	"16:09:23"	12478.5	0	1.68	0.0158	200	0.798	3.55	33.17	6	1.42	1	2.84	38.16	33.17	40.09	400.65	394.67	18.905	21.247	20.60	23.15	200.1	1700	6	73.18	4.19	-0.153	1.0	-0.22	2.74	1.00	0.00	0.16	111115
152	"16:09:24"	12479.0	0	1.69	0.0159	200	0.799	3.54	33.15	6	1.42	1	2.84	38.16	33.15	40.09	400.65	394.65	18.904	21.249	20.60	23.15	200.1	1700	6	73.18	4.19	-0.153	1.0	-0.22	2.74	1.00	0.00	0.16	111115
153	"16:09:24"	12479.5	0	1.69	0.0159	199	0.8	3.54	33.14	6	1.42	1	2.84	38.16	33.14	40.09	400.66	394.64	18.903	21.250	20.60	23.15	200.1	1700	6	73.18	4.19	-0.153	1.0	-0.22	2.74	1.00	0.00	0.16	111115
154	"16:09:25"	12480.0	0	1.69	0.0159	200	0.801	3.53	33.12	6	1.42	1	2.84	38.16	33.12	40.09	400.67	394.65	18.902	21.253	20.59	23.15	200.1	1700	6	73.18	4.19	-0.153	1.0	-0.22	2.74	1.00	0.00	0.16	111115
155	"16:09:26"	12481.0	0	1.67	0.016	203	0.803	3.52	33.08	6	1.42	1	2.84	38.16	33.08	40.09	400.64	394.67	18.900	21.257	20.59	23.16	200.1	1700	6	73.18	4.19	-0.153	1.0	-0.22	2.74	1.00	0.00	0.16	111115
156	"16:09:26"	12481.5	0	1.65	0.0161	205	0.805	3.52	33.08	6	1.42	1	2.84	38.16	33.08	40.09	400.59	394.67	18.898	21.260	20.59	23.16	200.1	1700	6	73.18	4.19	-0.153	1.0	-0.22	2.74	1.00	0.00	0.16	111115
"16:09:35 Coolers: Tblock -> 45.00 C"
