"OPEN 6.2.4"
"Thr Jun 30 2016 13:58:43"
<open><version>"6.2.4"</version></open>
<open><configfile>"/User/Configs/UserPrefs/2x3 LED.xml"</configfile></open>
<open><light><source>"6400-02 or -02B LED Source"</source><par_in>1<sensor>"SI-3781"<cal>-0.93<actinity>1.00</actinity><transm>1.00</transm></cal></sensor><transm>1</transm></par_in><par_out>1<sensor>"Q49599"<cal>7.26</cal></sensor></par_out></light></open>
<open><comps><file>"/User/Configs/Comps/StdComps_6.2"<header>""</header><extras></extras></file><energybal>no<f_parIn>1</f_parIn><f_parOut>0</f_parOut><alphaK>0.16</alphaK></energybal><bc_total>2.840<stomatal_ratio>1</stomatal_ratio><bc_oneside>1.420<type>2</type><table>"/Sys/Lib/StdBLCTable"</table><area>6</area><slope>-0.219565</slope><offset>2.73739</offset><fan>5</fan></bc_oneside></bc_total></comps></open>
<open><prompts><onlog>off</onlog><items>"Default (none)"</items></prompts></open>
<open><constants><oxygen>21 %</oxygen><bb_vapor>1.5</bb_vapor><bb_oxy>0.9</bb_oxy></constants></open>
<open><stability><items>"Std Stability"<items[1]><id>-2</id><size>15</size><pcv><onoff>0</onoff><value>1</value></pcv><std><onoff>0</onoff><value>1</value></std><slp><onoff>1</onoff><value>1</value></slp></items[1]><items[2]><id>-5</id><size>15</size><pcv><onoff>0</onoff><value>1</value></pcv><std><onoff>0</onoff><value>1</value></std><slp><onoff>1</onoff><value>1</value></slp></items[2]><items[3]><id>-7</id><size>15</size><pcv><onoff>0</onoff><value>1</value></pcv><std><onoff>0</onoff><value>1</value></std><slp><onoff>1</onoff><value>1</value></slp></items[3]></items></stability></open>
<open><log><format>"StdLogFmt_6.0"<items>{ -35 -21 -36 -76 30 23 36 21 25 221 -33 111 -34 11 -9 -10 -8 -1 -2 -4 -5 -14 -15 -7 -12 -13 -11 -65 -66 -72 -18 -19 -77 -78 -79 -23  }<hdr>{  }</hdr></items></format><options><beep>on</beep><hdr>normal</hdr><rem>normal</rem><stab>no</stab><stats>no<mean>no</mean><file>no</file><period>15</period></stats><excel>yes</excel><controls>yes</controls><comm>no</comm></options><datafile>"/User/063016-stm-lup1"</datafile><button><action>"Normal Log"<code>" LogOneObsManual "</code></action></button><autoprog>"/User/Configs/AutoProgs/AutoLog2"<active>no</active></autoprog></log></open>
<open><a2d><avgtime>4.0 secs</avgtime><userchans><ch20>"Off"</ch20><ch21>"Off"</ch21><ch22>"Off"</ch22><ch23>"Off"</ch23></userchans></a2d></open>
<open><matching><type>0</type><disp>'a'</disp><settings><CO2Limit>10.0</CO2Limit><H2OLimit>1.0</H2OLimit><MaxAutoTime>60</MaxAutoTime></settings></matching></open>
<li6400><factory><unit>"PSC-3840"</unit><serviced>"1 Jul 2013"</serviced><fuseaware>0</fuseaware><co2mixer>yes</co2mixer><co2><coeffs>{ 0 0.213319 2.22998e-05 2.13159e-08 -3.88664e-12 3.69888e-16  }</coeffs><dvdt>-4.7</dvdt><xs>{ 0.0009 -0.0002  }</xs></co2><h2o><coeffs>{ 0 0.00572751 2.23485e-06 -7.37877e-12  }</coeffs><dvdt>-1.7</dvdt><xs>{ 0.0009 -0.0028  }</xs></h2o><flow>{ 0 0.3568  }</flow><press>{ 88.437 0.00551  }</press></factory></li6400>
<li6400><user><flow_zero>-898.4</flow_zero><irga_zero><co2>468.8 234.4<at>18.1598</at></co2><h2o>78.1 156.2<at>17.1607</at></h2o></irga_zero><irga_span><co2>{ 0.99237 0.992833  }</co2><h2o>{ 1.00426 0.996799  }</h2o></irga_span><irga_match><co2>{ 0.940565 1.82308  }</co2><h2o>{ 0.00477181 -0.0407951  }</h2o></irga_match><co2_mixer><pump_mv>4500</pump_mv><ppm>{ 2938.24 1287.24 480.57 287.911 131.964 79.0122 54.4649 48.1774  }</ppm><mv>{ 5000 3000 1500 1000 500 300 200 100  }</mv></co2_mixer><parin_offset>0</parin_offset><led_cal><unit>"SI-3781"</unit><mv>{ 10 25 50 100 1000 2000 3000 4000 5000  }</mv><qntm>{ 4.69642 15.4417 35.4805 82.2863 972.665 1922.29 2824.32 3690.14 4518.2  }</qntm></led_cal><lcf_cal><unit>"unknown"</unit><red><mv>{ 50 100 500 1000 1500 5000  }</mv><qntm>{ 50 100 500 1000 2000 5000  }</qntm></red><blue><mv>{ 100 200 500 1000 2000 5000  }</mv><qntm>{ 10 20 50 100 200 500  }</qntm></blue></lcf_cal></user></li6400>
"13:58:44 "
$STARTOFDATA$
"Obs"	"HHMMSS"	"FTime"	"EBal?"	"Photo"	"Cond"	"Ci"	"Trmmol"	"VpdL"	"CTleaf"	"Area"	"BLC_1"	"StmRat"	"BLCond"	"Tair"	"Tleaf"	"TBlk"	"CO2R"	"CO2S"	"H2OR"	"H2OS"	"RH_R"	"RH_S"	"Flow"	"PARi"	"PARo"	"Press"	"CsMch"	"HsMch"	"StableF"	"BLCslope"	"BLCoffst"	"f_parin"	"f_parout"	"alphaK"	"Status"
"13:59:17 Coolers: Tblock -> 0.00 C"
"14:09:15 Coolers: Tblock -> 0.01 C"
"14:11:02 Flow: Fixed -> 500 umol/s"
1	"14:13:51"	928.5	0	8.63	0.0982	238	1.15	0.875	8.82	6	1.42	1	2.84	2.59	8.82	0.04	400.10	389.21	2.232	3.603	22.09	35.65	500.0	1701	8	73.13	1.29	0.0507	1.0	-0.22	2.74	1.00	0.00	0.16	111115
2	"14:13:51"	928.5	0	8.63	0.0982	238	1.15	0.875	8.82	6	1.42	1	2.84	2.59	8.82	0.04	400.10	389.21	2.232	3.603	22.09	35.65	500.0	1701	8	73.13	1.29	0.0507	1.0	-0.22	2.74	1.00	0.00	0.16	111115
3	"14:13:52"	929.0	0	8.63	0.0981	238	1.15	0.876	8.83	6	1.42	1	2.84	2.59	8.83	0.04	400.11	389.21	2.232	3.603	22.09	35.65	500.0	1701	7	73.13	1.29	0.0507	1.0	-0.22	2.74	1.00	0.00	0.16	111115
4	"14:13:52"	929.5	0	8.63	0.0981	238	1.15	0.875	8.82	6	1.42	1	2.84	2.58	8.82	0.04	400.09	389.20	2.232	3.602	22.09	35.65	500.0	1701	7	73.13	1.29	0.0507	1.0	-0.22	2.74	1.00	0.00	0.16	111115
5	"14:13:53"	930.0	0	8.61	0.0979	238	1.15	0.876	8.83	6	1.42	1	2.84	2.58	8.83	0.04	400.06	389.19	2.232	3.601	22.09	35.64	500.0	1701	7	73.13	1.29	0.0507	1.0	-0.22	2.74	1.00	0.00	0.16	111115
6	"14:13:53"	930.5	0	8.61	0.0979	238	1.15	0.876	8.83	6	1.42	1	2.84	2.58	8.83	0.04	400.04	389.18	2.232	3.601	22.09	35.64	500.0	1701	8	73.13	1.29	0.0507	1.0	-0.22	2.74	1.00	0.00	0.16	111115
7	"14:13:54"	931.0	0	8.61	0.0978	238	1.14	0.876	8.84	6	1.42	1	2.84	2.59	8.84	0.04	400.04	389.17	2.233	3.601	22.10	35.64	500.0	1701	8	73.13	1.29	0.0507	1.0	-0.22	2.74	1.00	0.00	0.16	111115
8	"14:13:54"	931.5	0	8.6	0.0979	238	1.15	0.876	8.83	6	1.42	1	2.84	2.58	8.83	0.04	400.03	389.17	2.233	3.602	22.10	35.65	500.0	1701	8	73.13	1.29	0.0507	1.0	-0.22	2.74	1.00	0.00	0.16	111115
9	"14:13:55"	932.0	0	8.6	0.098	239	1.14	0.875	8.82	6	1.42	1	2.84	2.58	8.82	0.04	400.02	389.17	2.233	3.601	22.10	35.64	500.0	1701	7	73.13	1.29	0.0507	1.0	-0.22	2.74	1.00	0.00	0.16	111115
10	"14:13:55"	932.5	0	8.62	0.0981	238	1.15	0.875	8.82	6	1.42	1	2.84	2.58	8.82	0.05	400.07	389.20	2.233	3.602	22.10	35.65	500.1	1701	7	73.13	1.29	0.0507	1.0	-0.22	2.74	1.00	0.00	0.16	111115
11	"14:13:56"	933.0	0	8.65	0.0981	238	1.15	0.874	8.81	6	1.42	1	2.84	2.58	8.81	0.05	400.10	389.19	2.234	3.603	22.11	35.66	500.1	1701	7	73.13	1.29	0.0507	1.0	-0.22	2.74	1.00	0.00	0.16	111115
12	"14:13:56"	933.5	0	8.66	0.0982	238	1.15	0.874	8.81	6	1.42	1	2.84	2.58	8.81	0.05	400.15	389.22	2.234	3.604	22.11	35.67	500.1	1701	7	73.13	1.29	0.0507	1.0	-0.22	2.74	1.00	0.00	0.16	111115
13	"14:13:57"	934.0	0	8.67	0.0983	238	1.14	0.873	8.80	6	1.42	1	2.84	2.58	8.80	0.05	400.17	389.24	2.234	3.603	22.12	35.66	500.1	1701	7	73.13	1.29	0.0507	1.0	-0.22	2.74	1.00	0.00	0.16	111115
14	"14:13:57"	934.5	0	8.67	0.0984	238	1.15	0.873	8.79	6	1.42	1	2.84	2.58	8.79	0.05	400.20	389.26	2.234	3.604	22.12	35.67	500.1	1701	7	73.13	1.29	0.0507	1.0	-0.22	2.74	1.00	0.00	0.16	111115
15	"14:13:58"	935.0	0	8.65	0.0985	239	1.15	0.872	8.79	6	1.42	1	2.84	2.58	8.79	0.05	400.19	389.28	2.234	3.605	22.11	35.68	500.1	1701	7	73.13	1.29	0.0507	1.0	-0.22	2.74	1.00	0.00	0.16	111115
"14:14:26 Lamp: ParIn ->  1700 uml"
"14:14:26 CO2 Mixer: CO2R -> 400 uml"
"14:14:26 Coolers: Tblock -> 0.01 C"
"14:14:26 Flow: Fixed -> 500 umol/s"
"14:14:39 Coolers: Tblock -> 5.00 C"
"14:17:23 Flow: Fixed -> 500 umol/s"
16	"14:18:45"	1222.5	0	8.99	0.0954	227	1.26	0.986	11.01	6	1.42	1	2.84	6.57	11.01	5.13	399.81	388.43	3.033	4.537	22.72	33.99	500.0	1701	7	73.12	0.633	0.0385	1.0	-0.22	2.74	1.00	0.00	0.16	111115
17	"14:18:45"	1222.5	0	8.99	0.0954	227	1.26	0.986	11.01	6	1.42	1	2.84	6.57	11.01	5.13	399.81	388.43	3.033	4.537	22.72	33.99	500.0	1701	7	73.12	0.633	0.0385	1.0	-0.22	2.74	1.00	0.00	0.16	111115
18	"14:18:46"	1222.5	0	8.99	0.0954	227	1.26	0.986	11.01	6	1.42	1	2.84	6.57	11.01	5.13	399.81	388.43	3.033	4.537	22.72	33.99	500.0	1701	7	73.12	0.633	0.0385	1.0	-0.22	2.74	1.00	0.00	0.16	111115
19	"14:18:46"	1223.0	0	8.99	0.0954	227	1.26	0.987	11.02	6	1.42	1	2.84	6.57	11.02	5.13	399.82	388.44	3.033	4.538	22.72	33.99	500.0	1701	7	73.12	0.633	0.0385	1.0	-0.22	2.74	1.00	0.00	0.16	111115
20	"14:18:47"	1223.5	0	8.99	0.0953	226	1.26	0.988	11.03	6	1.42	1	2.84	6.57	11.03	5.13	399.82	388.44	3.033	4.537	22.72	33.99	500.0	1701	7	73.12	0.633	0.0385	1.0	-0.22	2.74	1.00	0.00	0.16	111115
21	"14:18:47"	1224.0	0	8.99	0.0952	226	1.26	0.989	11.03	6	1.42	1	2.84	6.57	11.03	5.13	399.79	388.42	3.033	4.537	22.72	33.98	500.0	1701	7	73.12	0.633	0.0385	1.0	-0.22	2.74	1.00	0.00	0.16	111115
22	"14:18:48"	1224.5	0	8.97	0.0952	227	1.26	0.988	11.03	6	1.42	1	2.84	6.57	11.03	5.13	399.79	388.44	3.033	4.537	22.72	33.98	500.0	1701	7	73.12	0.633	0.0385	1.0	-0.22	2.74	1.00	0.00	0.16	111115
23	"14:18:48"	1225.0	0	8.95	0.0953	227	1.26	0.988	11.02	6	1.42	1	2.84	6.57	11.02	5.13	399.76	388.43	3.032	4.538	22.71	33.99	500.0	1701	7	73.12	0.633	0.0385	1.0	-0.22	2.74	1.00	0.00	0.16	111115
24	"14:18:49"	1225.5	0	8.96	0.0954	227	1.26	0.987	11.02	6	1.42	1	2.84	6.57	11.02	5.13	399.75	388.41	3.032	4.538	22.71	33.99	500.0	1701	7	73.12	0.633	0.0385	1.0	-0.22	2.74	1.00	0.00	0.16	111115
25	"14:18:49"	1226.0	0	8.98	0.0955	227	1.26	0.986	11.01	6	1.42	1	2.84	6.57	11.01	5.14	399.76	388.40	3.033	4.538	22.71	33.99	500.0	1701	7	73.12	0.633	0.0385	1.0	-0.22	2.74	1.00	0.00	0.16	111115
26	"14:18:50"	1226.5	0	8.96	0.0956	227	1.26	0.985	11.00	6	1.42	1	2.84	6.57	11.00	5.13	399.78	388.44	3.033	4.538	22.71	33.99	500.0	1701	7	73.12	0.633	0.0385	1.0	-0.22	2.74	1.00	0.00	0.16	111115
27	"14:18:50"	1227.0	0	8.96	0.0956	227	1.26	0.985	11.00	6	1.42	1	2.84	6.57	11.00	5.14	399.77	388.44	3.033	4.539	22.72	33.99	500.0	1701	7	73.12	0.633	0.0385	1.0	-0.22	2.74	1.00	0.00	0.16	111115
28	"14:18:51"	1227.5	0	8.99	0.0956	227	1.26	0.984	10.98	6	1.42	1	2.84	6.57	10.98	5.14	399.81	388.43	3.034	4.539	22.72	33.99	500.0	1701	7	73.12	0.633	0.0385	1.0	-0.22	2.74	1.00	0.00	0.16	111115
29	"14:18:51"	1228.0	0	8.98	0.0957	227	1.26	0.984	10.99	6	1.42	1	2.84	6.57	10.99	5.14	399.82	388.46	3.034	4.539	22.73	34.00	500.0	1701	7	73.12	0.633	0.0385	1.0	-0.22	2.74	1.00	0.00	0.16	111115
30	"14:18:52"	1228.5	0	8.98	0.0956	227	1.26	0.985	10.99	6	1.42	1	2.84	6.57	10.99	5.14	399.82	388.46	3.035	4.540	22.73	34.00	500.0	1701	7	73.12	0.633	0.0385	1.0	-0.22	2.74	1.00	0.00	0.16	111115
"14:19:04 Coolers: Tblock -> 10.00 C"
"14:22:17 Flow: Fixed -> 500 umol/s"
31	"14:22:33"	1451.0	0	9.17	0.0993	229	1.43	1.08	13.39	6	1.42	1	2.84	10.62	13.39	10.02	400.46	388.78	4.659	6.367	26.53	36.25	500.0	1701	6	73.12	0.686	0.0166	1.0	-0.22	2.74	1.00	0.00	0.16	111115
32	"14:22:34"	1451.0	0	9.17	0.0993	229	1.43	1.08	13.39	6	1.42	1	2.84	10.62	13.39	10.02	400.46	388.78	4.659	6.367	26.53	36.25	500.0	1701	6	73.12	0.686	0.0166	1.0	-0.22	2.74	1.00	0.00	0.16	111115
33	"14:22:34"	1451.0	0	9.17	0.0993	229	1.43	1.08	13.39	6	1.42	1	2.84	10.62	13.39	10.02	400.46	388.78	4.659	6.367	26.53	36.25	500.0	1701	6	73.12	0.686	0.0166	1.0	-0.22	2.74	1.00	0.00	0.16	111115
34	"14:22:35"	1451.5	0	9.2	0.0993	229	1.43	1.08	13.40	6	1.42	1	2.84	10.62	13.40	10.02	400.48	388.77	4.659	6.368	26.52	36.25	500.0	1701	6	73.12	0.686	0.0166	1.0	-0.22	2.74	1.00	0.00	0.16	111115
35	"14:22:35"	1452.0	0	9.22	0.0994	228	1.43	1.08	13.41	6	1.42	1	2.84	10.62	13.41	10.02	400.50	388.76	4.659	6.370	26.52	36.27	500.0	1701	6	73.12	0.686	0.0166	1.0	-0.22	2.74	1.00	0.00	0.16	111115
36	"14:22:36"	1452.5	0	9.23	0.0993	228	1.43	1.08	13.41	6	1.42	1	2.84	10.62	13.41	10.02	400.52	388.79	4.660	6.370	26.53	36.26	500.0	1701	6	73.12	0.686	0.0166	1.0	-0.22	2.74	1.00	0.00	0.16	111115
37	"14:22:36"	1453.0	0	9.24	0.0994	228	1.43	1.08	13.40	6	1.42	1	2.84	10.62	13.40	10.02	400.53	388.77	4.660	6.371	26.53	36.26	500.0	1701	6	73.12	0.686	0.0166	1.0	-0.22	2.74	1.00	0.00	0.16	111115
38	"14:22:37"	1453.5	0	9.23	0.0995	228	1.44	1.08	13.40	6	1.42	1	2.84	10.62	13.40	10.02	400.52	388.77	4.660	6.372	26.53	36.27	500.0	1701	6	73.12	0.686	0.0166	1.0	-0.22	2.74	1.00	0.00	0.16	111115
39	"14:22:37"	1454.0	0	9.27	0.0996	228	1.44	1.08	13.41	6	1.42	1	2.84	10.62	13.41	10.02	400.53	388.73	4.659	6.374	26.52	36.28	500.0	1701	6	73.12	0.686	0.0166	1.0	-0.22	2.74	1.00	0.00	0.16	111115
40	"14:22:37"	1454.5	0	9.29	0.0996	228	1.44	1.08	13.41	6	1.42	1	2.84	10.62	13.41	10.02	400.55	388.73	4.660	6.374	26.52	36.28	500.0	1701	6	73.12	0.686	0.0166	1.0	-0.22	2.74	1.00	0.00	0.16	111115
41	"14:22:38"	1455.0	0	9.31	0.0996	227	1.44	1.08	13.40	6	1.42	1	2.84	10.62	13.40	10.02	400.57	388.73	4.660	6.374	26.52	36.28	500.0	1701	6	73.12	0.686	0.0166	1.0	-0.22	2.74	1.00	0.00	0.16	111115
42	"14:22:38"	1455.5	0	9.32	0.0997	227	1.44	1.08	13.40	6	1.42	1	2.84	10.62	13.40	10.02	400.60	388.74	4.660	6.375	26.52	36.28	500.0	1701	6	73.12	0.686	0.0166	1.0	-0.22	2.74	1.00	0.00	0.16	111115
43	"14:22:39"	1456.0	0	9.33	0.0996	227	1.44	1.08	13.40	6	1.42	1	2.84	10.62	13.40	10.02	400.62	388.76	4.661	6.374	26.52	36.28	500.1	1701	6	73.12	0.686	0.0166	1.0	-0.22	2.74	1.00	0.00	0.16	111115
44	"14:22:39"	1456.5	0	9.33	0.0996	227	1.44	1.08	13.40	6	1.42	1	2.84	10.62	13.40	10.02	400.61	388.75	4.661	6.375	26.52	36.28	500.1	1701	6	73.12	0.686	0.0166	1.0	-0.22	2.74	1.00	0.00	0.16	111115
45	"14:22:40"	1457.0	0	9.33	0.0997	227	1.44	1.08	13.40	6	1.42	1	2.84	10.62	13.40	10.02	400.62	388.75	4.661	6.375	26.52	36.28	500.1	1701	6	73.12	0.686	0.0166	1.0	-0.22	2.74	1.00	0.00	0.16	111115
"14:22:49 Coolers: Tblock -> 15.00 C"
"14:25:46 Flow: Fixed -> 500 umol/s"
46	"14:26:06"	1663.0	0	9.49	0.101	226	1.77	1.3	15.79	6	1.42	1	2.84	14.86	15.79	15.10	401.37	389.15	4.691	6.801	20.22	29.32	500.0	1700	6	73.11	0.802	-0.000215	1.0	-0.22	2.74	1.00	0.00	0.16	111115
47	"14:26:06"	1663.0	0	9.49	0.101	226	1.77	1.3	15.79	6	1.42	1	2.84	14.86	15.79	15.10	401.37	389.15	4.691	6.801	20.22	29.32	500.0	1700	6	73.11	0.802	-0.000215	1.0	-0.22	2.74	1.00	0.00	0.16	111115
48	"14:26:06"	1663.5	0	9.52	0.101	225	1.77	1.3	15.79	6	1.42	1	2.84	14.86	15.79	15.10	401.38	389.13	4.691	6.801	20.22	29.32	500.0	1700	6	73.11	0.802	-0.000215	1.0	-0.22	2.74	1.00	0.00	0.16	111115
49	"14:26:07"	1663.5	0	9.52	0.101	225	1.77	1.3	15.79	6	1.42	1	2.84	14.86	15.79	15.10	401.38	389.13	4.691	6.801	20.22	29.32	500.0	1700	6	73.11	0.802	-0.000215	1.0	-0.22	2.74	1.00	0.00	0.16	111115
50	"14:26:07"	1664.0	0	9.53	0.101	225	1.77	1.3	15.78	6	1.42	1	2.84	14.86	15.78	15.10	401.39	389.12	4.691	6.802	20.22	29.32	500.0	1700	6	73.11	0.802	-0.000215	1.0	-0.22	2.74	1.00	0.00	0.16	111115
51	"14:26:08"	1664.5	0	9.53	0.101	225	1.77	1.3	15.79	6	1.42	1	2.84	14.86	15.79	15.10	401.40	389.14	4.691	6.802	20.22	29.32	500.0	1700	6	73.11	0.802	-0.000215	1.0	-0.22	2.74	1.00	0.00	0.16	111115
52	"14:26:08"	1665.0	0	9.55	0.101	225	1.77	1.3	15.79	6	1.42	1	2.84	14.86	15.79	15.10	401.40	389.12	4.692	6.803	20.22	29.32	500.0	1700	6	73.11	0.802	-0.000215	1.0	-0.22	2.74	1.00	0.00	0.16	111115
53	"14:26:09"	1665.5	0	9.49	0.101	226	1.77	1.3	15.79	6	1.42	1	2.84	14.86	15.79	15.10	401.36	389.15	4.693	6.802	20.22	29.31	500.0	1700	6	73.11	0.802	-0.000215	1.0	-0.22	2.74	1.00	0.00	0.16	111115
54	"14:26:09"	1666.0	0	9.49	0.101	226	1.77	1.3	15.79	6	1.42	1	2.84	14.87	15.79	15.10	401.35	389.13	4.694	6.802	20.23	29.31	500.0	1700	7	73.11	0.802	-0.000215	1.0	-0.22	2.74	1.00	0.00	0.16	111115
55	"14:26:10"	1666.5	0	9.49	0.101	225	1.77	1.3	15.80	6	1.42	1	2.84	14.87	15.80	15.10	401.35	389.13	4.694	6.801	20.23	29.31	500.0	1700	7	73.11	0.802	-0.000215	1.0	-0.22	2.74	1.00	0.00	0.16	111115
56	"14:26:10"	1667.0	0	9.45	0.101	226	1.77	1.3	15.80	6	1.42	1	2.84	14.87	15.80	15.10	401.32	389.16	4.693	6.802	20.22	29.31	500.0	1700	7	73.11	0.802	-0.000215	1.0	-0.22	2.74	1.00	0.00	0.16	111115
57	"14:26:11"	1667.5	0	9.45	0.101	226	1.77	1.3	15.80	6	1.42	1	2.84	14.87	15.80	15.10	401.32	389.15	4.694	6.802	20.22	29.30	500.0	1700	7	73.11	0.802	-0.000215	1.0	-0.22	2.74	1.00	0.00	0.16	111115
58	"14:26:11"	1668.0	0	9.46	0.101	226	1.77	1.3	15.80	6	1.42	1	2.84	14.87	15.80	15.10	401.31	389.14	4.695	6.802	20.22	29.30	500.0	1700	6	73.11	0.802	-0.000215	1.0	-0.22	2.74	1.00	0.00	0.16	111115
59	"14:26:12"	1668.5	0	9.45	0.101	226	1.77	1.3	15.80	6	1.42	1	2.84	14.87	15.80	15.10	401.29	389.13	4.695	6.800	20.22	29.29	500.0	1700	6	73.11	0.802	-0.000215	1.0	-0.22	2.74	1.00	0.00	0.16	111115
60	"14:26:12"	1669.0	0	9.45	0.101	226	1.77	1.31	15.81	6	1.42	1	2.84	14.87	15.81	15.10	401.29	389.12	4.695	6.800	20.22	29.29	500.0	1700	6	73.11	0.802	-0.000215	1.0	-0.22	2.74	1.00	0.00	0.16	111115
"14:26:22 Coolers: Tblock -> 20.00 C"
"14:26:33 Coolers: Tblock -> 15.00 C"
"14:27:46 Flow: Fixed -> 500 umol/s"
61	"14:28:14"	1792.0	0	9.58	0.103	226	1.74	1.25	16.50	6	1.42	1	2.84	15.12	16.50	15.10	400.32	388.01	6.574	8.640	27.87	36.63	500.0	1699	6	73.11	1.07	-0.0106	1.0	-0.22	2.74	1.00	0.00	0.16	111115
62	"14:28:14"	1792.0	0	9.58	0.103	226	1.74	1.25	16.50	6	1.42	1	2.84	15.12	16.50	15.10	400.32	388.01	6.574	8.640	27.87	36.63	500.0	1699	6	73.11	1.07	-0.0106	1.0	-0.22	2.74	1.00	0.00	0.16	111115
63	"14:28:15"	1792.0	0	9.58	0.103	226	1.74	1.25	16.50	6	1.42	1	2.84	15.12	16.50	15.10	400.32	388.01	6.574	8.640	27.87	36.63	500.0	1699	6	73.11	1.07	-0.0106	1.0	-0.22	2.74	1.00	0.00	0.16	111115
64	"14:28:15"	1792.5	0	9.56	0.103	227	1.74	1.25	16.50	6	1.42	1	2.84	15.12	16.50	15.10	400.32	388.03	6.575	8.642	27.87	36.64	500.0	1699	7	73.11	1.07	-0.0106	1.0	-0.22	2.74	1.00	0.00	0.16	111115
65	"14:28:16"	1793.0	0	9.56	0.103	227	1.74	1.25	16.50	6	1.42	1	2.84	15.12	16.50	15.10	400.31	388.03	6.576	8.643	27.88	36.64	500.0	1699	7	73.11	1.07	-0.0106	1.0	-0.22	2.74	1.00	0.00	0.16	111115
66	"14:28:16"	1793.5	0	9.57	0.103	227	1.74	1.25	16.50	6	1.42	1	2.84	15.12	16.50	15.10	400.31	388.02	6.576	8.644	27.88	36.64	500.0	1699	7	73.11	1.07	-0.0106	1.0	-0.22	2.74	1.00	0.00	0.16	111115
67	"14:28:17"	1794.0	0	9.54	0.104	228	1.74	1.25	16.49	6	1.42	1	2.84	15.12	16.49	15.10	400.31	388.05	6.576	8.645	27.88	36.65	500.0	1699	7	73.11	1.07	-0.0106	1.0	-0.22	2.74	1.00	0.00	0.16	111115
68	"14:28:17"	1794.5	0	9.55	0.104	227	1.74	1.25	16.49	6	1.42	1	2.84	15.12	16.49	15.10	400.33	388.05	6.576	8.647	27.87	36.65	500.0	1699	7	73.11	1.07	-0.0106	1.0	-0.22	2.74	1.00	0.00	0.16	111115
69	"14:28:17"	1795.0	0	9.53	0.104	228	1.74	1.25	16.49	6	1.42	1	2.84	15.12	16.49	15.10	400.32	388.08	6.577	8.648	27.88	36.65	500.0	1699	7	73.11	1.07	-0.0106	1.0	-0.22	2.74	1.00	0.00	0.16	111115
70	"14:28:18"	1795.5	0	9.53	0.104	228	1.74	1.25	16.49	6	1.42	1	2.84	15.12	16.49	15.10	400.33	388.08	6.577	8.648	27.88	36.65	500.0	1699	6	73.11	1.07	-0.0106	1.0	-0.22	2.74	1.00	0.00	0.16	111115
71	"14:28:18"	1796.0	0	9.55	0.104	228	1.74	1.25	16.49	6	1.42	1	2.84	15.12	16.49	15.10	400.38	388.10	6.577	8.649	27.87	36.66	500.0	1699	6	73.11	1.07	-0.0106	1.0	-0.22	2.74	1.00	0.00	0.16	111115
72	"14:28:19"	1796.5	0	9.57	0.104	227	1.74	1.25	16.49	6	1.42	1	2.84	15.12	16.49	15.10	400.38	388.08	6.577	8.648	27.87	36.65	500.0	1699	6	73.11	1.07	-0.0106	1.0	-0.22	2.74	1.00	0.00	0.16	111115
73	"14:28:19"	1797.0	0	9.57	0.104	227	1.74	1.25	16.49	6	1.42	1	2.84	15.12	16.49	15.10	400.38	388.09	6.577	8.649	27.87	36.65	500.0	1699	6	73.11	1.07	-0.0106	1.0	-0.22	2.74	1.00	0.00	0.16	111115
74	"14:28:20"	1797.5	0	9.59	0.104	227	1.74	1.25	16.49	6	1.42	1	2.84	15.12	16.49	15.10	400.39	388.07	6.577	8.649	27.87	36.65	500.1	1699	6	73.11	1.07	-0.0106	1.0	-0.22	2.74	1.00	0.00	0.16	111115
75	"14:28:20"	1798.0	0	9.63	0.104	226	1.74	1.25	16.49	6	1.42	1	2.84	15.13	16.49	15.10	400.40	388.04	6.577	8.650	27.87	36.65	500.1	1699	6	73.11	1.07	-0.0106	1.0	-0.22	2.74	1.00	0.00	0.16	111115
"14:28:31 Coolers: Tblock -> 20.00 C"
"14:32:26 Flow: Fixed -> 500 umol/s"
76	"14:32:56"	2073.5	0	9.8	0.107	226	2.04	1.42	19.10	6	1.42	1	2.84	19.39	19.10	19.99	400.17	387.45	8.455	10.880	27.36	35.21	499.9	1700	8	73.1	1.3	-0.0492	1.0	-0.22	2.74	1.00	0.00	0.16	111115
77	"14:32:56"	2073.5	0	9.8	0.107	226	2.04	1.42	19.10	6	1.42	1	2.84	19.39	19.10	19.99	400.17	387.45	8.455	10.880	27.36	35.21	499.9	1700	8	73.1	1.3	-0.0492	1.0	-0.22	2.74	1.00	0.00	0.16	111115
78	"14:32:57"	2074.0	0	9.81	0.107	226	2.04	1.42	19.10	6	1.42	1	2.84	19.39	19.10	19.99	400.17	387.45	8.455	10.882	27.36	35.22	499.9	1700	8	73.1	1.3	-0.0492	1.0	-0.22	2.74	1.00	0.00	0.16	111115
79	"14:32:57"	2074.5	0	9.83	0.107	226	2.05	1.42	19.11	6	1.42	1	2.84	19.39	19.11	19.99	400.20	387.46	8.455	10.883	27.36	35.22	499.9	1700	8	73.1	1.3	-0.0492	1.0	-0.22	2.74	1.00	0.00	0.16	111115
80	"14:32:58"	2075.0	0	9.85	0.107	225	2.05	1.42	19.11	6	1.42	1	2.84	19.39	19.11	19.99	400.22	387.45	8.455	10.883	27.36	35.21	500.0	1700	8	73.1	1.3	-0.0492	1.0	-0.22	2.74	1.00	0.00	0.16	111115
81	"14:32:58"	2075.0	0	9.85	0.107	225	2.05	1.42	19.11	6	1.42	1	2.84	19.39	19.11	19.99	400.22	387.45	8.455	10.883	27.36	35.21	500.0	1700	8	73.1	1.3	-0.0492	1.0	-0.22	2.74	1.00	0.00	0.16	111115
82	"14:32:58"	2075.5	0	9.84	0.107	226	2.05	1.42	19.11	6	1.42	1	2.84	19.39	19.11	19.98	400.22	387.46	8.456	10.886	27.36	35.22	500.0	1700	8	73.1	1.3	-0.0492	1.0	-0.22	2.74	1.00	0.00	0.16	111115
83	"14:32:59"	2076.0	0	9.82	0.107	226	2.05	1.42	19.11	6	1.42	1	2.84	19.39	19.11	19.99	400.21	387.47	8.456	10.888	27.36	35.22	500.0	1700	8	73.1	1.3	-0.0492	1.0	-0.22	2.74	1.00	0.00	0.16	111115
84	"14:32:59"	2076.5	0	9.83	0.107	226	2.05	1.43	19.12	6	1.42	1	2.84	19.39	19.12	19.99	400.20	387.45	8.455	10.889	27.35	35.22	500.0	1700	8	73.1	1.3	-0.0492	1.0	-0.22	2.74	1.00	0.00	0.16	111115
85	"14:33:00"	2077.0	0	9.84	0.107	226	2.05	1.43	19.12	6	1.42	1	2.84	19.39	19.12	19.99	400.22	387.45	8.455	10.890	27.35	35.22	500.0	1700	8	73.1	1.3	-0.0492	1.0	-0.22	2.74	1.00	0.00	0.16	111115
86	"14:33:00"	2077.5	0	9.89	0.107	225	2.05	1.43	19.12	6	1.42	1	2.84	19.40	19.12	19.99	400.22	387.41	8.456	10.889	27.35	35.22	500.0	1700	8	73.1	1.3	-0.0492	1.0	-0.22	2.74	1.00	0.00	0.16	111115
87	"14:33:01"	2078.0	0	9.9	0.107	225	2.05	1.43	19.12	6	1.42	1	2.84	19.40	19.12	19.99	400.24	387.40	8.457	10.889	27.35	35.22	500.0	1700	8	73.1	1.3	-0.0492	1.0	-0.22	2.74	1.00	0.00	0.16	111115
88	"14:33:01"	2078.5	0	9.91	0.107	224	2.05	1.43	19.12	6	1.42	1	2.84	19.40	19.12	19.99	400.23	387.39	8.457	10.889	27.35	35.22	500.0	1700	8	73.1	1.3	-0.0492	1.0	-0.22	2.74	1.00	0.00	0.16	111115
89	"14:33:02"	2079.0	0	9.9	0.107	225	2.05	1.43	19.12	6	1.42	1	2.84	19.40	19.12	19.99	400.22	387.39	8.457	10.890	27.35	35.22	500.0	1700	8	73.1	1.3	-0.0492	1.0	-0.22	2.74	1.00	0.00	0.16	111115
90	"14:33:02"	2079.5	0	9.9	0.107	224	2.05	1.43	19.12	6	1.42	1	2.84	19.40	19.12	19.99	400.19	387.36	8.456	10.888	27.34	35.21	500.0	1700	8	73.1	1.3	-0.0492	1.0	-0.22	2.74	1.00	0.00	0.16	111115
"14:33:13 Coolers: Tblock -> 25.00 C"
"14:38:06 Flow: Fixed -> 500 umol/s"
91	"14:39:10"	2447.5	0	9.46	0.0995	218	2.26	1.67	22.29	6	1.42	1	2.84	24.01	22.29	25.06	398.96	386.56	11.404	14.074	27.81	34.32	500.1	1700	8	73.09	1.98	-0.0976	1.0	-0.22	2.74	1.00	0.00	0.16	111115
92	"14:39:11"	2448.5	0	9.46	0.0997	219	2.26	1.67	22.27	6	1.42	1	2.84	24.01	22.27	25.06	398.96	386.56	11.404	14.073	27.81	34.32	500.0	1700	8	73.09	1.98	-0.0976	1.0	-0.22	2.74	1.00	0.00	0.16	111115
93	"14:39:11"	2449.0	0	9.45	0.0997	219	2.26	1.67	22.26	6	1.42	1	2.84	24.01	22.26	25.06	398.93	386.55	11.403	14.072	27.81	34.32	500.0	1700	8	73.09	1.98	-0.0976	1.0	-0.22	2.74	1.00	0.00	0.16	111115
94	"14:39:12"	2449.0	0	9.45	0.0997	219	2.26	1.67	22.26	6	1.42	1	2.84	24.01	22.26	25.06	398.93	386.55	11.403	14.072	27.81	34.32	500.0	1700	8	73.09	1.98	-0.0976	1.0	-0.22	2.74	1.00	0.00	0.16	111115
95	"14:39:12"	2449.5	0	9.43	0.0997	219	2.26	1.67	22.26	6	1.42	1	2.84	24.01	22.26	25.05	398.91	386.55	11.403	14.071	27.81	34.31	500.0	1700	8	73.09	1.98	-0.0976	1.0	-0.22	2.74	1.00	0.00	0.16	111115
96	"14:39:13"	2450.0	0	9.45	0.0997	219	2.26	1.67	22.26	6	1.42	1	2.84	24.01	22.26	25.06	398.92	386.53	11.403	14.071	27.80	34.31	500.0	1700	8	73.09	1.98	-0.0976	1.0	-0.22	2.74	1.00	0.00	0.16	111115
97	"14:39:13"	2450.5	0	9.51	0.0998	218	2.26	1.67	22.25	6	1.42	1	2.84	24.01	22.25	25.06	398.96	386.50	11.402	14.071	27.80	34.31	500.0	1700	8	73.09	1.98	-0.0976	1.0	-0.22	2.74	1.00	0.00	0.16	111115
98	"14:39:14"	2451.0	0	9.46	0.0998	219	2.25	1.67	22.25	6	1.42	1	2.84	24.01	22.25	25.06	398.92	386.51	11.402	14.070	27.80	34.30	500.0	1700	8	73.09	1.98	-0.0976	1.0	-0.22	2.74	1.00	0.00	0.16	111115
99	"14:39:14"	2451.5	0	9.47	0.0999	219	2.26	1.67	22.25	6	1.42	1	2.84	24.01	22.25	25.06	398.90	386.50	11.401	14.070	27.80	34.31	500.0	1700	8	73.09	1.98	-0.0976	1.0	-0.22	2.74	1.00	0.00	0.16	111115
100	"14:39:14"	2452.0	0	9.49	0.1	219	2.26	1.66	22.24	6	1.42	1	2.84	24.01	22.24	25.06	398.92	386.49	11.400	14.070	27.79	34.30	500.0	1700	8	73.09	1.98	-0.0976	1.0	-0.22	2.74	1.00	0.00	0.16	111115
101	"14:39:15"	2452.5	0	9.47	0.0999	219	2.26	1.66	22.24	6	1.42	1	2.84	24.02	22.24	25.06	398.91	386.51	11.400	14.068	27.79	34.30	500.0	1700	8	73.09	1.98	-0.0976	1.0	-0.22	2.74	1.00	0.00	0.16	111115
102	"14:39:15"	2453.0	0	9.48	0.1	219	2.25	1.66	22.23	6	1.42	1	2.84	24.02	22.23	25.06	398.94	386.52	11.400	14.068	27.79	34.30	500.0	1700	8	73.09	1.98	-0.0976	1.0	-0.22	2.74	1.00	0.00	0.16	111115
103	"14:39:16"	2453.5	0	9.48	0.1	219	2.26	1.66	22.23	6	1.42	1	2.84	24.02	22.23	25.06	398.95	386.53	11.401	14.069	27.79	34.30	500.0	1700	8	73.09	1.98	-0.0976	1.0	-0.22	2.74	1.00	0.00	0.16	111115
104	"14:39:16"	2454.0	0	9.46	0.1	219	2.25	1.66	22.22	6	1.42	1	2.84	24.02	22.22	25.06	398.95	386.55	11.401	14.068	27.79	34.29	500.0	1700	8	73.09	1.98	-0.0976	1.0	-0.22	2.74	1.00	0.00	0.16	111115
105	"14:39:17"	2454.5	0	9.47	0.0999	219	2.25	1.66	22.22	6	1.42	1	2.84	24.02	22.22	25.06	398.94	386.53	11.402	14.066	27.79	34.29	500.0	1700	8	73.09	1.98	-0.0976	1.0	-0.22	2.74	1.00	0.00	0.16	111115
"14:39:47 Flow: Fixed -> 500 umol/s"
"14:40:03 Coolers: Tblock -> 30.00 C"
"14:43:31 Flow: Fixed -> 500 umol/s"
"14:45:13 Flow: Fixed -> 500 umol/s"
106	"14:46:21"	2878.5	0	8.31	0.0745	193	2.1	2.05	25.68	6	1.42	1	2.84	28.51	25.68	30.14	400.28	389.32	14.820	17.297	27.70	32.33	499.9	1700	7	73.07	2.23	-0.154	1.0	-0.22	2.74	1.00	0.00	0.16	111115
107	"14:46:21"	2878.5	0	8.31	0.0745	193	2.1	2.05	25.68	6	1.42	1	2.84	28.51	25.68	30.14	400.28	389.32	14.820	17.297	27.70	32.33	499.9	1700	7	73.07	2.23	-0.154	1.0	-0.22	2.74	1.00	0.00	0.16	111115
108	"14:46:22"	2879.0	0	8.3	0.0745	194	2.1	2.05	25.68	6	1.42	1	2.84	28.51	25.68	30.14	400.26	389.32	14.820	17.297	27.70	32.33	499.9	1700	7	73.07	2.23	-0.154	1.0	-0.22	2.74	1.00	0.00	0.16	111115
109	"14:46:22"	2879.5	0	8.27	0.0745	194	2.1	2.05	25.68	6	1.42	1	2.84	28.51	25.68	30.14	400.25	389.34	14.821	17.298	27.70	32.33	500.0	1700	7	73.07	2.23	-0.154	1.0	-0.22	2.74	1.00	0.00	0.16	111115
110	"14:46:23"	2880.0	0	8.23	0.0745	195	2.1	2.05	25.68	6	1.42	1	2.84	28.51	25.68	30.14	400.22	389.37	14.822	17.297	27.70	32.33	500.0	1700	7	73.07	2.23	-0.154	1.0	-0.22	2.74	1.00	0.00	0.16	111115
111	"14:46:23"	2880.5	0	8.27	0.0746	195	2.1	2.05	25.68	6	1.42	1	2.84	28.51	25.68	30.14	400.27	389.37	14.821	17.299	27.70	32.33	500.0	1700	7	73.07	2.23	-0.154	1.0	-0.22	2.74	1.00	0.00	0.16	111115
112	"14:46:24"	2881.0	0	8.23	0.0746	195	2.1	2.05	25.68	6	1.42	1	2.84	28.51	25.68	30.14	400.20	389.34	14.821	17.299	27.70	32.33	500.0	1700	7	73.07	2.23	-0.154	1.0	-0.22	2.74	1.00	0.00	0.16	111115
113	"14:46:24"	2881.5	0	8.16	0.0746	197	2.1	2.05	25.68	6	1.42	1	2.84	28.51	25.68	30.14	400.12	389.35	14.822	17.299	27.70	32.33	500.0	1700	7	73.07	2.23	-0.154	1.0	-0.22	2.74	1.00	0.00	0.16	111115
114	"14:46:25"	2882.0	0	8.11	0.0746	198	2.1	2.05	25.68	6	1.42	1	2.84	28.51	25.68	30.14	400.08	389.37	14.822	17.300	27.70	32.33	500.0	1700	7	73.07	2.23	-0.154	1.0	-0.22	2.74	1.00	0.00	0.16	111115
115	"14:46:25"	2882.5	0	8.08	0.0745	198	2.1	2.05	25.68	6	1.42	1	2.84	28.52	25.68	30.14	400.08	389.40	14.823	17.299	27.70	32.33	500.0	1700	7	73.07	2.23	-0.154	1.0	-0.22	2.74	1.00	0.00	0.16	111115
116	"14:46:26"	2883.0	0	8.12	0.0744	197	2.1	2.05	25.69	6	1.42	1	2.84	28.52	25.69	30.14	400.13	389.41	14.825	17.299	27.70	32.32	500.0	1700	7	73.07	2.23	-0.154	1.0	-0.22	2.74	1.00	0.00	0.16	111115
117	"14:46:26"	2883.5	0	8.14	0.0744	197	2.1	2.05	25.68	6	1.42	1	2.84	28.52	25.68	30.14	400.16	389.41	14.824	17.298	27.70	32.32	499.9	1700	7	73.07	2.23	-0.154	1.0	-0.22	2.74	1.00	0.00	0.16	111115
118	"14:46:27"	2884.0	0	8.17	0.0745	197	2.1	2.05	25.68	6	1.42	1	2.84	28.52	25.68	30.14	400.19	389.40	14.824	17.299	27.70	32.32	499.9	1700	7	73.07	2.23	-0.154	1.0	-0.22	2.74	1.00	0.00	0.16	111115
119	"14:46:27"	2884.5	0	8.11	0.0744	198	2.1	2.05	25.67	6	1.42	1	2.84	28.52	25.67	30.14	400.15	389.44	14.825	17.296	27.70	32.31	499.9	1700	7	73.07	2.23	-0.154	1.0	-0.22	2.74	1.00	0.00	0.16	111115
120	"14:46:28"	2885.0	0	8.12	0.0743	197	2.09	2.05	25.67	6	1.42	1	2.84	28.52	25.67	30.14	400.17	389.44	14.826	17.294	27.70	32.31	499.9	1700	7	73.07	2.23	-0.154	1.0	-0.22	2.74	1.00	0.00	0.16	111115
"14:46:42 Coolers: Tblock -> 35.00 C"
"14:50:49 Flow: Fixed -> 500 umol/s"
"14:53:55 Flow: Fixed -> 500 umol/s"
121	"14:54:16"	3354.0	0	4.05	0.0332	178	1.43	3.07	30.10	6	1.42	1	2.84	33.30	30.10	35.04	400.28	394.75	14.984	16.673	21.31	23.71	500.0	1700	7	73.06	2.78	-0.129	1.0	-0.22	2.74	1.00	0.00	0.16	111115
122	"14:54:16"	3354.0	0	4.05	0.0332	178	1.43	3.07	30.10	6	1.42	1	2.84	33.30	30.10	35.04	400.28	394.75	14.984	16.673	21.31	23.71	500.0	1700	7	73.06	2.78	-0.129	1.0	-0.22	2.74	1.00	0.00	0.16	111115
123	"14:54:16"	3354.0	0	4.05	0.0332	178	1.43	3.07	30.10	6	1.42	1	2.84	33.30	30.10	35.04	400.28	394.75	14.984	16.673	21.31	23.71	500.0	1700	7	73.06	2.78	-0.129	1.0	-0.22	2.74	1.00	0.00	0.16	111115
124	"14:54:17"	3354.5	0	4.11	0.0332	175	1.43	3.07	30.10	6	1.42	1	2.84	33.30	30.10	35.03	400.35	394.73	14.983	16.673	21.31	23.71	499.9	1700	7	73.06	2.78	-0.129	1.0	-0.22	2.74	1.00	0.00	0.16	111115
125	"14:54:17"	3355.0	0	4.12	0.0332	175	1.43	3.07	30.10	6	1.42	1	2.84	33.30	30.10	35.03	400.36	394.74	14.982	16.673	21.31	23.71	499.9	1700	7	73.06	2.78	-0.129	1.0	-0.22	2.74	1.00	0.00	0.16	111115
126	"14:54:18"	3355.5	0	4.09	0.0332	176	1.43	3.07	30.09	6	1.42	1	2.84	33.30	30.09	35.03	400.37	394.78	14.982	16.671	21.31	23.71	499.9	1700	7	73.06	2.78	-0.129	1.0	-0.22	2.74	1.00	0.00	0.16	111115
127	"14:54:18"	3356.0	0	4.13	0.0333	174	1.43	3.06	30.08	6	1.42	1	2.84	33.30	30.08	35.02	400.39	394.75	14.981	16.672	21.31	23.71	499.9	1700	8	73.06	2.78	-0.129	1.0	-0.22	2.74	1.00	0.00	0.16	111115
128	"14:54:19"	3356.5	0	4.15	0.0332	173	1.43	3.06	30.08	6	1.42	1	2.84	33.29	30.08	35.02	400.41	394.75	14.983	16.672	21.31	23.71	499.9	1700	8	73.06	2.78	-0.129	1.0	-0.22	2.74	1.00	0.00	0.16	111115
129	"14:54:19"	3357.0	0	4.15	0.0332	173	1.43	3.06	30.08	6	1.42	1	2.84	33.29	30.08	35.02	400.41	394.76	14.982	16.669	21.31	23.71	499.9	1700	7	73.06	2.78	-0.129	1.0	-0.22	2.74	1.00	0.00	0.16	111115
130	"14:54:20"	3357.5	0	4.17	0.0331	172	1.43	3.06	30.08	6	1.42	1	2.84	33.29	30.08	35.01	400.41	394.73	14.983	16.666	21.31	23.71	499.9	1700	8	73.06	2.78	-0.129	1.0	-0.22	2.74	1.00	0.00	0.16	111115
131	"14:54:21"	3359.0	0	4.13	0.033	173	1.42	3.06	30.07	6	1.42	1	2.84	33.29	30.07	35.01	400.40	394.77	14.984	16.659	21.32	23.70	499.9	1700	8	73.06	2.78	-0.129	1.0	-0.22	2.74	1.00	0.00	0.16	111115
132	"14:54:22"	3360.0	0	4.1	0.0329	173	1.42	3.06	30.09	6	1.42	1	2.84	33.29	30.09	35.01	400.43	394.84	14.986	16.657	21.32	23.70	499.9	1700	8	73.06	2.78	-0.129	1.0	-0.22	2.74	1.00	0.00	0.16	111115
133	"14:54:22"	3360.0	0	4.1	0.0329	173	1.42	3.06	30.09	6	1.42	1	2.84	33.29	30.09	35.01	400.43	394.84	14.986	16.657	21.32	23.70	499.9	1700	8	73.06	2.78	-0.129	1.0	-0.22	2.74	1.00	0.00	0.16	111115
134	"14:54:23"	3360.5	0	4.11	0.0328	173	1.41	3.06	30.08	6	1.42	1	2.84	33.29	30.08	35.01	400.43	394.83	14.986	16.654	21.32	23.70	500.0	1700	8	73.06	2.78	-0.129	1.0	-0.22	2.74	1.00	0.00	0.16	111115
135	"14:54:23"	3361.0	0	4.09	0.0328	173	1.41	3.06	30.09	6	1.42	1	2.84	33.29	30.09	35.01	400.43	394.85	14.987	16.653	21.32	23.70	500.0	1700	8	73.06	2.78	-0.129	1.0	-0.22	2.74	1.00	0.00	0.16	111115
"14:54:50 Flow: Fixed -> 300 umol/s"
"14:55:17 Flow: Fixed -> 200 umol/s"
"14:55:22 Coolers: Tblock -> 40.00 C"
"14:58:59 Flow: Fixed -> 200 umol/s"
136	"14:59:32"	3669.5	0	2.35	0.019	169	0.945	3.51	32.14	6	1.42	1	2.84	37.59	32.14	40.10	399.29	391.13	15.077	17.858	16.92	20.04	200.1	1700	8	73.05	3.33	-0.185	1.0	-0.22	2.74	1.00	0.00	0.16	111115
137	"14:59:32"	3669.5	0	2.35	0.019	169	0.945	3.51	32.14	6	1.42	1	2.84	37.59	32.14	40.10	399.29	391.13	15.077	17.858	16.92	20.04	200.1	1700	8	73.05	3.33	-0.185	1.0	-0.22	2.74	1.00	0.00	0.16	111115
138	"14:59:32"	3670.0	0	2.35	0.019	169	0.944	3.51	32.13	6	1.42	1	2.84	37.59	32.13	40.10	399.29	391.13	15.076	17.858	16.92	20.04	200.1	1700	8	73.05	3.33	-0.185	1.0	-0.22	2.74	1.00	0.00	0.16	111115
139	"14:59:33"	3670.5	0	2.37	0.019	168	0.944	3.51	32.13	6	1.42	1	2.84	37.58	32.13	40.11	399.34	391.13	15.077	17.857	16.92	20.04	200.1	1700	8	73.05	3.33	-0.185	1.0	-0.22	2.74	1.00	0.00	0.16	111115
140	"14:59:33"	3671.0	0	2.38	0.019	167	0.944	3.5	32.13	6	1.42	1	2.84	37.59	32.13	40.11	399.37	391.14	15.075	17.855	16.92	20.04	200.1	1700	8	73.05	3.33	-0.185	1.0	-0.22	2.74	1.00	0.00	0.16	111115
141	"14:59:34"	3671.5	0	2.4	0.019	165	0.943	3.51	32.13	6	1.42	1	2.84	37.59	32.13	40.11	399.44	391.15	15.076	17.852	16.92	20.04	200.1	1700	8	73.05	3.33	-0.185	1.0	-0.22	2.74	1.00	0.00	0.16	111115
142	"14:59:35"	3672.0	0	2.41	0.0189	164	0.942	3.51	32.13	6	1.42	1	2.84	37.59	32.13	40.11	399.48	391.15	15.076	17.851	16.92	20.03	200.1	1700	8	73.05	3.33	-0.185	1.0	-0.22	2.74	1.00	0.00	0.16	111115
143	"14:59:35"	3672.5	0	2.41	0.0189	164	0.942	3.51	32.14	6	1.42	1	2.84	37.59	32.14	40.11	399.51	391.18	15.077	17.850	16.92	20.03	200.2	1700	8	73.05	3.33	-0.185	1.0	-0.22	2.74	1.00	0.00	0.16	111115
144	"14:59:36"	3673.0	0	2.42	0.0189	163	0.941	3.51	32.14	6	1.42	1	2.84	37.59	32.14	40.11	399.50	391.16	15.077	17.847	16.92	20.03	200.2	1700	8	73.05	3.33	-0.185	1.0	-0.22	2.74	1.00	0.00	0.16	111115
145	"14:59:36"	3673.5	0	2.43	0.0189	162	0.941	3.51	32.14	6	1.42	1	2.84	37.59	32.14	40.11	399.52	391.12	15.077	17.847	16.92	20.03	200.2	1700	8	73.05	3.33	-0.185	1.0	-0.22	2.74	1.00	0.00	0.16	111115
146	"14:59:37"	3674.0	0	2.44	0.0189	161	0.94	3.51	32.14	6	1.42	1	2.84	37.59	32.14	40.11	399.55	391.12	15.077	17.845	16.92	20.03	200.2	1700	8	73.05	3.33	-0.185	1.0	-0.22	2.74	1.00	0.00	0.16	111115
147	"14:59:37"	3674.5	0	2.46	0.0189	159	0.939	3.51	32.14	6	1.42	1	2.84	37.59	32.14	40.11	399.57	391.10	15.077	17.842	16.92	20.02	200.2	1700	8	73.05	3.33	-0.185	1.0	-0.22	2.74	1.00	0.00	0.16	111115
148	"14:59:38"	3675.0	0	2.47	0.0188	158	0.939	3.51	32.15	6	1.42	1	2.84	37.59	32.15	40.11	399.60	391.10	15.079	17.841	16.92	20.02	200.2	1700	8	73.05	3.33	-0.185	1.0	-0.22	2.74	1.00	0.00	0.16	111115
149	"14:59:38"	3676.0	0	2.48	0.0188	157	0.939	3.52	32.17	6	1.42	1	2.84	37.59	32.17	40.11	399.65	391.12	15.079	17.842	16.92	20.02	200.2	1700	8	73.05	3.33	-0.185	1.0	-0.22	2.74	1.00	0.00	0.16	111115
150	"14:59:39"	3676.5	0	2.48	0.0188	157	0.938	3.52	32.17	6	1.42	1	2.84	37.59	32.17	40.11	399.65	391.11	15.079	17.841	16.92	20.02	200.2	1700	8	73.05	3.33	-0.185	1.0	-0.22	2.74	1.00	0.00	0.16	111115
"14:59:49 Coolers: Tblock -> 45.00 C"
"15:02:41 Flow: Fixed -> 200 umol/s"
151	"15:03:57"	3935.5	0	1.9	0.0155	169	0.94	4.24	34.67	6	1.42	1	2.84	41.87	34.67	44.95	400.12	393.31	15.032	17.801	13.41	15.88	200.1	1699	7	73.05	3.55	-0.204	1.0	-0.22	2.74	1.00	0.00	0.16	111115
152	"15:03:58"	3935.5	0	1.9	0.0155	169	0.94	4.24	34.67	6	1.42	1	2.84	41.87	34.67	44.95	400.12	393.31	15.032	17.801	13.41	15.88	200.1	1699	7	73.05	3.55	-0.204	1.0	-0.22	2.74	1.00	0.00	0.16	111115
153	"15:03:58"	3936.0	0	1.91	0.0155	169	0.941	4.25	34.67	6	1.42	1	2.84	41.87	34.67	44.95	400.15	393.33	15.031	17.804	13.41	15.89	200.1	1699	7	73.05	3.55	-0.204	1.0	-0.22	2.74	1.00	0.00	0.16	111115
154	"15:03:59"	3936.5	0	1.92	0.0155	168	0.941	4.24	34.67	6	1.42	1	2.84	41.87	34.67	44.95	400.22	393.36	15.031	17.804	13.41	15.89	200.1	1699	7	73.05	3.55	-0.204	1.0	-0.22	2.74	1.00	0.00	0.16	111115
155	"15:03:59"	3937.0	0	1.94	0.0155	166	0.941	4.24	34.66	6	1.42	1	2.84	41.87	34.66	44.95	400.30	393.38	15.033	17.805	13.41	15.89	200.1	1699	7	73.05	3.55	-0.204	1.0	-0.22	2.74	1.00	0.00	0.16	111115
156	"15:03:59"	3937.0	0	1.94	0.0155	166	0.941	4.24	34.66	6	1.42	1	2.84	41.87	34.66	44.95	400.30	393.38	15.033	17.805	13.41	15.89	200.1	1699	7	73.05	3.55	-0.204	1.0	-0.22	2.74	1.00	0.00	0.16	111115
157	"15:04:00"	3937.5	0	1.95	0.0155	165	0.941	4.24	34.65	6	1.42	1	2.84	41.87	34.65	44.95	400.35	393.40	15.033	17.804	13.41	15.88	200.1	1699	7	73.05	3.55	-0.204	1.0	-0.22	2.74	1.00	0.00	0.16	111115
158	"15:04:00"	3938.0	0	1.95	0.0156	165	0.941	4.23	34.63	6	1.42	1	2.84	41.87	34.63	44.95	400.40	393.44	15.034	17.804	13.41	15.88	200.1	1699	7	73.05	3.55	-0.204	1.0	-0.22	2.74	1.00	0.00	0.16	111115
159	"15:04:01"	3938.5	0	1.95	0.0156	165	0.941	4.23	34.63	6	1.42	1	2.84	41.87	34.63	44.95	400.40	393.44	15.035	17.805	13.41	15.88	200.1	1699	7	73.05	3.55	-0.204	1.0	-0.22	2.74	1.00	0.00	0.16	111115
160	"15:04:01"	3939.0	0	1.94	0.0156	166	0.941	4.23	34.63	6	1.42	1	2.84	41.88	34.63	44.95	400.39	393.46	15.035	17.806	13.41	15.88	200.1	1699	7	73.05	3.55	-0.204	1.0	-0.22	2.74	1.00	0.00	0.16	111115
161	"15:04:02"	3939.5	0	1.95	0.0156	165	0.941	4.23	34.63	6	1.42	1	2.84	41.88	34.63	44.95	400.41	393.45	15.036	17.807	13.41	15.88	200.1	1699	8	73.05	3.55	-0.204	1.0	-0.22	2.74	1.00	0.00	0.16	111115
162	"15:04:02"	3940.0	0	1.96	0.0156	164	0.941	4.23	34.63	6	1.42	1	2.84	41.88	34.63	44.95	400.38	393.40	15.036	17.805	13.41	15.88	200.2	1699	8	73.05	3.55	-0.204	1.0	-0.22	2.74	1.00	0.00	0.16	111115
163	"15:04:03"	3940.5	0	1.94	0.0156	166	0.941	4.23	34.64	6	1.42	1	2.84	41.88	34.64	44.95	400.32	393.41	15.037	17.807	13.41	15.88	200.2	1699	8	73.05	3.55	-0.204	1.0	-0.22	2.74	1.00	0.00	0.16	111115
164	"15:04:03"	3941.0	0	1.92	0.0156	168	0.941	4.23	34.63	6	1.42	1	2.84	41.88	34.63	44.95	400.25	393.40	15.036	17.808	13.41	15.88	200.2	1699	7	73.05	3.55	-0.204	1.0	-0.22	2.74	1.00	0.00	0.16	111115
165	"15:04:04"	3941.5	0	1.89	0.0156	170	0.942	4.23	34.64	6	1.42	1	2.84	41.88	34.64	44.95	400.21	393.42	15.037	17.811	13.41	15.88	200.1	1699	7	73.05	3.55	-0.204	1.0	-0.22	2.74	1.00	0.00	0.16	111115
"15:04:26 Coolers: Tblock -> 50.00 C"
"15:08:38 Flow: Fixed -> 200 umol/s"
"15:09:57 Flow: Fixed -> 200 umol/s"
166	"15:10:15"	4313.0	0	3.13	0.0309	194	2.09	4.72	36.92	6	1.42	1	2.84	46.39	36.92	49.86	400.55	388.73	15.103	21.242	10.65	14.99	200.1	1699	6	73.04	4.58	-0.301	1.0	-0.22	2.74	1.00	0.00	0.16	111115
167	"15:10:15"	4313.0	0	3.13	0.0309	194	2.09	4.72	36.92	6	1.42	1	2.84	46.39	36.92	49.86	400.55	388.73	15.103	21.242	10.65	14.99	200.1	1699	6	73.04	4.58	-0.301	1.0	-0.22	2.74	1.00	0.00	0.16	111115
168	"15:10:16"	4313.5	0	3.15	0.0309	193	2.09	4.72	36.92	6	1.42	1	2.84	46.40	36.92	49.86	400.56	388.68	15.103	21.243	10.65	14.99	200.1	1699	6	73.04	4.58	-0.301	1.0	-0.22	2.74	1.00	0.00	0.16	111115
169	"15:10:16"	4313.5	0	3.15	0.0309	193	2.09	4.72	36.92	6	1.42	1	2.84	46.40	36.92	49.86	400.56	388.68	15.103	21.243	10.65	14.99	200.1	1699	6	73.04	4.58	-0.301	1.0	-0.22	2.74	1.00	0.00	0.16	111115
170	"15:10:16"	4314.0	0	3.15	0.031	193	2.09	4.72	36.91	6	1.42	1	2.84	46.40	36.91	49.86	400.57	388.67	15.104	21.249	10.65	14.99	200.1	1699	6	73.04	4.58	-0.301	1.0	-0.22	2.74	1.00	0.00	0.16	111115
171	"15:10:17"	4314.5	0	3.15	0.031	193	2.09	4.72	36.90	6	1.42	1	2.84	46.40	36.90	49.86	400.57	388.69	15.104	21.254	10.65	14.99	200.0	1699	6	73.04	4.58	-0.301	1.0	-0.22	2.74	1.00	0.00	0.16	111115
172	"15:10:17"	4315.0	0	3.14	0.031	193	2.1	4.72	36.91	6	1.42	1	2.84	46.40	36.91	49.86	400.59	388.71	15.105	21.258	10.65	14.99	200.0	1699	6	73.04	4.58	-0.301	1.0	-0.22	2.74	1.00	0.00	0.16	111115
173	"15:10:18"	4315.5	0	3.15	0.0311	194	2.1	4.72	36.90	6	1.42	1	2.84	46.40	36.90	49.86	400.59	388.71	15.107	21.263	10.65	14.99	200.1	1699	6	73.04	4.58	-0.301	1.0	-0.22	2.74	1.00	0.00	0.16	111115
174	"15:10:18"	4316.0	0	3.17	0.0311	193	2.1	4.71	36.89	6	1.42	1	2.84	46.40	36.89	49.86	400.64	388.70	15.106	21.268	10.65	15.00	200.1	1699	6	73.04	4.58	-0.301	1.0	-0.22	2.74	1.00	0.00	0.16	111115
175	"15:10:19"	4316.5	0	3.17	0.0311	193	2.1	4.72	36.90	6	1.42	1	2.84	46.41	36.90	49.86	400.64	388.69	15.106	21.272	10.65	15.00	200.0	1699	6	73.04	4.58	-0.301	1.0	-0.22	2.74	1.00	0.00	0.16	111115
176	"15:10:19"	4317.0	0	3.17	0.0311	193	2.1	4.72	36.90	6	1.42	1	2.84	46.41	36.90	49.86	400.68	388.71	15.108	21.276	10.65	15.00	200.0	1700	6	73.04	4.58	-0.301	1.0	-0.22	2.74	1.00	0.00	0.16	111115
177	"15:10:20"	4317.5	0	3.18	0.0312	192	2.1	4.72	36.90	6	1.42	1	2.84	46.41	36.90	49.86	400.70	388.72	15.108	21.282	10.65	15.00	200.0	1699	6	73.04	4.58	-0.301	1.0	-0.22	2.74	1.00	0.00	0.16	111115
178	"15:10:20"	4318.0	0	3.17	0.0311	193	2.1	4.72	36.92	6	1.42	1	2.84	46.41	36.92	49.86	400.69	388.72	15.108	21.284	10.65	15.00	200.0	1700	6	73.04	4.58	-0.301	1.0	-0.22	2.74	1.00	0.00	0.16	111115
179	"15:10:21"	4318.5	0	3.21	0.0311	191	2.11	4.73	36.93	6	1.42	1	2.84	46.41	36.93	49.86	400.75	388.67	15.108	21.288	10.65	15.01	200.1	1699	6	73.04	4.58	-0.301	1.0	-0.22	2.74	1.00	0.00	0.16	111115
180	"15:10:21"	4319.0	0	3.23	0.0312	190	2.11	4.72	36.93	6	1.42	1	2.84	46.41	36.93	49.86	400.79	388.64	15.106	21.291	10.65	15.01	200.0	1699	6	73.04	4.58	-0.301	1.0	-0.22	2.74	1.00	0.00	0.16	111115
