"OPEN 6.2.4"
"Thr Jun 30 2016 17:10:06"
<open><version>"6.2.4"</version></open>
<open><configfile>"/User/Configs/UserPrefs/2x3 LED.xml"</configfile></open>
<open><light><source>"6400-02 or -02B LED Source"</source><par_in>1<sensor>"SI-3781"<cal>-0.93<actinity>1.00</actinity><transm>1.00</transm></cal></sensor><transm>1</transm></par_in><par_out>1<sensor>"Q49599"<cal>7.26</cal></sensor></par_out></light></open>
<open><comps><file>"/User/Configs/Comps/StdComps_6.2"<header>""</header><extras></extras></file><energybal>no<f_parIn>1</f_parIn><f_parOut>0</f_parOut><alphaK>0.16</alphaK></energybal><bc_total>2.840<stomatal_ratio>1</stomatal_ratio><bc_oneside>1.420<type>2</type><table>"/Sys/Lib/StdBLCTable"</table><area>6</area><slope>-0.219565</slope><offset>2.73739</offset><fan>5</fan></bc_oneside></bc_total></comps></open>
<open><prompts><onlog>off</onlog><items>"Default (none)"</items></prompts></open>
<open><constants><oxygen>21 %</oxygen><bb_vapor>1.5</bb_vapor><bb_oxy>0.9</bb_oxy></constants></open>
<open><stability><items>"Std Stability"<items[1]><id>-2</id><size>15</size><pcv><onoff>0</onoff><value>1</value></pcv><std><onoff>0</onoff><value>1</value></std><slp><onoff>1</onoff><value>1</value></slp></items[1]><items[2]><id>-5</id><size>15</size><pcv><onoff>0</onoff><value>1</value></pcv><std><onoff>0</onoff><value>1</value></std><slp><onoff>1</onoff><value>1</value></slp></items[2]><items[3]><id>-7</id><size>15</size><pcv><onoff>0</onoff><value>1</value></pcv><std><onoff>0</onoff><value>1</value></std><slp><onoff>1</onoff><value>1</value></slp></items[3]></items></stability></open>
<open><log><format>"StdLogFmt_6.0"<items>{ -35 -21 -36 -76 30 23 36 21 25 221 -33 111 -34 11 -9 -10 -8 -1 -2 -4 -5 -14 -15 -7 -12 -13 -11 -65 -66 -72 -18 -19 -77 -78 -79 -23  }<hdr>{  }</hdr></items></format><options><beep>on</beep><hdr>normal</hdr><rem>normal</rem><stab>no</stab><stats>no<mean>no</mean><file>no</file><period>15</period></stats><excel>yes</excel><controls>yes</controls><comm>no</comm></options><datafile>"/User/063016-stm-sage1"</datafile><button><action>"Normal Log"<code>" LogOneObsManual "</code></action></button><autoprog>"/User/Configs/AutoProgs/AutoLog2"<active>no</active></autoprog></log></open>
<open><a2d><avgtime>4.0 secs</avgtime><userchans><ch20>"Off"</ch20><ch21>"Off"</ch21><ch22>"Off"</ch22><ch23>"Off"</ch23></userchans></a2d></open>
<open><matching><type>0</type><disp>'a'</disp><settings><CO2Limit>10.0</CO2Limit><H2OLimit>1.0</H2OLimit><MaxAutoTime>60</MaxAutoTime></settings></matching></open>
<li6400><factory><unit>"PSC-3840"</unit><serviced>"1 Jul 2013"</serviced><fuseaware>0</fuseaware><co2mixer>yes</co2mixer><co2><coeffs>{ 0 0.213319 2.22998e-05 2.13159e-08 -3.88664e-12 3.69888e-16  }</coeffs><dvdt>-4.7</dvdt><xs>{ 0.0009 -0.0002  }</xs></co2><h2o><coeffs>{ 0 0.00572751 2.23485e-06 -7.37877e-12  }</coeffs><dvdt>-1.7</dvdt><xs>{ 0.0009 -0.0028  }</xs></h2o><flow>{ 0 0.3568  }</flow><press>{ 88.437 0.00551  }</press></factory></li6400>
<li6400><user><flow_zero>-898.4</flow_zero><irga_zero><co2>468.8 234.4<at>18.1598</at></co2><h2o>78.1 156.2<at>17.1607</at></h2o></irga_zero><irga_span><co2>{ 0.99237 0.992833  }</co2><h2o>{ 1.00426 0.996799  }</h2o></irga_span><irga_match><co2>{ 0.940565 2.5812  }</co2><h2o>{ 0.00477181 0.0982801  }</h2o></irga_match><co2_mixer><pump_mv>4500</pump_mv><ppm>{ 2938.24 1287.24 480.57 287.911 131.964 79.0122 54.4649 48.1774  }</ppm><mv>{ 5000 3000 1500 1000 500 300 200 100  }</mv></co2_mixer><parin_offset>0</parin_offset><led_cal><unit>"SI-3781"</unit><mv>{ 10 25 50 100 1000 2000 3000 4000 5000  }</mv><qntm>{ 4.69642 15.4417 35.4805 82.2863 972.665 1922.29 2824.32 3690.14 4518.2  }</qntm></led_cal><lcf_cal><unit>"unknown"</unit><red><mv>{ 50 100 500 1000 1500 5000  }</mv><qntm>{ 50 100 500 1000 2000 5000  }</qntm></red><blue><mv>{ 100 200 500 1000 2000 5000  }</mv><qntm>{ 10 20 50 100 200 500  }</qntm></blue></lcf_cal></user></li6400>
"17:10:07 "
$STARTOFDATA$
"Obs"	"HHMMSS"	"FTime"	"EBal?"	"Photo"	"Cond"	"Ci"	"Trmmol"	"VpdL"	"CTleaf"	"Area"	"BLC_1"	"StmRat"	"BLCond"	"Tair"	"Tleaf"	"TBlk"	"CO2R"	"CO2S"	"H2OR"	"H2OS"	"RH_R"	"RH_S"	"Flow"	"PARi"	"PARo"	"Press"	"CsMch"	"HsMch"	"StableF"	"BLCslope"	"BLCoffst"	"f_parin"	"f_parout"	"alphaK"	"Status"
1	"17:10:26"	25.5	0	1.32	0.023	296	0.297	0.939	9.87	6	1.42	1	2.84	3.00	9.87	0.03	399.61	395.29	2.990	3.877	28.65	37.15	200.1	1700	7	72.93	2.58	0.0983	1.0	-0.22	2.74	1.00	0.00	0.16	111115
2	"17:10:26"	25.5	0	1.32	0.023	296	0.297	0.939	9.87	6	1.42	1	2.84	3.00	9.87	0.03	399.61	395.29	2.990	3.877	28.65	37.15	200.1	1700	7	72.93	2.58	0.0983	1.0	-0.22	2.74	1.00	0.00	0.16	111115
3	"17:10:27"	26.0	0	1.34	0.023	294	0.297	0.94	9.88	6	1.42	1	2.84	3.00	9.88	0.03	399.61	395.24	2.990	3.877	28.64	37.15	200.1	1700	7	72.93	2.58	0.0983	1.0	-0.22	2.74	1.00	0.00	0.16	111115
4	"17:10:27"	26.0	0	1.34	0.023	294	0.297	0.94	9.88	6	1.42	1	2.84	3.00	9.88	0.03	399.61	395.24	2.990	3.877	28.64	37.15	200.1	1700	7	72.93	2.58	0.0983	1.0	-0.22	2.74	1.00	0.00	0.16	111115
5	"17:10:28"	26.5	0	1.36	0.023	293	0.298	0.94	9.88	6	1.42	1	2.84	3.00	9.88	0.03	399.63	395.21	2.989	3.878	28.64	37.15	200.2	1700	7	72.93	2.58	0.0983	1.0	-0.22	2.74	1.00	0.00	0.16	111115
6	"17:10:28"	27.0	0	1.35	0.023	294	0.298	0.94	9.89	6	1.42	1	2.84	3.00	9.89	0.03	399.63	395.24	2.988	3.877	28.63	37.15	200.2	1700	7	72.93	2.58	0.0983	1.0	-0.22	2.74	1.00	0.00	0.16	111115
7	"17:10:29"	27.5	0	1.34	0.023	294	0.298	0.941	9.89	6	1.42	1	2.84	3.00	9.89	0.03	399.64	395.26	2.988	3.877	28.63	37.14	200.2	1700	7	72.93	2.58	0.0983	1.0	-0.22	2.74	1.00	0.00	0.16	111115
8	"17:10:29"	28.0	0	1.34	0.023	294	0.298	0.941	9.90	6	1.42	1	2.84	3.00	9.90	0.04	399.63	395.26	2.988	3.876	28.62	37.13	200.2	1700	7	72.93	2.58	0.0983	1.0	-0.22	2.74	1.00	0.00	0.16	111115
9	"17:10:30"	28.5	0	1.35	0.023	293	0.298	0.942	9.91	6	1.42	1	2.84	3.01	9.91	0.04	399.65	395.25	2.988	3.876	28.62	37.13	200.3	1700	7	72.93	2.58	0.0983	1.0	-0.22	2.74	1.00	0.00	0.16	111115
10	"17:10:30"	29.0	0	1.35	0.023	293	0.298	0.943	9.91	6	1.42	1	2.84	3.01	9.91	0.04	399.66	395.26	2.986	3.876	28.61	37.12	200.3	1700	7	72.93	2.58	0.0983	0.7	-0.22	2.74	1.00	0.00	0.16	111115
11	"17:10:31"	29.5	0	1.36	0.023	293	0.298	0.942	9.91	6	1.42	1	2.84	3.01	9.91	0.04	399.68	395.26	2.987	3.876	28.61	37.12	200.3	1700	7	72.93	2.58	0.0983	0.7	-0.22	2.74	1.00	0.00	0.16	111115
12	"17:10:32"	31.0	0	1.36	0.0229	292	0.297	0.944	9.92	6	1.42	1	2.84	3.01	9.92	0.04	399.74	395.31	2.988	3.875	28.62	37.11	200.2	1700	7	72.93	2.58	0.0983	1.0	-0.22	2.74	1.00	0.00	0.16	111115
13	"17:10:32"	31.5	0	1.35	0.0229	293	0.297	0.944	9.93	6	1.42	1	2.84	3.01	9.93	0.04	399.72	395.31	2.987	3.875	28.62	37.11	200.2	1700	7	72.93	2.58	0.0983	1.0	-0.22	2.74	1.00	0.00	0.16	111115
14	"17:10:33"	31.5	0	1.35	0.0229	293	0.297	0.944	9.93	6	1.42	1	2.84	3.01	9.93	0.04	399.72	395.31	2.987	3.875	28.62	37.11	200.2	1700	7	72.93	2.58	0.0983	1.0	-0.22	2.74	1.00	0.00	0.16	111115
15	"17:10:33"	32.0	0	1.34	0.0229	294	0.297	0.944	9.93	6	1.42	1	2.84	3.01	9.93	0.04	399.71	395.34	2.988	3.874	28.62	37.11	200.2	1700	7	72.93	2.58	0.0983	1.0	-0.22	2.74	1.00	0.00	0.16	111115
"17:10:43 Coolers: Tblock -> 5.00 C"
"17:15:43 Flow: Fixed -> 200 umol/s"
16	"17:16:10"	369.5	0	1.72	0.0234	268	0.357	1.11	12.48	6	1.42	1	2.84	7.15	12.48	5.13	399.94	394.38	3.655	4.720	26.22	33.86	200.2	1700	9	72.92	2.21	0.0882	1.0	-0.22	2.74	1.00	0.00	0.16	111115
17	"17:16:10"	369.5	0	1.72	0.0234	268	0.357	1.11	12.48	6	1.42	1	2.84	7.15	12.48	5.13	399.94	394.38	3.655	4.720	26.22	33.86	200.2	1700	9	72.92	2.21	0.0882	1.0	-0.22	2.74	1.00	0.00	0.16	111115
18	"17:16:10"	370.0	0	1.71	0.0234	268	0.357	1.11	12.49	6	1.42	1	2.84	7.16	12.49	5.13	399.96	394.40	3.656	4.720	26.23	33.86	200.2	1700	9	72.92	2.21	0.0882	1.0	-0.22	2.74	1.00	0.00	0.16	111115
19	"17:16:11"	370.5	0	1.72	0.0234	267	0.357	1.11	12.50	6	1.42	1	2.84	7.16	12.50	5.13	399.99	394.41	3.657	4.722	26.23	33.87	200.2	1700	9	72.92	2.21	0.0882	1.0	-0.22	2.74	1.00	0.00	0.16	111115
20	"17:16:11"	371.0	0	1.73	0.0233	267	0.357	1.11	12.51	6	1.42	1	2.84	7.16	12.51	5.13	399.99	394.40	3.657	4.722	26.23	33.87	200.2	1700	9	72.92	2.21	0.0882	1.0	-0.22	2.74	1.00	0.00	0.16	111115
21	"17:16:12"	371.5	0	1.72	0.0233	267	0.357	1.11	12.51	6	1.42	1	2.84	7.16	12.51	5.13	399.97	394.39	3.657	4.722	26.23	33.87	200.2	1700	9	72.93	2.21	0.0882	1.0	-0.22	2.74	1.00	0.00	0.16	111115
22	"17:16:12"	372.0	0	1.72	0.0233	268	0.357	1.11	12.52	6	1.42	1	2.84	7.16	12.52	5.13	399.96	394.39	3.657	4.722	26.23	33.86	200.2	1700	9	72.93	2.21	0.0882	1.0	-0.22	2.74	1.00	0.00	0.16	111115
23	"17:16:13"	372.5	0	1.7	0.0233	269	0.357	1.11	12.53	6	1.42	1	2.84	7.16	12.53	5.13	399.91	394.40	3.657	4.722	26.23	33.86	200.3	1700	9	72.93	2.21	0.0882	1.0	-0.22	2.74	1.00	0.00	0.16	111115
24	"17:16:13"	373.0	0	1.7	0.0233	269	0.357	1.11	12.53	6	1.42	1	2.84	7.16	12.53	5.13	399.92	394.42	3.658	4.723	26.23	33.86	200.2	1700	9	72.93	2.21	0.0882	1.0	-0.22	2.74	1.00	0.00	0.16	111115
25	"17:16:14"	373.5	0	1.69	0.0233	269	0.357	1.11	12.52	6	1.42	1	2.84	7.16	12.52	5.13	399.91	394.42	3.657	4.723	26.22	33.86	200.3	1700	9	72.93	2.21	0.0882	1.0	-0.22	2.74	1.00	0.00	0.16	111115
26	"17:16:14"	374.0	0	1.7	0.0233	269	0.357	1.11	12.52	6	1.42	1	2.84	7.17	12.52	5.13	399.93	394.41	3.657	4.723	26.22	33.86	200.2	1700	9	72.93	2.21	0.0882	1.0	-0.22	2.74	1.00	0.00	0.16	111115
27	"17:16:15"	374.5	0	1.69	0.0233	269	0.357	1.11	12.51	6	1.42	1	2.84	7.17	12.51	5.13	399.92	394.43	3.658	4.722	26.22	33.85	200.2	1700	9	72.93	2.21	0.0882	1.0	-0.22	2.74	1.00	0.00	0.16	111115
28	"17:16:15"	375.0	0	1.7	0.0233	269	0.357	1.11	12.51	6	1.42	1	2.84	7.17	12.51	5.13	399.95	394.44	3.657	4.721	26.21	33.84	200.3	1700	9	72.93	2.21	0.0882	1.0	-0.22	2.74	1.00	0.00	0.16	111115
29	"17:16:16"	375.5	0	1.71	0.0233	268	0.357	1.11	12.51	6	1.42	1	2.84	7.17	12.51	5.13	399.99	394.46	3.658	4.722	26.22	33.84	200.3	1700	9	72.93	2.21	0.0882	1.0	-0.22	2.74	1.00	0.00	0.16	111115
30	"17:16:16"	376.0	0	1.72	0.0233	268	0.357	1.11	12.52	6	1.42	1	2.84	7.17	12.52	5.13	400.03	394.46	3.658	4.722	26.22	33.84	200.3	1700	9	72.93	2.21	0.0882	1.0	-0.22	2.74	1.00	0.00	0.16	111115
"17:16:24 Coolers: Tblock -> 10.00 C"
"17:19:15 Flow: Fixed -> 200 umol/s"
31	"17:19:35"	574.5	0	1.98	0.0233	247	0.423	1.31	15.89	6	1.42	1	2.84	11.20	15.89	10.01	399.94	393.50	5.586	6.846	30.51	37.39	200.3	1699	10	72.93	2.1	0.0714	1.0	-0.22	2.74	1.00	0.00	0.16	111115
32	"17:19:35"	574.5	0	1.98	0.0233	247	0.423	1.31	15.89	6	1.42	1	2.84	11.20	15.89	10.01	399.94	393.50	5.586	6.846	30.51	37.39	200.3	1699	10	72.93	2.1	0.0714	1.0	-0.22	2.74	1.00	0.00	0.16	111115
33	"17:19:36"	575.0	0	1.99	0.0233	247	0.423	1.31	15.88	6	1.42	1	2.84	11.20	15.88	10.01	399.95	393.49	5.586	6.845	30.51	37.39	200.2	1699	10	72.93	2.1	0.0714	1.0	-0.22	2.74	1.00	0.00	0.16	111115
34	"17:19:36"	575.5	0	1.98	0.0234	247	0.423	1.31	15.88	6	1.42	1	2.84	11.20	15.88	10.01	399.93	393.49	5.586	6.846	30.50	37.39	200.2	1699	10	72.93	2.1	0.0714	1.0	-0.22	2.74	1.00	0.00	0.16	111115
35	"17:19:37"	576.0	0	1.98	0.0234	248	0.423	1.31	15.88	6	1.42	1	2.84	11.21	15.88	10.01	399.92	393.50	5.586	6.846	30.50	37.38	200.2	1699	10	72.93	2.1	0.0714	1.0	-0.22	2.74	1.00	0.00	0.16	111115
36	"17:19:37"	576.5	0	1.97	0.0234	248	0.424	1.31	15.88	6	1.42	1	2.84	11.21	15.88	10.01	399.92	393.52	5.585	6.847	30.50	37.38	200.2	1699	10	72.93	2.1	0.0714	1.0	-0.22	2.74	1.00	0.00	0.16	111115
37	"17:19:38"	577.0	0	1.96	0.0234	249	0.424	1.31	15.89	6	1.42	1	2.84	11.21	15.89	10.01	399.90	393.53	5.585	6.847	30.49	37.38	200.2	1699	10	72.93	2.1	0.0714	1.0	-0.22	2.74	1.00	0.00	0.16	111115
38	"17:19:38"	577.5	0	1.96	0.0234	249	0.424	1.31	15.90	6	1.42	1	2.84	11.21	15.90	10.01	399.89	393.52	5.585	6.846	30.49	37.37	200.2	1699	10	72.93	2.1	0.0714	1.0	-0.22	2.74	1.00	0.00	0.16	111115
39	"17:19:39"	578.0	0	1.97	0.0234	248	0.424	1.31	15.90	6	1.42	1	2.84	11.21	15.90	10.01	399.90	393.51	5.585	6.847	30.48	37.38	200.2	1699	10	72.93	2.1	0.0714	1.0	-0.22	2.74	1.00	0.00	0.16	111115
40	"17:19:39"	578.5	0	1.96	0.0233	249	0.424	1.32	15.91	6	1.42	1	2.84	11.21	15.91	10.01	399.89	393.52	5.585	6.847	30.48	37.37	200.2	1699	10	72.93	2.1	0.0714	1.0	-0.22	2.74	1.00	0.00	0.16	111115
41	"17:19:40"	579.0	0	1.96	0.0233	249	0.424	1.32	15.92	6	1.42	1	2.84	11.21	15.92	10.01	399.92	393.53	5.586	6.847	30.48	37.37	200.2	1699	10	72.93	2.1	0.0714	1.0	-0.22	2.74	1.00	0.00	0.16	111115
42	"17:19:41"	579.5	0	1.98	0.0233	247	0.424	1.32	15.93	6	1.42	1	2.84	11.21	15.93	10.01	399.98	393.54	5.585	6.848	30.48	37.37	200.2	1699	10	72.93	2.1	0.0714	1.0	-0.22	2.74	1.00	0.00	0.16	111115
43	"17:19:41"	580.0	0	2	0.0233	246	0.425	1.32	15.93	6	1.42	1	2.84	11.22	15.93	10.01	400.00	393.51	5.586	6.850	30.48	37.38	200.2	1699	10	72.93	2.1	0.0714	1.0	-0.22	2.74	1.00	0.00	0.16	111115
44	"17:19:41"	580.5	0	2.01	0.0233	245	0.425	1.32	15.94	6	1.42	1	2.84	11.22	15.94	10.01	400.02	393.50	5.586	6.851	30.48	37.38	200.2	1699	10	72.93	2.1	0.0714	1.0	-0.22	2.74	1.00	0.00	0.16	111115
45	"17:19:42"	581.0	0	2.03	0.0233	244	0.425	1.32	15.94	6	1.42	1	2.84	11.22	15.94	10.01	400.05	393.46	5.586	6.851	30.48	37.38	200.3	1699	10	72.93	2.1	0.0714	1.0	-0.22	2.74	1.00	0.00	0.16	111115
"17:19:50 Coolers: Tblock -> 15.00 C"
"17:22:50 Flow: Fixed -> 200 umol/s"
46	"17:23:06"	786.0	0	2.18	0.0256	246	0.487	1.37	17.87	6	1.42	1	2.84	15.55	17.87	15.09	399.92	392.81	7.888	9.334	32.45	38.40	200.2	1701	9	72.93	1.94	0.0509	1.0	-0.22	2.74	1.00	0.00	0.16	111115
47	"17:23:07"	786.0	0	2.18	0.0256	246	0.487	1.37	17.87	6	1.42	1	2.84	15.55	17.87	15.09	399.92	392.81	7.888	9.334	32.45	38.40	200.2	1701	9	72.93	1.94	0.0509	1.0	-0.22	2.74	1.00	0.00	0.16	111115
48	"17:23:07"	786.5	0	2.19	0.0256	245	0.487	1.37	17.87	6	1.42	1	2.84	15.55	17.87	15.09	399.94	392.81	7.888	9.334	32.45	38.40	200.2	1701	9	72.93	1.94	0.0509	1.0	-0.22	2.74	1.00	0.00	0.16	111115
49	"17:23:08"	787.0	0	2.21	0.0256	244	0.488	1.37	17.87	6	1.42	1	2.84	15.55	17.87	15.09	399.96	392.77	7.887	9.336	32.44	38.40	200.2	1701	9	72.92	1.94	0.0509	1.0	-0.22	2.74	1.00	0.00	0.16	111115
50	"17:23:08"	787.5	0	2.23	0.0257	243	0.489	1.37	17.87	6	1.42	1	2.84	15.55	17.87	15.09	399.99	392.73	7.886	9.338	32.43	38.40	200.2	1701	9	72.92	1.94	0.0509	1.0	-0.22	2.74	1.00	0.00	0.16	111115
51	"17:23:09"	788.0	0	2.22	0.0257	243	0.489	1.37	17.88	6	1.42	1	2.84	15.56	17.88	15.09	399.98	392.74	7.887	9.339	32.43	38.40	200.2	1701	9	72.92	1.94	0.0509	1.0	-0.22	2.74	1.00	0.00	0.16	111115
52	"17:23:09"	788.5	0	2.22	0.0256	243	0.488	1.37	17.88	6	1.42	1	2.84	15.56	17.88	15.10	399.98	392.76	7.888	9.337	32.43	38.39	200.2	1701	9	72.92	1.94	0.0509	1.0	-0.22	2.74	1.00	0.00	0.16	111115
53	"17:23:10"	789.0	0	2.21	0.0256	244	0.488	1.38	17.88	6	1.42	1	2.84	15.56	17.88	15.10	399.98	392.79	7.888	9.338	32.43	38.39	200.2	1701	9	72.92	1.94	0.0509	1.0	-0.22	2.74	1.00	0.00	0.16	111115
54	"17:23:10"	789.5	0	2.23	0.0256	242	0.488	1.38	17.89	6	1.42	1	2.84	15.56	17.89	15.10	400.03	392.76	7.889	9.337	32.43	38.38	200.2	1701	9	72.92	1.94	0.0509	1.0	-0.22	2.74	1.00	0.00	0.16	111115
55	"17:23:11"	790.0	0	2.26	0.0256	241	0.487	1.38	17.89	6	1.42	1	2.84	15.56	17.89	15.10	400.08	392.75	7.890	9.336	32.43	38.37	200.3	1701	9	72.92	1.94	0.0509	1.0	-0.22	2.74	1.00	0.00	0.16	111115
56	"17:23:11"	790.5	0	2.26	0.0256	240	0.488	1.38	17.89	6	1.42	1	2.84	15.57	17.89	15.10	400.08	392.73	7.890	9.337	32.42	38.37	200.3	1701	9	72.92	1.94	0.0509	1.0	-0.22	2.74	1.00	0.00	0.16	111115
57	"17:23:12"	791.0	0	2.25	0.0255	241	0.487	1.38	17.90	6	1.42	1	2.84	15.57	17.90	15.10	400.07	392.76	7.891	9.337	32.42	38.36	200.3	1701	9	72.92	1.94	0.0509	1.0	-0.22	2.74	1.00	0.00	0.16	111115
58	"17:23:12"	791.5	0	2.23	0.0255	242	0.487	1.38	17.90	6	1.42	1	2.84	15.57	17.90	15.10	400.05	392.79	7.891	9.337	32.42	38.36	200.3	1701	9	72.93	1.94	0.0509	1.0	-0.22	2.74	1.00	0.00	0.16	111115
59	"17:23:13"	792.0	0	2.22	0.0255	243	0.487	1.38	17.91	6	1.42	1	2.84	15.57	17.91	15.10	400.04	392.80	7.890	9.337	32.41	38.35	200.3	1701	9	72.92	1.94	0.0509	1.0	-0.22	2.74	1.00	0.00	0.16	111115
60	"17:23:13"	792.5	0	2.23	0.0255	242	0.488	1.38	17.91	6	1.42	1	2.84	15.57	17.91	15.10	400.04	392.78	7.890	9.338	32.41	38.36	200.3	1701	9	72.93	1.94	0.0509	1.0	-0.22	2.74	1.00	0.00	0.16	111115
"17:23:21 Coolers: Tblock -> 20.00 C"
"17:25:46 Flow: Fixed -> 200 umol/s"
61	"17:26:00"	959.5	0	2.43	0.0273	237	0.574	1.51	20.36	6	1.42	1	2.84	19.71	20.36	19.98	399.86	391.89	10.478	12.176	33.15	38.52	200.2	1699	8	72.92	1.96	-0.00833	1.0	-0.22	2.74	1.00	0.00	0.16	111115
62	"17:26:00"	959.5	0	2.43	0.0273	237	0.574	1.51	20.36	6	1.42	1	2.84	19.71	20.36	19.98	399.86	391.89	10.478	12.176	33.15	38.52	200.2	1699	8	72.92	1.96	-0.00833	1.0	-0.22	2.74	1.00	0.00	0.16	111115
63	"17:26:01"	960.0	0	2.43	0.0274	238	0.574	1.51	20.34	6	1.42	1	2.84	19.71	20.34	19.98	399.85	391.88	10.478	12.177	33.14	38.52	200.2	1699	8	72.92	1.96	-0.00833	1.0	-0.22	2.74	1.00	0.00	0.16	111115
64	"17:26:01"	960.5	0	2.43	0.0274	238	0.575	1.51	20.33	6	1.42	1	2.84	19.72	20.33	19.98	399.86	391.90	10.477	12.179	33.13	38.52	200.2	1699	8	72.92	1.96	-0.00833	1.0	-0.22	2.74	1.00	0.00	0.16	111115
65	"17:26:02"	961.0	0	2.44	0.0275	238	0.576	1.51	20.32	6	1.42	1	2.84	19.72	20.32	19.98	399.87	391.89	10.477	12.181	33.13	38.52	200.2	1699	8	72.92	1.96	-0.00833	1.0	-0.22	2.74	1.00	0.00	0.16	111115
66	"17:26:02"	961.5	0	2.45	0.0275	237	0.576	1.5	20.32	6	1.42	1	2.84	19.72	20.32	19.98	399.88	391.85	10.477	12.182	33.13	38.52	200.2	1699	8	72.92	1.96	-0.00833	1.0	-0.22	2.74	1.00	0.00	0.16	111115
67	"17:26:03"	962.0	0	2.47	0.0276	237	0.576	1.5	20.31	6	1.42	1	2.84	19.72	20.31	19.98	399.92	391.85	10.478	12.184	33.13	38.52	200.2	1699	8	72.92	1.96	-0.00833	1.0	-0.22	2.74	1.00	0.00	0.16	111115
68	"17:26:03"	962.5	0	2.47	0.0276	236	0.576	1.5	20.31	6	1.42	1	2.84	19.73	20.31	19.98	399.95	391.85	10.479	12.185	33.12	38.52	200.2	1699	8	72.92	1.96	-0.00833	1.0	-0.22	2.74	1.00	0.00	0.16	111115
69	"17:26:04"	963.0	0	2.47	0.0276	237	0.577	1.5	20.31	6	1.42	1	2.84	19.73	20.31	19.98	399.96	391.88	10.479	12.187	33.12	38.52	200.2	1699	8	72.92	1.96	-0.00833	1.0	-0.22	2.74	1.00	0.00	0.16	111115
70	"17:26:04"	963.5	0	2.49	0.0276	236	0.577	1.5	20.30	6	1.42	1	2.84	19.73	20.30	19.98	399.98	391.85	10.480	12.188	33.12	38.51	200.2	1699	8	72.92	1.96	-0.00833	1.0	-0.22	2.74	1.00	0.00	0.16	111115
71	"17:26:05"	964.0	0	2.5	0.0277	236	0.578	1.5	20.30	6	1.42	1	2.84	19.73	20.30	19.98	400.01	391.84	10.480	12.190	33.11	38.52	200.2	1699	8	72.92	1.96	-0.00833	1.0	-0.22	2.74	1.00	0.00	0.16	111115
72	"17:26:05"	964.5	0	2.5	0.0277	235	0.578	1.5	20.30	6	1.42	1	2.84	19.73	20.30	19.98	400.01	391.83	10.480	12.192	33.11	38.52	200.2	1699	8	72.92	1.96	-0.00833	1.0	-0.22	2.74	1.00	0.00	0.16	111115
73	"17:26:06"	965.0	0	2.5	0.0277	236	0.578	1.5	20.31	6	1.42	1	2.84	19.74	20.31	19.98	400.01	391.84	10.480	12.192	33.10	38.51	200.2	1699	8	72.92	1.96	-0.00833	1.0	-0.22	2.74	1.00	0.00	0.16	111115
74	"17:26:06"	965.5	0	2.48	0.0277	237	0.579	1.5	20.31	6	1.42	1	2.84	19.74	20.31	19.98	400.00	391.90	10.480	12.194	33.10	38.51	200.2	1699	8	72.92	1.96	-0.00833	1.0	-0.22	2.74	1.00	0.00	0.16	111115
75	"17:26:07"	966.0	0	2.49	0.0277	237	0.579	1.5	20.31	6	1.42	1	2.84	19.74	20.31	19.98	400.00	391.86	10.480	12.194	33.09	38.50	200.2	1699	8	72.92	1.96	-0.00833	1.0	-0.22	2.74	1.00	0.00	0.16	111115
"17:26:14 Coolers: Tblock -> 25.00 C"
"17:29:03 Flow: Fixed -> 200 umol/s"
76	"17:29:22"	1161.0	0	2.92	0.0352	244	0.872	1.78	22.82	6	1.42	1	2.84	24.20	22.82	25.05	400.84	391.06	11.254	13.831	27.08	33.27	200.2	1700	9	72.91	2.25	-0.0489	1.0	-0.22	2.74	1.00	0.00	0.16	111115
77	"17:29:22"	1161.0	0	2.92	0.0352	244	0.872	1.78	22.82	6	1.42	1	2.84	24.20	22.82	25.05	400.84	391.06	11.254	13.831	27.08	33.27	200.2	1700	9	72.91	2.25	-0.0489	1.0	-0.22	2.74	1.00	0.00	0.16	111115
78	"17:29:23"	1161.5	0	2.92	0.0353	244	0.873	1.78	22.82	6	1.42	1	2.84	24.20	22.82	25.05	400.84	391.05	11.254	13.834	27.07	33.28	200.2	1700	9	72.91	2.25	-0.0489	1.0	-0.22	2.74	1.00	0.00	0.16	111115
79	"17:29:23"	1162.0	0	2.92	0.0352	244	0.873	1.78	22.82	6	1.42	1	2.84	24.20	22.82	25.05	400.81	391.04	11.254	13.834	27.07	33.27	200.2	1700	8	72.91	2.25	-0.0489	1.0	-0.22	2.74	1.00	0.00	0.16	111115
80	"17:29:24"	1162.5	0	2.92	0.0353	245	0.874	1.78	22.82	6	1.42	1	2.84	24.20	22.82	25.05	400.78	391.02	11.253	13.837	27.06	33.28	200.2	1700	8	72.91	2.25	-0.0489	1.0	-0.22	2.74	1.00	0.00	0.16	111115
81	"17:29:24"	1163.0	0	2.93	0.0354	245	0.876	1.78	22.83	6	1.42	1	2.84	24.21	22.83	25.05	400.80	391.01	11.252	13.841	27.06	33.28	200.2	1700	8	72.91	2.25	-0.0489	1.0	-0.22	2.74	1.00	0.00	0.16	111115
82	"17:29:25"	1163.5	0	2.94	0.0354	244	0.877	1.78	22.83	6	1.42	1	2.84	24.21	22.83	25.05	400.82	390.98	11.251	13.844	27.05	33.28	200.2	1700	8	72.91	2.25	-0.0489	1.0	-0.22	2.74	1.00	0.00	0.16	111115
83	"17:29:25"	1164.0	0	2.95	0.0354	243	0.877	1.78	22.83	6	1.42	1	2.84	24.21	22.83	25.05	400.86	390.98	11.252	13.845	27.05	33.28	200.2	1700	8	72.91	2.25	-0.0489	0.7	-0.22	2.74	1.00	0.00	0.16	111115
84	"17:29:26"	1164.5	0	2.95	0.0355	244	0.878	1.78	22.83	6	1.42	1	2.84	24.21	22.83	25.05	400.85	390.97	11.252	13.848	27.05	33.29	200.2	1700	8	72.91	2.25	-0.0489	0.7	-0.22	2.74	1.00	0.00	0.16	111115
85	"17:29:26"	1165.5	0	2.95	0.0355	244	0.88	1.78	22.84	6	1.42	1	2.84	24.22	22.84	25.05	400.84	390.97	11.252	13.853	27.04	33.29	200.2	1700	8	72.91	2.25	-0.0489	0.7	-0.22	2.74	1.00	0.00	0.16	111115
86	"17:29:27"	1166.0	0	2.95	0.0356	244	0.881	1.78	22.84	6	1.42	1	2.84	24.22	22.84	25.05	400.85	390.98	11.252	13.857	27.04	33.30	200.3	1700	8	72.91	2.25	-0.0489	0.7	-0.22	2.74	1.00	0.00	0.16	111115
87	"17:29:27"	1166.5	0	2.96	0.0355	244	0.881	1.78	22.84	6	1.42	1	2.84	24.22	22.84	25.05	400.88	390.99	11.253	13.857	27.04	33.29	200.2	1700	8	72.91	2.25	-0.0489	0.7	-0.22	2.74	1.00	0.00	0.16	111115
88	"17:29:28"	1167.0	0	2.96	0.0355	244	0.881	1.78	22.85	6	1.42	1	2.84	24.22	22.85	25.05	400.86	390.97	11.254	13.857	27.04	33.29	200.2	1700	8	72.91	2.25	-0.0489	0.7	-0.22	2.74	1.00	0.00	0.16	111115
89	"17:29:29"	1167.5	0	2.94	0.0355	244	0.881	1.78	22.85	6	1.42	1	2.84	24.22	22.85	25.05	400.85	391.01	11.255	13.859	27.04	33.29	200.2	1700	8	72.91	2.25	-0.0489	0.7	-0.22	2.74	1.00	0.00	0.16	111115
90	"17:29:29"	1168.0	0	2.94	0.0356	245	0.882	1.78	22.85	6	1.42	1	2.84	24.22	22.85	25.05	400.85	391.02	11.255	13.862	27.03	33.30	200.2	1700	8	72.91	2.25	-0.0489	1.0	-0.22	2.74	1.00	0.00	0.16	111115
"17:29:40 Coolers: Tblock -> 30.00 C"
"17:33:33 Flow: Fixed -> 200 umol/s"
"17:33:52 Flow: Fixed -> 200 umol/s"
91	"17:34:13"	1452.5	0	2.36	0.0265	234	0.711	1.91	26.32	6	1.42	1	2.84	28.91	26.32	30.13	398.88	390.99	18.907	20.994	34.46	38.26	200.2	1701	7	72.91	2.64	-0.147	1.0	-0.22	2.74	1.00	0.00	0.16	111115
92	"17:34:14"	1452.5	0	2.36	0.0265	234	0.711	1.91	26.32	6	1.42	1	2.84	28.91	26.32	30.13	398.88	390.99	18.907	20.994	34.46	38.26	200.2	1701	7	72.91	2.64	-0.147	1.0	-0.22	2.74	1.00	0.00	0.16	111115
93	"17:34:14"	1453.0	0	2.33	0.0265	235	0.71	1.91	26.32	6	1.42	1	2.84	28.91	26.32	30.13	398.82	391.00	18.907	20.992	34.46	38.26	200.1	1701	7	72.91	2.64	-0.147	1.0	-0.22	2.74	1.00	0.00	0.16	111115
94	"17:34:15"	1453.5	0	2.32	0.0264	236	0.71	1.91	26.32	6	1.42	1	2.84	28.91	26.32	30.13	398.81	391.02	18.909	20.992	34.46	38.26	200.1	1701	7	72.91	2.64	-0.147	1.0	-0.22	2.74	1.00	0.00	0.16	111115
95	"17:34:15"	1454.0	0	2.32	0.0264	236	0.71	1.91	26.32	6	1.42	1	2.84	28.91	26.32	30.13	398.82	391.03	18.908	20.992	34.46	38.25	200.1	1701	7	72.91	2.64	-0.147	1.0	-0.22	2.74	1.00	0.00	0.16	111115
96	"17:34:16"	1454.5	0	2.34	0.0264	235	0.71	1.91	26.32	6	1.42	1	2.84	28.91	26.32	30.13	398.89	391.05	18.909	20.991	34.46	38.25	200.2	1701	7	72.91	2.64	-0.147	1.0	-0.22	2.74	1.00	0.00	0.16	111115
97	"17:34:16"	1455.0	0	2.34	0.0264	235	0.709	1.91	26.33	6	1.42	1	2.84	28.91	26.33	30.13	398.90	391.07	18.909	20.990	34.46	38.25	200.2	1701	7	72.91	2.64	-0.147	0.7	-0.22	2.74	1.00	0.00	0.16	111115
98	"17:34:17"	1455.5	0	2.35	0.0264	234	0.709	1.91	26.33	6	1.42	1	2.84	28.91	26.33	30.13	398.92	391.06	18.909	20.988	34.45	38.24	200.2	1701	7	72.91	2.64	-0.147	0.7	-0.22	2.74	1.00	0.00	0.16	111115
99	"17:34:17"	1456.5	0	2.36	0.0263	233	0.708	1.91	26.34	6	1.42	1	2.84	28.91	26.34	30.13	398.96	391.07	18.910	20.986	34.45	38.23	200.2	1701	7	72.91	2.64	-0.147	0.7	-0.22	2.74	1.00	0.00	0.16	111115
100	"17:34:18"	1456.5	0	2.36	0.0263	233	0.708	1.91	26.34	6	1.42	1	2.84	28.91	26.34	30.13	398.96	391.07	18.910	20.986	34.45	38.23	200.2	1701	7	72.91	2.64	-0.147	0.7	-0.22	2.74	1.00	0.00	0.16	111115
101	"17:34:18"	1457.0	0	2.37	0.0263	232	0.708	1.91	26.34	6	1.42	1	2.84	28.92	26.34	30.13	399.02	391.09	18.910	20.986	34.45	38.23	200.2	1701	7	72.91	2.64	-0.147	0.7	-0.22	2.74	1.00	0.00	0.16	111115
102	"17:34:19"	1457.5	0	2.37	0.0263	232	0.707	1.91	26.35	6	1.42	1	2.84	28.92	26.35	30.13	399.04	391.10	18.909	20.983	34.44	38.22	200.2	1701	7	72.91	2.64	-0.147	0.7	-0.22	2.74	1.00	0.00	0.16	111115
103	"17:34:19"	1458.0	0	2.37	0.0262	232	0.707	1.92	26.35	6	1.42	1	2.84	28.92	26.35	30.13	399.06	391.12	18.910	20.984	34.44	38.22	200.3	1701	7	72.91	2.64	-0.147	0.7	-0.22	2.74	1.00	0.00	0.16	111115
104	"17:34:20"	1458.5	0	2.36	0.0262	232	0.707	1.92	26.36	6	1.42	1	2.84	28.92	26.36	30.13	399.02	391.11	18.909	20.983	34.44	38.22	200.2	1700	7	72.91	2.64	-0.147	0.7	-0.22	2.74	1.00	0.00	0.16	111115
105	"17:34:20"	1459.0	0	2.37	0.0262	232	0.706	1.92	26.36	6	1.42	1	2.84	28.92	26.36	30.13	399.02	391.09	18.910	20.982	34.44	38.21	200.2	1701	7	72.91	2.64	-0.147	0.7	-0.22	2.74	1.00	0.00	0.16	111115
"17:34:30 Lamp: ParIn ->  1700 uml"
"17:34:30 CO2 Mixer: CO2R -> 400 uml"
"17:34:30 Coolers: Tblock -> 30.00 C"
"17:34:30 Flow: Fixed -> 200 umol/s"
"17:35:57 Coolers: Tblock -> 35.00 C"
"17:39:28 Flow: Fixed -> 200 umol/s"
"17:39:45 Flow: Fixed -> 200 umol/s"
106	"17:39:59"	1799.5	0	1.28	0.0127	214	0.516	2.85	30.30	6	1.42	1	2.84	33.40	30.30	35.01	400.57	396.11	18.828	20.342	26.57	28.70	200.1	1701	9	72.91	3.03	-0.162	1.0	-0.22	2.74	1.00	0.00	0.16	111115
107	"17:40:00"	1799.5	0	1.28	0.0127	214	0.516	2.85	30.30	6	1.42	1	2.84	33.40	30.30	35.01	400.57	396.11	18.828	20.342	26.57	28.70	200.1	1701	9	72.91	3.03	-0.162	1.0	-0.22	2.74	1.00	0.00	0.16	111115
108	"17:40:00"	1799.5	0	1.28	0.0127	214	0.516	2.85	30.30	6	1.42	1	2.84	33.40	30.30	35.01	400.57	396.11	18.828	20.342	26.57	28.70	200.1	1701	9	72.91	3.03	-0.162	1.0	-0.22	2.74	1.00	0.00	0.16	111115
109	"17:40:00"	1800.0	0	1.28	0.0127	215	0.515	2.85	30.30	6	1.42	1	2.84	33.40	30.30	35.01	400.55	396.10	18.826	20.340	26.56	28.70	200.1	1701	9	72.91	3.03	-0.162	1.0	-0.22	2.74	1.00	0.00	0.16	111115
110	"17:40:01"	1800.5	0	1.26	0.0127	217	0.516	2.85	30.31	6	1.42	1	2.84	33.40	30.31	35.01	400.51	396.12	18.827	20.341	26.56	28.70	200.1	1701	9	72.91	3.03	-0.162	1.0	-0.22	2.74	1.00	0.00	0.16	111115
111	"17:40:01"	1801.0	0	1.22	0.0127	221	0.516	2.85	30.31	6	1.42	1	2.84	33.40	30.31	35.01	400.43	396.15	18.829	20.343	26.56	28.70	200.2	1701	9	72.91	3.03	-0.162	1.0	-0.22	2.74	1.00	0.00	0.16	111115
112	"17:40:02"	1801.5	0	1.2	0.0127	225	0.516	2.85	30.31	6	1.42	1	2.84	33.41	30.31	35.01	400.36	396.16	18.828	20.343	26.56	28.70	200.2	1701	9	72.91	3.03	-0.162	1.0	-0.22	2.74	1.00	0.00	0.16	111115
113	"17:40:02"	1802.0	0	1.17	0.0127	228	0.516	2.85	30.31	6	1.42	1	2.84	33.41	30.31	35.01	400.31	396.18	18.828	20.343	26.56	28.70	200.2	1701	9	72.91	3.03	-0.162	1.0	-0.22	2.74	1.00	0.00	0.16	111115
114	"17:40:03"	1802.5	0	1.16	0.0127	229	0.516	2.86	30.32	6	1.42	1	2.84	33.41	30.32	35.01	400.25	396.17	18.827	20.342	26.56	28.70	200.2	1701	9	72.91	3.03	-0.162	1.0	-0.22	2.74	1.00	0.00	0.16	111115
115	"17:40:03"	1803.0	0	1.14	0.0127	231	0.515	2.86	30.32	6	1.42	1	2.84	33.41	30.32	35.01	400.20	396.16	18.828	20.341	26.56	28.69	200.2	1701	9	72.91	3.03	-0.162	1.0	-0.22	2.74	1.00	0.00	0.16	111115
116	"17:40:04"	1803.5	0	1.14	0.0127	231	0.515	2.85	30.31	6	1.42	1	2.84	33.41	30.31	35.01	400.17	396.15	18.828	20.340	26.56	28.69	200.2	1701	9	72.91	3.03	-0.162	1.0	-0.22	2.74	1.00	0.00	0.16	111115
117	"17:40:04"	1804.0	0	1.14	0.0127	231	0.515	2.85	30.31	6	1.42	1	2.84	33.41	30.31	35.01	400.19	396.15	18.829	20.340	26.56	28.69	200.2	1701	9	72.91	3.03	-0.162	1.0	-0.22	2.74	1.00	0.00	0.16	111115
118	"17:40:05"	1804.5	0	1.16	0.0127	229	0.514	2.86	30.31	6	1.42	1	2.84	33.41	30.31	35.01	400.19	396.12	18.829	20.340	26.55	28.69	200.2	1701	9	72.91	3.03	-0.162	1.0	-0.22	2.74	1.00	0.00	0.16	111115
119	"17:40:05"	1805.0	0	1.15	0.0127	229	0.514	2.86	30.32	6	1.42	1	2.84	33.41	30.32	35.01	400.18	396.11	18.828	20.338	26.55	28.68	200.1	1701	9	72.91	3.03	-0.162	1.0	-0.22	2.74	1.00	0.00	0.16	111115
120	"17:40:06"	1805.5	0	1.15	0.0127	230	0.514	2.86	30.32	6	1.42	1	2.84	33.41	30.32	35.01	400.19	396.13	18.828	20.338	26.55	28.68	200.2	1701	9	72.91	3.03	-0.162	1.0	-0.22	2.74	1.00	0.00	0.16	111115
"17:40:15 Coolers: Tblock -> 40.00 C"
"17:42:16 Flow: Fixed -> 200 umol/s"
121	"17:42:28"	1948.0	0	1.17	0.013	228	0.628	3.39	32.44	6	1.42	1	2.84	37.63	32.44	40.10	401.14	396.90	18.762	20.607	20.97	23.03	200.2	1699	9	72.91	3.42	-0.205	1.0	-0.22	2.74	1.00	0.00	0.16	111115
122	"17:42:28"	1948.0	0	1.17	0.013	228	0.628	3.39	32.44	6	1.42	1	2.84	37.63	32.44	40.10	401.14	396.90	18.762	20.607	20.97	23.03	200.2	1699	9	72.91	3.42	-0.205	1.0	-0.22	2.74	1.00	0.00	0.16	111115
123	"17:42:28"	1948.0	0	1.17	0.013	228	0.628	3.39	32.44	6	1.42	1	2.84	37.63	32.44	40.10	401.14	396.90	18.762	20.607	20.97	23.03	200.2	1699	9	72.91	3.42	-0.205	1.0	-0.22	2.74	1.00	0.00	0.16	111115
124	"17:42:29"	1948.5	0	1.17	0.013	227	0.628	3.4	32.45	6	1.42	1	2.84	37.63	32.45	40.10	401.19	396.92	18.763	20.608	20.96	23.03	200.2	1699	9	72.91	3.42	-0.205	1.0	-0.22	2.74	1.00	0.00	0.16	111115
125	"17:42:29"	1949.0	0	1.2	0.013	224	0.629	3.4	32.46	6	1.42	1	2.84	37.63	32.46	40.10	401.28	396.92	18.761	20.609	20.96	23.02	200.1	1699	9	72.9	3.42	-0.205	1.0	-0.22	2.74	1.00	0.00	0.16	111115
126	"17:42:30"	1949.5	0	1.23	0.013	221	0.63	3.4	32.46	6	1.42	1	2.84	37.64	32.46	40.10	401.38	396.95	18.761	20.611	20.96	23.02	200.1	1699	10	72.9	3.42	-0.205	1.0	-0.22	2.74	1.00	0.00	0.16	111115
127	"17:42:30"	1950.0	0	1.24	0.013	219	0.63	3.4	32.47	6	1.42	1	2.84	37.64	32.47	40.10	401.40	396.93	18.762	20.611	20.95	23.02	200.1	1699	10	72.9	3.42	-0.205	1.0	-0.22	2.74	1.00	0.00	0.16	111115
128	"17:42:31"	1950.5	0	1.22	0.013	221	0.631	3.4	32.48	6	1.42	1	2.84	37.64	32.48	40.10	401.37	396.95	18.762	20.614	20.95	23.01	200.1	1699	10	72.9	3.42	-0.205	1.0	-0.22	2.74	1.00	0.00	0.16	111115
129	"17:42:31"	1951.0	0	1.2	0.013	224	0.631	3.41	32.49	6	1.42	1	2.84	37.65	32.49	40.10	401.33	396.97	18.761	20.615	20.94	23.01	200.1	1699	10	72.9	3.42	-0.205	1.0	-0.22	2.74	1.00	0.00	0.16	111115
130	"17:42:32"	1951.5	0	1.18	0.013	227	0.631	3.41	32.50	6	1.42	1	2.84	37.65	32.50	40.10	401.31	397.02	18.763	20.616	20.94	23.01	200.1	1699	10	72.9	3.42	-0.205	1.0	-0.22	2.74	1.00	0.00	0.16	111115
131	"17:42:32"	1952.0	0	1.14	0.013	231	0.632	3.41	32.50	6	1.42	1	2.84	37.65	32.50	40.10	401.23	397.05	18.762	20.619	20.94	23.01	200.1	1699	10	72.9	3.42	-0.205	1.0	-0.22	2.74	1.00	0.00	0.16	111115
132	"17:42:33"	1952.5	0	1.12	0.013	234	0.633	3.41	32.51	6	1.42	1	2.84	37.65	32.51	40.10	401.16	397.06	18.762	20.620	20.94	23.01	200.1	1699	10	72.9	3.42	-0.205	1.0	-0.22	2.74	1.00	0.00	0.16	111115
133	"17:42:33"	1953.0	0	1.09	0.013	238	0.633	3.41	32.52	6	1.42	1	2.84	37.66	32.52	40.10	401.05	397.04	18.763	20.620	20.93	23.01	200.2	1699	10	72.9	3.42	-0.205	1.0	-0.22	2.74	1.00	0.00	0.16	111115
134	"17:42:34"	1953.5	0	1.05	0.013	242	0.633	3.42	32.53	6	1.42	1	2.84	37.66	32.53	40.10	400.97	397.06	18.763	20.622	20.93	23.01	200.2	1699	10	72.9	3.42	-0.205	1.0	-0.22	2.74	1.00	0.00	0.16	111115
135	"17:42:34"	1954.0	0	1.05	0.013	243	0.633	3.42	32.53	6	1.42	1	2.84	37.66	32.53	40.10	400.98	397.09	18.762	20.622	20.93	23.00	200.2	1699	10	72.9	3.42	-0.205	1.0	-0.22	2.74	1.00	0.00	0.16	111115
"17:42:44 Coolers: Tblock -> 45.00 C"
"17:44:43 Flow: Fixed -> 200 umol/s"
136	"17:44:59"	2098.0	0	1.15	0.0144	238	0.833	4.03	34.77	6	1.42	1	2.84	41.87	34.77	44.91	399.80	395.37	18.725	21.170	16.67	18.85	200.0	1701	9	72.9	3.77	-0.248	1.0	-0.22	2.74	1.00	0.00	0.16	111115
137	"17:44:59"	2098.0	0	1.15	0.0144	238	0.833	4.03	34.77	6	1.42	1	2.84	41.87	34.77	44.91	399.80	395.37	18.725	21.170	16.67	18.85	200.0	1701	9	72.9	3.77	-0.248	1.0	-0.22	2.74	1.00	0.00	0.16	111115
138	"17:44:59"	2098.5	0	1.18	0.0144	234	0.833	4.03	34.78	6	1.42	1	2.84	41.87	34.78	44.91	399.88	395.34	18.726	21.173	16.68	18.85	200.0	1701	9	72.9	3.77	-0.248	1.0	-0.22	2.74	1.00	0.00	0.16	111115
139	"17:45:00"	2099.0	0	1.21	0.0144	231	0.834	4.04	34.78	6	1.42	1	2.84	41.87	34.78	44.90	399.97	395.34	18.726	21.174	16.67	18.85	200.0	1701	9	72.9	3.77	-0.248	1.0	-0.22	2.74	1.00	0.00	0.16	111115
140	"17:45:00"	2099.5	0	1.25	0.0144	227	0.834	4.04	34.80	6	1.42	1	2.84	41.87	34.80	44.90	400.06	395.33	18.726	21.176	16.67	18.85	200.0	1701	9	72.9	3.77	-0.248	1.0	-0.22	2.74	1.00	0.00	0.16	111115
141	"17:45:01"	2100.0	0	1.26	0.0144	226	0.835	4.04	34.81	6	1.42	1	2.84	41.87	34.81	44.90	400.10	395.33	18.726	21.177	16.67	18.85	200.0	1701	9	72.9	3.77	-0.248	1.0	-0.22	2.74	1.00	0.00	0.16	111115
142	"17:45:02"	2100.5	0	1.28	0.0144	224	0.835	4.04	34.80	6	1.42	1	2.84	41.87	34.80	44.90	400.16	395.33	18.727	21.180	16.67	18.86	200.0	1701	9	72.9	3.77	-0.248	1.0	-0.22	2.74	1.00	0.00	0.16	111115
143	"17:45:02"	2101.0	0	1.28	0.0144	223	0.836	4.04	34.79	6	1.42	1	2.84	41.88	34.79	44.90	400.17	395.33	18.728	21.182	16.67	18.86	200.0	1701	9	72.9	3.77	-0.248	1.0	-0.22	2.74	1.00	0.00	0.16	111115
144	"17:45:03"	2101.5	0	1.28	0.0144	224	0.837	4.04	34.79	6	1.42	1	2.84	41.88	34.79	44.90	400.19	395.35	18.728	21.184	16.67	18.86	200.1	1701	9	72.91	3.77	-0.248	1.0	-0.22	2.74	1.00	0.00	0.16	111115
145	"17:45:03"	2102.0	0	1.26	0.0145	226	0.838	4.04	34.79	6	1.42	1	2.84	41.88	34.79	44.90	400.14	395.36	18.728	21.187	16.67	18.86	200.1	1701	9	72.91	3.77	-0.248	1.0	-0.22	2.74	1.00	0.00	0.16	111115
146	"17:45:04"	2102.5	0	1.25	0.0145	227	0.838	4.04	34.80	6	1.42	1	2.84	41.88	34.80	44.90	400.09	395.35	18.728	21.188	16.67	18.86	200.1	1701	9	72.91	3.77	-0.248	1.0	-0.22	2.74	1.00	0.00	0.16	111115
147	"17:45:04"	2103.5	0	1.18	0.0145	235	0.839	4.04	34.79	6	1.42	1	2.84	41.89	34.79	44.91	399.91	395.37	18.730	21.192	16.67	18.86	200.1	1701	9	72.91	3.77	-0.248	1.0	-0.22	2.74	1.00	0.00	0.16	111115
148	"17:45:05"	2104.0	0	1.16	0.0145	237	0.839	4.04	34.79	6	1.42	1	2.84	41.89	34.79	44.91	399.86	395.39	18.731	21.194	16.66	18.86	200.1	1701	9	72.91	3.77	-0.248	1.0	-0.22	2.74	1.00	0.00	0.16	111115
149	"17:45:06"	2104.5	0	1.15	0.0145	239	0.84	4.04	34.80	6	1.42	1	2.84	41.89	34.80	44.91	399.81	395.37	18.730	21.197	16.66	18.86	200.1	1701	9	72.91	3.77	-0.248	1.0	-0.22	2.74	1.00	0.00	0.16	111115
150	"17:45:06"	2105.0	0	1.16	0.0145	237	0.841	4.04	34.81	6	1.42	1	2.84	41.89	34.81	44.91	399.85	395.37	18.730	21.198	16.66	18.85	200.1	1701	9	72.91	3.77	-0.248	1.0	-0.22	2.74	1.00	0.00	0.16	111115
"17:45:19 Coolers: Tblock -> 50.00 C"
"17:47:31 Flow: Fixed -> 200 umol/s"
"17:49:23 Flow: Fixed -> 200 umol/s"
