"OPEN 6.2.4"
"Thr Jun 30 2016 15:40:09"
<open><version>"6.2.4"</version></open>
<open><configfile>"/User/Configs/UserPrefs/2x3 LED.xml"</configfile></open>
<open><light><source>"6400-02 or -02B LED Source"</source><par_in>1<sensor>"SI-3781"<cal>-0.93<actinity>1.00</actinity><transm>1.00</transm></cal></sensor><transm>1</transm></par_in><par_out>1<sensor>"Q49599"<cal>7.26</cal></sensor></par_out></light></open>
<open><comps><file>"/User/Configs/Comps/StdComps_6.2"<header>""</header><extras></extras></file><energybal>no<f_parIn>1</f_parIn><f_parOut>0</f_parOut><alphaK>0.16</alphaK></energybal><bc_total>2.840<stomatal_ratio>1</stomatal_ratio><bc_oneside>1.420<type>2</type><table>"/Sys/Lib/StdBLCTable"</table><area>6</area><slope>-0.219565</slope><offset>2.73739</offset><fan>5</fan></bc_oneside></bc_total></comps></open>
<open><prompts><onlog>off</onlog><items>"Default (none)"</items></prompts></open>
<open><constants><oxygen>21 %</oxygen><bb_vapor>1.5</bb_vapor><bb_oxy>0.9</bb_oxy></constants></open>
<open><stability><items>"Std Stability"<items[1]><id>-2</id><size>15</size><pcv><onoff>0</onoff><value>1</value></pcv><std><onoff>0</onoff><value>1</value></std><slp><onoff>1</onoff><value>1</value></slp></items[1]><items[2]><id>-5</id><size>15</size><pcv><onoff>0</onoff><value>1</value></pcv><std><onoff>0</onoff><value>1</value></std><slp><onoff>1</onoff><value>1</value></slp></items[2]><items[3]><id>-7</id><size>15</size><pcv><onoff>0</onoff><value>1</value></pcv><std><onoff>0</onoff><value>1</value></std><slp><onoff>1</onoff><value>1</value></slp></items[3]></items></stability></open>
<open><log><format>"StdLogFmt_6.0"<items>{ -35 -21 -36 -76 30 23 36 21 25 221 -33 111 -34 11 -9 -10 -8 -1 -2 -4 -5 -14 -15 -7 -12 -13 -11 -65 -66 -72 -18 -19 -77 -78 -79 -23  }<hdr>{  }</hdr></items></format><options><beep>on</beep><hdr>normal</hdr><rem>normal</rem><stab>no</stab><stats>no<mean>no</mean><file>no</file><period>15</period></stats><excel>yes</excel><controls>yes</controls><comm>no</comm></options><datafile>"/User/063016-stm-ger1"</datafile><button><action>"Normal Log"<code>" LogOneObsManual "</code></action></button><autoprog>"/User/Configs/AutoProgs/AutoLog2"<active>no</active></autoprog></log></open>
<open><a2d><avgtime>4.0 secs</avgtime><userchans><ch20>"Off"</ch20><ch21>"Off"</ch21><ch22>"Off"</ch22><ch23>"Off"</ch23></userchans></a2d></open>
<open><matching><type>0</type><disp>'a'</disp><settings><CO2Limit>10.0</CO2Limit><H2OLimit>1.0</H2OLimit><MaxAutoTime>60</MaxAutoTime></settings></matching></open>
<li6400><factory><unit>"PSC-3840"</unit><serviced>"1 Jul 2013"</serviced><fuseaware>0</fuseaware><co2mixer>yes</co2mixer><co2><coeffs>{ 0 0.213319 2.22998e-05 2.13159e-08 -3.88664e-12 3.69888e-16  }</coeffs><dvdt>-4.7</dvdt><xs>{ 0.0009 -0.0002  }</xs></co2><h2o><coeffs>{ 0 0.00572751 2.23485e-06 -7.37877e-12  }</coeffs><dvdt>-1.7</dvdt><xs>{ 0.0009 -0.0028  }</xs></h2o><flow>{ 0 0.3568  }</flow><press>{ 88.437 0.00551  }</press></factory></li6400>
<li6400><user><flow_zero>-898.4</flow_zero><irga_zero><co2>468.8 234.4<at>18.1598</at></co2><h2o>78.1 156.2<at>17.1607</at></h2o></irga_zero><irga_span><co2>{ 0.99237 0.992833  }</co2><h2o>{ 1.00426 0.996799  }</h2o></irga_span><irga_match><co2>{ 0.940565 2.22436  }</co2><h2o>{ 0.00477181 0.0661952  }</h2o></irga_match><co2_mixer><pump_mv>4500</pump_mv><ppm>{ 2938.24 1287.24 480.57 287.911 131.964 79.0122 54.4649 48.1774  }</ppm><mv>{ 5000 3000 1500 1000 500 300 200 100  }</mv></co2_mixer><parin_offset>0</parin_offset><led_cal><unit>"SI-3781"</unit><mv>{ 10 25 50 100 1000 2000 3000 4000 5000  }</mv><qntm>{ 4.69642 15.4417 35.4805 82.2863 972.665 1922.29 2824.32 3690.14 4518.2  }</qntm></led_cal><lcf_cal><unit>"unknown"</unit><red><mv>{ 50 100 500 1000 1500 5000  }</mv><qntm>{ 50 100 500 1000 2000 5000  }</qntm></red><blue><mv>{ 100 200 500 1000 2000 5000  }</mv><qntm>{ 10 20 50 100 200 500  }</qntm></blue></lcf_cal></user></li6400>
"15:40:11 "
$STARTOFDATA$
"Obs"	"HHMMSS"	"FTime"	"EBal?"	"Photo"	"Cond"	"Ci"	"Trmmol"	"VpdL"	"CTleaf"	"Area"	"BLC_1"	"StmRat"	"BLCond"	"Tair"	"Tleaf"	"TBlk"	"CO2R"	"CO2S"	"H2OR"	"H2OS"	"RH_R"	"RH_S"	"Flow"	"PARi"	"PARo"	"Press"	"CsMch"	"HsMch"	"StableF"	"BLCslope"	"BLCoffst"	"f_parin"	"f_parout"	"alphaK"	"Status"
1	"15:40:30"	55.5	0	8.56	0.107	247	1.49	1.04	10.92	6	1.42	1	2.84	2.86	10.92	0.05	399.91	386.21	1.414	3.636	13.70	35.25	400.1	1700	5	73.02	2.22	0.0662	1.0	-0.22	2.74	1.00	0.00	0.16	111115
2	"15:40:30"	56.0	0	8.57	0.107	246	1.49	1.04	10.92	6	1.42	1	2.84	2.86	10.92	0.05	399.91	386.19	1.414	3.637	13.71	35.25	400.1	1700	5	73.02	2.22	0.0662	1.0	-0.22	2.74	1.00	0.00	0.16	111115
3	"15:40:31"	56.0	0	8.57	0.107	246	1.49	1.04	10.92	6	1.42	1	2.84	2.86	10.92	0.05	399.91	386.19	1.414	3.637	13.71	35.25	400.1	1700	5	73.02	2.22	0.0662	1.0	-0.22	2.74	1.00	0.00	0.16	111115
4	"15:40:31"	56.5	0	8.59	0.107	246	1.49	1.04	10.92	6	1.42	1	2.84	2.86	10.92	0.05	399.94	386.19	1.414	3.638	13.71	35.26	400.1	1700	5	73.02	2.22	0.0662	1.0	-0.22	2.74	1.00	0.00	0.16	111115
5	"15:40:32"	57.0	0	8.59	0.107	246	1.49	1.04	10.91	6	1.42	1	2.84	2.86	10.91	0.05	399.94	386.18	1.415	3.639	13.71	35.27	400.1	1700	5	73.02	2.22	0.0662	1.0	-0.22	2.74	1.00	0.00	0.16	111115
6	"15:40:32"	57.5	0	8.61	0.107	246	1.49	1.04	10.92	6	1.42	1	2.84	2.86	10.92	0.05	399.95	386.18	1.416	3.640	13.72	35.28	400.1	1700	5	73.02	2.22	0.0662	1.0	-0.22	2.74	1.00	0.00	0.16	111115
7	"15:40:32"	58.0	0	8.63	0.107	245	1.49	1.04	10.92	6	1.42	1	2.84	2.86	10.92	0.05	399.97	386.17	1.417	3.640	13.73	35.28	400.1	1700	5	73.02	2.22	0.0662	1.0	-0.22	2.74	1.00	0.00	0.16	111115
8	"15:40:33"	59.0	0	8.59	0.107	246	1.49	1.04	10.92	6	1.42	1	2.84	2.86	10.92	0.05	399.97	386.22	1.419	3.641	13.75	35.29	400.1	1700	4	73.02	2.22	0.0662	1.0	-0.22	2.74	1.00	0.00	0.16	111115
9	"15:40:33"	59.0	0	8.59	0.107	246	1.49	1.04	10.92	6	1.42	1	2.84	2.86	10.92	0.05	399.97	386.22	1.419	3.641	13.75	35.29	400.1	1700	4	73.02	2.22	0.0662	1.0	-0.22	2.74	1.00	0.00	0.16	111115
10	"15:40:34"	59.5	0	8.57	0.107	246	1.49	1.04	10.92	6	1.42	1	2.84	2.86	10.92	0.05	399.95	386.23	1.419	3.642	13.75	35.29	400.1	1700	4	73.02	2.22	0.0662	1.0	-0.22	2.74	1.00	0.00	0.16	111115
11	"15:40:34"	60.0	0	8.57	0.107	246	1.49	1.04	10.92	6	1.42	1	2.84	2.86	10.92	0.05	399.97	386.25	1.420	3.642	13.76	35.30	400.1	1700	4	73.02	2.22	0.0662	1.0	-0.22	2.74	1.00	0.00	0.16	111115
12	"15:40:35"	60.5	0	8.58	0.107	246	1.49	1.05	10.93	6	1.42	1	2.84	2.86	10.93	0.04	399.97	386.24	1.421	3.641	13.77	35.29	400.1	1700	4	73.02	2.22	0.0662	1.0	-0.22	2.74	1.00	0.00	0.16	111115
13	"15:40:35"	61.0	0	8.57	0.106	246	1.49	1.05	10.93	6	1.42	1	2.84	2.86	10.93	0.04	399.98	386.26	1.422	3.641	13.78	35.29	400.0	1700	4	73.02	2.22	0.0662	1.0	-0.22	2.74	1.00	0.00	0.16	111115
14	"15:40:36"	61.5	0	8.56	0.106	246	1.48	1.05	10.94	6	1.42	1	2.84	2.86	10.94	0.04	400.01	386.30	1.422	3.641	13.79	35.30	400.0	1700	4	73.02	2.22	0.0662	1.0	-0.22	2.74	1.00	0.00	0.16	111115
15	"15:40:36"	62.0	0	8.58	0.106	246	1.48	1.05	10.93	6	1.42	1	2.84	2.86	10.93	0.04	400.03	386.29	1.422	3.641	13.79	35.29	400.0	1700	4	73.02	2.22	0.0662	1.0	-0.22	2.74	1.00	0.00	0.16	111115
"15:40:44 Coolers: Tblock -> 5.00 C"
"15:44:09 Flow: Fixed -> 400 umol/s"
16	"15:44:24"	290.0	0	9.09	0.102	230	1.56	1.14	12.93	6	1.42	1	2.84	6.82	12.93	5.13	399.63	385.10	2.551	4.872	18.75	35.81	400.0	1700	4	73.01	1.57	0.0544	1.0	-0.22	2.74	1.00	0.00	0.16	111115
17	"15:44:25"	290.0	0	9.09	0.102	230	1.56	1.14	12.93	6	1.42	1	2.84	6.82	12.93	5.13	399.63	385.10	2.551	4.872	18.75	35.81	400.0	1700	4	73.01	1.57	0.0544	1.0	-0.22	2.74	1.00	0.00	0.16	111115
18	"15:44:25"	290.5	0	9.07	0.102	230	1.55	1.14	12.93	6	1.42	1	2.84	6.82	12.93	5.13	399.59	385.09	2.551	4.871	18.75	35.80	400.0	1700	4	73.01	1.57	0.0544	1.0	-0.22	2.74	1.00	0.00	0.16	111115
19	"15:44:26"	291.0	0	9.06	0.102	230	1.55	1.14	12.94	6	1.42	1	2.84	6.82	12.94	5.13	399.58	385.10	2.551	4.871	18.75	35.80	400.1	1700	4	73.01	1.57	0.0544	1.0	-0.22	2.74	1.00	0.00	0.16	111115
20	"15:44:26"	291.5	0	9.11	0.102	229	1.55	1.14	12.94	6	1.42	1	2.84	6.82	12.94	5.13	399.62	385.05	2.552	4.871	18.75	35.80	400.1	1700	4	73.01	1.57	0.0544	1.0	-0.22	2.74	1.00	0.00	0.16	111115
21	"15:44:27"	292.0	0	9.12	0.102	229	1.55	1.14	12.95	6	1.42	1	2.84	6.82	12.95	5.13	399.61	385.03	2.552	4.871	18.76	35.79	400.1	1700	4	73.01	1.57	0.0544	1.0	-0.22	2.74	1.00	0.00	0.16	111115
22	"15:44:27"	292.5	0	9.16	0.102	229	1.55	1.14	12.95	6	1.42	1	2.84	6.82	12.95	5.13	399.64	385.00	2.552	4.872	18.75	35.80	400.1	1700	5	73.01	1.57	0.0544	1.0	-0.22	2.74	1.00	0.00	0.16	111115
23	"15:44:27"	293.0	0	9.17	0.101	228	1.55	1.14	12.96	6	1.42	1	2.84	6.82	12.96	5.13	399.64	384.99	2.553	4.873	18.76	35.80	400.1	1700	5	73.01	1.57	0.0544	1.0	-0.22	2.74	1.00	0.00	0.16	111115
24	"15:44:28"	293.5	0	9.16	0.101	228	1.55	1.15	12.98	6	1.42	1	2.84	6.83	12.98	5.13	399.63	385.00	2.553	4.874	18.76	35.80	400.1	1700	4	73.01	1.57	0.0544	1.0	-0.22	2.74	1.00	0.00	0.16	111115
25	"15:44:28"	294.0	0	9.18	0.101	228	1.55	1.15	12.99	6	1.42	1	2.84	6.83	12.99	5.13	399.67	385.01	2.555	4.874	18.77	35.80	400.1	1700	4	73.01	1.57	0.0544	1.0	-0.22	2.74	1.00	0.00	0.16	111115
26	"15:44:29"	294.5	0	9.2	0.101	227	1.55	1.15	12.99	6	1.42	1	2.84	6.83	12.99	5.13	399.72	385.03	2.555	4.874	18.77	35.80	400.1	1700	4	73.01	1.57	0.0544	1.0	-0.22	2.74	1.00	0.00	0.16	111115
27	"15:44:29"	295.0	0	9.22	0.101	227	1.55	1.15	12.99	6	1.42	1	2.84	6.83	12.99	5.13	399.75	385.03	2.556	4.874	18.78	35.80	400.1	1700	4	73.01	1.57	0.0544	1.0	-0.22	2.74	1.00	0.00	0.16	111115
28	"15:44:30"	295.5	0	9.2	0.101	227	1.55	1.15	12.98	6	1.42	1	2.84	6.83	12.98	5.13	399.74	385.04	2.557	4.875	18.78	35.81	400.1	1700	4	73.01	1.57	0.0544	1.0	-0.22	2.74	1.00	0.00	0.16	111115
29	"15:44:30"	296.0	0	9.19	0.101	228	1.55	1.14	12.98	6	1.42	1	2.84	6.83	12.98	5.13	399.74	385.07	2.557	4.876	18.78	35.81	400.1	1700	4	73.01	1.57	0.0544	1.0	-0.22	2.74	1.00	0.00	0.16	111115
30	"15:44:31"	296.5	0	9.14	0.101	229	1.55	1.14	12.98	6	1.42	1	2.84	6.83	12.98	5.13	399.72	385.11	2.558	4.877	18.79	35.82	400.1	1700	4	73.01	1.57	0.0544	1.0	-0.22	2.74	1.00	0.00	0.16	111115
"15:44:40 Coolers: Tblock -> 10.00 C"
"15:45:57 Lamp: ParIn ->  1700 uml"
"15:45:57 CO2 Mixer: CO2R -> 400 uml"
"15:45:57 Coolers: Tblock -> 10.00 C"
"15:45:57 Flow: Fixed -> 400 umol/s"
"15:48:17 Flow: Fixed -> 400 umol/s"
31	"15:48:57"	562.5	0	9.4	0.0962	216	1.64	1.27	15.34	6	1.42	1	2.84	10.96	15.34	10.02	400.63	385.58	4.135	6.582	22.97	36.57	400.1	1699	4	73.01	1.51	0.0379	1.0	-0.22	2.74	1.00	0.00	0.16	111115
32	"15:48:57"	562.5	0	9.4	0.0962	216	1.64	1.27	15.34	6	1.42	1	2.84	10.96	15.34	10.02	400.63	385.58	4.135	6.582	22.97	36.57	400.1	1699	4	73.01	1.51	0.0379	1.0	-0.22	2.74	1.00	0.00	0.16	111115
33	"15:48:58"	563.0	0	9.4	0.0963	216	1.64	1.27	15.34	6	1.42	1	2.84	10.96	15.34	10.02	400.64	385.59	4.135	6.584	22.97	36.58	400.1	1699	4	73.01	1.51	0.0379	1.0	-0.22	2.74	1.00	0.00	0.16	111115
34	"15:48:58"	563.5	0	9.39	0.0962	216	1.64	1.27	15.35	6	1.42	1	2.84	10.96	15.35	10.02	400.62	385.58	4.135	6.584	22.97	36.57	400.1	1699	4	73.01	1.51	0.0379	1.0	-0.22	2.74	1.00	0.00	0.16	111115
35	"15:48:59"	564.0	0	9.37	0.0961	217	1.64	1.27	15.35	6	1.42	1	2.84	10.96	15.35	10.02	400.59	385.59	4.136	6.583	22.98	36.57	400.1	1699	4	73.01	1.51	0.0379	1.0	-0.22	2.74	1.00	0.00	0.16	111115
36	"15:48:59"	564.5	0	9.34	0.096	217	1.64	1.27	15.36	6	1.42	1	2.84	10.96	15.36	10.03	400.57	385.61	4.137	6.583	22.98	36.57	400.1	1699	5	73.01	1.51	0.0379	1.0	-0.22	2.74	1.00	0.00	0.16	111115
37	"15:49:00"	565.0	0	9.38	0.096	216	1.64	1.27	15.36	6	1.42	1	2.84	10.96	15.36	10.02	400.61	385.60	4.138	6.584	22.99	36.57	400.1	1699	5	73.01	1.51	0.0379	1.0	-0.22	2.74	1.00	0.00	0.16	111115
38	"15:49:00"	565.5	0	9.37	0.096	216	1.64	1.27	15.37	6	1.42	1	2.84	10.96	15.37	10.02	400.61	385.61	4.138	6.585	22.99	36.58	400.1	1699	5	73.01	1.51	0.0379	1.0	-0.22	2.74	1.00	0.00	0.16	111115
39	"15:49:01"	566.0	0	9.39	0.096	216	1.64	1.27	15.37	6	1.42	1	2.84	10.96	15.37	10.02	400.63	385.60	4.139	6.587	22.99	36.59	400.1	1699	5	73.01	1.51	0.0379	1.0	-0.22	2.74	1.00	0.00	0.16	111115
40	"15:49:01"	566.5	0	9.42	0.096	216	1.64	1.27	15.37	6	1.42	1	2.84	10.97	15.37	10.02	400.66	385.57	4.140	6.588	22.99	36.59	400.1	1699	5	73.01	1.51	0.0379	1.0	-0.22	2.74	1.00	0.00	0.16	111115
41	"15:49:02"	567.0	0	9.44	0.096	215	1.64	1.27	15.38	6	1.42	1	2.84	10.97	15.38	10.03	400.69	385.57	4.140	6.588	23.00	36.59	400.1	1699	4	73.01	1.51	0.0379	1.0	-0.22	2.74	1.00	0.00	0.16	111115
42	"15:49:02"	567.5	0	9.48	0.0958	214	1.64	1.27	15.39	6	1.42	1	2.84	10.97	15.39	10.03	400.73	385.57	4.142	6.589	23.00	36.59	400.1	1699	4	73.01	1.51	0.0379	1.0	-0.22	2.74	1.00	0.00	0.16	111115
43	"15:49:03"	568.0	0	9.49	0.0958	214	1.64	1.27	15.39	6	1.42	1	2.84	10.97	15.39	10.03	400.76	385.58	4.142	6.590	23.00	36.60	400.1	1699	5	73.01	1.51	0.0379	1.0	-0.22	2.74	1.00	0.00	0.16	111115
44	"15:49:03"	568.5	0	9.51	0.0958	214	1.64	1.27	15.39	6	1.42	1	2.84	10.97	15.39	10.02	400.76	385.55	4.143	6.589	23.00	36.59	400.1	1699	5	73.01	1.51	0.0379	1.0	-0.22	2.74	1.00	0.00	0.16	111115
45	"15:49:04"	569.0	0	9.48	0.0958	214	1.64	1.27	15.39	6	1.42	1	2.84	10.97	15.39	10.03	400.73	385.56	4.142	6.588	23.00	36.58	400.1	1699	4	73.01	1.51	0.0379	1.0	-0.22	2.74	1.00	0.00	0.16	111115
"15:49:15 Coolers: Tblock -> 15.00 C"
"15:53:22 Flow: Fixed -> 400 umol/s"
46	"15:54:14"	880.0	0	9.44	0.0913	205	1.8	1.46	18.41	6	1.42	1	2.84	15.53	18.41	15.10	399.49	384.29	6.456	9.134	26.63	37.67	400.1	1699	5	73	1.91	0.0123	1.0	-0.22	2.74	1.00	0.00	0.16	111115
47	"15:54:14"	880.0	0	9.44	0.0913	205	1.8	1.46	18.41	6	1.42	1	2.84	15.53	18.41	15.10	399.49	384.29	6.456	9.134	26.63	37.67	400.1	1699	5	73	1.91	0.0123	1.0	-0.22	2.74	1.00	0.00	0.16	111115
48	"15:54:15"	880.5	0	9.45	0.0913	205	1.8	1.46	18.41	6	1.42	1	2.84	15.53	18.41	15.10	399.49	384.29	6.457	9.135	26.63	37.67	400.1	1699	4	73	1.91	0.0123	1.0	-0.22	2.74	1.00	0.00	0.16	111115
49	"15:54:15"	881.0	0	9.48	0.0914	204	1.8	1.46	18.42	6	1.42	1	2.84	15.53	18.42	15.10	399.52	384.27	6.457	9.139	26.63	37.69	400.1	1699	5	73	1.91	0.0123	1.0	-0.22	2.74	1.00	0.00	0.16	111115
50	"15:54:16"	881.5	0	9.48	0.0914	204	1.81	1.46	18.42	6	1.42	1	2.84	15.53	18.42	15.10	399.52	384.26	6.457	9.140	26.63	37.69	400.1	1699	5	73	1.91	0.0123	1.0	-0.22	2.74	1.00	0.00	0.16	111115
51	"15:54:16"	882.0	0	9.49	0.0914	204	1.81	1.46	18.42	6	1.42	1	2.84	15.53	18.42	15.10	399.52	384.24	6.458	9.141	26.63	37.69	400.1	1699	5	73	1.91	0.0123	1.0	-0.22	2.74	1.00	0.00	0.16	111115
52	"15:54:17"	882.5	0	9.5	0.0914	204	1.81	1.46	18.43	6	1.42	1	2.84	15.53	18.43	15.10	399.51	384.22	6.458	9.141	26.63	37.69	400.1	1699	5	73	1.91	0.0123	1.0	-0.22	2.74	1.00	0.00	0.16	111115
53	"15:54:17"	883.0	0	9.51	0.0913	203	1.8	1.46	18.43	6	1.42	1	2.84	15.53	18.43	15.10	399.51	384.21	6.459	9.141	26.63	37.69	400.1	1699	5	73	1.91	0.0123	1.0	-0.22	2.74	1.00	0.00	0.16	111115
54	"15:54:18"	883.5	0	9.53	0.0913	203	1.81	1.46	18.43	6	1.42	1	2.84	15.53	18.43	15.10	399.52	384.19	6.460	9.142	26.63	37.69	400.1	1699	5	73	1.91	0.0123	1.0	-0.22	2.74	1.00	0.00	0.16	111115
55	"15:54:18"	884.0	0	9.56	0.0914	203	1.81	1.46	18.43	6	1.42	1	2.84	15.53	18.43	15.10	399.54	384.16	6.461	9.143	26.63	37.69	400.1	1699	5	73	1.91	0.0123	1.0	-0.22	2.74	1.00	0.00	0.16	111115
56	"15:54:19"	884.5	0	9.57	0.0914	202	1.81	1.46	18.43	6	1.42	1	2.84	15.53	18.43	15.10	399.55	384.16	6.461	9.143	26.63	37.69	400.1	1699	5	73	1.91	0.0123	1.0	-0.22	2.74	1.00	0.00	0.16	111115
57	"15:54:19"	885.0	0	9.56	0.0912	202	1.8	1.46	18.43	6	1.42	1	2.84	15.53	18.43	15.10	399.54	384.16	6.462	9.142	26.64	37.68	400.1	1699	5	73	1.91	0.0123	1.0	-0.22	2.74	1.00	0.00	0.16	111115
58	"15:54:20"	885.5	0	9.56	0.0912	202	1.8	1.46	18.43	6	1.42	1	2.84	15.53	18.43	15.10	399.55	384.17	6.462	9.142	26.64	37.68	400.1	1699	5	73	1.91	0.0123	1.0	-0.22	2.74	1.00	0.00	0.16	111115
59	"15:54:20"	886.0	0	9.58	0.0913	202	1.8	1.46	18.43	6	1.42	1	2.84	15.54	18.43	15.10	399.59	384.18	6.463	9.144	26.64	37.69	400.1	1699	5	73	1.91	0.0123	1.0	-0.22	2.74	1.00	0.00	0.16	111115
60	"15:54:21"	886.5	0	9.58	0.0914	202	1.81	1.46	18.43	6	1.42	1	2.84	15.54	18.43	15.10	399.59	384.19	6.463	9.146	26.64	37.70	400.1	1699	5	73	1.91	0.0123	1.0	-0.22	2.74	1.00	0.00	0.16	111115
"15:54:34 Coolers: Tblock -> 20.00 C"
"15:57:57 Flow: Fixed -> 400 umol/s"
61	"15:58:16"	1122.0	0	9.57	0.0907	201	2	1.62	20.68	6	1.42	1	2.84	19.72	20.68	19.98	400.22	384.72	8.348	11.308	26.43	35.80	400.1	1700	6	73	1.89	-0.0248	1.0	-0.22	2.74	1.00	0.00	0.16	111115
62	"15:58:16"	1122.5	0	9.56	0.0907	201	2	1.62	20.68	6	1.42	1	2.84	19.72	20.68	19.98	400.22	384.73	8.349	11.310	26.43	35.80	400.1	1700	6	73	1.89	-0.0248	1.0	-0.22	2.74	1.00	0.00	0.16	111115
63	"15:58:17"	1122.5	0	9.56	0.0907	201	2	1.62	20.68	6	1.42	1	2.84	19.72	20.68	19.98	400.22	384.73	8.349	11.310	26.43	35.80	400.1	1700	6	73	1.89	-0.0248	1.0	-0.22	2.74	1.00	0.00	0.16	111115
64	"15:58:17"	1123.0	0	9.57	0.0907	201	2	1.62	20.68	6	1.42	1	2.84	19.72	20.68	19.98	400.24	384.74	8.351	11.312	26.43	35.80	400.1	1700	6	73	1.89	-0.0248	1.0	-0.22	2.74	1.00	0.00	0.16	111115
65	"15:58:18"	1123.5	0	9.58	0.0907	201	2	1.62	20.69	6	1.42	1	2.84	19.72	20.69	19.98	400.25	384.73	8.351	11.314	26.43	35.81	400.1	1700	6	73	1.89	-0.0248	1.0	-0.22	2.74	1.00	0.00	0.16	111115
66	"15:58:18"	1124.0	0	9.62	0.0909	200	2	1.62	20.69	6	1.42	1	2.84	19.72	20.69	19.98	400.27	384.70	8.350	11.318	26.43	35.82	400.1	1700	6	73	1.89	-0.0248	1.0	-0.22	2.74	1.00	0.00	0.16	111115
67	"15:58:19"	1124.5	0	9.62	0.0909	200	2	1.62	20.69	6	1.42	1	2.84	19.73	20.69	19.98	400.26	384.69	8.350	11.318	26.42	35.81	400.1	1700	6	73	1.89	-0.0248	1.0	-0.22	2.74	1.00	0.00	0.16	111115
68	"15:58:19"	1125.0	0	9.6	0.0909	200	2	1.62	20.69	6	1.42	1	2.84	19.73	20.69	19.98	400.25	384.69	8.351	11.319	26.42	35.81	400.1	1700	5	73	1.89	-0.0248	1.0	-0.22	2.74	1.00	0.00	0.16	111115
69	"15:58:20"	1125.5	0	9.6	0.0909	200	2	1.62	20.69	6	1.42	1	2.84	19.73	20.69	19.98	400.28	384.73	8.352	11.321	26.42	35.82	400.1	1700	5	73	1.89	-0.0248	1.0	-0.22	2.74	1.00	0.00	0.16	111115
70	"15:58:20"	1126.0	0	9.63	0.091	200	2	1.62	20.69	6	1.42	1	2.84	19.73	20.69	19.98	400.30	384.71	8.350	11.321	26.42	35.82	400.1	1700	5	73	1.89	-0.0248	1.0	-0.22	2.74	1.00	0.00	0.16	111115
71	"15:58:21"	1126.5	0	9.62	0.091	200	2	1.62	20.69	6	1.42	1	2.84	19.73	20.69	19.98	400.30	384.73	8.350	11.322	26.41	35.81	400.1	1700	5	73	1.89	-0.0248	1.0	-0.22	2.74	1.00	0.00	0.16	111115
72	"15:58:21"	1127.0	0	9.62	0.091	200	2.01	1.62	20.70	6	1.42	1	2.84	19.73	20.70	19.98	400.30	384.72	8.349	11.323	26.41	35.82	400.1	1700	5	73	1.89	-0.0248	1.0	-0.22	2.74	1.00	0.00	0.16	111115
73	"15:58:22"	1127.5	0	9.61	0.0909	200	2	1.62	20.70	6	1.42	1	2.84	19.73	20.70	19.98	400.30	384.73	8.350	11.322	26.41	35.81	400.1	1700	5	73	1.89	-0.0248	1.0	-0.22	2.74	1.00	0.00	0.16	111115
74	"15:58:22"	1128.0	0	9.57	0.0908	201	2	1.62	20.70	6	1.42	1	2.84	19.73	20.70	19.98	400.27	384.77	8.351	11.320	26.41	35.80	400.1	1700	6	73	1.89	-0.0248	1.0	-0.22	2.74	1.00	0.00	0.16	111115
75	"15:58:23"	1128.5	0	9.59	0.0907	200	2	1.62	20.71	6	1.42	1	2.84	19.73	20.71	19.98	400.28	384.75	8.353	11.321	26.42	35.80	400.1	1700	6	73	1.89	-0.0248	1.0	-0.22	2.74	1.00	0.00	0.16	111115
"15:58:31 Coolers: Tblock -> 25.00 C"
"16:01:13 Flow: Fixed -> 400 umol/s"
76	"16:01:48"	1334.5	0	9.56	0.0905	200	2.1	1.7	22.87	6	1.42	1	2.84	24.02	22.87	25.05	400.55	385.00	11.856	14.964	28.86	36.43	400.1	1700	6	73	2.1	-0.0923	1.0	-0.22	2.74	1.00	0.00	0.16	111115
77	"16:01:49"	1334.5	0	9.56	0.0905	200	2.1	1.7	22.87	6	1.42	1	2.84	24.02	22.87	25.05	400.55	385.00	11.856	14.964	28.86	36.43	400.1	1700	6	73	2.1	-0.0923	1.0	-0.22	2.74	1.00	0.00	0.16	111115
78	"16:01:49"	1335.0	0	9.58	0.0905	200	2.11	1.7	22.87	6	1.42	1	2.84	24.02	22.87	25.05	400.57	384.99	11.856	14.966	28.86	36.43	400.1	1700	6	73	2.1	-0.0923	1.0	-0.22	2.74	1.00	0.00	0.16	111115
79	"16:01:50"	1335.5	0	9.57	0.0906	200	2.11	1.7	22.87	6	1.42	1	2.84	24.02	22.87	25.05	400.56	384.99	11.857	14.968	28.86	36.43	400.1	1700	6	73	2.1	-0.0923	1.0	-0.22	2.74	1.00	0.00	0.16	111115
80	"16:01:50"	1336.0	0	9.57	0.0906	200	2.11	1.71	22.87	6	1.42	1	2.84	24.02	22.87	25.05	400.57	385.00	11.857	14.969	28.86	36.43	400.1	1700	6	73	2.1	-0.0923	1.0	-0.22	2.74	1.00	0.00	0.16	111115
81	"16:01:51"	1336.5	0	9.55	0.0906	201	2.11	1.71	22.88	6	1.42	1	2.84	24.02	22.88	25.05	400.58	385.04	11.859	14.973	28.86	36.44	400.1	1700	6	73	2.1	-0.0923	1.0	-0.22	2.74	1.00	0.00	0.16	111115
82	"16:01:51"	1337.0	0	9.53	0.0906	201	2.11	1.71	22.88	6	1.42	1	2.84	24.03	22.88	25.05	400.56	385.05	11.859	14.973	28.86	36.44	400.1	1700	6	73	2.1	-0.0923	1.0	-0.22	2.74	1.00	0.00	0.16	111115
83	"16:01:52"	1337.5	0	9.56	0.0906	200	2.11	1.71	22.88	6	1.42	1	2.84	24.03	22.88	25.05	400.59	385.04	11.859	14.973	28.86	36.44	400.1	1700	6	73	2.1	-0.0923	1.0	-0.22	2.74	1.00	0.00	0.16	111115
84	"16:01:53"	1338.0	0	9.56	0.0905	200	2.11	1.71	22.88	6	1.42	1	2.84	24.03	22.88	25.05	400.58	385.03	11.860	14.974	28.86	36.44	400.1	1700	6	73	2.1	-0.0923	1.0	-0.22	2.74	1.00	0.00	0.16	111115
85	"16:01:53"	1338.5	0	9.5	0.0906	201	2.11	1.71	22.88	6	1.42	1	2.84	24.03	22.88	25.05	400.54	385.07	11.861	14.975	28.86	36.44	400.0	1700	6	73	2.1	-0.0923	1.0	-0.22	2.74	1.00	0.00	0.16	111115
86	"16:01:54"	1339.0	0	9.49	0.0906	202	2.11	1.71	22.89	6	1.42	1	2.84	24.03	22.89	25.05	400.52	385.07	11.860	14.975	28.86	36.44	400.0	1700	6	73	2.1	-0.0923	1.0	-0.22	2.74	1.00	0.00	0.16	111115
87	"16:01:54"	1339.5	0	9.5	0.0905	201	2.11	1.71	22.89	6	1.42	1	2.84	24.03	22.89	25.05	400.54	385.08	11.861	14.976	28.86	36.43	400.1	1700	6	73	2.1	-0.0923	1.0	-0.22	2.74	1.00	0.00	0.16	111115
88	"16:01:55"	1340.0	0	9.5	0.0906	201	2.11	1.71	22.89	6	1.42	1	2.84	24.03	22.89	25.05	400.57	385.10	11.862	14.978	28.86	36.43	400.1	1700	5	73	2.1	-0.0923	1.0	-0.22	2.74	1.00	0.00	0.16	111115
89	"16:01:55"	1340.5	0	9.48	0.0905	202	2.11	1.71	22.89	6	1.42	1	2.84	24.03	22.89	25.05	400.57	385.13	11.862	14.979	28.85	36.43	400.1	1700	6	73	2.1	-0.0923	1.0	-0.22	2.74	1.00	0.00	0.16	111115
90	"16:01:56"	1341.5	0	9.45	0.0906	203	2.11	1.71	22.90	6	1.42	1	2.84	24.04	22.90	25.05	400.58	385.20	11.863	14.982	28.85	36.43	400.1	1700	6	73	2.1	-0.0923	1.0	-0.22	2.74	1.00	0.00	0.16	111115
"16:02:04 Coolers: Tblock -> 30.00 C"
"16:06:16 Flow: Fixed -> 400 umol/s"
91	"16:06:43"	1629.0	0	8.62	0.0801	195	2.31	2.1	26.74	6	1.42	1	2.84	28.93	26.74	30.13	399.81	385.55	16.182	19.585	29.48	35.68	400.1	1699	6	72.99	2.56	-0.178	1.0	-0.22	2.74	1.00	0.00	0.16	111115
92	"16:06:43"	1629.0	0	8.62	0.0801	195	2.31	2.1	26.74	6	1.42	1	2.84	28.93	26.74	30.13	399.81	385.55	16.182	19.585	29.48	35.68	400.1	1699	6	72.99	2.56	-0.178	1.0	-0.22	2.74	1.00	0.00	0.16	111115
93	"16:06:44"	1629.5	0	8.63	0.08	195	2.31	2.1	26.75	6	1.42	1	2.84	28.94	26.75	30.13	399.81	385.53	16.184	19.586	29.48	35.68	400.1	1699	6	72.99	2.56	-0.178	1.0	-0.22	2.74	1.00	0.00	0.16	111115
94	"16:06:44"	1630.0	0	8.6	0.08	195	2.31	2.1	26.75	6	1.42	1	2.84	28.94	26.75	30.13	399.78	385.54	16.184	19.586	29.48	35.67	400.1	1699	6	72.99	2.56	-0.178	1.0	-0.22	2.74	1.00	0.00	0.16	111115
95	"16:06:45"	1630.5	0	8.63	0.08	195	2.31	2.1	26.75	6	1.42	1	2.84	28.94	26.75	30.13	399.74	385.46	16.184	19.586	29.48	35.67	400.1	1699	5	72.99	2.56	-0.178	1.0	-0.22	2.74	1.00	0.00	0.16	111115
96	"16:06:45"	1631.0	0	8.65	0.0801	195	2.32	2.1	26.75	6	1.42	1	2.84	28.94	26.75	30.13	399.75	385.44	16.180	19.587	29.47	35.67	400.1	1699	5	72.99	2.56	-0.178	1.0	-0.22	2.74	1.00	0.00	0.16	111115
97	"16:06:46"	1631.5	0	8.7	0.08	194	2.32	2.1	26.76	6	1.42	1	2.84	28.94	26.76	30.13	399.79	385.40	16.176	19.584	29.46	35.66	400.1	1699	5	72.99	2.56	-0.178	1.0	-0.22	2.74	1.00	0.00	0.16	111115
98	"16:06:46"	1632.0	0	8.71	0.0799	193	2.32	2.1	26.76	6	1.42	1	2.84	28.94	26.76	30.13	399.81	385.41	16.176	19.581	29.45	35.65	400.0	1699	5	72.99	2.56	-0.178	1.0	-0.22	2.74	1.00	0.00	0.16	111115
99	"16:06:47"	1632.5	0	8.7	0.0799	193	2.31	2.1	26.76	6	1.42	1	2.84	28.95	26.76	30.13	399.82	385.44	16.179	19.582	29.46	35.65	400.0	1699	6	72.99	2.56	-0.178	1.0	-0.22	2.74	1.00	0.00	0.16	111115
100	"16:06:47"	1633.0	0	8.72	0.0799	193	2.31	2.1	26.76	6	1.42	1	2.84	28.95	26.76	30.13	399.87	385.45	16.180	19.582	29.45	35.65	400.1	1699	5	72.99	2.56	-0.178	1.0	-0.22	2.74	1.00	0.00	0.16	111115
101	"16:06:48"	1633.5	0	8.72	0.0799	193	2.32	2.1	26.77	6	1.42	1	2.84	28.95	26.77	30.13	399.89	385.48	16.180	19.585	29.45	35.65	400.1	1699	5	72.99	2.56	-0.178	1.0	-0.22	2.74	1.00	0.00	0.16	111115
102	"16:06:48"	1634.0	0	8.76	0.0799	192	2.32	2.1	26.77	6	1.42	1	2.84	28.95	26.77	30.13	399.92	385.45	16.179	19.586	29.45	35.65	400.0	1699	5	72.99	2.56	-0.178	1.0	-0.22	2.74	1.00	0.00	0.16	111115
103	"16:06:49"	1634.5	0	8.8	0.0799	191	2.32	2.1	26.78	6	1.42	1	2.84	28.95	26.78	30.13	399.98	385.43	16.180	19.587	29.44	35.64	400.0	1699	5	72.99	2.56	-0.178	1.0	-0.22	2.74	1.00	0.00	0.16	111115
104	"16:06:49"	1635.0	0	8.81	0.0798	191	2.32	2.1	26.78	6	1.42	1	2.84	28.96	26.78	30.13	399.99	385.44	16.182	19.587	29.44	35.64	400.0	1699	5	72.99	2.56	-0.178	1.0	-0.22	2.74	1.00	0.00	0.16	111115
105	"16:06:50"	1635.5	0	8.8	0.0798	191	2.32	2.1	26.78	6	1.42	1	2.84	28.96	26.78	30.13	399.98	385.44	16.183	19.588	29.44	35.64	400.0	1699	6	72.99	2.56	-0.178	1.0	-0.22	2.74	1.00	0.00	0.16	111115
"16:07:01 Coolers: Tblock -> 35.00 C"
"16:11:15 Flow: Fixed -> 400 umol/s"
106	"16:11:41"	1927.5	0	7.28	0.0642	185	2.37	2.65	29.63	6	1.42	1	2.84	33.37	29.63	34.96	399.83	387.53	17.393	20.873	24.61	29.53	400.0	1700	6	72.99	3.07	-0.198	1.0	-0.22	2.74	1.00	0.00	0.16	111115
107	"16:11:42"	1927.5	0	7.28	0.0642	185	2.37	2.65	29.63	6	1.42	1	2.84	33.37	29.63	34.96	399.83	387.53	17.393	20.873	24.61	29.53	400.0	1700	6	72.99	3.07	-0.198	1.0	-0.22	2.74	1.00	0.00	0.16	111115
108	"16:11:42"	1928.0	0	7.29	0.0642	185	2.37	2.64	29.62	6	1.42	1	2.84	33.37	29.62	34.96	399.82	387.51	17.392	20.870	24.60	29.53	400.0	1700	6	72.99	3.07	-0.198	1.0	-0.22	2.74	1.00	0.00	0.16	111115
109	"16:11:43"	1928.5	0	7.3	0.0643	185	2.37	2.64	29.60	6	1.42	1	2.84	33.37	29.60	34.97	399.81	387.49	17.392	20.868	24.61	29.52	400.0	1700	6	72.99	3.07	-0.198	1.0	-0.22	2.74	1.00	0.00	0.16	111115
110	"16:11:43"	1929.0	0	7.28	0.0643	186	2.37	2.64	29.59	6	1.42	1	2.84	33.37	29.59	34.96	399.78	387.48	17.392	20.866	24.61	29.52	400.0	1700	6	72.99	3.07	-0.198	1.0	-0.22	2.74	1.00	0.00	0.16	111115
111	"16:11:44"	1929.5	0	7.26	0.0643	186	2.36	2.64	29.59	6	1.42	1	2.84	33.37	29.59	34.97	399.73	387.46	17.391	20.864	24.61	29.52	400.0	1700	6	72.99	3.07	-0.198	1.0	-0.22	2.74	1.00	0.00	0.16	111115
112	"16:11:44"	1930.0	0	7.19	0.0642	188	2.36	2.64	29.58	6	1.42	1	2.84	33.37	29.58	34.97	399.65	387.49	17.392	20.860	24.61	29.51	400.0	1700	6	72.99	3.07	-0.198	1.0	-0.22	2.74	1.00	0.00	0.16	111115
113	"16:11:45"	1930.5	0	7.21	0.0643	187	2.36	2.63	29.57	6	1.42	1	2.84	33.37	29.57	34.97	399.70	387.51	17.392	20.860	24.61	29.51	400.0	1700	6	72.99	3.07	-0.198	1.0	-0.22	2.74	1.00	0.00	0.16	111115
114	"16:11:45"	1931.0	0	7.21	0.0643	187	2.36	2.63	29.57	6	1.42	1	2.84	33.37	29.57	34.97	399.71	387.52	17.393	20.858	24.60	29.51	400.0	1700	6	72.99	3.07	-0.198	1.0	-0.22	2.74	1.00	0.00	0.16	111115
115	"16:11:46"	1931.5	0	7.22	0.0642	187	2.36	2.63	29.56	6	1.42	1	2.84	33.37	29.56	34.97	399.74	387.55	17.394	20.857	24.61	29.50	400.0	1700	6	72.99	3.07	-0.198	1.0	-0.22	2.74	1.00	0.00	0.16	111115
116	"16:11:46"	1932.0	0	7.22	0.0642	187	2.36	2.63	29.56	6	1.42	1	2.84	33.38	29.56	34.97	399.73	387.53	17.395	20.856	24.61	29.50	400.0	1700	6	72.99	3.07	-0.198	1.0	-0.22	2.74	1.00	0.00	0.16	111115
117	"16:11:47"	1932.5	0	7.21	0.0642	187	2.36	2.63	29.56	6	1.42	1	2.84	33.38	29.56	34.97	399.72	387.53	17.396	20.854	24.61	29.50	400.1	1700	6	72.99	3.07	-0.198	1.0	-0.22	2.74	1.00	0.00	0.16	111115
118	"16:11:47"	1933.0	0	7.23	0.0641	186	2.35	2.63	29.56	6	1.42	1	2.84	33.38	29.56	34.97	399.76	387.54	17.397	20.852	24.61	29.50	400.1	1700	6	72.99	3.07	-0.198	1.0	-0.22	2.74	1.00	0.00	0.16	111115
119	"16:11:48"	1933.5	0	7.27	0.0641	185	2.35	2.63	29.56	6	1.42	1	2.84	33.38	29.56	34.97	399.82	387.56	17.397	20.849	24.61	29.49	400.1	1700	6	72.99	3.07	-0.198	1.0	-0.22	2.74	1.00	0.00	0.16	111115
120	"16:11:48"	1934.0	0	7.33	0.0641	184	2.35	2.63	29.55	6	1.42	1	2.84	33.38	29.55	34.97	399.91	387.55	17.397	20.849	24.61	29.49	400.1	1700	6	72.99	3.07	-0.198	1.0	-0.22	2.74	1.00	0.00	0.16	111115
"16:11:58 Coolers: Tblock -> 40.00 C"
"16:15:04 Flow: Fixed -> 400 umol/s"
121	"16:15:50"	2176.0	0	6.07	0.0552	188	2.62	3.37	32.55	6	1.42	1	2.84	37.81	32.55	40.09	400.23	389.59	17.410	21.260	19.29	23.55	399.9	1699	6	72.98	3.77	-0.225	1.0	-0.22	2.74	1.00	0.00	0.16	111115
122	"16:15:50"	2176.0	0	6.07	0.0552	188	2.62	3.37	32.55	6	1.42	1	2.84	37.81	32.55	40.09	400.23	389.59	17.410	21.260	19.29	23.55	399.9	1699	6	72.98	3.77	-0.225	1.0	-0.22	2.74	1.00	0.00	0.16	111115
123	"16:15:51"	2176.5	0	6.07	0.0552	188	2.62	3.38	32.55	6	1.42	1	2.84	37.81	32.55	40.09	400.23	389.58	17.409	21.260	19.29	23.55	399.9	1699	6	72.98	3.77	-0.225	1.0	-0.22	2.74	1.00	0.00	0.16	111115
124	"16:15:51"	2177.0	0	6.04	0.0552	189	2.62	3.37	32.55	6	1.42	1	2.84	37.81	32.55	40.09	400.20	389.61	17.409	21.259	19.28	23.55	399.9	1699	6	72.98	3.77	-0.225	1.0	-0.22	2.74	1.00	0.00	0.16	111115
125	"16:15:52"	2177.5	0	6	0.0552	190	2.62	3.37	32.55	6	1.42	1	2.84	37.81	32.55	40.09	400.17	389.63	17.410	21.257	19.28	23.54	400.0	1699	6	72.98	3.77	-0.225	1.0	-0.22	2.74	1.00	0.00	0.16	111115
126	"16:15:52"	2178.0	0	6.01	0.0552	190	2.62	3.37	32.55	6	1.42	1	2.84	37.81	32.55	40.09	400.18	389.64	17.409	21.258	19.28	23.54	400.0	1699	6	72.98	3.77	-0.225	1.0	-0.22	2.74	1.00	0.00	0.16	111115
127	"16:15:52"	2178.5	0	6.03	0.0552	190	2.62	3.37	32.55	6	1.42	1	2.84	37.81	32.55	40.09	400.22	389.64	17.411	21.258	19.28	23.54	400.0	1699	6	72.98	3.77	-0.225	1.0	-0.22	2.74	1.00	0.00	0.16	111115
128	"16:15:53"	2179.0	0	6.06	0.0552	189	2.62	3.37	32.55	6	1.42	1	2.84	37.81	32.55	40.09	400.25	389.64	17.411	21.258	19.28	23.54	400.0	1699	6	72.98	3.77	-0.225	1.0	-0.22	2.74	1.00	0.00	0.16	111115
129	"16:15:53"	2179.5	0	6.03	0.0552	189	2.62	3.38	32.56	6	1.42	1	2.84	37.82	32.56	40.09	400.23	389.64	17.411	21.258	19.28	23.54	400.0	1699	6	72.98	3.77	-0.225	1.0	-0.22	2.74	1.00	0.00	0.16	111115
130	"16:15:54"	2180.0	0	6.04	0.0552	189	2.62	3.38	32.56	6	1.42	1	2.84	37.82	32.56	40.09	400.25	389.65	17.411	21.260	19.28	23.54	400.0	1699	6	72.98	3.77	-0.225	1.0	-0.22	2.74	1.00	0.00	0.16	111115
131	"16:15:55"	2180.5	0	6.05	0.0552	189	2.62	3.38	32.56	6	1.42	1	2.84	37.82	32.56	40.09	400.28	389.66	17.412	21.260	19.28	23.54	400.0	1699	6	72.98	3.77	-0.225	1.0	-0.22	2.74	1.00	0.00	0.16	111115
132	"16:15:55"	2181.0	0	6.06	0.0551	189	2.62	3.38	32.56	6	1.42	1	2.84	37.82	32.56	40.09	400.29	389.67	17.413	21.259	19.28	23.53	400.0	1698	6	72.98	3.77	-0.225	1.0	-0.22	2.74	1.00	0.00	0.16	111115
133	"16:15:56"	2181.5	0	6.08	0.0552	188	2.62	3.38	32.56	6	1.42	1	2.84	37.82	32.56	40.09	400.31	389.67	17.412	21.260	19.27	23.53	400.0	1698	6	72.98	3.77	-0.225	1.0	-0.22	2.74	1.00	0.00	0.16	111115
134	"16:15:56"	2182.0	0	6.14	0.0551	186	2.62	3.38	32.57	6	1.42	1	2.84	37.82	32.57	40.09	400.42	389.68	17.414	21.259	19.28	23.53	400.0	1698	6	72.98	3.77	-0.225	1.0	-0.22	2.74	1.00	0.00	0.16	111115
135	"16:15:57"	2182.5	0	6.16	0.055	185	2.62	3.38	32.58	6	1.42	1	2.84	37.82	32.58	40.09	400.48	389.71	17.414	21.258	19.27	23.53	400.1	1699	6	72.98	3.77	-0.225	1.0	-0.22	2.74	1.00	0.00	0.16	111115
"16:16:06 Coolers: Tblock -> 45.00 C"
"16:19:04 Flow: Fixed -> 400 umol/s"
136	"16:19:31"	2397.5	0	5.22	0.0523	202	2.95	3.98	34.75	6	1.42	1	2.84	42.09	34.75	44.98	400.79	391.23	17.401	21.730	15.33	19.15	400.0	1699	6	72.98	4.28	-0.261	1.0	-0.22	2.74	1.00	0.00	0.16	111115
137	"16:19:31"	2397.5	0	5.22	0.0523	202	2.95	3.98	34.75	6	1.42	1	2.84	42.09	34.75	44.98	400.79	391.23	17.401	21.730	15.33	19.15	400.0	1699	6	72.98	4.28	-0.261	1.0	-0.22	2.74	1.00	0.00	0.16	111115
138	"16:19:32"	2397.5	0	5.22	0.0523	202	2.95	3.98	34.75	6	1.42	1	2.84	42.09	34.75	44.98	400.79	391.23	17.401	21.730	15.33	19.15	400.0	1699	6	72.98	4.28	-0.261	1.0	-0.22	2.74	1.00	0.00	0.16	111115
139	"16:19:32"	2398.0	0	5.24	0.0523	201	2.95	3.98	34.75	6	1.42	1	2.84	42.09	34.75	44.98	400.82	391.23	17.402	21.731	15.33	19.14	400.0	1699	6	72.98	4.28	-0.261	1.0	-0.22	2.74	1.00	0.00	0.16	111115
140	"16:19:33"	2398.5	0	5.27	0.0524	201	2.95	3.98	34.74	6	1.42	1	2.84	42.09	34.74	44.98	400.88	391.23	17.402	21.732	15.33	19.14	400.0	1699	6	72.98	4.28	-0.261	1.0	-0.22	2.74	1.00	0.00	0.16	111115
141	"16:19:33"	2399.0	0	5.27	0.0524	201	2.95	3.98	34.73	6	1.42	1	2.84	42.10	34.73	44.98	400.90	391.26	17.401	21.731	15.33	19.14	399.9	1699	6	72.98	4.28	-0.261	1.0	-0.22	2.74	1.00	0.00	0.16	111115
142	"16:19:34"	2399.5	0	5.29	0.0524	200	2.95	3.98	34.73	6	1.42	1	2.84	42.10	34.73	44.98	400.90	391.23	17.402	21.732	15.33	19.14	399.9	1699	6	72.98	4.28	-0.261	1.0	-0.22	2.74	1.00	0.00	0.16	111115
143	"16:19:34"	2400.0	0	5.24	0.0524	202	2.95	3.98	34.73	6	1.42	1	2.84	42.10	34.73	44.98	400.87	391.28	17.402	21.733	15.33	19.14	399.9	1699	6	72.98	4.28	-0.261	1.0	-0.22	2.74	1.00	0.00	0.16	111115
144	"16:19:35"	2400.5	0	5.23	0.0524	202	2.95	3.98	34.73	6	1.42	1	2.84	42.10	34.73	44.98	400.84	391.26	17.401	21.735	15.33	19.14	399.9	1699	6	72.98	4.28	-0.261	1.0	-0.22	2.74	1.00	0.00	0.16	111115
145	"16:19:35"	2401.0	0	5.21	0.0525	203	2.95	3.98	34.73	6	1.42	1	2.84	42.10	34.73	44.98	400.85	391.31	17.402	21.737	15.33	19.14	399.9	1699	6	72.98	4.28	-0.261	1.0	-0.22	2.74	1.00	0.00	0.16	111115
146	"16:19:36"	2401.5	0	5.24	0.0525	202	2.96	3.98	34.74	6	1.42	1	2.84	42.10	34.74	44.98	400.88	391.27	17.401	21.739	15.32	19.14	399.9	1699	6	72.98	4.28	-0.261	1.0	-0.22	2.74	1.00	0.00	0.16	111115
147	"16:19:36"	2402.0	0	5.22	0.0525	202	2.96	3.98	34.75	6	1.42	1	2.84	42.10	34.75	44.98	400.86	391.29	17.401	21.740	15.32	19.15	399.9	1699	6	72.97	4.28	-0.261	1.0	-0.22	2.74	1.00	0.00	0.16	111115
148	"16:19:37"	2402.5	0	5.19	0.0524	203	2.96	3.98	34.75	6	1.42	1	2.84	42.10	34.75	44.98	400.82	391.30	17.403	21.741	15.33	19.15	400.0	1699	6	72.97	4.28	-0.261	1.0	-0.22	2.74	1.00	0.00	0.16	111115
149	"16:19:37"	2403.0	0	5.16	0.0524	204	2.96	3.99	34.76	6	1.42	1	2.84	42.10	34.76	44.98	400.75	391.27	17.403	21.743	15.33	19.15	400.0	1699	6	72.97	4.28	-0.261	1.0	-0.22	2.74	1.00	0.00	0.16	111115
150	"16:19:38"	2403.5	0	5.14	0.0524	204	2.96	3.99	34.77	6	1.42	1	2.84	42.10	34.77	44.98	400.73	391.28	17.402	21.741	15.32	19.14	400.0	1699	6	72.97	4.28	-0.261	1.0	-0.22	2.74	1.00	0.00	0.16	111115
"16:19:46 Coolers: Tblock -> 50.00 C"
"16:19:59 Flow: Fixed -> 300 umol/s"
"16:24:34 Flow: Fixed -> 300 umol/s"
151	"16:24:55"	2721.0	0	4.54	0.064	242	3.73	4.12	35.84	6	1.42	1	2.84	46.57	35.84	49.86	399.37	387.43	17.423	24.674	12.17	17.24	300.9	1699	5	72.97	5.13	-0.339	1.0	-0.22	2.74	1.00	0.00	0.16	111115
152	"16:24:55"	2721.5	0	4.55	0.0641	242	3.73	4.11	35.84	6	1.42	1	2.84	46.57	35.84	49.86	399.39	387.43	17.423	24.678	12.17	17.24	300.9	1699	5	72.97	5.13	-0.339	1.0	-0.22	2.74	1.00	0.00	0.16	111115
153	"16:24:56"	2721.5	0	4.55	0.0641	242	3.73	4.11	35.84	6	1.42	1	2.84	46.57	35.84	49.86	399.39	387.43	17.423	24.678	12.17	17.24	300.9	1699	5	72.97	5.13	-0.339	1.0	-0.22	2.74	1.00	0.00	0.16	111115
154	"16:24:56"	2722.0	0	4.56	0.0641	242	3.73	4.11	35.83	6	1.42	1	2.84	46.57	35.83	49.86	399.42	387.44	17.424	24.681	12.17	17.24	300.9	1699	5	72.97	5.13	-0.339	1.0	-0.22	2.74	1.00	0.00	0.16	111115
155	"16:24:57"	2722.5	0	4.56	0.0642	242	3.73	4.11	35.82	6	1.42	1	2.84	46.57	35.82	49.86	399.42	387.45	17.426	24.685	12.17	17.24	300.9	1699	6	72.97	5.13	-0.339	1.0	-0.22	2.74	1.00	0.00	0.16	111115
156	"16:24:57"	2723.0	0	4.55	0.0642	242	3.73	4.11	35.82	6	1.42	1	2.84	46.57	35.82	49.86	399.43	387.47	17.425	24.687	12.17	17.24	300.9	1699	6	72.97	5.13	-0.339	1.0	-0.22	2.74	1.00	0.00	0.16	111115
157	"16:24:58"	2723.5	0	4.58	0.0642	241	3.73	4.11	35.82	6	1.42	1	2.84	46.57	35.82	49.86	399.47	387.46	17.425	24.689	12.17	17.24	300.9	1699	6	72.97	5.13	-0.339	1.0	-0.22	2.74	1.00	0.00	0.16	111115
158	"16:24:58"	2724.0	0	4.59	0.0643	241	3.74	4.11	35.82	6	1.42	1	2.84	46.57	35.82	49.86	399.48	387.45	17.426	24.693	12.17	17.24	300.9	1699	6	72.97	5.13	-0.339	1.0	-0.22	2.74	1.00	0.00	0.16	111115
159	"16:24:59"	2724.5	0	4.6	0.0643	241	3.74	4.11	35.83	6	1.42	1	2.84	46.58	35.83	49.86	399.53	387.46	17.426	24.694	12.17	17.24	300.9	1699	6	72.97	5.13	-0.339	1.0	-0.22	2.74	1.00	0.00	0.16	111115
160	"16:24:59"	2725.0	0	4.61	0.0643	241	3.74	4.11	35.82	6	1.42	1	2.84	46.58	35.82	49.86	399.56	387.47	17.427	24.699	12.17	17.25	300.9	1699	6	72.97	5.13	-0.339	1.0	-0.22	2.74	1.00	0.00	0.16	111115
161	"16:25:00"	2725.5	0	4.61	0.0644	241	3.74	4.11	35.82	6	1.42	1	2.84	46.58	35.82	49.86	399.56	387.48	17.427	24.700	12.17	17.25	300.9	1699	5	72.97	5.13	-0.339	1.0	-0.22	2.74	1.00	0.00	0.16	111115
162	"16:25:00"	2726.0	0	4.61	0.0644	241	3.74	4.1	35.81	6	1.42	1	2.84	46.58	35.81	49.86	399.57	387.48	17.427	24.704	12.17	17.25	300.9	1699	6	72.97	5.13	-0.339	1.0	-0.22	2.74	1.00	0.00	0.16	111115
163	"16:25:01"	2726.5	0	4.61	0.0645	241	3.74	4.1	35.81	6	1.42	1	2.84	46.58	35.81	49.86	399.59	387.51	17.427	24.707	12.17	17.25	300.9	1699	5	72.97	5.13	-0.339	1.0	-0.22	2.74	1.00	0.00	0.16	111115
164	"16:25:01"	2727.0	0	4.62	0.0645	241	3.75	4.1	35.81	6	1.42	1	2.84	46.58	35.81	49.86	399.64	387.53	17.429	24.713	12.17	17.25	300.9	1699	5	72.97	5.13	-0.339	1.0	-0.22	2.74	1.00	0.00	0.16	111115
165	"16:25:02"	2727.5	0	4.61	0.0646	241	3.75	4.1	35.81	6	1.42	1	2.84	46.58	35.81	49.86	399.66	387.58	17.430	24.719	12.17	17.26	300.9	1699	5	72.97	5.13	-0.339	1.0	-0.22	2.74	1.00	0.00	0.16	111115
