"OPEN 6.2.5"
"Thr Apr 29 2021 15:17:37"
<open><version>"6.2.5"</version></open>
<open><configfile>"/User/Configs/UserPrefs/2x3 LED.xml"</configfile></open>
<open><light><source>"6400-02 or -02B LED Source"</source><par_in>1<sensor>"SI-3989"<cal>-0.92<actinity>1.00</actinity><transm>1.00</transm></cal></sensor><transm>1</transm></par_in><par_out>1<sensor>"Q50937"<cal>6.45</cal></sensor></par_out></light></open>
<open><comps><file>"/User/Configs/Comps/StdComps_6.2"<header>""</header><extras></extras></file><energybal>no<f_parIn>1</f_parIn><f_parOut>0</f_parOut><alphaK>0.16</alphaK></energybal><bc_total>2.840<stomatal_ratio>1</stomatal_ratio><bc_oneside>1.420<type>2</type><table>"/Sys/Lib/StdBLCTable"</table><area>6</area><slope>-0.219565</slope><offset>2.73739</offset><fan>5</fan></bc_oneside></bc_total></comps></open>
<open><prompts><onlog>off</onlog><items>"Default (none)"</items></prompts></open>
<open><constants><oxygen>21 %</oxygen><bb_vapor>1.5</bb_vapor><bb_oxy>0.9</bb_oxy></constants></open>
<open><stability><items>"Std Stability"<items[1]><id>-2</id><size>15</size><pcv><onoff>0</onoff><value>1</value></pcv><std><onoff>0</onoff><value>1</value></std><slp><onoff>1</onoff><value>1</value></slp></items[1]><items[2]><id>-5</id><size>15</size><pcv><onoff>0</onoff><value>1</value></pcv><std><onoff>0</onoff><value>1</value></std><slp><onoff>1</onoff><value>1</value></slp></items[2]><items[3]><id>-7</id><size>15</size><pcv><onoff>0</onoff><value>1</value></pcv><std><onoff>0</onoff><value>1</value></std><slp><onoff>1</onoff><value>1</value></slp></items[3]></items></stability></open>
<open><log><format>"StdLogFmt_6.0"<items>{ -35 -21 -36 -76 30 23 36 21 25 221 -33 111 -34 11 -9 -10 -8 -1 -2 -4 -5 -14 -15 -7 -12 -13 -11 -65 -66 -72 -18 -19 -77 -78 -79 -23  }<hdr>{  }</hdr></items></format><options><beep>on</beep><hdr>normal</hdr><rem>normal</rem><stab>no</stab><stats>no<mean>no</mean><file>no</file><period>15</period></stats><excel>yes</excel><controls>yes</controls><comm>no</comm></options><datafile>"/User/jcg_aci_38c"</datafile><button><action>"Normal Log"<code>" LogOneObsManual "</code></action></button><autoprog>"/User/Configs/AutoProgs/AutoLog2"<active>no</active></autoprog></log></open>
<open><a2d><avgtime>4.0 secs</avgtime><userchans><ch20>"Off"</ch20><ch21>"Off"</ch21><ch22>"Off"</ch22><ch23>"Off"</ch23></userchans></a2d></open>
<open><matching><type>0</type><disp>'a'</disp><settings><CO2Limit>10.0</CO2Limit><H2OLimit>1.0</H2OLimit><MaxAutoTime>60</MaxAutoTime></settings></matching></open>
<li6400><factory><unit>"PSC-4076"</unit><serviced>"31 Mar 2014"</serviced><fuseaware>0</fuseaware><co2mixer>yes</co2mixer><co2><coeffs>{ 0 0.215349 2.57678e-05 1.9763e-08 -3.21542e-12 3.03737e-16  }</coeffs><dvdt>-2.8</dvdt><xs>{ 0.0005 0.0003  }</xs></co2><h2o><coeffs>{ 0 0.00579256 2.19235e-06 9.06457e-12  }</coeffs><dvdt>-1</dvdt><xs>{ -0.0026 0.0003  }</xs></h2o><flow>{ 0 0.3607  }</flow><press>{ 88.32 0.00555  }</press></factory></li6400>
<li6400><user><flow_zero>-1560.7</flow_zero><irga_zero><co2>-312.6 -351.6<at>29.8235</at></co2><h2o>-156.6 77.4<at>31.0407</at></h2o></irga_zero><irga_span><co2>{ 0.988788 0.993555  }</co2><h2o>{ 0.996032 0.996401  }</h2o></irga_span><irga_match><co2>{ -1.32399 17.988  }</co2><h2o>{ -0.104692 0.806232  }</h2o></irga_match><co2_mixer><pump_mv>4500</pump_mv><ppm>{ 2185.36 1052.7 419.509 255.894 118.056 69.8071 46.8351 46.4167  }</ppm><mv>{ 5000 3000 1500 1000 500 300 200 100  }</mv></co2_mixer><parin_offset>0</parin_offset><led_cal><unit>"SI-3989"</unit><mv>{ 10 25 50 100 1000 2000 3000 4000 5000  }</mv><qntm>{ 5.41353 17.8999 38.6356 86.3019 941.421 1838.37 2690.41 3508.95 4284.65  }</qntm></led_cal><lcf_cal><unit>"unknown"</unit><red><mv>{ 50 100 500 1000 1500 5000  }</mv><qntm>{ 50 100 500 1000 2000 5000  }</qntm></red><blue><mv>{ 100 200 500 1000 2000 5000  }</mv><qntm>{ 10 20 50 100 200 500  }</qntm></blue></lcf_cal></user></li6400>
"15:17:39 "
$STARTOFDATA$
"Obs"	"HHMMSS"	"FTime"	"EBal?"	"Photo"	"Cond"	"Ci"	"Trmmol"	"VpdL"	"CTleaf"	"Area"	"BLC_1"	"StmRat"	"BLCond"	"Tair"	"Tleaf"	"TBlk"	"CO2R"	"CO2S"	"H2OR"	"H2OS"	"RH_R"	"RH_S"	"Flow"	"PARi"	"PARo"	"Press"	"CsMch"	"HsMch"	"StableF"	"BLCslope"	"BLCoffst"	"f_parin"	"f_parout"	"alphaK"	"Status"
1	"15:18:03"	30.0	0	16.4	0.345	277	8.52	2.7	32.22	6	1.42	1	2.84	35.83	32.22	38.11	399.01	375.51	11.076	21.095	18.92	36.03	499.6	800	0	101	18	0.806	1.0	-0.22	2.74	1.00	0.00	0.16	111115
2	"15:18:03"	30.0	0	16.4	0.345	277	8.52	2.7	32.22	6	1.42	1	2.84	35.83	32.22	38.11	399.01	375.51	11.076	21.095	18.92	36.03	499.6	800	0	101	18	0.806	1.0	-0.22	2.74	1.00	0.00	0.16	111115
3	"15:18:04"	31.0	0	16.3	0.345	278	8.52	2.7	32.22	6	1.42	1	2.84	35.83	32.22	38.11	398.98	375.53	11.076	21.096	18.92	36.04	499.6	800	0	101	18	0.806	1.0	-0.22	2.74	1.00	0.00	0.16	111115
4	"15:18:04"	31.5	0	16.3	0.345	278	8.52	2.7	32.22	6	1.42	1	2.84	35.83	32.22	38.11	398.97	375.54	11.076	21.097	18.92	36.04	499.6	800	0	101	18	0.806	1.0	-0.22	2.74	1.00	0.00	0.16	111115
5	"15:18:05"	32.0	0	16.3	0.345	278	8.53	2.7	32.22	6	1.42	1	2.84	35.83	32.22	38.11	398.98	375.51	11.076	21.098	18.92	36.04	499.6	800	0	101	18	0.806	1.0	-0.22	2.74	1.00	0.00	0.16	111115
6	"15:18:05"	33.0	0	16.4	0.345	277	8.53	2.7	32.22	6	1.42	1	2.84	35.83	32.22	38.11	398.99	375.49	11.077	21.101	18.92	36.05	499.6	800	0	101	18	0.806	1.0	-0.22	2.74	1.00	0.00	0.16	111115
7	"15:18:06"	33.5	0	16.3	0.345	278	8.53	2.7	32.22	6	1.42	1	2.84	35.83	32.22	38.11	398.97	375.49	11.077	21.101	18.92	36.05	499.6	800	0	101	18	0.806	1.0	-0.22	2.74	1.00	0.00	0.16	111115
8	"15:18:07"	34.0	0	16.4	0.345	277	8.53	2.71	32.23	6	1.42	1	2.84	35.83	32.23	38.11	398.98	375.49	11.077	21.104	18.92	36.05	499.6	800	0	101	18	0.806	1.0	-0.22	2.74	1.00	0.00	0.16	111115
9	"15:18:07"	34.5	0	16.3	0.345	277	8.53	2.71	32.24	6	1.42	1	2.84	35.83	32.24	38.11	398.98	375.50	11.077	21.104	18.93	36.06	499.6	800	0	101	18	0.806	1.0	-0.22	2.74	1.00	0.00	0.16	111115
10	"15:18:08"	35.0	0	16.3	0.344	277	8.53	2.71	32.24	6	1.42	1	2.84	35.83	32.24	38.11	398.99	375.51	11.077	21.105	18.92	36.06	499.6	800	0	101	18	0.806	1.0	-0.22	2.74	1.00	0.00	0.16	111115
11	"15:18:08"	35.5	0	16.4	0.344	277	8.53	2.71	32.24	6	1.42	1	2.84	35.83	32.24	38.11	399.00	375.48	11.076	21.107	18.92	36.06	499.5	800	0	101	18	0.806	1.0	-0.22	2.74	1.00	0.00	0.16	111115
12	"15:18:09"	36.0	0	16.3	0.344	278	8.53	2.71	32.25	6	1.42	1	2.84	35.83	32.25	38.11	398.99	375.53	11.077	21.107	18.92	36.06	499.6	800	0	101	18	0.806	1.0	-0.22	2.74	1.00	0.00	0.16	111115
13	"15:18:09"	36.5	0	16.3	0.344	277	8.53	2.71	32.25	6	1.42	1	2.84	35.83	32.25	38.11	398.99	375.53	11.077	21.106	18.92	36.05	499.6	800	0	101	18	0.806	1.0	-0.22	2.74	1.00	0.00	0.16	111115
14	"15:18:10"	37.0	0	16.4	0.344	277	8.53	2.71	32.25	6	1.42	1	2.84	35.83	32.25	38.11	399.01	375.49	11.077	21.107	18.92	36.05	499.6	800	0	101	18	0.806	1.0	-0.22	2.74	1.00	0.00	0.16	111115
15	"15:18:11"	37.5	0	16.4	0.344	277	8.53	2.71	32.25	6	1.42	1	2.84	35.83	32.25	38.11	399.02	375.51	11.077	21.108	18.92	36.05	499.6	800	1	101	18	0.806	1.0	-0.22	2.74	1.00	0.00	0.16	111115
"15:18:17 CO2 Mixer: CO2R -> 300 uml"
"15:19:41 Flow: Fixed -> 500 umol/s"
"15:19:54 CO2 Mixer: CO2R -> 200 uml"
"15:21:28 Flow: Fixed -> 500 umol/s"
16	"15:22:38"	305.5	0	7.78	0.365	143	8.86	2.67	32.28	6	1.42	1	2.84	35.86	32.28	38.11	199.24	187.89	11.127	21.545	18.98	36.74	499.5	799	0	101	15.4	0.8	1.0	-0.22	2.74	1.00	0.00	0.16	111115
17	"15:22:38"	306.0	0	7.77	0.365	143	8.86	2.67	32.27	6	1.42	1	2.84	35.86	32.27	38.11	199.23	187.90	11.126	21.545	18.97	36.74	499.5	799	0	101	15.4	0.8	1.0	-0.22	2.74	1.00	0.00	0.16	111115
18	"15:22:39"	306.5	0	7.82	0.365	143	8.86	2.67	32.27	6	1.42	1	2.84	35.86	32.27	38.11	199.27	187.88	11.127	21.545	18.97	36.74	499.5	799	0	101	15.4	0.8	1.0	-0.22	2.74	1.00	0.00	0.16	111115
19	"15:22:40"	307.5	0	7.82	0.365	143	8.86	2.67	32.26	6	1.42	1	2.84	35.86	32.26	38.11	199.27	187.87	11.128	21.546	18.97	36.74	499.6	799	0	101	15.4	0.8	1.0	-0.22	2.74	1.00	0.00	0.16	111115
20	"15:22:40"	308.0	0	7.77	0.365	143	8.87	2.67	32.26	6	1.42	1	2.84	35.86	32.26	38.11	199.23	187.90	11.128	21.547	18.97	36.74	499.6	799	0	101	15.4	0.8	1.0	-0.22	2.74	1.00	0.00	0.16	111115
21	"15:22:41"	308.5	0	7.77	0.366	143	8.86	2.67	32.26	6	1.42	1	2.84	35.86	32.26	38.11	199.24	187.90	11.128	21.545	18.97	36.74	499.5	799	0	101	15.4	0.8	1.0	-0.22	2.74	1.00	0.00	0.16	111115
22	"15:22:42"	309.5	0	7.79	0.366	143	8.86	2.67	32.25	6	1.42	1	2.84	35.86	32.25	38.11	199.25	187.89	11.128	21.545	18.97	36.74	499.5	799	0	101	15.4	0.8	1.0	-0.22	2.74	1.00	0.00	0.16	111115
23	"15:22:42"	310.0	0	7.78	0.366	143	8.86	2.67	32.25	6	1.42	1	2.84	35.86	32.25	38.11	199.25	187.90	11.129	21.546	18.98	36.74	499.5	799	0	101	15.4	0.8	1.0	-0.22	2.74	1.00	0.00	0.16	111115
24	"15:22:43"	310.5	0	7.76	0.366	143	8.87	2.66	32.24	6	1.42	1	2.84	35.86	32.24	38.11	199.22	187.90	11.130	21.548	18.98	36.74	499.6	799	0	101	15.4	0.8	1.0	-0.22	2.74	1.00	0.00	0.16	111115
25	"15:22:43"	311.0	0	7.74	0.367	143	8.87	2.66	32.23	6	1.42	1	2.84	35.86	32.23	38.11	199.22	187.92	11.129	21.550	18.98	36.75	499.5	799	0	101	15.4	0.8	1.0	-0.22	2.74	1.00	0.00	0.16	111115
26	"15:22:44"	311.5	0	7.76	0.367	143	8.87	2.66	32.23	6	1.42	1	2.84	35.86	32.23	38.11	199.23	187.91	11.129	21.549	18.98	36.75	499.5	799	0	101	15.4	0.8	1.0	-0.22	2.74	1.00	0.00	0.16	111115
27	"15:22:44"	312.0	0	7.82	0.367	143	8.87	2.66	32.23	6	1.42	1	2.84	35.86	32.23	38.11	199.26	187.87	11.129	21.552	18.98	36.75	499.6	799	0	101	15.4	0.8	1.0	-0.22	2.74	1.00	0.00	0.16	111115
28	"15:22:45"	312.5	0	7.82	0.367	143	8.87	2.66	32.24	6	1.42	1	2.84	35.86	32.24	38.11	199.28	187.88	11.130	21.552	18.98	36.75	499.6	799	0	101	15.4	0.8	1.0	-0.22	2.74	1.00	0.00	0.16	111115
29	"15:22:45"	313.0	0	7.83	0.367	143	8.87	2.66	32.24	6	1.42	1	2.84	35.86	32.24	38.11	199.30	187.89	11.130	21.556	18.98	36.75	499.6	799	0	101	15.4	0.8	1.0	-0.22	2.74	1.00	0.00	0.16	111115
30	"15:22:46"	313.5	0	7.83	0.367	143	8.88	2.66	32.25	6	1.42	1	2.84	35.86	32.25	38.11	199.31	187.90	11.129	21.558	18.98	36.76	499.6	799	0	101	15.4	0.8	1.0	-0.22	2.74	1.00	0.00	0.16	111115
"15:23:36 CO2 Mixer: CO2R -> 300 uml"
"15:24:59 Flow: Fixed -> 500 umol/s"
31	"15:25:19"	466.0	0	13	0.381	211	9.08	2.63	32.22	6	1.42	1	2.84	35.86	32.22	38.11	300.29	281.65	11.146	21.816	19.01	37.21	499.5	799	0	101	16.9	0.804	1.0	-0.22	2.74	1.00	0.00	0.16	111115
32	"15:25:19"	466.5	0	13	0.382	211	9.08	2.63	32.22	6	1.42	1	2.84	35.86	32.22	38.11	300.26	281.62	11.146	21.817	19.01	37.21	499.5	800	0	101	16.9	0.804	1.0	-0.22	2.74	1.00	0.00	0.16	111115
33	"15:25:20"	467.0	0	13	0.382	211	9.08	2.63	32.22	6	1.42	1	2.84	35.86	32.22	38.11	300.27	281.62	11.148	21.817	19.01	37.21	499.5	800	0	101	16.9	0.804	1.0	-0.22	2.74	1.00	0.00	0.16	111115
34	"15:25:20"	467.5	0	13	0.382	211	9.08	2.63	32.21	6	1.42	1	2.84	35.86	32.21	38.11	300.28	281.62	11.146	21.818	19.01	37.21	499.5	799	0	101	16.9	0.804	1.0	-0.22	2.74	1.00	0.00	0.16	111115
35	"15:25:21"	468.5	0	12.9	0.382	211	9.08	2.63	32.21	6	1.42	1	2.84	35.86	32.21	38.11	300.23	281.65	11.147	21.818	19.01	37.21	499.5	799	0	101	16.9	0.804	1.0	-0.22	2.74	1.00	0.00	0.16	111115
36	"15:25:22"	469.0	0	12.9	0.382	211	9.08	2.63	32.21	6	1.42	1	2.84	35.86	32.21	38.11	300.24	281.64	11.147	21.819	19.01	37.21	499.6	799	0	101	16.9	0.804	1.0	-0.22	2.74	1.00	0.00	0.16	111115
37	"15:25:22"	469.5	0	13	0.383	211	9.09	2.63	32.21	6	1.42	1	2.84	35.86	32.21	38.11	300.26	281.62	11.147	21.821	19.01	37.21	499.6	799	0	101	16.9	0.804	1.0	-0.22	2.74	1.00	0.00	0.16	111115
38	"15:25:23"	470.0	0	13	0.383	211	9.09	2.63	32.21	6	1.42	1	2.84	35.86	32.21	38.11	300.28	281.61	11.146	21.821	19.01	37.21	499.6	799	0	101	16.9	0.804	1.0	-0.22	2.74	1.00	0.00	0.16	111115
39	"15:25:24"	470.5	0	13	0.383	211	9.09	2.63	32.21	6	1.42	1	2.84	35.86	32.21	38.11	300.33	281.64	11.147	21.821	19.01	37.21	499.6	799	0	101	16.9	0.804	1.0	-0.22	2.74	1.00	0.00	0.16	111115
40	"15:25:24"	471.5	0	13.1	0.382	210	9.09	2.63	32.21	6	1.42	1	2.84	35.86	32.21	38.11	300.36	281.61	11.148	21.824	19.01	37.22	499.7	799	0	101	16.9	0.804	1.0	-0.22	2.74	1.00	0.00	0.16	111115
41	"15:25:25"	472.0	0	13.1	0.382	210	9.09	2.63	32.22	6	1.42	1	2.84	35.86	32.22	38.11	300.39	281.61	11.149	21.825	19.01	37.22	499.7	799	0	101	16.9	0.804	1.0	-0.22	2.74	1.00	0.00	0.16	111115
42	"15:25:25"	472.5	0	13.1	0.383	210	9.09	2.63	32.22	6	1.42	1	2.84	35.86	32.22	38.11	300.41	281.59	11.148	21.828	19.01	37.22	499.7	799	0	101	16.9	0.804	1.0	-0.22	2.74	1.00	0.00	0.16	111115
43	"15:25:26"	473.0	0	13.1	0.383	210	9.09	2.63	32.21	6	1.42	1	2.84	35.86	32.21	38.11	300.37	281.59	11.149	21.828	19.01	37.22	499.7	799	0	101	16.9	0.804	1.0	-0.22	2.74	1.00	0.00	0.16	111115
44	"15:25:26"	473.5	0	13.1	0.383	210	9.1	2.63	32.21	6	1.42	1	2.84	35.86	32.21	38.11	300.35	281.60	11.148	21.831	19.01	37.22	499.7	799	0	101	16.9	0.804	1.0	-0.22	2.74	1.00	0.00	0.16	111115
45	"15:25:27"	474.0	0	13	0.383	210	9.09	2.63	32.21	6	1.42	1	2.84	35.86	32.21	38.11	300.34	281.59	11.149	21.831	19.01	37.22	499.6	799	0	101	16.9	0.804	1.0	-0.22	2.74	1.00	0.00	0.16	111115
"15:25:34 CO2 Mixer: CO2R -> 100 uml"
"15:27:57 Flow: Fixed -> 500 umol/s"
46	"15:28:56"	683.0	0	2.06	0.408	84.9	9.4	2.57	32.14	6	1.42	1	2.84	35.86	32.14	38.11	101.33	97.75	11.167	22.205	19.04	37.86	499.6	799	0	101	13.9	0.798	1.0	-0.22	2.74	1.00	0.00	0.16	111115
47	"15:28:57"	683.5	0	2.09	0.407	84.8	9.4	2.57	32.14	6	1.42	1	2.84	35.86	32.14	38.11	101.36	97.75	11.167	22.205	19.04	37.86	499.6	799	0	101	13.9	0.798	1.0	-0.22	2.74	1.00	0.00	0.16	111115
48	"15:28:57"	684.0	0	2.08	0.407	84.8	9.4	2.57	32.14	6	1.42	1	2.84	35.86	32.14	38.11	101.34	97.75	11.167	22.206	19.04	37.86	499.6	799	0	101	13.9	0.798	1.0	-0.22	2.74	1.00	0.00	0.16	111115
49	"15:28:58"	684.5	0	2.07	0.407	84.8	9.4	2.57	32.14	6	1.42	1	2.84	35.86	32.14	38.11	101.34	97.75	11.168	22.206	19.04	37.86	499.6	799	0	101	13.9	0.798	1.0	-0.22	2.74	1.00	0.00	0.16	111115
50	"15:28:58"	685.0	0	2.1	0.407	84.7	9.4	2.57	32.14	6	1.42	1	2.84	35.86	32.14	38.11	101.34	97.72	11.167	22.207	19.04	37.86	499.6	799	0	101	13.9	0.798	1.0	-0.22	2.74	1.00	0.00	0.16	111115
51	"15:28:59"	685.5	0	2.1	0.408	84.7	9.4	2.57	32.14	6	1.42	1	2.84	35.86	32.14	38.11	101.35	97.73	11.166	22.209	19.04	37.86	499.6	799	0	101	13.9	0.798	1.0	-0.22	2.74	1.00	0.00	0.16	111115
52	"15:28:59"	686.0	0	2.12	0.408	84.6	9.4	2.57	32.14	6	1.42	1	2.84	35.86	32.14	38.11	101.38	97.72	11.167	22.209	19.04	37.86	499.6	799	0	101	13.9	0.798	1.0	-0.22	2.74	1.00	0.00	0.16	111115
53	"15:29:00"	686.0	0	2.12	0.408	84.6	9.4	2.57	32.14	6	1.42	1	2.84	35.86	32.14	38.11	101.38	97.72	11.167	22.209	19.04	37.86	499.6	799	0	101	13.9	0.798	1.0	-0.22	2.74	1.00	0.00	0.16	111115
54	"15:29:00"	686.5	0	2.14	0.408	84.5	9.4	2.57	32.14	6	1.42	1	2.84	35.86	32.14	38.11	101.39	97.71	11.166	22.210	19.04	37.86	499.6	799	0	101	13.9	0.798	1.0	-0.22	2.74	1.00	0.00	0.16	111115
55	"15:29:01"	687.0	0	2.17	0.408	84.4	9.4	2.57	32.13	6	1.42	1	2.84	35.86	32.13	38.11	101.41	97.71	11.167	22.210	19.04	37.86	499.6	799	0	101	13.9	0.798	1.0	-0.22	2.74	1.00	0.00	0.16	111115
56	"15:29:01"	687.5	0	2.16	0.408	84.4	9.4	2.57	32.13	6	1.42	1	2.84	35.86	32.13	38.11	101.40	97.70	11.168	22.211	19.04	37.86	499.6	799	0	101	13.9	0.798	1.0	-0.22	2.74	1.00	0.00	0.16	111115
57	"15:29:02"	688.0	0	2.17	0.409	84.4	9.41	2.57	32.13	6	1.42	1	2.84	35.86	32.13	38.11	101.41	97.70	11.167	22.212	19.04	37.87	499.6	799	0	101	13.9	0.798	1.0	-0.22	2.74	1.00	0.00	0.16	111115
58	"15:29:02"	688.5	0	2.18	0.409	84.4	9.41	2.57	32.13	6	1.42	1	2.84	35.86	32.13	38.11	101.42	97.70	11.166	22.213	19.04	37.87	499.6	799	0	101	13.9	0.798	1.0	-0.22	2.74	1.00	0.00	0.16	111115
59	"15:29:03"	689.0	0	2.13	0.409	84.6	9.41	2.57	32.13	6	1.42	1	2.84	35.86	32.13	38.11	101.40	97.74	11.167	22.214	19.04	37.87	499.6	799	0	101	13.9	0.798	1.0	-0.22	2.74	1.00	0.00	0.16	111115
60	"15:29:03"	689.5	0	2.12	0.409	84.7	9.41	2.57	32.13	6	1.42	1	2.84	35.86	32.13	38.11	101.39	97.74	11.167	22.214	19.04	37.87	499.6	799	0	101	13.9	0.798	1.0	-0.22	2.74	1.00	0.00	0.16	111115
"15:29:10 CO2 Mixer: CO2R -> 50 uml"
"15:31:09 Flow: Fixed -> 500 umol/s"
61	"15:32:24"	892.0	0	-1.39	0.43	53.5	9.65	2.52	32.06	6	1.42	1	2.84	35.86	32.06	38.11	48.70	49.79	11.180	22.507	19.06	38.38	499.5	799	0	101	13.1	0.799	1.0	-0.22	2.74	1.00	0.00	0.16	111115
62	"15:32:25"	892.5	0	-1.38	0.43	53.5	9.65	2.52	32.06	6	1.42	1	2.84	35.86	32.06	38.11	48.71	49.79	11.179	22.509	19.06	38.38	499.5	799	0	101	13.1	0.799	1.0	-0.22	2.74	1.00	0.00	0.16	111115
63	"15:32:25"	892.5	0	-1.38	0.43	53.5	9.65	2.52	32.06	6	1.42	1	2.84	35.86	32.06	38.11	48.71	49.79	11.179	22.509	19.06	38.38	499.5	799	0	101	13.1	0.799	1.0	-0.22	2.74	1.00	0.00	0.16	111115
64	"15:32:26"	893.0	0	-1.35	0.43	53.3	9.65	2.52	32.06	6	1.42	1	2.84	35.86	32.06	38.11	48.73	49.77	11.180	22.509	19.06	38.38	499.5	799	0	101	13.1	0.799	1.0	-0.22	2.74	1.00	0.00	0.16	111115
65	"15:32:26"	893.5	0	-1.33	0.43	53.3	9.65	2.52	32.06	6	1.42	1	2.84	35.86	32.06	38.11	48.74	49.77	11.180	22.511	19.06	38.38	499.5	799	0	101	13.1	0.799	1.0	-0.22	2.74	1.00	0.00	0.16	111115
66	"15:32:27"	894.0	0	-1.32	0.431	53.2	9.65	2.52	32.05	6	1.42	1	2.84	35.86	32.05	38.11	48.75	49.76	11.181	22.512	19.06	38.38	499.5	799	0	101	13.1	0.799	1.0	-0.22	2.74	1.00	0.00	0.16	111115
67	"15:32:27"	894.5	0	-1.34	0.431	53.3	9.65	2.51	32.04	6	1.42	1	2.84	35.86	32.04	38.11	48.75	49.78	11.181	22.516	19.06	38.39	499.5	799	0	101	13.1	0.799	1.0	-0.22	2.74	1.00	0.00	0.16	111115
68	"15:32:28"	895.0	0	-1.32	0.432	53.2	9.65	2.51	32.04	6	1.42	1	2.84	35.86	32.04	38.11	48.75	49.77	11.181	22.516	19.06	38.39	499.5	799	0	101	13.1	0.799	1.0	-0.22	2.74	1.00	0.00	0.16	111115
69	"15:32:28"	895.5	0	-1.32	0.432	53.2	9.65	2.51	32.03	6	1.42	1	2.84	35.86	32.03	38.11	48.76	49.77	11.181	22.517	19.06	38.39	499.5	799	0	101	13.1	0.799	1.0	-0.22	2.74	1.00	0.00	0.16	111115
70	"15:32:29"	896.0	0	-1.29	0.433	53.1	9.66	2.51	32.02	6	1.42	1	2.84	35.86	32.02	38.11	48.78	49.76	11.180	22.520	19.06	38.39	499.5	799	0	101	13.1	0.799	1.0	-0.22	2.74	1.00	0.00	0.16	111115
71	"15:32:29"	897.0	0	-1.34	0.434	53.3	9.66	2.5	32.01	6	1.42	1	2.84	35.86	32.01	38.11	48.75	49.78	11.180	22.523	19.06	38.40	499.5	799	0	101	13.1	0.799	1.0	-0.22	2.74	1.00	0.00	0.16	111115
72	"15:32:30"	897.5	0	-1.37	0.434	53.4	9.66	2.5	32.01	6	1.42	1	2.84	35.86	32.01	38.11	48.73	49.80	11.181	22.523	19.06	38.40	499.5	799	0	101	13.1	0.799	1.0	-0.22	2.74	1.00	0.00	0.16	111115
73	"15:32:30"	897.5	0	-1.37	0.434	53.4	9.66	2.5	32.01	6	1.42	1	2.84	35.86	32.01	38.11	48.73	49.80	11.181	22.523	19.06	38.40	499.5	799	0	101	13.1	0.799	1.0	-0.22	2.74	1.00	0.00	0.16	111115
74	"15:32:31"	898.5	0	-1.34	0.434	53.3	9.66	2.5	32.00	6	1.42	1	2.84	35.86	32.00	38.11	48.74	49.77	11.183	22.521	19.07	38.40	499.5	799	0	101	13.1	0.799	1.0	-0.22	2.74	1.00	0.00	0.16	111115
75	"15:32:31"	899.0	0	-1.32	0.434	53.2	9.66	2.5	32.00	6	1.42	1	2.84	35.86	32.00	38.11	48.76	49.76	11.184	22.521	19.07	38.40	499.5	799	0	101	13.1	0.799	1.0	-0.22	2.74	1.00	0.00	0.16	111115
"15:32:38 CO2 Mixer: CO2R -> 400 uml"
"15:35:10 Flow: Fixed -> 500 umol/s"
76	"15:37:12"	1179.0	0	16.2	0.404	291	9.38	2.58	32.19	6	1.42	1	2.84	35.87	32.19	38.11	401.24	377.49	11.181	22.200	19.05	37.82	499.6	799	0	101	18.1	0.803	1.0	-0.22	2.74	1.00	0.00	0.16	111115
77	"15:37:13"	1179.5	0	16.2	0.404	291	9.38	2.58	32.19	6	1.42	1	2.84	35.87	32.19	38.11	401.26	377.51	11.182	22.198	19.05	37.82	499.6	799	0	101	18.1	0.803	1.0	-0.22	2.74	1.00	0.00	0.16	111115
78	"15:37:13"	1180.0	0	16.3	0.404	291	9.38	2.58	32.18	6	1.42	1	2.84	35.87	32.18	38.11	401.29	377.49	11.183	22.195	19.05	37.82	499.6	799	0	101	18.1	0.803	1.0	-0.22	2.74	1.00	0.00	0.16	111115
79	"15:37:14"	1181.0	0	16.3	0.404	291	9.37	2.58	32.18	6	1.42	1	2.84	35.87	32.18	38.11	401.31	377.47	11.184	22.189	19.06	37.81	499.6	799	0	101	18.1	0.803	1.0	-0.22	2.74	1.00	0.00	0.16	111115
80	"15:37:15"	1181.5	0	16.3	0.404	291	9.37	2.58	32.18	6	1.42	1	2.84	35.87	32.18	38.11	401.32	377.46	11.184	22.186	19.06	37.80	499.6	799	0	101	18.1	0.803	1.0	-0.22	2.74	1.00	0.00	0.16	111115
81	"15:37:15"	1182.0	0	16.3	0.404	291	9.37	2.58	32.18	6	1.42	1	2.84	35.87	32.18	38.11	401.29	377.48	11.184	22.186	19.06	37.80	499.5	799	0	101	18.1	0.803	1.0	-0.22	2.74	1.00	0.00	0.16	111115
82	"15:37:16"	1182.5	0	16.3	0.404	291	9.36	2.58	32.17	6	1.42	1	2.84	35.87	32.17	38.11	401.28	377.49	11.184	22.182	19.06	37.79	499.6	799	0	101	18.1	0.803	1.0	-0.22	2.74	1.00	0.00	0.16	111115
83	"15:37:16"	1183.5	0	16.3	0.404	291	9.36	2.58	32.17	6	1.42	1	2.84	35.87	32.17	38.11	401.27	377.48	11.184	22.175	19.06	37.78	499.5	799	0	101	18.1	0.803	1.0	-0.22	2.74	1.00	0.00	0.16	111115
84	"15:37:17"	1184.0	0	16.3	0.403	291	9.36	2.58	32.17	6	1.42	1	2.84	35.87	32.17	38.11	401.26	377.47	11.184	22.172	19.06	37.78	499.6	799	0	101	18.1	0.803	1.0	-0.22	2.74	1.00	0.00	0.16	111115
85	"15:37:18"	1184.5	0	16.2	0.403	291	9.35	2.58	32.17	6	1.42	1	2.84	35.87	32.17	38.11	401.26	377.51	11.184	22.170	19.06	37.77	499.5	799	0	101	18.1	0.803	1.0	-0.22	2.74	1.00	0.00	0.16	111115
86	"15:37:18"	1185.0	0	16.3	0.403	291	9.35	2.58	32.17	6	1.42	1	2.84	35.87	32.17	38.11	401.27	377.49	11.184	22.168	19.06	37.77	499.5	799	0	101	18.1	0.803	1.0	-0.22	2.74	1.00	0.00	0.16	111115
87	"15:37:19"	1186.0	0	16.2	0.402	291	9.35	2.59	32.18	6	1.42	1	2.84	35.87	32.18	38.11	401.25	377.54	11.184	22.160	19.06	37.76	499.6	799	0	101	18.1	0.803	1.0	-0.22	2.74	1.00	0.00	0.16	111115
88	"15:37:20"	1186.5	0	16.2	0.402	291	9.35	2.59	32.18	6	1.42	1	2.84	35.87	32.18	38.11	401.24	377.57	11.182	22.161	19.05	37.76	499.6	799	0	101	18.1	0.803	1.0	-0.22	2.74	1.00	0.00	0.16	111115
89	"15:37:20"	1187.0	0	16.2	0.402	291	9.35	2.59	32.18	6	1.42	1	2.84	35.87	32.18	38.11	401.27	377.59	11.182	22.163	19.05	37.76	499.6	799	0	101	18.1	0.803	1.0	-0.22	2.74	1.00	0.00	0.16	111115
90	"15:37:21"	1187.5	0	16.2	0.402	291	9.35	2.59	32.19	6	1.42	1	2.84	35.87	32.19	38.11	401.27	377.59	11.181	22.163	19.05	37.76	499.6	799	0	101	18.1	0.803	1.0	-0.22	2.74	1.00	0.00	0.16	111115
"15:37:27 CO2 Mixer: CO2R -> 600 uml"
"15:39:18 Flow: Fixed -> 500 umol/s"
91	"15:41:17"	1424.5	0	20.6	0.341	441	8.61	2.75	32.48	6	1.42	1	2.84	35.88	32.48	38.11	600.64	569.97	11.203	21.320	19.08	36.31	499.5	799	0	101	20.3	0.805	1.0	-0.22	2.74	1.00	0.00	0.16	111115
92	"15:41:18"	1425.0	0	20.6	0.341	441	8.61	2.75	32.48	6	1.42	1	2.84	35.88	32.48	38.11	600.66	569.97	11.203	21.319	19.08	36.31	499.5	799	0	101	20.3	0.805	1.0	-0.22	2.74	1.00	0.00	0.16	111115
93	"15:41:18"	1425.5	0	20.7	0.341	441	8.6	2.75	32.48	6	1.42	1	2.84	35.88	32.48	38.11	600.65	569.95	11.203	21.317	19.08	36.30	499.5	799	0	101	20.3	0.805	1.0	-0.22	2.74	1.00	0.00	0.16	111115
94	"15:41:19"	1426.0	0	20.7	0.341	440	8.6	2.76	32.49	6	1.42	1	2.84	35.88	32.49	38.11	600.67	569.95	11.203	21.315	19.08	36.30	499.5	799	0	101	20.3	0.805	1.0	-0.22	2.74	1.00	0.00	0.16	111115
95	"15:41:19"	1426.5	0	20.6	0.34	441	8.6	2.76	32.49	6	1.42	1	2.84	35.88	32.49	38.11	600.65	569.98	11.203	21.314	19.08	36.30	499.5	799	0	101	20.3	0.805	1.0	-0.22	2.74	1.00	0.00	0.16	111115
96	"15:41:20"	1427.0	0	20.6	0.34	441	8.6	2.76	32.49	6	1.42	1	2.84	35.88	32.49	38.11	600.64	569.97	11.203	21.314	19.08	36.30	499.5	799	0	101	20.3	0.805	1.0	-0.22	2.74	1.00	0.00	0.16	111115
97	"15:41:21"	1427.5	0	20.6	0.341	441	8.6	2.76	32.49	6	1.42	1	2.84	35.88	32.49	38.11	600.66	569.98	11.203	21.313	19.08	36.30	499.5	799	0	101	20.3	0.805	1.0	-0.22	2.74	1.00	0.00	0.16	111115
98	"15:41:21"	1428.0	0	20.6	0.341	441	8.6	2.75	32.48	6	1.42	1	2.84	35.88	32.48	38.11	600.66	569.99	11.203	21.312	19.08	36.30	499.6	799	0	101	20.3	0.805	1.0	-0.22	2.74	1.00	0.00	0.16	111115
99	"15:41:22"	1428.5	0	20.6	0.341	441	8.6	2.75	32.47	6	1.42	1	2.84	35.88	32.47	38.11	600.64	570.00	11.203	21.312	19.08	36.29	499.6	799	0	101	20.3	0.805	1.0	-0.22	2.74	1.00	0.00	0.16	111115
100	"15:41:22"	1429.0	0	20.6	0.341	441	8.6	2.75	32.47	6	1.42	1	2.84	35.88	32.47	38.11	600.63	570.03	11.204	21.311	19.08	36.29	499.5	799	0	101	20.3	0.805	1.0	-0.22	2.74	1.00	0.00	0.16	111115
101	"15:41:23"	1430.0	0	20.6	0.341	441	8.6	2.75	32.47	6	1.42	1	2.84	35.88	32.47	38.11	600.63	570.04	11.204	21.310	19.08	36.29	499.6	799	0	101	20.3	0.805	1.0	-0.22	2.74	1.00	0.00	0.16	111115
102	"15:41:24"	1430.5	0	20.6	0.341	441	8.6	2.75	32.47	6	1.42	1	2.84	35.88	32.47	38.11	600.66	570.01	11.204	21.310	19.08	36.29	499.6	799	0	101	20.3	0.805	1.0	-0.22	2.74	1.00	0.00	0.16	111115
103	"15:41:24"	1431.0	0	20.6	0.341	441	8.59	2.75	32.48	6	1.42	1	2.84	35.88	32.48	38.11	600.68	570.02	11.205	21.307	19.08	36.29	499.6	799	0	101	20.3	0.805	1.0	-0.22	2.74	1.00	0.00	0.16	111115
104	"15:41:25"	1431.5	0	20.6	0.341	441	8.59	2.75	32.47	6	1.42	1	2.84	35.88	32.47	38.11	600.66	570.07	11.206	21.305	19.08	36.28	499.6	799	0	101	20.3	0.805	1.0	-0.22	2.74	1.00	0.00	0.16	111115
105	"15:41:25"	1432.0	0	20.6	0.34	441	8.59	2.75	32.47	6	1.42	1	2.84	35.88	32.47	38.11	600.69	570.11	11.207	21.302	19.09	36.28	499.6	799	0	101	20.3	0.805	1.0	-0.22	2.74	1.00	0.00	0.16	111115
"15:41:32 CO2 Mixer: CO2R -> 900 uml"
"15:43:29 Flow: Fixed -> 500 umol/s"
106	"15:45:00"	1647.5	0	23.9	0.3	688	8	2.87	32.65	6	1.42	1	2.84	35.88	32.65	38.11	900.38	863.39	11.221	20.626	19.10	35.12	499.6	799	0	101	21.7	0.817	1.0	-0.22	2.74	1.00	0.00	0.16	111115
107	"15:45:00"	1648.0	0	23.9	0.3	689	8	2.87	32.65	6	1.42	1	2.84	35.88	32.65	38.11	900.38	863.41	11.221	20.625	19.10	35.12	499.6	799	0	101	21.7	0.817	1.0	-0.22	2.74	1.00	0.00	0.16	111115
108	"15:45:01"	1648.0	0	23.9	0.3	689	8	2.87	32.65	6	1.42	1	2.84	35.88	32.65	38.11	900.38	863.41	11.221	20.625	19.10	35.12	499.6	799	0	101	21.7	0.817	1.0	-0.22	2.74	1.00	0.00	0.16	111115
109	"15:45:01"	1648.5	0	23.8	0.3	689	7.99	2.87	32.65	6	1.42	1	2.84	35.88	32.65	38.11	900.35	863.44	11.220	20.622	19.10	35.11	499.6	799	0	101	21.7	0.817	1.0	-0.22	2.74	1.00	0.00	0.16	111115
110	"15:45:02"	1649.0	0	23.8	0.3	689	7.99	2.87	32.65	6	1.42	1	2.84	35.88	32.65	38.11	900.34	863.44	11.220	20.620	19.10	35.11	499.6	799	0	101	21.7	0.817	1.0	-0.22	2.74	1.00	0.00	0.16	111115
111	"15:45:02"	1649.5	0	23.8	0.3	689	7.99	2.87	32.65	6	1.42	1	2.84	35.88	32.65	38.11	900.31	863.48	11.220	20.618	19.10	35.10	499.6	799	0	101	21.7	0.817	1.0	-0.22	2.74	1.00	0.00	0.16	111115
112	"15:45:03"	1650.0	0	23.7	0.3	689	7.99	2.87	32.64	6	1.42	1	2.84	35.88	32.64	38.11	900.29	863.49	11.219	20.616	19.10	35.10	499.6	799	0	101	21.7	0.817	1.0	-0.22	2.74	1.00	0.00	0.16	111115
113	"15:45:03"	1650.5	0	23.8	0.3	689	7.99	2.87	32.64	6	1.42	1	2.84	35.88	32.64	38.11	900.29	863.48	11.219	20.614	19.10	35.09	499.6	799	0	101	21.7	0.817	1.0	-0.22	2.74	1.00	0.00	0.16	111115
114	"15:45:04"	1651.0	0	23.8	0.3	689	7.99	2.87	32.64	6	1.42	1	2.84	35.88	32.64	38.11	900.36	863.50	11.220	20.614	19.10	35.10	499.6	799	0	101	21.7	0.817	1.0	-0.22	2.74	1.00	0.00	0.16	111115
115	"15:45:05"	1652.5	0	23.8	0.3	689	7.98	2.87	32.64	6	1.42	1	2.84	35.88	32.64	38.11	900.39	863.48	11.219	20.609	19.10	35.09	499.6	799	0	101	21.7	0.817	1.0	-0.22	2.74	1.00	0.00	0.16	111115
116	"15:45:05"	1653.0	0	23.9	0.299	688	7.98	2.87	32.64	6	1.42	1	2.84	35.88	32.64	38.11	900.46	863.46	11.220	20.607	19.10	35.08	499.5	799	0	101	21.7	0.817	1.0	-0.22	2.74	1.00	0.00	0.16	111115
117	"15:45:06"	1653.0	0	23.9	0.299	688	7.98	2.87	32.64	6	1.42	1	2.84	35.88	32.64	38.11	900.46	863.46	11.220	20.607	19.10	35.08	499.5	799	0	101	21.7	0.817	1.0	-0.22	2.74	1.00	0.00	0.16	111115
118	"15:45:07"	1654.5	0	23.9	0.299	688	7.98	2.88	32.66	6	1.42	1	2.84	35.88	32.66	38.11	900.48	863.50	11.221	20.606	19.10	35.08	499.5	799	0	101	21.7	0.817	1.0	-0.22	2.74	1.00	0.00	0.16	111115
119	"15:45:07"	1655.0	0	23.9	0.299	688	7.98	2.88	32.66	6	1.42	1	2.84	35.88	32.66	38.11	900.42	863.50	11.220	20.604	19.10	35.08	499.5	799	0	101	21.7	0.817	1.0	-0.22	2.74	1.00	0.00	0.16	111115
120	"15:45:08"	1655.5	0	23.9	0.299	688	7.97	2.88	32.66	6	1.42	1	2.84	35.88	32.66	38.11	900.39	863.47	11.221	20.601	19.10	35.07	499.5	799	0	101	21.7	0.817	1.0	-0.22	2.74	1.00	0.00	0.16	111115
"15:45:15 CO2 Mixer: CO2R -> 1200 uml"
"15:47:12 Flow: Fixed -> 500 umol/s"
121	"15:48:20"	1847.0	0	25	0.268	947	7.45	2.97	32.78	6	1.42	1	2.84	35.90	32.78	38.11	1199.69	1159.27	11.239	20.014	19.12	34.05	499.5	799	0	101	22.5	0.829	1.0	-0.22	2.74	1.00	0.00	0.16	111115
122	"15:48:20"	1847.5	0	25	0.268	947	7.45	2.97	32.78	6	1.42	1	2.84	35.90	32.78	38.11	1199.72	1159.26	11.240	20.013	19.12	34.05	499.5	799	0	101	22.5	0.829	1.0	-0.22	2.74	1.00	0.00	0.16	111115
123	"15:48:21"	1848.0	0	25.1	0.268	947	7.45	2.97	32.78	6	1.42	1	2.84	35.90	32.78	38.11	1199.74	1159.25	11.239	20.011	19.12	34.05	499.5	799	0	101	22.5	0.829	1.0	-0.22	2.74	1.00	0.00	0.16	111115
124	"15:48:21"	1848.5	0	25.1	0.268	947	7.45	2.97	32.78	6	1.42	1	2.84	35.90	32.78	38.11	1199.81	1159.31	11.240	20.009	19.12	34.04	499.5	799	0	101	22.5	0.829	1.0	-0.22	2.74	1.00	0.00	0.16	111115
125	"15:48:22"	1849.0	0	25.1	0.268	946	7.45	2.97	32.77	6	1.42	1	2.84	35.90	32.77	38.11	1199.88	1159.34	11.240	20.008	19.12	34.04	499.5	799	0	101	22.5	0.829	1.0	-0.22	2.74	1.00	0.00	0.16	111115
126	"15:48:22"	1849.0	0	25.1	0.268	946	7.45	2.97	32.77	6	1.42	1	2.84	35.90	32.77	38.11	1199.88	1159.34	11.240	20.008	19.12	34.04	499.5	799	0	101	22.5	0.829	1.0	-0.22	2.74	1.00	0.00	0.16	111115
127	"15:48:22"	1849.5	0	25.1	0.268	946	7.45	2.97	32.77	6	1.42	1	2.84	35.90	32.77	38.11	1199.90	1159.34	11.240	20.007	19.12	34.04	499.5	799	0	101	22.5	0.829	1.0	-0.22	2.74	1.00	0.00	0.16	111115
128	"15:48:23"	1850.0	0	25.1	0.268	947	7.45	2.97	32.77	6	1.42	1	2.84	35.90	32.77	38.11	1199.97	1159.45	11.240	20.007	19.13	34.04	499.5	799	0	101	22.5	0.829	1.0	-0.22	2.74	1.00	0.00	0.16	111115
129	"15:48:23"	1850.5	0	25.1	0.268	947	7.45	2.97	32.77	6	1.42	1	2.84	35.89	32.77	38.11	1199.93	1159.42	11.240	20.005	19.13	34.04	499.5	799	0	101	22.5	0.829	1.0	-0.22	2.74	1.00	0.00	0.16	111115
130	"15:48:24"	1851.0	0	25	0.267	947	7.44	2.97	32.77	6	1.42	1	2.84	35.89	32.77	38.11	1199.88	1159.45	11.240	20.002	19.13	34.04	499.5	799	0	101	22.5	0.829	1.0	-0.22	2.74	1.00	0.00	0.16	111115
131	"15:48:25"	1851.5	0	25	0.267	947	7.44	2.97	32.77	6	1.42	1	2.84	35.89	32.77	38.11	1199.91	1159.50	11.239	20.001	19.12	34.03	499.5	798	0	101	22.5	0.829	1.0	-0.22	2.74	1.00	0.00	0.16	111115
132	"15:48:25"	1852.0	0	25	0.267	947	7.44	2.97	32.78	6	1.42	1	2.84	35.89	32.78	38.11	1199.91	1159.58	11.239	19.999	19.13	34.03	499.5	799	0	101	22.5	0.829	1.0	-0.22	2.74	1.00	0.00	0.16	111115
133	"15:48:26"	1853.5	0	24.8	0.267	949	7.44	2.97	32.77	6	1.42	1	2.84	35.89	32.77	38.11	1199.81	1159.68	11.240	19.996	19.13	34.03	499.6	798	0	101	22.5	0.829	1.0	-0.22	2.74	1.00	0.00	0.16	111115
134	"15:48:26"	1854.0	0	24.8	0.267	949	7.44	2.97	32.77	6	1.42	1	2.84	35.89	32.77	38.11	1199.75	1159.63	11.240	19.994	19.13	34.03	499.6	799	0	101	22.5	0.829	1.0	-0.22	2.74	1.00	0.00	0.16	111115
135	"15:48:27"	1854.5	0	24.7	0.267	949	7.44	2.97	32.76	6	1.42	1	2.84	35.89	32.76	38.11	1199.71	1159.70	11.240	19.995	19.13	34.03	499.6	799	0	101	22.5	0.829	0.7	-0.22	2.74	1.00	0.00	0.16	111115
"15:48:35 CO2 Mixer: CO2R -> 1500 uml"
"15:50:50 Flow: Fixed -> 500 umol/s"
"15:53:02 Flow: Fixed -> 500 umol/s"
136	"15:53:28"	2155.5	0	25.7	0.235	1.2E+03	6.86	3.08	32.95	6	1.42	1	2.84	35.90	32.95	38.11	1500.16	1457.24	11.261	19.338	19.15	32.89	499.6	799	0	101	22.2	0.83	1.0	-0.22	2.74	1.00	0.00	0.16	111115
137	"15:53:29"	2156.0	0	25.8	0.235	1.2E+03	6.86	3.08	32.94	6	1.42	1	2.84	35.90	32.94	38.11	1500.18	1457.19	11.261	19.338	19.15	32.89	499.6	799	0	101	22.2	0.83	1.0	-0.22	2.74	1.00	0.00	0.16	111115
138	"15:53:29"	2156.5	0	25.8	0.235	1.2E+03	6.86	3.08	32.94	6	1.42	1	2.84	35.90	32.94	38.11	1500.15	1457.15	11.261	19.337	19.15	32.89	499.6	799	0	101	22.2	0.83	1.0	-0.22	2.74	1.00	0.00	0.16	111115
139	"15:53:30"	2157.5	0	25.9	0.235	1.2E+03	6.86	3.08	32.93	6	1.42	1	2.84	35.90	32.93	38.11	1500.20	1457.11	11.261	19.335	19.15	32.89	499.6	799	0	101	22.2	0.83	1.0	-0.22	2.74	1.00	0.00	0.16	111115
140	"15:53:31"	2158.0	0	25.9	0.235	1.2E+03	6.86	3.08	32.93	6	1.42	1	2.84	35.90	32.93	38.11	1500.20	1457.13	11.261	19.335	19.15	32.89	499.6	799	0	101	22.2	0.83	1.0	-0.22	2.74	1.00	0.00	0.16	111115
141	"15:53:32"	2159.0	0	25.9	0.235	1.2E+03	6.85	3.08	32.93	6	1.42	1	2.84	35.90	32.93	38.11	1500.26	1457.21	11.261	19.335	19.15	32.89	499.6	799	0	101	22.2	0.83	1.0	-0.22	2.74	1.00	0.00	0.16	111115
142	"15:53:33"	2159.5	0	25.8	0.235	1.2E+03	6.85	3.08	32.93	6	1.42	1	2.84	35.90	32.93	38.11	1500.21	1457.22	11.261	19.335	19.15	32.89	499.5	799	0	101	22.2	0.83	1.0	-0.22	2.74	1.00	0.00	0.16	111115
143	"15:53:33"	2160.5	0	25.8	0.234	1.2E+03	6.85	3.08	32.94	6	1.42	1	2.84	35.90	32.94	38.11	1500.24	1457.31	11.261	19.332	19.15	32.88	499.6	799	0	101	22.2	0.83	1.0	-0.22	2.74	1.00	0.00	0.16	111115
144	"15:53:34"	2161.0	0	25.7	0.234	1.2E+03	6.85	3.09	32.95	6	1.42	1	2.84	35.90	32.95	38.11	1500.23	1457.33	11.261	19.331	19.15	32.88	499.6	799	0	101	22.2	0.83	1.0	-0.22	2.74	1.00	0.00	0.16	111115
145	"15:53:35"	2162.0	0	25.7	0.234	1.2E+03	6.85	3.09	32.96	6	1.42	1	2.84	35.90	32.96	38.11	1500.25	1457.34	11.262	19.330	19.16	32.88	499.6	799	0	101	22.2	0.83	1.0	-0.22	2.74	1.00	0.00	0.16	111115
146	"15:53:35"	2162.5	0	25.8	0.234	1.2E+03	6.85	3.09	32.95	6	1.42	1	2.84	35.90	32.95	38.11	1500.21	1457.27	11.261	19.328	19.15	32.87	499.6	799	0	101	22.2	0.83	1.0	-0.22	2.74	1.00	0.00	0.16	111115
147	"15:53:36"	2163.0	0	25.8	0.234	1.2E+03	6.85	3.09	32.95	6	1.42	1	2.84	35.90	32.95	38.11	1500.26	1457.29	11.262	19.327	19.15	32.87	499.6	799	0	101	22.2	0.83	1.0	-0.22	2.74	1.00	0.00	0.16	111115
148	"15:53:37"	2164.0	0	25.8	0.234	1.2E+03	6.85	3.09	32.95	6	1.42	1	2.84	35.90	32.95	38.11	1500.34	1457.35	11.263	19.326	19.15	32.87	499.6	799	0	101	22.2	0.83	1.0	-0.22	2.74	1.00	0.00	0.16	111115
149	"15:53:37"	2164.5	0	25.8	0.234	1.2E+03	6.84	3.08	32.94	6	1.42	1	2.84	35.90	32.94	38.11	1500.31	1457.32	11.263	19.325	19.15	32.86	499.6	799	0	101	22.2	0.83	1.0	-0.22	2.74	1.00	0.00	0.16	111115
150	"15:53:38"	2165.0	0	25.8	0.234	1.2E+03	6.84	3.08	32.94	6	1.42	1	2.84	35.90	32.94	38.11	1500.28	1457.34	11.263	19.323	19.15	32.86	499.6	799	0	101	22.2	0.83	1.0	-0.22	2.74	1.00	0.00	0.16	111115
"15:53:46 CO2 Mixer: CO2R -> 1800 uml"
"15:55:43 Flow: Fixed -> 500 umol/s"
151	"15:56:31"	2338.0	0	26	0.224	1.48E+03	6.65	3.12	32.99	6	1.42	1	2.84	35.91	32.99	38.11	1800.31	1755.11	11.260	19.097	19.14	32.46	499.6	800	0	101	21.7	0.833	1.0	-0.22	2.74	1.00	0.00	0.16	111115
152	"15:56:31"	2338.5	0	26	0.224	1.47E+03	6.65	3.12	32.99	6	1.42	1	2.84	35.91	32.99	38.11	1800.41	1755.11	11.260	19.097	19.14	32.46	499.6	801	0	101	21.7	0.833	1.0	-0.22	2.74	1.00	0.00	0.16	111115
153	"15:56:32"	2339.0	0	26.1	0.224	1.47E+03	6.65	3.12	32.99	6	1.42	1	2.84	35.91	32.99	38.11	1800.46	1755.08	11.259	19.096	19.14	32.46	499.6	800	0	101	21.7	0.833	1.0	-0.22	2.74	1.00	0.00	0.16	111115
154	"15:56:33"	2340.0	0	26.1	0.224	1.47E+03	6.65	3.12	32.99	6	1.42	1	2.84	35.91	32.99	38.11	1800.42	1755.12	11.260	19.094	19.14	32.46	499.6	800	0	101	21.7	0.833	1.0	-0.22	2.74	1.00	0.00	0.16	111115
155	"15:56:33"	2340.5	0	26.1	0.224	1.47E+03	6.65	3.12	32.99	6	1.42	1	2.84	35.91	32.99	38.11	1800.44	1755.13	11.260	19.094	19.14	32.46	499.6	801	0	101	21.7	0.833	1.0	-0.22	2.74	1.00	0.00	0.16	111115
156	"15:56:34"	2341.0	0	26.1	0.224	1.47E+03	6.65	3.12	32.99	6	1.42	1	2.84	35.91	32.99	38.11	1800.44	1755.11	11.260	19.094	19.14	32.46	499.6	800	0	101	21.7	0.833	1.0	-0.22	2.74	1.00	0.00	0.16	111115
157	"15:56:34"	2341.5	0	26.1	0.224	1.47E+03	6.65	3.12	32.99	6	1.42	1	2.84	35.91	32.99	38.11	1800.48	1755.11	11.260	19.095	19.14	32.46	499.6	800	0	101	21.7	0.833	1.0	-0.22	2.74	1.00	0.00	0.16	111115
158	"15:56:35"	2342.0	0	26.2	0.224	1.47E+03	6.65	3.12	32.99	6	1.42	1	2.84	35.91	32.99	38.11	1800.51	1755.05	11.260	19.095	19.14	32.46	499.6	800	0	101	21.7	0.833	1.0	-0.22	2.74	1.00	0.00	0.16	111115
159	"15:56:35"	2342.5	0	26.1	0.224	1.47E+03	6.65	3.12	32.99	6	1.42	1	2.84	35.91	32.99	38.11	1800.43	1755.02	11.260	19.094	19.14	32.46	499.6	800	0	101	21.7	0.833	1.0	-0.22	2.74	1.00	0.00	0.16	111115
160	"15:56:36"	2343.0	0	26.1	0.224	1.47E+03	6.65	3.12	32.99	6	1.42	1	2.84	35.91	32.99	38.11	1800.41	1755.00	11.261	19.092	19.14	32.46	499.6	800	0	101	21.7	0.833	1.0	-0.22	2.74	1.00	0.00	0.16	111115
161	"15:56:37"	2344.0	0	26.1	0.224	1.47E+03	6.65	3.12	32.99	6	1.42	1	2.84	35.91	32.99	38.11	1800.39	1755.01	11.260	19.089	19.14	32.45	499.6	801	0	101	21.7	0.833	1.0	-0.22	2.74	1.00	0.00	0.16	111115
162	"15:56:37"	2344.5	0	26.1	0.224	1.47E+03	6.64	3.12	32.99	6	1.42	1	2.84	35.91	32.99	38.11	1800.39	1755.02	11.260	19.088	19.14	32.45	499.5	801	0	101	21.7	0.833	1.0	-0.22	2.74	1.00	0.00	0.16	111115
163	"15:56:38"	2345.0	0	26.1	0.224	1.47E+03	6.64	3.12	32.99	6	1.42	1	2.84	35.91	32.99	38.11	1800.39	1755.03	11.261	19.089	19.14	32.45	499.5	801	0	101	21.7	0.833	1.0	-0.22	2.74	1.00	0.00	0.16	111115
164	"15:56:38"	2345.5	0	26.1	0.224	1.47E+03	6.64	3.12	32.98	6	1.42	1	2.84	35.91	32.98	38.11	1800.33	1755.02	11.261	19.087	19.14	32.44	499.5	801	0	101	21.7	0.833	1.0	-0.22	2.74	1.00	0.00	0.16	111115
165	"15:56:39"	2346.0	0	26	0.224	1.47E+03	6.64	3.12	32.98	6	1.42	1	2.84	35.91	32.98	38.11	1800.33	1755.07	11.261	19.087	19.14	32.44	499.5	801	0	101	21.7	0.833	1.0	-0.22	2.74	1.00	0.00	0.16	111115
"15:56:47 CO2 Mixer: CO2R -> 400 uml"
"15:56:55 Coolers: Tblock -> 20.00 C"
