"OPEN 6.2.4"
"Mon Jun 29 2015 11:03:06"
<open><version>"6.2.4"</version></open>
<open><configfile>"/User/Configs/UserPrefs/2x3 LED.xml"</configfile></open>
<open><light><source>"6400-02 or -02B LED Source"</source><par_in>1<sensor>"SI-3781"<cal>-0.93<actinity>1.00</actinity><transm>1.00</transm></cal></sensor><transm>1</transm></par_in><par_out>1<sensor>"Q49599"<cal>7.26</cal></sensor></par_out></light></open>
<open><comps><file>"/User/Configs/Comps/StdComps_6.2"<header>""</header><extras></extras></file><energybal>no<f_parIn>1</f_parIn><f_parOut>0</f_parOut><alphaK>0.16</alphaK></energybal><bc_total>2.840<stomatal_ratio>1</stomatal_ratio><bc_oneside>1.420<type>2</type><table>"/Sys/Lib/StdBLCTable"</table><area>6</area><slope>-0.219565</slope><offset>2.73739</offset><fan>5</fan></bc_oneside></bc_total></comps></open>
<open><prompts><onlog>off</onlog><items>"Default (none)"</items></prompts></open>
<open><constants><oxygen>21 %</oxygen><bb_vapor>1.5</bb_vapor><bb_oxy>0.9</bb_oxy></constants></open>
<open><stability><items>"Std Stability"<items[1]><id>-2</id><size>15</size><pcv><onoff>0</onoff><value>1</value></pcv><std><onoff>0</onoff><value>1</value></std><slp><onoff>1</onoff><value>1</value></slp></items[1]><items[2]><id>-5</id><size>15</size><pcv><onoff>0</onoff><value>1</value></pcv><std><onoff>0</onoff><value>1</value></std><slp><onoff>1</onoff><value>1</value></slp></items[2]><items[3]><id>-7</id><size>15</size><pcv><onoff>0</onoff><value>1</value></pcv><std><onoff>0</onoff><value>1</value></std><slp><onoff>1</onoff><value>1</value></slp></items[3]></items></stability></open>
<open><log><format>"StdLogFmt_6.0"<items>{ -35 -21 -36 -76 30 23 36 21 25 221 -33 111 -34 11 -9 -10 -8 -1 -2 -4 -5 -14 -15 -7 -12 -13 -11 -65 -66 -72 -18 -19 -77 -78 -79 -23  }<hdr>{  }</hdr></items></format><options><beep>on</beep><hdr>normal</hdr><rem>normal</rem><stab>no</stab><stats>no<mean>no</mean><file>no</file><period>15</period></stats><excel>yes</excel><controls>yes</controls><comm>no</comm></options><datafile>"/User/stm-plipo6"</datafile><button><action>"Normal Log"<code>" LogOneObsManual "</code></action></button><autoprog>"/User/Configs/AutoProgs/AutoLog2"<active>no</active></autoprog></log></open>
<open><a2d><avgtime>4.0 secs</avgtime><userchans><ch20>"Off"</ch20><ch21>"Off"</ch21><ch22>"Off"</ch22><ch23>"Off"</ch23></userchans></a2d></open>
<open><matching><type>0</type><disp>'a'</disp><settings><CO2Limit>10.0</CO2Limit><H2OLimit>1.0</H2OLimit><MaxAutoTime>60</MaxAutoTime></settings></matching></open>
<li6400><factory><unit>"PSC-3840"</unit><serviced>"1 Jul 2013"</serviced><fuseaware>0</fuseaware><co2mixer>yes</co2mixer><co2><coeffs>{ 0 0.213319 2.22998e-05 2.13159e-08 -3.88664e-12 3.69888e-16  }</coeffs><dvdt>-4.7</dvdt><xs>{ 0.0009 -0.0002  }</xs></co2><h2o><coeffs>{ 0 0.00572751 2.23485e-06 -7.37877e-12  }</coeffs><dvdt>-1.7</dvdt><xs>{ 0.0009 -0.0028  }</xs></h2o><flow>{ 0 0.3568  }</flow><press>{ 88.437 0.00551  }</press></factory></li6400>
<li6400><user><flow_zero>-468.8</flow_zero><irga_zero><co2>429.7 390.6<at>17.6901</at></co2><h2o>78.1 156.2<at>17.1607</at></h2o></irga_zero><irga_span><co2>{ 0.99237 0.992833  }</co2><h2o>{ 1.00426 0.996799  }</h2o></irga_span><irga_match><co2>{ 0.368307 -2.76846  }</co2><h2o>{ 0.00477181 0.0470957  }</h2o></irga_match><co2_mixer><pump_mv>4500</pump_mv><ppm>{ 2287.2 1080.71 423.89 257.488 117.195 68.0056 44.5242 37.9628  }</ppm><mv>{ 5000 3000 1500 1000 500 300 200 100  }</mv></co2_mixer><parin_offset>0</parin_offset><led_cal><unit>"SI-3781"</unit><mv>{ 10 25 50 100 1000 2000 3000 4000 5000  }</mv><qntm>{ 4.69642 15.4417 35.4805 82.2863 972.665 1922.29 2824.32 3690.14 4518.2  }</qntm></led_cal><lcf_cal><unit>"unknown"</unit><red><mv>{ 50 100 500 1000 1500 5000  }</mv><qntm>{ 50 100 500 1000 2000 5000  }</qntm></red><blue><mv>{ 100 200 500 1000 2000 5000  }</mv><qntm>{ 10 20 50 100 200 500  }</qntm></blue></lcf_cal></user></li6400>
"11:03:07 "
$STARTOFDATA$
"Obs"	"HHMMSS"	"FTime"	"EBal?"	"Photo"	"Cond"	"Ci"	"Trmmol"	"VpdL"	"CTleaf"	"Area"	"BLC_1"	"StmRat"	"BLCond"	"Tair"	"Tleaf"	"TBlk"	"CO2R"	"CO2S"	"H2OR"	"H2OS"	"RH_R"	"RH_S"	"Flow"	"PARi"	"PARo"	"Press"	"CsMch"	"HsMch"	"StableF"	"BLCslope"	"BLCoffst"	"f_parin"	"f_parout"	"alphaK"	"Status"
"11:06:17 CO2 Mixer: CO2R -> 400 uml"
"11:06:23 Coolers: Tblock -> 0.00 C"
"11:06:31 Lamp: ParIn ->  1500 uml"
"11:21:27 Coolers: Tblock -> 2.44 C"
"11:22:21 Flow: Fixed -> 500 umol/s"
1	"11:23:03"	1209.0	0	6.45	0.185	324	2.52	1.01	10.99	6	1.42	1	2.84	4.98	10.99	2.39	399.87	390.95	1.378	4.386	11.07	35.22	499.9	1500	192	70.25	-2.63	0.224	1.0	-0.22	2.74	1.00	0.00	0.16	111115
2	"11:23:04"	1209.0	0	6.45	0.185	324	2.52	1.01	10.99	6	1.42	1	2.84	4.98	10.99	2.39	399.87	390.95	1.378	4.386	11.07	35.22	499.9	1500	192	70.25	-2.63	0.224	1.0	-0.22	2.74	1.00	0.00	0.16	111115
3	"11:23:04"	1209.5	0	6.43	0.184	324	2.52	1.01	10.99	6	1.42	1	2.84	4.98	10.99	2.39	399.83	390.94	1.378	4.384	11.06	35.21	499.9	1500	187	70.25	-2.63	0.224	1.0	-0.22	2.74	1.00	0.00	0.16	111115
4	"11:23:05"	1210.0	0	6.42	0.184	324	2.52	1.01	11.00	6	1.42	1	2.84	4.98	11.00	2.39	399.85	390.96	1.378	4.384	11.07	35.21	500.0	1500	182	70.25	-2.63	0.224	1.0	-0.22	2.74	1.00	0.00	0.16	111115
5	"11:23:05"	1210.5	0	6.44	0.184	324	2.52	1.01	11.01	6	1.42	1	2.84	4.98	11.01	2.39	399.85	390.94	1.377	4.384	11.06	35.21	500.0	1500	178	70.25	-2.63	0.224	1.0	-0.22	2.74	1.00	0.00	0.16	111115
6	"11:23:05"	1211.0	0	6.51	0.184	323	2.52	1.01	11.00	6	1.42	1	2.84	4.98	11.00	2.38	399.89	390.90	1.378	4.385	11.07	35.21	500.0	1500	174	70.25	-2.63	0.224	1.0	-0.22	2.74	1.00	0.00	0.16	111115
7	"11:23:06"	1211.5	0	6.49	0.184	323	2.52	1.01	11.00	6	1.42	1	2.84	4.98	11.00	2.39	399.87	390.91	1.378	4.384	11.07	35.21	500.0	1500	170	70.25	-2.63	0.224	1.0	-0.22	2.74	1.00	0.00	0.16	111115
8	"11:23:06"	1212.0	0	6.5	0.184	323	2.52	1.01	11.00	6	1.42	1	2.84	4.98	11.00	2.39	399.90	390.93	1.378	4.384	11.07	35.21	500.0	1500	166	70.25	-2.63	0.224	1.0	-0.22	2.74	1.00	0.00	0.16	111115
9	"11:23:07"	1212.5	0	6.45	0.184	324	2.52	1.01	10.99	6	1.42	1	2.84	4.98	10.99	2.39	399.85	390.93	1.378	4.383	11.07	35.21	500.0	1500	162	70.25	-2.63	0.224	1.0	-0.22	2.74	1.00	0.00	0.16	111115
10	"11:23:08"	1213.0	0	6.41	0.184	324	2.51	1.01	10.99	6	1.42	1	2.84	4.98	10.99	2.39	399.79	390.92	1.378	4.381	11.07	35.19	500.0	1500	160	70.25	-2.63	0.224	1.0	-0.22	2.74	1.00	0.00	0.16	111115
11	"11:23:08"	1213.5	0	6.38	0.184	324	2.51	1.01	10.98	6	1.42	1	2.84	4.98	10.98	2.39	399.79	390.96	1.379	4.381	11.08	35.20	500.0	1500	159	70.25	-2.63	0.224	1.0	-0.22	2.74	1.00	0.00	0.16	111115
12	"11:23:09"	1214.0	0	6.38	0.184	324	2.51	1.01	10.97	6	1.42	1	2.84	4.97	10.97	2.38	399.75	390.91	1.378	4.381	11.07	35.20	500.0	1500	161	70.25	-2.63	0.224	1.0	-0.22	2.74	1.00	0.00	0.16	111115
13	"11:23:09"	1214.5	0	6.39	0.185	324	2.51	1.01	10.97	6	1.42	1	2.84	4.97	10.97	2.38	399.74	390.89	1.378	4.382	11.07	35.21	499.9	1500	165	70.25	-2.63	0.224	1.0	-0.22	2.74	1.00	0.00	0.16	111115
14	"11:23:10"	1215.0	0	6.41	0.185	324	2.51	1.01	10.97	6	1.42	1	2.84	4.97	10.97	2.38	399.75	390.88	1.378	4.382	11.07	35.21	499.9	1500	171	70.25	-2.63	0.224	1.0	-0.22	2.74	1.00	0.00	0.16	111115
15	"11:23:10"	1215.5	0	6.44	0.185	324	2.51	1.01	10.97	6	1.42	1	2.84	4.97	10.97	2.38	399.77	390.86	1.378	4.383	11.07	35.22	499.9	1500	177	70.25	-2.63	0.224	1.0	-0.22	2.74	1.00	0.00	0.16	111115
"11:23:24 Coolers: Tblock -> 7.00 C"
"11:24:53 Flow: Fixed -> 500 umol/s"
"11:25:16 Lamp: ParIn ->  1500 uml"
"11:25:16 CO2 Mixer: CO2R -> 400 uml"
"11:25:16 Coolers: Tblock -> 7.00 C"
"11:25:16 Flow: Fixed -> 500 umol/s"
"11:26:55 Flow: Fixed -> 500 umol/s"
16	"11:27:10"	1457.0	0	6.76	0.171	316	2.27	0.975	11.87	6	1.42	1	2.84	8.55	11.87	7.09	399.04	389.88	3.282	5.988	20.62	37.62	500.0	1500	148	70.25	-3.07	0.227	1.0	-0.22	2.74	1.00	0.00	0.16	111115
17	"11:27:11"	1457.0	0	6.76	0.171	316	2.27	0.975	11.87	6	1.42	1	2.84	8.55	11.87	7.09	399.04	389.88	3.282	5.988	20.62	37.62	500.0	1500	148	70.25	-3.07	0.227	1.0	-0.22	2.74	1.00	0.00	0.16	111115
18	"11:27:11"	1457.5	0	6.79	0.171	315	2.27	0.975	11.87	6	1.42	1	2.84	8.56	11.87	7.09	399.08	389.87	3.282	5.989	20.61	37.62	500.0	1500	148	70.25	-3.07	0.227	1.0	-0.22	2.74	1.00	0.00	0.16	111115
19	"11:27:12"	1458.0	0	6.8	0.171	315	2.27	0.975	11.87	6	1.42	1	2.84	8.56	11.87	7.09	399.10	389.88	3.282	5.990	20.61	37.62	500.0	1500	148	70.25	-3.07	0.227	1.0	-0.22	2.74	1.00	0.00	0.16	111115
20	"11:27:12"	1458.0	0	6.8	0.171	315	2.27	0.975	11.87	6	1.42	1	2.84	8.56	11.87	7.09	399.10	389.88	3.282	5.990	20.61	37.62	500.0	1500	148	70.25	-3.07	0.227	1.0	-0.22	2.74	1.00	0.00	0.16	111115
21	"11:27:13"	1458.5	0	6.82	0.171	315	2.27	0.974	11.86	6	1.42	1	2.84	8.56	11.86	7.08	399.13	389.88	3.281	5.989	20.61	37.62	500.0	1500	147	70.25	-3.07	0.227	1.0	-0.22	2.74	1.00	0.00	0.16	111115
22	"11:27:13"	1459.0	0	6.87	0.171	315	2.27	0.974	11.86	6	1.42	1	2.84	8.56	11.86	7.08	399.17	389.86	3.281	5.989	20.61	37.62	500.0	1500	144	70.25	-3.07	0.227	1.0	-0.22	2.74	1.00	0.00	0.16	111115
23	"11:27:14"	1459.5	0	6.85	0.171	315	2.27	0.974	11.86	6	1.42	1	2.84	8.56	11.86	7.08	399.19	389.90	3.282	5.989	20.62	37.61	500.0	1500	141	70.25	-3.07	0.227	1.0	-0.22	2.74	1.00	0.00	0.16	111115
24	"11:27:14"	1460.0	0	6.83	0.171	315	2.27	0.975	11.87	6	1.42	1	2.84	8.56	11.87	7.08	399.18	389.92	3.283	5.987	20.62	37.60	500.0	1500	139	70.25	-3.07	0.227	1.0	-0.22	2.74	1.00	0.00	0.16	111115
25	"11:27:15"	1460.5	0	6.84	0.171	315	2.27	0.975	11.88	6	1.42	1	2.84	8.56	11.88	7.08	399.19	389.93	3.284	5.988	20.62	37.61	500.0	1500	138	70.25	-3.07	0.227	1.0	-0.22	2.74	1.00	0.00	0.16	111115
26	"11:27:15"	1461.0	0	6.85	0.171	315	2.27	0.975	11.87	6	1.42	1	2.84	8.56	11.87	7.08	399.20	389.92	3.284	5.989	20.62	37.62	500.0	1500	137	70.25	-3.07	0.227	1.0	-0.22	2.74	1.00	0.00	0.16	111115
27	"11:27:16"	1461.5	0	6.86	0.171	315	2.27	0.975	11.87	6	1.42	1	2.84	8.56	11.87	7.08	399.22	389.93	3.284	5.990	20.62	37.62	500.0	1500	136	70.25	-3.07	0.227	1.0	-0.22	2.74	1.00	0.00	0.16	111115
28	"11:27:16"	1462.0	0	6.85	0.171	315	2.27	0.975	11.88	6	1.42	1	2.84	8.56	11.88	7.08	399.19	389.90	3.283	5.990	20.62	37.62	500.0	1500	136	70.25	-3.07	0.227	1.0	-0.22	2.74	1.00	0.00	0.16	111115
29	"11:27:17"	1462.5	0	6.81	0.171	315	2.27	0.976	11.89	6	1.42	1	2.84	8.56	11.89	7.08	399.15	389.91	3.284	5.991	20.63	37.63	500.0	1500	135	70.25	-3.07	0.227	1.0	-0.22	2.74	1.00	0.00	0.16	111115
30	"11:27:17"	1463.0	0	6.77	0.171	315	2.27	0.977	11.90	6	1.42	1	2.84	8.56	11.90	7.08	399.13	389.95	3.285	5.991	20.63	37.63	500.0	1500	136	70.25	-3.07	0.227	1.0	-0.22	2.74	1.00	0.00	0.16	111115
"11:27:23 Coolers: Tblock -> 12.00 C"
"11:30:19 Flow: Fixed -> 500 umol/s"
31	"11:30:36"	1663.0	0	7.78	0.162	301	2.41	1.09	14.38	6	1.42	1	2.84	12.57	14.38	11.97	400.39	389.93	4.994	7.868	24.00	37.82	500.0	1499	162	70.25	-3.14	0.222	1.0	-0.22	2.74	1.00	0.00	0.16	111115
32	"11:30:37"	1663.0	0	7.78	0.162	301	2.41	1.09	14.38	6	1.42	1	2.84	12.57	14.38	11.97	400.39	389.93	4.994	7.868	24.00	37.82	500.0	1499	162	70.25	-3.14	0.222	1.0	-0.22	2.74	1.00	0.00	0.16	111115
33	"11:30:37"	1663.5	0	7.85	0.162	300	2.42	1.09	14.38	6	1.42	1	2.84	12.57	14.38	11.97	400.45	389.90	4.994	7.870	24.00	37.82	500.0	1499	162	70.25	-3.14	0.222	1.0	-0.22	2.74	1.00	0.00	0.16	111115
34	"11:30:38"	1664.0	0	7.83	0.162	300	2.41	1.09	14.39	6	1.42	1	2.84	12.57	14.39	11.97	400.43	389.91	4.995	7.870	24.00	37.82	500.0	1499	162	70.25	-3.14	0.222	1.0	-0.22	2.74	1.00	0.00	0.16	111115
35	"11:30:38"	1664.5	0	7.85	0.161	300	2.42	1.09	14.40	6	1.42	1	2.84	12.57	14.40	11.97	400.44	389.90	4.995	7.870	24.00	37.82	500.0	1499	161	70.25	-3.14	0.222	1.0	-0.22	2.74	1.00	0.00	0.16	111115
36	"11:30:39"	1665.0	0	7.84	0.161	300	2.42	1.09	14.40	6	1.42	1	2.84	12.58	14.40	11.97	400.45	389.91	4.995	7.872	24.00	37.82	499.9	1499	159	70.24	-3.14	0.222	1.0	-0.22	2.74	1.00	0.00	0.16	111115
37	"11:30:39"	1665.5	0	7.86	0.162	300	2.42	1.09	14.40	6	1.42	1	2.84	12.58	14.40	11.97	400.50	389.93	4.995	7.873	24.00	37.82	499.9	1499	158	70.25	-3.14	0.222	1.0	-0.22	2.74	1.00	0.00	0.16	111115
38	"11:30:40"	1666.0	0	7.86	0.162	300	2.42	1.09	14.40	6	1.42	1	2.84	12.58	14.40	11.97	400.51	389.94	4.996	7.874	24.00	37.82	499.9	1499	156	70.25	-3.14	0.222	1.0	-0.22	2.74	1.00	0.00	0.16	111115
39	"11:30:40"	1666.5	0	7.85	0.161	300	2.42	1.09	14.41	6	1.42	1	2.84	12.58	14.41	11.97	400.52	389.97	4.997	7.875	24.00	37.82	499.9	1499	156	70.25	-3.14	0.222	1.0	-0.22	2.74	1.00	0.00	0.16	111115
40	"11:30:41"	1667.0	0	7.78	0.161	301	2.42	1.09	14.41	6	1.42	1	2.84	12.58	14.41	11.97	400.49	390.02	4.998	7.876	24.00	37.82	499.9	1499	155	70.25	-3.14	0.222	1.0	-0.22	2.74	1.00	0.00	0.16	111115
41	"11:30:41"	1667.5	0	7.69	0.161	301	2.42	1.09	14.41	6	1.42	1	2.84	12.59	14.41	11.97	400.43	390.07	4.999	7.876	24.00	37.82	500.0	1499	155	70.24	-3.14	0.222	1.0	-0.22	2.74	1.00	0.00	0.16	111115
42	"11:30:42"	1668.0	0	7.72	0.162	301	2.42	1.09	14.41	6	1.42	1	2.84	12.59	14.41	11.97	400.46	390.06	4.999	7.878	24.00	37.82	500.0	1499	155	70.24	-3.14	0.222	1.0	-0.22	2.74	1.00	0.00	0.16	111115
43	"11:30:42"	1668.5	0	7.76	0.162	301	2.42	1.09	14.41	6	1.42	1	2.84	12.59	14.41	11.97	400.49	390.04	4.999	7.879	24.00	37.82	500.0	1499	156	70.24	-3.14	0.222	1.0	-0.22	2.74	1.00	0.00	0.16	111115
44	"11:30:43"	1669.0	0	7.76	0.162	301	2.42	1.1	14.43	6	1.42	1	2.84	12.59	14.43	11.97	400.50	390.05	4.999	7.881	24.00	37.83	500.0	1499	157	70.25	-3.14	0.222	1.0	-0.22	2.74	1.00	0.00	0.16	111115
45	"11:30:43"	1669.5	0	7.75	0.161	301	2.42	1.1	14.43	6	1.42	1	2.84	12.59	14.43	11.97	400.48	390.05	5.000	7.882	24.00	37.83	500.1	1499	158	70.24	-3.14	0.222	1.0	-0.22	2.74	1.00	0.00	0.16	111115
"11:30:48 Coolers: Tblock -> 17.00 C"
"11:32:40 Flow: Fixed -> 500 umol/s"
46	"11:33:01"	1807.5	0	8.27	0.159	293	2.58	1.19	16.50	6	1.42	1	2.84	16.70	16.50	17.05	400.34	389.21	6.863	9.933	25.27	36.58	500.0	1500	106	70.25	-3.33	0.196	1.0	-0.22	2.74	1.00	0.00	0.16	111115
47	"11:33:02"	1807.5	0	8.27	0.159	293	2.58	1.19	16.50	6	1.42	1	2.84	16.70	16.50	17.05	400.34	389.21	6.863	9.933	25.27	36.58	500.0	1500	106	70.25	-3.33	0.196	1.0	-0.22	2.74	1.00	0.00	0.16	111115
48	"11:33:02"	1807.5	0	8.27	0.159	293	2.58	1.19	16.50	6	1.42	1	2.84	16.70	16.50	17.05	400.34	389.21	6.863	9.933	25.27	36.58	500.0	1500	106	70.25	-3.33	0.196	1.0	-0.22	2.74	1.00	0.00	0.16	111115
49	"11:33:02"	1808.0	0	8.32	0.159	292	2.59	1.18	16.49	6	1.42	1	2.84	16.70	16.49	17.05	400.38	389.19	6.863	9.935	25.27	36.58	500.0	1500	103	70.25	-3.33	0.196	1.0	-0.22	2.74	1.00	0.00	0.16	111115
50	"11:33:03"	1808.5	0	8.35	0.159	292	2.59	1.18	16.49	6	1.42	1	2.84	16.70	16.49	17.05	400.41	389.18	6.863	9.936	25.26	36.57	500.0	1500	101	70.25	-3.33	0.196	1.0	-0.22	2.74	1.00	0.00	0.16	111115
51	"11:33:03"	1809.0	0	8.35	0.159	292	2.59	1.18	16.49	6	1.42	1	2.84	16.71	16.49	17.05	400.44	389.22	6.864	9.937	25.26	36.57	500.0	1500	101	70.25	-3.33	0.196	1.0	-0.22	2.74	1.00	0.00	0.16	111115
52	"11:33:04"	1809.5	0	8.33	0.159	292	2.59	1.18	16.49	6	1.42	1	2.84	16.71	16.49	17.05	400.48	389.28	6.864	9.938	25.26	36.57	500.0	1500	103	70.25	-3.33	0.196	1.0	-0.22	2.74	1.00	0.00	0.16	111115
53	"11:33:04"	1810.0	0	8.33	0.159	292	2.59	1.19	16.50	6	1.42	1	2.84	16.71	16.50	17.06	400.49	389.29	6.865	9.940	25.26	36.57	499.9	1500	105	70.24	-3.33	0.196	1.0	-0.22	2.74	1.00	0.00	0.16	111115
54	"11:33:05"	1810.5	0	8.35	0.159	292	2.59	1.19	16.50	6	1.42	1	2.84	16.71	16.50	17.06	400.53	389.30	6.866	9.941	25.26	36.57	499.9	1500	108	70.24	-3.33	0.196	1.0	-0.22	2.74	1.00	0.00	0.16	111115
55	"11:33:05"	1811.0	0	8.36	0.159	292	2.59	1.19	16.51	6	1.42	1	2.84	16.72	16.51	17.06	400.55	389.30	6.867	9.944	25.25	36.57	499.9	1500	112	70.24	-3.33	0.196	1.0	-0.22	2.74	1.00	0.00	0.16	111115
56	"11:33:06"	1811.5	0	8.38	0.159	291	2.59	1.19	16.52	6	1.42	1	2.84	16.72	16.52	17.06	400.55	389.28	6.868	9.944	25.25	36.57	500.0	1500	115	70.24	-3.33	0.196	1.0	-0.22	2.74	1.00	0.00	0.16	111115
57	"11:33:06"	1812.0	0	8.39	0.159	291	2.59	1.19	16.52	6	1.42	1	2.84	16.72	16.52	17.06	400.56	389.28	6.869	9.945	25.26	36.57	500.0	1500	118	70.24	-3.33	0.196	1.0	-0.22	2.74	1.00	0.00	0.16	111115
58	"11:33:07"	1812.5	0	8.4	0.159	291	2.59	1.19	16.53	6	1.42	1	2.84	16.72	16.53	17.06	400.56	389.27	6.870	9.947	25.25	36.57	500.0	1500	121	70.24	-3.33	0.196	1.0	-0.22	2.74	1.00	0.00	0.16	111115
59	"11:33:07"	1813.0	0	8.36	0.158	292	2.59	1.19	16.53	6	1.42	1	2.84	16.73	16.53	17.06	400.51	389.27	6.871	9.946	25.25	36.56	500.1	1500	123	70.24	-3.33	0.196	1.0	-0.22	2.74	1.00	0.00	0.16	111115
60	"11:33:08"	1813.5	0	8.39	0.158	291	2.59	1.19	16.54	6	1.42	1	2.84	16.73	16.54	17.06	400.51	389.23	6.871	9.946	25.25	36.55	500.1	1500	125	70.24	-3.33	0.196	1.0	-0.22	2.74	1.00	0.00	0.16	111115
"11:33:20 Coolers: Tblock -> 22.00 C"
"11:35:22 Flow: Fixed -> 500 umol/s"
61	"11:35:53"	1979.5	0	8.73	0.155	284	2.77	1.3	18.89	6	1.42	1	2.84	21.00	18.89	22.13	399.98	388.21	9.429	12.713	26.53	35.77	499.9	1500	60	70.25	-3.46	0.166	1.0	-0.22	2.74	1.00	0.00	0.16	111115
62	"11:35:53"	1979.5	0	8.73	0.155	284	2.77	1.3	18.89	6	1.42	1	2.84	21.00	18.89	22.13	399.98	388.21	9.429	12.713	26.53	35.77	499.9	1500	60	70.25	-3.46	0.166	1.0	-0.22	2.74	1.00	0.00	0.16	111115
63	"11:35:54"	1980.5	0	8.7	0.155	284	2.77	1.3	18.89	6	1.42	1	2.84	21.01	18.89	22.13	399.95	388.21	9.431	12.714	26.53	35.77	500.0	1500	60	70.25	-3.46	0.166	1.0	-0.22	2.74	1.00	0.00	0.16	111115
64	"11:35:54"	1980.5	0	8.7	0.155	284	2.77	1.3	18.89	6	1.42	1	2.84	21.01	18.89	22.13	399.95	388.21	9.431	12.714	26.53	35.77	500.0	1500	60	70.25	-3.46	0.166	1.0	-0.22	2.74	1.00	0.00	0.16	111115
65	"11:35:55"	1981.0	0	8.7	0.155	284	2.77	1.3	18.89	6	1.42	1	2.84	21.01	18.89	22.13	399.96	388.23	9.431	12.715	26.53	35.77	500.0	1500	60	70.25	-3.46	0.166	1.0	-0.22	2.74	1.00	0.00	0.16	111115
66	"11:35:55"	1981.5	0	8.72	0.155	284	2.77	1.3	18.89	6	1.42	1	2.84	21.01	18.89	22.13	399.98	388.23	9.431	12.716	26.52	35.76	500.0	1500	60	70.25	-3.46	0.166	1.0	-0.22	2.74	1.00	0.00	0.16	111115
67	"11:35:56"	1982.0	0	8.71	0.155	284	2.78	1.3	18.89	6	1.42	1	2.84	21.01	18.89	22.13	400.02	388.27	9.431	12.719	26.52	35.77	500.0	1500	60	70.25	-3.46	0.166	1.0	-0.22	2.74	1.00	0.00	0.16	111115
68	"11:35:56"	1982.5	0	8.71	0.155	284	2.77	1.3	18.90	6	1.42	1	2.84	21.02	18.90	22.13	400.00	388.25	9.431	12.718	26.52	35.76	500.0	1500	60	70.25	-3.46	0.166	1.0	-0.22	2.74	1.00	0.00	0.16	111115
69	"11:35:57"	1983.0	0	8.72	0.155	284	2.77	1.3	18.90	6	1.42	1	2.84	21.02	18.90	22.13	400.02	388.27	9.432	12.719	26.52	35.76	500.0	1500	60	70.25	-3.46	0.166	1.0	-0.22	2.74	1.00	0.00	0.16	111115
70	"11:35:57"	1983.5	0	8.73	0.155	284	2.77	1.3	18.90	6	1.42	1	2.84	21.02	18.90	22.13	400.03	388.26	9.432	12.720	26.51	35.76	500.0	1500	60	70.25	-3.46	0.166	1.0	-0.22	2.74	1.00	0.00	0.16	111115
71	"11:35:58"	1984.0	0	8.73	0.155	284	2.78	1.3	18.90	6	1.42	1	2.84	21.02	18.90	22.13	400.05	388.28	9.432	12.720	26.51	35.75	499.9	1500	61	70.25	-3.46	0.166	1.0	-0.22	2.74	1.00	0.00	0.16	111115
72	"11:35:58"	1984.5	0	8.76	0.155	283	2.78	1.3	18.91	6	1.42	1	2.84	21.03	18.91	22.13	400.06	388.26	9.431	12.720	26.50	35.75	499.9	1500	61	70.25	-3.46	0.166	1.0	-0.22	2.74	1.00	0.00	0.16	111115
73	"11:35:59"	1985.0	0	8.75	0.155	284	2.78	1.3	18.91	6	1.42	1	2.84	21.03	18.91	22.13	400.08	388.28	9.431	12.722	26.50	35.75	500.0	1500	61	70.25	-3.46	0.166	1.0	-0.22	2.74	1.00	0.00	0.16	111115
74	"11:35:59"	1985.5	0	8.76	0.155	283	2.78	1.3	18.91	6	1.42	1	2.84	21.03	18.91	22.13	400.09	388.28	9.432	12.723	26.50	35.74	500.0	1500	61	70.25	-3.46	0.166	1.0	-0.22	2.74	1.00	0.00	0.16	111115
75	"11:36:00"	1986.0	0	8.74	0.155	284	2.78	1.3	18.91	6	1.42	1	2.84	21.03	18.91	22.13	400.07	388.28	9.433	12.724	26.50	35.74	500.0	1500	60	70.25	-3.46	0.166	1.0	-0.22	2.74	1.00	0.00	0.16	111115
"11:36:12 Coolers: Tblock -> 27.00 C"
"11:40:18 Flow: Fixed -> 500 umol/s"
76	"11:40:45"	2271.5	0	8.63	0.14	275	2.72	1.39	21.33	6	1.42	1	2.84	25.28	21.33	27.01	400.01	388.38	13.205	16.413	28.69	35.67	499.8	1499	106	70.25	-3.12	0.122	1.0	-0.22	2.74	1.00	0.00	0.16	111115
77	"11:40:46"	2271.5	0	8.63	0.14	275	2.72	1.39	21.33	6	1.42	1	2.84	25.28	21.33	27.01	400.01	388.38	13.205	16.413	28.69	35.67	499.8	1499	106	70.25	-3.12	0.122	1.0	-0.22	2.74	1.00	0.00	0.16	111115
78	"11:40:46"	2271.5	0	8.63	0.14	275	2.72	1.39	21.33	6	1.42	1	2.84	25.28	21.33	27.01	400.01	388.38	13.205	16.413	28.69	35.67	499.8	1499	106	70.25	-3.12	0.122	1.0	-0.22	2.74	1.00	0.00	0.16	111115
79	"11:40:47"	2272.0	0	8.63	0.14	275	2.72	1.39	21.34	6	1.42	1	2.84	25.28	21.34	27.01	400.04	388.41	13.207	16.415	28.70	35.67	499.8	1499	108	70.25	-3.12	0.122	1.0	-0.22	2.74	1.00	0.00	0.16	111115
80	"11:40:47"	2272.5	0	8.64	0.14	275	2.72	1.39	21.33	6	1.42	1	2.84	25.28	21.33	27.01	400.04	388.40	13.207	16.418	28.69	35.67	499.8	1499	110	70.25	-3.12	0.122	1.0	-0.22	2.74	1.00	0.00	0.16	111115
81	"11:40:48"	2273.0	0	8.7	0.14	274	2.72	1.39	21.33	6	1.42	1	2.84	25.28	21.33	27.01	400.08	388.37	13.209	16.417	28.69	35.66	499.8	1499	111	70.25	-3.12	0.122	1.0	-0.22	2.74	1.00	0.00	0.16	111115
82	"11:40:48"	2273.5	0	8.72	0.14	274	2.72	1.39	21.33	6	1.42	1	2.84	25.29	21.33	27.01	400.08	388.34	13.208	16.419	28.69	35.67	499.8	1499	113	70.25	-3.12	0.122	1.0	-0.22	2.74	1.00	0.00	0.16	111115
83	"11:40:49"	2274.0	0	8.67	0.14	274	2.72	1.39	21.34	6	1.42	1	2.84	25.29	21.34	27.01	400.04	388.36	13.208	16.420	28.69	35.67	499.8	1499	115	70.25	-3.12	0.122	1.0	-0.22	2.74	1.00	0.00	0.16	111115
84	"11:40:49"	2274.5	0	8.66	0.14	275	2.72	1.39	21.34	6	1.42	1	2.84	25.29	21.34	27.01	400.03	388.37	13.208	16.419	28.69	35.66	499.8	1499	116	70.25	-3.12	0.122	1.0	-0.22	2.74	1.00	0.00	0.16	111115
85	"11:40:50"	2275.0	0	8.64	0.14	275	2.72	1.39	21.34	6	1.42	1	2.84	25.29	21.34	27.01	400.00	388.36	13.206	16.420	28.68	35.66	499.9	1499	116	70.25	-3.12	0.122	1.0	-0.22	2.74	1.00	0.00	0.16	111115
86	"11:40:50"	2275.5	0	8.65	0.14	275	2.72	1.39	21.33	6	1.42	1	2.84	25.29	21.33	27.01	399.99	388.34	13.206	16.420	28.68	35.66	499.9	1499	115	70.25	-3.12	0.122	1.0	-0.22	2.74	1.00	0.00	0.16	111115
87	"11:40:51"	2276.0	0	8.67	0.14	274	2.72	1.39	21.33	6	1.42	1	2.84	25.29	21.33	27.01	399.97	388.30	13.206	16.419	28.68	35.66	499.9	1500	115	70.25	-3.12	0.122	1.0	-0.22	2.74	1.00	0.00	0.16	111115
88	"11:40:51"	2276.5	0	8.65	0.14	275	2.72	1.39	21.33	6	1.42	1	2.84	25.29	21.33	27.01	399.95	388.30	13.207	16.418	28.68	35.65	499.9	1499	114	70.25	-3.12	0.122	1.0	-0.22	2.74	1.00	0.00	0.16	111115
89	"11:40:52"	2277.0	0	8.62	0.14	275	2.72	1.39	21.33	6	1.42	1	2.84	25.29	21.33	27.01	399.95	388.33	13.206	16.419	28.68	35.65	499.9	1499	113	70.25	-3.12	0.122	1.0	-0.22	2.74	1.00	0.00	0.16	111115
90	"11:40:52"	2277.5	0	8.62	0.14	275	2.72	1.39	21.33	6	1.42	1	2.84	25.29	21.33	27.01	399.97	388.36	13.209	16.418	28.68	35.65	499.9	1499	112	70.25	-3.12	0.122	1.0	-0.22	2.74	1.00	0.00	0.16	111115
"11:41:04 Coolers: Tblock -> 32.00 C"
"11:54:23 Flow: Fixed -> 500 umol/s"
91	"11:55:15"	3141.0	0	8.78	0.14	271	3.37	1.72	25.14	6	1.42	1	2.84	30.10	25.14	32.08	400.76	388.65	17.213	21.174	28.22	34.71	499.9	1501	124	70.25	-2.61	0.0837	1.0	-0.22	2.74	1.00	0.00	0.16	111115
92	"11:55:15"	3141.0	0	8.78	0.14	271	3.37	1.72	25.14	6	1.42	1	2.84	30.10	25.14	32.08	400.76	388.65	17.213	21.174	28.22	34.71	499.9	1501	124	70.25	-2.61	0.0837	1.0	-0.22	2.74	1.00	0.00	0.16	111115
93	"11:55:15"	3141.5	0	8.77	0.14	271	3.37	1.72	25.14	6	1.42	1	2.84	30.10	25.14	32.08	400.74	388.64	17.215	21.174	28.22	34.71	499.9	1501	129	70.25	-2.61	0.0837	1.0	-0.22	2.74	1.00	0.00	0.16	111115
94	"11:55:16"	3142.0	0	8.77	0.14	271	3.37	1.72	25.14	6	1.42	1	2.84	30.10	25.14	32.08	400.74	388.63	17.215	21.176	28.23	34.72	499.9	1501	136	70.24	-2.61	0.0837	1.0	-0.22	2.74	1.00	0.00	0.16	111115
95	"11:55:16"	3142.5	0	8.78	0.14	271	3.37	1.72	25.14	6	1.42	1	2.84	30.10	25.14	32.08	400.73	388.62	17.218	21.179	28.23	34.73	499.9	1501	144	70.24	-2.61	0.0837	1.0	-0.22	2.74	1.00	0.00	0.16	111115
96	"11:55:17"	3143.0	0	8.78	0.14	271	3.37	1.72	25.13	6	1.42	1	2.84	30.10	25.13	32.08	400.73	388.62	17.218	21.178	28.23	34.72	499.9	1501	154	70.25	-2.61	0.0837	1.0	-0.22	2.74	1.00	0.00	0.16	111115
97	"11:55:17"	3143.5	0	8.76	0.14	271	3.37	1.72	25.13	6	1.42	1	2.84	30.10	25.13	32.08	400.71	388.63	17.219	21.179	28.23	34.73	499.9	1501	165	70.25	-2.61	0.0837	1.0	-0.22	2.74	1.00	0.00	0.16	111115
98	"11:55:18"	3144.0	0	8.77	0.14	271	3.37	1.72	25.14	6	1.42	1	2.84	30.10	25.14	32.08	400.69	388.59	17.220	21.178	28.23	34.72	499.9	1501	176	70.25	-2.61	0.0837	1.0	-0.22	2.74	1.00	0.00	0.16	111115
99	"11:55:18"	3144.5	0	8.79	0.14	270	3.37	1.72	25.15	6	1.42	1	2.84	30.10	25.15	32.08	400.70	388.58	17.221	21.181	28.23	34.73	499.9	1501	186	70.25	-2.61	0.0837	1.0	-0.22	2.74	1.00	0.00	0.16	111115
100	"11:55:19"	3145.0	0	8.81	0.14	270	3.37	1.72	25.15	6	1.42	1	2.84	30.10	25.15	32.08	400.72	388.58	17.223	21.184	28.24	34.73	499.9	1501	195	70.25	-2.61	0.0837	1.0	-0.22	2.74	1.00	0.00	0.16	111115
101	"11:55:19"	3145.5	0	8.86	0.14	270	3.37	1.72	25.15	6	1.42	1	2.84	30.10	25.15	32.08	400.76	388.55	17.223	21.186	28.24	34.73	499.9	1501	203	70.25	-2.61	0.0837	1.0	-0.22	2.74	1.00	0.00	0.16	111115
102	"11:55:20"	3146.0	0	8.88	0.14	269	3.37	1.72	25.14	6	1.42	1	2.84	30.10	25.14	32.08	400.80	388.57	17.223	21.186	28.24	34.73	499.9	1501	210	70.25	-2.61	0.0837	1.0	-0.22	2.74	1.00	0.00	0.16	111115
103	"11:55:20"	3146.5	0	8.91	0.14	269	3.37	1.72	25.14	6	1.42	1	2.84	30.10	25.14	32.08	400.85	388.58	17.222	21.186	28.23	34.73	499.9	1501	216	70.25	-2.61	0.0837	1.0	-0.22	2.74	1.00	0.00	0.16	111115
104	"11:55:21"	3147.0	0	8.95	0.14	269	3.37	1.72	25.14	6	1.42	1	2.84	30.10	25.14	32.09	400.89	388.57	17.223	21.187	28.24	34.74	499.9	1501	221	70.25	-2.61	0.0837	1.0	-0.22	2.74	1.00	0.00	0.16	111115
105	"11:55:22"	3147.5	0	8.99	0.14	268	3.38	1.72	25.15	6	1.42	1	2.84	30.10	25.15	32.09	400.94	388.57	17.224	21.190	28.24	34.74	499.9	1501	225	70.25	-2.61	0.0837	1.0	-0.22	2.74	1.00	0.00	0.16	111115
"11:55:42 Coolers: Tblock -> 37.00 C"
"12:00:06 Flow: Fixed -> 500 umol/s"
"12:03:11 Coolers: Tblock -> 34.15 C"
"12:04:35 Flow: Fixed -> 500 umol/s"
106	"12:05:12"	3738.0	0	9.25	0.144	266	3.96	1.95	27.18	6	1.42	1	2.84	32.24	27.18	34.23	400.49	387.54	19.114	23.755	27.73	34.47	499.9	1500	255	70.24	-2.24	0.032	1.0	-0.22	2.74	1.00	0.00	0.16	111115
107	"12:05:12"	3738.0	0	9.25	0.144	266	3.96	1.95	27.18	6	1.42	1	2.84	32.24	27.18	34.23	400.49	387.54	19.114	23.755	27.73	34.47	499.9	1500	255	70.24	-2.24	0.032	1.0	-0.22	2.74	1.00	0.00	0.16	111115
108	"12:05:13"	3738.5	0	9.28	0.144	265	3.96	1.95	27.17	6	1.42	1	2.84	32.24	27.17	34.23	400.51	387.53	19.115	23.754	27.73	34.46	499.8	1500	254	70.24	-2.24	0.032	1.0	-0.22	2.74	1.00	0.00	0.16	111115
109	"12:05:13"	3738.5	0	9.28	0.144	265	3.96	1.95	27.17	6	1.42	1	2.84	32.24	27.17	34.23	400.51	387.53	19.115	23.754	27.73	34.46	499.8	1500	254	70.24	-2.24	0.032	1.0	-0.22	2.74	1.00	0.00	0.16	111115
110	"12:05:14"	3739.0	0	9.31	0.145	265	3.96	1.95	27.17	6	1.42	1	2.84	32.24	27.17	34.23	400.54	387.52	19.117	23.757	27.73	34.47	499.8	1500	253	70.24	-2.24	0.032	1.0	-0.22	2.74	1.00	0.00	0.16	111115
111	"12:05:14"	3739.5	0	9.34	0.145	265	3.96	1.95	27.17	6	1.42	1	2.84	32.25	27.17	34.23	400.57	387.51	19.118	23.760	27.73	34.47	499.9	1500	252	70.24	-2.24	0.032	1.0	-0.22	2.74	1.00	0.00	0.16	111115
112	"12:05:15"	3740.0	0	9.35	0.145	265	3.96	1.95	27.18	6	1.42	1	2.84	32.25	27.18	34.23	400.58	387.51	19.118	23.762	27.73	34.47	499.9	1500	251	70.24	-2.24	0.032	1.0	-0.22	2.74	1.00	0.00	0.16	111115
113	"12:05:15"	3740.5	0	9.27	0.145	266	3.96	1.95	27.17	6	1.42	1	2.84	32.25	27.17	34.23	400.54	387.57	19.122	23.761	27.74	34.47	499.9	1500	249	70.24	-2.24	0.032	1.0	-0.22	2.74	1.00	0.00	0.16	111115
114	"12:05:16"	3741.0	0	9.32	0.145	265	3.96	1.95	27.18	6	1.42	1	2.84	32.25	27.18	34.23	400.58	387.55	19.121	23.767	27.73	34.47	499.9	1500	248	70.24	-2.24	0.032	1.0	-0.22	2.74	1.00	0.00	0.16	111115
115	"12:05:16"	3741.5	0	9.34	0.145	265	3.97	1.95	27.18	6	1.42	1	2.84	32.25	27.18	34.23	400.62	387.56	19.122	23.769	27.74	34.48	499.9	1500	248	70.24	-2.24	0.032	1.0	-0.22	2.74	1.00	0.00	0.16	111115
116	"12:05:17"	3742.0	0	9.33	0.145	265	3.97	1.95	27.18	6	1.42	1	2.84	32.25	27.18	34.23	400.62	387.58	19.123	23.770	27.74	34.47	499.9	1500	248	70.24	-2.24	0.032	1.0	-0.22	2.74	1.00	0.00	0.16	111115
117	"12:05:17"	3742.5	0	9.28	0.145	265	3.97	1.95	27.19	6	1.42	1	2.84	32.25	27.19	34.23	400.64	387.66	19.125	23.772	27.74	34.48	499.9	1500	248	70.24	-2.24	0.032	1.0	-0.22	2.74	1.00	0.00	0.16	111115
118	"12:05:18"	3743.5	0	9.28	0.144	265	3.96	1.95	27.18	6	1.42	1	2.84	32.25	27.18	34.23	400.74	387.76	19.131	23.771	27.74	34.47	499.9	1500	250	70.24	-2.24	0.032	1.0	-0.22	2.74	1.00	0.00	0.16	111115
119	"12:05:18"	3744.0	0	9.32	0.145	265	3.96	1.95	27.18	6	1.42	1	2.84	32.25	27.18	34.23	400.82	387.79	19.132	23.774	27.75	34.48	499.9	1500	251	70.24	-2.24	0.032	1.0	-0.22	2.74	1.00	0.00	0.16	111115
120	"12:05:19"	3744.5	0	9.36	0.145	265	3.96	1.95	27.18	6	1.42	1	2.84	32.25	27.18	34.23	400.91	387.82	19.132	23.775	27.74	34.47	499.9	1500	252	70.24	-2.24	0.032	1.0	-0.22	2.74	1.00	0.00	0.16	111115
