"OPEN 6.2.4"
"Wed Jul  1 2015 13:23:22"
<open><version>"6.2.4"</version></open>
<open><configfile>"/User/Configs/UserPrefs/2x3 LED.xml"</configfile></open>
<open><light><source>"6400-02 or -02B LED Source"</source><par_in>1<sensor>"SI-3781"<cal>-0.93<actinity>1.00</actinity><transm>1.00</transm></cal></sensor><transm>1</transm></par_in><par_out>1<sensor>"Q49599"<cal>7.26</cal></sensor></par_out></light></open>
<open><comps><file>"/User/Configs/Comps/StdComps_6.2"<header>""</header><extras></extras></file><energybal>no<f_parIn>1</f_parIn><f_parOut>0</f_parOut><alphaK>0.16</alphaK></energybal><bc_total>2.840<stomatal_ratio>1</stomatal_ratio><bc_oneside>1.420<type>2</type><table>"/Sys/Lib/StdBLCTable"</table><area>6</area><slope>-0.219565</slope><offset>2.73739</offset><fan>5</fan></bc_oneside></bc_total></comps></open>
<open><prompts><onlog>off</onlog><items>"Default (none)"</items></prompts></open>
<open><constants><oxygen>21 %</oxygen><bb_vapor>1.5</bb_vapor><bb_oxy>0.9</bb_oxy></constants></open>
<open><stability><items>"Std Stability"<items[1]><id>-2</id><size>15</size><pcv><onoff>0</onoff><value>1</value></pcv><std><onoff>0</onoff><value>1</value></std><slp><onoff>1</onoff><value>1</value></slp></items[1]><items[2]><id>-5</id><size>15</size><pcv><onoff>0</onoff><value>1</value></pcv><std><onoff>0</onoff><value>1</value></std><slp><onoff>1</onoff><value>1</value></slp></items[2]><items[3]><id>-7</id><size>15</size><pcv><onoff>0</onoff><value>1</value></pcv><std><onoff>0</onoff><value>1</value></std><slp><onoff>1</onoff><value>1</value></slp></items[3]></items></stability></open>
<open><log><format>"StdLogFmt_6.0"<items>{ -35 -21 -36 -76 30 23 36 21 25 221 -33 111 -34 11 -9 -10 -8 -1 -2 -4 -5 -14 -15 -7 -12 -13 -11 -65 -66 -72 -18 -19 -77 -78 -79 -23  }<hdr>{  }</hdr></items></format><options><beep>on</beep><hdr>normal</hdr><rem>normal</rem><stab>no</stab><stats>no<mean>no</mean><file>no</file><period>15</period></stats><excel>yes</excel><controls>yes</controls><comm>no</comm></options><datafile>"/User/stm-pbvaoc2"</datafile><button><action>"Normal Log"<code>" LogOneObsManual "</code></action></button><autoprog>"/User/Configs/AutoProgs/AutoLog2"<active>no</active></autoprog></log></open>
<open><a2d><avgtime>4.0 secs</avgtime><userchans><ch20>"Off"</ch20><ch21>"Off"</ch21><ch22>"Off"</ch22><ch23>"Off"</ch23></userchans></a2d></open>
<open><matching><type>0</type><disp>'a'</disp><settings><CO2Limit>10.0</CO2Limit><H2OLimit>1.0</H2OLimit><MaxAutoTime>60</MaxAutoTime></settings></matching></open>
<li6400><factory><unit>"PSC-3840"</unit><serviced>"1 Jul 2013"</serviced><fuseaware>0</fuseaware><co2mixer>yes</co2mixer><co2><coeffs>{ 0 0.213319 2.22998e-05 2.13159e-08 -3.88664e-12 3.69888e-16  }</coeffs><dvdt>-4.7</dvdt><xs>{ 0.0009 -0.0002  }</xs></co2><h2o><coeffs>{ 0 0.00572751 2.23485e-06 -7.37877e-12  }</coeffs><dvdt>-1.7</dvdt><xs>{ 0.0009 -0.0028  }</xs></h2o><flow>{ 0 0.3568  }</flow><press>{ 88.437 0.00551  }</press></factory></li6400>
<li6400><user><flow_zero>-468.8</flow_zero><irga_zero><co2>429.7 390.6<at>17.6901</at></co2><h2o>78.1 156.2<at>17.1607</at></h2o></irga_zero><irga_span><co2>{ 0.99237 0.992833  }</co2><h2o>{ 1.00426 0.996799  }</h2o></irga_span><irga_match><co2>{ 0.368307 -1.51361  }</co2><h2o>{ 0.00477181 0.00461099  }</h2o></irga_match><co2_mixer><pump_mv>4500</pump_mv><ppm>{ 2287.2 1080.71 423.89 257.488 117.195 68.0056 44.5242 37.9628  }</ppm><mv>{ 5000 3000 1500 1000 500 300 200 100  }</mv></co2_mixer><parin_offset>0</parin_offset><led_cal><unit>"SI-3781"</unit><mv>{ 10 25 50 100 1000 2000 3000 4000 5000  }</mv><qntm>{ 4.69642 15.4417 35.4805 82.2863 972.665 1922.29 2824.32 3690.14 4518.2  }</qntm></led_cal><lcf_cal><unit>"unknown"</unit><red><mv>{ 50 100 500 1000 1500 5000  }</mv><qntm>{ 50 100 500 1000 2000 5000  }</qntm></red><blue><mv>{ 100 200 500 1000 2000 5000  }</mv><qntm>{ 10 20 50 100 200 500  }</qntm></blue></lcf_cal></user></li6400>
"13:23:29 "
$STARTOFDATA$
"Obs"	"HHMMSS"	"FTime"	"EBal?"	"Photo"	"Cond"	"Ci"	"Trmmol"	"VpdL"	"CTleaf"	"Area"	"BLC_1"	"StmRat"	"BLCond"	"Tair"	"Tleaf"	"TBlk"	"CO2R"	"CO2S"	"H2OR"	"H2OS"	"RH_R"	"RH_S"	"Flow"	"PARi"	"PARo"	"Press"	"CsMch"	"HsMch"	"StableF"	"BLCslope"	"BLCoffst"	"f_parin"	"f_parout"	"alphaK"	"Status"
"13:41:01 Coolers: Tblock -> 6.82 C"
"13:46:16 Flow: Fixed -> 500 umol/s"
"13:46:40 Flow: Fixed -> 500 umol/s"
1	"13:47:26"	1448.0	0	13.9	0.305	292	4.4	1.08	12.94	6	1.42	1	2.84	9.34	12.94	6.87	398.20	379.56	0.862	6.114	5.00	35.49	499.9	1500	161	68.43	-2.08	0.276	0.7	-0.22	2.74	1.00	0.00	0.16	111115
2	"13:47:26"	1448.0	0	13.9	0.305	292	4.4	1.08	12.94	6	1.42	1	2.84	9.34	12.94	6.87	398.20	379.56	0.862	6.114	5.00	35.49	499.9	1500	161	68.43	-2.08	0.276	0.7	-0.22	2.74	1.00	0.00	0.16	111115
3	"13:47:27"	1448.5	0	13.9	0.305	292	4.4	1.08	12.94	6	1.42	1	2.84	9.34	12.94	6.87	398.31	379.64	0.861	6.113	5.00	35.48	499.9	1500	161	68.43	-2.08	0.276	0.7	-0.22	2.74	1.00	0.00	0.16	111115
4	"13:47:27"	1449.0	0	13.9	0.305	291	4.4	1.08	12.94	6	1.42	1	2.84	9.34	12.94	6.87	398.48	379.75	0.861	6.113	5.00	35.48	499.9	1500	161	68.43	-2.08	0.276	0.7	-0.22	2.74	1.00	0.00	0.16	111115
5	"13:47:28"	1449.5	0	14	0.305	291	4.4	1.08	12.93	6	1.42	1	2.84	9.34	12.93	6.87	398.66	379.82	0.860	6.112	4.99	35.48	499.8	1500	161	68.43	-2.08	0.276	0.7	-0.22	2.74	1.00	0.00	0.16	111115
6	"13:47:28"	1450.0	0	14.1	0.305	291	4.4	1.08	12.93	6	1.42	1	2.84	9.34	12.93	6.87	398.85	379.90	0.859	6.111	4.99	35.47	499.8	1499	161	68.43	-2.08	0.276	0.7	-0.22	2.74	1.00	0.00	0.16	111115
7	"13:47:29"	1450.5	0	14.2	0.305	290	4.4	1.08	12.93	6	1.42	1	2.84	9.34	12.93	6.87	399.00	380.00	0.859	6.109	4.99	35.46	499.8	1500	161	68.43	-2.08	0.276	1.0	-0.22	2.74	1.00	0.00	0.16	111115
8	"13:47:29"	1451.0	0	14.2	0.305	290	4.4	1.08	12.93	6	1.42	1	2.84	9.34	12.93	6.87	399.17	380.08	0.858	6.108	4.98	35.46	499.8	1499	160	68.43	-2.08	0.276	1.0	-0.22	2.74	1.00	0.00	0.16	111115
9	"13:47:30"	1451.5	0	14.3	0.305	290	4.4	1.08	12.93	6	1.42	1	2.84	9.34	12.93	6.87	399.31	380.14	0.858	6.108	4.98	35.45	499.8	1499	160	68.43	-2.08	0.276	1.0	-0.22	2.74	1.00	0.00	0.16	111115
10	"13:47:30"	1452.0	0	14.3	0.305	290	4.4	1.08	12.92	6	1.42	1	2.84	9.34	12.92	6.87	399.37	380.15	0.857	6.107	4.97	35.45	499.9	1499	160	68.43	-2.08	0.276	1.0	-0.22	2.74	1.00	0.00	0.16	111115
11	"13:47:31"	1452.5	0	14.4	0.305	290	4.4	1.08	12.92	6	1.42	1	2.84	9.34	12.92	6.87	399.42	380.18	0.855	6.108	4.96	35.46	499.9	1499	160	68.43	-2.08	0.276	0.7	-0.22	2.74	1.00	0.00	0.16	111115
12	"13:47:31"	1453.0	0	14.4	0.305	290	4.4	1.08	12.93	6	1.42	1	2.84	9.34	12.93	6.87	399.44	380.20	0.854	6.108	4.96	35.45	499.9	1499	160	68.43	-2.08	0.276	0.7	-0.22	2.74	1.00	0.00	0.16	111115
13	"13:47:32"	1453.5	0	14.3	0.305	290	4.4	1.08	12.93	6	1.42	1	2.84	9.34	12.93	6.87	399.39	380.24	0.854	6.107	4.95	35.45	499.9	1499	159	68.43	-2.08	0.276	0.7	-0.22	2.74	1.00	0.00	0.16	111115
14	"13:47:32"	1454.0	0	14.2	0.305	290	4.4	1.08	12.93	6	1.42	1	2.84	9.34	12.93	6.87	399.31	380.25	0.853	6.107	4.95	35.45	499.9	1499	159	68.43	-2.08	0.276	0.7	-0.22	2.74	1.00	0.00	0.16	111115
15	"13:47:33"	1454.5	0	14.1	0.305	291	4.4	1.08	12.92	6	1.42	1	2.84	9.34	12.92	6.87	399.24	380.27	0.852	6.106	4.95	35.45	499.9	1499	159	68.43	-2.08	0.276	0.7	-0.22	2.74	1.00	0.00	0.16	111115
"13:47:40 Coolers: Tblock -> 12.00 C"
"13:48:45 Flow: Fixed -> 500 umol/s"
16	"13:50:04"	1606.5	0	14.6	0.296	285	4.67	1.17	15.11	6	1.42	1	2.84	13.24	15.11	11.95	399.07	379.45	2.519	8.077	11.29	36.18	499.9	1500	143	68.42	-2.32	0.26	0.7	-0.22	2.74	1.00	0.00	0.16	111115
17	"13:50:05"	1606.5	0	14.6	0.296	285	4.67	1.17	15.11	6	1.42	1	2.84	13.24	15.11	11.95	399.07	379.45	2.519	8.077	11.29	36.18	499.9	1500	143	68.42	-2.32	0.26	0.7	-0.22	2.74	1.00	0.00	0.16	111115
18	"13:50:05"	1606.5	0	14.6	0.296	285	4.67	1.17	15.11	6	1.42	1	2.84	13.24	15.11	11.95	399.07	379.45	2.519	8.077	11.29	36.18	499.9	1500	143	68.42	-2.32	0.26	0.7	-0.22	2.74	1.00	0.00	0.16	111115
19	"13:50:05"	1607.0	0	14.6	0.297	285	4.67	1.17	15.11	6	1.42	1	2.84	13.25	15.11	11.95	399.09	379.45	2.519	8.079	11.28	36.19	499.9	1500	141	68.42	-2.32	0.26	0.7	-0.22	2.74	1.00	0.00	0.16	111115
20	"13:50:06"	1607.5	0	14.6	0.297	284	4.67	1.17	15.11	6	1.42	1	2.84	13.25	15.11	11.95	399.11	379.44	2.518	8.080	11.28	36.19	499.9	1500	140	68.42	-2.32	0.26	0.7	-0.22	2.74	1.00	0.00	0.16	111115
21	"13:50:06"	1608.0	0	14.6	0.297	284	4.67	1.17	15.11	6	1.42	1	2.84	13.25	15.11	11.95	399.12	379.43	2.517	8.081	11.27	36.19	499.9	1500	138	68.42	-2.32	0.26	0.7	-0.22	2.74	1.00	0.00	0.16	111115
22	"13:50:07"	1608.5	0	14.6	0.296	284	4.67	1.17	15.12	6	1.42	1	2.84	13.25	15.12	11.95	399.12	379.43	2.516	8.080	11.27	36.18	499.9	1500	136	68.42	-2.32	0.26	0.7	-0.22	2.74	1.00	0.00	0.16	111115
23	"13:50:07"	1609.0	0	14.6	0.296	284	4.67	1.17	15.12	6	1.42	1	2.84	13.25	15.12	11.95	399.12	379.42	2.516	8.080	11.26	36.18	499.9	1500	134	68.42	-2.32	0.26	0.7	-0.22	2.74	1.00	0.00	0.16	111115
24	"13:50:08"	1609.5	0	14.6	0.296	284	4.67	1.17	15.12	6	1.42	1	2.84	13.26	15.12	11.95	399.10	379.41	2.515	8.081	11.26	36.18	499.9	1500	131	68.42	-2.32	0.26	0.7	-0.22	2.74	1.00	0.00	0.16	111115
25	"13:50:08"	1610.0	0	14.6	0.296	284	4.68	1.17	15.12	6	1.42	1	2.84	13.26	15.12	11.95	399.08	379.41	2.514	8.082	11.25	36.18	499.9	1500	129	68.42	-2.32	0.26	0.7	-0.22	2.74	1.00	0.00	0.16	111115
26	"13:50:09"	1610.5	0	14.6	0.296	285	4.68	1.17	15.13	6	1.42	1	2.84	13.26	15.13	11.95	399.05	379.43	2.513	8.081	11.25	36.17	499.9	1500	126	68.42	-2.32	0.26	0.7	-0.22	2.74	1.00	0.00	0.16	111115
27	"13:50:09"	1611.0	0	14.6	0.296	285	4.68	1.17	15.13	6	1.42	1	2.84	13.26	15.13	11.95	399.01	379.40	2.512	8.080	11.24	36.16	499.8	1500	124	68.42	-2.32	0.26	0.7	-0.22	2.74	1.00	0.00	0.16	111115
28	"13:50:10"	1611.5	0	14.5	0.296	285	4.68	1.17	15.13	6	1.42	1	2.84	13.26	15.13	11.95	398.99	379.41	2.511	8.079	11.24	36.16	499.8	1500	121	68.42	-2.32	0.26	0.7	-0.22	2.74	1.00	0.00	0.16	111115
29	"13:50:10"	1612.0	0	14.5	0.296	285	4.68	1.17	15.14	6	1.42	1	2.84	13.26	15.14	11.95	398.97	379.39	2.511	8.079	11.23	36.15	499.8	1500	119	68.42	-2.32	0.26	0.7	-0.22	2.74	1.00	0.00	0.16	111115
30	"13:50:11"	1612.5	0	14.6	0.296	285	4.68	1.17	15.14	6	1.42	1	2.84	13.26	15.14	11.95	398.96	379.36	2.510	8.079	11.23	36.15	499.8	1499	116	68.42	-2.32	0.26	0.7	-0.22	2.74	1.00	0.00	0.16	111115
"13:50:20 Coolers: Tblock -> 17.00 C"
"13:53:19 Flow: Fixed -> 500 umol/s"
31	"13:54:22"	1864.0	0	14.8	0.265	271	5.12	1.41	18.46	6	1.42	1	2.84	17.59	18.46	17.02	398.81	378.69	4.405	10.485	14.93	35.53	499.9	1499	26	68.42	-2.2	0.255	1.0	-0.22	2.74	1.00	0.00	0.16	111115
32	"13:54:22"	1864.0	0	14.8	0.265	271	5.12	1.41	18.46	6	1.42	1	2.84	17.59	18.46	17.02	398.81	378.69	4.405	10.485	14.93	35.53	499.9	1499	26	68.42	-2.2	0.255	1.0	-0.22	2.74	1.00	0.00	0.16	111115
33	"13:54:23"	1864.5	0	14.8	0.265	271	5.12	1.41	18.46	6	1.42	1	2.84	17.59	18.46	17.02	398.82	378.69	4.405	10.485	14.93	35.53	499.9	1499	26	68.42	-2.2	0.255	1.0	-0.22	2.74	1.00	0.00	0.16	111115
34	"13:54:23"	1865.0	0	14.9	0.265	271	5.12	1.41	18.46	6	1.42	1	2.84	17.59	18.46	17.02	398.86	378.70	4.405	10.484	14.93	35.53	499.9	1499	26	68.42	-2.2	0.255	1.0	-0.22	2.74	1.00	0.00	0.16	111115
35	"13:54:24"	1865.5	0	14.9	0.265	271	5.12	1.41	18.46	6	1.42	1	2.84	17.59	18.46	17.02	398.86	378.70	4.405	10.484	14.93	35.53	499.9	1499	26	68.42	-2.2	0.255	1.0	-0.22	2.74	1.00	0.00	0.16	111115
36	"13:54:24"	1866.0	0	14.9	0.265	271	5.12	1.41	18.46	6	1.42	1	2.84	17.59	18.46	17.02	398.88	378.71	4.404	10.484	14.93	35.53	499.9	1499	26	68.42	-2.2	0.255	1.0	-0.22	2.74	1.00	0.00	0.16	111115
37	"13:54:25"	1866.5	0	14.9	0.265	271	5.12	1.42	18.46	6	1.42	1	2.84	17.59	18.46	17.02	398.88	378.70	4.404	10.483	14.92	35.53	499.9	1499	26	68.42	-2.2	0.255	1.0	-0.22	2.74	1.00	0.00	0.16	111115
38	"13:54:25"	1867.0	0	14.9	0.265	271	5.12	1.42	18.47	6	1.42	1	2.84	17.59	18.47	17.02	398.90	378.72	4.403	10.483	14.92	35.53	499.9	1499	26	68.42	-2.2	0.255	1.0	-0.22	2.74	1.00	0.00	0.16	111115
39	"13:54:26"	1867.5	0	14.9	0.265	271	5.12	1.42	18.47	6	1.42	1	2.84	17.59	18.47	17.02	398.88	378.72	4.402	10.483	14.92	35.53	499.9	1500	26	68.42	-2.2	0.255	1.0	-0.22	2.74	1.00	0.00	0.16	111115
40	"13:54:26"	1868.0	0	14.9	0.265	271	5.12	1.42	18.47	6	1.42	1	2.84	17.59	18.47	17.02	398.92	378.72	4.402	10.483	14.92	35.52	499.9	1500	26	68.42	-2.2	0.255	1.0	-0.22	2.74	1.00	0.00	0.16	111115
41	"13:54:27"	1868.5	0	14.9	0.265	271	5.12	1.42	18.47	6	1.42	1	2.84	17.59	18.47	17.02	398.92	378.73	4.402	10.480	14.92	35.52	499.8	1500	26	68.42	-2.2	0.255	1.0	-0.22	2.74	1.00	0.00	0.16	111115
42	"13:54:27"	1869.0	0	14.9	0.264	271	5.12	1.42	18.48	6	1.42	1	2.84	17.59	18.48	17.02	398.92	378.73	4.402	10.479	14.92	35.51	499.8	1500	26	68.42	-2.2	0.255	1.0	-0.22	2.74	1.00	0.00	0.16	111115
43	"13:54:28"	1869.5	0	14.9	0.264	270	5.12	1.42	18.48	6	1.42	1	2.84	17.60	18.48	17.02	398.95	378.74	4.401	10.478	14.91	35.50	499.8	1500	26	68.42	-2.2	0.255	1.0	-0.22	2.74	1.00	0.00	0.16	111115
44	"13:54:28"	1870.0	0	14.9	0.264	270	5.12	1.42	18.48	6	1.42	1	2.84	17.60	18.48	17.02	398.93	378.72	4.402	10.477	14.91	35.50	499.9	1500	26	68.42	-2.2	0.255	1.0	-0.22	2.74	1.00	0.00	0.16	111115
45	"13:54:29"	1870.5	0	14.9	0.264	270	5.12	1.42	18.48	6	1.42	1	2.84	17.60	18.48	17.02	398.93	378.70	4.401	10.478	14.91	35.50	499.9	1500	26	68.42	-2.2	0.255	1.0	-0.22	2.74	1.00	0.00	0.16	111115
"13:54:37 Coolers: Tblock -> 22.00 C"
"13:56:32 Flow: Fixed -> 500 umol/s"
46	"13:56:55"	2016.5	0	14.5	0.237	265	4.94	1.51	20.50	6	1.42	1	2.84	21.52	20.50	22.11	401.04	381.42	7.514	13.361	19.95	35.47	499.9	1499	30	68.42	-2.43	0.227	0.7	-0.22	2.74	1.00	0.00	0.16	111115
47	"13:56:55"	2016.5	0	14.5	0.237	265	4.94	1.51	20.50	6	1.42	1	2.84	21.52	20.50	22.11	401.04	381.42	7.514	13.361	19.95	35.47	499.9	1499	30	68.42	-2.43	0.227	0.7	-0.22	2.74	1.00	0.00	0.16	111115
48	"13:56:56"	2017.0	0	14.4	0.237	266	4.94	1.51	20.50	6	1.42	1	2.84	21.53	20.50	22.11	400.76	381.26	7.514	13.361	19.94	35.46	499.9	1499	30	68.42	-2.43	0.227	0.7	-0.22	2.74	1.00	0.00	0.16	111115
49	"13:56:56"	2017.5	0	14.3	0.237	266	4.94	1.51	20.50	6	1.42	1	2.84	21.53	20.50	22.11	400.49	381.10	7.514	13.362	19.94	35.46	499.9	1499	30	68.42	-2.43	0.227	0.7	-0.22	2.74	1.00	0.00	0.16	111115
50	"13:56:57"	2018.0	0	14.2	0.237	266	4.94	1.51	20.51	6	1.42	1	2.84	21.53	20.51	22.11	400.26	380.91	7.515	13.363	19.94	35.46	499.9	1499	31	68.42	-2.43	0.227	0.7	-0.22	2.74	1.00	0.00	0.16	111115
51	"13:56:57"	2018.5	0	14.2	0.237	267	4.94	1.51	20.51	6	1.42	1	2.84	21.53	20.51	22.11	400.06	380.77	7.514	13.364	19.94	35.46	499.9	1499	32	68.42	-2.43	0.227	0.7	-0.22	2.74	1.00	0.00	0.16	111115
52	"13:56:58"	2019.0	0	14.2	0.237	267	4.94	1.51	20.51	6	1.42	1	2.84	21.54	20.51	22.11	399.92	380.64	7.514	13.362	19.93	35.45	499.9	1500	33	68.42	-2.43	0.227	0.7	-0.22	2.74	1.00	0.00	0.16	111115
53	"13:56:58"	2019.5	0	14.2	0.237	266	4.94	1.51	20.51	6	1.42	1	2.84	21.54	20.51	22.11	399.80	380.54	7.516	13.364	19.93	35.45	499.9	1499	34	68.42	-2.43	0.227	0.7	-0.22	2.74	1.00	0.00	0.16	111115
54	"13:56:59"	2020.0	0	14.2	0.237	266	4.94	1.51	20.51	6	1.42	1	2.84	21.54	20.51	22.11	399.71	380.46	7.516	13.365	19.93	35.44	499.9	1499	35	68.42	-2.43	0.227	0.7	-0.22	2.74	1.00	0.00	0.16	111115
55	"13:56:59"	2020.5	0	14.2	0.237	266	4.94	1.51	20.52	6	1.42	1	2.84	21.54	20.52	22.11	399.63	380.35	7.516	13.365	19.93	35.44	499.9	1500	36	68.42	-2.43	0.227	0.7	-0.22	2.74	1.00	0.00	0.16	111115
56	"13:57:00"	2021.0	0	14.2	0.237	266	4.94	1.51	20.52	6	1.42	1	2.84	21.54	20.52	22.11	399.53	380.21	7.515	13.364	19.93	35.43	499.9	1500	37	68.42	-2.43	0.227	0.7	-0.22	2.74	1.00	0.00	0.16	111115
57	"13:57:00"	2021.5	0	14.2	0.237	266	4.94	1.51	20.52	6	1.42	1	2.84	21.55	20.52	22.11	399.40	380.09	7.515	13.365	19.92	35.43	499.9	1500	38	68.42	-2.43	0.227	0.7	-0.22	2.74	1.00	0.00	0.16	111115
58	"13:57:01"	2022.0	0	14.2	0.236	266	4.94	1.51	20.53	6	1.42	1	2.84	21.55	20.53	22.11	399.31	380.05	7.515	13.364	19.92	35.42	499.9	1500	38	68.42	-2.43	0.227	0.7	-0.22	2.74	1.00	0.00	0.16	111115
59	"13:57:01"	2022.5	0	14.2	0.236	266	4.94	1.51	20.53	6	1.42	1	2.84	21.55	20.53	22.11	399.23	379.99	7.516	13.366	19.92	35.42	499.8	1500	38	68.42	-2.43	0.227	0.7	-0.22	2.74	1.00	0.00	0.16	111115
60	"13:57:02"	2023.0	0	14.2	0.236	265	4.94	1.51	20.54	6	1.42	1	2.84	21.55	20.54	22.11	399.18	379.90	7.515	13.367	19.91	35.42	499.8	1500	37	68.42	-2.43	0.227	0.7	-0.22	2.74	1.00	0.00	0.16	111115
"13:57:17 Coolers: Tblock -> 27.00 C"
"13:58:59 Flow: Fixed -> 500 umol/s"
61	"13:59:23"	2165.0	0	14.2	0.21	253	4.91	1.67	23.03	6	1.42	1	2.84	25.55	23.03	26.99	399.64	380.45	11.110	16.893	23.14	35.19	500.8	1500	17	68.42	-2.68	0.181	1.0	-0.22	2.74	1.00	0.00	0.16	111115
62	"13:59:23"	2165.0	0	14.2	0.21	253	4.91	1.67	23.03	6	1.42	1	2.84	25.55	23.03	26.99	399.64	380.45	11.110	16.893	23.14	35.19	500.8	1500	17	68.42	-2.68	0.181	1.0	-0.22	2.74	1.00	0.00	0.16	111115
63	"13:59:24"	2165.5	0	14.1	0.21	253	4.91	1.67	23.03	6	1.42	1	2.84	25.55	23.03	26.99	399.63	380.45	11.109	16.894	23.14	35.18	500.8	1500	17	68.42	-2.68	0.181	1.0	-0.22	2.74	1.00	0.00	0.16	111115
64	"13:59:24"	2166.0	0	14.1	0.21	253	4.91	1.67	23.04	6	1.42	1	2.84	25.55	23.04	26.99	399.62	380.46	11.109	16.896	23.13	35.18	500.8	1500	17	68.42	-2.68	0.181	1.0	-0.22	2.74	1.00	0.00	0.16	111115
65	"13:59:25"	2166.5	0	14.1	0.21	253	4.91	1.67	23.04	6	1.42	1	2.84	25.55	23.04	26.99	399.61	380.45	11.108	16.897	23.13	35.18	500.8	1500	17	68.42	-2.68	0.181	1.0	-0.22	2.74	1.00	0.00	0.16	111115
66	"13:59:25"	2167.0	0	14.1	0.21	253	4.91	1.67	23.04	6	1.42	1	2.84	25.56	23.04	26.99	399.64	380.47	11.108	16.896	23.12	35.17	500.8	1500	17	68.42	-2.68	0.181	1.0	-0.22	2.74	1.00	0.00	0.16	111115
67	"13:59:26"	2167.5	0	14.2	0.21	253	4.92	1.67	23.04	6	1.42	1	2.84	25.56	23.04	26.99	399.70	380.48	11.108	16.897	23.12	35.17	500.8	1500	17	68.42	-2.68	0.181	1.0	-0.22	2.74	1.00	0.00	0.16	111115
68	"13:59:26"	2168.0	0	14.2	0.21	253	4.92	1.67	23.05	6	1.42	1	2.84	25.56	23.05	26.99	399.72	380.51	11.108	16.899	23.11	35.17	500.8	1500	17	68.42	-2.68	0.181	1.0	-0.22	2.74	1.00	0.00	0.16	111115
69	"13:59:27"	2168.5	0	14.2	0.21	253	4.92	1.67	23.05	6	1.42	1	2.84	25.57	23.05	26.99	399.76	380.54	11.108	16.899	23.11	35.16	500.7	1500	17	68.42	-2.68	0.181	1.0	-0.22	2.74	1.00	0.00	0.16	111115
70	"13:59:27"	2169.0	0	14.2	0.21	253	4.92	1.67	23.06	6	1.42	1	2.84	25.57	23.06	26.99	399.76	380.55	11.107	16.900	23.11	35.16	500.7	1500	17	68.42	-2.68	0.181	1.0	-0.22	2.74	1.00	0.00	0.16	111115
71	"13:59:28"	2169.5	0	14.2	0.21	253	4.92	1.67	23.06	6	1.42	1	2.84	25.57	23.06	26.99	399.77	380.53	11.106	16.901	23.10	35.15	500.7	1500	17	68.42	-2.68	0.181	1.0	-0.22	2.74	1.00	0.00	0.16	111115
72	"13:59:28"	2170.0	0	14.2	0.21	253	4.92	1.67	23.07	6	1.42	1	2.84	25.57	23.07	26.99	399.80	380.57	11.106	16.901	23.10	35.15	500.7	1500	16	68.42	-2.68	0.181	1.0	-0.22	2.74	1.00	0.00	0.16	111115
73	"13:59:29"	2170.5	0	14.2	0.209	253	4.92	1.68	23.07	6	1.42	1	2.84	25.58	23.07	26.99	399.81	380.58	11.105	16.901	23.09	35.14	500.8	1500	16	68.42	-2.68	0.181	1.0	-0.22	2.74	1.00	0.00	0.16	111115
74	"13:59:29"	2171.0	0	14.2	0.209	253	4.92	1.68	23.08	6	1.42	1	2.84	25.58	23.08	26.99	399.81	380.57	11.104	16.904	23.08	35.14	500.8	1500	16	68.42	-2.68	0.181	1.0	-0.22	2.74	1.00	0.00	0.16	111115
75	"13:59:30"	2171.5	0	14.2	0.209	253	4.92	1.68	23.09	6	1.42	1	2.84	25.58	23.09	26.99	399.82	380.58	11.103	16.903	23.08	35.14	500.8	1500	16	68.42	-2.68	0.181	1.0	-0.22	2.74	1.00	0.00	0.16	111115
"13:59:39 Coolers: Tblock -> 32.00 C"
"14:03:19 Flow: Fixed -> 500 umol/s"
76	"14:04:18"	2460.0	0	13.7	0.173	232	5.03	2.03	26.95	6	1.42	1	2.84	30.22	26.95	32.07	399.07	380.34	16.514	22.418	26.20	35.56	499.9	1499	20	68.42	-2.65	0.109	1.0	-0.22	2.74	1.00	0.00	0.16	111115
77	"14:04:18"	2460.0	0	13.7	0.173	232	5.03	2.03	26.95	6	1.42	1	2.84	30.22	26.95	32.07	399.07	380.34	16.514	22.418	26.20	35.56	499.9	1499	20	68.42	-2.65	0.109	1.0	-0.22	2.74	1.00	0.00	0.16	111115
78	"14:04:19"	2460.5	0	13.7	0.172	231	5.04	2.04	26.98	6	1.42	1	2.84	30.22	26.98	32.07	399.09	380.30	16.512	22.423	26.19	35.57	499.9	1499	20	68.42	-2.65	0.109	1.0	-0.22	2.74	1.00	0.00	0.16	111115
79	"14:04:19"	2461.0	0	13.8	0.172	231	5.05	2.05	27.02	6	1.42	1	2.84	30.22	27.02	32.07	399.08	380.26	16.512	22.432	26.19	35.58	499.9	1499	20	68.42	-2.65	0.109	1.0	-0.22	2.74	1.00	0.00	0.16	111115
80	"14:04:20"	2461.5	0	13.8	0.172	230	5.06	2.06	27.07	6	1.42	1	2.84	30.22	27.07	32.07	399.10	380.22	16.510	22.442	26.18	35.59	499.9	1499	20	68.42	-2.65	0.109	1.0	-0.22	2.74	1.00	0.00	0.16	111115
81	"14:04:20"	2462.0	0	13.8	0.171	229	5.06	2.07	27.12	6	1.42	1	2.84	30.22	27.12	32.07	399.08	380.22	16.510	22.451	26.18	35.60	499.9	1499	20	68.42	-2.65	0.109	1.0	-0.22	2.74	1.00	0.00	0.16	111115
82	"14:04:21"	2462.5	0	13.8	0.17	229	5.07	2.08	27.17	6	1.42	1	2.84	30.22	27.17	32.07	399.08	380.23	16.511	22.462	26.18	35.62	499.9	1499	20	68.42	-2.65	0.109	1.0	-0.22	2.74	1.00	0.00	0.16	111115
83	"14:04:21"	2463.0	0	13.8	0.17	229	5.08	2.09	27.22	6	1.42	1	2.84	30.22	27.22	32.07	399.09	380.23	16.512	22.477	26.18	35.64	499.9	1499	20	68.42	-2.65	0.109	1.0	-0.22	2.74	1.00	0.00	0.16	111115
84	"14:04:22"	2463.5	0	13.8	0.17	228	5.1	2.1	27.27	6	1.42	1	2.84	30.22	27.27	32.07	399.08	380.22	16.510	22.490	26.18	35.66	499.9	1500	20	68.42	-2.65	0.109	1.0	-0.22	2.74	1.00	0.00	0.16	111115
85	"14:04:22"	2464.0	0	13.7	0.169	228	5.1	2.1	27.30	6	1.42	1	2.84	30.23	27.30	32.07	399.03	380.24	16.510	22.496	26.17	35.66	499.8	1500	20	68.42	-2.65	0.109	1.0	-0.22	2.74	1.00	0.00	0.16	111115
86	"14:04:23"	2464.5	0	13.7	0.169	229	5.11	2.11	27.32	6	1.42	1	2.84	30.23	27.32	32.07	399.01	380.28	16.510	22.504	26.17	35.67	499.8	1500	20	68.42	-2.65	0.109	1.0	-0.22	2.74	1.00	0.00	0.16	111115
87	"14:04:23"	2465.0	0	13.7	0.169	229	5.12	2.11	27.33	6	1.42	1	2.84	30.23	27.33	32.07	399.02	380.30	16.509	22.512	26.17	35.68	499.8	1500	20	68.42	-2.65	0.109	1.0	-0.22	2.74	1.00	0.00	0.16	111115
88	"14:04:24"	2465.5	0	13.6	0.169	229	5.12	2.11	27.34	6	1.42	1	2.84	30.23	27.34	32.07	399.04	380.35	16.509	22.519	26.17	35.69	499.8	1499	20	68.42	-2.65	0.109	1.0	-0.22	2.74	1.00	0.00	0.16	111115
89	"14:04:24"	2466.0	0	13.7	0.169	229	5.13	2.11	27.35	6	1.42	1	2.84	30.23	27.35	32.07	399.06	380.33	16.507	22.525	26.16	35.70	499.8	1499	20	68.42	-2.65	0.109	1.0	-0.22	2.74	1.00	0.00	0.16	111115
90	"14:04:25"	2466.5	0	13.7	0.17	229	5.14	2.11	27.35	6	1.42	1	2.84	30.23	27.35	32.07	399.08	380.34	16.506	22.532	26.16	35.71	499.8	1499	20	68.42	-2.65	0.109	1.0	-0.22	2.74	1.00	0.00	0.16	111115
"14:04:43 Coolers: Tblock -> 37.00 C"
"14:05:23 Coolers: Tblock -> 0.00 C"
