"OPEN 6.2.4"
"Fri Jun 26 2015 11:13:28"
<open><version>"6.2.4"</version></open>
<open><configfile>"/User/Configs/UserPrefs/2x3 LED.xml"</configfile></open>
<open><light><source>"6400-02 or -02B LED Source"</source><par_in>1<sensor>"SI-3781"<cal>-0.93<actinity>1.00</actinity><transm>1.00</transm></cal></sensor><transm>1</transm></par_in><par_out>1<sensor>"Q49599"<cal>7.26</cal></sensor></par_out></light></open>
<open><comps><file>"/User/Configs/Comps/StdComps_6.2"<header>""</header><extras></extras></file><energybal>no<f_parIn>1</f_parIn><f_parOut>0</f_parOut><alphaK>0.16</alphaK></energybal><bc_total>2.840<stomatal_ratio>1</stomatal_ratio><bc_oneside>1.420<type>2</type><table>"/Sys/Lib/StdBLCTable"</table><area>6</area><slope>-0.219565</slope><offset>2.73739</offset><fan>5</fan></bc_oneside></bc_total></comps></open>
<open><prompts><onlog>off</onlog><items>"Default (none)"</items></prompts></open>
<open><constants><oxygen>21 %</oxygen><bb_vapor>1.5</bb_vapor><bb_oxy>0.9</bb_oxy></constants></open>
<open><stability><items>"Std Stability"<items[1]><id>-2</id><size>15</size><pcv><onoff>0</onoff><value>1</value></pcv><std><onoff>0</onoff><value>1</value></std><slp><onoff>1</onoff><value>1</value></slp></items[1]><items[2]><id>-5</id><size>15</size><pcv><onoff>0</onoff><value>1</value></pcv><std><onoff>0</onoff><value>1</value></std><slp><onoff>1</onoff><value>1</value></slp></items[2]><items[3]><id>-7</id><size>15</size><pcv><onoff>0</onoff><value>1</value></pcv><std><onoff>0</onoff><value>1</value></std><slp><onoff>1</onoff><value>1</value></slp></items[3]></items></stability></open>
<open><log><format>"StdLogFmt_6.0"<items>{ -35 -21 -36 -76 30 23 36 21 25 221 -33 111 -34 11 -9 -10 -8 -1 -2 -4 -5 -14 -15 -7 -12 -13 -11 -65 -66 -72 -18 -19 -77 -78 -79 -23  }<hdr>{  }</hdr></items></format><options><beep>on</beep><hdr>normal</hdr><rem>normal</rem><stab>no</stab><stats>no<mean>no</mean><file>no</file><period>15</period></stats><excel>yes</excel><controls>yes</controls><comm>no</comm></options><datafile>"/User/stm-rcup2"</datafile><button><action>"Normal Log"<code>" LogOneObsManual "</code></action></button><autoprog>"/User/Configs/AutoProgs/AutoLog2"<active>no</active></autoprog></log></open>
<open><a2d><avgtime>4.0 secs</avgtime><userchans><ch20>"Off"</ch20><ch21>"Off"</ch21><ch22>"Off"</ch22><ch23>"Off"</ch23></userchans></a2d></open>
<open><matching><type>0</type><disp>'a'</disp><settings><CO2Limit>10.0</CO2Limit><H2OLimit>1.0</H2OLimit><MaxAutoTime>60</MaxAutoTime></settings></matching></open>
<li6400><factory><unit>"PSC-3840"</unit><serviced>"1 Jul 2013"</serviced><fuseaware>0</fuseaware><co2mixer>yes</co2mixer><co2><coeffs>{ 0 0.213319 2.22998e-05 2.13159e-08 -3.88664e-12 3.69888e-16  }</coeffs><dvdt>-4.7</dvdt><xs>{ 0.0009 -0.0002  }</xs></co2><h2o><coeffs>{ 0 0.00572751 2.23485e-06 -7.37877e-12  }</coeffs><dvdt>-1.7</dvdt><xs>{ 0.0009 -0.0028  }</xs></h2o><flow>{ 0 0.3568  }</flow><press>{ 88.437 0.00551  }</press></factory></li6400>
<li6400><user><flow_zero>-468.8</flow_zero><irga_zero><co2>429.7 390.6<at>17.6901</at></co2><h2o>78.1 156.2<at>17.1607</at></h2o></irga_zero><irga_span><co2>{ 0.99237 0.992833  }</co2><h2o>{ 1.00426 0.996799  }</h2o></irga_span><irga_match><co2>{ 0.368307 0.186009  }</co2><h2o>{ 0.00477181 -0.0333215  }</h2o></irga_match><co2_mixer><pump_mv>4500</pump_mv><ppm>{ 2287.2 1080.71 423.89 257.488 117.195 68.0056 44.5242 37.9628  }</ppm><mv>{ 5000 3000 1500 1000 500 300 200 100  }</mv></co2_mixer><parin_offset>0</parin_offset><led_cal><unit>"SI-3781"</unit><mv>{ 10 25 50 100 1000 2000 3000 4000 5000  }</mv><qntm>{ 4.69642 15.4417 35.4805 82.2863 972.665 1922.29 2824.32 3690.14 4518.2  }</qntm></led_cal><lcf_cal><unit>"unknown"</unit><red><mv>{ 50 100 500 1000 1500 5000  }</mv><qntm>{ 50 100 500 1000 2000 5000  }</qntm></red><blue><mv>{ 100 200 500 1000 2000 5000  }</mv><qntm>{ 10 20 50 100 200 500  }</qntm></blue></lcf_cal></user></li6400>
"11:13:30 "
$STARTOFDATA$
"Obs"	"HHMMSS"	"FTime"	"EBal?"	"Photo"	"Cond"	"Ci"	"Trmmol"	"VpdL"	"CTleaf"	"Area"	"BLC_1"	"StmRat"	"BLCond"	"Tair"	"Tleaf"	"TBlk"	"CO2R"	"CO2S"	"H2OR"	"H2OS"	"RH_R"	"RH_S"	"Flow"	"PARi"	"PARo"	"Press"	"CsMch"	"HsMch"	"StableF"	"BLCslope"	"BLCoffst"	"f_parin"	"f_parout"	"alphaK"	"Status"
"11:15:15 CO2 Mixer: CO2R -> 400 uml"
"11:15:23 Coolers: Tblock -> 0.00 C"
"11:15:31 Lamp: ParIn ->  1500 uml"
"11:25:16 Flow: Fixed -> 500 umol/s"
"11:26:39 Coolers: Tblock -> 12.87 C"
"11:27:58 Flow: Fixed -> 500 umol/s"
1	"11:28:47"	931.0	0	12.2	0.29	298	5.59	1.53	18.49	6	1.42	1	2.84	14.89	18.49	12.93	399.41	382.24	1.628	8.278	7.02	35.72	499.9	1499	258	73.3	-0.0955	0.27	0.7	-0.22	2.74	1.00	0.00	0.16	111115
2	"11:28:47"	931.0	0	12.2	0.29	298	5.59	1.53	18.49	6	1.42	1	2.84	14.89	18.49	12.93	399.41	382.24	1.628	8.278	7.02	35.72	499.9	1499	258	73.3	-0.0955	0.27	0.7	-0.22	2.74	1.00	0.00	0.16	111115
3	"11:28:48"	931.5	0	12.2	0.29	298	5.59	1.53	18.49	6	1.42	1	2.84	14.88	18.49	12.93	399.40	382.24	1.628	8.277	7.03	35.72	500.0	1499	258	73.3	-0.0955	0.27	1.0	-0.22	2.74	1.00	0.00	0.16	111115
4	"11:28:48"	932.0	0	12.2	0.29	298	5.59	1.53	18.48	6	1.42	1	2.84	14.88	18.48	12.93	399.37	382.22	1.628	8.277	7.03	35.72	499.9	1499	258	73.3	-0.0955	0.27	1.0	-0.22	2.74	1.00	0.00	0.16	111115
5	"11:28:49"	932.5	0	12.2	0.29	298	5.59	1.53	18.48	6	1.42	1	2.84	14.88	18.48	12.92	399.36	382.21	1.628	8.278	7.02	35.72	499.9	1499	258	73.3	-0.0955	0.27	1.0	-0.22	2.74	1.00	0.00	0.16	111115
6	"11:28:49"	933.0	0	12.2	0.29	298	5.59	1.53	18.47	6	1.42	1	2.84	14.88	18.47	12.92	399.34	382.18	1.628	8.279	7.02	35.73	499.9	1499	258	73.3	-0.0955	0.27	1.0	-0.22	2.74	1.00	0.00	0.16	111115
7	"11:28:50"	933.5	0	12.1	0.29	298	5.59	1.53	18.47	6	1.42	1	2.84	14.88	18.47	12.92	399.29	382.15	1.628	8.279	7.02	35.73	499.9	1499	258	73.3	-0.0955	0.27	1.0	-0.22	2.74	1.00	0.00	0.16	111115
8	"11:28:50"	934.0	0	12.2	0.29	298	5.59	1.53	18.46	6	1.42	1	2.84	14.88	18.46	12.92	399.29	382.12	1.628	8.278	7.03	35.72	499.9	1499	257	73.3	-0.0955	0.27	1.0	-0.22	2.74	1.00	0.00	0.16	111115
9	"11:28:51"	934.5	0	12.2	0.29	298	5.59	1.53	18.46	6	1.42	1	2.84	14.88	18.46	12.92	399.31	382.12	1.628	8.278	7.03	35.73	499.9	1499	257	73.3	-0.0955	0.27	1.0	-0.22	2.74	1.00	0.00	0.16	111115
10	"11:28:51"	935.0	0	12.1	0.29	298	5.59	1.53	18.46	6	1.42	1	2.84	14.88	18.46	12.92	399.26	382.17	1.628	8.279	7.03	35.73	499.9	1499	257	73.3	-0.0955	0.27	1.0	-0.22	2.74	1.00	0.00	0.16	111115
11	"11:28:52"	935.5	0	12.1	0.29	298	5.59	1.53	18.47	6	1.42	1	2.84	14.88	18.47	12.92	399.24	382.15	1.627	8.278	7.02	35.73	499.9	1499	257	73.3	-0.0955	0.27	1.0	-0.22	2.74	1.00	0.00	0.16	111115
12	"11:28:52"	936.0	0	12.2	0.29	298	5.59	1.53	18.47	6	1.42	1	2.84	14.88	18.47	12.93	399.31	382.13	1.627	8.278	7.02	35.73	500.0	1499	257	73.3	-0.0955	0.27	1.0	-0.22	2.74	1.00	0.00	0.16	111115
13	"11:28:53"	936.5	0	12.2	0.29	298	5.59	1.53	18.47	6	1.42	1	2.84	14.88	18.47	12.93	399.32	382.14	1.628	8.275	7.03	35.72	500.0	1499	258	73.3	-0.0955	0.27	1.0	-0.22	2.74	1.00	0.00	0.16	111115
14	"11:28:53"	937.0	0	12.2	0.29	297	5.58	1.53	18.48	6	1.42	1	2.84	14.88	18.48	12.93	399.34	382.12	1.627	8.273	7.02	35.71	500.0	1499	258	73.3	-0.0955	0.27	1.0	-0.22	2.74	1.00	0.00	0.16	111115
15	"11:28:54"	937.5	0	12.2	0.29	297	5.58	1.53	18.48	6	1.42	1	2.84	14.88	18.48	12.93	399.36	382.13	1.627	8.271	7.02	35.70	500.0	1499	258	73.3	-0.0955	0.27	1.0	-0.22	2.74	1.00	0.00	0.16	111115
"11:29:02 Coolers: Tblock -> 18.00 C"
"11:31:37 Flow: Fixed -> 500 umol/s"
"11:33:29 Flow: Fixed -> 500 umol/s"
16	"11:34:37"	1281.5	0	12.7	0.271	289	5.82	1.69	20.95	6	1.42	1	2.84	19.03	20.95	18.01	400.85	382.89	4.004	10.915	13.28	36.21	500.0	1501	261	73.3	-0.45	0.255	1.0	-0.22	2.74	1.00	0.00	0.16	111115
17	"11:34:38"	1282.0	0	12.8	0.271	289	5.82	1.69	20.95	6	1.42	1	2.84	19.03	20.95	18.01	400.88	382.89	4.005	10.915	13.28	36.21	499.9	1501	261	73.3	-0.45	0.255	1.0	-0.22	2.74	1.00	0.00	0.16	111115
18	"11:34:38"	1282.0	0	12.8	0.271	289	5.82	1.69	20.95	6	1.42	1	2.84	19.03	20.95	18.01	400.88	382.89	4.005	10.915	13.28	36.21	499.9	1501	261	73.3	-0.45	0.255	1.0	-0.22	2.74	1.00	0.00	0.16	111115
19	"11:34:39"	1282.5	0	12.8	0.271	289	5.82	1.69	20.95	6	1.42	1	2.84	19.03	20.95	18.01	400.94	382.93	4.005	10.916	13.29	36.21	499.9	1501	261	73.3	-0.45	0.255	1.0	-0.22	2.74	1.00	0.00	0.16	111115
20	"11:34:39"	1282.5	0	12.8	0.271	289	5.82	1.69	20.95	6	1.42	1	2.84	19.03	20.95	18.01	400.94	382.93	4.005	10.916	13.29	36.21	499.9	1501	261	73.3	-0.45	0.255	1.0	-0.22	2.74	1.00	0.00	0.16	111115
21	"11:34:39"	1283.0	0	12.8	0.271	289	5.82	1.69	20.95	6	1.42	1	2.84	19.03	20.95	18.01	400.95	382.95	4.004	10.915	13.28	36.21	499.8	1501	261	73.3	-0.45	0.255	1.0	-0.22	2.74	1.00	0.00	0.16	111115
22	"11:34:40"	1283.5	0	12.8	0.271	289	5.82	1.69	20.94	6	1.42	1	2.84	19.03	20.94	18.01	401.01	382.97	4.005	10.916	13.29	36.21	499.8	1501	261	73.3	-0.45	0.255	1.0	-0.22	2.74	1.00	0.00	0.16	111115
23	"11:34:40"	1284.0	0	12.8	0.271	288	5.82	1.69	20.94	6	1.42	1	2.84	19.03	20.94	18.01	401.06	382.97	4.004	10.917	13.28	36.22	499.8	1501	261	73.3	-0.45	0.255	1.0	-0.22	2.74	1.00	0.00	0.16	111115
24	"11:34:41"	1284.5	0	12.9	0.271	288	5.82	1.69	20.94	6	1.42	1	2.84	19.03	20.94	18.01	401.06	382.92	4.004	10.920	13.28	36.23	499.8	1501	261	73.3	-0.45	0.255	1.0	-0.22	2.74	1.00	0.00	0.16	111115
25	"11:34:41"	1285.0	0	12.8	0.271	288	5.82	1.69	20.94	6	1.42	1	2.84	19.03	20.94	18.01	401.03	382.92	4.005	10.921	13.29	36.23	499.8	1501	261	73.3	-0.45	0.255	1.0	-0.22	2.74	1.00	0.00	0.16	111115
26	"11:34:42"	1285.5	0	12.8	0.271	289	5.82	1.69	20.94	6	1.42	1	2.84	19.03	20.94	18.01	400.95	382.91	4.005	10.920	13.29	36.22	499.8	1501	261	73.3	-0.45	0.255	1.0	-0.22	2.74	1.00	0.00	0.16	111115
27	"11:34:42"	1286.0	0	12.8	0.271	289	5.83	1.69	20.94	6	1.42	1	2.84	19.03	20.94	18.01	400.89	382.91	4.005	10.922	13.28	36.23	499.9	1501	261	73.3	-0.45	0.255	1.0	-0.22	2.74	1.00	0.00	0.16	111115
28	"11:34:43"	1286.5	0	12.7	0.271	289	5.83	1.69	20.94	6	1.42	1	2.84	19.04	20.94	18.01	400.85	382.90	4.004	10.921	13.28	36.22	499.9	1501	261	73.3	-0.45	0.255	1.0	-0.22	2.74	1.00	0.00	0.16	111115
29	"11:34:43"	1287.0	0	12.8	0.271	289	5.83	1.69	20.94	6	1.42	1	2.84	19.04	20.94	18.01	400.89	382.88	4.004	10.922	13.28	36.22	499.9	1501	261	73.3	-0.45	0.255	1.0	-0.22	2.74	1.00	0.00	0.16	111115
30	"11:34:44"	1287.5	0	12.8	0.271	289	5.83	1.69	20.94	6	1.42	1	2.84	19.04	20.94	18.01	400.88	382.87	4.004	10.921	13.28	36.22	500.0	1501	261	73.3	-0.45	0.255	1.0	-0.22	2.74	1.00	0.00	0.16	111115
"11:34:53 Coolers: Tblock -> 23.00 C"
"11:37:55 Flow: Fixed -> 500 umol/s"
"11:39:17 Flow: Fixed -> 500 umol/s"
31	"11:40:20"	1624.5	0	12.7	0.251	281	6.19	1.91	23.89	6	1.42	1	2.84	23.42	23.89	23.09	400.12	382.04	7.158	14.478	18.14	36.69	499.9	1499	264	73.3	-0.208	0.223	1.0	-0.22	2.74	1.00	0.00	0.16	111115
32	"11:40:21"	1624.5	0	12.7	0.251	281	6.19	1.91	23.89	6	1.42	1	2.84	23.42	23.89	23.09	400.12	382.04	7.158	14.478	18.14	36.69	499.9	1499	264	73.3	-0.208	0.223	1.0	-0.22	2.74	1.00	0.00	0.16	111115
33	"11:40:21"	1625.0	0	12.7	0.251	281	6.19	1.91	23.89	6	1.42	1	2.84	23.42	23.89	23.09	400.11	382.02	7.157	14.478	18.14	36.69	499.9	1499	264	73.3	-0.208	0.223	1.0	-0.22	2.74	1.00	0.00	0.16	111115
34	"11:40:22"	1625.5	0	12.7	0.251	281	6.19	1.91	23.89	6	1.42	1	2.84	23.42	23.89	23.09	400.07	382.03	7.157	14.476	18.14	36.68	499.9	1499	264	73.3	-0.208	0.223	1.0	-0.22	2.74	1.00	0.00	0.16	111115
35	"11:40:22"	1626.0	0	12.7	0.251	281	6.19	1.91	23.89	6	1.42	1	2.84	23.42	23.89	23.09	400.04	381.99	7.156	14.476	18.13	36.68	499.9	1499	264	73.3	-0.208	0.223	1.0	-0.22	2.74	1.00	0.00	0.16	111115
36	"11:40:23"	1626.5	0	12.6	0.251	281	6.19	1.91	23.89	6	1.42	1	2.84	23.42	23.89	23.09	399.99	382.00	7.156	14.475	18.13	36.68	499.9	1499	264	73.3	-0.208	0.223	1.0	-0.22	2.74	1.00	0.00	0.16	111115
37	"11:40:23"	1627.0	0	12.6	0.251	281	6.19	1.91	23.89	6	1.42	1	2.84	23.42	23.89	23.09	399.98	382.02	7.156	14.476	18.13	36.68	499.9	1499	264	73.3	-0.208	0.223	1.0	-0.22	2.74	1.00	0.00	0.16	111115
38	"11:40:24"	1627.5	0	12.6	0.251	282	6.19	1.91	23.89	6	1.42	1	2.84	23.42	23.89	23.09	399.95	382.02	7.156	14.475	18.13	36.68	499.9	1499	264	73.3	-0.208	0.223	1.0	-0.22	2.74	1.00	0.00	0.16	111115
39	"11:40:24"	1628.0	0	12.6	0.251	281	6.19	1.91	23.88	6	1.42	1	2.84	23.42	23.88	23.09	399.98	382.01	7.156	14.474	18.13	36.67	499.9	1499	264	73.3	-0.208	0.223	1.0	-0.22	2.74	1.00	0.00	0.16	111115
40	"11:40:25"	1628.5	0	12.6	0.251	281	6.19	1.91	23.89	6	1.42	1	2.84	23.42	23.89	23.09	400.00	382.00	7.157	14.474	18.13	36.67	499.9	1499	264	73.3	-0.208	0.223	1.0	-0.22	2.74	1.00	0.00	0.16	111115
41	"11:40:25"	1629.0	0	12.6	0.251	281	6.19	1.91	23.89	6	1.42	1	2.84	23.43	23.89	23.09	400.03	382.02	7.157	14.474	18.13	36.67	499.8	1499	264	73.3	-0.208	0.223	1.0	-0.22	2.74	1.00	0.00	0.16	111115
42	"11:40:26"	1629.5	0	12.7	0.251	281	6.19	1.91	23.89	6	1.42	1	2.84	23.43	23.89	23.09	400.07	382.02	7.157	14.474	18.13	36.67	499.9	1499	264	73.3	-0.208	0.223	1.0	-0.22	2.74	1.00	0.00	0.16	111115
43	"11:40:26"	1630.0	0	12.7	0.251	281	6.19	1.91	23.89	6	1.42	1	2.84	23.43	23.89	23.09	400.11	382.03	7.157	14.475	18.13	36.67	499.9	1499	264	73.3	-0.208	0.223	1.0	-0.22	2.74	1.00	0.00	0.16	111115
44	"11:40:27"	1630.5	0	12.7	0.251	281	6.19	1.91	23.89	6	1.42	1	2.84	23.43	23.89	23.09	400.18	382.06	7.157	14.475	18.13	36.67	499.8	1499	264	73.3	-0.208	0.223	1.0	-0.22	2.74	1.00	0.00	0.16	111115
45	"11:40:27"	1631.0	0	12.7	0.251	281	6.19	1.91	23.89	6	1.42	1	2.84	23.43	23.89	23.09	400.21	382.07	7.156	14.475	18.13	36.67	499.8	1499	264	73.3	-0.208	0.223	1.0	-0.22	2.74	1.00	0.00	0.16	111115
"11:40:36 Coolers: Tblock -> 28.00 C"
"11:43:01 Flow: Fixed -> 500 umol/s"
46	"11:43:58"	1842.0	0	12.5	0.228	274	6.14	2.07	26.22	6	1.42	1	2.84	27.46	26.22	27.97	400.00	382.23	11.206	18.445	22.34	36.77	499.9	1500	266	73.3	-0.271	0.172	1.0	-0.22	2.74	1.00	0.00	0.16	111115
47	"11:43:58"	1842.0	0	12.5	0.228	274	6.14	2.07	26.22	6	1.42	1	2.84	27.46	26.22	27.97	400.00	382.23	11.206	18.445	22.34	36.77	499.9	1500	266	73.3	-0.271	0.172	1.0	-0.22	2.74	1.00	0.00	0.16	111115
48	"11:43:59"	1842.5	0	12.4	0.228	274	6.14	2.07	26.22	6	1.42	1	2.84	27.46	26.22	27.97	399.99	382.23	11.208	18.448	22.34	36.77	499.9	1500	266	73.3	-0.271	0.172	1.0	-0.22	2.74	1.00	0.00	0.16	111115
49	"11:43:59"	1843.0	0	12.4	0.228	274	6.15	2.07	26.22	6	1.42	1	2.84	27.46	26.22	27.97	399.96	382.22	11.208	18.449	22.34	36.78	499.8	1500	266	73.3	-0.271	0.172	1.0	-0.22	2.74	1.00	0.00	0.16	111115
50	"11:44:00"	1843.5	0	12.4	0.228	274	6.15	2.07	26.22	6	1.42	1	2.84	27.46	26.22	27.97	399.93	382.24	11.209	18.451	22.34	36.78	499.8	1500	266	73.3	-0.271	0.172	1.0	-0.22	2.74	1.00	0.00	0.16	111115
51	"11:44:00"	1843.5	0	12.4	0.228	274	6.15	2.07	26.22	6	1.42	1	2.84	27.46	26.22	27.97	399.93	382.24	11.209	18.451	22.34	36.78	499.8	1500	266	73.3	-0.271	0.172	1.0	-0.22	2.74	1.00	0.00	0.16	111115
52	"11:44:00"	1844.0	0	12.4	0.228	274	6.15	2.07	26.22	6	1.42	1	2.84	27.46	26.22	27.97	399.95	382.23	11.211	18.452	22.34	36.78	499.8	1500	266	73.3	-0.271	0.172	1.0	-0.22	2.74	1.00	0.00	0.16	111115
53	"11:44:01"	1844.5	0	12.4	0.228	274	6.15	2.07	26.22	6	1.42	1	2.84	27.46	26.22	27.97	399.95	382.22	11.210	18.452	22.34	36.77	499.8	1500	266	73.3	-0.271	0.172	1.0	-0.22	2.74	1.00	0.00	0.16	111115
54	"11:44:01"	1845.0	0	12.4	0.228	274	6.14	2.07	26.22	6	1.42	1	2.84	27.46	26.22	27.97	399.97	382.21	11.211	18.451	22.34	36.77	499.8	1500	266	73.3	-0.271	0.172	1.0	-0.22	2.74	1.00	0.00	0.16	111115
55	"11:44:02"	1845.5	0	12.4	0.228	274	6.15	2.07	26.22	6	1.42	1	2.84	27.46	26.22	27.97	399.98	382.23	11.210	18.451	22.34	36.77	499.9	1500	266	73.3	-0.271	0.172	1.0	-0.22	2.74	1.00	0.00	0.16	111115
56	"11:44:02"	1846.0	0	12.4	0.228	274	6.14	2.07	26.23	6	1.42	1	2.84	27.47	26.23	27.97	399.97	382.23	11.210	18.450	22.34	36.77	499.8	1500	266	73.3	-0.271	0.172	1.0	-0.22	2.74	1.00	0.00	0.16	111115
57	"11:44:03"	1846.5	0	12.5	0.228	274	6.15	2.07	26.23	6	1.42	1	2.84	27.47	26.23	27.97	399.98	382.21	11.210	18.451	22.34	36.77	499.8	1500	266	73.3	-0.271	0.172	1.0	-0.22	2.74	1.00	0.00	0.16	111115
58	"11:44:03"	1847.0	0	12.5	0.228	273	6.14	2.07	26.23	6	1.42	1	2.84	27.47	26.23	27.97	400.01	382.22	11.210	18.449	22.34	36.76	499.9	1500	266	73.3	-0.271	0.172	1.0	-0.22	2.74	1.00	0.00	0.16	111115
59	"11:44:04"	1847.5	0	12.5	0.228	273	6.14	2.07	26.23	6	1.42	1	2.84	27.47	26.23	27.97	400.00	382.21	11.209	18.448	22.34	36.76	499.9	1500	266	73.3	-0.271	0.172	1.0	-0.22	2.74	1.00	0.00	0.16	111115
60	"11:44:04"	1848.0	0	12.5	0.228	273	6.14	2.07	26.23	6	1.42	1	2.84	27.47	26.23	27.97	400.02	382.24	11.209	18.449	22.33	36.76	499.9	1500	266	73.3	-0.271	0.172	1.0	-0.22	2.74	1.00	0.00	0.16	111115
"11:44:12 Coolers: Tblock -> 33.00 C"
"11:47:12 Flow: Fixed -> 500 umol/s"
"11:48:02 Flow: Fixed -> 500 umol/s"
61	"11:48:39"	2123.0	0	11.4	0.195	266	6.16	2.38	29.16	6	1.42	1	2.84	31.89	29.16	33.05	398.71	382.23	15.678	22.901	24.22	35.38	499.8	1499	268	73.3	0.0275	0.125	1.0	-0.22	2.74	1.00	0.00	0.16	111115
62	"11:48:39"	2123.0	0	11.4	0.195	266	6.16	2.38	29.16	6	1.42	1	2.84	31.89	29.16	33.05	398.71	382.23	15.678	22.901	24.22	35.38	499.8	1499	268	73.3	0.0275	0.125	1.0	-0.22	2.74	1.00	0.00	0.16	111115
63	"11:48:39"	2123.0	0	11.4	0.195	266	6.16	2.38	29.16	6	1.42	1	2.84	31.89	29.16	33.05	398.71	382.23	15.678	22.901	24.22	35.38	499.8	1499	268	73.3	0.0275	0.125	1.0	-0.22	2.74	1.00	0.00	0.16	111115
64	"11:48:40"	2123.5	0	11.4	0.195	266	6.16	2.38	29.16	6	1.42	1	2.84	31.89	29.16	33.05	398.66	382.17	15.680	22.901	24.22	35.38	499.8	1499	268	73.3	0.0275	0.125	1.0	-0.22	2.74	1.00	0.00	0.16	111115
65	"11:48:40"	2124.0	0	11.3	0.195	266	6.16	2.38	29.16	6	1.42	1	2.84	31.89	29.16	33.05	398.62	382.18	15.682	22.905	24.22	35.38	499.8	1499	268	73.3	0.0275	0.125	1.0	-0.22	2.74	1.00	0.00	0.16	111115
66	"11:48:41"	2124.5	0	11.3	0.195	266	6.16	2.38	29.16	6	1.42	1	2.84	31.89	29.16	33.05	398.57	382.14	15.683	22.905	24.22	35.38	499.8	1499	268	73.3	0.0275	0.125	1.0	-0.22	2.74	1.00	0.00	0.16	111115
67	"11:48:41"	2125.0	0	11.3	0.195	266	6.16	2.38	29.16	6	1.42	1	2.84	31.89	29.16	33.05	398.58	382.14	15.683	22.907	24.22	35.38	499.8	1499	268	73.3	0.0275	0.125	1.0	-0.22	2.74	1.00	0.00	0.16	111115
68	"11:48:42"	2125.5	0	11.4	0.195	266	6.15	2.38	29.16	6	1.42	1	2.84	31.89	29.16	33.05	398.64	382.14	15.686	22.906	24.22	35.37	499.7	1499	268	73.3	0.0275	0.125	1.0	-0.22	2.74	1.00	0.00	0.16	111115
69	"11:48:42"	2126.0	0	11.5	0.195	265	6.16	2.38	29.17	6	1.42	1	2.84	31.89	29.17	33.05	398.75	382.17	15.688	22.910	24.23	35.38	499.8	1499	268	73.3	0.0275	0.125	0.7	-0.22	2.74	1.00	0.00	0.16	111115
70	"11:48:43"	2126.5	0	11.5	0.195	264	6.16	2.38	29.17	6	1.42	1	2.84	31.90	29.17	33.05	398.83	382.17	15.690	22.911	24.23	35.38	499.7	1499	268	73.3	0.0275	0.125	0.7	-0.22	2.74	1.00	0.00	0.16	111115
71	"11:48:43"	2127.0	0	11.6	0.195	264	6.16	2.38	29.17	6	1.42	1	2.84	31.90	29.17	33.05	398.93	382.18	15.693	22.916	24.23	35.38	499.8	1499	268	73.3	0.0275	0.125	0.7	-0.22	2.74	1.00	0.00	0.16	111115
72	"11:48:44"	2127.5	0	11.6	0.195	264	6.16	2.38	29.17	6	1.42	1	2.84	31.90	29.17	33.05	398.99	382.22	15.695	22.917	24.23	35.38	499.7	1499	268	73.3	0.0275	0.125	0.7	-0.22	2.74	1.00	0.00	0.16	111115
73	"11:48:44"	2128.0	0	11.7	0.194	263	6.15	2.38	29.17	6	1.42	1	2.84	31.90	29.17	33.05	399.07	382.21	15.697	22.917	24.24	35.38	499.7	1499	268	73.3	0.0275	0.125	0.7	-0.22	2.74	1.00	0.00	0.16	111115
74	"11:48:45"	2128.5	0	11.7	0.194	263	6.15	2.38	29.18	6	1.42	1	2.84	31.90	29.18	33.05	399.14	382.27	15.700	22.919	24.24	35.38	499.8	1499	268	73.3	0.0275	0.125	0.7	-0.22	2.74	1.00	0.00	0.16	111115
75	"11:48:45"	2129.0	0	11.7	0.194	263	6.15	2.38	29.18	6	1.42	1	2.84	31.90	29.18	33.05	399.18	382.27	15.702	22.921	24.24	35.38	499.8	1499	268	73.3	0.0275	0.125	0.7	-0.22	2.74	1.00	0.00	0.16	111115
"11:48:52 Coolers: Tblock -> 38.00 C"
"11:52:29 Flow: Fixed -> 500 umol/s"
76	"11:53:25"	2408.5	0	10.8	0.164	255	5.79	2.61	31.95	6	1.42	1	2.84	36.26	31.95	38.13	400.06	384.48	22.677	29.417	27.45	35.60	499.9	1500	271	73.29	0.0513	0.027	1.0	-0.22	2.74	1.00	0.00	0.16	111115
77	"11:53:26"	2408.5	0	10.8	0.164	255	5.79	2.61	31.95	6	1.42	1	2.84	36.26	31.95	38.13	400.06	384.48	22.677	29.417	27.45	35.60	499.9	1500	271	73.29	0.0513	0.027	1.0	-0.22	2.74	1.00	0.00	0.16	111115
78	"11:53:26"	2409.0	0	10.7	0.164	256	5.79	2.61	31.95	6	1.42	1	2.84	36.27	31.95	38.13	399.97	384.49	22.678	29.418	27.45	35.60	499.9	1500	271	73.29	0.0513	0.027	1.0	-0.22	2.74	1.00	0.00	0.16	111115
79	"11:53:27"	2409.5	0	10.6	0.164	257	5.79	2.61	31.96	6	1.42	1	2.84	36.27	31.96	38.13	399.93	384.51	22.680	29.421	27.45	35.60	499.9	1500	271	73.29	0.0513	0.027	1.0	-0.22	2.74	1.00	0.00	0.16	111115
80	"11:53:27"	2410.0	0	10.6	0.164	257	5.79	2.61	31.96	6	1.42	1	2.84	36.27	31.96	38.13	399.90	384.51	22.682	29.423	27.45	35.60	499.9	1500	271	73.29	0.0513	0.027	1.0	-0.22	2.74	1.00	0.00	0.16	111115
81	"11:53:28"	2410.5	0	10.6	0.164	257	5.78	2.61	31.95	6	1.42	1	2.84	36.27	31.95	38.13	399.90	384.51	22.686	29.424	27.45	35.60	499.9	1500	271	73.29	0.0513	0.027	1.0	-0.22	2.74	1.00	0.00	0.16	111115
82	"11:53:28"	2411.0	0	10.7	0.164	256	5.78	2.61	31.95	6	1.42	1	2.84	36.27	31.95	38.13	399.96	384.49	22.690	29.424	27.45	35.60	499.9	1500	271	73.3	0.0513	0.027	1.0	-0.22	2.74	1.00	0.00	0.16	111115
83	"11:53:29"	2411.5	0	10.6	0.164	256	5.78	2.61	31.95	6	1.42	1	2.84	36.27	31.95	38.13	399.95	384.51	22.692	29.427	27.45	35.60	499.9	1500	271	73.29	0.0513	0.027	1.0	-0.22	2.74	1.00	0.00	0.16	111115
84	"11:53:29"	2412.0	0	10.7	0.164	256	5.78	2.61	31.96	6	1.42	1	2.84	36.27	31.96	38.13	400.01	384.50	22.695	29.428	27.46	35.60	499.9	1500	271	73.3	0.0513	0.027	1.0	-0.22	2.74	1.00	0.00	0.16	111115
85	"11:53:30"	2412.5	0	10.8	0.164	255	5.78	2.61	31.96	6	1.42	1	2.84	36.27	31.96	38.13	400.09	384.49	22.697	29.429	27.46	35.60	499.9	1500	271	73.3	0.0513	0.027	1.0	-0.22	2.74	1.00	0.00	0.16	111115
86	"11:53:30"	2413.0	0	10.8	0.164	255	5.78	2.61	31.96	6	1.42	1	2.84	36.27	31.96	38.13	400.15	384.48	22.700	29.433	27.46	35.61	499.9	1500	272	73.29	0.0513	0.027	1.0	-0.22	2.74	1.00	0.00	0.16	111115
87	"11:53:31"	2413.5	0	10.9	0.164	254	5.78	2.61	31.96	6	1.42	1	2.84	36.27	31.96	38.13	400.23	384.50	22.703	29.434	27.46	35.60	500.0	1500	271	73.3	0.0513	0.027	1.0	-0.22	2.74	1.00	0.00	0.16	111115
88	"11:53:31"	2414.0	0	10.9	0.164	254	5.78	2.61	31.97	6	1.42	1	2.84	36.28	31.97	38.13	400.29	384.54	22.707	29.436	27.46	35.60	500.0	1500	271	73.3	0.0513	0.027	1.0	-0.22	2.74	1.00	0.00	0.16	111115
89	"11:53:32"	2414.5	0	10.9	0.163	254	5.78	2.61	31.97	6	1.42	1	2.84	36.28	31.97	38.13	400.31	384.54	22.707	29.437	27.46	35.60	500.0	1500	271	73.3	0.0513	0.027	1.0	-0.22	2.74	1.00	0.00	0.16	111115
90	"11:53:32"	2415.0	0	10.9	0.163	253	5.78	2.61	31.98	6	1.42	1	2.84	36.28	31.98	38.13	400.33	384.55	22.710	29.440	27.47	35.61	500.0	1500	271	73.3	0.0513	0.027	1.0	-0.22	2.74	1.00	0.00	0.16	111115
"11:53:39 Coolers: Tblock -> 43.00 C"
"11:57:48 Flow: Fixed -> 500 umol/s"
"12:00:12 Flow: Fixed -> 500 umol/s"
91	"12:01:36"	2899.5	0	9.1	0.134	252	5.55	2.98	35.46	6	1.42	1	2.84	40.80	35.46	43.01	399.86	386.37	31.928	38.333	30.25	36.32	499.9	1499	274	73.3	0.839	-0.089	1.0	-0.22	2.74	1.00	0.00	0.16	111115
92	"12:01:36"	2900.0	0	9.12	0.134	251	5.55	2.98	35.46	6	1.42	1	2.84	40.80	35.46	43.01	399.85	386.33	31.931	38.338	30.25	36.32	499.9	1499	274	73.3	0.839	-0.089	1.0	-0.22	2.74	1.00	0.00	0.16	111115
93	"12:01:37"	2900.0	0	9.12	0.134	251	5.55	2.98	35.46	6	1.42	1	2.84	40.80	35.46	43.01	399.85	386.33	31.931	38.338	30.25	36.32	499.9	1499	274	73.3	0.839	-0.089	1.0	-0.22	2.74	1.00	0.00	0.16	111115
94	"12:01:37"	2900.5	0	9.11	0.134	252	5.55	2.98	35.46	6	1.42	1	2.84	40.80	35.46	43.01	399.82	386.31	31.932	38.341	30.25	36.32	499.9	1499	275	73.3	0.839	-0.089	1.0	-0.22	2.74	1.00	0.00	0.16	111115
95	"12:01:38"	2900.5	0	9.11	0.134	252	5.55	2.98	35.46	6	1.42	1	2.84	40.80	35.46	43.01	399.82	386.31	31.932	38.341	30.25	36.32	499.9	1499	275	73.3	0.839	-0.089	1.0	-0.22	2.74	1.00	0.00	0.16	111115
96	"12:01:38"	2901.0	0	9.16	0.135	251	5.56	2.98	35.46	6	1.42	1	2.84	40.80	35.46	43.01	399.86	386.29	31.933	38.348	30.25	36.33	499.9	1499	275	73.3	0.839	-0.089	1.0	-0.22	2.74	1.00	0.00	0.16	111115
97	"12:01:39"	2901.5	0	9.17	0.135	251	5.56	2.98	35.46	6	1.42	1	2.84	40.80	35.46	43.01	399.86	386.28	31.933	38.354	30.25	36.33	499.8	1499	275	73.3	0.839	-0.089	1.0	-0.22	2.74	1.00	0.00	0.16	111115
98	"12:01:39"	2902.0	0	9.21	0.135	251	5.57	2.98	35.46	6	1.42	1	2.84	40.80	35.46	43.01	399.90	386.26	31.934	38.358	30.25	36.33	499.8	1499	275	73.3	0.839	-0.089	1.0	-0.22	2.74	1.00	0.00	0.16	111115
99	"12:01:40"	2902.5	0	9.27	0.135	250	5.57	2.98	35.46	6	1.42	1	2.84	40.80	35.46	43.01	399.97	386.26	31.937	38.362	30.25	36.34	499.8	1499	275	73.3	0.839	-0.089	1.0	-0.22	2.74	1.00	0.00	0.16	111115
100	"12:01:40"	2903.0	0	9.34	0.135	249	5.57	2.98	35.47	6	1.42	1	2.84	40.81	35.47	43.01	400.08	386.27	31.940	38.370	30.25	36.34	499.8	1499	275	73.3	0.839	-0.089	0.7	-0.22	2.74	1.00	0.00	0.16	111115
101	"12:01:41"	2903.5	0	9.38	0.135	249	5.57	2.98	35.47	6	1.42	1	2.84	40.81	35.47	43.01	400.18	386.34	31.943	38.373	30.25	36.34	499.8	1499	275	73.3	0.839	-0.089	0.7	-0.22	2.74	1.00	0.00	0.16	111115
102	"12:01:41"	2904.0	0	9.4	0.135	249	5.57	2.98	35.47	6	1.42	1	2.84	40.81	35.47	43.01	400.28	386.41	31.946	38.375	30.25	36.34	499.8	1499	275	73.3	0.839	-0.089	0.7	-0.22	2.74	1.00	0.00	0.16	111115
103	"12:01:42"	2904.5	0	9.42	0.135	248	5.57	2.99	35.48	6	1.42	1	2.84	40.81	35.48	43.01	400.33	386.45	31.948	38.377	30.25	36.34	499.8	1499	275	73.3	0.839	-0.089	0.3	-0.22	2.74	1.00	0.00	0.16	111115
104	"12:01:42"	2905.0	0	9.44	0.135	248	5.57	2.99	35.48	6	1.42	1	2.84	40.81	35.48	43.01	400.37	386.45	31.950	38.380	30.25	36.34	499.9	1499	275	73.3	0.839	-0.089	0.3	-0.22	2.74	1.00	0.00	0.16	111115
105	"12:01:43"	2905.5	0	9.44	0.135	248	5.57	2.99	35.48	6	1.42	1	2.84	40.81	35.48	43.01	400.39	386.48	31.953	38.385	30.25	36.34	499.9	1499	275	73.3	0.839	-0.089	0.3	-0.22	2.74	1.00	0.00	0.16	111115
