"OPEN 6.3.2"
"Sun Feb  5 2106 23:38:27"
<open><version>"6.3.2"</version></open>
<open><configfile>"/User/Configs/UserPrefs/LED2x3.xml"</configfile></open>
<open><light><source>"6400-02 or -02B LED Source"</source><par_in>1<sensor>"SI-2503"<cal>-0.86<actinity>1.00</actinity><transm>1.00</transm></cal></sensor><transm>1</transm></par_in><par_out>1<sensor>"Q40491"<cal>6.5</cal></sensor></par_out></light></open>
<open><comps><file>"/User/Configs/Comps/StdComps_6.1"<header>""</header><extras></extras></file><energybal>no<f_parIn>1</f_parIn><f_parOut>0</f_parOut><alphaK>0.16</alphaK></energybal><bc_total>2.840<stomatal_ratio>1</stomatal_ratio><bc_oneside>1.420<type>2</type><table>"/Sys/Lib/StdBLCTable"</table><area>6</area><slope>-0.219565</slope><offset>2.73739</offset><fan>5</fan></bc_oneside></bc_total></comps></open>
<open><prompts><onlog>off</onlog><items>"Default (none)"</items></prompts></open>
<open><constants><oxygen>21 %</oxygen><bb_vapor>1.5</bb_vapor><bb_oxy>0.9</bb_oxy></constants></open>
<open><stability><items>"Std Stability"<items[1]><id>-2</id><size>15</size><pcv><onoff>0</onoff><value>1</value></pcv><std><onoff>0</onoff><value>1</value></std><slp><onoff>1</onoff><value>1</value></slp></items[1]><items[2]><id>-5</id><size>15</size><pcv><onoff>0</onoff><value>1</value></pcv><std><onoff>0</onoff><value>1</value></std><slp><onoff>1</onoff><value>1</value></slp></items[2]><items[3]><id>-7</id><size>15</size><pcv><onoff>0</onoff><value>1</value></pcv><std><onoff>0</onoff><value>1</value></std><slp><onoff>1</onoff><value>1</value></slp></items[3]></items></stability></open>
<open><log><format>"StdLogFmt_6.0"<items>{ -35 -21 -70 -69 -76 30 23 36 21 25 221 -33 111 -34 11 -9 -10 -8 -1 -2 -4 -5 -14 -15 -7 -12 -13 -11 -65 -66 -72 -18 -19 -77 -78 -79 -23  }<hdr>{  }</hdr></items></format><options><beep>on</beep><match>"never"<time>30</time><co2>100</co2><delta>10</delta></match><hdr>normal</hdr><rem>normal</rem><stab>no</stab><stats>no<mean>no</mean><file>no</file><period>15</period></stats><excel>yes</excel><controls>yes</controls><comm>no</comm></options><datafile>"/User/stm-as4"</datafile><button><action>"Normal Log"<code>" LogOneObsManual "</code></action></button><autoprog>"/User/Configs/AutoProgs/AutoLog2"<active>no</active></autoprog></log></open>
<open><a2d><avgtime>4.0 secs</avgtime><userchans><ch20>"Off"</ch20><ch21>"Off"</ch21><ch22>"Off"</ch22><ch23>"Off"</ch23></userchans></a2d></open>
<open><matching><type>0</type><disp>'a'</disp><settings>><CO2Limit>10.0</CO2Limit><H2OLimit>1.0</H2OLimit><MaxAutoTime>60</MaxAutoTime><AverageTime>10</AverageTime></settings></matching></open>
<li6400><factory><unit>"PSC-2470"</unit><serviced>"20 Apr 2015"</serviced><fuseaware>0</fuseaware><co2mixer>yes</co2mixer><co2><coeffs>{ 0 0.21905 1.42412e-05 2.84252e-08 -5.87781e-12 5.64561e-16  }</coeffs><dvdt>-3.6</dvdt><xs>{ 0.000524 -0.000211  }</xs></co2><h2o><coeffs>{ 0 0.005729 2.27444e-06 -1.41238e-11  }</coeffs><dvdt>-2.4</dvdt><xs>{ -0.000971 -0.0033  }</xs></h2o><flow>{ 0 0.3713  }</flow><press>{ 86.913 0.00551  }</press></factory></li6400>
<li6400><user><flow_zero>35.5</flow_zero><irga_zero><co2>113.5 -42.6<at>27.0751</at></co2><h2o>35.5 113.5<at>27.1372</at></h2o></irga_zero><irga_span><co2>{ 0.989946 0.991241  }</co2><h2o>{ 0.996267 0.997816  }</h2o></irga_span><irga_match><co2>{ -1.02808 0.785483  }</co2><h2o>{ -0.129204 0.160375  }</h2o></irga_match><co2_mixer><pump_mv>4500</pump_mv><ppm>{ 2303.18 1102.68 434.338 264.42 121.423 71.172 50.8283 50.7911  }</ppm><mv>{ 5000 3000 1500 1000 500 300 200 100  }</mv></co2_mixer><parin_offset>-0.211894</parin_offset><led_cal><unit>"SI-2503"</unit><mv>{ 10 25 50 100 1000 2000 3000 4000 5000  }</mv><qntm>{ 1.81531 9.77453 25.1762 63.0399 817.066 1630.06 2397.63 3127.23 3814.78  }</qntm></led_cal><lcf_cal><unit>"LCF-0981"</unit><red><mv>{ 50 100 200 400 800 1500  }</mv><qntm>{ 64.6036 145.758 312.409 661.73 1377.94 2641.23  }</qntm></red><blue><mv>{ 100 500 1000 2000 3000 4000 5000  }</mv><qntm>{ 11.107 44.4539 81.9578 145.168 203.372 256.093 300.56  }</qntm></blue></lcf_cal></user></li6400>
"23:38:28 "
$STARTOFDATA$
"Obs"	"HHMMSS"	"YYYYMMDD"	"DOY"	"EBal?"	"Photo"	"Cond"	"Ci"	"Trmmol"	"VpdL"	"CTleaf"	"Area"	"BLC_1"	"StmRat"	"BLCond"	"Tair"	"Tleaf"	"TBlk"	"CO2R"	"CO2S"	"H2OR"	"H2OS"	"RH_R"	"RH_S"	"Flow"	"PARi"	"PARo"	"Press"	"CsMch"	"HsMch"	"StableF"	"BLCslope"	"BLCoffst"	"f_parin"	"f_parout"	"alphaK"	"Status"
"23:38:51 Coolers: Tblock -> 0.00 C"
"23:46:44 Coolers: Tblock -> 22.00 C"
"23:49:59 Flow: Fixed -> 500 umol/s"
1	"23:51:12"	21060205	1	0	3.98	0.0562	263	1.69	2.27	25.97	6	1.42	1	2.84	23.39	25.97	22.02	399.50	393.93	12.345	14.347	32.63	37.93	500.0	1500	0	76.3	3.55	0.424	0.7	-0.22	2.74	1.00	0.00	0.16	111115
2	"23:51:13"	21060205	1	0	3.98	0.0562	263	1.69	2.27	25.97	6	1.42	1	2.84	23.39	25.97	22.02	399.50	393.93	12.345	14.347	32.63	37.93	500.0	1500	0	76.3	3.55	0.424	0.7	-0.22	2.74	1.00	0.00	0.16	111115
3	"23:51:13"	21060205	1	0	3.69	0.0562	271	1.69	2.27	25.97	6	1.42	1	2.84	23.39	25.97	22.02	399.16	393.93	12.344	14.345	32.63	37.92	500.0	1500	0	76.3	3.55	0.424	0.7	-0.22	2.74	1.00	0.00	0.16	111115
4	"23:51:14"	21060205	1	0	3.43	0.0562	278	1.69	2.27	25.97	6	1.42	1	2.84	23.39	25.97	22.02	398.79	393.87	12.345	14.346	32.64	37.93	500.0	1500	0	76.3	3.55	0.424	0.7	-0.22	2.74	1.00	0.00	0.16	111115
5	"23:51:14"	21060205	1	0	3.36	0.0562	280	1.69	2.27	25.96	6	1.42	1	2.84	23.38	25.96	22.02	398.66	393.83	12.344	14.344	32.64	37.92	499.9	1500	0	76.3	3.55	0.424	0.7	-0.22	2.74	1.00	0.00	0.16	111115
6	"23:51:15"	21060205	1	0	3.72	0.0562	270	1.69	2.27	25.96	6	1.42	1	2.84	23.38	25.96	22.02	398.99	393.73	12.343	14.343	32.63	37.92	499.9	1500	0	76.3	3.55	0.424	1.0	-0.22	2.74	1.00	0.00	0.16	111115
7	"23:51:15"	21060205	1	0	4.22	0.0562	256	1.69	2.27	25.95	6	1.42	1	2.84	23.38	25.95	22.02	399.54	393.68	12.342	14.342	32.63	37.92	499.9	1500	0	76.3	3.55	0.424	1.0	-0.22	2.74	1.00	0.00	0.16	111115
8	"23:51:16"	21060205	1	0	4.76	0.0562	240	1.69	2.27	25.95	6	1.42	1	2.84	23.38	25.95	22.02	400.13	393.62	12.342	14.340	32.63	37.92	499.9	1500	0	76.3	3.55	0.424	1.0	-0.22	2.74	1.00	0.00	0.16	111115
9	"23:51:16"	21060205	1	0	5.16	0.0563	229	1.69	2.27	25.94	6	1.42	1	2.84	23.38	25.94	22.01	400.57	393.57	12.341	14.340	32.63	37.92	499.9	1500	0	76.3	3.55	0.424	1.0	-0.22	2.74	1.00	0.00	0.16	111115
10	"23:51:17"	21060205	1	0	5.31	0.0563	225	1.69	2.27	25.95	6	1.42	1	2.84	23.38	25.95	22.02	400.81	393.63	12.341	14.341	32.63	37.92	499.9	1500	0	76.3	3.55	0.424	1.0	-0.22	2.74	1.00	0.00	0.16	111115
11	"23:51:17"	21060205	1	0	5.46	0.0563	221	1.69	2.27	25.95	6	1.42	1	2.84	23.38	25.95	22.02	401.07	393.71	12.341	14.341	32.63	37.92	499.9	1500	0	76.3	3.55	0.424	0.7	-0.22	2.74	1.00	0.00	0.16	111115
12	"23:51:18"	21060205	1	0	5.69	0.0562	214	1.69	2.27	25.95	6	1.42	1	2.84	23.38	25.95	22.02	401.40	393.77	12.339	14.339	32.63	37.92	499.9	1500	0	76.3	3.55	0.424	0.7	-0.22	2.74	1.00	0.00	0.16	111115
13	"23:51:18"	21060205	1	0	5.68	0.0562	215	1.69	2.27	25.95	6	1.42	1	2.84	23.38	25.95	22.02	401.58	393.96	12.339	14.338	32.63	37.92	499.9	1500	0	76.3	3.55	0.424	1.0	-0.22	2.74	1.00	0.00	0.16	111115
14	"23:51:20"	21060205	1	0	5.2	0.0561	228	1.69	2.27	25.95	6	1.42	1	2.84	23.38	25.95	22.02	401.29	394.25	12.340	14.336	32.63	37.91	499.9	1500	0	76.3	3.55	0.424	1.0	-0.22	2.74	1.00	0.00	0.16	111115
15	"23:51:20"	21060205	1	0	5.31	0.0561	225	1.69	2.27	25.95	6	1.42	1	2.84	23.38	25.95	22.02	401.46	394.29	12.340	14.335	32.64	37.91	499.9	1500	0	76.3	3.55	0.424	0.7	-0.22	2.74	1.00	0.00	0.16	111115
"23:51:37 Coolers: Tblock -> 27.00 C"
"23:55:13 Flow: Fixed -> 500 umol/s"
"23:57:28 Flow: Fixed -> 500 umol/s"
16	"23:58:00"	21060205	1	0	5.24	0.0543	224	1.8	2.5	28.03	6	1.42	1	2.84	27.55	28.03	27.05	404.66	397.50	14.957	17.085	30.88	35.27	499.9	1499	0	76.3	2.85	0.394	0.7	-0.22	2.74	1.00	0.00	0.16	111115
17	"23:58:00"	21060205	1	0	5.24	0.0543	224	1.8	2.5	28.03	6	1.42	1	2.84	27.55	28.03	27.05	404.66	397.50	14.957	17.085	30.88	35.27	499.9	1499	0	76.3	2.85	0.394	0.7	-0.22	2.74	1.00	0.00	0.16	111115
18	"23:58:00"	21060205	1	0	5.24	0.0543	224	1.8	2.5	28.03	6	1.42	1	2.84	27.55	28.03	27.05	404.66	397.50	14.957	17.085	30.88	35.27	499.9	1499	0	76.3	2.85	0.394	0.7	-0.22	2.74	1.00	0.00	0.16	111115
19	"23:58:01"	21060205	1	0	5.39	0.0543	219	1.8	2.5	28.02	6	1.42	1	2.84	27.55	28.02	27.05	404.85	397.52	14.956	17.082	30.88	35.27	499.9	1499	0	76.3	2.85	0.394	0.7	-0.22	2.74	1.00	0.00	0.16	111115
20	"23:58:01"	21060205	1	0	5.33	0.0542	221	1.8	2.5	28.02	6	1.42	1	2.84	27.55	28.02	27.05	404.83	397.57	14.957	17.082	30.88	35.27	499.9	1499	0	76.3	2.85	0.394	0.7	-0.22	2.74	1.00	0.00	0.16	111115
21	"23:58:02"	21060205	1	0	5.06	0.0543	229	1.8	2.5	28.02	6	1.42	1	2.84	27.55	28.02	27.05	404.56	397.62	14.956	17.082	30.88	35.27	499.9	1499	0	76.3	2.85	0.394	0.7	-0.22	2.74	1.00	0.00	0.16	111115
22	"23:58:02"	21060205	1	0	4.74	0.0542	238	1.8	2.5	28.03	6	1.42	1	2.84	27.55	28.03	27.05	404.21	397.66	14.956	17.081	30.87	35.26	500.0	1499	0	76.3	2.85	0.394	0.7	-0.22	2.74	1.00	0.00	0.16	111115
23	"23:58:03"	21060205	1	0	4.47	0.0542	246	1.8	2.5	28.03	6	1.42	1	2.84	27.55	28.03	27.05	403.91	397.69	14.955	17.081	30.87	35.26	500.0	1499	0	76.3	2.85	0.394	0.7	-0.22	2.74	1.00	0.00	0.16	111115
24	"23:58:03"	21060205	1	0	4.24	0.0542	253	1.8	2.5	28.03	6	1.42	1	2.84	27.55	28.03	27.04	403.63	397.68	14.956	17.081	30.87	35.26	500.0	1499	0	76.3	2.85	0.394	0.7	-0.22	2.74	1.00	0.00	0.16	111115
25	"23:58:04"	21060205	1	0	4.04	0.0542	259	1.8	2.5	28.03	6	1.42	1	2.84	27.55	28.03	27.04	403.34	397.64	14.954	17.081	30.87	35.26	500.0	1499	0	76.3	2.85	0.394	0.7	-0.22	2.74	1.00	0.00	0.16	111115
26	"23:58:04"	21060205	1	0	3.87	0.0543	264	1.81	2.5	28.03	6	1.42	1	2.84	27.55	28.03	27.04	403.11	397.61	14.953	17.082	30.87	35.26	500.0	1499	0	76.3	2.85	0.394	0.7	-0.22	2.74	1.00	0.00	0.16	111115
27	"23:58:05"	21060205	1	0	3.8	0.0543	266	1.81	2.5	28.03	6	1.42	1	2.84	27.55	28.03	27.04	402.97	397.55	14.952	17.082	30.86	35.26	499.9	1499	0	76.3	2.85	0.394	0.7	-0.22	2.74	1.00	0.00	0.16	111115
28	"23:58:05"	21060205	1	0	3.86	0.0544	264	1.81	2.5	28.03	6	1.42	1	2.84	27.55	28.03	27.04	402.97	397.47	14.950	17.084	30.86	35.27	499.9	1499	0	76.3	2.85	0.394	0.7	-0.22	2.74	1.00	0.00	0.16	111115
29	"23:58:06"	21060205	1	0	4.01	0.0544	260	1.81	2.5	28.03	6	1.42	1	2.84	27.55	28.03	27.03	403.09	397.42	14.950	17.083	30.86	35.26	499.9	1499	0	76.3	2.85	0.394	0.7	-0.22	2.74	1.00	0.00	0.16	111115
30	"23:58:06"	21060205	1	0	4.18	0.0544	255	1.81	2.5	28.03	6	1.42	1	2.84	27.55	28.03	27.03	403.22	397.34	14.950	17.083	30.86	35.26	499.9	1499	0	76.3	2.85	0.394	1.0	-0.22	2.74	1.00	0.00	0.16	111115
"23:58:28 Coolers: Tblock -> 32.00 C"
"00:02:38 Flow: Fixed -> 500 umol/s"
31	"00:03:52"	21060206	1	0	4.23	0.0446	221	1.63	2.71	30.90	6	1.42	1	2.84	31.90	30.90	32.04	398.92	393.08	21.333	23.242	34.28	37.34	500.0	1499	0	76.29	2.62	0.361	0.7	-0.22	2.74	1.00	0.00	0.16	111115
32	"00:03:53"	21060206	1	0	4.23	0.0446	221	1.63	2.71	30.90	6	1.42	1	2.84	31.90	30.90	32.04	398.92	393.08	21.333	23.242	34.28	37.34	500.0	1499	0	76.29	2.62	0.361	0.7	-0.22	2.74	1.00	0.00	0.16	111115
33	"00:03:53"	21060206	1	0	3.9	0.0446	233	1.63	2.71	30.90	6	1.42	1	2.84	31.90	30.90	32.04	398.54	393.09	21.332	23.240	34.27	37.34	500.0	1499	0	76.29	2.62	0.361	0.7	-0.22	2.74	1.00	0.00	0.16	111115
34	"00:03:54"	21060206	1	0	3.74	0.0447	239	1.63	2.71	30.90	6	1.42	1	2.84	31.90	30.90	32.04	398.33	393.08	21.331	23.242	34.27	37.34	500.0	1500	0	76.29	2.62	0.361	0.7	-0.22	2.74	1.00	0.00	0.16	111115
35	"00:03:54"	21060206	1	0	3.68	0.0447	241	1.63	2.71	30.90	6	1.42	1	2.84	31.90	30.90	32.04	398.25	393.07	21.330	23.241	34.27	37.34	500.0	1500	0	76.29	2.62	0.361	0.7	-0.22	2.74	1.00	0.00	0.16	111115
36	"00:03:55"	21060206	1	0	3.71	0.0447	240	1.63	2.71	30.90	6	1.42	1	2.84	31.90	30.90	32.04	398.25	393.04	21.330	23.241	34.27	37.34	500.0	1500	0	76.29	2.62	0.361	0.7	-0.22	2.74	1.00	0.00	0.16	111115
37	"00:03:55"	21060206	1	0	3.86	0.0448	235	1.63	2.71	30.89	6	1.42	1	2.84	31.90	30.89	32.04	398.41	393.01	21.328	23.243	34.26	37.34	500.0	1500	0	76.29	2.62	0.361	0.7	-0.22	2.74	1.00	0.00	0.16	111115
38	"00:03:56"	21060206	1	0	4.16	0.0448	224	1.63	2.71	30.89	6	1.42	1	2.84	31.90	30.89	32.04	398.75	392.99	21.327	23.242	34.26	37.33	500.0	1500	0	76.29	2.62	0.361	0.7	-0.22	2.74	1.00	0.00	0.16	111115
39	"00:03:56"	21060206	1	0	4.56	0.0448	210	1.64	2.71	30.89	6	1.42	1	2.84	31.91	30.89	32.04	399.22	392.98	21.325	23.242	34.25	37.33	500.0	1500	0	76.29	2.62	0.361	0.7	-0.22	2.74	1.00	0.00	0.16	111115
40	"00:03:57"	21060206	1	0	4.97	0.0449	196	1.64	2.71	30.89	6	1.42	1	2.84	31.91	30.89	32.05	399.73	392.99	21.323	23.244	34.25	37.34	500.0	1500	0	76.29	2.62	0.361	0.7	-0.22	2.74	1.00	0.00	0.16	111115
41	"00:03:57"	21060206	1	0	5.29	0.0449	185	1.64	2.71	30.89	6	1.42	1	2.84	31.91	30.89	32.05	400.15	393.02	21.322	23.243	34.25	37.33	500.0	1500	0	76.29	2.62	0.361	0.7	-0.22	2.74	1.00	0.00	0.16	111115
42	"00:03:58"	21060206	1	0	5.48	0.0449	178	1.64	2.71	30.89	6	1.42	1	2.84	31.91	30.89	32.05	400.42	393.07	21.321	23.241	34.24	37.33	500.0	1500	0	76.29	2.62	0.361	0.7	-0.22	2.74	1.00	0.00	0.16	111115
43	"00:03:58"	21060206	1	0	5.62	0.0449	173	1.64	2.71	30.89	6	1.42	1	2.84	31.91	30.89	32.05	400.66	393.14	21.321	23.240	34.24	37.32	500.0	1500	0	76.29	2.62	0.361	0.7	-0.22	2.74	1.00	0.00	0.16	111115
44	"00:03:59"	21060206	1	0	5.76	0.0449	169	1.64	2.71	30.90	6	1.42	1	2.84	31.91	30.90	32.05	400.93	393.25	21.319	23.239	34.24	37.32	500.0	1500	0	76.29	2.62	0.361	0.7	-0.22	2.74	1.00	0.00	0.16	111115
45	"00:03:59"	21060206	1	0	5.88	0.0449	164	1.64	2.71	30.90	6	1.42	1	2.84	31.91	30.90	32.05	401.19	393.35	21.318	23.237	34.23	37.32	500.0	1500	0	76.29	2.62	0.361	0.7	-0.22	2.74	1.00	0.00	0.16	111115
"00:04:18 Coolers: Tblock -> 37.00 C"
"00:07:16 Flow: Fixed -> 500 umol/s"
46	"00:09:13"	21060206	1	0	3.54	0.0342	208	1.41	3.03	33.32	6	1.42	1	2.84	36.15	33.32	37.03	400.80	395.88	26.033	27.679	33.01	35.09	499.9	1501	0	76.29	1.91	0.287	1.0	-0.22	2.74	1.00	0.00	0.16	111115
47	"00:09:13"	21060206	1	0	3.54	0.0342	208	1.41	3.03	33.32	6	1.42	1	2.84	36.15	33.32	37.03	400.80	395.88	26.033	27.679	33.01	35.09	499.9	1501	0	76.29	1.91	0.287	1.0	-0.22	2.74	1.00	0.00	0.16	111115
48	"00:09:14"	21060206	1	0	3.35	0.0342	217	1.41	3.03	33.32	6	1.42	1	2.84	36.15	33.32	37.03	400.58	395.89	26.035	27.681	33.01	35.09	499.9	1501	0	76.29	1.91	0.287	1.0	-0.22	2.74	1.00	0.00	0.16	111115
49	"00:09:14"	21060206	1	0	3.12	0.0342	227	1.41	3.03	33.32	6	1.42	1	2.84	36.15	33.32	37.03	400.31	395.90	26.034	27.680	33.01	35.09	499.9	1501	0	76.29	1.91	0.287	1.0	-0.22	2.74	1.00	0.00	0.16	111115
50	"00:09:15"	21060206	1	0	2.89	0.0342	238	1.41	3.03	33.32	6	1.42	1	2.84	36.15	33.32	37.03	400.02	395.89	26.035	27.681	33.01	35.09	499.9	1501	0	76.29	1.91	0.287	1.0	-0.22	2.74	1.00	0.00	0.16	111115
51	"00:09:15"	21060206	1	0	2.72	0.0341	246	1.41	3.03	33.32	6	1.42	1	2.84	36.15	33.32	37.03	399.75	395.82	26.036	27.678	33.01	35.09	499.9	1501	0	76.29	1.91	0.287	1.0	-0.22	2.74	1.00	0.00	0.16	111115
52	"00:09:16"	21060206	1	0	2.56	0.0342	253	1.41	3.03	33.32	6	1.42	1	2.84	36.15	33.32	37.03	399.50	395.75	26.035	27.678	33.01	35.09	499.9	1501	0	76.29	1.91	0.287	0.7	-0.22	2.74	1.00	0.00	0.16	111115
53	"00:09:16"	21060206	1	0	2.44	0.0341	258	1.41	3.03	33.31	6	1.42	1	2.84	36.15	33.31	37.03	399.30	395.70	26.036	27.675	33.01	35.08	499.9	1501	0	76.29	1.91	0.287	0.7	-0.22	2.74	1.00	0.00	0.16	111115
54	"00:09:17"	21060206	1	0	2.41	0.0341	259	1.4	3.03	33.31	6	1.42	1	2.84	36.15	33.31	37.03	399.17	395.61	26.036	27.675	33.01	35.08	499.9	1501	0	76.29	1.91	0.287	0.7	-0.22	2.74	1.00	0.00	0.16	111115
55	"00:09:17"	21060206	1	0	2.33	0.0341	263	1.4	3.03	33.31	6	1.42	1	2.84	36.15	33.31	37.03	398.99	395.53	26.035	27.674	33.01	35.08	499.9	1501	0	76.29	1.91	0.287	0.7	-0.22	2.74	1.00	0.00	0.16	111115
56	"00:09:18"	21060206	1	0	2.26	0.0341	266	1.4	3.03	33.31	6	1.42	1	2.84	36.15	33.31	37.03	398.81	395.43	26.034	27.673	33.00	35.08	499.9	1501	0	76.29	1.91	0.287	0.7	-0.22	2.74	1.00	0.00	0.16	111115
57	"00:09:18"	21060206	1	0	2.2	0.0341	269	1.4	3.03	33.31	6	1.42	1	2.84	36.15	33.31	37.03	398.64	395.34	26.033	27.672	33.00	35.08	499.9	1501	0	76.29	1.91	0.287	0.7	-0.22	2.74	1.00	0.00	0.16	111115
58	"00:09:19"	21060206	1	0	2.25	0.0341	267	1.41	3.03	33.31	6	1.42	1	2.84	36.15	33.31	37.03	398.57	395.20	26.030	27.672	33.00	35.08	499.9	1501	0	76.29	1.91	0.287	0.7	-0.22	2.74	1.00	0.00	0.16	111115
59	"00:09:19"	21060206	1	0	2.34	0.0342	263	1.41	3.03	33.31	6	1.42	1	2.84	36.15	33.31	37.03	398.59	395.11	26.029	27.673	33.00	35.08	500.0	1501	0	76.29	1.91	0.287	0.7	-0.22	2.74	1.00	0.00	0.16	111115
60	"00:09:20"	21060206	1	0	2.44	0.0342	258	1.41	3.03	33.31	6	1.42	1	2.84	36.15	33.31	37.03	398.60	395.01	26.027	27.673	32.99	35.08	499.9	1501	0	76.29	1.91	0.287	0.7	-0.22	2.74	1.00	0.00	0.16	111115
"00:09:53 Coolers: Tblock -> 42.00 C"
"00:15:13 Flow: Fixed -> 500 umol/s"
"00:17:23 Flow: Fixed -> 500 umol/s"
61	"00:18:53"	21060206	1	0	2.73	0.0278	214	1.3	3.4	36.51	6	1.42	1	2.84	40.71	36.51	42.04	399.41	395.52	34.400	35.909	34.08	35.57	500.0	1499	0	76.28	2.67	0.221	0.7	-0.22	2.74	1.00	0.00	0.16	111115
62	"00:18:53"	21060206	1	0	2.73	0.0278	214	1.3	3.4	36.51	6	1.42	1	2.84	40.71	36.51	42.04	399.41	395.52	34.400	35.909	34.08	35.57	500.0	1499	0	76.28	2.67	0.221	0.7	-0.22	2.74	1.00	0.00	0.16	111115
63	"00:18:54"	21060206	1	0	2.73	0.0278	214	1.3	3.4	36.51	6	1.42	1	2.84	40.71	36.51	42.04	399.41	395.52	34.400	35.909	34.08	35.57	500.0	1499	0	76.28	2.67	0.221	0.7	-0.22	2.74	1.00	0.00	0.16	111115
64	"00:18:54"	21060206	1	0	2.73	0.0279	214	1.31	3.4	36.51	6	1.42	1	2.84	40.71	36.51	42.04	399.40	395.50	34.399	35.912	34.07	35.57	500.0	1499	0	76.28	2.67	0.221	0.7	-0.22	2.74	1.00	0.00	0.16	111115
65	"00:18:55"	21060206	1	0	2.72	0.0279	215	1.31	3.4	36.51	6	1.42	1	2.84	40.71	36.51	42.04	399.37	395.49	34.399	35.910	34.07	35.57	500.0	1499	0	76.28	2.67	0.221	0.7	-0.22	2.74	1.00	0.00	0.16	111115
66	"00:18:55"	21060206	1	0	2.71	0.028	216	1.31	3.4	36.51	6	1.42	1	2.84	40.71	36.51	42.04	399.32	395.45	34.397	35.913	34.07	35.57	500.0	1499	0	76.28	2.67	0.221	0.7	-0.22	2.74	1.00	0.00	0.16	111115
67	"00:18:56"	21060206	1	0	2.64	0.028	220	1.31	3.4	36.51	6	1.42	1	2.84	40.72	36.51	42.04	399.21	395.41	34.394	35.912	34.06	35.57	500.0	1499	0	76.28	2.67	0.221	0.7	-0.22	2.74	1.00	0.00	0.16	111115
68	"00:18:56"	21060206	1	0	2.54	0.0281	226	1.32	3.4	36.51	6	1.42	1	2.84	40.72	36.51	42.04	399.04	395.36	34.392	35.915	34.06	35.57	500.0	1499	0	76.28	2.67	0.221	0.7	-0.22	2.74	1.00	0.00	0.16	111115
69	"00:18:57"	21060206	1	0	2.39	0.0281	234	1.32	3.4	36.51	6	1.42	1	2.84	40.72	36.51	42.04	398.81	395.31	34.392	35.915	34.06	35.57	500.1	1499	0	76.28	2.67	0.221	0.7	-0.22	2.74	1.00	0.00	0.16	111115
70	"00:18:57"	21060206	1	0	2.1	0.0281	250	1.32	3.4	36.50	6	1.42	1	2.84	40.72	36.50	42.04	398.37	395.22	34.386	35.910	34.05	35.56	500.1	1499	0	76.28	2.67	0.221	0.7	-0.22	2.74	1.00	0.00	0.16	111115
71	"00:18:58"	21060206	1	0	2.07	0.0282	252	1.32	3.4	36.51	6	1.42	1	2.84	40.72	36.51	42.04	398.25	395.14	34.384	35.909	34.05	35.56	500.1	1499	0	76.28	2.67	0.221	0.7	-0.22	2.74	1.00	0.00	0.16	111115
72	"00:18:58"	21060206	1	0	2.14	0.0282	248	1.32	3.4	36.51	6	1.42	1	2.84	40.72	36.51	42.04	398.25	395.05	34.381	35.911	34.04	35.56	500.1	1499	0	76.28	2.67	0.221	0.7	-0.22	2.74	1.00	0.00	0.16	111115
73	"00:18:59"	21060206	1	0	2.25	0.0282	242	1.32	3.4	36.51	6	1.42	1	2.84	40.72	36.51	42.04	398.33	395.01	34.380	35.910	34.04	35.56	500.1	1499	0	76.28	2.67	0.221	0.7	-0.22	2.74	1.00	0.00	0.16	111115
74	"00:18:59"	21060206	1	0	2.47	0.0282	230	1.32	3.4	36.51	6	1.42	1	2.84	40.72	36.51	42.04	398.55	394.95	34.379	35.910	34.04	35.56	500.0	1499	0	76.28	2.67	0.221	0.7	-0.22	2.74	1.00	0.00	0.16	111115
75	"00:19:00"	21060206	1	0	2.78	0.0282	213	1.32	3.4	36.52	6	1.42	1	2.84	40.72	36.52	42.04	398.87	394.90	34.377	35.908	34.04	35.55	500.0	1499	0	76.28	2.67	0.221	0.7	-0.22	2.74	1.00	0.00	0.16	111115
"00:19:12 Coolers: Tblock -> 47.00 C"
"00:27:35 Flow: Fixed -> 500 umol/s"
"00:29:00 Flow: Fixed -> 500 umol/s"
76	"00:29:45"	21060206	1	0	2.31	0.0255	224	1.32	3.71	39.38	6	1.42	1	2.84	45.11	39.38	47.01	399.84	396.44	43.830	45.343	34.49	35.68	500.0	1502	0	76.27	1.6	0.000634	0.7	-0.22	2.74	1.00	0.00	0.16	111115
77	"00:29:46"	21060206	1	0	2.38	0.0254	220	1.32	3.71	39.37	6	1.42	1	2.84	45.11	39.37	47.01	399.89	396.41	43.829	45.339	34.49	35.68	500.0	1502	0	76.27	1.6	0.000634	0.7	-0.22	2.74	1.00	0.00	0.16	111115
78	"00:29:46"	21060206	1	0	2.38	0.0254	220	1.32	3.71	39.37	6	1.42	1	2.84	45.11	39.37	47.01	399.89	396.41	43.829	45.339	34.49	35.68	500.0	1502	0	76.27	1.6	0.000634	0.7	-0.22	2.74	1.00	0.00	0.16	111115
79	"00:29:46"	21060206	1	0	2.43	0.0255	217	1.32	3.71	39.37	6	1.42	1	2.84	45.11	39.37	47.01	399.94	396.40	43.825	45.340	34.49	35.68	499.9	1502	0	76.27	1.6	0.000634	0.7	-0.22	2.74	1.00	0.00	0.16	111115
80	"00:29:47"	21060206	1	0	2.44	0.0255	217	1.32	3.71	39.37	6	1.42	1	2.84	45.11	39.37	47.01	399.95	396.40	43.823	45.336	34.49	35.68	499.9	1501	0	76.27	1.6	0.000634	0.7	-0.22	2.74	1.00	0.00	0.16	111115
81	"00:29:47"	21060206	1	0	2.43	0.0255	217	1.32	3.71	39.37	6	1.42	1	2.84	45.11	39.37	47.01	399.95	396.40	43.819	45.334	34.49	35.68	499.9	1501	0	76.27	1.6	0.000634	0.7	-0.22	2.74	1.00	0.00	0.16	111115
82	"00:29:48"	21060206	1	0	2.42	0.0255	218	1.32	3.71	39.37	6	1.42	1	2.84	45.10	39.37	47.01	399.93	396.40	43.817	45.331	34.49	35.68	499.9	1501	0	76.27	1.6	0.000634	1.0	-0.22	2.74	1.00	0.00	0.16	111115
83	"00:29:49"	21060206	1	0	2.39	0.0256	220	1.32	3.71	39.36	6	1.42	1	2.84	45.10	39.36	47.01	399.93	396.43	43.812	45.329	34.48	35.68	500.0	1501	0	76.27	1.6	0.000634	1.0	-0.22	2.74	1.00	0.00	0.16	111115
84	"00:29:49"	21060206	1	0	2.38	0.0256	221	1.33	3.71	39.36	6	1.42	1	2.84	45.10	39.36	47.01	399.92	396.43	43.807	45.326	34.48	35.68	500.0	1501	0	76.27	1.6	0.000634	1.0	-0.22	2.74	1.00	0.00	0.16	111115
85	"00:29:50"	21060206	1	0	2.39	0.0257	221	1.33	3.7	39.35	6	1.42	1	2.84	45.10	39.35	47.01	399.93	396.44	43.801	45.326	34.48	35.68	500.0	1500	0	76.27	1.6	0.000634	0.7	-0.22	2.74	1.00	0.00	0.16	111115
86	"00:29:50"	21060206	1	0	2.38	0.0258	222	1.33	3.7	39.35	6	1.42	1	2.84	45.10	39.35	47.01	399.94	396.45	43.796	45.325	34.47	35.68	500.0	1500	0	76.27	1.6	0.000634	0.7	-0.22	2.74	1.00	0.00	0.16	111115
87	"00:29:51"	21060206	1	0	2.38	0.0259	222	1.34	3.7	39.34	6	1.42	1	2.84	45.10	39.34	47.00	399.97	396.47	43.794	45.325	34.47	35.68	500.0	1500	0	76.27	1.6	0.000634	0.7	-0.22	2.74	1.00	0.00	0.16	111115
88	"00:29:51"	21060206	1	0	2.39	0.026	222	1.34	3.7	39.33	6	1.42	1	2.84	45.10	39.33	47.00	399.99	396.49	43.792	45.328	34.47	35.68	500.0	1500	0	76.27	1.6	0.000634	0.7	-0.22	2.74	1.00	0.00	0.16	111115
89	"00:29:52"	21060206	1	0	2.39	0.026	223	1.34	3.69	39.32	6	1.42	1	2.84	45.10	39.32	47.00	400.03	396.52	43.792	45.330	34.47	35.68	500.0	1500	0	76.27	1.6	0.000634	0.7	-0.22	2.74	1.00	0.00	0.16	111115
90	"00:29:52"	21060206	1	0	2.36	0.0261	225	1.35	3.69	39.32	6	1.42	1	2.84	45.10	39.32	47.00	400.05	396.58	43.787	45.330	34.47	35.68	500.0	1500	0	76.27	1.6	0.000634	0.7	-0.22	2.74	1.00	0.00	0.16	111115
"00:30:19 Coolers: Tblock -> 50.00 C"
