"OPEN 6.2.4"
"Mon Jun 22 2015 11:59:14"
<open><version>"6.2.4"</version></open>
<open><configfile>"/User/Configs/UserPrefs/2x3 LED.xml"</configfile></open>
<open><light><source>"6400-02 or -02B LED Source"</source><par_in>1<sensor>"SI-3781"<cal>-0.93<actinity>1.00</actinity><transm>1.00</transm></cal></sensor><transm>1</transm></par_in><par_out>1<sensor>"Q49599"<cal>7.26</cal></sensor></par_out></light></open>
<open><comps><file>"/User/Configs/Comps/StdComps_6.2"<header>""</header><extras></extras></file><energybal>no<f_parIn>1</f_parIn><f_parOut>0</f_parOut><alphaK>0.16</alphaK></energybal><bc_total>2.840<stomatal_ratio>1</stomatal_ratio><bc_oneside>1.420<type>2</type><table>"/Sys/Lib/StdBLCTable"</table><area>6</area><slope>-0.219565</slope><offset>2.73739</offset><fan>5</fan></bc_oneside></bc_total></comps></open>
<open><prompts><onlog>off</onlog><items>"Default (none)"</items></prompts></open>
<open><constants><oxygen>21 %</oxygen><bb_vapor>1.5</bb_vapor><bb_oxy>0.9</bb_oxy></constants></open>
<open><stability><items>"Std Stability"<items[1]><id>-2</id><size>15</size><pcv><onoff>0</onoff><value>1</value></pcv><std><onoff>0</onoff><value>1</value></std><slp><onoff>1</onoff><value>1</value></slp></items[1]><items[2]><id>-5</id><size>15</size><pcv><onoff>0</onoff><value>1</value></pcv><std><onoff>0</onoff><value>1</value></std><slp><onoff>1</onoff><value>1</value></slp></items[2]><items[3]><id>-7</id><size>15</size><pcv><onoff>0</onoff><value>1</value></pcv><std><onoff>0</onoff><value>1</value></std><slp><onoff>1</onoff><value>1</value></slp></items[3]></items></stability></open>
<open><log><format>"StdLogFmt_6.0"<items>{ -35 -21 -36 -76 30 23 36 21 25 221 -33 111 -34 11 -9 -10 -8 -1 -2 -4 -5 -14 -15 -7 -12 -13 -11 -65 -66 -72 -18 -19 -77 -78 -79 -23  }<hdr>{  }</hdr></items></format><options><beep>on</beep><hdr>normal</hdr><rem>normal</rem><stab>no</stab><stats>no<mean>no</mean><file>no</file><period>15</period></stats><excel>yes</excel><controls>yes</controls><comm>no</comm></options><datafile>"/User/stm-abasa2"</datafile><button><action>"Normal Log"<code>" LogOneObsManual "</code></action></button><autoprog>"/User/Configs/AutoProgs/AutoLog2"<active>no</active></autoprog></log></open>
<open><a2d><avgtime>4.0 secs</avgtime><userchans><ch20>"Off"</ch20><ch21>"Off"</ch21><ch22>"Off"</ch22><ch23>"Off"</ch23></userchans></a2d></open>
<open><matching><type>0</type><disp>'a'</disp><settings><CO2Limit>10.0</CO2Limit><H2OLimit>1.0</H2OLimit><MaxAutoTime>60</MaxAutoTime></settings></matching></open>
<li6400><factory><unit>"PSC-3840"</unit><serviced>"1 Jul 2013"</serviced><fuseaware>0</fuseaware><co2mixer>yes</co2mixer><co2><coeffs>{ 0 0.213319 2.22998e-05 2.13159e-08 -3.88664e-12 3.69888e-16  }</coeffs><dvdt>-4.7</dvdt><xs>{ 0.0009 -0.0002  }</xs></co2><h2o><coeffs>{ 0 0.00572751 2.23485e-06 -7.37877e-12  }</coeffs><dvdt>-1.7</dvdt><xs>{ 0.0009 -0.0028  }</xs></h2o><flow>{ 0 0.3568  }</flow><press>{ 88.437 0.00551  }</press></factory></li6400>
<li6400><user><flow_zero>-468.8</flow_zero><irga_zero><co2>429.7 390.6<at>17.6901</at></co2><h2o>78.1 156.2<at>17.1607</at></h2o></irga_zero><irga_span><co2>{ 0.99237 0.992833  }</co2><h2o>{ 1.00426 0.996799  }</h2o></irga_span><irga_match><co2>{ 0.368307 -0.347894  }</co2><h2o>{ 0.00477181 -0.183826  }</h2o></irga_match><co2_mixer><pump_mv>4500</pump_mv><ppm>{ 2287.2 1080.71 423.89 257.488 117.195 68.0056 44.5242 37.9628  }</ppm><mv>{ 5000 3000 1500 1000 500 300 200 100  }</mv></co2_mixer><parin_offset>0</parin_offset><led_cal><unit>"SI-3781"</unit><mv>{ 10 25 50 100 1000 2000 3000 4000 5000  }</mv><qntm>{ 4.69642 15.4417 35.4805 82.2863 972.665 1922.29 2824.32 3690.14 4518.2  }</qntm></led_cal><lcf_cal><unit>"unknown"</unit><red><mv>{ 50 100 500 1000 1500 5000  }</mv><qntm>{ 50 100 500 1000 2000 5000  }</qntm></red><blue><mv>{ 100 200 500 1000 2000 5000  }</mv><qntm>{ 10 20 50 100 200 500  }</qntm></blue></lcf_cal></user></li6400>
"11:59:15 "
$STARTOFDATA$
"Obs"	"HHMMSS"	"FTime"	"EBal?"	"Photo"	"Cond"	"Ci"	"Trmmol"	"VpdL"	"CTleaf"	"Area"	"BLC_1"	"StmRat"	"BLCond"	"Tair"	"Tleaf"	"TBlk"	"CO2R"	"CO2S"	"H2OR"	"H2OS"	"RH_R"	"RH_S"	"Flow"	"PARi"	"PARo"	"Press"	"CsMch"	"HsMch"	"StableF"	"BLCslope"	"BLCoffst"	"f_parin"	"f_parout"	"alphaK"	"Status"
"12:02:30 CO2 Mixer -> OFF"
"12:03:29 CO2 Mixer: CO2R -> 400 uml"
"12:03:36 Coolers: Tblock -> 0.00 C"
"12:19:25 Coolers: Tblock -> 18.25 C"
"12:20:43 Flow: Fixed -> 500 umol/s"
"12:21:35 Flow: Fixed -> 500 umol/s"
1	"12:21:56"	1366.5	0	22.4	0.353	244	8.3	1.96	23.10	6	1.42	1	2.84	20.17	23.10	18.19	399.35	368.78	1.668	11.512	5.35	36.95	499.8	1500	228	76.12	-1.31	0.288	1.0	-0.22	2.74	1.00	0.00	0.16	111115
2	"12:21:57"	1367.0	0	22.4	0.353	244	8.3	1.96	23.10	6	1.42	1	2.84	20.17	23.10	18.19	399.34	368.80	1.667	11.511	5.35	36.94	499.8	1500	228	76.12	-1.31	0.288	1.0	-0.22	2.74	1.00	0.00	0.16	111115
3	"12:21:57"	1367.5	0	22.4	0.353	244	8.3	1.96	23.10	6	1.42	1	2.84	20.17	23.10	18.19	399.35	368.81	1.667	11.510	5.35	36.94	499.8	1500	228	76.12	-1.31	0.288	1.0	-0.22	2.74	1.00	0.00	0.16	111115
4	"12:21:58"	1368.0	0	22.4	0.354	244	8.29	1.96	23.09	6	1.42	1	2.84	20.17	23.09	18.18	399.36	368.81	1.666	11.509	5.35	36.94	499.8	1500	228	76.13	-1.31	0.288	1.0	-0.22	2.74	1.00	0.00	0.16	111115
5	"12:21:58"	1368.0	0	22.4	0.354	244	8.29	1.96	23.09	6	1.42	1	2.84	20.17	23.09	18.18	399.36	368.81	1.666	11.509	5.35	36.94	499.8	1500	228	76.13	-1.31	0.288	1.0	-0.22	2.74	1.00	0.00	0.16	111115
6	"12:21:59"	1368.5	0	22.4	0.353	244	8.29	1.96	23.09	6	1.42	1	2.84	20.17	23.09	18.19	399.39	368.81	1.666	11.507	5.35	36.93	499.8	1500	228	76.13	-1.31	0.288	1.0	-0.22	2.74	1.00	0.00	0.16	111115
7	"12:21:59"	1368.5	0	22.4	0.353	244	8.29	1.96	23.09	6	1.42	1	2.84	20.17	23.09	18.19	399.39	368.81	1.666	11.507	5.35	36.93	499.8	1500	228	76.13	-1.31	0.288	1.0	-0.22	2.74	1.00	0.00	0.16	111115
8	"12:21:59"	1369.0	0	22.4	0.353	244	8.29	1.96	23.09	6	1.42	1	2.84	20.17	23.09	18.19	399.40	368.83	1.666	11.506	5.35	36.93	499.8	1500	228	76.12	-1.31	0.288	1.0	-0.22	2.74	1.00	0.00	0.16	111115
9	"12:22:00"	1369.5	0	22.4	0.354	244	8.29	1.96	23.09	6	1.42	1	2.84	20.17	23.09	18.19	399.42	368.85	1.665	11.506	5.34	36.93	499.8	1500	228	76.12	-1.31	0.288	1.0	-0.22	2.74	1.00	0.00	0.16	111115
10	"12:22:00"	1370.0	0	22.5	0.354	244	8.29	1.96	23.09	6	1.42	1	2.84	20.17	23.09	18.19	399.46	368.82	1.665	11.507	5.34	36.93	499.8	1500	228	76.12	-1.31	0.288	1.0	-0.22	2.74	1.00	0.00	0.16	111115
11	"12:22:01"	1370.5	0	22.5	0.354	243	8.29	1.96	23.09	6	1.42	1	2.84	20.17	23.09	18.19	399.49	368.79	1.665	11.507	5.34	36.93	499.8	1500	228	76.12	-1.31	0.288	1.0	-0.22	2.74	1.00	0.00	0.16	111115
12	"12:22:02"	1371.0	0	22.5	0.353	243	8.29	1.96	23.09	6	1.42	1	2.84	20.17	23.09	18.19	399.51	368.81	1.665	11.506	5.34	36.93	499.8	1500	228	76.13	-1.31	0.288	1.0	-0.22	2.74	1.00	0.00	0.16	111115
13	"12:22:02"	1371.5	0	22.5	0.353	243	8.29	1.96	23.09	6	1.42	1	2.84	20.17	23.09	18.19	399.49	368.78	1.664	11.504	5.34	36.92	499.8	1500	228	76.12	-1.31	0.288	1.0	-0.22	2.74	1.00	0.00	0.16	111115
14	"12:22:03"	1372.0	0	22.5	0.353	243	8.29	1.96	23.09	6	1.42	1	2.84	20.17	23.09	18.19	399.49	368.79	1.664	11.503	5.34	36.92	499.8	1500	228	76.12	-1.31	0.288	1.0	-0.22	2.74	1.00	0.00	0.16	111115
15	"12:22:03"	1372.5	0	22.5	0.353	243	8.29	1.96	23.09	6	1.42	1	2.84	20.17	23.09	18.19	399.48	368.79	1.664	11.502	5.34	36.91	499.8	1500	228	76.12	-1.31	0.288	1.0	-0.22	2.74	1.00	0.00	0.16	111115
"12:22:12 Coolers: Tblock -> 23.00 C"
"12:24:40 Flow: Fixed -> 500 umol/s"
16	"12:24:56"	1545.5	0	21.9	0.316	234	8.03	2.09	24.93	6	1.42	1	2.84	23.97	24.93	23.08	399.15	369.25	4.656	14.154	11.85	36.03	499.9	1500	230	76.12	-1.71	0.277	1.0	-0.22	2.74	1.00	0.00	0.16	111115
17	"12:24:56"	1546.0	0	21.9	0.316	234	8.03	2.09	24.93	6	1.42	1	2.84	23.97	24.93	23.08	399.13	369.25	4.657	14.155	11.86	36.03	499.9	1500	230	76.12	-1.71	0.277	1.0	-0.22	2.74	1.00	0.00	0.16	111115
18	"12:24:57"	1546.5	0	21.9	0.316	234	8.03	2.09	24.93	6	1.42	1	2.84	23.98	24.93	23.07	399.11	369.25	4.657	14.154	11.85	36.03	499.9	1500	230	76.12	-1.71	0.277	1.0	-0.22	2.74	1.00	0.00	0.16	111115
19	"12:24:57"	1547.0	0	21.9	0.316	234	8.03	2.09	24.93	6	1.42	1	2.84	23.98	24.93	23.07	399.13	369.26	4.657	14.156	11.85	36.03	499.9	1500	230	76.12	-1.71	0.277	1.0	-0.22	2.74	1.00	0.00	0.16	111115
20	"12:24:58"	1547.0	0	21.9	0.316	234	8.03	2.09	24.93	6	1.42	1	2.84	23.98	24.93	23.07	399.13	369.26	4.657	14.156	11.85	36.03	499.9	1500	230	76.12	-1.71	0.277	1.0	-0.22	2.74	1.00	0.00	0.16	111115
21	"12:24:58"	1547.5	0	21.9	0.316	234	8.03	2.09	24.94	6	1.42	1	2.84	23.98	24.94	23.07	399.10	369.27	4.656	14.157	11.85	36.03	499.9	1500	230	76.12	-1.71	0.277	1.0	-0.22	2.74	1.00	0.00	0.16	111115
22	"12:24:59"	1548.0	0	21.9	0.316	234	8.03	2.09	24.94	6	1.42	1	2.84	23.98	24.94	23.07	399.08	369.25	4.656	14.158	11.85	36.03	499.9	1500	230	76.12	-1.71	0.277	1.0	-0.22	2.74	1.00	0.00	0.16	111115
23	"12:24:59"	1548.5	0	21.9	0.316	235	8.03	2.09	24.94	6	1.42	1	2.84	23.98	24.94	23.07	399.06	369.25	4.655	14.159	11.85	36.03	499.8	1500	230	76.12	-1.71	0.277	1.0	-0.22	2.74	1.00	0.00	0.16	111115
24	"12:25:00"	1549.0	0	21.8	0.316	235	8.03	2.09	24.94	6	1.42	1	2.84	23.98	24.94	23.07	399.04	369.25	4.654	14.160	11.84	36.03	499.8	1500	230	76.12	-1.71	0.277	1.0	-0.22	2.74	1.00	0.00	0.16	111115
25	"12:25:00"	1549.5	0	21.9	0.316	234	8.03	2.09	24.94	6	1.42	1	2.84	23.98	24.94	23.07	399.07	369.26	4.654	14.160	11.84	36.03	499.8	1500	230	76.12	-1.71	0.277	1.0	-0.22	2.74	1.00	0.00	0.16	111115
26	"12:25:01"	1550.0	0	21.9	0.316	234	8.03	2.09	24.95	6	1.42	1	2.84	23.98	24.95	23.07	399.11	369.27	4.654	14.160	11.84	36.03	499.8	1500	230	76.12	-1.71	0.277	1.0	-0.22	2.74	1.00	0.00	0.16	111115
27	"12:25:01"	1550.5	0	21.9	0.316	234	8.03	2.09	24.95	6	1.42	1	2.84	23.98	24.95	23.07	399.18	369.31	4.654	14.162	11.84	36.03	499.8	1499	230	76.12	-1.71	0.277	1.0	-0.22	2.74	1.00	0.00	0.16	111115
28	"12:25:02"	1551.0	0	21.9	0.316	234	8.04	2.09	24.95	6	1.42	1	2.84	23.98	24.95	23.07	399.19	369.32	4.654	14.164	11.84	36.03	499.8	1499	230	76.12	-1.71	0.277	1.0	-0.22	2.74	1.00	0.00	0.16	111115
29	"12:25:02"	1551.5	0	21.9	0.316	234	8.04	2.09	24.95	6	1.42	1	2.84	23.99	24.95	23.07	399.22	369.34	4.654	14.166	11.84	36.04	499.8	1500	230	76.12	-1.71	0.277	1.0	-0.22	2.74	1.00	0.00	0.16	111115
30	"12:25:03"	1552.0	0	21.9	0.316	234	8.04	2.09	24.95	6	1.42	1	2.84	23.99	24.95	23.07	399.22	369.35	4.654	14.167	11.84	36.03	499.8	1499	230	76.12	-1.71	0.277	1.0	-0.22	2.74	1.00	0.00	0.16	111115
"12:25:12 Coolers: Tblock -> 28.00 C"
"12:27:29 Flow: Fixed -> 500 umol/s"
"12:28:36 Flow: Fixed -> 500 umol/s"
31	"12:28:55"	1785.0	0	20.2	0.255	220	7.6	2.39	27.72	6	1.42	1	2.84	28.14	27.72	27.95	399.17	371.56	8.659	17.626	17.23	35.07	499.9	1501	233	76.12	-1.55	0.256	1.0	-0.22	2.74	1.00	0.00	0.16	111115
32	"12:28:55"	1785.5	0	20.2	0.255	220	7.6	2.39	27.72	6	1.42	1	2.84	28.14	27.72	27.95	399.19	371.55	8.660	17.625	17.23	35.07	499.8	1501	233	76.12	-1.55	0.256	1.0	-0.22	2.74	1.00	0.00	0.16	111115
33	"12:28:56"	1785.5	0	20.2	0.255	220	7.6	2.39	27.72	6	1.42	1	2.84	28.14	27.72	27.95	399.19	371.55	8.660	17.625	17.23	35.07	499.8	1501	233	76.12	-1.55	0.256	1.0	-0.22	2.74	1.00	0.00	0.16	111115
34	"12:28:56"	1786.0	0	20.2	0.255	220	7.6	2.39	27.72	6	1.42	1	2.84	28.14	27.72	27.95	399.18	371.54	8.660	17.622	17.23	35.06	499.8	1501	233	76.12	-1.55	0.256	1.0	-0.22	2.74	1.00	0.00	0.16	111115
35	"12:28:57"	1786.5	0	20.2	0.255	220	7.6	2.39	27.73	6	1.42	1	2.84	28.14	27.73	27.95	399.16	371.51	8.659	17.621	17.23	35.06	499.8	1501	233	76.12	-1.55	0.256	1.0	-0.22	2.74	1.00	0.00	0.16	111115
36	"12:28:57"	1787.0	0	20.2	0.255	220	7.6	2.39	27.73	6	1.42	1	2.84	28.14	27.73	27.95	399.14	371.51	8.659	17.620	17.23	35.05	499.8	1501	233	76.12	-1.55	0.256	1.0	-0.22	2.74	1.00	0.00	0.16	111115
37	"12:28:58"	1787.5	0	20.2	0.254	219	7.6	2.39	27.73	6	1.42	1	2.84	28.14	27.73	27.95	399.16	371.51	8.659	17.617	17.23	35.05	499.8	1501	233	76.12	-1.55	0.256	1.0	-0.22	2.74	1.00	0.00	0.16	111115
38	"12:28:58"	1788.0	0	20.2	0.254	219	7.59	2.39	27.73	6	1.42	1	2.84	28.14	27.73	27.95	399.17	371.51	8.659	17.615	17.23	35.04	499.8	1501	233	76.12	-1.55	0.256	1.0	-0.22	2.74	1.00	0.00	0.16	111115
39	"12:28:59"	1788.5	0	20.2	0.254	219	7.59	2.39	27.73	6	1.42	1	2.84	28.14	27.73	27.95	399.21	371.54	8.659	17.615	17.22	35.04	499.8	1501	233	76.12	-1.55	0.256	1.0	-0.22	2.74	1.00	0.00	0.16	111115
40	"12:28:59"	1789.0	0	20.3	0.254	219	7.59	2.4	27.73	6	1.42	1	2.84	28.14	27.73	27.95	399.26	371.54	8.658	17.612	17.22	35.03	499.8	1501	233	76.12	-1.55	0.256	1.0	-0.22	2.74	1.00	0.00	0.16	111115
41	"12:29:00"	1789.5	0	20.2	0.254	219	7.59	2.4	27.74	6	1.42	1	2.84	28.15	27.74	27.95	399.25	371.56	8.658	17.610	17.22	35.02	499.8	1501	233	76.12	-1.55	0.256	1.0	-0.22	2.74	1.00	0.00	0.16	111115
42	"12:29:00"	1790.0	0	20.3	0.254	219	7.59	2.4	27.74	6	1.42	1	2.84	28.15	27.74	27.95	399.29	371.59	8.656	17.610	17.22	35.02	499.8	1501	233	76.12	-1.55	0.256	1.0	-0.22	2.74	1.00	0.00	0.16	111115
43	"12:29:01"	1790.5	0	20.2	0.254	219	7.59	2.4	27.74	6	1.42	1	2.84	28.15	27.74	27.95	399.31	371.63	8.657	17.608	17.22	35.01	499.8	1501	233	76.12	-1.55	0.256	1.0	-0.22	2.74	1.00	0.00	0.16	111115
44	"12:29:01"	1791.0	0	20.3	0.254	219	7.59	2.4	27.75	6	1.42	1	2.84	28.15	27.75	27.95	399.35	371.64	8.657	17.607	17.21	35.01	499.8	1501	233	76.12	-1.55	0.256	1.0	-0.22	2.74	1.00	0.00	0.16	111115
45	"12:29:02"	1791.5	0	20.3	0.253	219	7.59	2.4	27.75	6	1.42	1	2.84	28.15	27.75	27.95	399.35	371.65	8.657	17.606	17.21	35.01	499.8	1501	233	76.12	-1.55	0.256	1.0	-0.22	2.74	1.00	0.00	0.16	111115
"12:29:13 Coolers: Tblock -> 33.00 C"
"12:31:44 Flow: Fixed -> 500 umol/s"
"12:33:29 Flow: Fixed -> 500 umol/s"
46	"12:33:49"	2079.0	0	17.3	0.187	202	6.6	2.75	31.03	6	1.42	1	2.84	32.58	31.03	33.03	399.86	376.13	15.547	23.285	23.99	35.92	499.9	1500	236	76.12	-1.37	0.233	1.0	-0.22	2.74	1.00	0.00	0.16	111115
47	"12:33:50"	2079.0	0	17.3	0.187	202	6.6	2.75	31.03	6	1.42	1	2.84	32.58	31.03	33.03	399.86	376.13	15.547	23.285	23.99	35.92	499.9	1500	236	76.12	-1.37	0.233	1.0	-0.22	2.74	1.00	0.00	0.16	111115
48	"12:33:50"	2079.5	0	17.3	0.187	202	6.6	2.75	31.04	6	1.42	1	2.84	32.58	31.04	33.03	399.88	376.14	15.547	23.286	23.98	35.92	499.9	1500	237	76.12	-1.37	0.233	1.0	-0.22	2.74	1.00	0.00	0.16	111115
49	"12:33:50"	2079.5	0	17.3	0.187	202	6.6	2.75	31.04	6	1.42	1	2.84	32.58	31.04	33.03	399.88	376.14	15.547	23.286	23.98	35.92	499.9	1500	237	76.12	-1.37	0.233	1.0	-0.22	2.74	1.00	0.00	0.16	111115
50	"12:33:51"	2080.0	0	17.3	0.187	203	6.6	2.75	31.04	6	1.42	1	2.84	32.58	31.04	33.03	399.88	376.17	15.547	23.284	23.98	35.92	499.9	1500	236	76.12	-1.37	0.233	1.0	-0.22	2.74	1.00	0.00	0.16	111115
51	"12:33:51"	2080.5	0	17.3	0.187	203	6.6	2.75	31.04	6	1.42	1	2.84	32.58	31.04	33.03	399.88	376.19	15.547	23.280	23.98	35.91	499.9	1500	236	76.12	-1.37	0.233	1.0	-0.22	2.74	1.00	0.00	0.16	111115
52	"12:33:52"	2081.0	0	17.3	0.187	202	6.6	2.75	31.04	6	1.42	1	2.84	32.58	31.04	33.03	399.95	376.20	15.548	23.281	23.98	35.91	499.9	1500	236	76.12	-1.37	0.233	1.0	-0.22	2.74	1.00	0.00	0.16	111115
53	"12:33:53"	2081.5	0	17.3	0.187	202	6.59	2.75	31.04	6	1.42	1	2.84	32.58	31.04	33.03	399.98	376.20	15.548	23.279	23.98	35.91	499.9	1500	236	76.12	-1.37	0.233	1.0	-0.22	2.74	1.00	0.00	0.16	111115
54	"12:33:53"	2082.0	0	17.4	0.187	202	6.6	2.75	31.04	6	1.42	1	2.84	32.58	31.04	33.03	400.03	376.21	15.548	23.280	23.98	35.91	499.9	1500	236	76.12	-1.37	0.233	1.0	-0.22	2.74	1.00	0.00	0.16	111115
55	"12:33:54"	2082.5	0	17.4	0.186	202	6.6	2.75	31.04	6	1.42	1	2.84	32.59	31.04	33.03	400.03	376.21	15.548	23.280	23.98	35.90	499.9	1500	237	76.12	-1.37	0.233	1.0	-0.22	2.74	1.00	0.00	0.16	111115
56	"12:33:54"	2083.0	0	17.4	0.186	202	6.6	2.75	31.04	6	1.42	1	2.84	32.59	31.04	33.03	400.03	376.22	15.548	23.281	23.98	35.90	499.8	1500	236	76.12	-1.37	0.233	1.0	-0.22	2.74	1.00	0.00	0.16	111115
57	"12:33:55"	2083.5	0	17.3	0.186	202	6.6	2.75	31.05	6	1.42	1	2.84	32.59	31.05	33.03	400.03	376.23	15.548	23.281	23.98	35.90	499.9	1500	237	76.12	-1.37	0.233	1.0	-0.22	2.74	1.00	0.00	0.16	111115
58	"12:33:55"	2084.0	0	17.4	0.186	201	6.6	2.75	31.05	6	1.42	1	2.84	32.59	31.05	33.03	400.04	376.21	15.548	23.281	23.98	35.90	499.9	1500	237	76.12	-1.37	0.233	1.0	-0.22	2.74	1.00	0.00	0.16	111115
59	"12:33:56"	2084.5	0	17.3	0.186	202	6.6	2.75	31.05	6	1.42	1	2.84	32.59	31.05	33.03	400.04	376.27	15.548	23.283	23.97	35.90	499.9	1500	237	76.12	-1.37	0.233	1.0	-0.22	2.74	1.00	0.00	0.16	111115
60	"12:33:56"	2085.0	0	17.3	0.186	202	6.59	2.75	31.05	6	1.42	1	2.84	32.59	31.05	33.03	400.00	376.28	15.549	23.280	23.97	35.89	499.9	1500	237	76.12	-1.37	0.233	1.0	-0.22	2.74	1.00	0.00	0.16	111115
"12:34:08 Coolers: Tblock -> 38.00 C"
"12:36:55 Flow: Fixed -> 500 umol/s"
"12:38:07 Flow: Fixed -> 500 umol/s"
61	"12:38:22"	2351.0	0	14.7	0.145	193	5.87	3.07	33.69	6	1.42	1	2.84	36.86	33.69	38.11	400.56	380.28	21.763	28.611	26.48	34.81	499.9	1499	239	76.11	-1.26	0.174	1.0	-0.22	2.74	1.00	0.00	0.16	111115
62	"12:38:22"	2351.5	0	14.6	0.145	193	5.87	3.07	33.69	6	1.42	1	2.84	36.86	33.69	38.11	400.53	380.27	21.762	28.610	26.48	34.81	499.9	1499	239	76.11	-1.26	0.174	1.0	-0.22	2.74	1.00	0.00	0.16	111115
63	"12:38:23"	2351.5	0	14.6	0.145	193	5.87	3.07	33.69	6	1.42	1	2.84	36.86	33.69	38.11	400.53	380.27	21.762	28.610	26.48	34.81	499.9	1499	239	76.11	-1.26	0.174	1.0	-0.22	2.74	1.00	0.00	0.16	111115
64	"12:38:23"	2352.0	0	14.6	0.145	193	5.87	3.07	33.69	6	1.42	1	2.84	36.86	33.69	38.11	400.50	380.27	21.762	28.607	26.48	34.80	499.8	1499	239	76.11	-1.26	0.174	1.0	-0.22	2.74	1.00	0.00	0.16	111115
65	"12:38:23"	2352.5	0	14.6	0.145	193	5.87	3.07	33.69	6	1.42	1	2.84	36.86	33.69	38.11	400.47	380.27	21.761	28.607	26.47	34.80	499.8	1499	239	76.11	-1.26	0.174	1.0	-0.22	2.74	1.00	0.00	0.16	111115
66	"12:38:24"	2353.0	0	14.6	0.145	193	5.87	3.07	33.69	6	1.42	1	2.84	36.86	33.69	38.11	400.49	380.25	21.761	28.607	26.47	34.80	499.8	1499	239	76.11	-1.26	0.174	1.0	-0.22	2.74	1.00	0.00	0.16	111115
67	"12:38:24"	2353.5	0	14.6	0.145	193	5.87	3.07	33.69	6	1.42	1	2.84	36.86	33.69	38.11	400.47	380.24	21.759	28.608	26.47	34.80	499.9	1499	239	76.11	-1.26	0.174	1.0	-0.22	2.74	1.00	0.00	0.16	111115
68	"12:38:25"	2354.0	0	14.6	0.145	193	5.87	3.07	33.69	6	1.42	1	2.84	36.86	33.69	38.11	400.49	380.22	21.760	28.609	26.47	34.80	499.9	1499	239	76.11	-1.26	0.174	1.0	-0.22	2.74	1.00	0.00	0.16	111115
69	"12:38:26"	2354.5	0	14.6	0.145	193	5.87	3.08	33.70	6	1.42	1	2.84	36.86	33.70	38.11	400.47	380.22	21.761	28.610	26.47	34.80	499.9	1499	239	76.11	-1.26	0.174	1.0	-0.22	2.74	1.00	0.00	0.16	111115
70	"12:38:26"	2355.0	0	14.6	0.145	193	5.87	3.08	33.70	6	1.42	1	2.84	36.86	33.70	38.11	400.48	380.25	21.761	28.610	26.47	34.80	499.9	1499	239	76.11	-1.26	0.174	1.0	-0.22	2.74	1.00	0.00	0.16	111115
71	"12:38:27"	2355.5	0	14.6	0.145	193	5.88	3.08	33.70	6	1.42	1	2.84	36.86	33.70	38.11	400.47	380.26	21.760	28.611	26.47	34.80	499.9	1499	239	76.11	-1.26	0.174	1.0	-0.22	2.74	1.00	0.00	0.16	111115
72	"12:38:27"	2356.0	0	14.7	0.145	193	5.88	3.08	33.70	6	1.42	1	2.84	36.86	33.70	38.11	400.50	380.22	21.759	28.612	26.47	34.80	499.9	1499	239	76.11	-1.26	0.174	1.0	-0.22	2.74	1.00	0.00	0.16	111115
73	"12:38:28"	2356.5	0	14.7	0.145	192	5.88	3.08	33.70	6	1.42	1	2.84	36.86	33.70	38.11	400.51	380.24	21.759	28.611	26.47	34.80	499.9	1499	239	76.11	-1.26	0.174	1.0	-0.22	2.74	1.00	0.00	0.16	111115
74	"12:38:28"	2357.0	0	14.6	0.145	193	5.88	3.08	33.70	6	1.42	1	2.84	36.86	33.70	38.11	400.50	380.26	21.759	28.610	26.46	34.80	499.9	1499	239	76.11	-1.26	0.174	1.0	-0.22	2.74	1.00	0.00	0.16	111115
75	"12:38:29"	2357.5	0	14.6	0.145	193	5.87	3.08	33.70	6	1.42	1	2.84	36.86	33.70	38.11	400.52	380.30	21.759	28.608	26.46	34.79	499.9	1499	239	76.11	-1.26	0.174	1.0	-0.22	2.74	1.00	0.00	0.16	111115
"12:38:37 Coolers: Tblock -> 43.00 C"
"12:42:20 Flow: Fixed -> 500 umol/s"
76	"12:42:32"	2602.5	0	12.8	0.131	199	5.68	3.25	36.06	6	1.42	1	2.84	41.03	36.06	42.99	399.75	381.83	29.437	36.014	28.61	35.00	499.8	1500	242	76.11	-0.835	0.0475	1.0	-0.22	2.74	1.00	0.00	0.16	111115
77	"12:42:33"	2602.5	0	12.8	0.131	199	5.68	3.25	36.06	6	1.42	1	2.84	41.03	36.06	42.99	399.75	381.83	29.437	36.014	28.61	35.00	499.8	1500	242	76.11	-0.835	0.0475	1.0	-0.22	2.74	1.00	0.00	0.16	111115
78	"12:42:33"	2602.5	0	12.8	0.131	199	5.68	3.25	36.06	6	1.42	1	2.84	41.03	36.06	42.99	399.75	381.83	29.437	36.014	28.61	35.00	499.8	1500	242	76.11	-0.835	0.0475	1.0	-0.22	2.74	1.00	0.00	0.16	111115
79	"12:42:34"	2603.0	0	12.8	0.131	199	5.68	3.25	36.06	6	1.42	1	2.84	41.03	36.06	42.99	399.74	381.81	29.437	36.015	28.60	35.00	499.8	1500	242	76.11	-0.835	0.0475	1.0	-0.22	2.74	1.00	0.00	0.16	111115
80	"12:42:34"	2603.5	0	12.8	0.131	199	5.69	3.25	36.06	6	1.42	1	2.84	41.03	36.06	42.99	399.75	381.82	29.437	36.017	28.60	34.99	499.8	1500	242	76.11	-0.835	0.0475	1.0	-0.22	2.74	1.00	0.00	0.16	111115
81	"12:42:35"	2604.0	0	12.8	0.131	199	5.69	3.25	36.07	6	1.42	1	2.84	41.04	36.07	42.99	399.75	381.81	29.437	36.020	28.60	34.99	499.8	1500	242	76.11	-0.835	0.0475	1.0	-0.22	2.74	1.00	0.00	0.16	111115
82	"12:42:35"	2604.5	0	12.8	0.131	199	5.69	3.25	36.07	6	1.42	1	2.84	41.04	36.07	42.99	399.74	381.82	29.439	36.021	28.60	34.99	499.9	1500	242	76.11	-0.835	0.0475	1.0	-0.22	2.74	1.00	0.00	0.16	111115
83	"12:42:36"	2605.0	0	12.8	0.131	199	5.69	3.25	36.07	6	1.42	1	2.84	41.04	36.07	42.99	399.75	381.83	29.441	36.024	28.60	34.99	499.8	1500	242	76.11	-0.835	0.0475	0.7	-0.22	2.74	1.00	0.00	0.16	111115
84	"12:42:36"	2605.5	0	12.8	0.131	199	5.69	3.25	36.07	6	1.42	1	2.84	41.04	36.07	42.99	399.75	381.83	29.443	36.027	28.60	34.99	499.8	1500	242	76.11	-0.835	0.0475	0.7	-0.22	2.74	1.00	0.00	0.16	111115
85	"12:42:37"	2606.0	0	12.8	0.131	199	5.69	3.25	36.07	6	1.42	1	2.84	41.04	36.07	42.99	399.79	381.83	29.443	36.030	28.60	34.99	499.9	1500	242	76.11	-0.835	0.0475	1.0	-0.22	2.74	1.00	0.00	0.16	111115
86	"12:42:37"	2606.5	0	12.8	0.131	199	5.69	3.25	36.08	6	1.42	1	2.84	41.04	36.08	42.99	399.76	381.83	29.445	36.032	28.59	34.99	499.9	1500	242	76.11	-0.835	0.0475	1.0	-0.22	2.74	1.00	0.00	0.16	111115
87	"12:42:38"	2607.0	0	12.7	0.131	200	5.69	3.25	36.08	6	1.42	1	2.84	41.05	36.08	42.99	399.75	381.84	29.446	36.035	28.59	34.99	499.9	1500	242	76.11	-0.835	0.0475	1.0	-0.22	2.74	1.00	0.00	0.16	111115
88	"12:42:38"	2607.5	0	12.8	0.131	199	5.7	3.25	36.09	6	1.42	1	2.84	41.05	36.09	42.99	399.77	381.85	29.448	36.038	28.59	34.99	499.9	1500	242	76.11	-0.835	0.0475	1.0	-0.22	2.74	1.00	0.00	0.16	111115
89	"12:42:39"	2608.0	0	12.8	0.131	199	5.69	3.25	36.09	6	1.42	1	2.84	41.05	36.09	42.99	399.79	381.85	29.449	36.038	28.59	34.99	499.9	1500	242	76.11	-0.835	0.0475	1.0	-0.22	2.74	1.00	0.00	0.16	111115
90	"12:42:39"	2608.5	0	12.8	0.131	199	5.7	3.26	36.09	6	1.42	1	2.84	41.05	36.09	42.99	399.85	381.86	29.450	36.040	28.59	34.99	499.9	1500	242	76.11	-0.835	0.0475	1.0	-0.22	2.74	1.00	0.00	0.16	111115
"12:42:47 Coolers: Tblock -> 48.00 C"
"12:47:37 Coolers: Tblock -> 47.71 C"
"12:48:08 Flow: Fixed -> 500 umol/s"
91	"12:48:24"	2954.0	0	11.1	0.13	220	5.85	3.33	38.55	6	1.42	1	2.84	45.23	38.55	47.68	400.41	384.40	39.623	46.324	30.92	36.15	499.9	1501	246	76.11	-0.332	-0.0953	1.0	-0.22	2.74	1.00	0.00	0.16	111115
92	"12:48:25"	2954.5	0	11.1	0.13	220	5.85	3.33	38.55	6	1.42	1	2.84	45.23	38.55	47.68	400.42	384.39	39.624	46.324	30.92	36.15	499.9	1501	246	76.11	-0.332	-0.0953	1.0	-0.22	2.74	1.00	0.00	0.16	111115
93	"12:48:25"	2954.5	0	11.1	0.13	220	5.85	3.33	38.55	6	1.42	1	2.84	45.23	38.55	47.68	400.42	384.39	39.624	46.324	30.92	36.15	499.9	1501	246	76.11	-0.332	-0.0953	1.0	-0.22	2.74	1.00	0.00	0.16	111115
94	"12:48:26"	2955.0	0	11.1	0.13	220	5.85	3.33	38.55	6	1.42	1	2.84	45.23	38.55	47.68	400.46	384.39	39.625	46.322	30.92	36.15	499.9	1501	246	76.11	-0.332	-0.0953	1.0	-0.22	2.74	1.00	0.00	0.16	111115
95	"12:48:26"	2955.0	0	11.1	0.13	220	5.85	3.33	38.55	6	1.42	1	2.84	45.23	38.55	47.68	400.46	384.39	39.625	46.322	30.92	36.15	499.9	1501	246	76.11	-0.332	-0.0953	1.0	-0.22	2.74	1.00	0.00	0.16	111115
96	"12:48:27"	2955.5	0	11.1	0.13	220	5.85	3.33	38.56	6	1.42	1	2.84	45.23	38.56	47.68	400.49	384.42	39.627	46.325	30.92	36.15	499.9	1501	246	76.11	-0.332	-0.0953	1.0	-0.22	2.74	1.00	0.00	0.16	111115
97	"12:48:27"	2956.0	0	11.1	0.13	220	5.85	3.33	38.56	6	1.42	1	2.84	45.23	38.56	47.68	400.51	384.44	39.629	46.327	30.92	36.15	499.9	1501	246	76.11	-0.332	-0.0953	1.0	-0.22	2.74	1.00	0.00	0.16	111115
98	"12:48:28"	2956.5	0	11.1	0.13	220	5.85	3.34	38.56	6	1.42	1	2.84	45.23	38.56	47.68	400.54	384.48	39.629	46.328	30.92	36.15	499.9	1501	246	76.11	-0.332	-0.0953	1.0	-0.22	2.74	1.00	0.00	0.16	111115
99	"12:48:28"	2957.0	0	11.2	0.13	219	5.85	3.34	38.56	6	1.42	1	2.84	45.23	38.56	47.68	400.57	384.47	39.629	46.330	30.92	36.15	499.9	1501	246	76.11	-0.332	-0.0953	1.0	-0.22	2.74	1.00	0.00	0.16	111115
100	"12:48:29"	2957.5	0	11.2	0.13	219	5.86	3.34	38.56	6	1.42	1	2.84	45.24	38.56	47.69	400.59	384.47	39.631	46.335	30.92	36.15	499.9	1501	246	76.11	-0.332	-0.0953	1.0	-0.22	2.74	1.00	0.00	0.16	111115
101	"12:48:29"	2958.0	0	11.1	0.13	220	5.86	3.34	38.56	6	1.42	1	2.84	45.24	38.56	47.69	400.57	384.49	39.631	46.339	30.92	36.15	499.9	1501	246	76.11	-0.332	-0.0953	1.0	-0.22	2.74	1.00	0.00	0.16	111115
102	"12:48:30"	2958.5	0	11.1	0.13	220	5.86	3.34	38.57	6	1.42	1	2.84	45.24	38.57	47.69	400.58	384.50	39.629	46.342	30.91	36.15	499.9	1501	246	76.11	-0.332	-0.0953	1.0	-0.22	2.74	1.00	0.00	0.16	111115
103	"12:48:30"	2959.0	0	11.1	0.13	220	5.87	3.34	38.57	6	1.42	1	2.84	45.24	38.57	47.69	400.55	384.51	39.629	46.343	30.91	36.15	499.9	1500	246	76.11	-0.332	-0.0953	1.0	-0.22	2.74	1.00	0.00	0.16	111115
104	"12:48:31"	2959.5	0	11.1	0.13	220	5.87	3.34	38.57	6	1.42	1	2.84	45.24	38.57	47.68	400.55	384.49	39.628	46.345	30.91	36.15	499.9	1500	246	76.11	-0.332	-0.0953	1.0	-0.22	2.74	1.00	0.00	0.16	111115
105	"12:48:31"	2960.0	0	11.1	0.13	220	5.87	3.34	38.57	6	1.42	1	2.84	45.24	38.57	47.68	400.52	384.46	39.627	46.347	30.91	36.15	499.9	1500	246	76.11	-0.332	-0.0953	1.0	-0.22	2.74	1.00	0.00	0.16	111115
"OPEN 6.2.4"
"Mon Jun 22 2015 13:28:17"
<open><version>"6.2.4"</version></open>
<open><configfile>"/User/Configs/UserPrefs/2x3 LED.xml"</configfile></open>
<open><light><source>"6400-02 or -02B LED Source"</source><par_in>1<sensor>"SI-3781"<cal>-0.93<actinity>1.00</actinity><transm>1.00</transm></cal></sensor><transm>1</transm></par_in><par_out>1<sensor>"Q49599"<cal>7.26</cal></sensor></par_out></light></open>
<open><comps><file>"/User/Configs/Comps/StdComps_6.2"<header>""</header><extras></extras></file><energybal>no<f_parIn>1</f_parIn><f_parOut>0</f_parOut><alphaK>0.16</alphaK></energybal><bc_total>2.840<stomatal_ratio>1</stomatal_ratio><bc_oneside>1.420<type>2</type><table>"/Sys/Lib/StdBLCTable"</table><area>6</area><slope>-0.219565</slope><offset>2.73739</offset><fan>5</fan></bc_oneside></bc_total></comps></open>
<open><prompts><onlog>off</onlog><items>"Default (none)"</items></prompts></open>
<open><constants><oxygen>21 %</oxygen><bb_vapor>1.5</bb_vapor><bb_oxy>0.9</bb_oxy></constants></open>
<open><stability><items>"Std Stability"<items[1]><id>-2</id><size>15</size><pcv><onoff>0</onoff><value>1</value></pcv><std><onoff>0</onoff><value>1</value></std><slp><onoff>1</onoff><value>1</value></slp></items[1]><items[2]><id>-5</id><size>15</size><pcv><onoff>0</onoff><value>1</value></pcv><std><onoff>0</onoff><value>1</value></std><slp><onoff>1</onoff><value>1</value></slp></items[2]><items[3]><id>-7</id><size>15</size><pcv><onoff>0</onoff><value>1</value></pcv><std><onoff>0</onoff><value>1</value></std><slp><onoff>1</onoff><value>1</value></slp></items[3]></items></stability></open>
<open><log><format>"StdLogFmt_6.0"<items>{ -35 -21 -36 -76 30 23 36 21 25 221 -33 111 -34 11 -9 -10 -8 -1 -2 -4 -5 -14 -15 -7 -12 -13 -11 -65 -66 -72 -18 -19 -77 -78 -79 -23  }<hdr>{  }</hdr></items></format><options><beep>on</beep><hdr>normal</hdr><rem>normal</rem><stab>no</stab><stats>no<mean>no</mean><file>no</file><period>15</period></stats><excel>yes</excel><controls>yes</controls><comm>no</comm></options><datafile>"/User/stm-abasa2"</datafile><button><action>"Normal Log"<code>" LogOneObsManual "</code></action></button><autoprog>"/User/Configs/AutoProgs/AutoLog2"<active>no</active></autoprog></log></open>
<open><a2d><avgtime>4.0 secs</avgtime><userchans><ch20>"Off"</ch20><ch21>"Off"</ch21><ch22>"Off"</ch22><ch23>"Off"</ch23></userchans></a2d></open>
<open><matching><type>0</type><disp>'a'</disp><settings><CO2Limit>10.0</CO2Limit><H2OLimit>1.0</H2OLimit><MaxAutoTime>60</MaxAutoTime></settings></matching></open>
<li6400><factory><unit>"PSC-3840"</unit><serviced>"1 Jul 2013"</serviced><fuseaware>0</fuseaware><co2mixer>yes</co2mixer><co2><coeffs>{ 0 0.213319 2.22998e-05 2.13159e-08 -3.88664e-12 3.69888e-16  }</coeffs><dvdt>-4.7</dvdt><xs>{ 0.0009 -0.0002  }</xs></co2><h2o><coeffs>{ 0 0.00572751 2.23485e-06 -7.37877e-12  }</coeffs><dvdt>-1.7</dvdt><xs>{ 0.0009 -0.0028  }</xs></h2o><flow>{ 0 0.3568  }</flow><press>{ 88.437 0.00551  }</press></factory></li6400>
<li6400><user><flow_zero>-468.8</flow_zero><irga_zero><co2>429.7 390.6<at>17.6901</at></co2><h2o>78.1 156.2<at>17.1607</at></h2o></irga_zero><irga_span><co2>{ 0.99237 0.992833  }</co2><h2o>{ 1.00426 0.996799  }</h2o></irga_span><irga_match><co2>{ 0.368307 -0.0590754  }</co2><h2o>{ 0.00477181 0.122888  }</h2o></irga_match><co2_mixer><pump_mv>4500</pump_mv><ppm>{ 2287.2 1080.71 423.89 257.488 117.195 68.0056 44.5242 37.9628  }</ppm><mv>{ 5000 3000 1500 1000 500 300 200 100  }</mv></co2_mixer><parin_offset>0</parin_offset><led_cal><unit>"SI-3781"</unit><mv>{ 10 25 50 100 1000 2000 3000 4000 5000  }</mv><qntm>{ 4.69642 15.4417 35.4805 82.2863 972.665 1922.29 2824.32 3690.14 4518.2  }</qntm></led_cal><lcf_cal><unit>"unknown"</unit><red><mv>{ 50 100 500 1000 1500 5000  }</mv><qntm>{ 50 100 500 1000 2000 5000  }</qntm></red><blue><mv>{ 100 200 500 1000 2000 5000  }</mv><qntm>{ 10 20 50 100 200 500  }</qntm></blue></lcf_cal></user></li6400>
"13:28:19 "
$STARTOFDATA$
"Obs"	"HHMMSS"	"FTime"	"EBal?"	"Photo"	"Cond"	"Ci"	"Trmmol"	"VpdL"	"CTleaf"	"Area"	"BLC_1"	"StmRat"	"BLCond"	"Tair"	"Tleaf"	"TBlk"	"CO2R"	"CO2S"	"H2OR"	"H2OS"	"RH_R"	"RH_S"	"Flow"	"PARi"	"PARo"	"Press"	"CsMch"	"HsMch"	"StableF"	"BLCslope"	"BLCoffst"	"f_parin"	"f_parout"	"alphaK"	"Status"
