"OPEN 6.2.4"
"Thr Jul  2 2015 09:34:32"
<open><version>"6.2.4"</version></open>
<open><configfile>"/User/Configs/UserPrefs/2x3 LED.xml"</configfile></open>
<open><light><source>"6400-02 or -02B LED Source"</source><par_in>1<sensor>"SI-3781"<cal>-0.93<actinity>1.00</actinity><transm>1.00</transm></cal></sensor><transm>1</transm></par_in><par_out>1<sensor>"Q49599"<cal>7.26</cal></sensor></par_out></light></open>
<open><comps><file>"/User/Configs/Comps/StdComps_6.2"<header>""</header><extras></extras></file><energybal>no<f_parIn>1</f_parIn><f_parOut>0</f_parOut><alphaK>0.16</alphaK></energybal><bc_total>2.840<stomatal_ratio>1</stomatal_ratio><bc_oneside>1.420<type>2</type><table>"/Sys/Lib/StdBLCTable"</table><area>6</area><slope>-0.219565</slope><offset>2.73739</offset><fan>5</fan></bc_oneside></bc_total></comps></open>
<open><prompts><onlog>off</onlog><items>"Default (none)"</items></prompts></open>
<open><constants><oxygen>21 %</oxygen><bb_vapor>1.5</bb_vapor><bb_oxy>0.9</bb_oxy></constants></open>
<open><stability><items>"Std Stability"<items[1]><id>-2</id><size>15</size><pcv><onoff>0</onoff><value>1</value></pcv><std><onoff>0</onoff><value>1</value></std><slp><onoff>1</onoff><value>1</value></slp></items[1]><items[2]><id>-5</id><size>15</size><pcv><onoff>0</onoff><value>1</value></pcv><std><onoff>0</onoff><value>1</value></std><slp><onoff>1</onoff><value>1</value></slp></items[2]><items[3]><id>-7</id><size>15</size><pcv><onoff>0</onoff><value>1</value></pcv><std><onoff>0</onoff><value>1</value></std><slp><onoff>1</onoff><value>1</value></slp></items[3]></items></stability></open>
<open><log><format>"StdLogFmt_6.0"<items>{ -35 -21 -36 -76 30 23 36 21 25 221 -33 111 -34 11 -9 -10 -8 -1 -2 -4 -5 -14 -15 -7 -12 -13 -11 -65 -66 -72 -18 -19 -77 -78 -79 -23  }<hdr>{  }</hdr></items></format><options><beep>on</beep><hdr>normal</hdr><rem>normal</rem><stab>no</stab><stats>no<mean>no</mean><file>no</file><period>15</period></stats><excel>yes</excel><controls>yes</controls><comm>no</comm></options><datafile>"/User/stm-pbchan1"</datafile><button><action>"Normal Log"<code>" LogOneObsManual "</code></action></button><autoprog>"/User/Configs/AutoProgs/AutoLog2"<active>no</active></autoprog></log></open>
<open><a2d><avgtime>4.0 secs</avgtime><userchans><ch20>"Off"</ch20><ch21>"Off"</ch21><ch22>"Off"</ch22><ch23>"Off"</ch23></userchans></a2d></open>
<open><matching><type>0</type><disp>'a'</disp><settings><CO2Limit>10.0</CO2Limit><H2OLimit>1.0</H2OLimit><MaxAutoTime>60</MaxAutoTime></settings></matching></open>
<li6400><factory><unit>"PSC-3840"</unit><serviced>"1 Jul 2013"</serviced><fuseaware>0</fuseaware><co2mixer>yes</co2mixer><co2><coeffs>{ 0 0.213319 2.22998e-05 2.13159e-08 -3.88664e-12 3.69888e-16  }</coeffs><dvdt>-4.7</dvdt><xs>{ 0.0009 -0.0002  }</xs></co2><h2o><coeffs>{ 0 0.00572751 2.23485e-06 -7.37877e-12  }</coeffs><dvdt>-1.7</dvdt><xs>{ 0.0009 -0.0028  }</xs></h2o><flow>{ 0 0.3568  }</flow><press>{ 88.437 0.00551  }</press></factory></li6400>
<li6400><user><flow_zero>-468.8</flow_zero><irga_zero><co2>429.7 390.6<at>17.6901</at></co2><h2o>78.1 156.2<at>17.1607</at></h2o></irga_zero><irga_span><co2>{ 0.99237 0.992833  }</co2><h2o>{ 1.00426 0.996799  }</h2o></irga_span><irga_match><co2>{ 0.368307 -2.65249  }</co2><h2o>{ 0.00477181 0.109372  }</h2o></irga_match><co2_mixer><pump_mv>4500</pump_mv><ppm>{ 2287.2 1080.71 423.89 257.488 117.195 68.0056 44.5242 37.9628  }</ppm><mv>{ 5000 3000 1500 1000 500 300 200 100  }</mv></co2_mixer><parin_offset>0</parin_offset><led_cal><unit>"SI-3781"</unit><mv>{ 10 25 50 100 1000 2000 3000 4000 5000  }</mv><qntm>{ 4.69642 15.4417 35.4805 82.2863 972.665 1922.29 2824.32 3690.14 4518.2  }</qntm></led_cal><lcf_cal><unit>"unknown"</unit><red><mv>{ 50 100 500 1000 1500 5000  }</mv><qntm>{ 50 100 500 1000 2000 5000  }</qntm></red><blue><mv>{ 100 200 500 1000 2000 5000  }</mv><qntm>{ 10 20 50 100 200 500  }</qntm></blue></lcf_cal></user></li6400>
"09:34:33 "
$STARTOFDATA$
"Obs"	"HHMMSS"	"FTime"	"EBal?"	"Photo"	"Cond"	"Ci"	"Trmmol"	"VpdL"	"CTleaf"	"Area"	"BLC_1"	"StmRat"	"BLCond"	"Tair"	"Tleaf"	"TBlk"	"CO2R"	"CO2S"	"H2OR"	"H2OS"	"RH_R"	"RH_S"	"Flow"	"PARi"	"PARo"	"Press"	"CsMch"	"HsMch"	"StableF"	"BLCslope"	"BLCoffst"	"f_parin"	"f_parout"	"alphaK"	"Status"
"09:40:27 CO2 Mixer: CO2R -> 400 uml"
"09:40:32 Coolers: Tblock -> 0.00 C"
"09:40:39 Lamp: ParIn ->  1500 uml"
"09:54:43 Coolers: Tblock -> 1.48 C"
"10:03:26 Coolers: Tblock -> 2.33 C"
"10:04:47 Flow: Fixed -> 500 umol/s"
"10:05:35 Coolers: Tblock -> 2.67 C"
"10:07:51 Coolers: Tblock -> 3.20 C"
"10:08:47 Flow: Fixed -> 500 umol/s"
1	"10:08:59"	2077.5	0	14	0.361	305	4.33	0.913	10.35	6	1.42	1	2.84	5.68	10.35	3.31	399.76	380.93	-0.066	5.098	-0.49	37.99	500.0	1499	35	68.42	-1.4	0.231	1.0	-0.22	2.74	1.00	0.00	0.16	111115
2	"10:09:00"	2077.5	0	14	0.361	305	4.33	0.913	10.35	6	1.42	1	2.84	5.68	10.35	3.31	399.76	380.93	-0.066	5.098	-0.49	37.99	500.0	1499	35	68.42	-1.4	0.231	1.0	-0.22	2.74	1.00	0.00	0.16	111115
3	"10:09:00"	2078.0	0	14	0.361	305	4.32	0.912	10.34	6	1.42	1	2.84	5.68	10.34	3.31	399.76	380.98	-0.065	5.097	-0.48	37.98	500.0	1499	35	68.42	-1.4	0.231	1.0	-0.22	2.74	1.00	0.00	0.16	111115
4	"10:09:01"	2078.5	0	14	0.361	305	4.32	0.912	10.34	6	1.42	1	2.84	5.68	10.34	3.32	399.80	381.01	-0.065	5.097	-0.49	37.97	500.0	1499	35	68.42	-1.4	0.231	1.0	-0.22	2.74	1.00	0.00	0.16	111115
5	"10:09:01"	2079.0	0	14	0.361	305	4.32	0.912	10.34	6	1.42	1	2.84	5.68	10.34	3.32	399.83	381.01	-0.065	5.095	-0.48	37.95	500.0	1499	35	68.42	-1.4	0.231	1.0	-0.22	2.74	1.00	0.00	0.16	111115
6	"10:09:02"	2079.5	0	14.1	0.361	304	4.32	0.913	10.35	6	1.42	1	2.84	5.69	10.35	3.32	399.86	381.00	-0.064	5.092	-0.48	37.93	500.0	1499	35	68.42	-1.4	0.231	1.0	-0.22	2.74	1.00	0.00	0.16	111115
7	"10:09:02"	2080.0	0	14.1	0.361	305	4.32	0.913	10.34	6	1.42	1	2.84	5.69	10.34	3.32	399.87	381.03	-0.065	5.091	-0.48	37.91	500.0	1499	35	68.42	-1.4	0.231	1.0	-0.22	2.74	1.00	0.00	0.16	111115
8	"10:09:03"	2080.5	0	14	0.36	305	4.32	0.913	10.34	6	1.42	1	2.84	5.69	10.34	3.32	399.85	381.05	-0.065	5.088	-0.48	37.89	499.9	1499	35	68.42	-1.4	0.231	1.0	-0.22	2.74	1.00	0.00	0.16	111115
9	"10:09:03"	2081.0	0	14	0.36	305	4.31	0.913	10.34	6	1.42	1	2.84	5.69	10.34	3.32	399.86	381.08	-0.065	5.084	-0.49	37.86	499.9	1499	35	68.42	-1.4	0.231	1.0	-0.22	2.74	1.00	0.00	0.16	111115
10	"10:09:04"	2081.5	0	14	0.36	305	4.31	0.913	10.34	6	1.42	1	2.84	5.69	10.34	3.32	399.90	381.08	-0.066	5.082	-0.49	37.84	499.9	1499	35	68.42	-1.4	0.231	1.0	-0.22	2.74	1.00	0.00	0.16	111115
11	"10:09:04"	2082.0	0	14.1	0.359	304	4.31	0.914	10.34	6	1.42	1	2.84	5.69	10.34	3.32	399.93	381.06	-0.067	5.078	-0.50	37.81	500.0	1499	35	68.42	-1.4	0.231	1.0	-0.22	2.74	1.00	0.00	0.16	111115
12	"10:09:05"	2082.5	0	14.1	0.359	304	4.31	0.914	10.35	6	1.42	1	2.84	5.69	10.35	3.33	399.93	381.03	-0.068	5.076	-0.50	37.79	500.0	1499	35	68.42	-1.4	0.231	1.0	-0.22	2.74	1.00	0.00	0.16	111115
13	"10:09:05"	2083.0	0	14.1	0.359	304	4.31	0.914	10.35	6	1.42	1	2.84	5.69	10.35	3.33	399.92	381.05	-0.067	5.073	-0.50	37.77	500.0	1499	35	68.42	-1.4	0.231	1.0	-0.22	2.74	1.00	0.00	0.16	111115
14	"10:09:06"	2083.5	0	14	0.358	304	4.3	0.915	10.35	6	1.42	1	2.84	5.69	10.35	3.33	399.90	381.12	-0.068	5.071	-0.50	37.75	500.0	1499	35	68.42	-1.4	0.231	1.0	-0.22	2.74	1.00	0.00	0.16	111115
15	"10:09:06"	2084.0	0	14	0.358	304	4.3	0.916	10.36	6	1.42	1	2.84	5.70	10.36	3.33	399.91	381.13	-0.067	5.067	-0.50	37.71	500.0	1499	35	68.42	-1.4	0.231	1.0	-0.22	2.74	1.00	0.00	0.16	111115
"10:09:23 Coolers: Tblock -> 8.00 C"
"10:11:18 Flow: Fixed -> 500 umol/s"
16	"10:12:02"	2259.5	0	14.4	0.277	282	3.85	1.03	12.21	6	1.42	1	2.84	9.27	12.21	8.07	399.42	380.36	1.202	5.798	7.01	33.81	500.0	1500	31	68.42	-2.07	0.232	1.0	-0.22	2.74	1.00	0.00	0.16	111115
17	"10:12:03"	2259.5	0	14.4	0.277	282	3.85	1.03	12.21	6	1.42	1	2.84	9.27	12.21	8.07	399.42	380.36	1.202	5.798	7.01	33.81	500.0	1500	31	68.42	-2.07	0.232	1.0	-0.22	2.74	1.00	0.00	0.16	111115
18	"10:12:03"	2260.0	0	14.4	0.277	282	3.85	1.03	12.21	6	1.42	1	2.84	9.27	12.21	8.07	399.39	380.38	1.202	5.795	7.01	33.79	500.0	1500	31	68.42	-2.07	0.232	1.0	-0.22	2.74	1.00	0.00	0.16	111115
19	"10:12:04"	2260.5	0	14.4	0.276	282	3.85	1.03	12.21	6	1.42	1	2.84	9.27	12.21	8.07	399.42	380.37	1.201	5.792	7.00	33.77	500.0	1500	31	68.42	-2.07	0.232	1.0	-0.22	2.74	1.00	0.00	0.16	111115
20	"10:12:04"	2261.0	0	14.4	0.276	282	3.85	1.03	12.22	6	1.42	1	2.84	9.27	12.22	8.07	399.42	380.34	1.199	5.791	6.99	33.76	500.0	1500	31	68.42	-2.07	0.232	1.0	-0.22	2.74	1.00	0.00	0.16	111115
21	"10:12:05"	2261.5	0	14.5	0.276	281	3.85	1.03	12.22	6	1.42	1	2.84	9.27	12.22	8.07	399.46	380.33	1.198	5.788	6.99	33.74	500.0	1500	31	68.42	-2.07	0.232	1.0	-0.22	2.74	1.00	0.00	0.16	111115
22	"10:12:05"	2262.0	0	14.5	0.276	281	3.85	1.03	12.23	6	1.42	1	2.84	9.27	12.23	8.07	399.47	380.35	1.198	5.787	6.98	33.73	500.0	1500	31	68.42	-2.07	0.232	1.0	-0.22	2.74	1.00	0.00	0.16	111115
23	"10:12:06"	2262.5	0	14.5	0.276	281	3.85	1.03	12.23	6	1.42	1	2.84	9.27	12.23	8.07	399.48	380.33	1.196	5.786	6.97	33.72	500.0	1500	31	68.42	-2.07	0.232	1.0	-0.22	2.74	1.00	0.00	0.16	111115
24	"10:12:06"	2263.0	0	14.5	0.276	281	3.85	1.03	12.23	6	1.42	1	2.84	9.27	12.23	8.07	399.47	380.32	1.195	5.784	6.96	33.72	499.9	1500	31	68.42	-2.07	0.232	1.0	-0.22	2.74	1.00	0.00	0.16	111115
25	"10:12:07"	2263.5	0	14.5	0.275	281	3.84	1.03	12.24	6	1.42	1	2.84	9.27	12.24	8.07	399.48	380.33	1.194	5.782	6.96	33.70	499.9	1500	31	68.42	-2.07	0.232	1.0	-0.22	2.74	1.00	0.00	0.16	111115
26	"10:12:07"	2264.0	0	14.5	0.275	281	3.84	1.03	12.24	6	1.42	1	2.84	9.27	12.24	8.07	399.52	380.35	1.194	5.780	6.96	33.69	500.0	1500	31	68.42	-2.07	0.232	1.0	-0.22	2.74	1.00	0.00	0.16	111115
27	"10:12:08"	2264.5	0	14.5	0.275	281	3.84	1.03	12.24	6	1.42	1	2.84	9.28	12.24	8.07	399.51	380.36	1.193	5.777	6.95	33.67	500.0	1500	31	68.42	-2.07	0.232	1.0	-0.22	2.74	1.00	0.00	0.16	111115
28	"10:12:08"	2265.0	0	14.5	0.275	281	3.84	1.04	12.24	6	1.42	1	2.84	9.28	12.24	8.07	399.57	380.39	1.193	5.775	6.95	33.66	499.9	1500	31	68.42	-2.07	0.232	1.0	-0.22	2.74	1.00	0.00	0.16	111115
29	"10:12:09"	2265.5	0	14.5	0.275	281	3.84	1.04	12.24	6	1.42	1	2.84	9.28	12.24	8.07	399.59	380.37	1.192	5.773	6.95	33.65	499.9	1500	31	68.42	-2.07	0.232	1.0	-0.22	2.74	1.00	0.00	0.16	111115
30	"10:12:09"	2266.0	0	14.6	0.275	281	3.84	1.03	12.23	6	1.42	1	2.84	9.28	12.23	8.07	399.58	380.36	1.191	5.770	6.94	33.63	499.9	1500	31	68.42	-2.07	0.232	1.0	-0.22	2.74	1.00	0.00	0.16	111115
"10:12:19 Coolers: Tblock -> 13.00 C"
"10:14:46 Flow: Fixed -> 500 umol/s"
31	"10:15:26"	2464.0	0	14.6	0.238	267	3.67	1.12	14.52	6	1.42	1	2.84	13.31	14.52	13.14	399.99	380.80	3.488	7.852	15.56	35.02	500.0	1499	27	68.42	-2.17	0.238	1.0	-0.22	2.74	1.00	0.00	0.16	111115
32	"10:15:26"	2464.0	0	14.6	0.238	267	3.67	1.12	14.52	6	1.42	1	2.84	13.31	14.52	13.14	399.99	380.80	3.488	7.852	15.56	35.02	500.0	1499	27	68.42	-2.17	0.238	1.0	-0.22	2.74	1.00	0.00	0.16	111115
33	"10:15:27"	2464.0	0	14.6	0.238	267	3.67	1.12	14.52	6	1.42	1	2.84	13.31	14.52	13.14	399.99	380.80	3.488	7.852	15.56	35.02	500.0	1499	27	68.42	-2.17	0.238	1.0	-0.22	2.74	1.00	0.00	0.16	111115
34	"10:15:27"	2464.5	0	14.6	0.239	267	3.67	1.12	14.52	6	1.42	1	2.84	13.31	14.52	13.14	399.98	380.80	3.488	7.854	15.55	35.03	500.0	1499	27	68.42	-2.17	0.238	1.0	-0.22	2.74	1.00	0.00	0.16	111115
35	"10:15:28"	2465.0	0	14.5	0.238	268	3.67	1.12	14.52	6	1.42	1	2.84	13.32	14.52	13.15	399.96	380.83	3.488	7.855	15.55	35.03	500.0	1499	27	68.42	-2.17	0.238	1.0	-0.22	2.74	1.00	0.00	0.16	111115
36	"10:15:28"	2465.5	0	14.5	0.238	268	3.67	1.12	14.53	6	1.42	1	2.84	13.32	14.53	13.15	399.94	380.81	3.488	7.854	15.55	35.02	499.9	1499	27	68.42	-2.17	0.238	1.0	-0.22	2.74	1.00	0.00	0.16	111115
37	"10:15:29"	2466.0	0	14.6	0.238	267	3.67	1.12	14.53	6	1.42	1	2.84	13.32	14.53	13.15	399.92	380.78	3.488	7.852	15.55	35.01	499.9	1499	27	68.42	-2.17	0.238	1.0	-0.22	2.74	1.00	0.00	0.16	111115
38	"10:15:29"	2466.5	0	14.5	0.238	268	3.66	1.12	14.53	6	1.42	1	2.84	13.32	14.53	13.15	399.89	380.79	3.488	7.851	15.55	35.00	499.9	1499	27	68.42	-2.17	0.238	1.0	-0.22	2.74	1.00	0.00	0.16	111115
39	"10:15:30"	2467.0	0	14.5	0.238	267	3.66	1.12	14.53	6	1.42	1	2.84	13.32	14.53	13.15	399.89	380.76	3.488	7.851	15.55	35.00	500.0	1499	27	68.42	-2.17	0.238	1.0	-0.22	2.74	1.00	0.00	0.16	111115
40	"10:15:30"	2467.5	0	14.5	0.238	267	3.66	1.12	14.54	6	1.42	1	2.84	13.32	14.54	13.15	399.90	380.78	3.487	7.850	15.55	35.00	499.9	1499	27	68.42	-2.17	0.238	1.0	-0.22	2.74	1.00	0.00	0.16	111115
41	"10:15:31"	2468.0	0	14.5	0.238	268	3.66	1.12	14.54	6	1.42	1	2.84	13.32	14.54	13.15	399.86	380.78	3.488	7.850	15.55	34.99	500.0	1499	27	68.43	-2.17	0.238	1.0	-0.22	2.74	1.00	0.00	0.16	111115
42	"10:15:31"	2468.5	0	14.5	0.238	268	3.66	1.12	14.54	6	1.42	1	2.84	13.32	14.54	13.15	399.83	380.78	3.487	7.848	15.54	34.98	500.0	1499	27	68.43	-2.17	0.238	1.0	-0.22	2.74	1.00	0.00	0.16	111115
43	"10:15:32"	2469.0	0	14.4	0.237	268	3.66	1.12	14.54	6	1.42	1	2.84	13.32	14.54	13.15	399.80	380.78	3.487	7.846	15.54	34.97	500.0	1499	27	68.43	-2.17	0.238	1.0	-0.22	2.74	1.00	0.00	0.16	111115
44	"10:15:32"	2469.5	0	14.4	0.237	268	3.66	1.12	14.54	6	1.42	1	2.84	13.32	14.54	13.15	399.79	380.79	3.486	7.846	15.54	34.97	499.9	1499	27	68.42	-2.17	0.238	1.0	-0.22	2.74	1.00	0.00	0.16	111115
45	"10:15:33"	2470.0	0	14.4	0.237	268	3.66	1.13	14.55	6	1.42	1	2.84	13.32	14.55	13.15	399.80	380.81	3.485	7.845	15.53	34.96	499.9	1499	27	68.42	-2.17	0.238	1.0	-0.22	2.74	1.00	0.00	0.16	111115
"10:15:43 Coolers: Tblock -> 18.00 C"
"10:18:41 Flow: Fixed -> 500 umol/s"
46	"10:18:58"	2675.5	0	15.2	0.237	261	3.8	1.17	16.52	6	1.42	1	2.84	17.17	16.52	18.02	400.79	380.77	5.998	10.507	20.87	36.57	500.0	1500	27	68.43	-2.37	0.22	1.0	-0.22	2.74	1.00	0.00	0.16	111115
47	"10:18:58"	2675.5	0	15.2	0.237	261	3.8	1.17	16.52	6	1.42	1	2.84	17.17	16.52	18.02	400.79	380.77	5.998	10.507	20.87	36.57	500.0	1500	27	68.43	-2.37	0.22	1.0	-0.22	2.74	1.00	0.00	0.16	111115
48	"10:18:59"	2676.0	0	15.2	0.237	262	3.8	1.17	16.52	6	1.42	1	2.84	17.17	16.52	18.02	400.80	380.80	5.998	10.508	20.87	36.57	499.9	1500	27	68.43	-2.37	0.22	1.0	-0.22	2.74	1.00	0.00	0.16	111115
49	"10:18:59"	2676.0	0	15.2	0.237	262	3.8	1.17	16.52	6	1.42	1	2.84	17.17	16.52	18.02	400.80	380.80	5.998	10.508	20.87	36.57	499.9	1500	27	68.43	-2.37	0.22	1.0	-0.22	2.74	1.00	0.00	0.16	111115
50	"10:18:59"	2676.5	0	15.2	0.237	262	3.8	1.17	16.52	6	1.42	1	2.84	17.17	16.52	18.02	400.77	380.79	5.997	10.510	20.87	36.58	500.0	1500	27	68.43	-2.37	0.22	1.0	-0.22	2.74	1.00	0.00	0.16	111115
51	"10:19:00"	2677.0	0	15.2	0.237	262	3.8	1.17	16.51	6	1.42	1	2.84	17.18	16.51	18.02	400.78	380.75	5.996	10.509	20.87	36.57	499.9	1500	27	68.43	-2.37	0.22	1.0	-0.22	2.74	1.00	0.00	0.16	111115
52	"10:19:00"	2677.5	0	15.2	0.237	262	3.8	1.17	16.51	6	1.42	1	2.84	17.18	16.51	18.02	400.75	380.72	5.996	10.509	20.86	36.57	499.9	1500	27	68.43	-2.37	0.22	1.0	-0.22	2.74	1.00	0.00	0.16	111115
53	"10:19:01"	2678.0	0	15.2	0.237	262	3.8	1.17	16.52	6	1.42	1	2.84	17.18	16.52	18.02	400.71	380.74	5.996	10.507	20.86	36.56	499.9	1500	27	68.43	-2.37	0.22	1.0	-0.22	2.74	1.00	0.00	0.16	111115
54	"10:19:01"	2678.5	0	15.2	0.237	262	3.8	1.17	16.52	6	1.42	1	2.84	17.18	16.52	18.02	400.69	380.75	5.996	10.505	20.86	36.56	499.9	1500	27	68.43	-2.37	0.22	1.0	-0.22	2.74	1.00	0.00	0.16	111115
55	"10:19:02"	2679.0	0	15.1	0.237	262	3.8	1.17	16.52	6	1.42	1	2.84	17.18	16.52	18.02	400.67	380.77	5.995	10.505	20.86	36.55	499.9	1500	27	68.43	-2.37	0.22	1.0	-0.22	2.74	1.00	0.00	0.16	111115
56	"10:19:02"	2679.5	0	15.1	0.237	262	3.8	1.17	16.52	6	1.42	1	2.84	17.18	16.52	18.02	400.68	380.76	5.995	10.505	20.86	36.55	499.9	1501	27	68.43	-2.37	0.22	1.0	-0.22	2.74	1.00	0.00	0.16	111115
57	"10:19:03"	2680.0	0	15.2	0.237	262	3.8	1.17	16.52	6	1.42	1	2.84	17.18	16.52	18.02	400.68	380.70	5.994	10.505	20.86	36.55	499.9	1501	27	68.43	-2.37	0.22	1.0	-0.22	2.74	1.00	0.00	0.16	111115
58	"10:19:03"	2680.5	0	15.2	0.237	262	3.8	1.17	16.52	6	1.42	1	2.84	17.18	16.52	18.02	400.70	380.70	5.995	10.504	20.86	36.55	499.9	1501	27	68.43	-2.37	0.22	1.0	-0.22	2.74	1.00	0.00	0.16	111115
59	"10:19:04"	2681.0	0	15.2	0.237	261	3.8	1.17	16.52	6	1.42	1	2.84	17.18	16.52	18.02	400.73	380.70	5.994	10.504	20.85	36.55	500.0	1501	27	68.43	-2.37	0.22	1.0	-0.22	2.74	1.00	0.00	0.16	111115
60	"10:19:04"	2681.5	0	15.3	0.237	261	3.8	1.17	16.52	6	1.42	1	2.84	17.18	16.52	18.02	400.79	380.74	5.994	10.505	20.85	36.55	500.0	1501	27	68.43	-2.37	0.22	1.0	-0.22	2.74	1.00	0.00	0.16	111115
"10:19:19 Coolers: Tblock -> 23.00 C"
"10:21:54 Flow: Fixed -> 500 umol/s"
61	"10:22:21"	2879.5	0	15.6	0.242	260	4.02	1.21	18.64	6	1.42	1	2.84	21.27	18.64	23.11	400.77	380.21	9.123	13.885	24.60	37.45	500.0	1499	28	68.43	-2.3	0.176	1.0	-0.22	2.74	1.00	0.00	0.16	111115
62	"10:22:22"	2879.5	0	15.6	0.242	260	4.02	1.21	18.64	6	1.42	1	2.84	21.27	18.64	23.11	400.77	380.21	9.123	13.885	24.60	37.45	500.0	1499	28	68.43	-2.3	0.176	1.0	-0.22	2.74	1.00	0.00	0.16	111115
63	"10:22:22"	2880.0	0	15.6	0.242	260	4.03	1.21	18.65	6	1.42	1	2.84	21.27	18.65	23.11	400.82	380.23	9.124	13.887	24.60	37.45	500.0	1499	28	68.43	-2.3	0.176	1.0	-0.22	2.74	1.00	0.00	0.16	111115
64	"10:22:23"	2880.5	0	15.7	0.242	260	4.03	1.21	18.65	6	1.42	1	2.84	21.27	18.65	23.11	400.84	380.20	9.124	13.889	24.60	37.45	500.0	1499	28	68.43	-2.3	0.176	1.0	-0.22	2.74	1.00	0.00	0.16	111115
65	"10:22:23"	2881.0	0	15.7	0.242	260	4.03	1.21	18.65	6	1.42	1	2.84	21.27	18.65	23.11	400.88	380.20	9.125	13.892	24.60	37.45	500.0	1499	28	68.43	-2.3	0.176	1.0	-0.22	2.74	1.00	0.00	0.16	111115
66	"10:22:24"	2881.5	0	15.7	0.242	260	4.03	1.21	18.66	6	1.42	1	2.84	21.28	18.66	23.11	400.89	380.21	9.125	13.894	24.60	37.45	500.0	1499	28	68.43	-2.3	0.176	1.0	-0.22	2.74	1.00	0.00	0.16	111115
67	"10:22:24"	2882.0	0	15.8	0.242	259	4.03	1.21	18.66	6	1.42	1	2.84	21.28	18.66	23.11	400.92	380.16	9.125	13.895	24.59	37.45	500.0	1499	28	68.43	-2.3	0.176	1.0	-0.22	2.74	1.00	0.00	0.16	111115
68	"10:22:25"	2882.5	0	15.7	0.242	260	4.03	1.21	18.66	6	1.42	1	2.84	21.28	18.66	23.11	400.85	380.16	9.125	13.897	24.59	37.45	500.0	1499	28	68.43	-2.3	0.176	1.0	-0.22	2.74	1.00	0.00	0.16	111115
69	"10:22:25"	2883.0	0	15.6	0.242	260	4.03	1.21	18.66	6	1.42	1	2.84	21.28	18.66	23.11	400.79	380.18	9.127	13.899	24.59	37.45	500.0	1499	28	68.43	-2.3	0.176	1.0	-0.22	2.74	1.00	0.00	0.16	111115
70	"10:22:26"	2883.5	0	15.6	0.242	260	4.03	1.21	18.67	6	1.42	1	2.84	21.28	18.67	23.11	400.76	380.19	9.128	13.900	24.59	37.45	500.0	1499	28	68.43	-2.3	0.176	1.0	-0.22	2.74	1.00	0.00	0.16	111115
71	"10:22:26"	2884.0	0	15.6	0.242	260	4.03	1.21	18.67	6	1.42	1	2.84	21.28	18.67	23.11	400.75	380.17	9.128	13.902	24.59	37.45	500.0	1499	28	68.43	-2.3	0.176	1.0	-0.22	2.74	1.00	0.00	0.16	111115
72	"10:22:27"	2884.5	0	15.6	0.242	260	4.03	1.21	18.67	6	1.42	1	2.84	21.29	18.67	23.11	400.78	380.17	9.128	13.902	24.59	37.45	500.0	1499	28	68.43	-2.3	0.176	1.0	-0.22	2.74	1.00	0.00	0.16	111115
73	"10:22:27"	2885.0	0	15.7	0.242	260	4.04	1.21	18.67	6	1.42	1	2.84	21.29	18.67	23.11	400.77	380.13	9.128	13.904	24.59	37.45	500.0	1499	28	68.43	-2.3	0.176	1.0	-0.22	2.74	1.00	0.00	0.16	111115
74	"10:22:28"	2885.5	0	15.7	0.242	260	4.04	1.21	18.67	6	1.42	1	2.84	21.29	18.67	23.11	400.79	380.08	9.127	13.906	24.58	37.45	500.0	1499	28	68.43	-2.3	0.176	1.0	-0.22	2.74	1.00	0.00	0.16	111115
75	"10:22:28"	2886.0	0	15.7	0.242	260	4.04	1.21	18.67	6	1.42	1	2.84	21.29	18.67	23.11	400.77	380.13	9.127	13.907	24.58	37.46	500.0	1499	28	68.43	-2.3	0.176	1.0	-0.22	2.74	1.00	0.00	0.16	111115
"10:22:39 Coolers: Tblock -> 28.00 C"
"10:27:05 Flow: Fixed -> 500 umol/s"
"10:28:02 Flow: Fixed -> 500 umol/s"
76	"10:28:25"	3242.5	0	16.4	0.247	253	5.09	1.49	22.20	6	1.42	1	2.84	26.00	22.20	27.99	400.31	378.33	11.488	17.492	23.30	35.48	500.0	1499	28	68.43	-1.78	0.126	1.0	-0.22	2.74	1.00	0.00	0.16	111115
77	"10:28:25"	3242.5	0	16.4	0.247	253	5.09	1.49	22.20	6	1.42	1	2.84	26.00	22.20	27.99	400.31	378.33	11.488	17.492	23.30	35.48	500.0	1499	28	68.43	-1.78	0.126	1.0	-0.22	2.74	1.00	0.00	0.16	111115
78	"10:28:26"	3243.0	0	16.4	0.247	253	5.09	1.49	22.20	6	1.42	1	2.84	26.00	22.20	27.99	400.34	378.35	11.488	17.495	23.30	35.49	500.0	1499	28	68.44	-1.78	0.126	1.0	-0.22	2.74	1.00	0.00	0.16	111115
79	"10:28:26"	3243.0	0	16.4	0.247	253	5.09	1.49	22.20	6	1.42	1	2.84	26.00	22.20	27.99	400.34	378.35	11.488	17.495	23.30	35.49	500.0	1499	28	68.44	-1.78	0.126	1.0	-0.22	2.74	1.00	0.00	0.16	111115
80	"10:28:27"	3243.5	0	16.4	0.248	253	5.1	1.49	22.19	6	1.42	1	2.84	26.00	22.19	27.99	400.36	378.35	11.487	17.496	23.30	35.48	500.0	1499	28	68.43	-1.78	0.126	1.0	-0.22	2.74	1.00	0.00	0.16	111115
81	"10:28:27"	3244.0	0	16.4	0.248	253	5.1	1.49	22.19	6	1.42	1	2.84	26.00	22.19	27.99	400.38	378.34	11.487	17.500	23.30	35.49	500.0	1499	28	68.43	-1.78	0.126	1.0	-0.22	2.74	1.00	0.00	0.16	111115
82	"10:28:28"	3244.5	0	16.4	0.248	253	5.1	1.49	22.19	6	1.42	1	2.84	26.00	22.19	27.99	400.39	378.37	11.486	17.503	23.29	35.50	500.0	1499	28	68.43	-1.78	0.126	1.0	-0.22	2.74	1.00	0.00	0.16	111115
83	"10:28:28"	3245.0	0	16.4	0.248	254	5.1	1.49	22.19	6	1.42	1	2.84	26.00	22.19	27.99	400.36	378.37	11.486	17.504	23.29	35.50	500.0	1499	28	68.43	-1.78	0.126	1.0	-0.22	2.74	1.00	0.00	0.16	111115
84	"10:28:29"	3245.5	0	16.4	0.248	254	5.11	1.49	22.19	6	1.42	1	2.84	26.00	22.19	27.99	400.35	378.38	11.485	17.506	23.29	35.50	500.0	1499	28	68.43	-1.78	0.126	1.0	-0.22	2.74	1.00	0.00	0.16	111115
85	"10:28:29"	3246.0	0	16.3	0.248	254	5.11	1.49	22.19	6	1.42	1	2.84	26.01	22.19	27.99	400.36	378.43	11.486	17.507	23.29	35.50	500.0	1499	28	68.43	-1.78	0.126	1.0	-0.22	2.74	1.00	0.00	0.16	111115
86	"10:28:30"	3246.5	0	16.4	0.248	254	5.11	1.49	22.20	6	1.42	1	2.84	26.01	22.20	27.99	400.39	378.40	11.487	17.509	23.29	35.50	500.0	1499	28	68.43	-1.78	0.126	1.0	-0.22	2.74	1.00	0.00	0.16	111115
87	"10:28:30"	3247.0	0	16.4	0.248	254	5.11	1.49	22.20	6	1.42	1	2.84	26.01	22.20	27.99	400.38	378.38	11.487	17.509	23.29	35.50	500.0	1499	28	68.43	-1.78	0.126	1.0	-0.22	2.74	1.00	0.00	0.16	111115
88	"10:28:31"	3247.5	0	16.4	0.248	253	5.11	1.49	22.21	6	1.42	1	2.84	26.01	22.21	27.99	400.40	378.37	11.487	17.512	23.29	35.50	500.0	1499	28	68.43	-1.78	0.126	1.0	-0.22	2.74	1.00	0.00	0.16	111115
89	"10:28:31"	3248.0	0	16.4	0.248	253	5.11	1.49	22.21	6	1.42	1	2.84	26.01	22.21	27.99	400.42	378.37	11.487	17.514	23.29	35.50	500.0	1499	28	68.43	-1.78	0.126	1.0	-0.22	2.74	1.00	0.00	0.16	111115
90	"10:28:32"	3248.5	0	16.4	0.248	254	5.11	1.49	22.21	6	1.42	1	2.84	26.01	22.21	27.99	400.40	378.40	11.488	17.514	23.28	35.50	499.9	1499	28	68.43	-1.78	0.126	1.0	-0.22	2.74	1.00	0.00	0.16	111115
"10:28:45 Coolers: Tblock -> 33.00 C"
"10:34:41 Flow: Fixed -> 500 umol/s"
"10:39:23 Flow: Fixed -> 500 umol/s"
91	"10:39:58"	3935.0	0	17.2	0.264	252	6.19	1.69	25.49	6	1.42	1	2.84	30.73	25.49	33.07	401.31	377.87	15.837	23.092	24.40	35.58	500.0	1500	30	68.43	-1.46	0.0437	1.0	-0.22	2.74	1.00	0.00	0.16	111115
92	"10:39:58"	3935.0	0	17.2	0.264	252	6.19	1.69	25.49	6	1.42	1	2.84	30.73	25.49	33.07	401.31	377.87	15.837	23.092	24.40	35.58	500.0	1500	30	68.43	-1.46	0.0437	1.0	-0.22	2.74	1.00	0.00	0.16	111115
93	"10:39:59"	3935.5	0	17.2	0.264	253	6.19	1.69	25.48	6	1.42	1	2.84	30.73	25.48	33.07	401.29	377.87	15.837	23.094	24.40	35.58	499.9	1500	31	68.43	-1.46	0.0437	1.0	-0.22	2.74	1.00	0.00	0.16	111115
94	"10:39:59"	3936.0	0	17.2	0.264	253	6.18	1.69	25.48	6	1.42	1	2.84	30.73	25.48	33.07	401.29	377.87	15.839	23.091	24.40	35.57	499.9	1500	31	68.43	-1.46	0.0437	1.0	-0.22	2.74	1.00	0.00	0.16	111115
95	"10:40:00"	3936.5	0	17.2	0.264	253	6.18	1.69	25.47	6	1.42	1	2.84	30.73	25.47	33.07	401.30	377.87	15.839	23.091	24.40	35.57	499.9	1500	31	68.43	-1.46	0.0437	1.0	-0.22	2.74	1.00	0.00	0.16	111115
96	"10:40:00"	3937.0	0	17.2	0.264	252	6.19	1.69	25.47	6	1.42	1	2.84	30.73	25.47	33.07	401.34	377.86	15.838	23.093	24.40	35.57	499.9	1500	31	68.43	-1.46	0.0437	1.0	-0.22	2.74	1.00	0.00	0.16	111115
97	"10:40:01"	3937.5	0	17.3	0.264	252	6.19	1.69	25.48	6	1.42	1	2.84	30.73	25.48	33.07	401.37	377.82	15.837	23.096	24.40	35.58	499.9	1500	31	68.43	-1.46	0.0437	1.0	-0.22	2.74	1.00	0.00	0.16	111115
98	"10:40:01"	3938.0	0	17.3	0.264	252	6.19	1.69	25.48	6	1.42	1	2.84	30.73	25.48	33.07	401.39	377.80	15.837	23.097	24.39	35.58	499.9	1500	31	68.43	-1.46	0.0437	1.0	-0.22	2.74	1.00	0.00	0.16	111115
99	"10:40:02"	3938.5	0	17.3	0.264	252	6.19	1.69	25.47	6	1.42	1	2.84	30.73	25.47	33.07	401.37	377.82	15.836	23.098	24.39	35.58	499.9	1500	31	68.43	-1.46	0.0437	1.0	-0.22	2.74	1.00	0.00	0.16	111115
100	"10:40:02"	3939.0	0	17.3	0.264	252	6.2	1.69	25.48	6	1.42	1	2.84	30.73	25.48	33.07	401.36	377.82	15.836	23.100	24.39	35.58	500.0	1500	31	68.43	-1.46	0.0437	1.0	-0.22	2.74	1.00	0.00	0.16	111115
101	"10:40:03"	3939.5	0	17.3	0.264	252	6.2	1.69	25.48	6	1.42	1	2.84	30.73	25.48	33.07	401.40	377.80	15.836	23.099	24.39	35.58	500.0	1500	31	68.43	-1.46	0.0437	1.0	-0.22	2.74	1.00	0.00	0.16	111115
102	"10:40:03"	3940.0	0	17.3	0.264	252	6.2	1.69	25.48	6	1.42	1	2.84	30.73	25.48	33.07	401.43	377.80	15.834	23.103	24.39	35.58	499.9	1500	31	68.43	-1.46	0.0437	1.0	-0.22	2.74	1.00	0.00	0.16	111115
103	"10:40:04"	3940.5	0	17.4	0.264	252	6.2	1.69	25.48	6	1.42	1	2.84	30.73	25.48	33.07	401.44	377.78	15.835	23.103	24.39	35.58	500.0	1500	31	68.43	-1.46	0.0437	1.0	-0.22	2.74	1.00	0.00	0.16	111115
104	"10:40:04"	3941.0	0	17.4	0.264	251	6.2	1.69	25.48	6	1.42	1	2.84	30.73	25.48	33.07	401.44	377.77	15.836	23.101	24.39	35.58	500.0	1500	31	68.43	-1.46	0.0437	1.0	-0.22	2.74	1.00	0.00	0.16	111115
105	"10:40:05"	3941.5	0	17.4	0.264	252	6.19	1.69	25.48	6	1.42	1	2.84	30.73	25.48	33.07	401.46	377.81	15.836	23.099	24.39	35.57	499.9	1500	31	68.43	-1.46	0.0437	1.0	-0.22	2.74	1.00	0.00	0.16	111115
"10:40:20 Coolers: Tblock -> 38.00 C"
"10:45:25 Flow: Fixed -> 500 umol/s"
"10:46:03 Lamp: ParIn ->  1500 uml"
"10:46:03 CO2 Mixer: CO2R -> 400 uml"
"10:46:03 Coolers: Tblock -> 38.00 C"
"10:46:03 Flow: Fixed -> 500 umol/s"
"10:48:55 Coolers: Tblock -> 35.00 C"
"10:50:55 Flow: Fixed -> 500 umol/s"
106	"10:51:22"	4619.0	0	16.1	0.215	236	6.15	2.02	27.90	6	1.42	1	2.84	32.86	27.90	35.02	400.35	378.28	18.416	25.613	25.14	34.96	499.9	1499	41	68.42	-0.861	0.0421	1.0	-0.22	2.74	1.00	0.00	0.16	111115
107	"10:51:22"	4619.0	0	16.1	0.215	236	6.15	2.02	27.90	6	1.42	1	2.84	32.86	27.90	35.02	400.35	378.28	18.416	25.613	25.14	34.96	499.9	1499	41	68.42	-0.861	0.0421	1.0	-0.22	2.74	1.00	0.00	0.16	111115
108	"10:51:23"	4619.5	0	16.1	0.215	236	6.16	2.02	27.90	6	1.42	1	2.84	32.86	27.90	35.02	400.42	378.27	18.415	25.614	25.14	34.96	499.9	1499	41	68.42	-0.861	0.0421	1.0	-0.22	2.74	1.00	0.00	0.16	111115
109	"10:51:23"	4620.0	0	16.1	0.215	236	6.16	2.02	27.90	6	1.42	1	2.84	32.86	27.90	35.01	400.41	378.27	18.416	25.615	25.14	34.96	499.9	1499	41	68.42	-0.861	0.0421	1.0	-0.22	2.74	1.00	0.00	0.16	111115
110	"10:51:24"	4620.5	0	16.2	0.215	235	6.16	2.02	27.90	6	1.42	1	2.84	32.86	27.90	35.02	400.46	378.27	18.415	25.617	25.13	34.96	499.9	1499	42	68.42	-0.861	0.0421	1.0	-0.22	2.74	1.00	0.00	0.16	111115
111	"10:51:24"	4621.0	0	16.1	0.215	236	6.16	2.02	27.90	6	1.42	1	2.84	32.86	27.90	35.02	400.46	378.28	18.414	25.616	25.13	34.96	499.9	1499	41	68.42	-0.861	0.0421	1.0	-0.22	2.74	1.00	0.00	0.16	111115
112	"10:51:25"	4621.5	0	16.1	0.215	236	6.15	2.02	27.90	6	1.42	1	2.84	32.86	27.90	35.02	400.42	378.31	18.414	25.613	25.13	34.96	499.9	1499	42	68.42	-0.861	0.0421	1.0	-0.22	2.74	1.00	0.00	0.16	111115
113	"10:51:25"	4622.0	0	16.1	0.215	236	6.15	2.02	27.90	6	1.42	1	2.84	32.86	27.90	35.02	400.44	378.32	18.417	25.613	25.13	34.95	499.9	1499	42	68.42	-0.861	0.0421	1.0	-0.22	2.74	1.00	0.00	0.16	111115
114	"10:51:26"	4622.5	0	16.1	0.215	236	6.15	2.02	27.90	6	1.42	1	2.84	32.86	27.90	35.02	400.42	378.35	18.418	25.612	25.13	34.95	499.9	1499	42	68.42	-0.861	0.0421	1.0	-0.22	2.74	1.00	0.00	0.16	111115
115	"10:51:26"	4623.0	0	16	0.215	236	6.15	2.02	27.90	6	1.42	1	2.84	32.87	27.90	35.02	400.39	378.34	18.419	25.611	25.13	34.95	499.9	1499	41	68.42	-0.861	0.0421	1.0	-0.22	2.74	1.00	0.00	0.16	111115
116	"10:51:27"	4623.5	0	16	0.215	236	6.15	2.02	27.90	6	1.42	1	2.84	32.87	27.90	35.02	400.38	378.37	18.421	25.611	25.14	34.95	499.9	1499	41	68.42	-0.861	0.0421	1.0	-0.22	2.74	1.00	0.00	0.16	111115
117	"10:51:27"	4624.0	0	16	0.215	236	6.15	2.02	27.91	6	1.42	1	2.84	32.87	27.91	35.02	400.39	378.39	18.422	25.611	25.14	34.95	499.9	1499	41	68.42	-0.861	0.0421	1.0	-0.22	2.74	1.00	0.00	0.16	111115
118	"10:51:28"	4624.5	0	16	0.215	237	6.15	2.02	27.91	6	1.42	1	2.84	32.87	27.91	35.02	400.37	378.43	18.423	25.612	25.14	34.95	500.0	1499	41	68.42	-0.861	0.0421	1.0	-0.22	2.74	1.00	0.00	0.16	111115
119	"10:51:28"	4625.0	0	16	0.215	237	6.15	2.02	27.91	6	1.42	1	2.84	32.87	27.91	35.02	400.39	378.44	18.423	25.612	25.14	34.94	500.0	1499	41	68.42	-0.861	0.0421	1.0	-0.22	2.74	1.00	0.00	0.16	111115
120	"10:51:29"	4625.5	0	16	0.215	236	6.15	2.02	27.92	6	1.42	1	2.84	32.87	27.92	35.02	400.46	378.43	18.425	25.617	25.14	34.95	500.0	1499	41	68.42	-0.861	0.0421	1.0	-0.22	2.74	1.00	0.00	0.16	111115
"10:51:44 Coolers: Tblock -> 40.00 C"
"10:56:45 Flow: Fixed -> 500 umol/s"
"10:58:50 Coolers: Tblock -> 37.00 C"
"10:59:32 Flow: Fixed -> 500 umol/s"
121	"11:00:14"	5152.0	0	14.7	0.178	225	5.7	2.22	29.89	6	1.42	1	2.84	34.79	29.89	36.97	399.78	379.56	22.845	29.486	27.99	36.13	499.9	1501	45	68.42	-0.453	-0.00126	1.0	-0.22	2.74	1.00	0.00	0.16	111115
122	"11:00:15"	5152.0	0	14.7	0.178	225	5.7	2.22	29.89	6	1.42	1	2.84	34.79	29.89	36.97	399.78	379.56	22.845	29.486	27.99	36.13	499.9	1501	45	68.42	-0.453	-0.00126	1.0	-0.22	2.74	1.00	0.00	0.16	111115
123	"11:00:15"	5152.5	0	14.6	0.178	225	5.7	2.22	29.89	6	1.42	1	2.84	34.79	29.89	36.97	399.76	379.61	22.846	29.483	27.99	36.12	499.8	1501	45	68.42	-0.453	-0.00126	1.0	-0.22	2.74	1.00	0.00	0.16	111115
124	"11:00:16"	5153.0	0	14.6	0.178	225	5.7	2.22	29.89	6	1.42	1	2.84	34.79	29.89	36.97	399.76	379.60	22.845	29.483	27.99	36.13	499.8	1501	45	68.42	-0.453	-0.00126	1.0	-0.22	2.74	1.00	0.00	0.16	111115
125	"11:00:16"	5153.5	0	14.7	0.178	224	5.7	2.22	29.90	6	1.42	1	2.84	34.79	29.90	36.97	399.83	379.58	22.845	29.484	27.99	36.12	499.9	1501	45	68.42	-0.453	-0.00126	1.0	-0.22	2.74	1.00	0.00	0.16	111115
126	"11:00:17"	5154.0	0	14.7	0.178	224	5.7	2.22	29.89	6	1.42	1	2.84	34.79	29.89	36.97	399.84	379.59	22.846	29.485	27.99	36.13	499.8	1501	45	68.42	-0.453	-0.00126	1.0	-0.22	2.74	1.00	0.00	0.16	111115
127	"11:00:17"	5154.5	0	14.7	0.178	224	5.7	2.22	29.90	6	1.42	1	2.84	34.79	29.90	36.97	399.87	379.58	22.846	29.486	27.99	36.13	499.9	1501	45	68.42	-0.453	-0.00126	1.0	-0.22	2.74	1.00	0.00	0.16	111115
128	"11:00:18"	5155.0	0	14.7	0.178	224	5.7	2.22	29.89	6	1.42	1	2.84	34.79	29.89	36.97	399.85	379.58	22.846	29.484	27.99	36.12	499.8	1501	45	68.42	-0.453	-0.00126	1.0	-0.22	2.74	1.00	0.00	0.16	111115
129	"11:00:18"	5155.5	0	14.7	0.178	224	5.7	2.22	29.89	6	1.42	1	2.84	34.79	29.89	36.97	399.82	379.57	22.846	29.482	27.99	36.12	499.8	1501	45	68.42	-0.453	-0.00126	1.0	-0.22	2.74	1.00	0.00	0.16	111115
130	"11:00:19"	5156.0	0	14.7	0.178	224	5.69	2.22	29.89	6	1.42	1	2.84	34.79	29.89	36.97	399.84	379.57	22.846	29.479	27.99	36.12	499.8	1501	45	68.42	-0.453	-0.00126	1.0	-0.22	2.74	1.00	0.00	0.16	111115
131	"11:00:19"	5156.5	0	14.8	0.178	224	5.69	2.22	29.88	6	1.42	1	2.84	34.79	29.88	36.97	399.87	379.57	22.848	29.479	27.99	36.12	499.8	1501	45	68.42	-0.453	-0.00126	1.0	-0.22	2.74	1.00	0.00	0.16	111115
132	"11:00:20"	5157.0	0	14.8	0.178	224	5.69	2.21	29.88	6	1.42	1	2.84	34.79	29.88	36.97	399.92	379.57	22.848	29.479	27.99	36.12	499.9	1501	45	68.42	-0.453	-0.00126	1.0	-0.22	2.74	1.00	0.00	0.16	111115
133	"11:00:20"	5157.5	0	14.8	0.178	224	5.69	2.21	29.88	6	1.42	1	2.84	34.79	29.88	36.97	399.91	379.57	22.849	29.478	28.00	36.12	499.9	1501	45	68.42	-0.453	-0.00126	1.0	-0.22	2.74	1.00	0.00	0.16	111115
134	"11:00:21"	5158.0	0	14.8	0.178	224	5.69	2.21	29.88	6	1.42	1	2.84	34.79	29.88	36.97	399.93	379.59	22.848	29.476	27.99	36.12	499.9	1501	45	68.42	-0.453	-0.00126	1.0	-0.22	2.74	1.00	0.00	0.16	111115
135	"11:00:21"	5158.5	0	14.7	0.178	224	5.69	2.21	29.87	6	1.42	1	2.84	34.79	29.87	36.97	399.93	379.64	22.850	29.474	28.00	36.11	499.9	1501	45	68.42	-0.453	-0.00126	1.0	-0.22	2.74	1.00	0.00	0.16	111115
