"OPEN 6.2.4"
"Sat Jun 27 2015 14:14:12"
<open><version>"6.2.4"</version></open>
<open><configfile>"/User/Configs/UserPrefs/2x3 LED.xml"</configfile></open>
<open><light><source>"6400-02 or -02B LED Source"</source><par_in>1<sensor>"SI-3781"<cal>-0.93<actinity>1.00</actinity><transm>1.00</transm></cal></sensor><transm>1</transm></par_in><par_out>1<sensor>"Q49599"<cal>7.26</cal></sensor></par_out></light></open>
<open><comps><file>"/User/Configs/Comps/StdComps_6.2"<header>""</header><extras></extras></file><energybal>no<f_parIn>1</f_parIn><f_parOut>0</f_parOut><alphaK>0.16</alphaK></energybal><bc_total>2.840<stomatal_ratio>1</stomatal_ratio><bc_oneside>1.420<type>2</type><table>"/Sys/Lib/StdBLCTable"</table><area>6</area><slope>-0.219565</slope><offset>2.73739</offset><fan>5</fan></bc_oneside></bc_total></comps></open>
<open><prompts><onlog>off</onlog><items>"Default (none)"</items></prompts></open>
<open><constants><oxygen>21 %</oxygen><bb_vapor>1.5</bb_vapor><bb_oxy>0.9</bb_oxy></constants></open>
<open><stability><items>"Std Stability"<items[1]><id>-2</id><size>15</size><pcv><onoff>0</onoff><value>1</value></pcv><std><onoff>0</onoff><value>1</value></std><slp><onoff>1</onoff><value>1</value></slp></items[1]><items[2]><id>-5</id><size>15</size><pcv><onoff>0</onoff><value>1</value></pcv><std><onoff>0</onoff><value>1</value></std><slp><onoff>1</onoff><value>1</value></slp></items[2]><items[3]><id>-7</id><size>15</size><pcv><onoff>0</onoff><value>1</value></pcv><std><onoff>0</onoff><value>1</value></std><slp><onoff>1</onoff><value>1</value></slp></items[3]></items></stability></open>
<open><log><format>"StdLogFmt_6.0"<items>{ -35 -21 -36 -76 30 23 36 21 25 221 -33 111 -34 11 -9 -10 -8 -1 -2 -4 -5 -14 -15 -7 -12 -13 -11 -65 -66 -72 -18 -19 -77 -78 -79 -23  }<hdr>{  }</hdr></items></format><options><beep>on</beep><hdr>normal</hdr><rem>normal</rem><stab>no</stab><stats>no<mean>no</mean><file>no</file><period>15</period></stats><excel>yes</excel><controls>yes</controls><comm>no</comm></options><datafile>"/User/stm-pdeba1"</datafile><button><action>"Normal Log"<code>" LogOneObsManual "</code></action></button><autoprog>"/User/Configs/AutoProgs/AutoLog2"<active>no</active></autoprog></log></open>
<open><a2d><avgtime>4.0 secs</avgtime><userchans><ch20>"Off"</ch20><ch21>"Off"</ch21><ch22>"Off"</ch22><ch23>"Off"</ch23></userchans></a2d></open>
<open><matching><type>0</type><disp>'a'</disp><settings><CO2Limit>10.0</CO2Limit><H2OLimit>1.0</H2OLimit><MaxAutoTime>60</MaxAutoTime></settings></matching></open>
<li6400><factory><unit>"PSC-3840"</unit><serviced>"1 Jul 2013"</serviced><fuseaware>0</fuseaware><co2mixer>yes</co2mixer><co2><coeffs>{ 0 0.213319 2.22998e-05 2.13159e-08 -3.88664e-12 3.69888e-16  }</coeffs><dvdt>-4.7</dvdt><xs>{ 0.0009 -0.0002  }</xs></co2><h2o><coeffs>{ 0 0.00572751 2.23485e-06 -7.37877e-12  }</coeffs><dvdt>-1.7</dvdt><xs>{ 0.0009 -0.0028  }</xs></h2o><flow>{ 0 0.3568  }</flow><press>{ 88.437 0.00551  }</press></factory></li6400>
<li6400><user><flow_zero>-468.8</flow_zero><irga_zero><co2>429.7 390.6<at>17.6901</at></co2><h2o>78.1 156.2<at>17.1607</at></h2o></irga_zero><irga_span><co2>{ 0.99237 0.992833  }</co2><h2o>{ 1.00426 0.996799  }</h2o></irga_span><irga_match><co2>{ 0.368307 -0.802368  }</co2><h2o>{ 0.00477181 0.0783121  }</h2o></irga_match><co2_mixer><pump_mv>4500</pump_mv><ppm>{ 2287.2 1080.71 423.89 257.488 117.195 68.0056 44.5242 37.9628  }</ppm><mv>{ 5000 3000 1500 1000 500 300 200 100  }</mv></co2_mixer><parin_offset>0</parin_offset><led_cal><unit>"SI-3781"</unit><mv>{ 10 25 50 100 1000 2000 3000 4000 5000  }</mv><qntm>{ 4.69642 15.4417 35.4805 82.2863 972.665 1922.29 2824.32 3690.14 4518.2  }</qntm></led_cal><lcf_cal><unit>"unknown"</unit><red><mv>{ 50 100 500 1000 1500 5000  }</mv><qntm>{ 50 100 500 1000 2000 5000  }</qntm></red><blue><mv>{ 100 200 500 1000 2000 5000  }</mv><qntm>{ 10 20 50 100 200 500  }</qntm></blue></lcf_cal></user></li6400>
"14:14:13 "
$STARTOFDATA$
"Obs"	"HHMMSS"	"FTime"	"EBal?"	"Photo"	"Cond"	"Ci"	"Trmmol"	"VpdL"	"CTleaf"	"Area"	"BLC_1"	"StmRat"	"BLCond"	"Tair"	"Tleaf"	"TBlk"	"CO2R"	"CO2S"	"H2OR"	"H2OS"	"RH_R"	"RH_S"	"Flow"	"PARi"	"PARo"	"Press"	"CsMch"	"HsMch"	"StableF"	"BLCslope"	"BLCoffst"	"f_parin"	"f_parout"	"alphaK"	"Status"
"14:16:32 CO2 Mixer: CO2R -> 400 uml"
"14:16:39 Lamp: ParIn ->  1500 uml"
"14:16:45 Coolers: Tblock -> 0.00 C"
"14:31:08 Coolers: Tblock -> 7.74 C"
"14:33:03 Flow: Fixed -> 500 umol/s"
1	"14:34:25"	1228.0	0	15.6	0.24	260	3.84	1.2	14.68	6	1.42	1	2.84	10.48	14.68	7.86	400.98	380.46	2.184	6.767	12.06	37.37	499.8	1501	286	70.3	-0.97	0.323	1.0	-0.22	2.74	1.00	0.00	0.16	111115
2	"14:34:25"	1228.0	0	15.6	0.24	260	3.84	1.2	14.68	6	1.42	1	2.84	10.48	14.68	7.86	400.98	380.46	2.184	6.767	12.06	37.37	499.8	1501	286	70.3	-0.97	0.323	1.0	-0.22	2.74	1.00	0.00	0.16	111115
3	"14:34:25"	1228.5	0	15.7	0.241	260	3.84	1.2	14.66	6	1.42	1	2.84	10.48	14.66	7.86	401.02	380.47	2.185	6.764	12.07	37.36	499.8	1502	286	70.3	-0.97	0.323	1.0	-0.22	2.74	1.00	0.00	0.16	111115
4	"14:34:26"	1229.0	0	15.6	0.241	260	3.84	1.2	14.66	6	1.42	1	2.84	10.48	14.66	7.86	401.01	380.50	2.185	6.763	12.06	37.35	499.8	1501	286	70.3	-0.97	0.323	1.0	-0.22	2.74	1.00	0.00	0.16	111115
5	"14:34:26"	1229.5	0	15.6	0.24	260	3.84	1.2	14.67	6	1.42	1	2.84	10.48	14.67	7.86	401.01	380.52	2.185	6.761	12.07	37.34	499.9	1501	286	70.3	-0.97	0.323	1.0	-0.22	2.74	1.00	0.00	0.16	111115
6	"14:34:27"	1230.0	0	15.6	0.24	260	3.84	1.2	14.68	6	1.42	1	2.84	10.48	14.68	7.86	401.04	380.55	2.185	6.758	12.07	37.33	499.9	1501	286	70.3	-0.97	0.323	1.0	-0.22	2.74	1.00	0.00	0.16	111115
7	"14:34:27"	1230.5	0	15.6	0.24	260	3.83	1.2	14.67	6	1.42	1	2.84	10.48	14.67	7.86	401.06	380.58	2.185	6.757	12.07	37.32	499.9	1501	286	70.3	-0.97	0.323	1.0	-0.22	2.74	1.00	0.00	0.16	111115
8	"14:34:28"	1231.0	0	15.7	0.24	260	3.83	1.2	14.67	6	1.42	1	2.84	10.48	14.67	7.86	401.09	380.55	2.185	6.756	12.07	37.32	499.9	1501	286	70.3	-0.97	0.323	0.7	-0.22	2.74	1.00	0.00	0.16	111115
9	"14:34:28"	1231.5	0	15.7	0.24	260	3.83	1.2	14.66	6	1.42	1	2.84	10.48	14.66	7.86	401.09	380.55	2.185	6.752	12.07	37.30	499.9	1501	286	70.3	-0.97	0.323	0.7	-0.22	2.74	1.00	0.00	0.16	111115
10	"14:34:29"	1232.0	0	15.6	0.239	260	3.83	1.2	14.67	6	1.42	1	2.84	10.48	14.67	7.86	401.09	380.57	2.184	6.750	12.07	37.29	499.9	1501	286	70.3	-0.97	0.323	0.7	-0.22	2.74	1.00	0.00	0.16	111115
11	"14:34:29"	1232.5	0	15.6	0.239	260	3.83	1.2	14.68	6	1.42	1	2.84	10.48	14.68	7.86	401.08	380.56	2.183	6.749	12.06	37.28	499.9	1501	286	70.3	-0.97	0.323	0.7	-0.22	2.74	1.00	0.00	0.16	111115
12	"14:34:30"	1233.0	0	15.7	0.239	259	3.83	1.2	14.68	6	1.42	1	2.84	10.48	14.68	7.86	401.12	380.54	2.183	6.747	12.06	37.27	499.9	1501	286	70.3	-0.97	0.323	0.7	-0.22	2.74	1.00	0.00	0.16	111115
13	"14:34:30"	1233.5	0	15.7	0.239	259	3.83	1.2	14.68	6	1.42	1	2.84	10.48	14.68	7.86	401.11	380.54	2.182	6.745	12.05	37.26	499.9	1501	286	70.3	-0.97	0.323	0.7	-0.22	2.74	1.00	0.00	0.16	111115
14	"14:34:31"	1234.0	0	15.7	0.239	259	3.83	1.2	14.67	6	1.42	1	2.84	10.48	14.67	7.86	401.09	380.52	2.181	6.742	12.05	37.25	499.9	1502	286	70.3	-0.97	0.323	0.7	-0.22	2.74	1.00	0.00	0.16	111115
15	"14:34:31"	1234.5	0	15.7	0.239	259	3.83	1.2	14.67	6	1.42	1	2.84	10.48	14.67	7.86	401.07	380.54	2.181	6.741	12.05	37.24	499.9	1501	286	70.3	-0.97	0.323	0.7	-0.22	2.74	1.00	0.00	0.16	111115
"14:35:09 Coolers: Tblock -> 13.00 C"
"14:37:15 Flow: Fixed -> 500 umol/s"
16	"14:38:20"	1463.5	0	15.6	0.203	239	3.9	1.42	17.56	6	1.42	1	2.84	14.56	17.56	13.12	399.91	379.38	3.800	8.444	16.06	35.69	499.9	1501	287	70.3	-1.78	0.319	1.0	-0.22	2.74	1.00	0.00	0.16	111115
17	"14:38:21"	1463.5	0	15.6	0.203	239	3.9	1.42	17.56	6	1.42	1	2.84	14.56	17.56	13.12	399.91	379.38	3.800	8.444	16.06	35.69	499.9	1501	287	70.3	-1.78	0.319	1.0	-0.22	2.74	1.00	0.00	0.16	111115
18	"14:38:21"	1463.5	0	15.6	0.203	239	3.9	1.42	17.56	6	1.42	1	2.84	14.56	17.56	13.12	399.91	379.38	3.800	8.444	16.06	35.69	499.9	1501	287	70.3	-1.78	0.319	1.0	-0.22	2.74	1.00	0.00	0.16	111115
19	"14:38:22"	1464.0	0	15.6	0.203	238	3.9	1.42	17.57	6	1.42	1	2.84	14.56	17.57	13.12	399.91	379.37	3.801	8.443	16.06	35.69	499.9	1501	287	70.3	-1.78	0.319	1.0	-0.22	2.74	1.00	0.00	0.16	111115
20	"14:38:22"	1464.5	0	15.7	0.203	238	3.9	1.42	17.57	6	1.42	1	2.84	14.56	17.57	13.12	399.94	379.38	3.801	8.445	16.07	35.70	499.9	1501	287	70.3	-1.78	0.319	1.0	-0.22	2.74	1.00	0.00	0.16	111115
21	"14:38:22"	1465.0	0	15.7	0.203	238	3.9	1.42	17.56	6	1.42	1	2.84	14.56	17.56	13.12	399.96	379.35	3.801	8.446	16.07	35.70	499.9	1501	287	70.3	-1.78	0.319	1.0	-0.22	2.74	1.00	0.00	0.16	111115
22	"14:38:23"	1465.5	0	15.7	0.203	238	3.9	1.42	17.56	6	1.42	1	2.84	14.56	17.56	13.12	399.98	379.38	3.802	8.447	16.07	35.70	499.9	1501	287	70.3	-1.78	0.319	1.0	-0.22	2.74	1.00	0.00	0.16	111115
23	"14:38:23"	1466.0	0	15.6	0.203	239	3.9	1.42	17.56	6	1.42	1	2.84	14.56	17.56	13.12	399.99	379.46	3.803	8.447	16.07	35.70	499.9	1501	287	70.3	-1.78	0.319	1.0	-0.22	2.74	1.00	0.00	0.16	111115
24	"14:38:24"	1466.5	0	15.7	0.203	238	3.9	1.42	17.56	6	1.42	1	2.84	14.56	17.56	13.12	400.03	379.46	3.802	8.447	16.07	35.70	499.9	1501	287	70.3	-1.78	0.319	1.0	-0.22	2.74	1.00	0.00	0.16	111115
25	"14:38:25"	1467.0	0	15.7	0.203	238	3.9	1.42	17.57	6	1.42	1	2.84	14.56	17.57	13.12	400.02	379.45	3.802	8.448	16.07	35.70	499.9	1501	286	70.3	-1.78	0.319	1.0	-0.22	2.74	1.00	0.00	0.16	111115
26	"14:38:25"	1467.5	0	15.6	0.203	238	3.9	1.42	17.57	6	1.42	1	2.84	14.56	17.57	13.12	400.02	379.46	3.802	8.447	16.07	35.69	499.9	1501	286	70.3	-1.78	0.319	1.0	-0.22	2.74	1.00	0.00	0.16	111115
27	"14:38:26"	1468.0	0	15.7	0.203	238	3.9	1.42	17.57	6	1.42	1	2.84	14.56	17.57	13.12	400.04	379.48	3.802	8.448	16.06	35.69	499.9	1501	286	70.3	-1.78	0.319	1.0	-0.22	2.74	1.00	0.00	0.16	111115
28	"14:38:26"	1468.5	0	15.6	0.203	239	3.9	1.42	17.57	6	1.42	1	2.84	14.56	17.57	13.12	400.01	379.49	3.802	8.447	16.06	35.69	499.9	1501	286	70.3	-1.78	0.319	1.0	-0.22	2.74	1.00	0.00	0.16	111115
29	"14:38:27"	1469.0	0	15.6	0.203	239	3.9	1.42	17.57	6	1.42	1	2.84	14.57	17.57	13.12	400.03	379.53	3.802	8.448	16.06	35.68	499.9	1501	287	70.3	-1.78	0.319	1.0	-0.22	2.74	1.00	0.00	0.16	111115
30	"14:38:27"	1469.5	0	15.6	0.203	239	3.9	1.42	17.58	6	1.42	1	2.84	14.57	17.58	13.12	400.03	379.51	3.802	8.448	16.06	35.69	499.9	1501	287	70.3	-1.78	0.319	1.0	-0.22	2.74	1.00	0.00	0.16	111115
"14:38:35 Coolers: Tblock -> 18.00 C"
"14:41:06 Flow: Fixed -> 500 umol/s"
31	"14:41:32"	1655.0	0	15.3	0.188	231	4.01	1.56	19.99	6	1.42	1	2.84	18.59	19.99	18.00	399.73	379.54	6.449	11.203	21.09	36.63	499.8	1499	288	70.3	-1.75	0.312	1.0	-0.22	2.74	1.00	0.00	0.16	111115
32	"14:41:33"	1655.0	0	15.3	0.188	231	4.01	1.56	19.99	6	1.42	1	2.84	18.59	19.99	18.00	399.73	379.54	6.449	11.203	21.09	36.63	499.8	1499	288	70.3	-1.75	0.312	1.0	-0.22	2.74	1.00	0.00	0.16	111115
33	"14:41:33"	1655.5	0	15.3	0.188	231	4	1.56	20.00	6	1.42	1	2.84	18.59	20.00	18.00	399.73	379.55	6.450	11.204	21.09	36.63	499.9	1499	288	70.3	-1.75	0.312	1.0	-0.22	2.74	1.00	0.00	0.16	111115
34	"14:41:34"	1656.0	0	15.3	0.188	231	4	1.56	20.00	6	1.42	1	2.84	18.60	20.00	18.00	399.71	379.56	6.451	11.203	21.09	36.63	499.9	1499	288	70.3	-1.75	0.312	1.0	-0.22	2.74	1.00	0.00	0.16	111115
35	"14:41:34"	1656.5	0	15.2	0.188	232	4	1.56	20.00	6	1.42	1	2.84	18.60	20.00	18.00	399.67	379.56	6.451	11.204	21.09	36.63	499.9	1499	288	70.3	-1.75	0.312	1.0	-0.22	2.74	1.00	0.00	0.16	111115
36	"14:41:35"	1657.0	0	15.2	0.188	232	4	1.56	20.00	6	1.42	1	2.84	18.60	20.00	18.00	399.64	379.56	6.451	11.204	21.09	36.62	499.9	1499	288	70.3	-1.75	0.312	1.0	-0.22	2.74	1.00	0.00	0.16	111115
37	"14:41:35"	1657.5	0	15.1	0.188	233	4	1.56	20.00	6	1.42	1	2.84	18.60	20.00	18.00	399.59	379.59	6.451	11.204	21.09	36.62	499.8	1499	288	70.3	-1.75	0.312	1.0	-0.22	2.74	1.00	0.00	0.16	111115
38	"14:41:36"	1658.0	0	15.1	0.188	233	4	1.56	20.00	6	1.42	1	2.84	18.60	20.00	18.00	399.55	379.57	6.451	11.202	21.09	36.62	499.8	1499	288	70.3	-1.75	0.312	1.0	-0.22	2.74	1.00	0.00	0.16	111115
39	"14:41:36"	1658.5	0	15.1	0.188	233	4	1.56	20.00	6	1.42	1	2.84	18.60	20.00	18.00	399.56	379.56	6.451	11.204	21.08	36.62	499.9	1499	288	70.3	-1.75	0.312	1.0	-0.22	2.74	1.00	0.00	0.16	111115
40	"14:41:37"	1659.0	0	15.1	0.188	232	4	1.56	20.01	6	1.42	1	2.84	18.60	20.01	18.00	399.57	379.57	6.451	11.204	21.08	36.62	499.9	1499	288	70.3	-1.75	0.312	1.0	-0.22	2.74	1.00	0.00	0.16	111115
41	"14:41:37"	1659.5	0	15.1	0.188	233	4.01	1.56	20.01	6	1.42	1	2.84	18.60	20.01	18.00	399.59	379.61	6.451	11.205	21.08	36.62	499.9	1499	288	70.3	-1.75	0.312	1.0	-0.22	2.74	1.00	0.00	0.16	111115
42	"14:41:38"	1660.0	0	15.1	0.188	233	4.01	1.56	20.01	6	1.42	1	2.84	18.61	20.01	18.00	399.59	379.62	6.451	11.206	21.08	36.62	499.8	1499	287	70.3	-1.75	0.312	1.0	-0.22	2.74	1.00	0.00	0.16	111115
43	"14:41:38"	1660.5	0	15.2	0.188	232	4.01	1.56	20.02	6	1.42	1	2.84	18.61	20.02	18.00	399.65	379.60	6.452	11.208	21.08	36.62	499.9	1499	288	70.3	-1.75	0.312	1.0	-0.22	2.74	1.00	0.00	0.16	111115
44	"14:41:39"	1661.0	0	15.2	0.188	232	4.01	1.56	20.02	6	1.42	1	2.84	18.61	20.02	18.00	399.68	379.59	6.452	11.209	21.08	36.62	499.9	1499	288	70.3	-1.75	0.312	1.0	-0.22	2.74	1.00	0.00	0.16	111115
45	"14:41:39"	1661.5	0	15.3	0.188	231	4.01	1.56	20.02	6	1.42	1	2.84	18.61	20.02	18.00	399.67	379.54	6.452	11.209	21.08	36.62	500.0	1499	288	70.3	-1.75	0.312	1.0	-0.22	2.74	1.00	0.00	0.16	111115
"14:41:46 Coolers: Tblock -> 23.00 C"
"14:44:06 Flow: Fixed -> 500 umol/s"
46	"14:44:41"	1843.5	0	14.8	0.168	221	4.13	1.78	22.70	6	1.42	1	2.84	22.87	22.70	23.08	400.80	381.17	9.180	14.072	23.07	35.36	499.9	1499	289	70.29	-2.1	0.295	1.0	-0.22	2.74	1.00	0.00	0.16	111115
47	"14:44:41"	1843.5	0	14.8	0.168	221	4.13	1.78	22.70	6	1.42	1	2.84	22.87	22.70	23.08	400.80	381.17	9.180	14.072	23.07	35.36	499.9	1499	289	70.29	-2.1	0.295	1.0	-0.22	2.74	1.00	0.00	0.16	111115
48	"14:44:42"	1844.0	0	14.8	0.168	221	4.13	1.78	22.71	6	1.42	1	2.84	22.87	22.71	23.08	400.75	381.15	9.180	14.070	23.07	35.35	499.8	1499	289	70.29	-2.1	0.295	1.0	-0.22	2.74	1.00	0.00	0.16	111115
49	"14:44:42"	1844.5	0	14.7	0.168	221	4.13	1.78	22.71	6	1.42	1	2.84	22.87	22.71	23.08	400.72	381.13	9.180	14.070	23.06	35.35	499.8	1499	289	70.29	-2.1	0.295	1.0	-0.22	2.74	1.00	0.00	0.16	111115
50	"14:44:43"	1845.0	0	14.7	0.168	222	4.13	1.78	22.71	6	1.42	1	2.84	22.87	22.71	23.08	400.67	381.15	9.180	14.070	23.06	35.35	499.8	1499	289	70.29	-2.1	0.295	1.0	-0.22	2.74	1.00	0.00	0.16	111115
51	"14:44:43"	1845.5	0	14.7	0.168	221	4.13	1.78	22.71	6	1.42	1	2.84	22.87	22.71	23.08	400.67	381.10	9.180	14.068	23.06	35.34	499.8	1499	289	70.29	-2.1	0.295	1.0	-0.22	2.74	1.00	0.00	0.16	111115
52	"14:44:44"	1846.0	0	14.7	0.168	221	4.13	1.78	22.71	6	1.42	1	2.84	22.87	22.71	23.08	400.69	381.13	9.179	14.072	23.06	35.35	499.8	1499	289	70.29	-2.1	0.295	1.0	-0.22	2.74	1.00	0.00	0.16	111115
53	"14:44:44"	1846.5	0	14.7	0.168	221	4.13	1.78	22.71	6	1.42	1	2.84	22.88	22.71	23.08	400.71	381.13	9.180	14.070	23.06	35.34	499.8	1499	289	70.29	-2.1	0.295	1.0	-0.22	2.74	1.00	0.00	0.16	111115
54	"14:44:45"	1847.0	0	14.7	0.168	221	4.13	1.78	22.72	6	1.42	1	2.84	22.88	22.72	23.08	400.70	381.14	9.180	14.069	23.05	35.33	499.8	1499	289	70.29	-2.1	0.295	1.0	-0.22	2.74	1.00	0.00	0.16	111115
55	"14:44:45"	1847.5	0	14.8	0.168	221	4.13	1.78	22.72	6	1.42	1	2.84	22.88	22.72	23.09	400.72	381.12	9.179	14.068	23.05	35.32	499.8	1499	289	70.29	-2.1	0.295	1.0	-0.22	2.74	1.00	0.00	0.16	111115
56	"14:44:46"	1848.0	0	14.8	0.168	220	4.14	1.78	22.72	6	1.42	1	2.84	22.88	22.72	23.08	400.78	381.09	9.178	14.073	23.04	35.33	499.8	1499	289	70.29	-2.1	0.295	1.0	-0.22	2.74	1.00	0.00	0.16	111115
57	"14:44:46"	1848.5	0	14.8	0.168	220	4.14	1.78	22.72	6	1.42	1	2.84	22.88	22.72	23.08	400.82	381.11	9.178	14.073	23.04	35.33	499.9	1499	289	70.29	-2.1	0.295	1.0	-0.22	2.74	1.00	0.00	0.16	111115
58	"14:44:47"	1849.0	0	14.9	0.168	220	4.14	1.78	22.72	6	1.42	1	2.84	22.89	22.72	23.08	400.84	381.10	9.178	14.074	23.04	35.33	499.9	1499	289	70.29	-2.1	0.295	1.0	-0.22	2.74	1.00	0.00	0.16	111115
59	"14:44:47"	1849.5	0	14.8	0.168	220	4.14	1.78	22.73	6	1.42	1	2.84	22.89	22.73	23.08	400.85	381.13	9.178	14.074	23.04	35.33	499.9	1499	288	70.29	-2.1	0.295	1.0	-0.22	2.74	1.00	0.00	0.16	111115
60	"14:44:48"	1850.0	0	14.9	0.168	220	4.14	1.78	22.73	6	1.42	1	2.84	22.89	22.73	23.09	400.85	381.12	9.177	14.072	23.03	35.32	499.9	1499	289	70.29	-2.1	0.295	1.0	-0.22	2.74	1.00	0.00	0.16	111115
"14:44:54 Coolers: Tblock -> 28.00 C"
"14:49:56 Flow: Fixed -> 500 umol/s"
61	"14:50:21"	2184.0	0	13.6	0.145	211	4.25	2.08	26.28	6	1.42	1	2.84	27.33	26.28	27.96	399.56	381.33	14.150	19.148	27.26	36.88	499.9	1499	290	70.3	-1.42	0.26	1.0	-0.22	2.74	1.00	0.00	0.16	111115
62	"14:50:22"	2184.0	0	13.6	0.145	211	4.25	2.08	26.28	6	1.42	1	2.84	27.33	26.28	27.96	399.56	381.33	14.150	19.148	27.26	36.88	499.9	1499	290	70.3	-1.42	0.26	1.0	-0.22	2.74	1.00	0.00	0.16	111115
63	"14:50:22"	2184.5	0	13.5	0.145	211	4.24	2.08	26.28	6	1.42	1	2.84	27.33	26.28	27.96	399.56	381.38	14.151	19.144	27.26	36.87	499.9	1499	290	70.3	-1.42	0.26	1.0	-0.22	2.74	1.00	0.00	0.16	111115
64	"14:50:23"	2185.0	0	13.5	0.145	211	4.24	2.08	26.28	6	1.42	1	2.84	27.33	26.28	27.96	399.58	381.41	14.151	19.144	27.26	36.87	499.9	1499	290	70.3	-1.42	0.26	1.0	-0.22	2.74	1.00	0.00	0.16	111115
65	"14:50:23"	2185.5	0	13.5	0.145	212	4.24	2.08	26.28	6	1.42	1	2.84	27.33	26.28	27.96	399.60	381.45	14.152	19.143	27.26	36.87	499.9	1499	290	70.3	-1.42	0.26	1.0	-0.22	2.74	1.00	0.00	0.16	111115
66	"14:50:24"	2186.0	0	13.5	0.145	212	4.24	2.08	26.28	6	1.42	1	2.84	27.34	26.28	27.96	399.63	381.45	14.151	19.145	27.25	36.87	499.9	1499	290	70.3	-1.42	0.26	1.0	-0.22	2.74	1.00	0.00	0.16	111115
67	"14:50:24"	2186.5	0	13.6	0.145	211	4.24	2.08	26.28	6	1.42	1	2.84	27.34	26.28	27.96	399.71	381.42	14.150	19.146	27.25	36.87	499.9	1499	289	70.3	-1.42	0.26	1.0	-0.22	2.74	1.00	0.00	0.16	111115
68	"14:50:25"	2187.0	0	13.6	0.145	210	4.24	2.08	26.28	6	1.42	1	2.84	27.34	26.28	27.96	399.78	381.46	14.151	19.147	27.25	36.87	499.8	1499	289	70.3	-1.42	0.26	1.0	-0.22	2.74	1.00	0.00	0.16	111115
69	"14:50:25"	2187.5	0	13.7	0.145	210	4.24	2.08	26.28	6	1.42	1	2.84	27.34	26.28	27.96	399.81	381.48	14.151	19.146	27.25	36.87	499.9	1499	289	70.3	-1.42	0.26	1.0	-0.22	2.74	1.00	0.00	0.16	111115
70	"14:50:26"	2188.0	0	13.6	0.145	210	4.24	2.08	26.28	6	1.42	1	2.84	27.34	26.28	27.96	399.84	381.52	14.151	19.144	27.25	36.86	499.9	1499	289	70.3	-1.42	0.26	1.0	-0.22	2.74	1.00	0.00	0.16	111115
71	"14:50:26"	2188.5	0	13.7	0.145	210	4.24	2.08	26.28	6	1.42	1	2.84	27.34	26.28	27.96	399.86	381.52	14.151	19.146	27.25	36.86	499.9	1499	289	70.3	-1.42	0.26	1.0	-0.22	2.74	1.00	0.00	0.16	111115
72	"14:50:27"	2189.0	0	13.8	0.145	209	4.25	2.08	26.28	6	1.42	1	2.84	27.34	26.28	27.96	399.93	381.44	14.149	19.149	27.24	36.87	499.9	1499	289	70.3	-1.42	0.26	1.0	-0.22	2.74	1.00	0.00	0.16	111115
73	"14:50:27"	2189.5	0	13.8	0.145	209	4.25	2.08	26.28	6	1.42	1	2.84	27.34	26.28	27.96	399.94	381.43	14.149	19.149	27.24	36.86	499.9	1499	289	70.3	-1.42	0.26	1.0	-0.22	2.74	1.00	0.00	0.16	111115
74	"14:50:28"	2190.0	0	13.8	0.145	208	4.24	2.09	26.28	6	1.42	1	2.84	27.34	26.28	27.96	399.92	381.41	14.149	19.146	27.24	36.86	499.8	1499	289	70.3	-1.42	0.26	1.0	-0.22	2.74	1.00	0.00	0.16	111115
75	"14:50:28"	2190.5	0	13.7	0.145	209	4.24	2.09	26.28	6	1.42	1	2.84	27.34	26.28	27.96	399.88	381.44	14.150	19.145	27.24	36.86	499.8	1499	289	70.3	-1.42	0.26	1.0	-0.22	2.74	1.00	0.00	0.16	111115
"14:50:34 Coolers: Tblock -> 33.00 C"
"14:55:01 Flow: Fixed -> 500 umol/s"
76	"14:55:45"	2507.5	0	12.5	0.123	199	4.22	2.41	29.50	6	1.42	1	2.84	31.73	29.50	33.04	400.30	383.41	19.615	24.553	29.32	36.71	499.9	1500	290	70.29	-1.27	0.191	1.0	-0.22	2.74	1.00	0.00	0.16	111115
77	"14:55:45"	2508.0	0	12.5	0.123	198	4.22	2.41	29.50	6	1.42	1	2.84	31.73	29.50	33.04	400.34	383.39	19.615	24.552	29.32	36.70	499.8	1501	290	70.29	-1.27	0.191	1.0	-0.22	2.74	1.00	0.00	0.16	111115
78	"14:55:46"	2508.0	0	12.5	0.123	198	4.22	2.41	29.50	6	1.42	1	2.84	31.73	29.50	33.04	400.34	383.39	19.615	24.552	29.32	36.70	499.8	1501	290	70.29	-1.27	0.191	1.0	-0.22	2.74	1.00	0.00	0.16	111115
79	"14:55:46"	2508.5	0	12.5	0.123	197	4.21	2.41	29.50	6	1.42	1	2.84	31.73	29.50	33.04	400.39	383.41	19.617	24.551	29.32	36.70	499.8	1501	290	70.29	-1.27	0.191	1.0	-0.22	2.74	1.00	0.00	0.16	111115
80	"14:55:47"	2509.0	0	12.6	0.123	197	4.21	2.41	29.50	6	1.42	1	2.84	31.73	29.50	33.04	400.44	383.40	19.616	24.551	29.32	36.70	499.8	1501	290	70.29	-1.27	0.191	1.0	-0.22	2.74	1.00	0.00	0.16	111115
81	"14:55:47"	2509.5	0	12.6	0.123	197	4.22	2.41	29.50	6	1.42	1	2.84	31.73	29.50	33.04	400.47	383.40	19.616	24.553	29.32	36.70	499.8	1501	290	70.29	-1.27	0.191	1.0	-0.22	2.74	1.00	0.00	0.16	111115
82	"14:55:48"	2510.0	0	12.6	0.123	197	4.22	2.41	29.50	6	1.42	1	2.84	31.73	29.50	33.04	400.49	383.44	19.617	24.554	29.32	36.70	499.9	1501	290	70.29	-1.27	0.191	1.0	-0.22	2.74	1.00	0.00	0.16	111115
83	"14:55:48"	2510.5	0	12.6	0.123	197	4.22	2.41	29.50	6	1.42	1	2.84	31.73	29.50	33.04	400.47	383.41	19.617	24.556	29.32	36.70	499.9	1501	290	70.29	-1.27	0.191	1.0	-0.22	2.74	1.00	0.00	0.16	111115
84	"14:55:49"	2511.0	0	12.6	0.123	197	4.22	2.41	29.50	6	1.42	1	2.84	31.73	29.50	33.04	400.43	383.42	19.618	24.557	29.32	36.70	499.9	1501	290	70.29	-1.27	0.191	1.0	-0.22	2.74	1.00	0.00	0.16	111115
85	"14:55:49"	2511.5	0	12.6	0.123	197	4.22	2.41	29.50	6	1.42	1	2.84	31.74	29.50	33.04	400.41	383.40	19.619	24.557	29.32	36.69	499.9	1501	291	70.29	-1.27	0.191	1.0	-0.22	2.74	1.00	0.00	0.16	111115
86	"14:55:50"	2512.0	0	12.5	0.123	197	4.22	2.42	29.51	6	1.42	1	2.84	31.74	29.51	33.04	400.41	383.42	19.619	24.559	29.31	36.69	499.9	1501	290	70.29	-1.27	0.191	1.0	-0.22	2.74	1.00	0.00	0.16	111115
87	"14:55:50"	2512.5	0	12.5	0.123	198	4.22	2.42	29.51	6	1.42	1	2.84	31.74	29.51	33.04	400.43	383.44	19.618	24.563	29.31	36.70	499.9	1501	290	70.29	-1.27	0.191	1.0	-0.22	2.74	1.00	0.00	0.16	111115
88	"14:55:51"	2513.0	0	12.5	0.123	198	4.22	2.42	29.52	6	1.42	1	2.84	31.74	29.52	33.04	400.45	383.47	19.619	24.564	29.31	36.70	499.9	1501	290	70.29	-1.27	0.191	1.0	-0.22	2.74	1.00	0.00	0.16	111115
89	"14:55:51"	2513.5	0	12.5	0.123	198	4.22	2.42	29.52	6	1.42	1	2.84	31.74	29.52	33.04	400.46	383.51	19.621	24.565	29.31	36.69	499.9	1501	290	70.29	-1.27	0.191	1.0	-0.22	2.74	1.00	0.00	0.16	111115
90	"14:55:52"	2514.0	0	12.5	0.123	198	4.22	2.42	29.52	6	1.42	1	2.84	31.74	29.52	33.04	400.45	383.53	19.620	24.563	29.31	36.69	499.9	1501	290	70.29	-1.27	0.191	1.0	-0.22	2.74	1.00	0.00	0.16	111115
"14:55:57 Coolers: Tblock -> 38.00 C"
"15:01:39 Flow: Fixed -> 500 umol/s"
91	"15:02:25"	2907.5	0	11.4	0.111	195	4.52	2.83	32.74	6	1.42	1	2.84	36.17	32.74	38.11	399.78	384.04	25.375	30.633	29.61	35.74	499.9	1500	269	70.3	-0.93	0.12	1.0	-0.22	2.74	1.00	0.00	0.16	111115
92	"15:02:25"	2907.5	0	11.4	0.111	195	4.52	2.83	32.74	6	1.42	1	2.84	36.17	32.74	38.11	399.78	384.04	25.375	30.633	29.61	35.74	499.9	1500	269	70.3	-0.93	0.12	1.0	-0.22	2.74	1.00	0.00	0.16	111115
93	"15:02:25"	2908.0	0	11.3	0.111	196	4.52	2.83	32.74	6	1.42	1	2.84	36.17	32.74	38.11	399.70	384.03	25.375	30.632	29.60	35.74	499.9	1500	269	70.3	-0.93	0.12	1.0	-0.22	2.74	1.00	0.00	0.16	111115
94	"15:02:26"	2908.5	0	11.3	0.111	197	4.52	2.83	32.74	6	1.42	1	2.84	36.17	32.74	38.11	399.65	384.05	25.377	30.635	29.60	35.74	499.9	1500	268	70.3	-0.93	0.12	1.0	-0.22	2.74	1.00	0.00	0.16	111115
95	"15:02:26"	2909.0	0	11.3	0.111	196	4.52	2.83	32.75	6	1.42	1	2.84	36.17	32.75	38.11	399.63	384.03	25.376	30.634	29.60	35.74	499.9	1500	268	70.3	-0.93	0.12	1.0	-0.22	2.74	1.00	0.00	0.16	111115
96	"15:02:27"	2909.5	0	11.3	0.111	196	4.52	2.83	32.75	6	1.42	1	2.84	36.18	32.75	38.11	399.68	384.01	25.375	30.636	29.60	35.74	499.9	1500	268	70.3	-0.93	0.12	1.0	-0.22	2.74	1.00	0.00	0.16	111115
97	"15:02:27"	2910.0	0	11.3	0.111	196	4.52	2.83	32.75	6	1.42	1	2.84	36.18	32.75	38.11	399.70	384.02	25.375	30.637	29.60	35.74	499.9	1500	268	70.3	-0.93	0.12	1.0	-0.22	2.74	1.00	0.00	0.16	111115
98	"15:02:28"	2910.5	0	11.4	0.111	195	4.52	2.83	32.75	6	1.42	1	2.84	36.18	32.75	38.12	399.74	384.03	25.375	30.637	29.59	35.73	499.9	1500	268	70.3	-0.93	0.12	1.0	-0.22	2.74	1.00	0.00	0.16	111115
99	"15:02:28"	2911.0	0	11.4	0.111	195	4.52	2.83	32.75	6	1.42	1	2.84	36.18	32.75	38.11	399.77	384.03	25.374	30.637	29.59	35.73	499.8	1500	267	70.3	-0.93	0.12	1.0	-0.22	2.74	1.00	0.00	0.16	111115
100	"15:02:29"	2911.5	0	11.4	0.111	195	4.52	2.83	32.75	6	1.42	1	2.84	36.18	32.75	38.11	399.78	384.02	25.374	30.638	29.60	35.73	499.8	1500	267	70.3	-0.93	0.12	1.0	-0.22	2.74	1.00	0.00	0.16	111115
101	"15:02:30"	2912.0	0	11.4	0.111	194	4.53	2.83	32.75	6	1.42	1	2.84	36.18	32.75	38.11	399.84	384.01	25.373	30.640	29.59	35.74	499.9	1500	266	70.3	-0.93	0.12	1.0	-0.22	2.74	1.00	0.00	0.16	111115
102	"15:02:30"	2912.5	0	11.4	0.111	194	4.53	2.83	32.75	6	1.42	1	2.84	36.18	32.75	38.11	399.81	383.99	25.372	30.640	29.59	35.73	499.9	1500	266	70.3	-0.93	0.12	1.0	-0.22	2.74	1.00	0.00	0.16	111115
103	"15:02:31"	2913.0	0	11.4	0.111	195	4.53	2.83	32.74	6	1.42	1	2.84	36.18	32.74	38.11	399.78	384.01	25.374	30.643	29.59	35.74	499.9	1500	265	70.3	-0.93	0.12	1.0	-0.22	2.74	1.00	0.00	0.16	111115
104	"15:02:31"	2913.5	0	11.4	0.111	195	4.53	2.83	32.75	6	1.42	1	2.84	36.18	32.75	38.11	399.79	384.02	25.375	30.643	29.59	35.74	499.9	1500	265	70.3	-0.93	0.12	0.7	-0.22	2.74	1.00	0.00	0.16	111115
105	"15:02:32"	2914.0	0	11.4	0.111	195	4.53	2.83	32.76	6	1.42	1	2.84	36.18	32.76	38.11	399.76	384.01	25.376	30.644	29.59	35.74	499.9	1500	265	70.3	-0.93	0.12	0.7	-0.22	2.74	1.00	0.00	0.16	111115
"15:02:37 Coolers: Tblock -> 43.00 C"
"15:06:47 Flow: Fixed -> 500 umol/s"
106	"15:07:27"	3210.0	0	11.2	0.117	205	4.93	2.93	33.83	6	1.42	1	2.84	38.21	33.83	40.43	399.85	384.19	27.922	33.646	29.15	35.13	499.9	1499	273	70.3	-0.613	0.0818	1.0	-0.22	2.74	1.00	0.00	0.16	111115
107	"15:07:27"	3210.0	0	11.2	0.117	205	4.93	2.93	33.83	6	1.42	1	2.84	38.21	33.83	40.43	399.85	384.19	27.922	33.646	29.15	35.13	499.9	1499	273	70.3	-0.613	0.0818	1.0	-0.22	2.74	1.00	0.00	0.16	111115
108	"15:07:28"	3210.5	0	11.1	0.117	206	4.93	2.92	33.81	6	1.42	1	2.84	38.21	33.81	40.43	399.85	384.22	27.923	33.640	29.15	35.12	499.9	1499	273	70.3	-0.613	0.0818	1.0	-0.22	2.74	1.00	0.00	0.16	111115
109	"15:07:28"	3211.0	0	11.1	0.117	206	4.92	2.92	33.80	6	1.42	1	2.84	38.21	33.80	40.43	399.87	384.25	27.925	33.633	29.15	35.11	499.9	1499	273	70.3	-0.613	0.0818	1.0	-0.22	2.74	1.00	0.00	0.16	111115
110	"15:07:29"	3211.5	0	11.1	0.117	206	4.92	2.92	33.79	6	1.42	1	2.84	38.21	33.79	40.44	399.88	384.26	27.923	33.627	29.15	35.10	499.8	1499	273	70.3	-0.613	0.0818	1.0	-0.22	2.74	1.00	0.00	0.16	111115
111	"15:07:29"	3212.0	0	11.1	0.117	206	4.91	2.91	33.78	6	1.42	1	2.84	38.21	33.78	40.44	399.90	384.26	27.925	33.622	29.15	35.09	499.8	1499	273	70.3	-0.613	0.0818	0.7	-0.22	2.74	1.00	0.00	0.16	111115
112	"15:07:30"	3212.5	0	11.1	0.117	206	4.91	2.91	33.77	6	1.42	1	2.84	38.22	33.77	40.44	399.90	384.26	27.925	33.619	29.14	35.08	499.8	1499	273	70.3	-0.613	0.0818	0.7	-0.22	2.74	1.00	0.00	0.16	111115
113	"15:07:30"	3213.0	0	11.1	0.117	206	4.9	2.91	33.77	6	1.42	1	2.84	38.22	33.77	40.44	399.86	384.29	27.926	33.616	29.14	35.08	499.8	1499	272	70.3	-0.613	0.0818	0.7	-0.22	2.74	1.00	0.00	0.16	111115
114	"15:07:31"	3213.5	0	11.1	0.117	206	4.9	2.91	33.76	6	1.42	1	2.84	38.22	33.76	40.45	399.84	384.29	27.926	33.612	29.14	35.07	499.8	1499	272	70.3	-0.613	0.0818	0.7	-0.22	2.74	1.00	0.00	0.16	111115
115	"15:07:31"	3214.0	0	11.1	0.117	206	4.9	2.91	33.75	6	1.42	1	2.84	38.22	33.75	40.45	399.84	384.27	27.926	33.609	29.14	35.07	499.8	1499	271	70.3	-0.613	0.0818	0.7	-0.22	2.74	1.00	0.00	0.16	111115
116	"15:07:32"	3214.5	0	11.1	0.117	206	4.9	2.91	33.75	6	1.42	1	2.84	38.22	33.75	40.45	399.86	384.23	27.925	33.610	29.13	35.06	499.8	1499	271	70.3	-0.613	0.0818	0.7	-0.22	2.74	1.00	0.00	0.16	111115
117	"15:07:32"	3215.0	0	11.2	0.117	205	4.9	2.91	33.75	6	1.42	1	2.84	38.23	33.75	40.45	399.89	384.23	27.926	33.612	29.13	35.06	499.8	1499	270	70.3	-0.613	0.0818	0.7	-0.22	2.74	1.00	0.00	0.16	111115
118	"15:07:33"	3215.5	0	11.1	0.117	206	4.9	2.91	33.75	6	1.42	1	2.84	38.23	33.75	40.45	399.91	384.27	27.928	33.612	29.13	35.06	499.8	1499	270	70.3	-0.613	0.0818	0.7	-0.22	2.74	1.00	0.00	0.16	111115
119	"15:07:33"	3216.0	0	11.1	0.117	206	4.9	2.91	33.75	6	1.42	1	2.84	38.23	33.75	40.46	399.90	384.30	27.928	33.610	29.13	35.05	499.8	1499	270	70.3	-0.613	0.0818	0.7	-0.22	2.74	1.00	0.00	0.16	111115
120	"15:07:34"	3216.5	0	11.1	0.117	206	4.9	2.91	33.75	6	1.42	1	2.84	38.23	33.75	40.46	399.93	384.34	27.928	33.608	29.12	35.05	499.8	1499	269	70.3	-0.613	0.0818	0.7	-0.22	2.74	1.00	0.00	0.16	111115
