"OPEN 6.2.4"
"Mon Jun 22 2015 11:02:45"
<open><version>"6.2.4"</version></open>
<open><configfile>"/User/Configs/UserPrefs/2x3 LED.xml"</configfile></open>
<open><light><source>"6400-02 or -02B LED Source"</source><par_in>1<sensor>"SI-3781"<cal>-0.93<actinity>1.00</actinity><transm>1.00</transm></cal></sensor><transm>1</transm></par_in><par_out>1<sensor>"Q49599"<cal>7.26</cal></sensor></par_out></light></open>
<open><comps><file>"/User/Configs/Comps/StdComps_6.2"<header>""</header><extras></extras></file><energybal>no<f_parIn>1</f_parIn><f_parOut>0</f_parOut><alphaK>0.16</alphaK></energybal><bc_total>2.840<stomatal_ratio>1</stomatal_ratio><bc_oneside>1.420<type>2</type><table>"/Sys/Lib/StdBLCTable"</table><area>6</area><slope>-0.219565</slope><offset>2.73739</offset><fan>5</fan></bc_oneside></bc_total></comps></open>
<open><prompts><onlog>off</onlog><items>"Default (none)"</items></prompts></open>
<open><constants><oxygen>21 %</oxygen><bb_vapor>1.5</bb_vapor><bb_oxy>0.9</bb_oxy></constants></open>
<open><stability><items>"Std Stability"<items[1]><id>-2</id><size>15</size><pcv><onoff>0</onoff><value>1</value></pcv><std><onoff>0</onoff><value>1</value></std><slp><onoff>1</onoff><value>1</value></slp></items[1]><items[2]><id>-5</id><size>15</size><pcv><onoff>0</onoff><value>1</value></pcv><std><onoff>0</onoff><value>1</value></std><slp><onoff>1</onoff><value>1</value></slp></items[2]><items[3]><id>-7</id><size>15</size><pcv><onoff>0</onoff><value>1</value></pcv><std><onoff>0</onoff><value>1</value></std><slp><onoff>1</onoff><value>1</value></slp></items[3]></items></stability></open>
<open><log><format>"StdLogFmt_6.0"<items>{ -35 -21 -36 -76 30 23 36 21 25 221 -33 111 -34 11 -9 -10 -8 -1 -2 -4 -5 -14 -15 -7 -12 -13 -11 -65 -66 -72 -18 -19 -77 -78 -79 -23  }<hdr>{  }</hdr></items></format><options><beep>on</beep><hdr>normal</hdr><rem>normal</rem><stab>no</stab><stats>no<mean>no</mean><file>no</file><period>15</period></stats><excel>yes</excel><controls>yes</controls><comm>no</comm></options><datafile>"/User/stm-abasa1"</datafile><button><action>"Normal Log"<code>" LogOneObsManual "</code></action></button><autoprog>"/User/Configs/AutoProgs/AutoLog2"<active>no</active></autoprog></log></open>
<open><a2d><avgtime>4.0 secs</avgtime><userchans><ch20>"Off"</ch20><ch21>"Off"</ch21><ch22>"Off"</ch22><ch23>"Off"</ch23></userchans></a2d></open>
<open><matching><type>0</type><disp>'a'</disp><settings><CO2Limit>10.0</CO2Limit><H2OLimit>1.0</H2OLimit><MaxAutoTime>60</MaxAutoTime></settings></matching></open>
<li6400><factory><unit>"PSC-3840"</unit><serviced>"1 Jul 2013"</serviced><fuseaware>0</fuseaware><co2mixer>yes</co2mixer><co2><coeffs>{ 0 0.213319 2.22998e-05 2.13159e-08 -3.88664e-12 3.69888e-16  }</coeffs><dvdt>-4.7</dvdt><xs>{ 0.0009 -0.0002  }</xs></co2><h2o><coeffs>{ 0 0.00572751 2.23485e-06 -7.37877e-12  }</coeffs><dvdt>-1.7</dvdt><xs>{ 0.0009 -0.0028  }</xs></h2o><flow>{ 0 0.3568  }</flow><press>{ 88.437 0.00551  }</press></factory></li6400>
<li6400><user><flow_zero>-468.8</flow_zero><irga_zero><co2>429.7 390.6<at>17.6901</at></co2><h2o>78.1 156.2<at>17.1607</at></h2o></irga_zero><irga_span><co2>{ 0.99237 0.992833  }</co2><h2o>{ 1.00426 0.996799  }</h2o></irga_span><irga_match><co2>{ 0.368307 -0.225152  }</co2><h2o>{ 0.00477181 0.050218  }</h2o></irga_match><co2_mixer><pump_mv>4500</pump_mv><ppm>{ 2287.2 1080.71 423.89 257.488 117.195 68.0056 44.5242 37.9628  }</ppm><mv>{ 5000 3000 1500 1000 500 300 200 100  }</mv></co2_mixer><parin_offset>0</parin_offset><led_cal><unit>"SI-3781"</unit><mv>{ 10 25 50 100 1000 2000 3000 4000 5000  }</mv><qntm>{ 4.69642 15.4417 35.4805 82.2863 972.665 1922.29 2824.32 3690.14 4518.2  }</qntm></led_cal><lcf_cal><unit>"unknown"</unit><red><mv>{ 50 100 500 1000 1500 5000  }</mv><qntm>{ 50 100 500 1000 2000 5000  }</qntm></red><blue><mv>{ 100 200 500 1000 2000 5000  }</mv><qntm>{ 10 20 50 100 200 500  }</qntm></blue></lcf_cal></user></li6400>
"11:02:47 "
$STARTOFDATA$
"Obs"	"HHMMSS"	"FTime"	"EBal?"	"Photo"	"Cond"	"Ci"	"Trmmol"	"VpdL"	"CTleaf"	"Area"	"BLC_1"	"StmRat"	"BLCond"	"Tair"	"Tleaf"	"TBlk"	"CO2R"	"CO2S"	"H2OR"	"H2OS"	"RH_R"	"RH_S"	"Flow"	"PARi"	"PARo"	"Press"	"CsMch"	"HsMch"	"StableF"	"BLCslope"	"BLCoffst"	"f_parin"	"f_parout"	"alphaK"	"Status"
"11:08:29 Coolers: Tblock -> 13.32 C"
"11:09:38 Flow: Fixed -> 500 umol/s"
"11:10:27 Flow: Fixed -> 500 umol/s"
1	"11:10:58"	495.5	0	22.3	0.428	266	7.35	1.48	18.56	6	1.42	1	2.84	15.39	18.56	13.32	400.27	370.22	0.054	8.798	0.23	38.19	499.8	1499	202	76.16	-3.12	0.266	1.0	-0.22	2.74	1.00	0.00	0.16	111115
2	"11:10:58"	496.0	0	22.3	0.428	266	7.35	1.48	18.56	6	1.42	1	2.84	15.39	18.56	13.32	400.27	370.25	0.054	8.799	0.23	38.19	499.8	1499	202	76.16	-3.12	0.266	1.0	-0.22	2.74	1.00	0.00	0.16	111115
3	"11:10:58"	496.0	0	22.3	0.428	266	7.35	1.48	18.56	6	1.42	1	2.84	15.39	18.56	13.32	400.27	370.25	0.054	8.799	0.23	38.19	499.8	1499	202	76.16	-3.12	0.266	1.0	-0.22	2.74	1.00	0.00	0.16	111115
4	"11:10:59"	496.5	0	22.3	0.428	266	7.35	1.48	18.57	6	1.42	1	2.84	15.39	18.57	13.32	400.32	370.28	0.054	8.799	0.24	38.19	499.8	1499	202	76.16	-3.12	0.266	1.0	-0.22	2.74	1.00	0.00	0.16	111115
5	"11:10:59"	497.0	0	22.3	0.428	266	7.35	1.48	18.57	6	1.42	1	2.84	15.39	18.57	13.32	400.29	370.26	0.054	8.800	0.24	38.20	499.8	1499	202	76.16	-3.12	0.266	1.0	-0.22	2.74	1.00	0.00	0.16	111115
6	"11:11:00"	497.5	0	22.3	0.429	266	7.35	1.48	18.57	6	1.42	1	2.84	15.39	18.57	13.32	400.28	370.27	0.055	8.801	0.24	38.20	499.8	1499	202	76.16	-3.12	0.266	1.0	-0.22	2.74	1.00	0.00	0.16	111115
7	"11:11:00"	498.0	0	22.3	0.429	267	7.35	1.48	18.57	6	1.42	1	2.84	15.39	18.57	13.32	400.26	370.28	0.055	8.802	0.24	38.20	499.9	1499	202	76.16	-3.12	0.266	1.0	-0.22	2.74	1.00	0.00	0.16	111115
8	"11:11:01"	498.5	0	22.3	0.429	267	7.35	1.48	18.57	6	1.42	1	2.84	15.39	18.57	13.32	400.29	370.29	0.055	8.804	0.24	38.21	499.9	1499	202	76.16	-3.12	0.266	1.0	-0.22	2.74	1.00	0.00	0.16	111115
9	"11:11:01"	499.0	0	22.3	0.429	267	7.36	1.48	18.57	6	1.42	1	2.84	15.39	18.57	13.32	400.31	370.30	0.055	8.807	0.24	38.22	499.9	1499	202	76.16	-3.12	0.266	1.0	-0.22	2.74	1.00	0.00	0.16	111115
10	"11:11:02"	499.5	0	22.3	0.429	267	7.36	1.48	18.56	6	1.42	1	2.84	15.39	18.56	13.32	400.31	370.30	0.055	8.806	0.24	38.22	499.9	1499	202	76.16	-3.12	0.266	1.0	-0.22	2.74	1.00	0.00	0.16	111115
11	"11:11:02"	500.0	0	22.3	0.429	266	7.36	1.48	18.56	6	1.42	1	2.84	15.39	18.56	13.32	400.34	370.29	0.055	8.806	0.24	38.22	499.9	1499	202	76.16	-3.12	0.266	1.0	-0.22	2.74	1.00	0.00	0.16	111115
12	"11:11:03"	500.5	0	22.3	0.429	266	7.36	1.47	18.56	6	1.42	1	2.84	15.39	18.56	13.32	400.35	370.27	0.055	8.807	0.24	38.22	499.9	1499	202	76.16	-3.12	0.266	1.0	-0.22	2.74	1.00	0.00	0.16	111115
13	"11:11:03"	501.0	0	22.4	0.429	266	7.36	1.47	18.56	6	1.42	1	2.84	15.39	18.56	13.32	400.38	370.29	0.055	8.807	0.24	38.22	499.9	1499	202	76.16	-3.12	0.266	1.0	-0.22	2.74	1.00	0.00	0.16	111115
14	"11:11:04"	501.5	0	22.4	0.429	266	7.36	1.47	18.56	6	1.42	1	2.84	15.39	18.56	13.32	400.40	370.30	0.054	8.807	0.24	38.22	500.0	1499	202	76.16	-3.12	0.266	1.0	-0.22	2.74	1.00	0.00	0.16	111115
15	"11:11:04"	502.0	0	22.3	0.429	266	7.36	1.47	18.56	6	1.42	1	2.84	15.39	18.56	13.32	400.39	370.32	0.055	8.807	0.24	38.22	500.0	1499	202	76.16	-3.12	0.266	1.0	-0.22	2.74	1.00	0.00	0.16	111115
"11:11:15 Coolers: Tblock -> 18.00 C"
"11:13:58 Flow: Fixed -> 500 umol/s"
"11:14:59 Flow: Fixed -> 500 umol/s"
16	"11:15:33"	771.5	0	23.1	0.428	261	8.2	1.64	20.63	6	1.42	1	2.84	19.22	20.63	18.01	400.50	369.19	0.744	10.480	2.54	35.71	499.8	1501	205	76.15	-3.12	0.242	1.0	-0.22	2.74	1.00	0.00	0.16	111115
17	"11:15:33"	771.5	0	23.1	0.428	261	8.2	1.64	20.63	6	1.42	1	2.84	19.22	20.63	18.01	400.50	369.19	0.744	10.480	2.54	35.71	499.8	1501	205	76.15	-3.12	0.242	1.0	-0.22	2.74	1.00	0.00	0.16	111115
18	"11:15:34"	772.0	0	23.1	0.428	261	8.2	1.64	20.63	6	1.42	1	2.84	19.22	20.63	18.01	400.49	369.13	0.743	10.481	2.53	35.71	499.8	1501	205	76.15	-3.12	0.242	1.0	-0.22	2.74	1.00	0.00	0.16	111115
19	"11:15:34"	772.5	0	23.1	0.429	261	8.2	1.64	20.63	6	1.42	1	2.84	19.22	20.63	18.01	400.48	369.13	0.741	10.483	2.53	35.71	499.8	1501	205	76.15	-3.12	0.242	1.0	-0.22	2.74	1.00	0.00	0.16	111115
20	"11:15:35"	773.0	0	23.1	0.429	261	8.2	1.64	20.63	6	1.42	1	2.84	19.22	20.63	18.01	400.46	369.10	0.741	10.484	2.53	35.72	499.8	1501	205	76.15	-3.12	0.242	1.0	-0.22	2.74	1.00	0.00	0.16	111115
21	"11:15:35"	773.5	0	23.1	0.429	261	8.21	1.64	20.63	6	1.42	1	2.84	19.22	20.63	18.01	400.47	369.07	0.740	10.487	2.52	35.73	499.8	1501	205	76.15	-3.12	0.242	1.0	-0.22	2.74	1.00	0.00	0.16	111115
22	"11:15:36"	774.0	0	23.1	0.429	261	8.21	1.64	20.63	6	1.42	1	2.84	19.22	20.63	18.01	400.48	369.14	0.739	10.491	2.52	35.73	499.9	1501	205	76.15	-3.12	0.242	1.0	-0.22	2.74	1.00	0.00	0.16	111115
23	"11:15:36"	774.5	0	23	0.429	261	8.21	1.64	20.63	6	1.42	1	2.84	19.22	20.63	18.01	400.45	369.19	0.740	10.487	2.52	35.72	499.9	1501	205	76.15	-3.12	0.242	1.0	-0.22	2.74	1.00	0.00	0.16	111115
24	"11:15:37"	775.0	0	23	0.429	261	8.21	1.64	20.63	6	1.42	1	2.84	19.22	20.63	18.01	400.46	369.18	0.739	10.489	2.52	35.72	499.9	1501	205	76.15	-3.12	0.242	1.0	-0.22	2.74	1.00	0.00	0.16	111115
25	"11:15:37"	775.5	0	23	0.43	262	8.21	1.64	20.63	6	1.42	1	2.84	19.22	20.63	18.01	400.42	369.21	0.738	10.492	2.51	35.73	499.9	1501	205	76.15	-3.12	0.242	1.0	-0.22	2.74	1.00	0.00	0.16	111115
26	"11:15:38"	776.0	0	22.9	0.43	262	8.21	1.64	20.63	6	1.42	1	2.84	19.22	20.63	18.01	400.42	369.24	0.737	10.493	2.51	35.73	499.9	1501	205	76.15	-3.12	0.242	1.0	-0.22	2.74	1.00	0.00	0.16	111115
27	"11:15:38"	776.5	0	22.9	0.429	262	8.21	1.64	20.63	6	1.42	1	2.84	19.23	20.63	18.01	400.39	369.24	0.736	10.492	2.51	35.73	499.8	1501	205	76.15	-3.12	0.242	1.0	-0.22	2.74	1.00	0.00	0.16	111115
28	"11:15:39"	777.0	0	23	0.429	262	8.21	1.64	20.63	6	1.42	1	2.84	19.23	20.63	18.01	400.43	369.24	0.735	10.491	2.50	35.72	499.8	1501	205	76.15	-3.12	0.242	1.0	-0.22	2.74	1.00	0.00	0.16	111115
29	"11:15:39"	777.5	0	23	0.429	262	8.21	1.64	20.64	6	1.42	1	2.84	19.23	20.64	18.01	400.44	369.23	0.735	10.490	2.50	35.72	499.8	1501	205	76.15	-3.12	0.242	1.0	-0.22	2.74	1.00	0.00	0.16	111115
30	"11:15:40"	778.0	0	23	0.429	261	8.21	1.64	20.64	6	1.42	1	2.84	19.23	20.64	18.01	400.47	369.19	0.734	10.490	2.50	35.72	499.7	1501	205	76.16	-3.12	0.242	1.0	-0.22	2.74	1.00	0.00	0.16	111115
"11:15:49 Coolers: Tblock -> 23.00 C"
"11:20:38 Flow: Fixed -> 500 umol/s"
31	"11:21:08"	1106.0	0	23.3	0.41	255	8.7	1.8	23.40	6	1.42	1	2.84	23.54	23.40	23.09	400.84	368.99	4.005	14.299	10.47	37.39	499.9	1501	209	76.15	-2.6	0.236	1.0	-0.22	2.74	1.00	0.00	0.16	111115
32	"11:21:08"	1106.0	0	23.3	0.41	255	8.7	1.8	23.40	6	1.42	1	2.84	23.54	23.40	23.09	400.84	368.99	4.005	14.299	10.47	37.39	499.9	1501	209	76.15	-2.6	0.236	1.0	-0.22	2.74	1.00	0.00	0.16	111115
33	"11:21:09"	1106.5	0	23.4	0.41	255	8.7	1.8	23.40	6	1.42	1	2.84	23.54	23.40	23.09	400.81	368.93	4.006	14.297	10.47	37.38	499.9	1501	209	76.15	-2.6	0.236	1.0	-0.22	2.74	1.00	0.00	0.16	111115
34	"11:21:09"	1107.0	0	23.3	0.41	255	8.7	1.8	23.40	6	1.42	1	2.84	23.54	23.40	23.09	400.80	368.92	4.007	14.296	10.48	37.38	499.8	1501	209	76.15	-2.6	0.236	1.0	-0.22	2.74	1.00	0.00	0.16	111115
35	"11:21:10"	1107.5	0	23.4	0.41	254	8.7	1.8	23.40	6	1.42	1	2.84	23.54	23.40	23.09	400.84	368.88	4.007	14.298	10.48	37.38	499.8	1501	209	76.15	-2.6	0.236	1.0	-0.22	2.74	1.00	0.00	0.16	111115
36	"11:21:10"	1108.0	0	23.6	0.41	253	8.69	1.8	23.40	6	1.42	1	2.84	23.54	23.40	23.09	400.89	368.76	4.008	14.293	10.48	37.37	499.8	1501	209	76.15	-2.6	0.236	1.0	-0.22	2.74	1.00	0.00	0.16	111115
37	"11:21:11"	1108.5	0	23.5	0.409	253	8.68	1.8	23.40	6	1.42	1	2.84	23.54	23.40	23.09	400.90	368.80	4.011	14.282	10.49	37.34	499.8	1501	209	76.15	-2.6	0.236	1.0	-0.22	2.74	1.00	0.00	0.16	111115
38	"11:21:11"	1109.0	0	23.4	0.409	254	8.68	1.8	23.40	6	1.42	1	2.84	23.54	23.40	23.09	400.87	368.96	4.011	14.281	10.49	37.33	499.8	1501	209	76.15	-2.6	0.236	1.0	-0.22	2.74	1.00	0.00	0.16	111115
39	"11:21:12"	1109.5	0	23.4	0.409	254	8.68	1.8	23.40	6	1.42	1	2.84	23.54	23.40	23.09	400.91	368.98	4.010	14.286	10.48	37.34	499.8	1501	209	76.15	-2.6	0.236	1.0	-0.22	2.74	1.00	0.00	0.16	111115
40	"11:21:12"	1110.0	0	23.3	0.409	255	8.68	1.8	23.40	6	1.42	1	2.84	23.54	23.40	23.09	400.89	369.04	4.010	14.285	10.48	37.34	499.8	1501	209	76.15	-2.6	0.236	1.0	-0.22	2.74	1.00	0.00	0.16	111115
41	"11:21:13"	1110.5	0	23.3	0.409	255	8.69	1.8	23.40	6	1.42	1	2.84	23.54	23.40	23.09	400.87	369.10	4.008	14.291	10.48	37.35	499.9	1501	209	76.15	-2.6	0.236	1.0	-0.22	2.74	1.00	0.00	0.16	111115
42	"11:21:13"	1111.0	0	23.4	0.41	254	8.69	1.8	23.41	6	1.42	1	2.84	23.54	23.41	23.09	400.94	369.00	4.007	14.295	10.47	37.36	499.9	1501	209	76.15	-2.6	0.236	1.0	-0.22	2.74	1.00	0.00	0.16	111115
43	"11:21:14"	1111.5	0	23.6	0.409	253	8.69	1.8	23.41	6	1.42	1	2.84	23.54	23.41	23.09	401.00	368.86	4.009	14.288	10.48	37.34	499.9	1501	209	76.15	-2.6	0.236	1.0	-0.22	2.74	1.00	0.00	0.16	111115
44	"11:21:14"	1112.0	0	23.4	0.409	254	8.68	1.8	23.41	6	1.42	1	2.84	23.54	23.41	23.09	400.97	369.00	4.011	14.283	10.48	37.33	499.9	1501	209	76.15	-2.6	0.236	1.0	-0.22	2.74	1.00	0.00	0.16	111115
45	"11:21:15"	1112.5	0	23.3	0.409	255	8.69	1.8	23.41	6	1.42	1	2.84	23.54	23.41	23.09	400.94	369.08	4.009	14.289	10.48	37.35	499.9	1501	209	76.15	-2.6	0.236	1.0	-0.22	2.74	1.00	0.00	0.16	111115
"11:21:24 Coolers: Tblock -> 28.00 C"
"11:24:03 Flow: Fixed -> 500 umol/s"
46	"11:24:35"	1313.0	0	23.5	0.384	246	8.83	1.93	25.67	6	1.42	1	2.84	27.53	25.67	27.96	400.23	368.13	7.728	18.138	15.94	37.41	499.9	1501	212	76.15	-2.85	0.25	1.0	-0.22	2.74	1.00	0.00	0.16	111115
47	"11:24:35"	1313.0	0	23.5	0.384	246	8.83	1.93	25.67	6	1.42	1	2.84	27.53	25.67	27.96	400.23	368.13	7.728	18.138	15.94	37.41	499.9	1501	212	76.15	-2.85	0.25	1.0	-0.22	2.74	1.00	0.00	0.16	111115
48	"11:24:36"	1313.5	0	23.3	0.384	247	8.84	1.93	25.67	6	1.42	1	2.84	27.53	25.67	27.96	400.14	368.22	7.726	18.146	15.94	37.43	499.9	1501	212	76.15	-2.85	0.25	1.0	-0.22	2.74	1.00	0.00	0.16	111115
49	"11:24:36"	1314.0	0	23.5	0.384	246	8.84	1.93	25.68	6	1.42	1	2.84	27.53	25.68	27.96	400.18	368.11	7.727	18.150	15.93	37.43	499.8	1501	212	76.15	-2.85	0.25	1.0	-0.22	2.74	1.00	0.00	0.16	111115
50	"11:24:37"	1314.5	0	23.5	0.384	246	8.84	1.93	25.68	6	1.42	1	2.84	27.53	25.68	27.96	400.21	368.14	7.729	18.148	15.94	37.42	499.9	1501	212	76.15	-2.85	0.25	1.0	-0.22	2.74	1.00	0.00	0.16	111115
51	"11:24:37"	1315.0	0	23.4	0.384	247	8.84	1.93	25.68	6	1.42	1	2.84	27.53	25.68	27.96	400.18	368.16	7.729	18.149	15.94	37.42	499.8	1501	211	76.15	-2.85	0.25	1.0	-0.22	2.74	1.00	0.00	0.16	111115
52	"11:24:38"	1315.5	0	23.4	0.384	247	8.84	1.93	25.68	6	1.42	1	2.84	27.53	25.68	27.96	400.16	368.18	7.728	18.151	15.94	37.43	499.8	1501	211	76.15	-2.85	0.25	1.0	-0.22	2.74	1.00	0.00	0.16	111115
53	"11:24:38"	1316.0	0	23.4	0.385	247	8.85	1.93	25.68	6	1.42	1	2.84	27.54	25.68	27.96	400.20	368.14	7.727	18.156	15.93	37.43	499.8	1501	211	76.15	-2.85	0.25	1.0	-0.22	2.74	1.00	0.00	0.16	111115
54	"11:24:39"	1316.5	0	23.5	0.384	247	8.84	1.93	25.68	6	1.42	1	2.84	27.54	25.68	27.96	400.22	368.14	7.728	18.152	15.93	37.42	499.8	1501	211	76.15	-2.85	0.25	1.0	-0.22	2.74	1.00	0.00	0.16	111115
55	"11:24:39"	1317.0	0	23.4	0.384	247	8.85	1.93	25.68	6	1.42	1	2.84	27.54	25.68	27.96	400.23	368.18	7.728	18.157	15.93	37.43	499.8	1501	211	76.15	-2.85	0.25	1.0	-0.22	2.74	1.00	0.00	0.16	111115
56	"11:24:40"	1317.5	0	23.5	0.384	246	8.85	1.93	25.68	6	1.42	1	2.84	27.54	25.68	27.96	400.28	368.17	7.727	18.157	15.93	37.43	499.8	1501	211	76.15	-2.85	0.25	1.0	-0.22	2.74	1.00	0.00	0.16	111115
57	"11:24:40"	1318.0	0	23.5	0.385	246	8.85	1.93	25.68	6	1.42	1	2.84	27.54	25.68	27.96	400.30	368.15	7.727	18.158	15.93	37.43	499.8	1501	211	76.15	-2.85	0.25	1.0	-0.22	2.74	1.00	0.00	0.16	111115
58	"11:24:41"	1318.5	0	23.5	0.384	246	8.85	1.93	25.68	6	1.42	1	2.84	27.54	25.68	27.96	400.29	368.14	7.728	18.156	15.93	37.43	499.9	1501	211	76.15	-2.85	0.25	1.0	-0.22	2.74	1.00	0.00	0.16	111115
59	"11:24:41"	1319.0	0	23.4	0.385	247	8.85	1.93	25.68	6	1.42	1	2.84	27.54	25.68	27.96	400.29	368.27	7.727	18.160	15.93	37.43	499.8	1501	211	76.15	-2.85	0.25	1.0	-0.22	2.74	1.00	0.00	0.16	111115
60	"11:24:42"	1319.5	0	23.6	0.385	246	8.86	1.93	25.69	6	1.42	1	2.84	27.54	25.69	27.96	400.36	368.16	7.724	18.167	15.92	37.45	499.9	1501	211	76.15	-2.85	0.25	1.0	-0.22	2.74	1.00	0.00	0.16	111115
"11:24:50 Coolers: Tblock -> 33.00 C"
"11:28:17 Flow: Fixed -> 500 umol/s"
"11:28:44 Flow: Fixed -> 500 umol/s"
61	"11:29:05"	1583.0	0	22.8	0.346	236	9.6	2.28	28.70	6	1.42	1	2.84	32.03	28.70	33.04	399.39	367.74	10.687	21.953	17.01	34.94	499.8	1500	214	76.15	-2.49	0.143	1.0	-0.22	2.74	1.00	0.00	0.16	111115
62	"11:29:06"	1583.5	0	22.8	0.346	236	9.59	2.28	28.70	6	1.42	1	2.84	32.03	28.70	33.04	399.37	367.72	10.688	21.949	17.01	34.93	499.8	1500	214	76.15	-2.49	0.143	1.0	-0.22	2.74	1.00	0.00	0.16	111115
63	"11:29:06"	1583.5	0	22.8	0.346	236	9.59	2.28	28.70	6	1.42	1	2.84	32.03	28.70	33.04	399.37	367.72	10.688	21.949	17.01	34.93	499.8	1500	214	76.15	-2.49	0.143	1.0	-0.22	2.74	1.00	0.00	0.16	111115
64	"11:29:07"	1584.0	0	22.9	0.346	236	9.59	2.28	28.71	6	1.42	1	2.84	32.03	28.71	33.04	399.38	367.66	10.688	21.953	17.01	34.94	499.8	1500	214	76.15	-2.49	0.143	1.0	-0.22	2.74	1.00	0.00	0.16	111115
65	"11:29:07"	1584.5	0	22.9	0.346	236	9.6	2.28	28.71	6	1.42	1	2.84	32.04	28.71	33.04	399.38	367.64	10.688	21.956	17.01	34.94	499.8	1500	214	76.15	-2.49	0.143	1.0	-0.22	2.74	1.00	0.00	0.16	111115
66	"11:29:08"	1585.0	0	22.9	0.346	236	9.6	2.28	28.71	6	1.42	1	2.84	32.04	28.71	33.04	399.36	367.64	10.688	21.959	17.01	34.95	499.8	1500	214	76.15	-2.49	0.143	1.0	-0.22	2.74	1.00	0.00	0.16	111115
67	"11:29:08"	1585.5	0	22.8	0.346	236	9.6	2.28	28.71	6	1.42	1	2.84	32.04	28.71	33.04	399.35	367.70	10.689	21.959	17.01	34.94	499.8	1500	214	76.15	-2.49	0.143	1.0	-0.22	2.74	1.00	0.00	0.16	111115
68	"11:29:09"	1586.0	0	22.9	0.346	236	9.6	2.28	28.71	6	1.42	1	2.84	32.04	28.71	33.04	399.39	367.69	10.689	21.962	17.01	34.95	499.8	1500	214	76.15	-2.49	0.143	1.0	-0.22	2.74	1.00	0.00	0.16	111115
69	"11:29:10"	1587.0	0	23	0.346	236	9.61	2.28	28.71	6	1.42	1	2.84	32.04	28.71	33.04	399.38	367.57	10.689	21.967	17.01	34.95	499.8	1500	214	76.15	-2.49	0.143	1.0	-0.22	2.74	1.00	0.00	0.16	111115
70	"11:29:10"	1587.5	0	22.9	0.346	236	9.61	2.28	28.71	6	1.42	1	2.84	32.04	28.71	33.04	399.37	367.58	10.690	21.969	17.01	34.95	499.8	1500	214	76.15	-2.49	0.143	1.0	-0.22	2.74	1.00	0.00	0.16	111115
71	"11:29:11"	1588.0	0	22.9	0.346	236	9.61	2.28	28.71	6	1.42	1	2.84	32.04	28.71	33.04	399.33	367.64	10.692	21.969	17.01	34.95	499.8	1500	214	76.15	-2.49	0.143	1.0	-0.22	2.74	1.00	0.00	0.16	111115
72	"11:29:11"	1588.5	0	22.8	0.346	236	9.6	2.28	28.72	6	1.42	1	2.84	32.04	28.72	33.05	399.32	367.65	10.693	21.966	17.01	34.94	499.8	1500	214	76.15	-2.49	0.143	1.0	-0.22	2.74	1.00	0.00	0.16	111115
73	"11:29:12"	1589.0	0	22.9	0.346	236	9.6	2.28	28.72	6	1.42	1	2.84	32.04	28.72	33.04	399.32	367.63	10.693	21.966	17.01	34.94	499.9	1500	214	76.15	-2.49	0.143	1.0	-0.22	2.74	1.00	0.00	0.16	111115
74	"11:29:12"	1589.5	0	22.9	0.346	236	9.6	2.28	28.72	6	1.42	1	2.84	32.04	28.72	33.04	399.36	367.61	10.693	21.967	17.01	34.94	499.9	1500	214	76.15	-2.49	0.143	1.0	-0.22	2.74	1.00	0.00	0.16	111115
75	"11:29:13"	1590.0	0	22.9	0.346	236	9.6	2.28	28.72	6	1.42	1	2.84	32.05	28.72	33.05	399.36	367.64	10.695	21.970	17.01	34.95	499.9	1500	214	76.15	-2.49	0.143	1.0	-0.22	2.74	1.00	0.00	0.16	111115
"11:29:22 Coolers: Tblock -> 38.00 C"
"11:33:57 Flow: Fixed -> 500 umol/s"
76	"11:34:39"	1916.5	0	22	0.3	225	9.21	2.47	31.64	6	1.42	1	2.84	36.46	31.64	38.12	399.31	368.83	18.273	29.004	22.73	36.07	499.9	1499	217	76.14	-2.22	0.0874	1.0	-0.22	2.74	1.00	0.00	0.16	111115
77	"11:34:39"	1917.0	0	22	0.3	225	9.2	2.47	31.64	6	1.42	1	2.84	36.46	31.64	38.12	399.31	368.82	18.272	29.001	22.72	36.07	499.8	1499	217	76.14	-2.22	0.0874	1.0	-0.22	2.74	1.00	0.00	0.16	111115
78	"11:34:39"	1917.0	0	22	0.3	225	9.2	2.47	31.64	6	1.42	1	2.84	36.46	31.64	38.12	399.31	368.82	18.272	29.001	22.72	36.07	499.8	1499	217	76.14	-2.22	0.0874	1.0	-0.22	2.74	1.00	0.00	0.16	111115
79	"11:34:40"	1917.0	0	22	0.3	225	9.2	2.47	31.64	6	1.42	1	2.84	36.46	31.64	38.12	399.31	368.82	18.272	29.001	22.72	36.07	499.8	1499	217	76.14	-2.22	0.0874	1.0	-0.22	2.74	1.00	0.00	0.16	111115
80	"11:34:40"	1917.5	0	22	0.3	225	9.21	2.47	31.64	6	1.42	1	2.84	36.46	31.64	38.12	399.32	368.85	18.273	29.004	22.73	36.07	499.8	1499	217	76.15	-2.22	0.0874	1.0	-0.22	2.74	1.00	0.00	0.16	111115
81	"11:34:41"	1918.0	0	22	0.3	225	9.21	2.47	31.64	6	1.42	1	2.84	36.46	31.64	38.12	399.31	368.78	18.272	29.004	22.72	36.07	499.8	1499	217	76.15	-2.22	0.0874	1.0	-0.22	2.74	1.00	0.00	0.16	111115
82	"11:34:41"	1918.5	0	22.1	0.299	224	9.2	2.47	31.64	6	1.42	1	2.84	36.46	31.64	38.12	399.34	368.79	18.274	29.003	22.73	36.07	499.8	1499	217	76.15	-2.22	0.0874	1.0	-0.22	2.74	1.00	0.00	0.16	111115
83	"11:34:42"	1919.0	0	22.1	0.299	224	9.2	2.47	31.64	6	1.42	1	2.84	36.46	31.64	38.12	399.32	368.75	18.275	29.004	22.73	36.07	499.8	1499	217	76.15	-2.22	0.0874	1.0	-0.22	2.74	1.00	0.00	0.16	111115
84	"11:34:42"	1919.5	0	22	0.299	225	9.2	2.47	31.65	6	1.42	1	2.84	36.46	31.65	38.12	399.28	368.80	18.276	29.005	22.73	36.07	499.8	1499	217	76.15	-2.22	0.0874	1.0	-0.22	2.74	1.00	0.00	0.16	111115
85	"11:34:43"	1920.0	0	22	0.299	225	9.21	2.47	31.65	6	1.42	1	2.84	36.46	31.65	38.12	399.27	368.80	18.278	29.008	22.73	36.07	499.8	1499	217	76.15	-2.22	0.0874	1.0	-0.22	2.74	1.00	0.00	0.16	111115
86	"11:34:43"	1920.5	0	22	0.299	225	9.2	2.47	31.65	6	1.42	1	2.84	36.47	31.65	38.12	399.29	368.81	18.279	29.006	22.73	36.07	499.8	1499	217	76.15	-2.22	0.0874	1.0	-0.22	2.74	1.00	0.00	0.16	111115
87	"11:34:44"	1921.0	0	22	0.299	225	9.2	2.47	31.64	6	1.42	1	2.84	36.47	31.64	38.12	399.31	368.82	18.281	29.010	22.73	36.07	499.8	1499	217	76.15	-2.22	0.0874	1.0	-0.22	2.74	1.00	0.00	0.16	111115
88	"11:34:44"	1921.5	0	22.1	0.299	224	9.21	2.47	31.65	6	1.42	1	2.84	36.47	31.65	38.12	399.35	368.80	18.282	29.012	22.73	36.08	499.8	1499	217	76.15	-2.22	0.0874	1.0	-0.22	2.74	1.00	0.00	0.16	111115
89	"11:34:45"	1922.0	0	22	0.3	225	9.21	2.47	31.65	6	1.42	1	2.84	36.47	31.65	38.12	399.37	368.87	18.282	29.016	22.73	36.08	499.9	1499	217	76.15	-2.22	0.0874	1.0	-0.22	2.74	1.00	0.00	0.16	111115
90	"11:34:45"	1922.5	0	22	0.3	225	9.21	2.47	31.64	6	1.42	1	2.84	36.47	31.64	38.12	399.35	368.84	18.282	29.016	22.73	36.08	499.9	1499	217	76.15	-2.22	0.0874	1.0	-0.22	2.74	1.00	0.00	0.16	111115
"11:35:00 Coolers: Tblock -> 43.00 C"
"11:41:10 Flow: Fixed -> 500 umol/s"
"11:41:48 Flow: Fixed -> 500 umol/s"
91	"11:42:17"	2375.5	0	20.3	0.288	231	9.62	2.65	34.80	6	1.42	1	2.84	40.96	34.80	43.00	400.03	371.35	27.499	38.597	26.83	37.66	499.9	1500	221	76.14	-1.59	-0.0629	0.7	-0.22	2.74	1.00	0.00	0.16	111115
92	"11:42:17"	2376.0	0	20.3	0.288	231	9.62	2.65	34.80	6	1.42	1	2.84	40.96	34.80	43.00	399.91	371.28	27.504	38.606	26.83	37.67	499.9	1500	221	76.14	-1.59	-0.0629	0.7	-0.22	2.74	1.00	0.00	0.16	111115
93	"11:42:18"	2376.0	0	20.3	0.288	231	9.62	2.65	34.80	6	1.42	1	2.84	40.96	34.80	43.00	399.91	371.28	27.504	38.606	26.83	37.67	499.9	1500	221	76.14	-1.59	-0.0629	0.7	-0.22	2.74	1.00	0.00	0.16	111115
94	"11:42:18"	2376.5	0	20.3	0.288	231	9.62	2.64	34.79	6	1.42	1	2.84	40.96	34.79	43.00	399.84	371.18	27.511	38.613	26.84	37.67	499.9	1500	221	76.14	-1.59	-0.0629	0.7	-0.22	2.74	1.00	0.00	0.16	111115
95	"11:42:19"	2377.0	0	20.4	0.288	231	9.62	2.64	34.79	6	1.42	1	2.84	40.96	34.79	43.00	399.81	371.08	27.516	38.619	26.84	37.68	499.9	1500	221	76.14	-1.59	-0.0629	0.7	-0.22	2.74	1.00	0.00	0.16	111115
96	"11:42:19"	2377.5	0	20.4	0.288	231	9.62	2.64	34.79	6	1.42	1	2.84	40.96	34.79	43.00	399.79	371.06	27.523	38.621	26.85	37.68	499.9	1500	221	76.14	-1.59	-0.0629	0.7	-0.22	2.74	1.00	0.00	0.16	111115
97	"11:42:20"	2378.0	0	20.4	0.288	230	9.62	2.64	34.79	6	1.42	1	2.84	40.96	34.79	43.00	399.80	371.01	27.529	38.629	26.86	37.68	499.9	1500	221	76.14	-1.59	-0.0629	0.7	-0.22	2.74	1.00	0.00	0.16	111115
98	"11:42:20"	2378.5	0	20.5	0.288	230	9.62	2.64	34.79	6	1.42	1	2.84	40.96	34.79	43.00	399.82	370.96	27.535	38.636	26.86	37.69	499.9	1500	221	76.14	-1.59	-0.0629	0.7	-0.22	2.74	1.00	0.00	0.16	111115
99	"11:42:21"	2379.0	0	20.5	0.288	230	9.62	2.64	34.79	6	1.42	1	2.84	40.97	34.79	43.00	399.82	370.88	27.540	38.640	26.87	37.69	499.9	1500	221	76.14	-1.59	-0.0629	0.7	-0.22	2.74	1.00	0.00	0.16	111115
100	"11:42:21"	2379.5	0	20.6	0.288	229	9.62	2.64	34.79	6	1.42	1	2.84	40.97	34.79	43.00	399.85	370.87	27.544	38.647	26.87	37.70	499.9	1500	221	76.14	-1.59	-0.0629	0.7	-0.22	2.74	1.00	0.00	0.16	111115
101	"11:42:22"	2380.0	0	20.7	0.289	229	9.63	2.64	34.80	6	1.42	1	2.84	40.97	34.80	43.00	399.91	370.78	27.549	38.656	26.87	37.71	499.9	1500	221	76.14	-1.59	-0.0629	0.7	-0.22	2.74	1.00	0.00	0.16	111115
102	"11:42:22"	2380.5	0	20.7	0.288	228	9.63	2.64	34.80	6	1.42	1	2.84	40.97	34.80	43.00	399.93	370.77	27.556	38.664	26.88	37.71	499.9	1500	221	76.14	-1.59	-0.0629	0.7	-0.22	2.74	1.00	0.00	0.16	111115
103	"11:42:23"	2381.0	0	20.8	0.288	228	9.63	2.64	34.81	6	1.42	1	2.84	40.97	34.81	43.00	399.97	370.75	27.563	38.670	26.88	37.72	499.9	1500	221	76.14	-1.59	-0.0629	0.7	-0.22	2.74	1.00	0.00	0.16	111115
104	"11:42:23"	2381.5	0	20.8	0.288	228	9.63	2.64	34.81	6	1.42	1	2.84	40.97	34.81	43.00	400.00	370.69	27.569	38.678	26.89	37.72	499.9	1500	221	76.14	-1.59	-0.0629	0.7	-0.22	2.74	1.00	0.00	0.16	111115
105	"11:42:24"	2382.0	0	20.8	0.288	228	9.63	2.64	34.81	6	1.42	1	2.84	40.97	34.81	43.00	399.98	370.69	27.573	38.684	26.89	37.73	499.9	1499	221	76.14	-1.59	-0.0629	0.7	-0.22	2.74	1.00	0.00	0.16	111115
"11:42:34 Coolers: Tblock -> 48.00 C"
"11:49:08 Coolers: Tblock -> 46.56 C"
"11:50:04 Flow: Fixed -> 500 umol/s"
106	"11:51:11"	2908.5	0	20.5	0.304	234	10.7	2.79	36.36	6	1.42	1	2.84	44.07	36.36	46.51	399.90	370.52	31.048	43.351	25.74	35.94	500.0	1499	225	76.13	-0.771	-0.165	1.0	-0.22	2.74	1.00	0.00	0.16	111115
107	"11:51:11"	2909.0	0	20.5	0.304	234	10.7	2.79	36.36	6	1.42	1	2.84	44.07	36.36	46.52	399.87	370.52	31.051	43.356	25.74	35.94	499.9	1499	225	76.13	-0.771	-0.165	1.0	-0.22	2.74	1.00	0.00	0.16	111115
108	"11:51:11"	2909.0	0	20.5	0.304	234	10.7	2.79	36.36	6	1.42	1	2.84	44.07	36.36	46.52	399.87	370.52	31.051	43.356	25.74	35.94	499.9	1499	225	76.13	-0.771	-0.165	1.0	-0.22	2.74	1.00	0.00	0.16	111115
109	"11:51:12"	2909.5	0	20.5	0.304	234	10.7	2.78	36.35	6	1.42	1	2.84	44.07	36.35	46.52	399.89	370.53	31.053	43.359	25.74	35.94	499.9	1499	225	76.13	-0.771	-0.165	1.0	-0.22	2.74	1.00	0.00	0.16	111115
110	"11:51:12"	2910.0	0	20.5	0.305	234	10.7	2.78	36.35	6	1.42	1	2.84	44.07	36.35	46.52	399.90	370.50	31.056	43.362	25.74	35.94	499.9	1499	225	76.13	-0.771	-0.165	1.0	-0.22	2.74	1.00	0.00	0.16	111115
111	"11:51:13"	2910.5	0	20.6	0.305	234	10.7	2.78	36.35	6	1.42	1	2.84	44.07	36.35	46.52	399.91	370.48	31.057	43.364	25.74	35.95	499.9	1500	225	76.13	-0.771	-0.165	1.0	-0.22	2.74	1.00	0.00	0.16	111115
112	"11:51:13"	2911.0	0	20.6	0.305	234	10.7	2.78	36.34	6	1.42	1	2.84	44.07	36.34	46.52	399.91	370.45	31.058	43.364	25.75	35.95	499.9	1500	225	76.13	-0.771	-0.165	1.0	-0.22	2.74	1.00	0.00	0.16	111115
113	"11:51:14"	2911.5	0	20.6	0.305	234	10.7	2.78	36.34	6	1.42	1	2.84	44.07	36.34	46.52	399.92	370.47	31.059	43.368	25.75	35.95	499.9	1499	225	76.13	-0.771	-0.165	1.0	-0.22	2.74	1.00	0.00	0.16	111115
114	"11:51:14"	2912.0	0	20.6	0.305	234	10.7	2.78	36.34	6	1.42	1	2.84	44.07	36.34	46.52	399.93	370.46	31.061	43.371	25.75	35.96	499.9	1499	225	76.13	-0.771	-0.165	1.0	-0.22	2.74	1.00	0.00	0.16	111115
115	"11:51:15"	2912.5	0	20.6	0.305	234	10.7	2.78	36.34	6	1.42	1	2.84	44.07	36.34	46.52	399.94	370.49	31.063	43.375	25.75	35.96	499.9	1500	225	76.13	-0.771	-0.165	1.0	-0.22	2.74	1.00	0.00	0.16	111115
116	"11:51:15"	2913.0	0	20.6	0.305	234	10.7	2.78	36.34	6	1.42	1	2.84	44.06	36.34	46.52	399.95	370.47	31.063	43.376	25.75	35.96	499.9	1499	225	76.13	-0.771	-0.165	1.0	-0.22	2.74	1.00	0.00	0.16	111115
117	"11:51:16"	2913.5	0	20.6	0.305	234	10.7	2.78	36.34	6	1.42	1	2.84	44.06	36.34	46.52	399.96	370.47	31.065	43.378	25.75	35.96	499.9	1499	225	76.13	-0.771	-0.165	1.0	-0.22	2.74	1.00	0.00	0.16	111115
118	"11:51:16"	2914.0	0	20.6	0.305	234	10.7	2.78	36.35	6	1.42	1	2.84	44.06	36.35	46.52	399.94	370.48	31.066	43.380	25.75	35.96	499.9	1499	225	76.13	-0.771	-0.165	1.0	-0.22	2.74	1.00	0.00	0.16	111115
119	"11:51:17"	2914.5	0	20.5	0.305	234	10.7	2.78	36.35	6	1.42	1	2.84	44.07	36.35	46.52	399.92	370.50	31.070	43.383	25.76	35.96	500.0	1499	225	76.13	-0.771	-0.165	1.0	-0.22	2.74	1.00	0.00	0.16	111115
120	"11:51:17"	2915.0	0	20.5	0.305	234	10.7	2.78	36.35	6	1.42	1	2.84	44.07	36.35	46.52	399.90	370.52	31.074	43.384	25.76	35.96	499.9	1499	225	76.13	-0.771	-0.165	1.0	-0.22	2.74	1.00	0.00	0.16	111115
"11:51:27 Coolers: Tblock -> 50.00 C"
"11:54:36 Coolers: Tblock -> 47.30 C"
"11:55:16 Flow: Fixed -> 500 umol/s"
121	"11:55:45"	3183.5	0	20.3	0.317	239	11.3	2.83	36.73	6	1.42	1	2.84	44.80	36.73	47.30	400.05	370.61	31.467	44.435	25.11	35.45	499.9	1501	227	76.13	-0.348	-0.184	1.0	-0.22	2.74	1.00	0.00	0.16	111115
122	"11:55:45"	3183.5	0	20.3	0.317	239	11.3	2.83	36.73	6	1.42	1	2.84	44.80	36.73	47.30	400.05	370.61	31.467	44.435	25.11	35.45	499.9	1501	227	76.13	-0.348	-0.184	1.0	-0.22	2.74	1.00	0.00	0.16	111115
123	"11:55:46"	3183.5	0	20.3	0.317	239	11.3	2.83	36.73	6	1.42	1	2.84	44.80	36.73	47.30	400.05	370.61	31.467	44.435	25.11	35.45	499.9	1501	227	76.13	-0.348	-0.184	1.0	-0.22	2.74	1.00	0.00	0.16	111115
124	"11:55:46"	3184.0	0	20.3	0.317	239	11.3	2.83	36.73	6	1.42	1	2.84	44.81	36.73	47.30	400.06	370.62	31.469	44.437	25.11	35.45	499.9	1501	227	76.13	-0.348	-0.184	1.0	-0.22	2.74	1.00	0.00	0.16	111115
125	"11:55:47"	3184.5	0	20.4	0.317	239	11.3	2.83	36.73	6	1.42	1	2.84	44.81	36.73	47.30	400.08	370.61	31.470	44.440	25.11	35.45	499.9	1501	227	76.13	-0.348	-0.184	1.0	-0.22	2.74	1.00	0.00	0.16	111115
126	"11:55:47"	3185.0	0	20.4	0.317	239	11.3	2.83	36.73	6	1.42	1	2.84	44.81	36.73	47.30	400.11	370.61	31.472	44.441	25.11	35.45	499.9	1501	227	76.13	-0.348	-0.184	1.0	-0.22	2.74	1.00	0.00	0.16	111115
127	"11:55:48"	3185.5	0	20.4	0.317	239	11.3	2.83	36.73	6	1.42	1	2.84	44.81	36.73	47.30	400.09	370.58	31.473	44.441	25.11	35.46	499.9	1501	228	76.13	-0.348	-0.184	1.0	-0.22	2.74	1.00	0.00	0.16	111115
128	"11:55:48"	3186.0	0	20.4	0.317	239	11.3	2.83	36.72	6	1.42	1	2.84	44.81	36.72	47.30	400.10	370.57	31.473	44.442	25.11	35.46	499.9	1501	228	76.13	-0.348	-0.184	1.0	-0.22	2.74	1.00	0.00	0.16	111115
129	"11:55:49"	3186.5	0	20.5	0.317	238	11.3	2.83	36.72	6	1.42	1	2.84	44.81	36.72	47.30	400.13	370.54	31.473	44.445	25.11	35.46	499.9	1501	228	76.13	-0.348	-0.184	1.0	-0.22	2.74	1.00	0.00	0.16	111115
130	"11:55:49"	3187.0	0	20.5	0.317	239	11.3	2.83	36.72	6	1.42	1	2.84	44.81	36.72	47.31	400.15	370.56	31.473	44.448	25.11	35.46	499.9	1501	228	76.13	-0.348	-0.184	1.0	-0.22	2.74	1.00	0.00	0.16	111115
131	"11:55:50"	3187.5	0	20.5	0.317	239	11.3	2.83	36.73	6	1.42	1	2.84	44.81	36.73	47.31	400.14	370.57	31.474	44.450	25.11	35.46	499.9	1501	228	76.13	-0.348	-0.184	1.0	-0.22	2.74	1.00	0.00	0.16	111115
132	"11:55:50"	3188.0	0	20.4	0.317	239	11.3	2.83	36.73	6	1.42	1	2.84	44.81	36.73	47.31	400.13	370.57	31.474	44.453	25.11	35.47	499.9	1501	228	76.13	-0.348	-0.184	1.0	-0.22	2.74	1.00	0.00	0.16	111115
133	"11:55:51"	3188.5	0	20.4	0.317	239	11.3	2.83	36.73	6	1.42	1	2.84	44.81	36.73	47.31	400.14	370.60	31.475	44.456	25.11	35.47	500.0	1501	228	76.13	-0.348	-0.184	1.0	-0.22	2.74	1.00	0.00	0.16	111115
134	"11:55:51"	3189.0	0	20.4	0.318	239	11.3	2.83	36.73	6	1.42	1	2.84	44.81	36.73	47.31	400.13	370.59	31.474	44.458	25.11	35.47	500.0	1501	227	76.13	-0.348	-0.184	1.0	-0.22	2.74	1.00	0.00	0.16	111115
135	"11:55:52"	3190.0	0	20.4	0.318	239	11.3	2.83	36.73	6	1.42	1	2.84	44.81	36.73	47.30	400.18	370.63	31.476	44.461	25.11	35.47	500.0	1501	227	76.13	-0.348	-0.184	1.0	-0.22	2.74	1.00	0.00	0.16	111115
"OPEN 6.2.4"
"Mon Jun 22 2015 13:27:16"
<open><version>"6.2.4"</version></open>
<open><configfile>"/User/Configs/UserPrefs/2x3 LED.xml"</configfile></open>
<open><light><source>"6400-02 or -02B LED Source"</source><par_in>1<sensor>"SI-3781"<cal>-0.93<actinity>1.00</actinity><transm>1.00</transm></cal></sensor><transm>1</transm></par_in><par_out>1<sensor>"Q49599"<cal>7.26</cal></sensor></par_out></light></open>
<open><comps><file>"/User/Configs/Comps/StdComps_6.2"<header>""</header><extras></extras></file><energybal>no<f_parIn>1</f_parIn><f_parOut>0</f_parOut><alphaK>0.16</alphaK></energybal><bc_total>2.840<stomatal_ratio>1</stomatal_ratio><bc_oneside>1.420<type>2</type><table>"/Sys/Lib/StdBLCTable"</table><area>6</area><slope>-0.219565</slope><offset>2.73739</offset><fan>5</fan></bc_oneside></bc_total></comps></open>
<open><prompts><onlog>off</onlog><items>"Default (none)"</items></prompts></open>
<open><constants><oxygen>21 %</oxygen><bb_vapor>1.5</bb_vapor><bb_oxy>0.9</bb_oxy></constants></open>
<open><stability><items>"Std Stability"<items[1]><id>-2</id><size>15</size><pcv><onoff>0</onoff><value>1</value></pcv><std><onoff>0</onoff><value>1</value></std><slp><onoff>1</onoff><value>1</value></slp></items[1]><items[2]><id>-5</id><size>15</size><pcv><onoff>0</onoff><value>1</value></pcv><std><onoff>0</onoff><value>1</value></std><slp><onoff>1</onoff><value>1</value></slp></items[2]><items[3]><id>-7</id><size>15</size><pcv><onoff>0</onoff><value>1</value></pcv><std><onoff>0</onoff><value>1</value></std><slp><onoff>1</onoff><value>1</value></slp></items[3]></items></stability></open>
<open><log><format>"StdLogFmt_6.0"<items>{ -35 -21 -36 -76 30 23 36 21 25 221 -33 111 -34 11 -9 -10 -8 -1 -2 -4 -5 -14 -15 -7 -12 -13 -11 -65 -66 -72 -18 -19 -77 -78 -79 -23  }<hdr>{  }</hdr></items></format><options><beep>on</beep><hdr>normal</hdr><rem>normal</rem><stab>no</stab><stats>no<mean>no</mean><file>no</file><period>15</period></stats><excel>yes</excel><controls>yes</controls><comm>no</comm></options><datafile>"/User/stm-abasa1"</datafile><button><action>"Normal Log"<code>" LogOneObsManual "</code></action></button><autoprog>"/User/Configs/AutoProgs/AutoLog2"<active>no</active></autoprog></log></open>
<open><a2d><avgtime>4.0 secs</avgtime><userchans><ch20>"Off"</ch20><ch21>"Off"</ch21><ch22>"Off"</ch22><ch23>"Off"</ch23></userchans></a2d></open>
<open><matching><type>0</type><disp>'a'</disp><settings><CO2Limit>10.0</CO2Limit><H2OLimit>1.0</H2OLimit><MaxAutoTime>60</MaxAutoTime></settings></matching></open>
<li6400><factory><unit>"PSC-3840"</unit><serviced>"1 Jul 2013"</serviced><fuseaware>0</fuseaware><co2mixer>yes</co2mixer><co2><coeffs>{ 0 0.213319 2.22998e-05 2.13159e-08 -3.88664e-12 3.69888e-16  }</coeffs><dvdt>-4.7</dvdt><xs>{ 0.0009 -0.0002  }</xs></co2><h2o><coeffs>{ 0 0.00572751 2.23485e-06 -7.37877e-12  }</coeffs><dvdt>-1.7</dvdt><xs>{ 0.0009 -0.0028  }</xs></h2o><flow>{ 0 0.3568  }</flow><press>{ 88.437 0.00551  }</press></factory></li6400>
<li6400><user><flow_zero>-468.8</flow_zero><irga_zero><co2>429.7 390.6<at>17.6901</at></co2><h2o>78.1 156.2<at>17.1607</at></h2o></irga_zero><irga_span><co2>{ 0.99237 0.992833  }</co2><h2o>{ 1.00426 0.996799  }</h2o></irga_span><irga_match><co2>{ 0.368307 -0.0590754  }</co2><h2o>{ 0.00477181 0.122888  }</h2o></irga_match><co2_mixer><pump_mv>4500</pump_mv><ppm>{ 2287.2 1080.71 423.89 257.488 117.195 68.0056 44.5242 37.9628  }</ppm><mv>{ 5000 3000 1500 1000 500 300 200 100  }</mv></co2_mixer><parin_offset>0</parin_offset><led_cal><unit>"SI-3781"</unit><mv>{ 10 25 50 100 1000 2000 3000 4000 5000  }</mv><qntm>{ 4.69642 15.4417 35.4805 82.2863 972.665 1922.29 2824.32 3690.14 4518.2  }</qntm></led_cal><lcf_cal><unit>"unknown"</unit><red><mv>{ 50 100 500 1000 1500 5000  }</mv><qntm>{ 50 100 500 1000 2000 5000  }</qntm></red><blue><mv>{ 100 200 500 1000 2000 5000  }</mv><qntm>{ 10 20 50 100 200 500  }</qntm></blue></lcf_cal></user></li6400>
"13:27:18 "
$STARTOFDATA$
"Obs"	"HHMMSS"	"FTime"	"EBal?"	"Photo"	"Cond"	"Ci"	"Trmmol"	"VpdL"	"CTleaf"	"Area"	"BLC_1"	"StmRat"	"BLCond"	"Tair"	"Tleaf"	"TBlk"	"CO2R"	"CO2S"	"H2OR"	"H2OS"	"RH_R"	"RH_S"	"Flow"	"PARi"	"PARo"	"Press"	"CsMch"	"HsMch"	"StableF"	"BLCslope"	"BLCoffst"	"f_parin"	"f_parout"	"alphaK"	"Status"
