"OPEN 6.3.2"
"Sun Feb  5 2106 23:37:42"
<open><version>"6.3.2"</version></open>
<open><configfile>"/User/Configs/UserPrefs/LED2x3.xml"</configfile></open>
<open><light><source>"6400-02 or -02B LED Source"</source><par_in>1<sensor>"SI-2503"<cal>-0.86<actinity>1.00</actinity><transm>1.00</transm></cal></sensor><transm>1</transm></par_in><par_out>1<sensor>"Q40491"<cal>6.5</cal></sensor></par_out></light></open>
<open><comps><file>"/User/Configs/Comps/StdComps_6.1"<header>""</header><extras></extras></file><energybal>no<f_parIn>1</f_parIn><f_parOut>0</f_parOut><alphaK>0.16</alphaK></energybal><bc_total>2.840<stomatal_ratio>1</stomatal_ratio><bc_oneside>1.420<type>2</type><table>"/Sys/Lib/StdBLCTable"</table><area>6</area><slope>-0.219565</slope><offset>2.73739</offset><fan>5</fan></bc_oneside></bc_total></comps></open>
<open><prompts><onlog>off</onlog><items>"Default (none)"</items></prompts></open>
<open><constants><oxygen>21 %</oxygen><bb_vapor>1.5</bb_vapor><bb_oxy>0.9</bb_oxy></constants></open>
<open><stability><items>"Std Stability"<items[1]><id>-2</id><size>15</size><pcv><onoff>0</onoff><value>1</value></pcv><std><onoff>0</onoff><value>1</value></std><slp><onoff>1</onoff><value>1</value></slp></items[1]><items[2]><id>-5</id><size>15</size><pcv><onoff>0</onoff><value>1</value></pcv><std><onoff>0</onoff><value>1</value></std><slp><onoff>1</onoff><value>1</value></slp></items[2]><items[3]><id>-7</id><size>15</size><pcv><onoff>0</onoff><value>1</value></pcv><std><onoff>0</onoff><value>1</value></std><slp><onoff>1</onoff><value>1</value></slp></items[3]></items></stability></open>
<open><log><format>"StdLogFmt_6.0"<items>{ -35 -21 -70 -69 -76 30 23 36 21 25 221 -33 111 -34 11 -9 -10 -8 -1 -2 -4 -5 -14 -15 -7 -12 -13 -11 -65 -66 -72 -18 -19 -77 -78 -79 -23  }<hdr>{  }</hdr></items></format><options><beep>on</beep><match>"never"<time>30</time><co2>100</co2><delta>10</delta></match><hdr>normal</hdr><rem>normal</rem><stab>no</stab><stats>no<mean>no</mean><file>no</file><period>15</period></stats><excel>yes</excel><controls>yes</controls><comm>no</comm></options><datafile>"/User/stm-as3"</datafile><button><action>"Normal Log"<code>" LogOneObsManual "</code></action></button><autoprog>"/User/Configs/AutoProgs/AutoLog2"<active>no</active></autoprog></log></open>
<open><a2d><avgtime>4.0 secs</avgtime><userchans><ch20>"Off"</ch20><ch21>"Off"</ch21><ch22>"Off"</ch22><ch23>"Off"</ch23></userchans></a2d></open>
<open><matching><type>0</type><disp>'a'</disp><settings>><CO2Limit>10.0</CO2Limit><H2OLimit>1.0</H2OLimit><MaxAutoTime>60</MaxAutoTime><AverageTime>10</AverageTime></settings></matching></open>
<li6400><factory><unit>"PSC-2470"</unit><serviced>"20 Apr 2015"</serviced><fuseaware>0</fuseaware><co2mixer>yes</co2mixer><co2><coeffs>{ 0 0.21905 1.42412e-05 2.84252e-08 -5.87781e-12 5.64561e-16  }</coeffs><dvdt>-3.6</dvdt><xs>{ 0.000524 -0.000211  }</xs></co2><h2o><coeffs>{ 0 0.005729 2.27444e-06 -1.41238e-11  }</coeffs><dvdt>-2.4</dvdt><xs>{ -0.000971 -0.0033  }</xs></h2o><flow>{ 0 0.3713  }</flow><press>{ 86.913 0.00551  }</press></factory></li6400>
<li6400><user><flow_zero>35.5</flow_zero><irga_zero><co2>113.5 -42.6<at>27.0751</at></co2><h2o>35.5 113.5<at>27.1372</at></h2o></irga_zero><irga_span><co2>{ 0.989946 0.991241  }</co2><h2o>{ 0.996267 0.997816  }</h2o></irga_span><irga_match><co2>{ -1.02808 0.983759  }</co2><h2o>{ -0.129204 0.0743966  }</h2o></irga_match><co2_mixer><pump_mv>4500</pump_mv><ppm>{ 2303.18 1102.68 434.338 264.42 121.423 71.172 50.8283 50.7911  }</ppm><mv>{ 5000 3000 1500 1000 500 300 200 100  }</mv></co2_mixer><parin_offset>-0.211894</parin_offset><led_cal><unit>"SI-2503"</unit><mv>{ 10 25 50 100 1000 2000 3000 4000 5000  }</mv><qntm>{ 1.81531 9.77453 25.1762 63.0399 817.066 1630.06 2397.63 3127.23 3814.78  }</qntm></led_cal><lcf_cal><unit>"LCF-0981"</unit><red><mv>{ 50 100 200 400 800 1500  }</mv><qntm>{ 64.6036 145.758 312.409 661.73 1377.94 2641.23  }</qntm></red><blue><mv>{ 100 500 1000 2000 3000 4000 5000  }</mv><qntm>{ 11.107 44.4539 81.9578 145.168 203.372 256.093 300.56  }</qntm></blue></lcf_cal></user></li6400>
"23:37:48 "
$STARTOFDATA$
"Obs"	"HHMMSS"	"YYYYMMDD"	"DOY"	"EBal?"	"Photo"	"Cond"	"Ci"	"Trmmol"	"VpdL"	"CTleaf"	"Area"	"BLC_1"	"StmRat"	"BLCond"	"Tair"	"Tleaf"	"TBlk"	"CO2R"	"CO2S"	"H2OR"	"H2OS"	"RH_R"	"RH_S"	"Flow"	"PARi"	"PARo"	"Press"	"CsMch"	"HsMch"	"StableF"	"BLCslope"	"BLCoffst"	"f_parin"	"f_parout"	"alphaK"	"Status"
"23:38:01 Coolers: Tblock -> 0.00 C"
"23:46:20 Coolers: Tblock -> 14.00 C"
"23:55:46 Flow: Fixed -> 500 umol/s"
"23:59:35 Flow: Fixed -> 500 umol/s"
"00:04:11 Coolers: Tblock -> 15.00 C"
"00:04:30 Coolers: Tblock -> 14.00 C"
"00:07:59 Flow: Fixed -> 500 umol/s"
1	"00:11:53"	21060206	1	0	2.7	0.0393	275	0.844	1.63	19.63	6	1.42	1	2.84	15.77	19.63	14.04	401.30	397.66	7.676	8.680	32.59	36.85	500.0	1499	0	76.34	3.04	0.311	1.0	-0.22	2.74	1.00	0.00	0.16	111115
2	"00:11:53"	21060206	1	0	2.7	0.0393	275	0.844	1.63	19.63	6	1.42	1	2.84	15.77	19.63	14.04	401.30	397.66	7.676	8.680	32.59	36.85	500.0	1499	0	76.34	3.04	0.311	1.0	-0.22	2.74	1.00	0.00	0.16	111115
3	"00:11:54"	21060206	1	0	2.83	0.0393	269	0.845	1.63	19.63	6	1.42	1	2.84	15.77	19.63	14.04	401.49	397.69	7.677	8.682	32.59	36.85	500.0	1499	0	76.34	3.04	0.311	1.0	-0.22	2.74	1.00	0.00	0.16	111115
4	"00:11:54"	21060206	1	0	2.99	0.0392	263	0.844	1.63	19.65	6	1.42	1	2.84	15.77	19.65	14.04	401.72	397.73	7.677	8.681	32.59	36.85	499.9	1499	0	76.34	3.04	0.311	1.0	-0.22	2.74	1.00	0.00	0.16	111115
5	"00:11:55"	21060206	1	0	3.15	0.0392	256	0.844	1.63	19.66	6	1.42	1	2.84	15.77	19.66	14.04	401.95	397.76	7.677	8.681	32.59	36.85	499.9	1499	0	76.34	3.04	0.311	1.0	-0.22	2.74	1.00	0.00	0.16	111115
6	"00:11:55"	21060206	1	0	3.33	0.0392	249	0.846	1.63	19.66	6	1.42	1	2.84	15.77	19.66	14.04	402.19	397.79	7.677	8.683	32.59	36.86	499.9	1499	0	76.34	3.04	0.311	1.0	-0.22	2.74	1.00	0.00	0.16	111115
7	"00:11:56"	21060206	1	0	3.45	0.0393	244	0.846	1.64	19.66	6	1.42	1	2.84	15.77	19.66	14.04	402.38	397.83	7.676	8.683	32.58	36.86	499.9	1499	0	76.34	3.04	0.311	1.0	-0.22	2.74	1.00	0.00	0.16	111115
8	"00:11:56"	21060206	1	0	3.49	0.0393	243	0.847	1.63	19.66	6	1.42	1	2.84	15.77	19.66	14.04	402.50	397.90	7.676	8.684	32.58	36.86	499.9	1499	0	76.34	3.04	0.311	1.0	-0.22	2.74	1.00	0.00	0.16	111115
9	"00:11:57"	21060206	1	0	3.44	0.0393	245	0.847	1.63	19.66	6	1.42	1	2.84	15.77	19.66	14.03	402.50	397.97	7.676	8.684	32.58	36.86	499.9	1499	0	76.34	3.04	0.311	0.7	-0.22	2.74	1.00	0.00	0.16	111115
10	"00:11:57"	21060206	1	0	3.31	0.0393	250	0.847	1.63	19.66	6	1.42	1	2.84	15.77	19.66	14.03	402.42	398.05	7.677	8.684	32.59	36.86	499.9	1499	0	76.34	3.04	0.311	0.7	-0.22	2.74	1.00	0.00	0.16	111115
11	"00:11:58"	21060206	1	0	3.09	0.0393	260	0.847	1.63	19.65	6	1.42	1	2.84	15.77	19.65	14.03	402.21	398.11	7.677	8.684	32.59	36.86	500.0	1499	0	76.34	3.04	0.311	0.7	-0.22	2.74	1.00	0.00	0.16	111115
12	"00:11:58"	21060206	1	0	2.74	0.0394	274	0.847	1.63	19.64	6	1.42	1	2.84	15.77	19.64	14.03	401.85	398.16	7.677	8.685	32.59	36.87	500.0	1499	0	76.34	3.04	0.311	0.7	-0.22	2.74	1.00	0.00	0.16	111115
13	"00:11:59"	21060206	1	0	2.34	0.0394	290	0.847	1.63	19.64	6	1.42	1	2.84	15.77	19.64	14.03	401.43	398.22	7.679	8.686	32.60	36.87	500.0	1499	0	76.34	3.04	0.311	0.7	-0.22	2.74	1.00	0.00	0.16	111115
14	"00:12:00"	21060206	1	0	1.97	0.0393	305	0.845	1.63	19.63	6	1.42	1	2.84	15.77	19.63	14.03	401.00	398.22	7.679	8.684	32.60	36.86	500.0	1499	0	76.34	3.04	0.311	0.7	-0.22	2.74	1.00	0.00	0.16	111115
15	"00:12:00"	21060206	1	0	1.5	0.0391	324	0.84	1.63	19.63	6	1.42	1	2.84	15.77	19.63	14.03	400.38	398.18	7.685	8.685	32.62	36.87	500.0	1499	0	76.34	3.04	0.311	0.7	-0.22	2.74	1.00	0.00	0.16	111115
"00:12:15 Coolers: Tblock -> 19.00 C"
"00:15:27 Flow: Fixed -> 500 umol/s"
16	"00:20:10"	21060206	1	0	2.25	0.0451	304	1.08	1.81	22.03	6	1.42	1	2.84	20.04	22.03	19.06	401.55	398.34	9.836	11.115	31.92	36.07	500.0	1499	0	76.34	2.64	0.316	0.7	-0.22	2.74	1.00	0.00	0.16	111115
17	"00:20:11"	21060206	1	0	2.25	0.0451	304	1.08	1.81	22.03	6	1.42	1	2.84	20.04	22.03	19.06	401.55	398.34	9.836	11.115	31.92	36.07	500.0	1499	0	76.34	2.64	0.316	0.7	-0.22	2.74	1.00	0.00	0.16	111115
18	"00:20:11"	21060206	1	0	2.2	0.0452	306	1.08	1.81	22.03	6	1.42	1	2.84	20.04	22.03	19.06	401.49	398.33	9.827	11.109	31.89	36.05	500.0	1499	0	76.34	2.64	0.316	0.7	-0.22	2.74	1.00	0.00	0.16	111115
19	"00:20:12"	21060206	1	0	2.19	0.0453	306	1.08	1.81	22.03	6	1.42	1	2.84	20.04	22.03	19.06	401.43	398.28	9.820	11.105	31.87	36.04	500.0	1499	0	76.34	2.64	0.316	0.7	-0.22	2.74	1.00	0.00	0.16	111115
20	"00:20:12"	21060206	1	0	2.11	0.0453	309	1.08	1.81	22.03	6	1.42	1	2.84	20.04	22.03	19.05	401.33	398.28	9.813	11.097	31.85	36.01	499.9	1499	0	76.34	2.64	0.316	0.7	-0.22	2.74	1.00	0.00	0.16	111115
21	"00:20:13"	21060206	1	0	2.03	0.0452	312	1.08	1.81	22.03	6	1.42	1	2.84	20.04	22.03	19.05	401.20	398.24	9.808	11.091	31.83	35.99	499.9	1499	0	76.34	2.64	0.316	0.7	-0.22	2.74	1.00	0.00	0.16	111115
22	"00:20:13"	21060206	1	0	1.94	0.0452	315	1.08	1.81	22.02	6	1.42	1	2.84	20.04	22.02	19.05	401.05	398.21	9.803	11.086	31.81	35.98	499.9	1499	0	76.34	2.64	0.316	0.7	-0.22	2.74	1.00	0.00	0.16	111115
23	"00:20:14"	21060206	1	0	1.8	0.0451	320	1.08	1.81	22.02	6	1.42	1	2.84	20.04	22.02	19.05	400.85	398.18	9.799	11.079	31.80	35.96	499.9	1499	0	76.34	2.64	0.316	0.7	-0.22	2.74	1.00	0.00	0.16	111115
24	"00:20:14"	21060206	1	0	1.67	0.045	324	1.08	1.81	22.02	6	1.42	1	2.84	20.04	22.02	19.05	400.63	398.11	9.795	11.073	31.79	35.94	500.0	1499	0	76.34	2.64	0.316	0.7	-0.22	2.74	1.00	0.00	0.16	111115
25	"00:20:15"	21060206	1	0	1.49	0.0449	330	1.07	1.81	22.02	6	1.42	1	2.84	20.04	22.02	19.05	400.36	398.06	9.793	11.068	31.78	35.92	500.0	1499	0	76.34	2.64	0.316	1.0	-0.22	2.74	1.00	0.00	0.16	111115
26	"00:20:15"	21060206	1	0	1.38	0.0447	334	1.07	1.81	22.02	6	1.42	1	2.84	20.04	22.02	19.05	400.13	397.96	9.791	11.062	31.78	35.90	500.0	1499	0	76.34	2.64	0.316	1.0	-0.22	2.74	1.00	0.00	0.16	111115
27	"00:20:16"	21060206	1	0	1.32	0.0446	336	1.07	1.81	22.02	6	1.42	1	2.84	20.04	22.02	19.05	399.99	397.89	9.790	11.056	31.77	35.89	500.0	1499	0	76.34	2.64	0.316	1.0	-0.22	2.74	1.00	0.00	0.16	111115
28	"00:20:16"	21060206	1	0	1.43	0.0444	331	1.06	1.81	22.02	6	1.42	1	2.84	20.04	22.02	19.05	400.01	397.78	9.790	11.051	31.78	35.87	499.9	1499	0	76.34	2.64	0.316	1.0	-0.22	2.74	1.00	0.00	0.16	111115
29	"00:20:17"	21060206	1	0	1.55	0.0443	327	1.06	1.81	22.02	6	1.42	1	2.84	20.04	22.02	19.06	400.05	397.68	9.789	11.047	31.78	35.86	500.0	1499	0	76.34	2.64	0.316	1.0	-0.22	2.74	1.00	0.00	0.16	111115
30	"00:20:17"	21060206	1	0	1.71	0.0441	321	1.06	1.81	22.02	6	1.42	1	2.84	20.04	22.02	19.06	400.16	397.61	9.790	11.043	31.78	35.85	500.0	1499	0	76.34	2.64	0.316	1.0	-0.22	2.74	1.00	0.00	0.16	111115
"00:20:33 Coolers: Tblock -> 24.00 C"
"00:24:42 Flow: Fixed -> 500 umol/s"
"00:29:28 Flow: Fixed -> 500 umol/s"
31	"00:31:59"	21060206	1	0	2.54	0.0354	266	1.01	2.15	25.87	6	1.42	1	2.84	24.68	25.87	24.05	400.79	397.26	14.558	15.755	35.63	38.56	499.9	1500	0	76.33	2.37	0.377	0.7	-0.22	2.74	1.00	0.00	0.16	111115
32	"00:32:00"	21060206	1	0	2.54	0.0354	266	1.01	2.15	25.87	6	1.42	1	2.84	24.68	25.87	24.05	400.79	397.26	14.558	15.755	35.63	38.56	499.9	1500	0	76.33	2.37	0.377	0.7	-0.22	2.74	1.00	0.00	0.16	111115
33	"00:32:00"	21060206	1	0	2.61	0.0354	263	1.01	2.15	25.87	6	1.42	1	2.84	24.68	25.87	24.05	400.91	397.29	14.559	15.757	35.63	38.56	499.9	1500	0	76.33	2.37	0.377	0.7	-0.22	2.74	1.00	0.00	0.16	111115
34	"00:32:01"	21060206	1	0	2.62	0.0353	262	1.01	2.15	25.87	6	1.42	1	2.84	24.68	25.87	24.05	400.97	397.34	14.561	15.755	35.63	38.56	499.9	1500	0	76.33	2.37	0.377	0.7	-0.22	2.74	1.00	0.00	0.16	111115
35	"00:32:01"	21060206	1	0	2.61	0.0353	262	1.01	2.15	25.87	6	1.42	1	2.84	24.68	25.87	24.05	400.95	397.33	14.564	15.757	35.64	38.56	499.9	1500	0	76.33	2.37	0.377	0.7	-0.22	2.74	1.00	0.00	0.16	111115
36	"00:32:02"	21060206	1	0	2.43	0.0352	270	1.01	2.15	25.87	6	1.42	1	2.84	24.68	25.87	24.05	400.77	397.38	14.567	15.757	35.65	38.56	499.9	1500	0	76.33	2.37	0.377	0.7	-0.22	2.74	1.00	0.00	0.16	111115
37	"00:32:02"	21060206	1	0	2.17	0.0351	282	1	2.15	25.87	6	1.42	1	2.84	24.68	25.87	24.05	400.51	397.42	14.570	15.755	35.65	38.56	499.9	1500	0	76.33	2.37	0.377	0.7	-0.22	2.74	1.00	0.00	0.16	111115
38	"00:32:03"	21060206	1	0	1.9	0.035	294	1	2.15	25.87	6	1.42	1	2.84	24.68	25.87	24.05	400.20	397.44	14.571	15.756	35.66	38.56	500.0	1500	0	76.33	2.37	0.377	0.7	-0.22	2.74	1.00	0.00	0.16	111115
39	"00:32:03"	21060206	1	0	1.62	0.035	306	1	2.15	25.87	6	1.42	1	2.84	24.68	25.87	24.05	399.89	397.47	14.573	15.755	35.66	38.56	499.9	1500	0	76.33	2.37	0.377	0.7	-0.22	2.74	1.00	0.00	0.16	111115
40	"00:32:04"	21060206	1	0	1.38	0.0349	317	1	2.15	25.88	6	1.42	1	2.84	24.68	25.88	24.05	399.58	397.46	14.576	15.758	35.67	38.56	500.0	1500	0	76.33	2.37	0.377	0.7	-0.22	2.74	1.00	0.00	0.16	111115
41	"00:32:04"	21060206	1	0	1.15	0.0349	327	0.999	2.15	25.88	6	1.42	1	2.84	24.68	25.88	24.05	399.28	397.42	14.578	15.758	35.67	38.56	499.9	1500	0	76.33	2.37	0.377	0.7	-0.22	2.74	1.00	0.00	0.16	111115
42	"00:32:05"	21060206	1	0	1.04	0.0351	332	1	2.15	25.88	6	1.42	1	2.84	24.68	25.88	24.05	399.08	397.35	14.578	15.764	35.67	38.58	499.9	1500	0	76.33	2.37	0.377	0.7	-0.22	2.74	1.00	0.00	0.16	111115
43	"00:32:05"	21060206	1	0	1.05	0.0351	332	1	2.15	25.88	6	1.42	1	2.84	24.68	25.88	24.04	399.05	397.31	14.580	15.766	35.68	38.58	499.9	1500	0	76.33	2.37	0.377	0.7	-0.22	2.74	1.00	0.00	0.16	111115
44	"00:32:06"	21060206	1	0	1.21	0.035	325	1	2.15	25.88	6	1.42	1	2.84	24.68	25.88	24.04	399.17	397.25	14.581	15.767	35.68	38.58	499.9	1500	0	76.33	2.37	0.377	0.7	-0.22	2.74	1.00	0.00	0.16	111115
45	"00:32:06"	21060206	1	0	1.42	0.0351	315	1.01	2.15	25.88	6	1.42	1	2.84	24.68	25.88	24.04	399.38	397.19	14.582	15.770	35.68	38.59	499.9	1500	0	76.33	2.37	0.377	0.7	-0.22	2.74	1.00	0.00	0.16	111115
"00:32:17 Coolers: Tblock -> 29.00 C"
"00:40:28 Flow: Fixed -> 500 umol/s"
46	"00:42:36"	21060206	1	0	3	0.0281	209	0.972	2.57	28.95	6	1.42	1	2.84	29.10	28.95	29.04	401.62	397.56	17.719	18.864	33.44	35.60	499.9	1499	0	76.33	1.65	0.363	0.7	-0.22	2.74	1.00	0.00	0.16	111115
47	"00:42:36"	21060206	1	0	3	0.0281	209	0.972	2.57	28.95	6	1.42	1	2.84	29.10	28.95	29.04	401.62	397.56	17.719	18.864	33.44	35.60	499.9	1499	0	76.33	1.65	0.363	0.7	-0.22	2.74	1.00	0.00	0.16	111115
48	"00:42:37"	21060206	1	0	2.98	0.028	209	0.97	2.57	28.95	6	1.42	1	2.84	29.10	28.95	29.04	401.66	397.62	17.721	18.862	33.44	35.60	499.9	1499	0	76.33	1.65	0.363	0.7	-0.22	2.74	1.00	0.00	0.16	111115
49	"00:42:37"	21060206	1	0	2.76	0.0281	222	0.971	2.57	28.95	6	1.42	1	2.84	29.10	28.95	29.04	401.47	397.70	17.720	18.863	33.44	35.60	499.9	1499	0	76.33	1.65	0.363	0.7	-0.22	2.74	1.00	0.00	0.16	111115
50	"00:42:38"	21060206	1	0	2.52	0.028	235	0.97	2.57	28.95	6	1.42	1	2.84	29.10	28.95	29.04	401.29	397.80	17.720	18.862	33.44	35.60	499.9	1499	0	76.33	1.65	0.363	0.7	-0.22	2.74	1.00	0.00	0.16	111115
51	"00:42:38"	21060206	1	0	2.49	0.028	237	0.968	2.57	28.95	6	1.42	1	2.84	29.10	28.95	29.04	401.27	397.82	17.721	18.861	33.44	35.59	499.9	1499	0	76.33	1.65	0.363	0.7	-0.22	2.74	1.00	0.00	0.16	111115
52	"00:42:39"	21060206	1	0	2.6	0.028	231	0.97	2.57	28.95	6	1.42	1	2.84	29.10	28.95	29.04	401.45	397.87	17.722	18.864	33.44	35.60	499.9	1499	0	76.33	1.65	0.363	0.7	-0.22	2.74	1.00	0.00	0.16	111115
53	"00:42:40"	21060206	1	0	2.81	0.0281	219	0.97	2.57	28.95	6	1.42	1	2.84	29.10	28.95	29.04	401.76	397.92	17.724	18.866	33.45	35.60	499.9	1499	0	76.33	1.65	0.363	0.7	-0.22	2.74	1.00	0.00	0.16	111115
54	"00:42:40"	21060206	1	0	2.94	0.0279	211	0.967	2.57	28.96	6	1.42	1	2.84	29.10	28.96	29.04	401.97	397.99	17.725	18.863	33.45	35.60	499.9	1499	0	76.33	1.65	0.363	0.7	-0.22	2.74	1.00	0.00	0.16	111115
55	"00:42:41"	21060206	1	0	2.84	0.0279	216	0.965	2.57	28.96	6	1.42	1	2.84	29.10	28.96	29.04	401.90	398.03	17.726	18.862	33.45	35.59	499.9	1498	0	76.33	1.65	0.363	0.7	-0.22	2.74	1.00	0.00	0.16	111115
56	"00:42:41"	21060206	1	0	2.49	0.0279	236	0.965	2.57	28.96	6	1.42	1	2.84	29.10	28.96	29.04	401.56	398.11	17.727	18.863	33.45	35.59	500.0	1498	0	76.33	1.65	0.363	0.7	-0.22	2.74	1.00	0.00	0.16	111115
57	"00:42:42"	21060206	1	0	2.07	0.0278	260	0.963	2.57	28.96	6	1.42	1	2.84	29.10	28.96	29.04	401.09	398.15	17.729	18.863	33.45	35.59	500.0	1499	0	76.33	1.65	0.363	0.7	-0.22	2.74	1.00	0.00	0.16	111115
58	"00:42:42"	21060206	1	0	1.66	0.0278	283	0.963	2.57	28.96	6	1.42	1	2.84	29.10	28.96	29.04	400.61	398.16	17.730	18.864	33.45	35.59	500.0	1499	0	76.33	1.65	0.363	0.7	-0.22	2.74	1.00	0.00	0.16	111115
59	"00:42:43"	21060206	1	0	1.39	0.0278	298	0.963	2.57	28.96	6	1.42	1	2.84	29.10	28.96	29.04	400.28	398.15	17.731	18.866	33.45	35.59	500.0	1499	0	76.33	1.65	0.363	0.7	-0.22	2.74	1.00	0.00	0.16	111115
60	"00:42:43"	21060206	1	0	1.24	0.0278	306	0.963	2.57	28.97	6	1.42	1	2.84	29.10	28.97	29.04	400.06	398.11	17.732	18.866	33.46	35.59	500.0	1499	0	76.33	1.65	0.363	0.7	-0.22	2.74	1.00	0.00	0.16	111115
"00:42:59 Coolers: Tblock -> 34.00 C"
"00:47:53 Flow: Fixed -> 500 umol/s"
"00:52:00 Flow: Fixed -> 500 umol/s"
61	"00:52:59"	21060206	1	0	2.02	0.0233	240	0.859	2.72	31.78	6	1.42	1	2.84	33.48	31.78	34.04	401.25	398.42	25.172	26.177	37.02	38.50	500.0	1500	0	76.33	1.83	0.338	0.7	-0.22	2.74	1.00	0.00	0.16	111115
62	"00:52:59"	21060206	1	0	2.02	0.0233	240	0.859	2.72	31.78	6	1.42	1	2.84	33.48	31.78	34.04	401.25	398.42	25.172	26.177	37.02	38.50	500.0	1500	0	76.33	1.83	0.338	0.7	-0.22	2.74	1.00	0.00	0.16	111115
63	"00:53:00"	21060206	1	0	1.57	0.0233	270	0.86	2.72	31.78	6	1.42	1	2.84	33.48	31.78	34.04	400.75	398.46	25.174	26.179	37.02	38.50	500.0	1500	0	76.33	1.83	0.338	0.7	-0.22	2.74	1.00	0.00	0.16	111115
64	"00:53:00"	21060206	1	0	1.28	0.0233	290	0.86	2.72	31.78	6	1.42	1	2.84	33.48	31.78	34.04	400.40	398.46	25.174	26.179	37.02	38.50	500.0	1500	0	76.33	1.83	0.338	0.7	-0.22	2.74	1.00	0.00	0.16	111115
65	"00:53:01"	21060206	1	0	1.26	0.0233	291	0.861	2.72	31.78	6	1.42	1	2.84	33.48	31.78	34.04	400.34	398.42	25.175	26.180	37.03	38.50	499.9	1500	0	76.33	1.83	0.338	0.7	-0.22	2.74	1.00	0.00	0.16	111115
66	"00:53:01"	21060206	1	0	1.49	0.0233	275	0.862	2.72	31.77	6	1.42	1	2.84	33.48	31.77	34.04	400.58	398.38	25.174	26.181	37.02	38.51	499.9	1500	0	76.33	1.83	0.338	0.7	-0.22	2.74	1.00	0.00	0.16	111115
67	"00:53:02"	21060206	1	0	1.91	0.0234	248	0.864	2.71	31.77	6	1.42	1	2.84	33.48	31.77	34.04	401.07	398.37	25.173	26.183	37.02	38.51	499.9	1500	0	76.33	1.83	0.338	0.7	-0.22	2.74	1.00	0.00	0.16	111115
68	"00:53:02"	21060206	1	0	2.3	0.0234	221	0.862	2.71	31.77	6	1.42	1	2.84	33.48	31.77	34.04	401.54	398.37	25.172	26.180	37.02	38.50	499.9	1500	0	76.33	1.83	0.338	0.7	-0.22	2.74	1.00	0.00	0.16	111115
69	"00:53:03"	21060206	1	0	2.47	0.0234	211	0.865	2.72	31.77	6	1.42	1	2.84	33.48	31.77	34.04	401.75	398.38	25.172	26.182	37.02	38.51	500.0	1500	0	76.33	1.83	0.338	0.7	-0.22	2.74	1.00	0.00	0.16	111115
70	"00:53:03"	21060206	1	0	2.25	0.0235	226	0.868	2.71	31.77	6	1.42	1	2.84	33.48	31.77	34.04	401.57	398.45	25.172	26.187	37.02	38.52	500.0	1500	0	76.33	1.83	0.338	0.7	-0.22	2.74	1.00	0.00	0.16	111115
71	"00:53:04"	21060206	1	0	1.76	0.0236	258	0.87	2.71	31.77	6	1.42	1	2.84	33.48	31.77	34.04	401.05	398.52	25.170	26.187	37.02	38.52	500.0	1500	0	76.33	1.83	0.338	0.7	-0.22	2.74	1.00	0.00	0.16	111115
72	"00:53:04"	21060206	1	0	1.2	0.0236	296	0.872	2.71	31.77	6	1.42	1	2.84	33.48	31.77	34.04	400.39	398.54	25.169	26.188	37.02	38.52	500.0	1500	0	76.33	1.83	0.338	0.7	-0.22	2.74	1.00	0.00	0.16	111115
73	"00:53:05"	21060206	1	0	0.706	0.0237	329	0.874	2.71	31.76	6	1.42	1	2.84	33.48	31.76	34.04	399.80	398.53	25.167	26.189	37.02	38.52	500.0	1500	0	76.33	1.83	0.338	0.7	-0.22	2.74	1.00	0.00	0.16	111115
74	"00:53:05"	21060206	1	0	0.346	0.0237	353	0.875	2.71	31.76	6	1.42	1	2.84	33.48	31.76	34.04	399.31	398.48	25.166	26.189	37.02	38.52	500.0	1500	0	76.33	1.83	0.338	0.7	-0.22	2.74	1.00	0.00	0.16	111115
75	"00:53:06"	21060206	1	0	0.091	0.0238	369	0.876	2.71	31.75	6	1.42	1	2.84	33.48	31.75	34.04	398.90	398.38	25.166	26.190	37.01	38.52	500.0	1500	0	76.33	1.83	0.338	0.7	-0.22	2.74	1.00	0.00	0.16	111115
"00:53:24 Coolers: Tblock -> 39.00 C"
"00:59:07 Flow: Fixed -> 500 umol/s"
"01:01:31 Flow: Fixed -> 500 umol/s"
76	"01:02:25"	21060206	1	0	1.51	0.0209	261	0.851	2.98	33.94	6	1.42	1	2.84	37.70	33.94	39.03	400.53	398.32	29.787	30.777	34.72	35.87	500.0	1500	0	76.32	0.552	0.263	0.7	-0.22	2.74	1.00	0.00	0.16	111115
77	"01:02:25"	21060206	1	0	1.51	0.0209	261	0.851	2.98	33.94	6	1.42	1	2.84	37.70	33.94	39.03	400.53	398.32	29.787	30.777	34.72	35.87	500.0	1500	0	76.32	0.552	0.263	0.7	-0.22	2.74	1.00	0.00	0.16	111115
78	"01:02:26"	21060206	1	0	1.51	0.0209	261	0.851	2.98	33.94	6	1.42	1	2.84	37.70	33.94	39.03	400.53	398.32	29.787	30.777	34.72	35.87	500.0	1500	0	76.32	0.552	0.263	0.7	-0.22	2.74	1.00	0.00	0.16	111115
79	"01:02:26"	21060206	1	0	1.29	0.0208	276	0.85	2.98	33.94	6	1.42	1	2.84	37.70	33.94	39.03	400.29	398.34	29.787	30.775	34.72	35.87	500.0	1500	0	76.32	0.552	0.263	0.7	-0.22	2.74	1.00	0.00	0.16	111115
80	"01:02:27"	21060206	1	0	1.32	0.0209	274	0.85	2.98	33.94	6	1.42	1	2.84	37.70	33.94	39.03	400.31	398.31	29.786	30.775	34.72	35.87	500.0	1500	0	76.32	0.552	0.263	0.7	-0.22	2.74	1.00	0.00	0.16	111115
81	"01:02:27"	21060206	1	0	1.55	0.0208	257	0.849	2.98	33.94	6	1.42	1	2.84	37.70	33.94	39.03	400.51	398.25	29.787	30.774	34.72	35.87	500.0	1500	0	76.32	0.552	0.263	1.0	-0.22	2.74	1.00	0.00	0.16	111115
82	"01:02:28"	21060206	1	0	1.75	0.0208	242	0.849	2.98	33.94	6	1.42	1	2.84	37.70	33.94	39.03	400.75	398.24	29.785	30.773	34.71	35.86	500.0	1500	0	76.32	0.552	0.263	1.0	-0.22	2.74	1.00	0.00	0.16	111115
83	"01:02:28"	21060206	1	0	2.03	0.0208	221	0.849	2.98	33.94	6	1.42	1	2.84	37.70	33.94	39.03	401.09	398.25	29.785	30.772	34.71	35.86	500.0	1500	0	76.32	0.552	0.263	0.7	-0.22	2.74	1.00	0.00	0.16	111115
84	"01:02:29"	21060206	1	0	2.4	0.0208	193	0.847	2.97	33.93	6	1.42	1	2.84	37.70	33.93	39.03	401.54	398.25	29.786	30.772	34.71	35.86	500.0	1500	0	76.32	0.552	0.263	0.7	-0.22	2.74	1.00	0.00	0.16	111115
85	"01:02:29"	21060206	1	0	2.65	0.0208	174	0.848	2.97	33.93	6	1.42	1	2.84	37.70	33.93	39.03	401.88	398.29	29.785	30.771	34.71	35.86	500.0	1499	0	76.32	0.552	0.263	0.7	-0.22	2.74	1.00	0.00	0.16	111115
86	"01:02:30"	21060206	1	0	2.71	0.0208	170	0.848	2.97	33.93	6	1.42	1	2.84	37.70	33.93	39.03	402.01	398.35	29.785	30.772	34.71	35.86	500.0	1499	0	76.32	0.552	0.263	0.7	-0.22	2.74	1.00	0.00	0.16	111115
87	"01:02:30"	21060206	1	0	2.66	0.0209	175	0.849	2.97	33.93	6	1.42	1	2.84	37.70	33.93	39.02	402.00	398.41	29.784	30.771	34.71	35.86	500.0	1499	0	76.32	0.552	0.263	0.7	-0.22	2.74	1.00	0.00	0.16	111115
88	"01:02:31"	21060206	1	0	2.59	0.0208	180	0.848	2.97	33.92	6	1.42	1	2.84	37.70	33.92	39.02	401.99	398.48	29.785	30.772	34.72	35.87	500.0	1499	0	76.32	0.552	0.263	0.7	-0.22	2.74	1.00	0.00	0.16	111115
89	"01:02:31"	21060206	1	0	2.6	0.0209	179	0.848	2.97	33.91	6	1.42	1	2.84	37.70	33.91	39.02	402.13	398.60	29.786	30.773	34.72	35.87	500.0	1499	0	76.32	0.552	0.263	0.7	-0.22	2.74	1.00	0.00	0.16	111115
90	"01:02:32"	21060206	1	0	2.86	0.0209	159	0.848	2.97	33.91	6	1.42	1	2.84	37.69	33.91	39.02	402.48	398.64	29.789	30.775	34.72	35.87	500.0	1499	0	76.32	0.552	0.263	0.7	-0.22	2.74	1.00	0.00	0.16	111115
"01:02:44 Coolers: Tblock -> 44.00 C"
"01:06:52 Coolers: Tblock -> 43.26 C"
"01:08:46 Flow: Fixed -> 500 umol/s"
91	"01:09:30"	21060206	1	0	1.47	0.0181	244	0.857	3.42	36.59	6	1.42	1	2.84	41.53	36.59	43.28	400.45	398.27	35.034	36.026	33.25	34.19	500.0	1500	0	76.32	0.785	0.16	0.7	-0.22	2.74	1.00	0.00	0.16	111115
92	"01:09:30"	21060206	1	0	1.47	0.0181	244	0.857	3.42	36.59	6	1.42	1	2.84	41.53	36.59	43.28	400.45	398.27	35.034	36.026	33.25	34.19	500.0	1500	0	76.32	0.785	0.16	0.7	-0.22	2.74	1.00	0.00	0.16	111115
93	"01:09:30"	21060206	1	0	1.35	0.0181	254	0.856	3.42	36.59	6	1.42	1	2.84	41.53	36.59	43.28	400.31	398.28	35.035	36.025	33.25	34.19	500.0	1500	0	76.32	0.785	0.16	0.7	-0.22	2.74	1.00	0.00	0.16	111115
94	"01:09:31"	21060206	1	0	1.18	0.0181	268	0.855	3.42	36.59	6	1.42	1	2.84	41.53	36.59	43.28	400.12	398.30	35.038	36.027	33.25	34.19	500.0	1500	0	76.32	0.785	0.16	1.0	-0.22	2.74	1.00	0.00	0.16	111115
95	"01:09:31"	21060206	1	0	1.01	0.0182	283	0.859	3.42	36.60	6	1.42	1	2.84	41.53	36.60	43.28	399.90	398.27	35.038	36.031	33.24	34.19	500.0	1500	0	76.32	0.785	0.16	1.0	-0.22	2.74	1.00	0.00	0.16	111115
96	"01:09:32"	21060206	1	0	0.85	0.0182	297	0.861	3.42	36.61	6	1.42	1	2.84	41.54	36.61	43.28	399.69	398.26	35.039	36.035	33.24	34.19	500.0	1500	0	76.32	0.785	0.16	1.0	-0.22	2.74	1.00	0.00	0.16	111115
97	"01:09:32"	21060206	1	0	0.821	0.0182	299	0.861	3.42	36.62	6	1.42	1	2.84	41.54	36.62	43.28	399.63	398.24	35.040	36.036	33.24	34.19	500.0	1500	0	76.32	0.785	0.16	1.0	-0.22	2.74	1.00	0.00	0.16	111115
98	"01:09:33"	21060206	1	0	0.977	0.0181	286	0.861	3.43	36.63	6	1.42	1	2.84	41.54	36.63	43.28	399.77	398.18	35.040	36.035	33.24	34.18	500.0	1500	0	76.32	0.785	0.16	0.7	-0.22	2.74	1.00	0.00	0.16	111115
99	"01:09:33"	21060206	1	0	1.23	0.0182	264	0.863	3.43	36.64	6	1.42	1	2.84	41.54	36.64	43.28	400.01	398.12	35.038	36.036	33.24	34.18	500.0	1500	0	76.32	0.785	0.16	0.7	-0.22	2.74	1.00	0.00	0.16	111115
100	"01:09:34"	21060206	1	0	1.52	0.0182	239	0.864	3.43	36.64	6	1.42	1	2.84	41.54	36.64	43.28	400.35	398.11	35.038	36.038	33.23	34.18	500.0	1500	0	76.32	0.785	0.16	0.7	-0.22	2.74	1.00	0.00	0.16	111115
101	"01:09:34"	21060206	1	0	1.83	0.0183	213	0.867	3.43	36.64	6	1.42	1	2.84	41.54	36.64	43.28	400.73	398.12	35.040	36.042	33.23	34.18	500.0	1500	0	76.32	0.785	0.16	0.7	-0.22	2.74	1.00	0.00	0.16	111115
102	"01:09:35"	21060206	1	0	2.1	0.0182	191	0.865	3.43	36.63	6	1.42	1	2.84	41.54	36.63	43.28	401.08	398.15	35.042	36.042	33.23	34.18	499.9	1500	0	76.32	0.785	0.16	0.7	-0.22	2.74	1.00	0.00	0.16	111115
103	"01:09:35"	21060206	1	0	2.34	0.0182	170	0.863	3.43	36.63	6	1.42	1	2.84	41.54	36.63	43.28	401.41	398.19	35.044	36.042	33.23	34.18	500.0	1500	0	76.32	0.785	0.16	0.7	-0.22	2.74	1.00	0.00	0.16	111115
104	"01:09:36"	21060206	1	0	2.47	0.0182	159	0.862	3.43	36.63	6	1.42	1	2.84	41.55	36.63	43.28	401.64	398.27	35.044	36.042	33.23	34.18	500.0	1500	0	76.32	0.785	0.16	0.7	-0.22	2.74	1.00	0.00	0.16	111115
105	"01:09:37"	21060206	1	0	2.43	0.0182	162	0.864	3.43	36.63	6	1.42	1	2.84	41.55	36.63	43.28	401.67	398.34	35.045	36.045	33.23	34.18	500.0	1500	0	76.32	0.785	0.16	0.7	-0.22	2.74	1.00	0.00	0.16	111115
"01:09:55 Coolers: Tblock -> 48.00 C"
