"OPEN 6.2.4"
"Wed Jun 24 2015 13:11:22"
<open><version>"6.2.4"</version></open>
<open><configfile>"/User/Configs/UserPrefs/2x3 LED.xml"</configfile></open>
<open><light><source>"6400-02 or -02B LED Source"</source><par_in>1<sensor>"SI-3781"<cal>-0.93<actinity>1.00</actinity><transm>1.00</transm></cal></sensor><transm>1</transm></par_in><par_out>1<sensor>"Q49599"<cal>7.26</cal></sensor></par_out></light></open>
<open><comps><file>"/User/Configs/Comps/StdComps_6.2"<header>""</header><extras></extras></file><energybal>no<f_parIn>1</f_parIn><f_parOut>0</f_parOut><alphaK>0.16</alphaK></energybal><bc_total>2.840<stomatal_ratio>1</stomatal_ratio><bc_oneside>1.420<type>2</type><table>"/Sys/Lib/StdBLCTable"</table><area>6</area><slope>-0.219565</slope><offset>2.73739</offset><fan>5</fan></bc_oneside></bc_total></comps></open>
<open><prompts><onlog>off</onlog><items>"Default (none)"</items></prompts></open>
<open><constants><oxygen>21 %</oxygen><bb_vapor>1.5</bb_vapor><bb_oxy>0.9</bb_oxy></constants></open>
<open><stability><items>"Std Stability"<items[1]><id>-2</id><size>15</size><pcv><onoff>0</onoff><value>1</value></pcv><std><onoff>0</onoff><value>1</value></std><slp><onoff>1</onoff><value>1</value></slp></items[1]><items[2]><id>-5</id><size>15</size><pcv><onoff>0</onoff><value>1</value></pcv><std><onoff>0</onoff><value>1</value></std><slp><onoff>1</onoff><value>1</value></slp></items[2]><items[3]><id>-7</id><size>15</size><pcv><onoff>0</onoff><value>1</value></pcv><std><onoff>0</onoff><value>1</value></std><slp><onoff>1</onoff><value>1</value></slp></items[3]></items></stability></open>
<open><log><format>"StdLogFmt_6.0"<items>{ -35 -21 -36 -76 30 23 36 21 25 221 -33 111 -34 11 -9 -10 -8 -1 -2 -4 -5 -14 -15 -7 -12 -13 -11 -65 -66 -72 -18 -19 -77 -78 -79 -23  }<hdr>{  }</hdr></items></format><options><beep>on</beep><hdr>normal</hdr><rem>normal</rem><stab>no</stab><stats>no<mean>no</mean><file>no</file><period>15</period></stats><excel>yes</excel><controls>yes</controls><comm>no</comm></options><datafile>"/User/stm-rartr4"</datafile><button><action>"Normal Log"<code>" LogOneObsManual "</code></action></button><autoprog>"/User/Configs/AutoProgs/AutoLog2"<active>no</active></autoprog></log></open>
<open><a2d><avgtime>4.0 secs</avgtime><userchans><ch20>"Off"</ch20><ch21>"Off"</ch21><ch22>"Off"</ch22><ch23>"Off"</ch23></userchans></a2d></open>
<open><matching><type>0</type><disp>'a'</disp><settings><CO2Limit>10.0</CO2Limit><H2OLimit>1.0</H2OLimit><MaxAutoTime>60</MaxAutoTime></settings></matching></open>
<li6400><factory><unit>"PSC-3840"</unit><serviced>"1 Jul 2013"</serviced><fuseaware>0</fuseaware><co2mixer>yes</co2mixer><co2><coeffs>{ 0 0.213319 2.22998e-05 2.13159e-08 -3.88664e-12 3.69888e-16  }</coeffs><dvdt>-4.7</dvdt><xs>{ 0.0009 -0.0002  }</xs></co2><h2o><coeffs>{ 0 0.00572751 2.23485e-06 -7.37877e-12  }</coeffs><dvdt>-1.7</dvdt><xs>{ 0.0009 -0.0028  }</xs></h2o><flow>{ 0 0.3568  }</flow><press>{ 88.437 0.00551  }</press></factory></li6400>
<li6400><user><flow_zero>-468.8</flow_zero><irga_zero><co2>429.7 390.6<at>17.6901</at></co2><h2o>78.1 156.2<at>17.1607</at></h2o></irga_zero><irga_span><co2>{ 0.99237 0.992833  }</co2><h2o>{ 1.00426 0.996799  }</h2o></irga_span><irga_match><co2>{ 0.368307 -0.743092  }</co2><h2o>{ 0.00477181 -0.0542266  }</h2o></irga_match><co2_mixer><pump_mv>4500</pump_mv><ppm>{ 2287.2 1080.71 423.89 257.488 117.195 68.0056 44.5242 37.9628  }</ppm><mv>{ 5000 3000 1500 1000 500 300 200 100  }</mv></co2_mixer><parin_offset>0</parin_offset><led_cal><unit>"SI-3781"</unit><mv>{ 10 25 50 100 1000 2000 3000 4000 5000  }</mv><qntm>{ 4.69642 15.4417 35.4805 82.2863 972.665 1922.29 2824.32 3690.14 4518.2  }</qntm></led_cal><lcf_cal><unit>"unknown"</unit><red><mv>{ 50 100 500 1000 1500 5000  }</mv><qntm>{ 50 100 500 1000 2000 5000  }</qntm></red><blue><mv>{ 100 200 500 1000 2000 5000  }</mv><qntm>{ 10 20 50 100 200 500  }</qntm></blue></lcf_cal></user></li6400>
"13:11:24 "
$STARTOFDATA$
"Obs"	"HHMMSS"	"FTime"	"EBal?"	"Photo"	"Cond"	"Ci"	"Trmmol"	"VpdL"	"CTleaf"	"Area"	"BLC_1"	"StmRat"	"BLCond"	"Tair"	"Tleaf"	"TBlk"	"CO2R"	"CO2S"	"H2OR"	"H2OS"	"RH_R"	"RH_S"	"Flow"	"PARi"	"PARo"	"Press"	"CsMch"	"HsMch"	"StableF"	"BLCslope"	"BLCoffst"	"f_parin"	"f_parout"	"alphaK"	"Status"
"13:11:33 Coolers: Tblock -> 0.00 C"
"13:11:37 CO2 Mixer: CO2R -> 400 uml"
"13:11:46 Lamp: ParIn ->  1500 uml"
"13:25:06 Flow: Fixed -> 500 umol/s"
"13:25:31 Coolers: Tblock -> 19.60 C"
"13:27:38 Flow: Fixed -> 500 umol/s"
1	"13:28:19"	1028.5	0	4.41	0.113	318	2.07	1.36	19.68	6	1.42	1	2.84	21.20	19.68	19.55	399.47	393.19	10.401	12.855	30.13	37.24	499.9	1501	308	73.22	-1.57	0.372	1.0	-0.22	2.74	1.00	0.00	0.16	111115
2	"13:28:20"	1028.5	0	4.41	0.113	318	2.07	1.36	19.68	6	1.42	1	2.84	21.20	19.68	19.55	399.47	393.19	10.401	12.855	30.13	37.24	499.9	1501	308	73.22	-1.57	0.372	1.0	-0.22	2.74	1.00	0.00	0.16	111115
3	"13:28:20"	1029.0	0	4.41	0.114	318	2.07	1.36	19.69	6	1.42	1	2.84	21.20	19.69	19.55	399.48	393.21	10.401	12.858	30.14	37.25	499.9	1501	307	73.22	-1.57	0.372	1.0	-0.22	2.74	1.00	0.00	0.16	111115
4	"13:28:21"	1029.5	0	4.44	0.113	318	2.07	1.36	19.69	6	1.42	1	2.84	21.20	19.69	19.55	399.51	393.20	10.403	12.857	30.14	37.25	499.9	1501	307	73.22	-1.57	0.372	1.0	-0.22	2.74	1.00	0.00	0.16	111115
5	"13:28:21"	1030.0	0	4.48	0.113	317	2.07	1.36	19.69	6	1.42	1	2.84	21.20	19.69	19.55	399.52	393.16	10.403	12.856	30.15	37.25	499.8	1501	306	73.22	-1.57	0.372	1.0	-0.22	2.74	1.00	0.00	0.16	111115
6	"13:28:22"	1030.5	0	4.45	0.113	317	2.07	1.36	19.69	6	1.42	1	2.84	21.20	19.69	19.55	399.49	393.17	10.404	12.857	30.15	37.26	499.8	1501	306	73.22	-1.57	0.372	1.0	-0.22	2.74	1.00	0.00	0.16	111115
7	"13:28:22"	1031.0	0	4.44	0.113	318	2.07	1.36	19.68	6	1.42	1	2.84	21.20	19.68	19.55	399.45	393.15	10.405	12.856	30.15	37.26	499.8	1501	305	73.22	-1.57	0.372	1.0	-0.22	2.74	1.00	0.00	0.16	111115
8	"13:28:23"	1031.5	0	4.44	0.113	318	2.07	1.36	19.68	6	1.42	1	2.84	21.20	19.68	19.55	399.43	393.13	10.404	12.858	30.15	37.26	499.8	1501	305	73.22	-1.57	0.372	1.0	-0.22	2.74	1.00	0.00	0.16	111115
9	"13:28:23"	1032.0	0	4.43	0.113	318	2.07	1.36	19.68	6	1.42	1	2.84	21.20	19.68	19.55	399.40	393.10	10.404	12.858	30.15	37.26	499.8	1501	305	73.22	-1.57	0.372	1.0	-0.22	2.74	1.00	0.00	0.16	111115
10	"13:28:24"	1032.5	0	4.4	0.113	318	2.07	1.36	19.68	6	1.42	1	2.84	21.20	19.68	19.55	399.36	393.09	10.404	12.859	30.15	37.27	499.8	1501	304	73.22	-1.57	0.372	1.0	-0.22	2.74	1.00	0.00	0.16	111115
11	"13:28:24"	1033.0	0	4.39	0.113	318	2.07	1.36	19.68	6	1.42	1	2.84	21.20	19.68	19.55	399.34	393.09	10.405	12.858	30.16	37.27	499.8	1501	304	73.22	-1.57	0.372	1.0	-0.22	2.74	1.00	0.00	0.16	111115
12	"13:28:25"	1033.5	0	4.35	0.114	319	2.07	1.36	19.68	6	1.42	1	2.84	21.20	19.68	19.55	399.32	393.11	10.403	12.860	30.15	37.27	499.8	1501	304	73.22	-1.57	0.372	1.0	-0.22	2.74	1.00	0.00	0.16	111115
13	"13:28:25"	1034.0	0	4.34	0.114	319	2.07	1.36	19.68	6	1.42	1	2.84	21.20	19.68	19.55	399.32	393.13	10.403	12.861	30.15	37.28	499.8	1501	305	73.22	-1.57	0.372	1.0	-0.22	2.74	1.00	0.00	0.16	111115
14	"13:28:26"	1034.5	0	4.38	0.114	319	2.07	1.36	19.68	6	1.42	1	2.84	21.20	19.68	19.55	399.37	393.13	10.404	12.861	30.15	37.28	499.8	1501	305	73.22	-1.57	0.372	1.0	-0.22	2.74	1.00	0.00	0.16	111115
15	"13:28:26"	1035.0	0	4.41	0.114	318	2.08	1.36	19.68	6	1.42	1	2.84	21.20	19.68	19.55	399.40	393.12	10.402	12.863	30.15	37.28	499.8	1501	305	73.22	-1.57	0.372	1.0	-0.22	2.74	1.00	0.00	0.16	111115
"13:28:34 Coolers: Tblock -> 24.00 C"
"13:30:56 Flow: Fixed -> 500 umol/s"
16	"13:31:36"	1225.0	0	4.77	0.0828	284	2.18	1.92	24.32	6	1.42	1	2.84	24.81	24.32	24.05	400.34	393.59	12.864	15.436	29.97	35.96	499.8	1499	317	73.21	-2.37	0.329	1.0	-0.22	2.74	1.00	0.00	0.16	111115
17	"13:31:36"	1225.0	0	4.77	0.0828	284	2.18	1.92	24.32	6	1.42	1	2.84	24.81	24.32	24.05	400.34	393.59	12.864	15.436	29.97	35.96	499.8	1499	317	73.21	-2.37	0.329	1.0	-0.22	2.74	1.00	0.00	0.16	111115
18	"13:31:36"	1225.5	0	4.72	0.0828	286	2.18	1.92	24.32	6	1.42	1	2.84	24.81	24.32	24.05	400.35	393.66	12.865	15.436	29.97	35.96	499.8	1499	317	73.21	-2.37	0.329	1.0	-0.22	2.74	1.00	0.00	0.16	111115
19	"13:31:37"	1226.0	0	4.73	0.0831	286	2.18	1.92	24.32	6	1.42	1	2.84	24.81	24.32	24.05	400.36	393.65	12.863	15.442	29.96	35.97	499.8	1499	317	73.21	-2.37	0.329	1.0	-0.22	2.74	1.00	0.00	0.16	111115
20	"13:31:37"	1226.5	0	4.75	0.083	285	2.18	1.92	24.32	6	1.42	1	2.84	24.81	24.32	24.05	400.38	393.64	12.863	15.440	29.96	35.96	499.8	1499	317	73.21	-2.37	0.329	1.0	-0.22	2.74	1.00	0.00	0.16	111115
21	"13:31:38"	1227.0	0	4.74	0.0832	286	2.18	1.92	24.32	6	1.42	1	2.84	24.81	24.32	24.05	400.42	393.70	12.863	15.446	29.96	35.97	499.8	1499	316	73.21	-2.37	0.329	1.0	-0.22	2.74	1.00	0.00	0.16	111115
22	"13:31:38"	1227.5	0	4.81	0.0832	284	2.18	1.92	24.32	6	1.42	1	2.84	24.81	24.32	24.05	400.48	393.67	12.865	15.446	29.96	35.97	499.9	1499	316	73.21	-2.37	0.329	1.0	-0.22	2.74	1.00	0.00	0.16	111115
23	"13:31:39"	1228.0	0	4.82	0.0834	284	2.19	1.92	24.32	6	1.42	1	2.84	24.81	24.32	24.05	400.52	393.70	12.865	15.450	29.96	35.98	499.8	1499	316	73.21	-2.37	0.329	1.0	-0.22	2.74	1.00	0.00	0.16	111115
24	"13:31:39"	1228.5	0	4.87	0.0831	283	2.18	1.92	24.31	6	1.42	1	2.84	24.81	24.31	24.05	400.56	393.69	12.866	15.444	29.96	35.97	499.9	1499	316	73.21	-2.37	0.329	1.0	-0.22	2.74	1.00	0.00	0.16	111115
25	"13:31:40"	1229.0	0	4.83	0.0834	284	2.19	1.92	24.31	6	1.42	1	2.84	24.81	24.31	24.05	400.53	393.69	12.864	15.450	29.95	35.98	499.9	1499	316	73.21	-2.37	0.329	1.0	-0.22	2.74	1.00	0.00	0.16	111115
26	"13:31:41"	1229.5	0	4.86	0.0833	283	2.19	1.92	24.31	6	1.42	1	2.84	24.81	24.31	24.05	400.54	393.68	12.865	15.447	29.95	35.97	499.9	1499	316	73.21	-2.37	0.329	1.0	-0.22	2.74	1.00	0.00	0.16	111115
27	"13:31:41"	1230.0	0	4.84	0.0833	284	2.19	1.92	24.31	6	1.42	1	2.84	24.81	24.31	24.05	400.53	393.69	12.863	15.447	29.95	35.97	499.9	1499	316	73.21	-2.37	0.329	1.0	-0.22	2.74	1.00	0.00	0.16	111115
28	"13:31:42"	1230.5	0	4.87	0.0834	283	2.19	1.92	24.31	6	1.42	1	2.84	24.81	24.31	24.05	400.55	393.68	12.864	15.449	29.95	35.97	499.9	1499	316	73.21	-2.37	0.329	1.0	-0.22	2.74	1.00	0.00	0.16	111115
29	"13:31:42"	1231.0	0	4.87	0.0834	283	2.19	1.92	24.31	6	1.42	1	2.84	24.81	24.31	24.06	400.54	393.65	12.863	15.448	29.95	35.97	499.9	1499	316	73.21	-2.37	0.329	1.0	-0.22	2.74	1.00	0.00	0.16	111115
30	"13:31:43"	1231.5	0	4.84	0.0833	284	2.19	1.92	24.31	6	1.42	1	2.84	24.82	24.31	24.06	400.50	393.65	12.863	15.447	29.95	35.96	499.9	1499	316	73.21	-2.37	0.329	1.0	-0.22	2.74	1.00	0.00	0.16	111115
"13:31:50 Coolers: Tblock -> 29.00 C"
"13:33:49 Flow: Fixed -> 500 umol/s"
"13:34:54 Flow: Fixed -> 500 umol/s"
31	"13:36:12"	1501.5	0	4.83	0.063	249	2.23	2.55	29.21	6	1.42	1	2.84	29.06	29.21	28.93	399.40	392.55	18.208	20.827	33.03	37.78	499.8	1500	310	73.21	-2.43	0.287	0.7	-0.22	2.74	1.00	0.00	0.16	111115
32	"13:36:12"	1501.5	0	4.83	0.063	249	2.23	2.55	29.21	6	1.42	1	2.84	29.06	29.21	28.93	399.40	392.55	18.208	20.827	33.03	37.78	499.8	1500	310	73.21	-2.43	0.287	0.7	-0.22	2.74	1.00	0.00	0.16	111115
33	"13:36:13"	1502.0	0	4.83	0.063	249	2.23	2.55	29.21	6	1.42	1	2.84	29.06	29.21	28.93	399.40	392.56	18.208	20.827	33.02	37.77	499.9	1500	310	73.21	-2.43	0.287	0.7	-0.22	2.74	1.00	0.00	0.16	111115
34	"13:36:13"	1502.0	0	4.83	0.063	249	2.23	2.55	29.21	6	1.42	1	2.84	29.06	29.21	28.93	399.40	392.56	18.208	20.827	33.02	37.77	499.9	1500	310	73.21	-2.43	0.287	0.7	-0.22	2.74	1.00	0.00	0.16	111115
35	"13:36:13"	1502.5	0	4.87	0.063	248	2.23	2.55	29.21	6	1.42	1	2.84	29.06	29.21	28.93	399.42	392.53	18.208	20.826	33.02	37.77	499.9	1500	310	73.21	-2.43	0.287	0.7	-0.22	2.74	1.00	0.00	0.16	111115
36	"13:36:14"	1503.0	0	4.84	0.063	249	2.23	2.55	29.21	6	1.42	1	2.84	29.06	29.21	28.93	399.40	392.53	18.208	20.826	33.02	37.77	499.8	1500	310	73.21	-2.43	0.287	0.7	-0.22	2.74	1.00	0.00	0.16	111115
37	"13:36:15"	1503.5	0	4.91	0.063	247	2.23	2.55	29.21	6	1.42	1	2.84	29.07	29.21	28.93	399.44	392.50	18.207	20.825	33.02	37.77	499.8	1500	310	73.21	-2.43	0.287	0.7	-0.22	2.74	1.00	0.00	0.16	111115
38	"13:36:15"	1504.0	0	4.9	0.063	247	2.23	2.55	29.20	6	1.42	1	2.84	29.07	29.20	28.93	399.46	392.53	18.208	20.825	33.02	37.76	499.8	1500	310	73.21	-2.43	0.287	0.7	-0.22	2.74	1.00	0.00	0.16	111115
39	"13:36:16"	1504.5	0	4.92	0.063	247	2.23	2.54	29.20	6	1.42	1	2.84	29.07	29.20	28.93	399.50	392.54	18.207	20.824	33.01	37.76	499.8	1500	309	73.21	-2.43	0.287	1.0	-0.22	2.74	1.00	0.00	0.16	111115
40	"13:36:16"	1505.0	0	4.93	0.0629	246	2.22	2.54	29.20	6	1.42	1	2.84	29.07	29.20	28.93	399.55	392.58	18.210	20.825	33.02	37.76	499.9	1500	309	73.21	-2.43	0.287	1.0	-0.22	2.74	1.00	0.00	0.16	111115
41	"13:36:17"	1505.5	0	4.92	0.0629	247	2.23	2.54	29.20	6	1.42	1	2.84	29.07	29.20	28.93	399.55	392.60	18.209	20.824	33.01	37.75	499.9	1500	309	73.21	-2.43	0.287	1.0	-0.22	2.74	1.00	0.00	0.16	111115
42	"13:36:17"	1506.0	0	4.88	0.063	248	2.23	2.54	29.20	6	1.42	1	2.84	29.07	29.20	28.93	399.53	392.63	18.209	20.825	33.01	37.75	499.9	1500	309	73.21	-2.43	0.287	1.0	-0.22	2.74	1.00	0.00	0.16	111115
43	"13:36:18"	1506.5	0	4.84	0.063	249	2.23	2.54	29.20	6	1.42	1	2.84	29.07	29.20	28.93	399.51	392.64	18.208	20.825	33.01	37.75	499.8	1500	309	73.21	-2.43	0.287	1.0	-0.22	2.74	1.00	0.00	0.16	111115
44	"13:36:18"	1507.0	0	4.82	0.063	250	2.23	2.54	29.20	6	1.42	1	2.84	29.07	29.20	28.93	399.50	392.67	18.208	20.826	33.01	37.75	499.9	1500	309	73.21	-2.43	0.287	1.0	-0.22	2.74	1.00	0.00	0.16	111115
45	"13:36:19"	1507.5	0	4.77	0.063	251	2.23	2.54	29.20	6	1.42	1	2.84	29.08	29.20	28.93	399.46	392.68	18.207	20.826	33.00	37.75	499.9	1500	309	73.21	-2.43	0.287	1.0	-0.22	2.74	1.00	0.00	0.16	111115
"13:36:25 Coolers: Tblock -> 34.00 C"
"13:38:49 Flow: Fixed -> 500 umol/s"
46	"13:40:28"	1758.0	0	4.52	0.0454	207	2.27	3.54	34.26	6	1.42	1	2.84	33.39	34.26	34.01	399.44	392.94	23.051	25.709	32.67	36.44	499.8	1500	299	73.21	-2.3	0.192	1.0	-0.22	2.74	1.00	0.00	0.16	111115
47	"13:40:29"	1758.0	0	4.52	0.0454	207	2.27	3.54	34.26	6	1.42	1	2.84	33.39	34.26	34.01	399.44	392.94	23.051	25.709	32.67	36.44	499.8	1500	299	73.21	-2.3	0.192	1.0	-0.22	2.74	1.00	0.00	0.16	111115
48	"13:40:29"	1758.5	0	4.52	0.0454	207	2.27	3.54	34.26	6	1.42	1	2.84	33.40	34.26	34.01	399.44	392.94	23.051	25.711	32.67	36.44	499.8	1500	299	73.21	-2.3	0.192	1.0	-0.22	2.74	1.00	0.00	0.16	111115
49	"13:40:30"	1759.0	0	4.48	0.0454	209	2.27	3.54	34.26	6	1.42	1	2.84	33.40	34.26	34.01	399.45	393.00	23.052	25.711	32.67	36.44	499.8	1500	299	73.21	-2.3	0.192	1.0	-0.22	2.74	1.00	0.00	0.16	111115
50	"13:40:30"	1759.5	0	4.62	0.0454	204	2.27	3.54	34.25	6	1.42	1	2.84	33.40	34.25	34.01	399.55	392.93	23.053	25.712	32.67	36.44	499.8	1500	299	73.21	-2.3	0.192	1.0	-0.22	2.74	1.00	0.00	0.16	111115
51	"13:40:31"	1760.0	0	4.59	0.0454	205	2.27	3.54	34.25	6	1.42	1	2.84	33.40	34.25	34.01	399.57	393.00	23.054	25.710	32.67	36.43	499.8	1500	299	73.21	-2.3	0.192	1.0	-0.22	2.74	1.00	0.00	0.16	111115
52	"13:40:31"	1760.5	0	4.83	0.0456	197	2.28	3.54	34.25	6	1.42	1	2.84	33.40	34.25	34.01	399.67	392.79	23.049	25.718	32.66	36.44	499.8	1500	299	73.21	-2.3	0.192	1.0	-0.22	2.74	1.00	0.00	0.16	111115
53	"13:40:32"	1761.0	0	4.75	0.0457	200	2.29	3.53	34.25	6	1.42	1	2.84	33.40	34.25	34.01	399.66	392.88	23.048	25.721	32.66	36.45	499.8	1500	299	73.21	-2.3	0.192	1.0	-0.22	2.74	1.00	0.00	0.16	111115
54	"13:40:32"	1761.5	0	4.79	0.0456	198	2.28	3.54	34.25	6	1.42	1	2.84	33.40	34.25	34.01	399.67	392.84	23.049	25.717	32.66	36.44	499.8	1500	299	73.21	-2.3	0.192	1.0	-0.22	2.74	1.00	0.00	0.16	111115
55	"13:40:33"	1762.0	0	4.84	0.0456	197	2.28	3.54	34.25	6	1.42	1	2.84	33.40	34.25	34.01	399.70	392.82	23.050	25.716	32.66	36.44	499.8	1500	299	73.21	-2.3	0.192	1.0	-0.22	2.74	1.00	0.00	0.16	111115
56	"13:40:33"	1762.5	0	4.83	0.0456	197	2.28	3.53	34.25	6	1.42	1	2.84	33.40	34.25	34.01	399.65	392.78	23.049	25.717	32.66	36.44	499.8	1500	299	73.21	-2.3	0.192	1.0	-0.22	2.74	1.00	0.00	0.16	111115
57	"13:40:34"	1763.0	0	4.76	0.0456	200	2.28	3.53	34.25	6	1.42	1	2.84	33.40	34.25	34.01	399.60	392.80	23.048	25.718	32.66	36.44	499.9	1500	299	73.21	-2.3	0.192	1.0	-0.22	2.74	1.00	0.00	0.16	111115
58	"13:40:34"	1763.5	0	4.78	0.0458	200	2.29	3.53	34.25	6	1.42	1	2.84	33.40	34.25	34.01	399.57	392.75	23.045	25.725	32.65	36.45	499.9	1500	299	73.21	-2.3	0.192	1.0	-0.22	2.74	1.00	0.00	0.16	111115
59	"13:40:35"	1765.0	0	4.76	0.0459	201	2.3	3.53	34.25	6	1.42	1	2.84	33.40	34.25	34.01	399.54	392.75	23.045	25.731	32.65	36.45	499.9	1500	298	73.21	-2.3	0.192	1.0	-0.22	2.74	1.00	0.00	0.16	111115
60	"13:40:36"	1765.0	0	4.76	0.0459	201	2.3	3.53	34.25	6	1.42	1	2.84	33.40	34.25	34.01	399.54	392.75	23.045	25.731	32.65	36.45	499.9	1500	298	73.21	-2.3	0.192	1.0	-0.22	2.74	1.00	0.00	0.16	111115
"13:40:42 Coolers: Tblock -> 39.00 C"
"13:43:15 Flow: Fixed -> 500 umol/s"
61	"13:43:42"	1952.0	0	4.37	0.0328	149	2.23	4.71	39.29	6	1.42	1	2.84	37.74	39.29	39.09	400.37	394.06	30.626	33.213	34.17	37.05	499.9	1499	279	73.21	-2.04	0.0754	1.0	-0.22	2.74	1.00	0.00	0.16	111115
62	"13:43:43"	1952.0	0	4.37	0.0328	149	2.23	4.71	39.29	6	1.42	1	2.84	37.74	39.29	39.09	400.37	394.06	30.626	33.213	34.17	37.05	499.9	1499	279	73.21	-2.04	0.0754	1.0	-0.22	2.74	1.00	0.00	0.16	111115
63	"13:43:43"	1952.5	0	4.41	0.0328	147	2.23	4.71	39.29	6	1.42	1	2.84	37.74	39.29	39.09	400.34	394.00	30.625	33.210	34.16	37.05	499.9	1499	278	73.21	-2.04	0.0754	1.0	-0.22	2.74	1.00	0.00	0.16	111115
64	"13:43:44"	1953.0	0	4.35	0.0328	150	2.23	4.71	39.29	6	1.42	1	2.84	37.74	39.29	39.09	400.27	394.00	30.624	33.210	34.16	37.04	499.9	1499	276	73.21	-2.04	0.0754	1.0	-0.22	2.74	1.00	0.00	0.16	111115
65	"13:43:44"	1953.5	0	4.32	0.0328	151	2.23	4.7	39.29	6	1.42	1	2.84	37.74	39.29	39.09	400.25	394.00	30.625	33.211	34.16	37.04	499.9	1499	276	73.21	-2.04	0.0754	1.0	-0.22	2.74	1.00	0.00	0.16	111115
66	"13:43:45"	1954.0	0	4.31	0.0328	152	2.23	4.7	39.29	6	1.42	1	2.84	37.74	39.29	39.09	400.22	394.00	30.624	33.210	34.15	37.04	499.9	1499	275	73.21	-2.04	0.0754	1.0	-0.22	2.74	1.00	0.00	0.16	111115
67	"13:43:45"	1954.5	0	4.29	0.0328	153	2.23	4.7	39.29	6	1.42	1	2.84	37.74	39.29	39.09	400.20	394.00	30.624	33.208	34.15	37.03	499.9	1499	274	73.21	-2.04	0.0754	1.0	-0.22	2.74	1.00	0.00	0.16	111115
68	"13:43:46"	1955.0	0	4.31	0.0328	152	2.23	4.7	39.28	6	1.42	1	2.84	37.74	39.28	39.09	400.20	393.98	30.623	33.207	34.15	37.03	499.9	1499	274	73.21	-2.04	0.0754	1.0	-0.22	2.74	1.00	0.00	0.16	111115
69	"13:43:46"	1955.5	0	4.31	0.0328	151	2.23	4.7	39.28	6	1.42	1	2.84	37.75	39.28	39.09	400.18	393.95	30.622	33.205	34.14	37.02	499.9	1499	274	73.21	-2.04	0.0754	1.0	-0.22	2.74	1.00	0.00	0.16	111115
70	"13:43:47"	1956.0	0	4.3	0.0328	152	2.23	4.7	39.28	6	1.42	1	2.84	37.75	39.28	39.09	400.14	393.93	30.621	33.205	34.14	37.02	499.9	1499	274	73.21	-2.04	0.0754	0.7	-0.22	2.74	1.00	0.00	0.16	111115
71	"13:43:47"	1956.5	0	4.3	0.0328	152	2.23	4.7	39.28	6	1.42	1	2.84	37.75	39.28	39.09	400.14	393.93	30.621	33.205	34.14	37.02	499.9	1499	274	73.21	-2.04	0.0754	0.7	-0.22	2.74	1.00	0.00	0.16	111115
72	"13:43:48"	1957.0	0	4.31	0.0328	152	2.23	4.7	39.28	6	1.42	1	2.84	37.75	39.28	39.09	400.13	393.90	30.620	33.206	34.13	37.02	499.9	1499	274	73.21	-2.04	0.0754	0.7	-0.22	2.74	1.00	0.00	0.16	111115
73	"13:43:48"	1957.5	0	4.36	0.0328	150	2.23	4.7	39.28	6	1.42	1	2.84	37.75	39.28	39.09	400.15	393.87	30.617	33.205	34.13	37.01	499.9	1499	274	73.21	-2.04	0.0754	0.7	-0.22	2.74	1.00	0.00	0.16	111115
74	"13:43:49"	1958.0	0	4.38	0.0328	148	2.23	4.7	39.28	6	1.42	1	2.84	37.75	39.28	39.09	400.17	393.85	30.617	33.204	34.12	37.01	499.9	1499	273	73.21	-2.04	0.0754	0.7	-0.22	2.74	1.00	0.00	0.16	111115
75	"13:43:49"	1958.5	0	4.41	0.0328	147	2.23	4.7	39.28	6	1.42	1	2.84	37.75	39.28	39.09	400.17	393.82	30.616	33.204	34.12	37.01	499.9	1499	273	73.21	-2.04	0.0754	0.7	-0.22	2.74	1.00	0.00	0.16	111115
"13:43:57 Coolers: Tblock -> 44.00 C"
"13:47:19 Flow: Fixed -> 500 umol/s"
"13:49:38 Flow: Fixed -> 500 umol/s"
76	"13:50:14"	2344.0	0	3.88	0.0267	122	2.47	6.27	44.10	6	1.42	1	2.84	42.16	44.10	43.98	400.69	394.87	37.246	40.087	32.79	35.29	499.8	1501	289	73.2	-0.85	-0.0202	1.0	-0.22	2.74	1.00	0.00	0.16	111115
77	"13:50:15"	2344.0	0	3.88	0.0267	122	2.47	6.27	44.10	6	1.42	1	2.84	42.16	44.10	43.98	400.69	394.87	37.246	40.087	32.79	35.29	499.8	1501	289	73.2	-0.85	-0.0202	1.0	-0.22	2.74	1.00	0.00	0.16	111115
78	"13:50:15"	2344.5	0	3.83	0.0267	125	2.47	6.27	44.10	6	1.42	1	2.84	42.16	44.10	43.98	400.72	394.95	37.247	40.089	32.79	35.30	499.8	1501	289	73.2	-0.85	-0.0202	1.0	-0.22	2.74	1.00	0.00	0.16	111115
79	"13:50:16"	2345.0	0	3.85	0.0267	123	2.47	6.27	44.10	6	1.42	1	2.84	42.16	44.10	43.98	400.73	394.94	37.247	40.088	32.79	35.29	499.8	1501	289	73.2	-0.85	-0.0202	1.0	-0.22	2.74	1.00	0.00	0.16	111115
80	"13:50:16"	2345.5	0	3.87	0.0267	122	2.47	6.26	44.10	6	1.42	1	2.84	42.16	44.10	43.98	400.79	394.97	37.250	40.091	32.79	35.29	499.8	1501	289	73.2	-0.85	-0.0202	1.0	-0.22	2.74	1.00	0.00	0.16	111115
81	"13:50:17"	2346.0	0	3.89	0.0266	121	2.46	6.26	44.10	6	1.42	1	2.84	42.17	44.10	43.98	400.82	394.98	37.251	40.090	32.79	35.29	499.8	1501	288	73.2	-0.85	-0.0202	1.0	-0.22	2.74	1.00	0.00	0.16	111115
82	"13:50:17"	2346.5	0	3.92	0.0266	119	2.46	6.26	44.10	6	1.42	1	2.84	42.17	44.10	43.98	400.86	394.98	37.253	40.089	32.79	35.29	499.8	1501	288	73.2	-0.85	-0.0202	1.0	-0.22	2.74	1.00	0.00	0.16	111115
83	"13:50:18"	2347.0	0	3.9	0.0266	120	2.46	6.26	44.10	6	1.42	1	2.84	42.17	44.10	43.98	400.86	395.00	37.254	40.089	32.79	35.29	499.8	1501	288	73.2	-0.85	-0.0202	1.0	-0.22	2.74	1.00	0.00	0.16	111115
84	"13:50:18"	2347.5	0	3.91	0.0266	120	2.46	6.26	44.10	6	1.42	1	2.84	42.17	44.10	43.98	400.87	395.00	37.255	40.092	32.79	35.29	499.9	1501	288	73.2	-0.85	-0.0202	1.0	-0.22	2.74	1.00	0.00	0.16	111115
85	"13:50:19"	2348.0	0	3.85	0.0267	123	2.46	6.26	44.09	6	1.42	1	2.84	42.17	44.09	43.98	400.84	395.05	37.255	40.094	32.79	35.29	499.9	1501	287	73.2	-0.85	-0.0202	1.0	-0.22	2.74	1.00	0.00	0.16	111115
86	"13:50:19"	2348.5	0	3.85	0.0266	123	2.46	6.26	44.09	6	1.42	1	2.84	42.17	44.09	43.98	400.80	395.02	37.257	40.090	32.79	35.29	499.9	1501	287	73.2	-0.85	-0.0202	1.0	-0.22	2.74	1.00	0.00	0.16	111115
87	"13:50:20"	2349.0	0	3.81	0.0266	126	2.46	6.26	44.09	6	1.42	1	2.84	42.17	44.09	43.98	400.76	395.03	37.256	40.093	32.79	35.29	499.9	1501	287	73.2	-0.85	-0.0202	1.0	-0.22	2.74	1.00	0.00	0.16	111115
88	"13:50:20"	2349.5	0	3.79	0.0266	126	2.46	6.26	44.09	6	1.42	1	2.84	42.17	44.09	43.98	400.72	395.01	37.258	40.091	32.79	35.28	499.9	1501	286	73.2	-0.85	-0.0202	1.0	-0.22	2.74	1.00	0.00	0.16	111115
89	"13:50:21"	2350.0	0	3.74	0.0267	130	2.47	6.26	44.09	6	1.42	1	2.84	42.17	44.09	43.98	400.68	395.02	37.257	40.098	32.79	35.29	499.9	1501	286	73.2	-0.85	-0.0202	1.0	-0.22	2.74	1.00	0.00	0.16	111115
90	"13:50:21"	2350.5	0	3.68	0.0267	133	2.46	6.26	44.09	6	1.42	1	2.84	42.17	44.09	43.98	400.61	395.02	37.256	40.096	32.79	35.29	499.9	1501	286	73.2	-0.85	-0.0202	1.0	-0.22	2.74	1.00	0.00	0.16	111115
"13:50:47 Coolers: Tblock -> 49.00 C"
"13:57:25 Flow: Fixed -> 500 umol/s"
91	"13:58:32"	2842.5	0	3.28	0.021	95.3	2.58	8.08	49.08	6	1.42	1	2.84	46.66	49.08	49.05	399.97	394.82	48.658	51.593	33.94	35.99	499.9	1499	295	73.2	-0.83	-0.254	1.0	-0.22	2.74	1.00	0.00	0.16	111115
92	"13:58:33"	2842.5	0	3.28	0.021	95.3	2.58	8.08	49.08	6	1.42	1	2.84	46.66	49.08	49.05	399.97	394.82	48.658	51.593	33.94	35.99	499.9	1499	295	73.2	-0.83	-0.254	1.0	-0.22	2.74	1.00	0.00	0.16	111115
93	"13:58:33"	2843.0	0	3.23	0.021	99	2.58	8.08	49.08	6	1.42	1	2.84	46.66	49.08	49.05	399.94	394.84	48.660	51.596	33.94	35.99	499.9	1499	296	73.2	-0.83	-0.254	1.0	-0.22	2.74	1.00	0.00	0.16	111115
94	"13:58:34"	2843.5	0	3.19	0.021	102	2.58	8.08	49.08	6	1.42	1	2.84	46.66	49.08	49.06	399.90	394.85	48.664	51.599	33.94	35.99	500.0	1499	296	73.2	-0.83	-0.254	1.0	-0.22	2.74	1.00	0.00	0.16	111115
95	"13:58:34"	2843.5	0	3.19	0.021	102	2.58	8.08	49.08	6	1.42	1	2.84	46.66	49.08	49.06	399.90	394.85	48.664	51.599	33.94	35.99	500.0	1499	296	73.2	-0.83	-0.254	1.0	-0.22	2.74	1.00	0.00	0.16	111115
96	"13:58:35"	2844.0	0	3.22	0.021	99.1	2.58	8.08	49.08	6	1.42	1	2.84	46.66	49.08	49.06	399.91	394.81	48.667	51.603	33.94	35.99	500.0	1499	297	73.2	-0.83	-0.254	1.0	-0.22	2.74	1.00	0.00	0.16	111115
97	"13:58:35"	2844.5	0	3.2	0.021	101	2.58	8.08	49.08	6	1.42	1	2.84	46.66	49.08	49.06	399.88	394.82	48.669	51.606	33.94	35.99	500.0	1499	297	73.2	-0.83	-0.254	1.0	-0.22	2.74	1.00	0.00	0.16	111115
98	"13:58:36"	2845.0	0	3.23	0.021	98.8	2.58	8.08	49.07	6	1.42	1	2.84	46.66	49.07	49.06	399.88	394.78	48.668	51.606	33.94	35.99	499.9	1499	298	73.2	-0.83	-0.254	1.0	-0.22	2.74	1.00	0.00	0.16	111115
99	"13:58:36"	2845.5	0	3.26	0.021	97	2.58	8.08	49.07	6	1.42	1	2.84	46.66	49.07	49.06	399.89	394.76	48.670	51.607	33.94	35.99	499.9	1499	299	73.2	-0.83	-0.254	1.0	-0.22	2.74	1.00	0.00	0.16	111115
100	"13:58:37"	2846.0	0	3.28	0.0211	95.5	2.58	8.08	49.07	6	1.42	1	2.84	46.66	49.07	49.06	399.93	394.77	48.672	51.613	33.95	36.00	499.9	1499	299	73.2	-0.83	-0.254	1.0	-0.22	2.74	1.00	0.00	0.16	111115
101	"13:58:37"	2846.5	0	3.25	0.0211	97.6	2.58	8.08	49.07	6	1.42	1	2.84	46.66	49.07	49.06	399.95	394.83	48.674	51.614	33.94	35.99	499.9	1499	300	73.2	-0.83	-0.254	1.0	-0.22	2.74	1.00	0.00	0.16	111115
102	"13:58:38"	2847.0	0	3.29	0.0211	95.1	2.58	8.08	49.07	6	1.42	1	2.84	46.66	49.07	49.06	400.01	394.84	48.676	51.616	33.95	36.00	499.9	1499	300	73.2	-0.83	-0.254	0.7	-0.22	2.74	1.00	0.00	0.16	111115
103	"13:58:38"	2847.5	0	3.33	0.0211	91.9	2.58	8.08	49.07	6	1.42	1	2.84	46.66	49.07	49.06	400.06	394.83	48.678	51.617	33.95	36.00	499.9	1499	301	73.2	-0.83	-0.254	0.7	-0.22	2.74	1.00	0.00	0.16	111115
104	"13:58:39"	2848.0	0	3.31	0.0211	93.4	2.58	8.08	49.07	6	1.42	1	2.84	46.66	49.07	49.05	400.07	394.87	48.681	51.620	33.95	36.00	499.9	1499	302	73.21	-0.83	-0.254	1.0	-0.22	2.74	1.00	0.00	0.16	111115
105	"13:58:39"	2848.5	0	3.33	0.0211	92.2	2.58	8.08	49.07	6	1.42	1	2.84	46.67	49.07	49.05	400.09	394.87	48.681	51.621	33.95	36.00	499.9	1499	302	73.21	-0.83	-0.254	1.0	-0.22	2.74	1.00	0.00	0.16	111115
