"OPEN 6.2.4"
"Mon Jun 22 2015 14:27:23"
<open><version>"6.2.4"</version></open>
<open><configfile>"/User/Configs/UserPrefs/2x3 LED.xml"</configfile></open>
<open><light><source>"6400-02 or -02B LED Source"</source><par_in>1<sensor>"SI-3781"<cal>-0.93<actinity>1.00</actinity><transm>1.00</transm></cal></sensor><transm>1</transm></par_in><par_out>1<sensor>"Q49599"<cal>7.26</cal></sensor></par_out></light></open>
<open><comps><file>"/User/Configs/Comps/StdComps_6.2"<header>""</header><extras></extras></file><energybal>no<f_parIn>1</f_parIn><f_parOut>0</f_parOut><alphaK>0.16</alphaK></energybal><bc_total>2.840<stomatal_ratio>1</stomatal_ratio><bc_oneside>1.420<type>2</type><table>"/Sys/Lib/StdBLCTable"</table><area>6</area><slope>-0.219565</slope><offset>2.73739</offset><fan>5</fan></bc_oneside></bc_total></comps></open>
<open><prompts><onlog>off</onlog><items>"Default (none)"</items></prompts></open>
<open><constants><oxygen>21 %</oxygen><bb_vapor>1.5</bb_vapor><bb_oxy>0.9</bb_oxy></constants></open>
<open><stability><items>"Std Stability"<items[1]><id>-2</id><size>15</size><pcv><onoff>0</onoff><value>1</value></pcv><std><onoff>0</onoff><value>1</value></std><slp><onoff>1</onoff><value>1</value></slp></items[1]><items[2]><id>-5</id><size>15</size><pcv><onoff>0</onoff><value>1</value></pcv><std><onoff>0</onoff><value>1</value></std><slp><onoff>1</onoff><value>1</value></slp></items[2]><items[3]><id>-7</id><size>15</size><pcv><onoff>0</onoff><value>1</value></pcv><std><onoff>0</onoff><value>1</value></std><slp><onoff>1</onoff><value>1</value></slp></items[3]></items></stability></open>
<open><log><format>"StdLogFmt_6.0"<items>{ -35 -21 -36 -76 30 23 36 21 25 221 -33 111 -34 11 -9 -10 -8 -1 -2 -4 -5 -14 -15 -7 -12 -13 -11 -65 -66 -72 -18 -19 -77 -78 -79 -23  }<hdr>{  }</hdr></items></format><options><beep>on</beep><hdr>normal</hdr><rem>normal</rem><stab>no</stab><stats>no<mean>no</mean><file>no</file><period>15</period></stats><excel>yes</excel><controls>yes</controls><comm>no</comm></options><datafile>"/User/stm-as7"</datafile><button><action>"Normal Log"<code>" LogOneObsManual "</code></action></button><autoprog>"/User/Configs/AutoProgs/AutoLog2"<active>no</active></autoprog></log></open>
<open><a2d><avgtime>4.0 secs</avgtime><userchans><ch20>"Off"</ch20><ch21>"Off"</ch21><ch22>"Off"</ch22><ch23>"Off"</ch23></userchans></a2d></open>
<open><matching><type>0</type><disp>'a'</disp><settings><CO2Limit>10.0</CO2Limit><H2OLimit>1.0</H2OLimit><MaxAutoTime>60</MaxAutoTime></settings></matching></open>
<li6400><factory><unit>"PSC-3840"</unit><serviced>"1 Jul 2013"</serviced><fuseaware>0</fuseaware><co2mixer>yes</co2mixer><co2><coeffs>{ 0 0.213319 2.22998e-05 2.13159e-08 -3.88664e-12 3.69888e-16  }</coeffs><dvdt>-4.7</dvdt><xs>{ 0.0009 -0.0002  }</xs></co2><h2o><coeffs>{ 0 0.00572751 2.23485e-06 -7.37877e-12  }</coeffs><dvdt>-1.7</dvdt><xs>{ 0.0009 -0.0028  }</xs></h2o><flow>{ 0 0.3568  }</flow><press>{ 88.437 0.00551  }</press></factory></li6400>
<li6400><user><flow_zero>-468.8</flow_zero><irga_zero><co2>429.7 390.6<at>17.6901</at></co2><h2o>78.1 156.2<at>17.1607</at></h2o></irga_zero><irga_span><co2>{ 0.99237 0.992833  }</co2><h2o>{ 1.00426 0.996799  }</h2o></irga_span><irga_match><co2>{ 0.368307 2.08201  }</co2><h2o>{ 0.00477181 0.249579  }</h2o></irga_match><co2_mixer><pump_mv>4500</pump_mv><ppm>{ 2287.2 1080.71 423.89 257.488 117.195 68.0056 44.5242 37.9628  }</ppm><mv>{ 5000 3000 1500 1000 500 300 200 100  }</mv></co2_mixer><parin_offset>0</parin_offset><led_cal><unit>"SI-3781"</unit><mv>{ 10 25 50 100 1000 2000 3000 4000 5000  }</mv><qntm>{ 4.69642 15.4417 35.4805 82.2863 972.665 1922.29 2824.32 3690.14 4518.2  }</qntm></led_cal><lcf_cal><unit>"unknown"</unit><red><mv>{ 50 100 500 1000 1500 5000  }</mv><qntm>{ 50 100 500 1000 2000 5000  }</qntm></red><blue><mv>{ 100 200 500 1000 2000 5000  }</mv><qntm>{ 10 20 50 100 200 500  }</qntm></blue></lcf_cal></user></li6400>
"14:27:25 "
$STARTOFDATA$
"Obs"	"HHMMSS"	"FTime"	"EBal?"	"Photo"	"Cond"	"Ci"	"Trmmol"	"VpdL"	"CTleaf"	"Area"	"BLC_1"	"StmRat"	"BLCond"	"Tair"	"Tleaf"	"TBlk"	"CO2R"	"CO2S"	"H2OR"	"H2OS"	"RH_R"	"RH_S"	"Flow"	"PARi"	"PARo"	"Press"	"CsMch"	"HsMch"	"StableF"	"BLCslope"	"BLCoffst"	"f_parin"	"f_parout"	"alphaK"	"Status"
"14:27:51 Coolers: Tblock -> 0.00 C"
"14:28:00 CO2 Mixer: CO2R -> 400 uml"
"14:28:14 Lamp: ParIn ->  1500 uml"
"14:35:45 Coolers: Tblock -> 26.81 C"
"14:36:54 Flow: Fixed -> 500 umol/s"
"14:38:00 Flow: Fixed -> 500 umol/s"
1	"14:38:21"	671.5	0	1.73	0.0245	267	0.712	2.16	26.87	6	1.42	1	2.84	28.65	26.87	26.76	398.63	396.22	17.503	18.342	33.81	35.43	499.9	1501	266	76.11	2.42	0.452	1.0	-0.22	2.74	1.00	0.00	0.16	111115
2	"14:38:22"	672.0	0	1.75	0.0245	266	0.712	2.16	26.87	6	1.42	1	2.84	28.64	26.87	26.76	398.65	396.21	17.501	18.341	33.81	35.43	499.8	1501	266	76.11	2.42	0.452	1.0	-0.22	2.74	1.00	0.00	0.16	111115
3	"14:38:22"	672.0	0	1.75	0.0245	266	0.712	2.16	26.87	6	1.42	1	2.84	28.64	26.87	26.76	398.65	396.21	17.501	18.341	33.81	35.43	499.8	1501	266	76.11	2.42	0.452	1.0	-0.22	2.74	1.00	0.00	0.16	111115
4	"14:38:23"	672.5	0	1.78	0.0246	264	0.713	2.16	26.87	6	1.42	1	2.84	28.64	26.87	26.76	398.70	396.21	17.499	18.340	33.80	35.43	499.8	1501	266	76.11	2.42	0.452	1.0	-0.22	2.74	1.00	0.00	0.16	111115
5	"14:38:23"	673.0	0	1.77	0.0246	264	0.713	2.16	26.86	6	1.42	1	2.84	28.64	26.86	26.76	398.70	396.24	17.498	18.338	33.80	35.43	499.8	1501	266	76.11	2.42	0.452	1.0	-0.22	2.74	1.00	0.00	0.16	111115
6	"14:38:24"	673.5	0	1.77	0.0247	265	0.715	2.15	26.86	6	1.42	1	2.84	28.64	26.86	26.76	398.75	396.29	17.497	18.340	33.80	35.43	499.8	1501	266	76.11	2.42	0.452	1.0	-0.22	2.74	1.00	0.00	0.16	111115
7	"14:38:24"	674.0	0	1.76	0.0246	266	0.715	2.15	26.86	6	1.42	1	2.84	28.64	26.86	26.76	398.76	396.31	17.496	18.339	33.80	35.43	499.8	1501	266	76.11	2.42	0.452	1.0	-0.22	2.74	1.00	0.00	0.16	111115
8	"14:38:25"	674.5	0	1.75	0.0247	266	0.716	2.15	26.86	6	1.42	1	2.84	28.64	26.86	26.76	398.77	396.33	17.495	18.339	33.80	35.43	499.8	1501	266	76.11	2.42	0.452	1.0	-0.22	2.74	1.00	0.00	0.16	111115
9	"14:38:25"	675.0	0	1.76	0.0248	266	0.718	2.15	26.86	6	1.42	1	2.84	28.64	26.86	26.76	398.79	396.33	17.493	18.339	33.80	35.43	499.8	1501	266	76.11	2.42	0.452	1.0	-0.22	2.74	1.00	0.00	0.16	111115
10	"14:38:26"	675.5	0	1.73	0.0247	268	0.718	2.15	26.86	6	1.42	1	2.84	28.64	26.86	26.76	398.73	396.31	17.493	18.338	33.79	35.43	499.9	1501	266	76.11	2.42	0.452	1.0	-0.22	2.74	1.00	0.00	0.16	111115
11	"14:38:26"	676.0	0	1.68	0.0248	271	0.719	2.15	26.86	6	1.42	1	2.84	28.64	26.86	26.76	398.71	396.34	17.491	18.338	33.79	35.43	499.9	1501	266	76.11	2.42	0.452	1.0	-0.22	2.74	1.00	0.00	0.16	111115
12	"14:38:27"	676.5	0	1.64	0.0248	274	0.72	2.15	26.86	6	1.42	1	2.84	28.64	26.86	26.76	398.68	396.36	17.490	18.338	33.79	35.43	499.9	1501	266	76.11	2.42	0.452	1.0	-0.22	2.74	1.00	0.00	0.16	111115
13	"14:38:28"	678.5	0	1.68	0.0249	272	0.723	2.16	26.86	6	1.42	1	2.84	28.64	26.86	26.76	398.62	396.26	17.483	18.335	33.78	35.43	499.9	1501	266	76.11	2.42	0.452	1.0	-0.22	2.74	1.00	0.00	0.16	111115
14	"14:38:29"	679.0	0	1.66	0.0249	273	0.723	2.16	26.86	6	1.42	1	2.84	28.64	26.86	26.76	398.61	396.27	17.482	18.333	33.78	35.43	499.9	1502	266	76.11	2.42	0.452	1.0	-0.22	2.74	1.00	0.00	0.16	111115
15	"14:38:29"	679.5	0	1.69	0.025	272	0.725	2.16	26.86	6	1.42	1	2.84	28.64	26.86	26.77	398.64	396.27	17.479	18.333	33.78	35.43	499.9	1502	266	76.11	2.42	0.452	1.0	-0.22	2.74	1.00	0.00	0.16	111115
"14:38:40 Coolers: Tblock -> 32.00 C"
"14:41:04 Flow: Fixed -> 500 umol/s"
16	"14:41:17"	846.5	0	1.81	0.0206	235	0.834	2.97	32.26	6	1.42	1	2.84	32.62	32.26	32.05	399.63	397.06	23.655	24.632	36.41	37.91	499.9	1500	268	76.11	2.08	0.385	1.0	-0.22	2.74	1.00	0.00	0.16	111115
17	"14:41:17"	846.5	0	1.81	0.0206	235	0.834	2.97	32.26	6	1.42	1	2.84	32.62	32.26	32.05	399.63	397.06	23.655	24.632	36.41	37.91	499.9	1500	268	76.11	2.08	0.385	1.0	-0.22	2.74	1.00	0.00	0.16	111115
18	"14:41:17"	847.0	0	1.8	0.0206	236	0.837	2.97	32.26	6	1.42	1	2.84	32.62	32.26	32.05	399.64	397.07	23.652	24.632	36.40	37.91	499.9	1500	268	76.11	2.08	0.385	1.0	-0.22	2.74	1.00	0.00	0.16	111115
19	"14:41:18"	847.0	0	1.8	0.0206	236	0.837	2.97	32.26	6	1.42	1	2.84	32.62	32.26	32.05	399.64	397.07	23.652	24.632	36.40	37.91	499.9	1500	268	76.11	2.08	0.385	1.0	-0.22	2.74	1.00	0.00	0.16	111115
20	"14:41:18"	847.5	0	1.79	0.0207	237	0.838	2.97	32.26	6	1.42	1	2.84	32.62	32.26	32.05	399.62	397.08	23.649	24.630	36.39	37.90	499.9	1500	268	76.11	2.08	0.385	1.0	-0.22	2.74	1.00	0.00	0.16	111115
21	"14:41:19"	848.0	0	1.76	0.0207	239	0.839	2.97	32.26	6	1.42	1	2.84	32.62	32.26	32.05	399.60	397.09	23.645	24.627	36.38	37.89	499.9	1500	268	76.11	2.08	0.385	1.0	-0.22	2.74	1.00	0.00	0.16	111115
22	"14:41:19"	848.5	0	1.81	0.0207	236	0.84	2.97	32.26	6	1.42	1	2.84	32.62	32.26	32.05	399.62	397.05	23.642	24.625	36.38	37.89	499.9	1500	268	76.11	2.08	0.385	1.0	-0.22	2.74	1.00	0.00	0.16	111115
23	"14:41:20"	849.0	0	1.8	0.0207	236	0.841	2.97	32.26	6	1.42	1	2.84	32.62	32.26	32.05	399.62	397.06	23.638	24.623	36.37	37.89	499.9	1500	268	76.11	2.08	0.385	1.0	-0.22	2.74	1.00	0.00	0.16	111115
24	"14:41:20"	849.5	0	1.81	0.0208	236	0.841	2.97	32.25	6	1.42	1	2.84	32.63	32.25	32.05	399.62	397.05	23.636	24.621	36.36	37.88	499.9	1500	268	76.11	2.08	0.385	1.0	-0.22	2.74	1.00	0.00	0.16	111115
25	"14:41:21"	850.0	0	1.77	0.0208	239	0.842	2.97	32.25	6	1.42	1	2.84	32.63	32.25	32.05	399.61	397.08	23.633	24.619	36.36	37.87	499.9	1500	268	76.11	2.08	0.385	1.0	-0.22	2.74	1.00	0.00	0.16	111115
26	"14:41:21"	850.5	0	1.76	0.0208	240	0.843	2.97	32.25	6	1.42	1	2.84	32.63	32.25	32.05	399.59	397.07	23.630	24.616	36.35	37.87	499.9	1500	268	76.11	2.08	0.385	1.0	-0.22	2.74	1.00	0.00	0.16	111115
27	"14:41:22"	851.0	0	1.74	0.0208	241	0.841	2.97	32.25	6	1.42	1	2.84	32.63	32.25	32.05	399.58	397.09	23.629	24.613	36.35	37.86	500.0	1500	268	76.11	2.08	0.385	1.0	-0.22	2.74	1.00	0.00	0.16	111115
28	"14:41:22"	851.5	0	1.75	0.0208	240	0.842	2.97	32.25	6	1.42	1	2.84	32.63	32.25	32.05	399.61	397.10	23.626	24.611	36.34	37.86	500.0	1500	268	76.11	2.08	0.385	1.0	-0.22	2.74	1.00	0.00	0.16	111115
29	"14:41:23"	852.0	0	1.76	0.0208	240	0.844	2.97	32.25	6	1.42	1	2.84	32.63	32.25	32.05	399.62	397.11	23.623	24.612	36.33	37.85	499.9	1500	268	76.11	2.08	0.385	1.0	-0.22	2.74	1.00	0.00	0.16	111115
30	"14:41:23"	852.5	0	1.73	0.0209	242	0.846	2.97	32.26	6	1.42	1	2.84	32.64	32.26	32.05	399.61	397.13	23.620	24.611	36.32	37.85	500.0	1500	268	76.11	2.08	0.385	1.0	-0.22	2.74	1.00	0.00	0.16	111115
"14:41:33 Coolers: Tblock -> 37.00 C"
"14:43:23 Flow: Fixed -> 500 umol/s"
31	"14:44:00"	1010.5	0	1.56	0.0152	205	0.871	4.14	37.14	6	1.42	1	2.84	36.62	37.14	36.94	400.07	397.79	28.062	29.077	34.59	35.84	499.9	1500	269	76.11	2.01	0.317	1.0	-0.22	2.74	1.00	0.00	0.16	111115
32	"14:44:01"	1010.5	0	1.56	0.0152	205	0.871	4.14	37.14	6	1.42	1	2.84	36.62	37.14	36.94	400.07	397.79	28.062	29.077	34.59	35.84	499.9	1500	269	76.11	2.01	0.317	1.0	-0.22	2.74	1.00	0.00	0.16	111115
33	"14:44:01"	1011.0	0	1.56	0.0152	205	0.872	4.14	37.14	6	1.42	1	2.84	36.62	37.14	36.94	400.08	397.79	28.058	29.074	34.58	35.84	499.9	1500	269	76.11	2.01	0.317	1.0	-0.22	2.74	1.00	0.00	0.16	111115
34	"14:44:02"	1011.5	0	1.56	0.0152	205	0.872	4.14	37.14	6	1.42	1	2.84	36.62	37.14	36.94	400.09	397.80	28.056	29.072	34.58	35.83	499.9	1500	269	76.11	2.01	0.317	1.0	-0.22	2.74	1.00	0.00	0.16	111115
35	"14:44:02"	1012.0	0	1.56	0.0152	205	0.871	4.14	37.14	6	1.42	1	2.84	36.62	37.14	36.94	400.08	397.79	28.054	29.069	34.57	35.82	499.9	1500	269	76.11	2.01	0.317	1.0	-0.22	2.74	1.00	0.00	0.16	111115
36	"14:44:03"	1012.5	0	1.56	0.0152	205	0.872	4.14	37.14	6	1.42	1	2.84	36.63	37.14	36.94	400.07	397.79	28.052	29.068	34.56	35.81	499.9	1500	269	76.11	2.01	0.317	1.0	-0.22	2.74	1.00	0.00	0.16	111115
37	"14:44:04"	1013.0	0	1.55	0.0152	206	0.869	4.14	37.14	6	1.42	1	2.84	36.63	37.14	36.94	400.07	397.80	28.051	29.064	34.55	35.80	499.9	1500	269	76.11	2.01	0.317	1.0	-0.22	2.74	1.00	0.00	0.16	111115
38	"14:44:04"	1013.5	0	1.58	0.0152	203	0.87	4.14	37.14	6	1.42	1	2.84	36.63	37.14	36.94	400.09	397.78	28.048	29.062	34.55	35.80	499.9	1500	269	76.11	2.01	0.317	1.0	-0.22	2.74	1.00	0.00	0.16	111115
39	"14:44:05"	1014.0	0	1.59	0.0152	202	0.869	4.14	37.14	6	1.42	1	2.84	36.63	37.14	36.94	400.11	397.79	28.046	29.059	34.54	35.79	499.9	1500	269	76.11	2.01	0.317	1.0	-0.22	2.74	1.00	0.00	0.16	111115
40	"14:44:05"	1014.5	0	1.58	0.0151	203	0.868	4.14	37.13	6	1.42	1	2.84	36.63	37.13	36.94	400.13	397.82	28.044	29.055	34.54	35.78	499.9	1500	269	76.11	2.01	0.317	1.0	-0.22	2.74	1.00	0.00	0.16	111115
41	"14:44:06"	1015.0	0	1.59	0.0151	201	0.867	4.14	37.13	6	1.42	1	2.84	36.64	37.13	36.94	400.12	397.80	28.041	29.052	34.53	35.78	499.9	1500	269	76.11	2.01	0.317	1.0	-0.22	2.74	1.00	0.00	0.16	111115
42	"14:44:06"	1015.5	0	1.6	0.0151	200	0.866	4.14	37.13	6	1.42	1	2.84	36.64	37.13	36.94	400.10	397.78	28.040	29.049	34.53	35.77	499.9	1500	269	76.11	2.01	0.317	1.0	-0.22	2.74	1.00	0.00	0.16	111115
43	"14:44:07"	1016.0	0	1.58	0.0151	202	0.866	4.14	37.13	6	1.42	1	2.84	36.64	37.13	36.94	400.10	397.79	28.036	29.044	34.52	35.76	499.9	1500	269	76.11	2.01	0.317	1.0	-0.22	2.74	1.00	0.00	0.16	111115
44	"14:44:07"	1017.0	0	1.63	0.0151	196	0.863	4.14	37.13	6	1.42	1	2.84	36.64	37.13	36.94	400.15	397.78	28.030	29.036	34.50	35.74	499.9	1500	269	76.11	2.01	0.317	1.0	-0.22	2.74	1.00	0.00	0.16	111115
45	"14:44:08"	1017.5	0	1.63	0.015	196	0.861	4.14	37.13	6	1.42	1	2.84	36.64	37.13	36.94	400.16	397.80	28.029	29.032	34.50	35.73	500.0	1500	269	76.11	2.01	0.317	1.0	-0.22	2.74	1.00	0.00	0.16	111115
"14:44:16 Coolers: Tblock -> 42.00 C"
"14:47:48 Flow: Fixed -> 500 umol/s"
46	"14:48:08"	1258.0	0	0.983	0.00775	159	0.614	5.61	42.19	6	1.42	1	2.84	41.13	42.19	42.02	399.32	397.84	34.965	35.676	33.81	34.49	499.9	1499	267	76.12	2.05	0.282	0.7	-0.22	2.74	1.00	0.00	0.16	111115
47	"14:48:08"	1258.5	0	0.943	0.00774	167	0.614	5.61	42.19	6	1.42	1	2.84	41.13	42.19	42.02	399.30	397.87	34.960	35.671	33.80	34.49	499.9	1499	267	76.12	2.05	0.282	0.7	-0.22	2.74	1.00	0.00	0.16	111115
48	"14:48:09"	1258.5	0	0.943	0.00774	167	0.614	5.61	42.19	6	1.42	1	2.84	41.13	42.19	42.02	399.30	397.87	34.960	35.671	33.80	34.49	499.9	1499	267	76.12	2.05	0.282	0.7	-0.22	2.74	1.00	0.00	0.16	111115
49	"14:48:09"	1259.0	0	0.963	0.00776	163	0.615	5.61	42.19	6	1.42	1	2.84	41.13	42.19	42.02	399.32	397.87	34.956	35.668	33.79	34.48	499.8	1499	267	76.12	2.05	0.282	0.7	-0.22	2.74	1.00	0.00	0.16	111115
50	"14:48:10"	1259.5	0	1.01	0.00778	154	0.616	5.61	42.19	6	1.42	1	2.84	41.13	42.19	42.02	399.36	397.85	34.950	35.664	33.79	34.48	499.8	1499	267	76.12	2.05	0.282	0.7	-0.22	2.74	1.00	0.00	0.16	111115
51	"14:48:10"	1260.0	0	1.04	0.00781	149	0.619	5.61	42.19	6	1.42	1	2.84	41.13	42.19	42.02	399.38	397.84	34.946	35.663	33.78	34.47	499.8	1499	267	76.12	2.05	0.282	0.7	-0.22	2.74	1.00	0.00	0.16	111115
52	"14:48:11"	1260.5	0	1.02	0.00781	152	0.619	5.61	42.19	6	1.42	1	2.84	41.13	42.19	42.02	399.39	397.86	34.941	35.657	33.77	34.47	499.8	1499	267	76.12	2.05	0.282	0.7	-0.22	2.74	1.00	0.00	0.16	111115
53	"14:48:11"	1261.0	0	1.02	0.0078	153	0.619	5.61	42.19	6	1.42	1	2.84	41.14	42.19	42.02	399.40	397.88	34.936	35.652	33.77	34.46	499.8	1499	267	76.12	2.05	0.282	0.7	-0.22	2.74	1.00	0.00	0.16	111115
54	"14:48:12"	1261.5	0	1.02	0.00783	154	0.62	5.61	42.18	6	1.42	1	2.84	41.14	42.18	42.02	399.38	397.86	34.930	35.648	33.76	34.45	499.8	1499	267	76.12	2.05	0.282	0.7	-0.22	2.74	1.00	0.00	0.16	111115
55	"14:48:12"	1262.0	0	1.01	0.00784	156	0.622	5.61	42.18	6	1.42	1	2.84	41.14	42.18	42.02	399.37	397.86	34.925	35.644	33.75	34.45	499.8	1499	267	76.12	2.05	0.282	0.7	-0.22	2.74	1.00	0.00	0.16	111115
56	"14:48:13"	1262.5	0	1.04	0.00786	150	0.623	5.61	42.18	6	1.42	1	2.84	41.14	42.18	42.02	399.38	397.83	34.921	35.642	33.74	34.44	499.8	1499	267	76.12	2.05	0.282	0.7	-0.22	2.74	1.00	0.00	0.16	111115
57	"14:48:13"	1263.0	0	1.13	0.00794	135	0.629	5.61	42.18	6	1.42	1	2.84	41.14	42.18	42.02	399.44	397.78	34.915	35.643	33.73	34.44	499.8	1499	267	76.12	2.05	0.282	0.7	-0.22	2.74	1.00	0.00	0.16	111115
58	"14:48:14"	1263.5	0	1.09	0.00796	143	0.631	5.61	42.18	6	1.42	1	2.84	41.14	42.18	42.02	399.41	397.80	34.912	35.642	33.73	34.43	499.8	1499	267	76.12	2.05	0.282	1.0	-0.22	2.74	1.00	0.00	0.16	111115
59	"14:48:14"	1264.0	0	1.11	0.00794	140	0.629	5.61	42.18	6	1.42	1	2.84	41.15	42.18	42.02	399.40	397.77	34.907	35.635	33.72	34.43	499.8	1499	267	76.12	2.05	0.282	1.0	-0.22	2.74	1.00	0.00	0.16	111115
60	"14:48:15"	1264.5	0	1.12	0.00795	138	0.63	5.61	42.18	6	1.42	1	2.84	41.15	42.18	42.02	399.39	397.74	34.903	35.632	33.72	34.42	499.8	1500	267	76.12	2.05	0.282	1.0	-0.22	2.74	1.00	0.00	0.16	111115
"14:48:25 Coolers: Tblock -> 47.00 C"
"14:51:07 Flow: Fixed -> 500 umol/s"
61	"14:51:20"	1450.0	0	0.675	0.0103	262	0.639	4.38	41.33	6	1.42	1	2.84	45.43	41.33	47.09	400.76	399.65	46.299	47.030	35.77	36.34	499.9	1499	269	76.12	2.33	0.14	0.7	-0.22	2.74	1.00	0.00	0.16	111115
62	"14:51:20"	1450.0	0	0.675	0.0103	262	0.639	4.38	41.33	6	1.42	1	2.84	45.43	41.33	47.09	400.76	399.65	46.299	47.030	35.77	36.34	499.9	1499	269	76.12	2.33	0.14	0.7	-0.22	2.74	1.00	0.00	0.16	111115
63	"14:51:21"	1450.5	0	0.703	0.0103	258	0.641	4.37	41.32	6	1.42	1	2.84	45.43	41.32	47.09	400.79	399.63	46.294	47.027	35.77	36.33	499.9	1499	269	76.12	2.33	0.14	0.7	-0.22	2.74	1.00	0.00	0.16	111115
64	"14:51:21"	1451.0	0	0.67	0.0104	263	0.642	4.37	41.32	6	1.42	1	2.84	45.43	41.32	47.09	400.75	399.64	46.290	47.024	35.76	36.33	499.9	1499	269	76.12	2.33	0.14	0.7	-0.22	2.74	1.00	0.00	0.16	111115
65	"14:51:22"	1451.5	0	0.658	0.0103	265	0.64	4.37	41.31	6	1.42	1	2.84	45.43	41.31	47.09	400.70	399.61	46.288	47.021	35.76	36.32	499.9	1499	269	76.12	2.33	0.14	0.7	-0.22	2.74	1.00	0.00	0.16	111115
66	"14:51:22"	1452.0	0	0.634	0.0104	268	0.642	4.37	41.31	6	1.42	1	2.84	45.43	41.31	47.09	400.65	399.58	46.284	47.018	35.75	36.32	499.9	1500	269	76.12	2.33	0.14	1.0	-0.22	2.74	1.00	0.00	0.16	111115
67	"14:51:23"	1452.0	0	0.634	0.0104	268	0.642	4.37	41.31	6	1.42	1	2.84	45.43	41.31	47.09	400.65	399.58	46.284	47.018	35.75	36.32	499.9	1500	269	76.12	2.33	0.14	1.0	-0.22	2.74	1.00	0.00	0.16	111115
68	"14:51:23"	1452.5	0	0.626	0.0104	269	0.641	4.37	41.31	6	1.42	1	2.84	45.43	41.31	47.09	400.58	399.52	46.279	47.012	35.75	36.32	499.9	1500	269	76.12	2.33	0.14	1.0	-0.22	2.74	1.00	0.00	0.16	111115
69	"14:51:24"	1453.0	0	0.631	0.0104	269	0.64	4.37	41.30	6	1.42	1	2.84	45.43	41.30	47.09	400.54	399.48	46.275	47.008	35.75	36.31	499.9	1500	269	76.13	2.33	0.14	1.0	-0.22	2.74	1.00	0.00	0.16	111115
70	"14:51:24"	1453.5	0	0.704	0.0104	258	0.643	4.37	41.31	6	1.42	1	2.84	45.43	41.31	47.09	400.57	399.41	46.269	47.004	35.74	36.30	499.9	1500	269	76.12	2.33	0.14	1.0	-0.22	2.74	1.00	0.00	0.16	111115
71	"14:51:25"	1454.0	0	0.757	0.0104	250	0.642	4.37	41.31	6	1.42	1	2.84	45.43	41.31	47.09	400.57	399.36	46.267	47.002	35.74	36.30	499.9	1500	269	76.12	2.33	0.14	1.0	-0.22	2.74	1.00	0.00	0.16	111115
72	"14:51:25"	1454.5	0	0.747	0.0104	251	0.642	4.37	41.32	6	1.42	1	2.84	45.43	41.32	47.09	400.51	399.31	46.263	46.998	35.73	36.30	499.9	1500	269	76.13	2.33	0.14	1.0	-0.22	2.74	1.00	0.00	0.16	111115
73	"14:51:26"	1455.0	0	0.769	0.0104	248	0.641	4.37	41.31	6	1.42	1	2.84	45.43	41.31	47.09	400.47	399.24	46.257	46.991	35.73	36.29	500.0	1500	269	76.12	2.33	0.14	1.0	-0.22	2.74	1.00	0.00	0.16	111115
74	"14:51:26"	1455.5	0	0.751	0.0104	251	0.642	4.37	41.31	6	1.42	1	2.84	45.43	41.31	47.09	400.42	399.21	46.253	46.987	35.72	36.29	500.0	1500	269	76.12	2.33	0.14	0.7	-0.22	2.74	1.00	0.00	0.16	111115
75	"14:51:27"	1456.0	0	0.701	0.0104	258	0.642	4.37	41.32	6	1.42	1	2.84	45.43	41.32	47.09	400.37	399.22	46.251	46.985	35.72	36.29	500.0	1500	269	76.12	2.33	0.14	0.7	-0.22	2.74	1.00	0.00	0.16	111115
"14:51:37 Coolers: Tblock -> 50.00 C"
"14:56:12 Flow: Fixed -> 500 umol/s"
76	"14:56:25"	1755.0	0	0.544	0.0164	305	1.17	5.02	42.96	6	1.42	1	2.84	48.16	42.96	49.82	399.86	398.64	46.636	47.972	31.35	32.25	499.9	1499	267	76.11	2.98	0.112	1.0	-0.22	2.74	1.00	0.00	0.16	111115
77	"14:56:25"	1755.5	0	0.554	0.0164	304	1.17	5.02	42.96	6	1.42	1	2.84	48.16	42.96	49.82	399.85	398.62	46.635	47.969	31.35	32.24	499.9	1499	267	76.11	2.98	0.112	1.0	-0.22	2.74	1.00	0.00	0.16	111115
78	"14:56:26"	1755.5	0	0.554	0.0164	304	1.17	5.02	42.96	6	1.42	1	2.84	48.16	42.96	49.82	399.85	398.62	46.635	47.969	31.35	32.24	499.9	1499	267	76.11	2.98	0.112	1.0	-0.22	2.74	1.00	0.00	0.16	111115
79	"14:56:26"	1756.0	0	0.579	0.0164	302	1.17	5.01	42.95	6	1.42	1	2.84	48.16	42.95	49.82	399.84	398.59	46.632	47.966	31.35	32.24	499.9	1499	267	76.11	2.98	0.112	1.0	-0.22	2.74	1.00	0.00	0.16	111115
80	"14:56:27"	1756.5	0	0.564	0.0164	303	1.17	5.01	42.94	6	1.42	1	2.84	48.16	42.94	49.82	399.85	398.61	46.630	47.964	31.34	32.24	499.9	1499	267	76.11	2.98	0.112	1.0	-0.22	2.74	1.00	0.00	0.16	111115
81	"14:56:27"	1757.0	0	0.593	0.0164	300	1.17	5.01	42.94	6	1.42	1	2.84	48.16	42.94	49.82	399.88	398.61	46.628	47.961	31.34	32.24	499.9	1499	267	76.11	2.98	0.112	1.0	-0.22	2.74	1.00	0.00	0.16	111115
82	"14:56:28"	1757.5	0	0.562	0.0164	303	1.17	5.01	42.94	6	1.42	1	2.84	48.16	42.94	49.82	399.87	398.63	46.626	47.961	31.34	32.24	499.9	1499	267	76.11	2.98	0.112	1.0	-0.22	2.74	1.00	0.00	0.16	111115
83	"14:56:28"	1758.0	0	0.575	0.0164	302	1.17	5.01	42.94	6	1.42	1	2.84	48.16	42.94	49.82	399.87	398.62	46.625	47.958	31.34	32.24	499.9	1500	267	76.11	2.98	0.112	1.0	-0.22	2.74	1.00	0.00	0.16	111115
84	"14:56:29"	1758.5	0	0.588	0.0163	301	1.16	5.01	42.94	6	1.42	1	2.84	48.16	42.94	49.82	399.88	398.61	46.625	47.955	31.34	32.23	499.9	1500	268	76.11	2.98	0.112	1.0	-0.22	2.74	1.00	0.00	0.16	111115
85	"14:56:29"	1759.0	0	0.598	0.0164	300	1.16	5.01	42.94	6	1.42	1	2.84	48.16	42.94	49.82	399.87	398.60	46.624	47.955	31.34	32.23	499.9	1500	267	76.11	2.98	0.112	1.0	-0.22	2.74	1.00	0.00	0.16	111115
86	"14:56:30"	1759.5	0	0.58	0.0164	302	1.16	5.01	42.93	6	1.42	1	2.84	48.16	42.93	49.82	399.87	398.62	46.624	47.954	31.34	32.23	499.9	1500	267	76.11	2.98	0.112	1.0	-0.22	2.74	1.00	0.00	0.16	111115
87	"14:56:30"	1760.0	0	0.567	0.0164	303	1.17	5.01	42.94	6	1.42	1	2.84	48.16	42.94	49.82	399.84	398.60	46.621	47.954	31.34	32.23	499.9	1500	267	76.11	2.98	0.112	1.0	-0.22	2.74	1.00	0.00	0.16	111115
88	"14:56:31"	1760.5	0	0.55	0.0164	304	1.17	5.01	42.95	6	1.42	1	2.84	48.16	42.95	49.82	399.82	398.60	46.620	47.954	31.33	32.23	500.0	1500	267	76.11	2.98	0.112	1.0	-0.22	2.74	1.00	0.00	0.16	111115
89	"14:56:31"	1761.0	0	0.525	0.0164	307	1.17	5.02	42.95	6	1.42	1	2.84	48.16	42.95	49.82	399.82	398.63	46.618	47.952	31.33	32.23	500.0	1500	267	76.11	2.98	0.112	1.0	-0.22	2.74	1.00	0.00	0.16	111115
90	"14:56:32"	1761.5	0	0.541	0.0164	305	1.17	5.02	42.95	6	1.42	1	2.84	48.16	42.95	49.82	399.84	398.63	46.616	47.950	31.33	32.23	500.0	1500	267	76.11	2.98	0.112	1.0	-0.22	2.74	1.00	0.00	0.16	111115
