"OPEN 6.2.4"
"Wed Jun 24 2015 09:30:57"
<open><version>"6.2.4"</version></open>
<open><configfile>"/User/Configs/UserPrefs/2x3 LED.xml"</configfile></open>
<open><light><source>"6400-02 or -02B LED Source"</source><par_in>1<sensor>"SI-3781"<cal>-0.93<actinity>1.00</actinity><transm>1.00</transm></cal></sensor><transm>1</transm></par_in><par_out>1<sensor>"Q49599"<cal>7.26</cal></sensor></par_out></light></open>
<open><comps><file>"/User/Configs/Comps/StdComps_6.2"<header>""</header><extras></extras></file><energybal>no<f_parIn>1</f_parIn><f_parOut>0</f_parOut><alphaK>0.16</alphaK></energybal><bc_total>2.840<stomatal_ratio>1</stomatal_ratio><bc_oneside>1.420<type>2</type><table>"/Sys/Lib/StdBLCTable"</table><area>6</area><slope>-0.219565</slope><offset>2.73739</offset><fan>5</fan></bc_oneside></bc_total></comps></open>
<open><prompts><onlog>off</onlog><items>"Default (none)"</items></prompts></open>
<open><constants><oxygen>21 %</oxygen><bb_vapor>1.5</bb_vapor><bb_oxy>0.9</bb_oxy></constants></open>
<open><stability><items>"Std Stability"<items[1]><id>-2</id><size>15</size><pcv><onoff>0</onoff><value>1</value></pcv><std><onoff>0</onoff><value>1</value></std><slp><onoff>1</onoff><value>1</value></slp></items[1]><items[2]><id>-5</id><size>15</size><pcv><onoff>0</onoff><value>1</value></pcv><std><onoff>0</onoff><value>1</value></std><slp><onoff>1</onoff><value>1</value></slp></items[2]><items[3]><id>-7</id><size>15</size><pcv><onoff>0</onoff><value>1</value></pcv><std><onoff>0</onoff><value>1</value></std><slp><onoff>1</onoff><value>1</value></slp></items[3]></items></stability></open>
<open><log><format>"StdLogFmt_6.0"<items>{ -35 -21 -36 -76 30 23 36 21 25 221 -33 111 -34 11 -9 -10 -8 -1 -2 -4 -5 -14 -15 -7 -12 -13 -11 -65 -66 -72 -18 -19 -77 -78 -79 -23  }<hdr>{  }</hdr></items></format><options><beep>on</beep><hdr>normal</hdr><rem>normal</rem><stab>no</stab><stats>no<mean>no</mean><file>no</file><period>15</period></stats><excel>yes</excel><controls>yes</controls><comm>no</comm></options><datafile>"/User/stm-rartr1"</datafile><button><action>"Normal Log"<code>" LogOneObsManual "</code></action></button><autoprog>"/User/Configs/AutoProgs/AutoLog2"<active>no</active></autoprog></log></open>
<open><a2d><avgtime>4.0 secs</avgtime><userchans><ch20>"Off"</ch20><ch21>"Off"</ch21><ch22>"Off"</ch22><ch23>"Off"</ch23></userchans></a2d></open>
<open><matching><type>0</type><disp>'a'</disp><settings><CO2Limit>10.0</CO2Limit><H2OLimit>1.0</H2OLimit><MaxAutoTime>60</MaxAutoTime></settings></matching></open>
<li6400><factory><unit>"PSC-3840"</unit><serviced>"1 Jul 2013"</serviced><fuseaware>0</fuseaware><co2mixer>yes</co2mixer><co2><coeffs>{ 0 0.213319 2.22998e-05 2.13159e-08 -3.88664e-12 3.69888e-16  }</coeffs><dvdt>-4.7</dvdt><xs>{ 0.0009 -0.0002  }</xs></co2><h2o><coeffs>{ 0 0.00572751 2.23485e-06 -7.37877e-12  }</coeffs><dvdt>-1.7</dvdt><xs>{ 0.0009 -0.0028  }</xs></h2o><flow>{ 0 0.3568  }</flow><press>{ 88.437 0.00551  }</press></factory></li6400>
<li6400><user><flow_zero>-468.8</flow_zero><irga_zero><co2>429.7 390.6<at>17.6901</at></co2><h2o>78.1 156.2<at>17.1607</at></h2o></irga_zero><irga_span><co2>{ 0.99237 0.992833  }</co2><h2o>{ 1.00426 0.996799  }</h2o></irga_span><irga_match><co2>{ 0.368307 -0.962364  }</co2><h2o>{ 0.00477181 -0.0273101  }</h2o></irga_match><co2_mixer><pump_mv>4500</pump_mv><ppm>{ 2287.2 1080.71 423.89 257.488 117.195 68.0056 44.5242 37.9628  }</ppm><mv>{ 5000 3000 1500 1000 500 300 200 100  }</mv></co2_mixer><parin_offset>0</parin_offset><led_cal><unit>"SI-3781"</unit><mv>{ 10 25 50 100 1000 2000 3000 4000 5000  }</mv><qntm>{ 4.69642 15.4417 35.4805 82.2863 972.665 1922.29 2824.32 3690.14 4518.2  }</qntm></led_cal><lcf_cal><unit>"unknown"</unit><red><mv>{ 50 100 500 1000 1500 5000  }</mv><qntm>{ 50 100 500 1000 2000 5000  }</qntm></red><blue><mv>{ 100 200 500 1000 2000 5000  }</mv><qntm>{ 10 20 50 100 200 500  }</qntm></blue></lcf_cal></user></li6400>
"09:31:11 "
$STARTOFDATA$
"Obs"	"HHMMSS"	"FTime"	"EBal?"	"Photo"	"Cond"	"Ci"	"Trmmol"	"VpdL"	"CTleaf"	"Area"	"BLC_1"	"StmRat"	"BLCond"	"Tair"	"Tleaf"	"TBlk"	"CO2R"	"CO2S"	"H2OR"	"H2OS"	"RH_R"	"RH_S"	"Flow"	"PARi"	"PARo"	"Press"	"CsMch"	"HsMch"	"StableF"	"BLCslope"	"BLCoffst"	"f_parin"	"f_parout"	"alphaK"	"Status"
"09:35:55 Coolers: Tblock -> 5.49 C"
"09:37:21 Flow: Fixed -> 500 umol/s"
"09:38:41 Flow: Fixed -> 500 umol/s"
1	"09:38:55"	566.5	0	1.77	0.0982	361	1.27	0.971	11.36	6	1.42	1	2.84	7.86	11.36	5.52	401.52	398.79	3.644	5.164	25.01	35.45	500.0	1499	156	73.25	-3.46	0.258	0.7	-0.22	2.74	1.00	0.00	0.16	111115
2	"09:38:55"	566.5	0	1.77	0.0982	361	1.27	0.971	11.36	6	1.42	1	2.84	7.86	11.36	5.52	401.52	398.79	3.644	5.164	25.01	35.45	500.0	1499	156	73.25	-3.46	0.258	0.7	-0.22	2.74	1.00	0.00	0.16	111115
3	"09:38:56"	567.0	0	1.76	0.0982	361	1.27	0.971	11.36	6	1.42	1	2.84	7.86	11.36	5.52	401.48	398.76	3.643	5.164	25.01	35.45	500.0	1499	156	73.25	-3.46	0.258	0.7	-0.22	2.74	1.00	0.00	0.16	111115
4	"09:38:56"	567.5	0	1.71	0.0983	362	1.27	0.972	11.37	6	1.42	1	2.84	7.86	11.37	5.52	401.38	398.72	3.641	5.163	25.00	35.45	500.0	1499	156	73.25	-3.46	0.258	0.7	-0.22	2.74	1.00	0.00	0.16	111115
5	"09:38:57"	568.0	0	1.62	0.0981	363	1.27	0.972	11.36	6	1.42	1	2.84	7.86	11.36	5.52	401.26	398.70	3.642	5.161	25.00	35.44	500.0	1499	156	73.25	-3.46	0.258	0.7	-0.22	2.74	1.00	0.00	0.16	111115
6	"09:38:57"	568.5	0	1.53	0.0981	365	1.27	0.971	11.35	6	1.42	1	2.84	7.86	11.35	5.52	401.10	398.65	3.642	5.160	25.01	35.43	499.9	1499	156	73.25	-3.46	0.258	0.3	-0.22	2.74	1.00	0.00	0.16	111115
7	"09:38:58"	569.0	0	1.48	0.0982	366	1.27	0.971	11.35	6	1.42	1	2.84	7.86	11.35	5.52	400.96	398.57	3.641	5.160	25.00	35.43	499.9	1499	156	73.25	-3.46	0.258	0.7	-0.22	2.74	1.00	0.00	0.16	111115
8	"09:38:58"	569.5	0	1.47	0.0981	366	1.27	0.971	11.36	6	1.42	1	2.84	7.86	11.36	5.52	400.82	398.45	3.641	5.160	25.00	35.43	499.9	1499	156	73.25	-3.46	0.258	0.7	-0.22	2.74	1.00	0.00	0.16	111115
9	"09:38:59"	570.0	0	1.37	0.098	367	1.27	0.971	11.35	6	1.42	1	2.84	7.86	11.35	5.52	400.63	398.37	3.641	5.159	25.00	35.42	499.9	1499	156	73.25	-3.46	0.258	0.7	-0.22	2.74	1.00	0.00	0.16	111115
10	"09:38:59"	570.5	0	1.33	0.0982	368	1.27	0.97	11.34	6	1.42	1	2.84	7.86	11.34	5.52	400.47	398.27	3.640	5.158	24.99	35.41	499.9	1499	156	73.25	-3.46	0.258	0.7	-0.22	2.74	1.00	0.00	0.16	111115
11	"09:39:00"	571.0	0	1.28	0.0981	368	1.27	0.97	11.34	6	1.42	1	2.84	7.86	11.34	5.52	400.32	398.17	3.639	5.157	24.99	35.41	499.9	1499	156	73.25	-3.46	0.258	0.7	-0.22	2.74	1.00	0.00	0.16	111115
12	"09:39:00"	571.5	0	1.21	0.098	369	1.27	0.97	11.34	6	1.42	1	2.84	7.86	11.34	5.52	400.16	398.09	3.639	5.155	24.98	35.39	499.9	1499	156	73.25	-3.46	0.258	0.7	-0.22	2.74	1.00	0.00	0.16	111115
13	"09:39:01"	572.0	0	1.23	0.098	369	1.27	0.97	11.34	6	1.42	1	2.84	7.86	11.34	5.52	400.06	397.98	3.638	5.154	24.98	35.39	500.0	1499	156	73.25	-3.46	0.258	0.3	-0.22	2.74	1.00	0.00	0.16	111115
14	"09:39:01"	572.5	0	1.27	0.098	368	1.27	0.97	11.34	6	1.42	1	2.84	7.86	11.34	5.52	400.04	397.91	3.637	5.153	24.97	35.38	500.1	1499	156	73.25	-3.46	0.258	0.3	-0.22	2.74	1.00	0.00	0.16	111115
15	"09:39:02"	573.0	0	1.29	0.0979	368	1.27	0.97	11.34	6	1.42	1	2.84	7.86	11.34	5.52	400.00	397.84	3.638	5.151	24.97	35.37	500.1	1499	156	73.25	-3.46	0.258	0.3	-0.22	2.74	1.00	0.00	0.16	111115
"09:39:13 Coolers: Tblock -> 10.00 C"
"09:41:18 Flow: Fixed -> 500 umol/s"
"09:42:58 Flow: Fixed -> 500 umol/s"
"09:44:59 Flow: Fixed -> 500 umol/s"
16	"09:46:31"	1022.5	0	2.55	0.0759	333	1.15	1.12	13.89	6	1.42	1	2.84	11.54	13.89	10.01	400.55	396.94	5.093	6.460	27.33	34.66	499.9	1500	159	73.25	-3.75	0.262	1.0	-0.22	2.74	1.00	0.00	0.16	111115
17	"09:46:31"	1022.5	0	2.55	0.0759	333	1.15	1.12	13.89	6	1.42	1	2.84	11.54	13.89	10.01	400.55	396.94	5.093	6.460	27.33	34.66	499.9	1500	159	73.25	-3.75	0.262	1.0	-0.22	2.74	1.00	0.00	0.16	111115
18	"09:46:32"	1023.0	0	2.51	0.0759	334	1.15	1.12	13.89	6	1.42	1	2.84	11.53	13.89	10.01	400.53	396.97	5.093	6.460	27.33	34.66	499.9	1500	159	73.25	-3.75	0.262	1.0	-0.22	2.74	1.00	0.00	0.16	111115
19	"09:46:32"	1023.5	0	2.53	0.0759	333	1.15	1.12	13.89	6	1.42	1	2.84	11.53	13.89	10.01	400.52	396.93	5.093	6.460	27.33	34.67	499.9	1500	159	73.25	-3.75	0.262	1.0	-0.22	2.74	1.00	0.00	0.16	111115
20	"09:46:33"	1024.0	0	2.53	0.0758	333	1.14	1.12	13.89	6	1.42	1	2.84	11.53	13.89	10.01	400.51	396.93	5.093	6.458	27.33	34.66	499.9	1500	160	73.25	-3.75	0.262	1.0	-0.22	2.74	1.00	0.00	0.16	111115
21	"09:46:33"	1024.5	0	2.48	0.0758	334	1.14	1.12	13.88	6	1.42	1	2.84	11.53	13.88	10.01	400.48	396.96	5.093	6.458	27.33	34.65	499.9	1500	160	73.25	-3.75	0.262	1.0	-0.22	2.74	1.00	0.00	0.16	111115
22	"09:46:34"	1025.0	0	2.44	0.0759	335	1.15	1.12	13.88	6	1.42	1	2.84	11.53	13.88	10.01	400.47	397.00	5.093	6.459	27.33	34.66	499.9	1500	159	73.25	-3.75	0.262	1.0	-0.22	2.74	1.00	0.00	0.16	111115
23	"09:46:34"	1025.5	0	2.36	0.0757	337	1.14	1.12	13.89	6	1.42	1	2.84	11.54	13.89	10.01	400.42	397.05	5.093	6.457	27.33	34.65	499.9	1500	159	73.25	-3.75	0.262	1.0	-0.22	2.74	1.00	0.00	0.16	111115
24	"09:46:35"	1026.0	0	2.37	0.0758	337	1.14	1.12	13.89	6	1.42	1	2.84	11.53	13.89	10.01	400.41	397.03	5.092	6.457	27.33	34.65	499.9	1500	159	73.25	-3.75	0.262	1.0	-0.22	2.74	1.00	0.00	0.16	111115
25	"09:46:35"	1026.5	0	2.36	0.0759	337	1.15	1.12	13.89	6	1.42	1	2.84	11.53	13.89	10.01	400.42	397.04	5.092	6.458	27.33	34.66	499.9	1500	158	73.25	-3.75	0.262	1.0	-0.22	2.74	1.00	0.00	0.16	111115
26	"09:46:36"	1027.0	0	2.39	0.0758	336	1.14	1.12	13.89	6	1.42	1	2.84	11.53	13.89	10.01	400.42	397.01	5.092	6.457	27.33	34.65	499.9	1499	158	73.25	-3.75	0.262	1.0	-0.22	2.74	1.00	0.00	0.16	111115
27	"09:46:36"	1027.5	0	2.41	0.0758	336	1.15	1.12	13.89	6	1.42	1	2.84	11.53	13.89	10.01	400.45	397.02	5.091	6.457	27.32	34.65	499.9	1499	158	73.25	-3.75	0.262	1.0	-0.22	2.74	1.00	0.00	0.16	111115
28	"09:46:37"	1028.0	0	2.41	0.076	336	1.15	1.12	13.89	6	1.42	1	2.84	11.53	13.89	10.01	400.47	397.03	5.090	6.459	27.32	34.67	500.0	1499	158	73.25	-3.75	0.262	1.0	-0.22	2.74	1.00	0.00	0.16	111115
29	"09:46:37"	1028.5	0	2.45	0.0759	335	1.15	1.12	13.90	6	1.42	1	2.84	11.53	13.90	10.01	400.51	397.02	5.090	6.458	27.32	34.66	500.0	1499	158	73.25	-3.75	0.262	1.0	-0.22	2.74	1.00	0.00	0.16	111115
30	"09:46:38"	1029.0	0	2.53	0.0759	333	1.15	1.12	13.91	6	1.42	1	2.84	11.53	13.91	10.01	400.55	396.97	5.089	6.458	27.31	34.66	500.0	1499	158	73.25	-3.75	0.262	1.0	-0.22	2.74	1.00	0.00	0.16	111115
"09:46:45 Coolers: Tblock -> 15.00 C"
"09:50:04 Flow: Fixed -> 500 umol/s"
"09:51:43 Flow: Fixed -> 500 umol/s"
31	"09:52:17"	1368.5	0	2.81	0.062	312	1.09	1.29	17.05	6	1.42	1	2.84	15.87	17.05	15.09	399.90	396.00	7.743	9.036	31.34	36.58	499.9	1500	166	73.26	-4	0.265	1.0	-0.22	2.74	1.00	0.00	0.16	111115
32	"09:52:17"	1368.5	0	2.81	0.062	312	1.09	1.29	17.05	6	1.42	1	2.84	15.87	17.05	15.09	399.90	396.00	7.743	9.036	31.34	36.58	499.9	1500	166	73.26	-4	0.265	1.0	-0.22	2.74	1.00	0.00	0.16	111115
33	"09:52:18"	1369.0	0	2.9	0.0622	310	1.09	1.29	17.04	6	1.42	1	2.84	15.87	17.04	15.09	399.93	395.93	7.743	9.037	31.34	36.58	499.9	1500	165	73.26	-4	0.265	1.0	-0.22	2.74	1.00	0.00	0.16	111115
34	"09:52:18"	1369.5	0	2.91	0.0623	310	1.09	1.29	17.04	6	1.42	1	2.84	15.87	17.04	15.09	399.94	395.93	7.743	9.040	31.34	36.59	500.0	1500	165	73.26	-4	0.265	1.0	-0.22	2.74	1.00	0.00	0.16	111115
35	"09:52:19"	1370.0	0	2.89	0.0622	310	1.09	1.29	17.04	6	1.42	1	2.84	15.87	17.04	15.10	399.92	395.93	7.743	9.039	31.34	36.58	499.9	1500	165	73.26	-4	0.265	1.0	-0.22	2.74	1.00	0.00	0.16	111115
36	"09:52:19"	1370.5	0	2.91	0.0621	310	1.09	1.29	17.05	6	1.42	1	2.84	15.87	17.05	15.10	399.93	395.92	7.745	9.039	31.34	36.58	499.9	1500	165	73.26	-4	0.265	1.0	-0.22	2.74	1.00	0.00	0.16	111115
37	"09:52:20"	1371.0	0	2.89	0.0622	310	1.09	1.29	17.05	6	1.42	1	2.84	15.87	17.05	15.10	399.92	395.94	7.744	9.041	31.34	36.59	499.9	1500	165	73.26	-4	0.265	1.0	-0.22	2.74	1.00	0.00	0.16	111115
38	"09:52:20"	1371.5	0	2.88	0.0622	311	1.09	1.29	17.05	6	1.42	1	2.84	15.88	17.05	15.10	399.95	395.98	7.745	9.042	31.34	36.59	499.9	1500	165	73.26	-4	0.265	0.7	-0.22	2.74	1.00	0.00	0.16	111115
39	"09:52:21"	1372.0	0	2.98	0.062	308	1.09	1.29	17.05	6	1.42	1	2.84	15.87	17.05	15.10	400.00	395.91	7.745	9.039	31.34	36.58	499.9	1500	165	73.26	-4	0.265	1.0	-0.22	2.74	1.00	0.00	0.16	111115
40	"09:52:21"	1372.5	0	3	0.0623	307	1.09	1.29	17.06	6	1.42	1	2.84	15.88	17.06	15.10	400.03	395.91	7.744	9.043	31.34	36.59	499.9	1500	165	73.26	-4	0.265	1.0	-0.22	2.74	1.00	0.00	0.16	111115
41	"09:52:22"	1373.0	0	2.93	0.062	309	1.09	1.29	17.06	6	1.42	1	2.84	15.88	17.06	15.10	400.03	395.99	7.745	9.038	31.34	36.58	499.9	1500	165	73.26	-4	0.265	1.0	-0.22	2.74	1.00	0.00	0.16	111115
42	"09:52:22"	1373.5	0	3.02	0.0619	306	1.09	1.29	17.06	6	1.42	1	2.84	15.88	17.06	15.10	400.07	395.93	7.745	9.037	31.34	36.57	499.9	1500	165	73.25	-4	0.265	1.0	-0.22	2.74	1.00	0.00	0.16	111115
43	"09:52:23"	1374.0	0	3.09	0.0622	305	1.09	1.29	17.06	6	1.42	1	2.84	15.88	17.06	15.10	400.16	395.93	7.743	9.041	31.33	36.58	500.0	1500	165	73.26	-4	0.265	1.0	-0.22	2.74	1.00	0.00	0.16	111115
44	"09:52:23"	1374.5	0	3.05	0.0622	306	1.09	1.29	17.06	6	1.42	1	2.84	15.88	17.06	15.10	400.17	395.98	7.742	9.040	31.33	36.58	500.0	1500	165	73.26	-4	0.265	1.0	-0.22	2.74	1.00	0.00	0.16	111115
45	"09:52:24"	1375.0	0	3.08	0.062	305	1.09	1.29	17.06	6	1.42	1	2.84	15.88	17.06	15.10	400.18	395.96	7.743	9.037	31.33	36.56	500.0	1500	165	73.26	-4	0.265	1.0	-0.22	2.74	1.00	0.00	0.16	111115
"09:52:31 Coolers: Tblock -> 20.00 C"
"09:55:14 Flow: Fixed -> 500 umol/s"
"09:57:15 Flow: Fixed -> 500 umol/s"
46	"09:57:24"	1675.0	0	3.26	0.0489	276	1.03	1.54	20.01	6	1.42	1	2.84	20.05	20.01	19.98	400.18	395.78	9.850	11.075	30.65	34.46	500.0	1501	162	73.26	-4.17	0.251	1.0	-0.22	2.74	1.00	0.00	0.16	111115
47	"09:57:24"	1675.0	0	3.26	0.0489	276	1.03	1.54	20.01	6	1.42	1	2.84	20.05	20.01	19.98	400.18	395.78	9.850	11.075	30.65	34.46	500.0	1501	162	73.26	-4.17	0.251	1.0	-0.22	2.74	1.00	0.00	0.16	111115
48	"09:57:24"	1675.5	0	3.28	0.0489	275	1.03	1.54	20.01	6	1.42	1	2.84	20.05	20.01	19.98	400.19	395.76	9.850	11.075	30.65	34.46	500.0	1501	162	73.26	-4.17	0.251	1.0	-0.22	2.74	1.00	0.00	0.16	111115
49	"09:57:25"	1676.0	0	3.3	0.049	275	1.03	1.54	20.01	6	1.42	1	2.84	20.06	20.01	19.98	400.20	395.75	9.850	11.076	30.64	34.46	499.9	1501	163	73.26	-4.17	0.251	1.0	-0.22	2.74	1.00	0.00	0.16	111115
50	"09:57:25"	1676.5	0	3.31	0.0489	274	1.03	1.54	20.02	6	1.42	1	2.84	20.06	20.02	19.98	400.22	395.75	9.850	11.076	30.64	34.45	499.9	1501	163	73.26	-4.17	0.251	1.0	-0.22	2.74	1.00	0.00	0.16	111115
51	"09:57:26"	1677.0	0	3.27	0.0489	276	1.03	1.54	20.02	6	1.42	1	2.84	20.06	20.02	19.98	400.19	395.77	9.850	11.075	30.64	34.45	499.9	1501	163	73.26	-4.17	0.251	1.0	-0.22	2.74	1.00	0.00	0.16	111115
52	"09:57:27"	1677.5	0	3.29	0.0489	275	1.03	1.54	20.02	6	1.42	1	2.84	20.06	20.02	19.98	400.21	395.77	9.851	11.074	30.64	34.45	499.9	1501	163	73.26	-4.17	0.251	1.0	-0.22	2.74	1.00	0.00	0.16	111115
53	"09:57:27"	1678.0	0	3.35	0.0488	273	1.03	1.54	20.02	6	1.42	1	2.84	20.06	20.02	19.98	400.24	395.73	9.851	11.074	30.64	34.44	499.9	1501	163	73.26	-4.17	0.251	1.0	-0.22	2.74	1.00	0.00	0.16	111115
54	"09:57:28"	1678.5	0	3.35	0.0488	273	1.03	1.54	20.02	6	1.42	1	2.84	20.06	20.02	19.98	400.24	395.73	9.852	11.074	30.64	34.44	499.9	1501	163	73.26	-4.17	0.251	1.0	-0.22	2.74	1.00	0.00	0.16	111115
55	"09:57:28"	1679.0	0	3.37	0.0489	272	1.03	1.54	20.02	6	1.42	1	2.84	20.06	20.02	19.98	400.25	395.71	9.851	11.074	30.64	34.44	499.9	1501	163	73.26	-4.17	0.251	1.0	-0.22	2.74	1.00	0.00	0.16	111115
56	"09:57:29"	1679.5	0	3.33	0.0489	274	1.03	1.54	20.02	6	1.42	1	2.84	20.06	20.02	19.98	400.23	395.74	9.852	11.075	30.64	34.44	500.0	1501	163	73.26	-4.17	0.251	1.0	-0.22	2.74	1.00	0.00	0.16	111115
57	"09:57:29"	1680.0	0	3.31	0.0488	274	1.03	1.54	20.02	6	1.42	1	2.84	20.06	20.02	19.98	400.24	395.77	9.851	11.074	30.64	34.44	500.0	1501	163	73.26	-4.17	0.251	1.0	-0.22	2.74	1.00	0.00	0.16	111115
58	"09:57:30"	1680.5	0	3.3	0.0489	275	1.03	1.54	20.02	6	1.42	1	2.84	20.06	20.02	19.98	400.25	395.80	9.851	11.075	30.63	34.44	500.0	1501	163	73.26	-4.17	0.251	1.0	-0.22	2.74	1.00	0.00	0.16	111115
59	"09:57:30"	1681.0	0	3.34	0.0489	274	1.03	1.54	20.03	6	1.42	1	2.84	20.06	20.03	19.98	400.29	395.80	9.851	11.076	30.63	34.44	500.0	1501	163	73.26	-4.17	0.251	1.0	-0.22	2.74	1.00	0.00	0.16	111115
60	"09:57:31"	1681.5	0	3.32	0.0489	274	1.03	1.54	20.03	6	1.42	1	2.84	20.06	20.03	19.98	400.27	395.80	9.851	11.076	30.63	34.44	500.0	1501	163	73.26	-4.17	0.251	1.0	-0.22	2.74	1.00	0.00	0.16	111115
"09:57:37 Coolers: Tblock -> 25.00 C"
"10:02:56 Flow: Fixed -> 500 umol/s"
61	"10:03:39"	2050.5	0	3.12	0.0352	240	0.876	1.8	23.43	6	1.42	1	2.84	24.52	23.43	25.04	399.74	395.59	13.956	14.992	33.09	35.55	499.9	1501	175	73.26	-3.83	0.224	1.0	-0.22	2.74	1.00	0.00	0.16	111115
62	"10:03:40"	2051.0	0	3.11	0.0353	240	0.878	1.8	23.43	6	1.42	1	2.84	24.52	23.43	25.04	399.74	395.59	13.957	14.995	33.10	35.56	499.9	1501	175	73.26	-3.83	0.224	1.0	-0.22	2.74	1.00	0.00	0.16	111115
63	"10:03:40"	2051.0	0	3.11	0.0353	240	0.878	1.8	23.43	6	1.42	1	2.84	24.52	23.43	25.04	399.74	395.59	13.957	14.995	33.10	35.56	499.9	1501	175	73.26	-3.83	0.224	1.0	-0.22	2.74	1.00	0.00	0.16	111115
64	"10:03:40"	2051.5	0	3.16	0.0352	238	0.876	1.8	23.43	6	1.42	1	2.84	24.52	23.43	25.04	399.75	395.54	13.961	14.996	33.10	35.56	499.9	1501	175	73.26	-3.83	0.224	1.0	-0.22	2.74	1.00	0.00	0.16	111115
65	"10:03:41"	2052.0	0	3.13	0.0353	239	0.878	1.8	23.43	6	1.42	1	2.84	24.52	23.43	25.04	399.73	395.55	13.962	14.999	33.10	35.56	499.9	1501	175	73.26	-3.83	0.224	1.0	-0.22	2.74	1.00	0.00	0.16	111115
66	"10:03:41"	2052.5	0	3.12	0.0354	240	0.88	1.79	23.43	6	1.42	1	2.84	24.52	23.43	25.05	399.72	395.55	13.963	15.004	33.10	35.57	499.9	1501	175	73.26	-3.83	0.224	1.0	-0.22	2.74	1.00	0.00	0.16	111115
67	"10:03:42"	2053.0	0	3.13	0.0354	240	0.881	1.79	23.43	6	1.42	1	2.84	24.52	23.43	25.05	399.71	395.53	13.965	15.006	33.11	35.58	499.9	1501	175	73.26	-3.83	0.224	1.0	-0.22	2.74	1.00	0.00	0.16	111115
68	"10:03:43"	2053.5	0	3.09	0.0354	241	0.881	1.79	23.43	6	1.42	1	2.84	24.52	23.43	25.05	399.69	395.56	13.967	15.008	33.11	35.58	499.9	1501	175	73.26	-3.83	0.224	1.0	-0.22	2.74	1.00	0.00	0.16	111115
69	"10:03:43"	2054.0	0	3.07	0.0354	243	0.881	1.8	23.43	6	1.42	1	2.84	24.52	23.43	25.05	399.69	395.59	13.969	15.011	33.11	35.58	499.9	1501	175	73.26	-3.83	0.224	1.0	-0.22	2.74	1.00	0.00	0.16	111115
70	"10:03:44"	2054.5	0	3.03	0.0355	245	0.882	1.8	23.44	6	1.42	1	2.84	24.52	23.44	25.05	399.66	395.61	13.971	15.014	33.12	35.59	499.9	1501	175	73.26	-3.83	0.224	1.0	-0.22	2.74	1.00	0.00	0.16	111115
71	"10:03:44"	2055.0	0	3.03	0.0355	245	0.883	1.8	23.44	6	1.42	1	2.84	24.53	23.44	25.05	399.68	395.63	13.973	15.018	33.12	35.59	499.9	1501	175	73.26	-3.83	0.224	1.0	-0.22	2.74	1.00	0.00	0.16	111115
72	"10:03:45"	2055.5	0	3.05	0.0355	244	0.883	1.8	23.45	6	1.42	1	2.84	24.53	23.45	25.05	399.71	395.63	13.974	15.018	33.12	35.59	500.0	1501	175	73.26	-3.83	0.224	1.0	-0.22	2.74	1.00	0.00	0.16	111115
73	"10:03:45"	2056.0	0	3.03	0.0354	244	0.883	1.8	23.45	6	1.42	1	2.84	24.53	23.45	25.05	399.71	395.65	13.975	15.019	33.12	35.59	500.0	1501	175	73.26	-3.83	0.224	1.0	-0.22	2.74	1.00	0.00	0.16	111115
74	"10:03:46"	2056.5	0	3.05	0.0353	243	0.881	1.8	23.46	6	1.42	1	2.84	24.53	23.46	25.05	399.72	395.64	13.978	15.019	33.12	35.59	500.0	1501	175	73.26	-3.83	0.224	1.0	-0.22	2.74	1.00	0.00	0.16	111115
75	"10:03:46"	2057.0	0	3.05	0.0354	244	0.883	1.8	23.47	6	1.42	1	2.84	24.53	23.47	25.05	399.71	395.63	13.978	15.021	33.12	35.59	500.0	1501	175	73.26	-3.83	0.224	1.0	-0.22	2.74	1.00	0.00	0.16	111115
"10:03:53 Coolers: Tblock -> 30.00 C"
"10:07:26 Flow: Fixed -> 500 umol/s"
"10:10:42 Flow: Fixed -> 500 umol/s"
76	"10:12:07"	2558.5	0	3.51	0.037	227	1.11	2.16	27.17	6	1.42	1	2.84	29.14	27.17	30.13	399.95	395.21	18.599	19.909	33.60	35.97	499.9	1501	181	73.26	-3.66	0.17	1.0	-0.22	2.74	1.00	0.00	0.16	111115
77	"10:12:07"	2558.5	0	3.51	0.037	227	1.11	2.16	27.17	6	1.42	1	2.84	29.14	27.17	30.13	399.95	395.21	18.599	19.909	33.60	35.97	499.9	1501	181	73.26	-3.66	0.17	1.0	-0.22	2.74	1.00	0.00	0.16	111115
78	"10:12:08"	2559.0	0	3.55	0.037	225	1.11	2.16	27.16	6	1.42	1	2.84	29.14	27.16	30.13	399.96	395.17	18.600	19.908	33.60	35.97	499.9	1501	181	73.26	-3.66	0.17	1.0	-0.22	2.74	1.00	0.00	0.16	111115
79	"10:12:09"	2559.5	0	3.53	0.037	226	1.11	2.15	27.16	6	1.42	1	2.84	29.14	27.16	30.13	399.98	395.22	18.599	19.909	33.60	35.97	499.9	1501	181	73.26	-3.66	0.17	1.0	-0.22	2.74	1.00	0.00	0.16	111115
80	"10:12:09"	2560.0	0	3.57	0.037	224	1.11	2.15	27.16	6	1.42	1	2.84	29.14	27.16	30.13	399.97	395.16	18.599	19.909	33.60	35.97	499.9	1501	181	73.26	-3.66	0.17	1.0	-0.22	2.74	1.00	0.00	0.16	111115
81	"10:12:10"	2560.5	0	3.56	0.037	225	1.11	2.15	27.15	6	1.42	1	2.84	29.14	27.15	30.13	400.00	395.20	18.600	19.908	33.60	35.97	499.9	1501	181	73.26	-3.66	0.17	1.0	-0.22	2.74	1.00	0.00	0.16	111115
82	"10:12:10"	2561.0	0	3.58	0.0371	224	1.12	2.15	27.15	6	1.42	1	2.84	29.14	27.15	30.13	400.02	395.19	18.599	19.911	33.60	35.97	499.9	1501	181	73.26	-3.66	0.17	1.0	-0.22	2.74	1.00	0.00	0.16	111115
83	"10:12:11"	2561.5	0	3.57	0.0371	225	1.12	2.15	27.15	6	1.42	1	2.84	29.14	27.15	30.13	400.03	395.22	18.600	19.912	33.60	35.97	499.9	1501	181	73.26	-3.66	0.17	1.0	-0.22	2.74	1.00	0.00	0.16	111115
84	"10:12:11"	2562.0	0	3.56	0.0372	225	1.12	2.15	27.14	6	1.42	1	2.84	29.14	27.14	30.13	400.01	395.21	18.600	19.913	33.60	35.97	499.9	1501	181	73.26	-3.66	0.17	1.0	-0.22	2.74	1.00	0.00	0.16	111115
85	"10:12:12"	2562.5	0	3.53	0.0372	227	1.12	2.15	27.14	6	1.42	1	2.84	29.14	27.14	30.13	399.98	395.22	18.600	19.914	33.60	35.97	499.9	1501	181	73.26	-3.66	0.17	1.0	-0.22	2.74	1.00	0.00	0.16	111115
86	"10:12:12"	2563.0	0	3.5	0.0373	228	1.12	2.15	27.13	6	1.42	1	2.84	29.14	27.13	30.13	399.96	395.23	18.600	19.914	33.60	35.97	499.9	1501	181	73.26	-3.66	0.17	1.0	-0.22	2.74	1.00	0.00	0.16	111115
87	"10:12:13"	2563.5	0	3.5	0.0373	228	1.12	2.15	27.13	6	1.42	1	2.84	29.15	27.13	30.13	399.94	395.21	18.601	19.915	33.60	35.97	499.9	1501	181	73.26	-3.66	0.17	1.0	-0.22	2.74	1.00	0.00	0.16	111115
88	"10:12:13"	2564.0	0	3.47	0.0373	230	1.12	2.15	27.12	6	1.42	1	2.84	29.15	27.12	30.13	399.92	395.23	18.600	19.914	33.60	35.97	499.9	1501	181	73.26	-3.66	0.17	1.0	-0.22	2.74	1.00	0.00	0.16	111115
89	"10:12:14"	2564.5	0	3.48	0.0374	229	1.12	2.15	27.12	6	1.42	1	2.84	29.15	27.12	30.13	399.92	395.21	18.600	19.916	33.60	35.98	499.9	1501	181	73.26	-3.66	0.17	1.0	-0.22	2.74	1.00	0.00	0.16	111115
90	"10:12:14"	2565.0	0	3.46	0.0373	230	1.12	2.15	27.12	6	1.42	1	2.84	29.15	27.12	30.13	399.93	395.24	18.601	19.915	33.60	35.97	499.9	1501	181	73.26	-3.66	0.17	1.0	-0.22	2.74	1.00	0.00	0.16	111115
"10:12:21 Coolers: Tblock -> 35.00 C"
"10:19:09 Flow: Fixed -> 500 umol/s"
"10:21:37 Flow: Fixed -> 500 umol/s"
"10:23:06 Flow: Fixed -> 500 umol/s"
91	"10:23:37"	3248.0	0	3.26	0.0346	226	1.29	2.64	30.83	6	1.42	1	2.84	33.62	30.83	35.01	401.45	396.92	23.485	24.990	32.89	34.99	499.8	1500	193	73.26	-3.07	0.109	1.0	-0.22	2.74	1.00	0.00	0.16	111115
92	"10:23:38"	3248.5	0	3.25	0.0346	226	1.29	2.64	30.84	6	1.42	1	2.84	33.62	30.84	35.01	401.46	396.95	23.484	24.989	32.88	34.99	499.8	1500	193	73.26	-3.07	0.109	1.0	-0.22	2.74	1.00	0.00	0.16	111115
93	"10:23:38"	3248.5	0	3.25	0.0346	226	1.29	2.64	30.84	6	1.42	1	2.84	33.62	30.84	35.01	401.46	396.95	23.484	24.989	32.88	34.99	499.8	1500	193	73.26	-3.07	0.109	1.0	-0.22	2.74	1.00	0.00	0.16	111115
94	"10:23:39"	3249.0	0	3.21	0.0345	228	1.29	2.64	30.85	6	1.42	1	2.84	33.62	30.85	35.01	401.46	396.99	23.482	24.987	32.88	34.99	499.8	1500	193	73.26	-3.07	0.109	1.0	-0.22	2.74	1.00	0.00	0.16	111115
95	"10:23:39"	3249.5	0	3.13	0.0346	232	1.29	2.64	30.85	6	1.42	1	2.84	33.62	30.85	35.01	401.45	397.07	23.480	24.986	32.88	34.99	499.8	1500	193	73.26	-3.07	0.109	0.7	-0.22	2.74	1.00	0.00	0.16	111115
96	"10:23:40"	3250.0	0	3.08	0.0346	234	1.29	2.64	30.84	6	1.42	1	2.84	33.63	30.84	35.01	401.44	397.13	23.479	24.987	32.87	34.99	499.8	1500	193	73.26	-3.07	0.109	0.7	-0.22	2.74	1.00	0.00	0.16	111115
97	"10:23:40"	3250.5	0	2.97	0.0345	239	1.28	2.64	30.84	6	1.42	1	2.84	33.63	30.84	35.01	401.43	397.25	23.480	24.984	32.88	34.98	499.8	1500	193	73.26	-3.07	0.109	0.7	-0.22	2.74	1.00	0.00	0.16	111115
98	"10:23:41"	3251.0	0	2.91	0.0344	241	1.28	2.64	30.83	6	1.42	1	2.84	33.63	30.83	35.01	401.40	397.29	23.483	24.980	32.88	34.98	499.8	1500	193	73.26	-3.07	0.109	0.7	-0.22	2.74	1.00	0.00	0.16	111115
99	"10:23:41"	3251.5	0	2.87	0.0344	243	1.28	2.64	30.82	6	1.42	1	2.84	33.63	30.82	35.01	401.37	397.32	23.484	24.980	32.88	34.97	499.8	1500	193	73.26	-3.07	0.109	0.7	-0.22	2.74	1.00	0.00	0.16	111115
100	"10:23:42"	3252.0	0	2.87	0.0343	243	1.27	2.63	30.82	6	1.42	1	2.84	33.63	30.82	35.01	401.38	397.33	23.487	24.980	32.88	34.97	499.8	1500	193	73.26	-3.07	0.109	0.7	-0.22	2.74	1.00	0.00	0.16	111115
101	"10:23:42"	3252.5	0	2.83	0.0343	245	1.27	2.63	30.81	6	1.42	1	2.84	33.63	30.81	35.01	401.38	397.38	23.489	24.979	32.88	34.97	499.8	1500	193	73.26	-3.07	0.109	0.7	-0.22	2.74	1.00	0.00	0.16	111115
102	"10:23:43"	3253.0	0	2.84	0.0342	244	1.27	2.63	30.80	6	1.42	1	2.84	33.63	30.80	35.01	401.38	397.36	23.491	24.976	32.89	34.97	499.8	1500	193	73.26	-3.07	0.109	0.7	-0.22	2.74	1.00	0.00	0.16	111115
103	"10:23:43"	3253.5	0	2.9	0.0342	241	1.27	2.63	30.80	6	1.42	1	2.84	33.63	30.80	35.02	401.42	397.34	23.495	24.978	32.89	34.97	499.8	1500	193	73.26	-3.07	0.109	0.7	-0.22	2.74	1.00	0.00	0.16	111115
104	"10:23:44"	3254.0	0	2.9	0.034	240	1.26	2.63	30.80	6	1.42	1	2.84	33.63	30.80	35.02	401.43	397.34	23.499	24.976	32.90	34.96	499.8	1500	193	73.26	-3.07	0.109	0.7	-0.22	2.74	1.00	0.00	0.16	111115
105	"10:23:44"	3254.5	0	3.06	0.034	233	1.26	2.63	30.80	6	1.42	1	2.84	33.63	30.80	35.02	401.48	397.22	23.502	24.976	32.90	34.96	499.8	1500	193	73.26	-3.07	0.109	0.7	-0.22	2.74	1.00	0.00	0.16	111115
"10:23:50 Coolers: Tblock -> 40.00 C"
"10:30:40 Flow: Fixed -> 500 umol/s"
"10:31:04 Flow: Fixed -> 500 umol/s"
"10:32:01 Flow: Fixed -> 500 umol/s"
"10:32:36 Flow: Fixed -> 500 umol/s"
106	"10:33:01"	3813.0	0	2.5	0.0313	245	1.3	2.92	33.49	6	1.42	1	2.84	37.92	33.49	40.08	398.30	394.69	29.501	31.014	32.61	34.29	499.9	1500	195	73.26	-2.88	0.0326	1.0	-0.22	2.74	1.00	0.00	0.16	111115
107	"10:33:02"	3813.0	0	2.5	0.0313	245	1.3	2.92	33.49	6	1.42	1	2.84	37.92	33.49	40.08	398.30	394.69	29.501	31.014	32.61	34.29	499.9	1500	195	73.26	-2.88	0.0326	1.0	-0.22	2.74	1.00	0.00	0.16	111115
108	"10:33:02"	3813.0	0	2.5	0.0313	245	1.3	2.92	33.49	6	1.42	1	2.84	37.92	33.49	40.08	398.30	394.69	29.501	31.014	32.61	34.29	499.9	1500	195	73.26	-2.88	0.0326	1.0	-0.22	2.74	1.00	0.00	0.16	111115
109	"10:33:03"	3813.5	0	2.49	0.0313	245	1.3	2.92	33.48	6	1.42	1	2.84	37.92	33.48	40.08	398.28	394.68	29.503	31.016	32.61	34.29	499.9	1500	196	73.26	-2.88	0.0326	1.0	-0.22	2.74	1.00	0.00	0.16	111115
110	"10:33:03"	3814.0	0	2.48	0.0313	246	1.3	2.92	33.49	6	1.42	1	2.84	37.92	33.49	40.08	398.26	394.67	29.505	31.019	32.62	34.29	499.9	1500	197	73.26	-2.88	0.0326	1.0	-0.22	2.74	1.00	0.00	0.16	111115
111	"10:33:04"	3814.5	0	2.48	0.0314	246	1.3	2.92	33.47	6	1.42	1	2.84	37.92	33.47	40.08	398.26	394.67	29.507	31.021	32.62	34.29	499.9	1500	198	73.26	-2.88	0.0326	1.0	-0.22	2.74	1.00	0.00	0.16	111115
112	"10:33:04"	3815.0	0	2.54	0.0314	243	1.3	2.92	33.47	6	1.42	1	2.84	37.92	33.47	40.08	398.31	394.64	29.509	31.024	32.62	34.30	499.9	1500	198	73.26	-2.88	0.0326	1.0	-0.22	2.74	1.00	0.00	0.16	111115
113	"10:33:05"	3815.5	0	2.6	0.0315	240	1.3	2.92	33.48	6	1.42	1	2.84	37.92	33.48	40.08	398.36	394.63	29.511	31.029	32.62	34.30	499.9	1500	198	73.26	-2.88	0.0326	1.0	-0.22	2.74	1.00	0.00	0.16	111115
114	"10:33:05"	3816.0	0	2.62	0.0315	239	1.31	2.92	33.48	6	1.42	1	2.84	37.92	33.48	40.08	398.36	394.60	29.512	31.031	32.62	34.30	499.9	1500	199	73.26	-2.88	0.0326	1.0	-0.22	2.74	1.00	0.00	0.16	111115
115	"10:33:06"	3816.5	0	2.59	0.0315	241	1.31	2.92	33.48	6	1.42	1	2.84	37.92	33.48	40.08	398.34	394.61	29.512	31.034	32.62	34.31	499.9	1500	200	73.26	-2.88	0.0326	1.0	-0.22	2.74	1.00	0.00	0.16	111115
116	"10:33:06"	3817.0	0	2.58	0.0316	241	1.31	2.92	33.48	6	1.42	1	2.84	37.92	33.48	40.09	398.33	394.61	29.513	31.036	32.62	34.31	499.9	1500	200	73.26	-2.88	0.0326	1.0	-0.22	2.74	1.00	0.00	0.16	111115
117	"10:33:07"	3817.5	0	2.61	0.0316	240	1.31	2.92	33.49	6	1.42	1	2.84	37.92	33.49	40.09	398.35	394.59	29.515	31.040	32.63	34.31	499.9	1500	200	73.26	-2.88	0.0326	1.0	-0.22	2.74	1.00	0.00	0.16	111115
118	"10:33:07"	3818.5	0	2.68	0.0315	236	1.31	2.92	33.50	6	1.42	1	2.84	37.92	33.50	40.09	398.38	394.54	29.519	31.043	32.63	34.32	499.9	1500	197	73.26	-2.88	0.0326	1.0	-0.22	2.74	1.00	0.00	0.16	111115
119	"10:33:08"	3819.0	0	2.65	0.0315	237	1.31	2.92	33.50	6	1.42	1	2.84	37.91	33.50	40.09	398.36	394.56	29.521	31.042	32.64	34.32	499.9	1500	197	73.26	-2.88	0.0326	1.0	-0.22	2.74	1.00	0.00	0.16	111115
120	"10:33:08"	3819.5	0	2.65	0.0315	237	1.31	2.92	33.49	6	1.42	1	2.84	37.91	33.49	40.09	398.40	394.60	29.523	31.042	32.64	34.32	499.9	1500	197	73.26	-2.88	0.0326	1.0	-0.22	2.74	1.00	0.00	0.16	111115
"10:33:15 Coolers: Tblock -> 45.00 C"
