"OPEN 6.2.4"
"Fri Jun 26 2015 12:10:30"
<open><version>"6.2.4"</version></open>
<open><configfile>"/User/Configs/UserPrefs/2x3 LED.xml"</configfile></open>
<open><light><source>"6400-02 or -02B LED Source"</source><par_in>1<sensor>"SI-3781"<cal>-0.93<actinity>1.00</actinity><transm>1.00</transm></cal></sensor><transm>1</transm></par_in><par_out>1<sensor>"Q49599"<cal>7.26</cal></sensor></par_out></light></open>
<open><comps><file>"/User/Configs/Comps/StdComps_6.2"<header>""</header><extras></extras></file><energybal>no<f_parIn>1</f_parIn><f_parOut>0</f_parOut><alphaK>0.16</alphaK></energybal><bc_total>2.840<stomatal_ratio>1</stomatal_ratio><bc_oneside>1.420<type>2</type><table>"/Sys/Lib/StdBLCTable"</table><area>6</area><slope>-0.219565</slope><offset>2.73739</offset><fan>5</fan></bc_oneside></bc_total></comps></open>
<open><prompts><onlog>off</onlog><items>"Default (none)"</items></prompts></open>
<open><constants><oxygen>21 %</oxygen><bb_vapor>1.5</bb_vapor><bb_oxy>0.9</bb_oxy></constants></open>
<open><stability><items>"Std Stability"<items[1]><id>-2</id><size>15</size><pcv><onoff>0</onoff><value>1</value></pcv><std><onoff>0</onoff><value>1</value></std><slp><onoff>1</onoff><value>1</value></slp></items[1]><items[2]><id>-5</id><size>15</size><pcv><onoff>0</onoff><value>1</value></pcv><std><onoff>0</onoff><value>1</value></std><slp><onoff>1</onoff><value>1</value></slp></items[2]><items[3]><id>-7</id><size>15</size><pcv><onoff>0</onoff><value>1</value></pcv><std><onoff>0</onoff><value>1</value></std><slp><onoff>1</onoff><value>1</value></slp></items[3]></items></stability></open>
<open><log><format>"StdLogFmt_6.0"<items>{ -35 -21 -36 -76 30 23 36 21 25 221 -33 111 -34 11 -9 -10 -8 -1 -2 -4 -5 -14 -15 -7 -12 -13 -11 -65 -66 -72 -18 -19 -77 -78 -79 -23  }<hdr>{  }</hdr></items></format><options><beep>on</beep><hdr>normal</hdr><rem>normal</rem><stab>no</stab><stats>no<mean>no</mean><file>no</file><period>15</period></stats><excel>yes</excel><controls>yes</controls><comm>no</comm></options><datafile>"/User/stm-rvaoc4"</datafile><button><action>"Normal Log"<code>" LogOneObsManual "</code></action></button><autoprog>"/User/Configs/AutoProgs/AutoLog2"<active>no</active></autoprog></log></open>
<open><a2d><avgtime>4.0 secs</avgtime><userchans><ch20>"Off"</ch20><ch21>"Off"</ch21><ch22>"Off"</ch22><ch23>"Off"</ch23></userchans></a2d></open>
<open><matching><type>0</type><disp>'a'</disp><settings><CO2Limit>10.0</CO2Limit><H2OLimit>1.0</H2OLimit><MaxAutoTime>60</MaxAutoTime></settings></matching></open>
<li6400><factory><unit>"PSC-3840"</unit><serviced>"1 Jul 2013"</serviced><fuseaware>0</fuseaware><co2mixer>yes</co2mixer><co2><coeffs>{ 0 0.213319 2.22998e-05 2.13159e-08 -3.88664e-12 3.69888e-16  }</coeffs><dvdt>-4.7</dvdt><xs>{ 0.0009 -0.0002  }</xs></co2><h2o><coeffs>{ 0 0.00572751 2.23485e-06 -7.37877e-12  }</coeffs><dvdt>-1.7</dvdt><xs>{ 0.0009 -0.0028  }</xs></h2o><flow>{ 0 0.3568  }</flow><press>{ 88.437 0.00551  }</press></factory></li6400>
<li6400><user><flow_zero>-468.8</flow_zero><irga_zero><co2>429.7 390.6<at>17.6901</at></co2><h2o>78.1 156.2<at>17.1607</at></h2o></irga_zero><irga_span><co2>{ 0.99237 0.992833  }</co2><h2o>{ 1.00426 0.996799  }</h2o></irga_span><irga_match><co2>{ 0.368307 0.838536  }</co2><h2o>{ 0.00477181 -0.0890409  }</h2o></irga_match><co2_mixer><pump_mv>4500</pump_mv><ppm>{ 2287.2 1080.71 423.89 257.488 117.195 68.0056 44.5242 37.9628  }</ppm><mv>{ 5000 3000 1500 1000 500 300 200 100  }</mv></co2_mixer><parin_offset>0</parin_offset><led_cal><unit>"SI-3781"</unit><mv>{ 10 25 50 100 1000 2000 3000 4000 5000  }</mv><qntm>{ 4.69642 15.4417 35.4805 82.2863 972.665 1922.29 2824.32 3690.14 4518.2  }</qntm></led_cal><lcf_cal><unit>"unknown"</unit><red><mv>{ 50 100 500 1000 1500 5000  }</mv><qntm>{ 50 100 500 1000 2000 5000  }</qntm></red><blue><mv>{ 100 200 500 1000 2000 5000  }</mv><qntm>{ 10 20 50 100 200 500  }</qntm></blue></lcf_cal></user></li6400>
"12:10:30 "
$STARTOFDATA$
"Obs"	"HHMMSS"	"FTime"	"EBal?"	"Photo"	"Cond"	"Ci"	"Trmmol"	"VpdL"	"CTleaf"	"Area"	"BLC_1"	"StmRat"	"BLCond"	"Tair"	"Tleaf"	"TBlk"	"CO2R"	"CO2S"	"H2OR"	"H2OS"	"RH_R"	"RH_S"	"Flow"	"PARi"	"PARo"	"Press"	"CsMch"	"HsMch"	"StableF"	"BLCslope"	"BLCoffst"	"f_parin"	"f_parout"	"alphaK"	"Status"
"12:11:53 CO2 Mixer: CO2R -> 400 uml"
"12:12:03 Coolers: Tblock -> 0.00 C"
"12:12:11 Lamp: ParIn ->  1500 uml"
"12:26:49 Coolers: Tblock -> 16.88 C"
"12:29:25 Flow: Fixed -> 500 umol/s"
"12:30:44 Flow: Fixed -> 500 umol/s"
1	"12:31:19"	1298.0	0	13.3	0.136	207	3.75	2.07	23.29	6	1.42	1	2.84	18.88	23.29	16.83	400.57	382.92	6.502	10.956	21.77	36.68	499.9	1501	153	73.29	1.03	0.347	1.0	-0.22	2.74	1.00	0.00	0.16	111115
2	"12:31:19"	1298.5	0	13.3	0.136	207	3.75	2.07	23.29	6	1.42	1	2.84	18.88	23.29	16.83	400.59	382.92	6.502	10.958	21.77	36.69	499.9	1501	153	73.29	1.03	0.347	1.0	-0.22	2.74	1.00	0.00	0.16	111115
3	"12:31:20"	1298.5	0	13.3	0.136	207	3.75	2.07	23.29	6	1.42	1	2.84	18.88	23.29	16.83	400.59	382.92	6.502	10.958	21.77	36.69	499.9	1501	153	73.29	1.03	0.347	1.0	-0.22	2.74	1.00	0.00	0.16	111115
4	"12:31:20"	1299.0	0	13.3	0.136	207	3.75	2.07	23.29	6	1.42	1	2.84	18.88	23.29	16.83	400.58	382.92	6.502	10.960	21.77	36.69	499.8	1500	153	73.29	1.03	0.347	1.0	-0.22	2.74	1.00	0.00	0.16	111115
5	"12:31:21"	1299.5	0	13.3	0.136	207	3.76	2.07	23.29	6	1.42	1	2.84	18.88	23.29	16.83	400.57	382.93	6.502	10.960	21.77	36.69	499.8	1500	153	73.29	1.03	0.347	1.0	-0.22	2.74	1.00	0.00	0.16	111115
6	"12:31:21"	1300.0	0	13.3	0.136	207	3.76	2.07	23.29	6	1.42	1	2.84	18.88	23.29	16.83	400.60	382.94	6.502	10.961	21.77	36.70	499.8	1500	153	73.29	1.03	0.347	1.0	-0.22	2.74	1.00	0.00	0.16	111115
7	"12:31:22"	1300.5	0	13.3	0.136	207	3.76	2.07	23.29	6	1.42	1	2.84	18.88	23.29	16.83	400.59	382.93	6.502	10.962	21.77	36.70	499.8	1499	153	73.29	1.03	0.347	1.0	-0.22	2.74	1.00	0.00	0.16	111115
8	"12:31:22"	1301.0	0	13.3	0.136	207	3.76	2.07	23.29	6	1.42	1	2.84	18.88	23.29	16.83	400.60	382.92	6.501	10.962	21.77	36.70	499.8	1499	153	73.29	1.03	0.347	1.0	-0.22	2.74	1.00	0.00	0.16	111115
9	"12:31:23"	1301.5	0	13.3	0.136	207	3.76	2.07	23.29	6	1.42	1	2.84	18.88	23.29	16.83	400.61	382.94	6.502	10.964	21.77	36.71	499.8	1499	153	73.29	1.03	0.347	1.0	-0.22	2.74	1.00	0.00	0.16	111115
10	"12:31:23"	1302.0	0	13.3	0.136	207	3.76	2.07	23.29	6	1.42	1	2.84	18.88	23.29	16.83	400.60	382.92	6.502	10.965	21.77	36.71	499.8	1499	153	73.29	1.03	0.347	1.0	-0.22	2.74	1.00	0.00	0.16	111115
11	"12:31:24"	1302.5	0	13.3	0.136	207	3.76	2.07	23.29	6	1.42	1	2.84	18.88	23.29	16.83	400.59	382.93	6.501	10.966	21.77	36.72	499.8	1499	153	73.29	1.03	0.347	1.0	-0.22	2.74	1.00	0.00	0.16	111115
12	"12:31:24"	1303.0	0	13.3	0.136	207	3.76	2.07	23.29	6	1.42	1	2.84	18.88	23.29	16.83	400.60	382.93	6.501	10.967	21.77	36.72	499.8	1499	153	73.29	1.03	0.347	1.0	-0.22	2.74	1.00	0.00	0.16	111115
13	"12:31:25"	1303.5	0	13.3	0.136	207	3.76	2.07	23.30	6	1.42	1	2.84	18.88	23.30	16.83	400.62	382.90	6.501	10.969	21.77	36.73	499.8	1500	153	73.29	1.03	0.347	1.0	-0.22	2.74	1.00	0.00	0.16	111115
14	"12:31:25"	1304.0	0	13.4	0.136	206	3.76	2.07	23.30	6	1.42	1	2.84	18.88	23.30	16.83	400.67	382.90	6.501	10.969	21.77	36.73	499.8	1500	153	73.29	1.03	0.347	1.0	-0.22	2.74	1.00	0.00	0.16	111115
15	"12:31:26"	1304.5	0	13.4	0.136	206	3.76	2.07	23.30	6	1.42	1	2.84	18.88	23.30	16.83	400.74	382.93	6.502	10.971	21.77	36.73	499.9	1500	153	73.29	1.03	0.347	1.0	-0.22	2.74	1.00	0.00	0.16	111115
"12:31:34 Coolers: Tblock -> 22.00 C"
"12:34:03 Flow: Fixed -> 500 umol/s"
16	"12:35:06"	1524.5	0	13.9	0.148	209	4.45	2.25	25.47	6	1.42	1	2.84	23.11	25.47	22.11	399.73	381.02	8.684	13.948	22.42	36.02	499.8	1500	153	73.29	0.716	0.313	1.0	-0.22	2.74	1.00	0.00	0.16	111115
17	"12:35:06"	1524.5	0	13.9	0.148	209	4.45	2.25	25.47	6	1.42	1	2.84	23.11	25.47	22.11	399.73	381.02	8.684	13.948	22.42	36.02	499.8	1500	153	73.29	0.716	0.313	1.0	-0.22	2.74	1.00	0.00	0.16	111115
18	"12:35:07"	1525.0	0	13.9	0.148	209	4.45	2.25	25.47	6	1.42	1	2.84	23.11	25.47	22.11	399.79	381.01	8.685	13.949	22.42	36.02	499.8	1500	153	73.29	0.716	0.313	1.0	-0.22	2.74	1.00	0.00	0.16	111115
19	"12:35:07"	1525.5	0	13.9	0.148	209	4.45	2.25	25.47	6	1.42	1	2.84	23.11	25.47	22.11	399.75	381.05	8.685	13.950	22.42	36.01	499.9	1500	153	73.29	0.716	0.313	1.0	-0.22	2.74	1.00	0.00	0.16	111115
20	"12:35:08"	1526.0	0	13.9	0.148	209	4.45	2.25	25.47	6	1.42	1	2.84	23.11	25.47	22.11	399.79	381.04	8.685	13.952	22.42	36.01	499.9	1500	153	73.29	0.716	0.313	1.0	-0.22	2.74	1.00	0.00	0.16	111115
21	"12:35:08"	1526.5	0	14	0.148	208	4.45	2.25	25.47	6	1.42	1	2.84	23.11	25.47	22.11	399.83	381.00	8.685	13.953	22.42	36.02	499.8	1500	153	73.29	0.716	0.313	1.0	-0.22	2.74	1.00	0.00	0.16	111115
22	"12:35:09"	1527.0	0	14	0.148	209	4.45	2.25	25.47	6	1.42	1	2.84	23.11	25.47	22.11	399.81	381.01	8.685	13.953	22.42	36.02	499.8	1500	153	73.29	0.716	0.313	1.0	-0.22	2.74	1.00	0.00	0.16	111115
23	"12:35:09"	1527.5	0	13.9	0.148	210	4.45	2.25	25.47	6	1.42	1	2.84	23.12	25.47	22.11	399.77	381.05	8.684	13.954	22.41	36.02	499.8	1500	153	73.29	0.716	0.313	1.0	-0.22	2.74	1.00	0.00	0.16	111115
24	"12:35:10"	1528.0	0	13.9	0.148	210	4.45	2.25	25.46	6	1.42	1	2.84	23.12	25.46	22.11	399.76	381.04	8.683	13.954	22.41	36.01	499.8	1500	153	73.29	0.716	0.313	1.0	-0.22	2.74	1.00	0.00	0.16	111115
25	"12:35:11"	1528.5	0	13.8	0.148	210	4.45	2.25	25.46	6	1.42	1	2.84	23.12	25.46	22.11	399.74	381.08	8.684	13.954	22.41	36.01	499.8	1500	153	73.29	0.716	0.313	1.0	-0.22	2.74	1.00	0.00	0.16	111115
26	"12:35:11"	1529.5	0	13.8	0.148	210	4.45	2.25	25.47	6	1.42	1	2.84	23.12	25.47	22.11	399.73	381.10	8.685	13.953	22.41	36.01	499.8	1500	153	73.29	0.716	0.313	1.0	-0.22	2.74	1.00	0.00	0.16	111115
27	"12:35:12"	1530.0	0	13.8	0.148	211	4.45	2.25	25.47	6	1.42	1	2.84	23.12	25.47	22.11	399.71	381.11	8.686	13.952	22.41	36.00	499.8	1500	153	73.29	0.716	0.313	1.0	-0.22	2.74	1.00	0.00	0.16	111115
28	"12:35:12"	1530.5	0	13.8	0.148	210	4.45	2.25	25.48	6	1.42	1	2.84	23.12	25.48	22.11	399.73	381.11	8.686	13.953	22.41	36.00	499.7	1500	153	73.29	0.716	0.313	1.0	-0.22	2.74	1.00	0.00	0.16	111115
29	"12:35:13"	1531.0	0	13.8	0.148	210	4.45	2.25	25.48	6	1.42	1	2.84	23.12	25.48	22.11	399.75	381.14	8.686	13.953	22.41	36.00	499.8	1500	153	73.29	0.716	0.313	1.0	-0.22	2.74	1.00	0.00	0.16	111115
30	"12:35:13"	1531.5	0	13.9	0.148	210	4.45	2.25	25.49	6	1.42	1	2.84	23.12	25.49	22.11	399.78	381.11	8.686	13.955	22.41	36.01	499.8	1500	153	73.29	0.716	0.313	1.0	-0.22	2.74	1.00	0.00	0.16	111115
"12:35:19 Coolers: Tblock -> 27.00 C"
"12:37:28 Flow: Fixed -> 500 umol/s"
"12:39:29 Flow: Fixed -> 500 umol/s"
"12:40:35 Flow: Fixed -> 500 umol/s"
31	"12:41:25"	1904.5	0	12.9	0.13	199	4.68	2.66	28.75	6	1.42	1	2.84	27.45	28.75	26.98	399.79	382.12	12.193	17.713	24.32	35.34	499.9	1499	154	73.3	1.07	0.296	1.0	-0.22	2.74	1.00	0.00	0.16	111115
32	"12:41:25"	1904.5	0	12.9	0.13	199	4.68	2.66	28.75	6	1.42	1	2.84	27.45	28.75	26.98	399.79	382.12	12.193	17.713	24.32	35.34	499.9	1499	154	73.3	1.07	0.296	1.0	-0.22	2.74	1.00	0.00	0.16	111115
33	"12:41:26"	1905.0	0	12.9	0.13	199	4.68	2.66	28.75	6	1.42	1	2.84	27.45	28.75	26.98	399.79	382.11	12.194	17.714	24.32	35.33	499.9	1499	154	73.29	1.07	0.296	1.0	-0.22	2.74	1.00	0.00	0.16	111115
34	"12:41:26"	1905.5	0	13	0.13	199	4.68	2.66	28.74	6	1.42	1	2.84	27.45	28.74	26.98	399.83	382.12	12.195	17.716	24.32	35.34	499.9	1499	154	73.29	1.07	0.296	1.0	-0.22	2.74	1.00	0.00	0.16	111115
35	"12:41:27"	1906.0	0	13	0.13	199	4.68	2.66	28.74	6	1.42	1	2.84	27.45	28.74	26.99	399.86	382.15	12.194	17.715	24.32	35.33	499.9	1499	154	73.29	1.07	0.296	1.0	-0.22	2.74	1.00	0.00	0.16	111115
36	"12:41:27"	1906.5	0	13	0.13	199	4.68	2.66	28.75	6	1.42	1	2.84	27.45	28.75	26.98	399.86	382.14	12.195	17.717	24.32	35.34	499.8	1499	154	73.29	1.07	0.296	1.0	-0.22	2.74	1.00	0.00	0.16	111115
37	"12:41:28"	1907.0	0	13	0.13	199	4.68	2.66	28.74	6	1.42	1	2.84	27.45	28.74	26.98	399.85	382.16	12.195	17.714	24.32	35.33	499.8	1499	154	73.29	1.07	0.296	1.0	-0.22	2.74	1.00	0.00	0.16	111115
38	"12:41:28"	1907.5	0	13	0.13	199	4.68	2.66	28.74	6	1.42	1	2.84	27.45	28.74	26.98	399.83	382.14	12.194	17.715	24.32	35.33	499.8	1499	154	73.29	1.07	0.296	1.0	-0.22	2.74	1.00	0.00	0.16	111115
39	"12:41:29"	1908.0	0	12.9	0.13	199	4.68	2.66	28.74	6	1.42	1	2.84	27.45	28.74	26.98	399.80	382.13	12.194	17.715	24.32	35.33	499.8	1499	154	73.29	1.07	0.296	1.0	-0.22	2.74	1.00	0.00	0.16	111115
40	"12:41:29"	1908.5	0	12.9	0.13	199	4.68	2.66	28.74	6	1.42	1	2.84	27.45	28.74	26.98	399.79	382.12	12.194	17.716	24.32	35.33	499.8	1499	154	73.29	1.07	0.296	1.0	-0.22	2.74	1.00	0.00	0.16	111115
41	"12:41:30"	1909.0	0	12.9	0.13	200	4.68	2.66	28.74	6	1.42	1	2.84	27.45	28.74	26.98	399.77	382.13	12.194	17.716	24.32	35.33	499.8	1499	154	73.29	1.07	0.296	1.0	-0.22	2.74	1.00	0.00	0.16	111115
42	"12:41:30"	1909.5	0	12.9	0.13	200	4.68	2.66	28.74	6	1.42	1	2.84	27.45	28.74	26.98	399.75	382.12	12.193	17.714	24.32	35.33	499.8	1499	154	73.3	1.07	0.296	1.0	-0.22	2.74	1.00	0.00	0.16	111115
43	"12:41:31"	1910.0	0	12.9	0.13	199	4.68	2.66	28.74	6	1.42	1	2.84	27.45	28.74	26.98	399.75	382.09	12.194	17.714	24.32	35.33	499.8	1499	154	73.3	1.07	0.296	1.0	-0.22	2.74	1.00	0.00	0.16	111115
44	"12:41:31"	1910.5	0	12.9	0.13	200	4.68	2.66	28.74	6	1.42	1	2.84	27.45	28.74	26.98	399.76	382.12	12.193	17.713	24.32	35.33	499.9	1499	154	73.3	1.07	0.296	1.0	-0.22	2.74	1.00	0.00	0.16	111115
45	"12:41:32"	1911.0	0	12.9	0.13	200	4.68	2.66	28.74	6	1.42	1	2.84	27.45	28.74	26.98	399.76	382.11	12.193	17.715	24.32	35.33	499.9	1499	154	73.3	1.07	0.296	1.0	-0.22	2.74	1.00	0.00	0.16	111115
"12:41:40 Coolers: Tblock -> 32.00 C"
"12:43:56 Flow: Fixed -> 500 umol/s"
46	"12:44:42"	2101.5	0	12.7	0.126	197	4.79	2.78	30.87	6	1.42	1	2.84	31.55	30.87	32.07	400.35	382.87	17.558	23.170	27.66	36.49	499.9	1500	154	73.3	0.914	0.24	1.0	-0.22	2.74	1.00	0.00	0.16	111115
47	"12:44:43"	2101.5	0	12.7	0.126	197	4.79	2.78	30.87	6	1.42	1	2.84	31.55	30.87	32.07	400.35	382.87	17.558	23.170	27.66	36.49	499.9	1500	154	73.3	0.914	0.24	1.0	-0.22	2.74	1.00	0.00	0.16	111115
48	"12:44:43"	2102.0	0	12.7	0.126	197	4.79	2.78	30.87	6	1.42	1	2.84	31.55	30.87	32.07	400.34	382.87	17.558	23.172	27.65	36.49	499.9	1500	154	73.3	0.914	0.24	1.0	-0.22	2.74	1.00	0.00	0.16	111115
49	"12:44:44"	2102.5	0	12.7	0.126	197	4.79	2.78	30.87	6	1.42	1	2.84	31.55	30.87	32.07	400.31	382.85	17.559	23.174	27.65	36.49	499.9	1500	154	73.29	0.914	0.24	1.0	-0.22	2.74	1.00	0.00	0.16	111115
50	"12:44:44"	2103.0	0	12.7	0.126	198	4.79	2.78	30.87	6	1.42	1	2.84	31.55	30.87	32.07	400.25	382.85	17.559	23.176	27.65	36.49	499.9	1500	154	73.29	0.914	0.24	1.0	-0.22	2.74	1.00	0.00	0.16	111115
51	"12:44:45"	2103.5	0	12.6	0.126	198	4.79	2.78	30.87	6	1.42	1	2.84	31.55	30.87	32.07	400.24	382.86	17.559	23.177	27.65	36.49	499.9	1500	154	73.3	0.914	0.24	1.0	-0.22	2.74	1.00	0.00	0.16	111115
52	"12:44:45"	2104.0	0	12.6	0.126	199	4.79	2.78	30.87	6	1.42	1	2.84	31.55	30.87	32.07	400.18	382.86	17.559	23.179	27.65	36.50	499.8	1500	154	73.3	0.914	0.24	1.0	-0.22	2.74	1.00	0.00	0.16	111115
53	"12:44:46"	2104.5	0	12.6	0.126	199	4.79	2.78	30.87	6	1.42	1	2.84	31.55	30.87	32.07	400.16	382.85	17.561	23.180	27.65	36.50	499.8	1500	154	73.3	0.914	0.24	1.0	-0.22	2.74	1.00	0.00	0.16	111115
54	"12:44:46"	2105.0	0	12.6	0.126	200	4.79	2.78	30.88	6	1.42	1	2.84	31.55	30.88	32.07	400.15	382.87	17.560	23.181	27.65	36.50	499.8	1500	154	73.3	0.914	0.24	1.0	-0.22	2.74	1.00	0.00	0.16	111115
55	"12:44:47"	2105.5	0	12.6	0.126	199	4.79	2.78	30.88	6	1.42	1	2.84	31.55	30.88	32.07	400.17	382.86	17.560	23.182	27.65	36.50	499.8	1500	154	73.3	0.914	0.24	1.0	-0.22	2.74	1.00	0.00	0.16	111115
56	"12:44:48"	2106.0	0	12.6	0.126	199	4.79	2.78	30.88	6	1.42	1	2.84	31.55	30.88	32.07	400.22	382.87	17.560	23.183	27.64	36.49	499.8	1500	154	73.3	0.914	0.24	1.0	-0.22	2.74	1.00	0.00	0.16	111115
57	"12:44:48"	2106.5	0	12.6	0.126	199	4.8	2.78	30.88	6	1.42	1	2.84	31.56	30.88	32.07	400.23	382.89	17.559	23.182	27.64	36.49	499.8	1500	154	73.3	0.914	0.24	1.0	-0.22	2.74	1.00	0.00	0.16	111115
58	"12:44:49"	2107.0	0	12.6	0.126	199	4.8	2.78	30.89	6	1.42	1	2.84	31.56	30.89	32.07	400.26	382.90	17.558	23.182	27.64	36.49	499.8	1500	154	73.3	0.914	0.24	1.0	-0.22	2.74	1.00	0.00	0.16	111115
59	"12:44:49"	2107.5	0	12.6	0.126	198	4.8	2.78	30.89	6	1.42	1	2.84	31.56	30.89	32.07	400.28	382.89	17.559	23.182	27.64	36.49	499.8	1500	154	73.3	0.914	0.24	1.0	-0.22	2.74	1.00	0.00	0.16	111115
60	"12:44:50"	2108.0	0	12.7	0.126	198	4.8	2.79	30.90	6	1.42	1	2.84	31.56	30.90	32.07	400.32	382.88	17.558	23.181	27.63	36.48	499.9	1500	154	73.3	0.914	0.24	1.0	-0.22	2.74	1.00	0.00	0.16	111115
"12:44:55 Coolers: Tblock -> 37.00 C"
"12:48:22 Flow: Fixed -> 500 umol/s"
61	"12:49:17"	2376.0	0	11.5	0.115	197	5.1	3.2	33.78	6	1.42	1	2.84	35.85	33.78	36.95	400.04	383.84	22.361	28.308	27.69	35.05	499.9	1499	154	73.29	1.26	0.178	1.0	-0.22	2.74	1.00	0.00	0.16	111115
62	"12:49:17"	2376.0	0	11.5	0.115	197	5.1	3.2	33.78	6	1.42	1	2.84	35.85	33.78	36.95	400.04	383.84	22.361	28.308	27.69	35.05	499.9	1499	154	73.29	1.26	0.178	1.0	-0.22	2.74	1.00	0.00	0.16	111115
63	"12:49:18"	2376.5	0	11.5	0.115	197	5.1	3.2	33.79	6	1.42	1	2.84	35.85	33.79	36.95	400.05	383.86	22.361	28.309	27.69	35.05	499.9	1499	154	73.29	1.26	0.178	1.0	-0.22	2.74	1.00	0.00	0.16	111115
64	"12:49:18"	2377.0	0	11.5	0.115	198	5.1	3.2	33.79	6	1.42	1	2.84	35.85	33.79	36.95	400.04	383.90	22.361	28.309	27.69	35.05	499.9	1499	154	73.29	1.26	0.178	1.0	-0.22	2.74	1.00	0.00	0.16	111115
65	"12:49:19"	2377.5	0	11.5	0.115	198	5.1	3.2	33.79	6	1.42	1	2.84	35.85	33.79	36.95	400.05	383.92	22.363	28.310	27.69	35.05	499.9	1499	154	73.29	1.26	0.178	1.0	-0.22	2.74	1.00	0.00	0.16	111115
66	"12:49:19"	2378.0	0	11.5	0.115	198	5.1	3.21	33.79	6	1.42	1	2.84	35.85	33.79	36.95	400.05	383.93	22.362	28.309	27.68	35.04	499.8	1499	154	73.29	1.26	0.178	1.0	-0.22	2.74	1.00	0.00	0.16	111115
67	"12:49:20"	2378.5	0	11.5	0.115	198	5.1	3.21	33.79	6	1.42	1	2.84	35.85	33.79	36.95	400.04	383.93	22.364	28.310	27.68	35.04	499.8	1499	154	73.29	1.26	0.178	1.0	-0.22	2.74	1.00	0.00	0.16	111115
68	"12:49:20"	2379.0	0	11.4	0.115	199	5.1	3.21	33.79	6	1.42	1	2.84	35.85	33.79	36.95	399.99	383.95	22.365	28.311	27.68	35.04	499.8	1499	154	73.29	1.26	0.178	1.0	-0.22	2.74	1.00	0.00	0.16	111115
69	"12:49:21"	2379.5	0	11.4	0.115	199	5.1	3.21	33.79	6	1.42	1	2.84	35.86	33.79	36.95	400.00	383.96	22.365	28.313	27.68	35.05	499.8	1499	154	73.29	1.26	0.178	1.0	-0.22	2.74	1.00	0.00	0.16	111115
70	"12:49:22"	2380.0	0	11.3	0.115	200	5.1	3.21	33.79	6	1.42	1	2.84	35.86	33.79	36.95	399.94	383.98	22.367	28.312	27.68	35.04	499.8	1499	154	73.29	1.26	0.178	1.0	-0.22	2.74	1.00	0.00	0.16	111115
71	"12:49:22"	2380.5	0	11.3	0.115	200	5.09	3.21	33.79	6	1.42	1	2.84	35.86	33.79	36.95	399.92	383.99	22.368	28.310	27.68	35.04	499.8	1499	154	73.29	1.26	0.178	1.0	-0.22	2.74	1.00	0.00	0.16	111115
72	"12:49:23"	2381.0	0	11.3	0.115	200	5.1	3.21	33.79	6	1.42	1	2.84	35.86	33.79	36.95	399.96	384.00	22.369	28.312	27.68	35.04	499.9	1499	154	73.29	1.26	0.178	1.0	-0.22	2.74	1.00	0.00	0.16	111115
73	"12:49:23"	2381.5	0	11.4	0.115	199	5.1	3.21	33.80	6	1.42	1	2.84	35.86	33.80	36.95	399.96	383.99	22.369	28.313	27.68	35.04	499.9	1499	154	73.29	1.26	0.178	1.0	-0.22	2.74	1.00	0.00	0.16	111115
74	"12:49:24"	2382.0	0	11.4	0.115	199	5.1	3.21	33.80	6	1.42	1	2.84	35.86	33.80	36.95	400.00	383.96	22.368	28.317	27.68	35.04	499.9	1499	154	73.29	1.26	0.178	1.0	-0.22	2.74	1.00	0.00	0.16	111115
75	"12:49:24"	2383.0	0	11.5	0.115	197	5.1	3.21	33.81	6	1.42	1	2.84	35.86	33.81	36.95	400.13	383.94	22.367	28.319	27.67	35.04	499.9	1499	154	73.29	1.26	0.178	1.0	-0.22	2.74	1.00	0.00	0.16	111115
"12:49:32 Coolers: Tblock -> 42.00 C"
"12:54:02 Flow: Fixed -> 500 umol/s"
76	"12:54:37"	2696.0	0	10	0.107	206	5.42	3.61	36.91	6	1.42	1	2.84	40.38	36.91	42.03	399.62	385.08	30.116	36.381	29.17	35.24	499.9	1500	155	73.29	1.93	0.0353	1.0	-0.22	2.74	1.00	0.00	0.16	111115
77	"12:54:37"	2696.0	0	10	0.107	206	5.42	3.61	36.91	6	1.42	1	2.84	40.38	36.91	42.03	399.62	385.08	30.116	36.381	29.17	35.24	499.9	1500	155	73.29	1.93	0.0353	1.0	-0.22	2.74	1.00	0.00	0.16	111115
78	"12:54:38"	2696.5	0	10	0.107	206	5.42	3.61	36.91	6	1.42	1	2.84	40.38	36.91	42.03	399.60	385.04	30.114	36.381	29.17	35.24	500.0	1500	155	73.29	1.93	0.0353	1.0	-0.22	2.74	1.00	0.00	0.16	111115
79	"12:54:38"	2697.0	0	10	0.107	206	5.42	3.61	36.91	6	1.42	1	2.84	40.38	36.91	42.03	399.57	385.01	30.114	36.381	29.17	35.24	500.0	1500	155	73.29	1.93	0.0353	1.0	-0.22	2.74	1.00	0.00	0.16	111115
80	"12:54:39"	2697.5	0	10	0.107	206	5.42	3.61	36.90	6	1.42	1	2.84	40.38	36.90	42.03	399.55	385.00	30.117	36.381	29.17	35.24	500.0	1500	155	73.29	1.93	0.0353	1.0	-0.22	2.74	1.00	0.00	0.16	111115
81	"12:54:40"	2698.0	0	10	0.107	206	5.41	3.6	36.90	6	1.42	1	2.84	40.38	36.90	42.03	399.51	385.01	30.119	36.379	29.17	35.24	499.9	1500	154	73.29	1.93	0.0353	1.0	-0.22	2.74	1.00	0.00	0.16	111115
82	"12:54:40"	2698.5	0	9.95	0.107	207	5.41	3.6	36.89	6	1.42	1	2.84	40.38	36.89	42.03	399.49	385.04	30.122	36.380	29.17	35.24	499.9	1501	154	73.29	1.93	0.0353	1.0	-0.22	2.74	1.00	0.00	0.16	111115
83	"12:54:41"	2699.0	0	9.95	0.107	207	5.41	3.6	36.89	6	1.42	1	2.84	40.38	36.89	42.03	399.49	385.05	30.123	36.380	29.17	35.23	499.9	1501	154	73.29	1.93	0.0353	1.0	-0.22	2.74	1.00	0.00	0.16	111115
84	"12:54:41"	2699.5	0	9.94	0.107	208	5.41	3.6	36.88	6	1.42	1	2.84	40.39	36.88	42.03	399.50	385.07	30.123	36.379	29.17	35.23	499.9	1501	154	73.29	1.93	0.0353	1.0	-0.22	2.74	1.00	0.00	0.16	111115
85	"12:54:42"	2700.0	0	9.95	0.107	207	5.41	3.6	36.88	6	1.42	1	2.84	40.38	36.88	42.03	399.51	385.07	30.123	36.379	29.17	35.23	499.9	1501	154	73.29	1.93	0.0353	1.0	-0.22	2.74	1.00	0.00	0.16	111115
86	"12:54:42"	2700.5	0	9.95	0.108	208	5.41	3.59	36.87	6	1.42	1	2.84	40.39	36.87	42.03	399.53	385.09	30.121	36.380	29.17	35.23	499.9	1501	154	73.29	1.93	0.0353	1.0	-0.22	2.74	1.00	0.00	0.16	111115
87	"12:54:43"	2701.0	0	9.96	0.108	208	5.41	3.59	36.87	6	1.42	1	2.84	40.39	36.87	42.03	399.56	385.10	30.121	36.382	29.17	35.24	499.8	1501	154	73.29	1.93	0.0353	1.0	-0.22	2.74	1.00	0.00	0.16	111115
88	"12:54:43"	2701.5	0	9.95	0.108	208	5.41	3.59	36.87	6	1.42	1	2.84	40.39	36.87	42.03	399.59	385.14	30.122	36.383	29.17	35.24	499.8	1501	154	73.29	1.93	0.0353	1.0	-0.22	2.74	1.00	0.00	0.16	111115
89	"12:54:44"	2702.0	0	9.96	0.108	208	5.41	3.59	36.87	6	1.42	1	2.84	40.39	36.87	42.03	399.62	385.16	30.120	36.383	29.17	35.24	499.8	1501	154	73.29	1.93	0.0353	1.0	-0.22	2.74	1.00	0.00	0.16	111115
90	"12:54:44"	2702.5	0	10	0.108	207	5.41	3.59	36.87	6	1.42	1	2.84	40.39	36.87	42.03	399.65	385.13	30.118	36.382	29.17	35.23	499.8	1501	154	73.29	1.93	0.0353	1.0	-0.22	2.74	1.00	0.00	0.16	111115
