"OPEN 6.2.4"
"Sun Jun 28 2015 10:40:35"
<open><version>"6.2.4"</version></open>
<open><configfile>"/User/Configs/UserPrefs/2x3 LED.xml"</configfile></open>
<open><light><source>"6400-02 or -02B LED Source"</source><par_in>1<sensor>"SI-3781"<cal>-0.93<actinity>1.00</actinity><transm>1.00</transm></cal></sensor><transm>1</transm></par_in><par_out>1<sensor>"Q49599"<cal>7.26</cal></sensor></par_out></light></open>
<open><comps><file>"/User/Configs/Comps/StdComps_6.2"<header>""</header><extras></extras></file><energybal>no<f_parIn>1</f_parIn><f_parOut>0</f_parOut><alphaK>0.16</alphaK></energybal><bc_total>2.840<stomatal_ratio>1</stomatal_ratio><bc_oneside>1.420<type>2</type><table>"/Sys/Lib/StdBLCTable"</table><area>6</area><slope>-0.219565</slope><offset>2.73739</offset><fan>5</fan></bc_oneside></bc_total></comps></open>
<open><prompts><onlog>off</onlog><items>"Default (none)"</items></prompts></open>
<open><constants><oxygen>21 %</oxygen><bb_vapor>1.5</bb_vapor><bb_oxy>0.9</bb_oxy></constants></open>
<open><stability><items>"Std Stability"<items[1]><id>-2</id><size>15</size><pcv><onoff>0</onoff><value>1</value></pcv><std><onoff>0</onoff><value>1</value></std><slp><onoff>1</onoff><value>1</value></slp></items[1]><items[2]><id>-5</id><size>15</size><pcv><onoff>0</onoff><value>1</value></pcv><std><onoff>0</onoff><value>1</value></std><slp><onoff>1</onoff><value>1</value></slp></items[2]><items[3]><id>-7</id><size>15</size><pcv><onoff>0</onoff><value>1</value></pcv><std><onoff>0</onoff><value>1</value></std><slp><onoff>1</onoff><value>1</value></slp></items[3]></items></stability></open>
<open><log><format>"StdLogFmt_6.0"<items>{ -35 -21 -36 -76 30 23 36 21 25 221 -33 111 -34 11 -9 -10 -8 -1 -2 -4 -5 -14 -15 -7 -12 -13 -11 -65 -66 -72 -18 -19 -77 -78 -79 -23  }<hdr>{  }</hdr></items></format><options><beep>on</beep><hdr>normal</hdr><rem>normal</rem><stab>no</stab><stats>no<mean>no</mean><file>no</file><period>15</period></stats><excel>yes</excel><controls>yes</controls><comm>no</comm></options><datafile>"/User/stm-pdeba3"</datafile><button><action>"Normal Log"<code>" LogOneObsManual "</code></action></button><autoprog>"/User/Configs/AutoProgs/AutoLog2"<active>no</active></autoprog></log></open>
<open><a2d><avgtime>4.0 secs</avgtime><userchans><ch20>"Off"</ch20><ch21>"Off"</ch21><ch22>"Off"</ch22><ch23>"Off"</ch23></userchans></a2d></open>
<open><matching><type>0</type><disp>'a'</disp><settings><CO2Limit>10.0</CO2Limit><H2OLimit>1.0</H2OLimit><MaxAutoTime>60</MaxAutoTime></settings></matching></open>
<li6400><factory><unit>"PSC-3840"</unit><serviced>"1 Jul 2013"</serviced><fuseaware>0</fuseaware><co2mixer>yes</co2mixer><co2><coeffs>{ 0 0.213319 2.22998e-05 2.13159e-08 -3.88664e-12 3.69888e-16  }</coeffs><dvdt>-4.7</dvdt><xs>{ 0.0009 -0.0002  }</xs></co2><h2o><coeffs>{ 0 0.00572751 2.23485e-06 -7.37877e-12  }</coeffs><dvdt>-1.7</dvdt><xs>{ 0.0009 -0.0028  }</xs></h2o><flow>{ 0 0.3568  }</flow><press>{ 88.437 0.00551  }</press></factory></li6400>
<li6400><user><flow_zero>-468.8</flow_zero><irga_zero><co2>429.7 390.6<at>17.6901</at></co2><h2o>78.1 156.2<at>17.1607</at></h2o></irga_zero><irga_span><co2>{ 0.99237 0.992833  }</co2><h2o>{ 1.00426 0.996799  }</h2o></irga_span><irga_match><co2>{ 0.368307 -1.93997  }</co2><h2o>{ 0.00477181 0.0980166  }</h2o></irga_match><co2_mixer><pump_mv>4500</pump_mv><ppm>{ 2287.2 1080.71 423.89 257.488 117.195 68.0056 44.5242 37.9628  }</ppm><mv>{ 5000 3000 1500 1000 500 300 200 100  }</mv></co2_mixer><parin_offset>0</parin_offset><led_cal><unit>"SI-3781"</unit><mv>{ 10 25 50 100 1000 2000 3000 4000 5000  }</mv><qntm>{ 4.69642 15.4417 35.4805 82.2863 972.665 1922.29 2824.32 3690.14 4518.2  }</qntm></led_cal><lcf_cal><unit>"unknown"</unit><red><mv>{ 50 100 500 1000 1500 5000  }</mv><qntm>{ 50 100 500 1000 2000 5000  }</qntm></red><blue><mv>{ 100 200 500 1000 2000 5000  }</mv><qntm>{ 10 20 50 100 200 500  }</qntm></blue></lcf_cal></user></li6400>
"10:40:36 "
$STARTOFDATA$
"Obs"	"HHMMSS"	"FTime"	"EBal?"	"Photo"	"Cond"	"Ci"	"Trmmol"	"VpdL"	"CTleaf"	"Area"	"BLC_1"	"StmRat"	"BLCond"	"Tair"	"Tleaf"	"TBlk"	"CO2R"	"CO2S"	"H2OR"	"H2OS"	"RH_R"	"RH_S"	"Flow"	"PARi"	"PARo"	"Press"	"CsMch"	"HsMch"	"StableF"	"BLCslope"	"BLCoffst"	"f_parin"	"f_parout"	"alphaK"	"Status"
"10:42:55 CO2 Mixer: CO2R -> 400 uml"
"10:43:03 Coolers: Tblock -> 0.00 C"
"10:43:10 Lamp: ParIn ->  1500 uml"
"10:56:26 Flow: Fixed -> 500 umol/s"
"10:57:28 Coolers: Tblock -> 7.77 C"
"10:58:01 Flow: Fixed -> 500 umol/s"
1	"10:58:45"	1099.0	0	16.8	0.291	268	4.34	1.14	13.86	6	1.42	1	2.84	10.15	13.86	7.85	399.18	377.00	1.224	6.400	6.91	36.14	500.0	1501	162	70.31	-1.49	0.283	1.0	-0.22	2.74	1.00	0.00	0.16	111115
2	"10:58:46"	1099.0	0	16.8	0.291	268	4.34	1.14	13.86	6	1.42	1	2.84	10.15	13.86	7.85	399.18	377.00	1.224	6.400	6.91	36.14	500.0	1501	162	70.31	-1.49	0.283	1.0	-0.22	2.74	1.00	0.00	0.16	111115
3	"10:58:46"	1099.5	0	16.8	0.291	268	4.34	1.14	13.86	6	1.42	1	2.84	10.15	13.86	7.85	399.18	377.02	1.224	6.399	6.91	36.14	500.0	1501	162	70.31	-1.49	0.283	1.0	-0.22	2.74	1.00	0.00	0.16	111115
4	"10:58:47"	1100.0	0	16.8	0.291	268	4.34	1.14	13.86	6	1.42	1	2.84	10.15	13.86	7.85	399.18	377.03	1.223	6.399	6.91	36.14	499.9	1501	162	70.31	-1.49	0.283	1.0	-0.22	2.74	1.00	0.00	0.16	111115
5	"10:58:47"	1100.5	0	16.8	0.291	268	4.34	1.14	13.86	6	1.42	1	2.84	10.15	13.86	7.85	399.20	377.06	1.224	6.399	6.92	36.14	499.9	1501	162	70.31	-1.49	0.283	1.0	-0.22	2.74	1.00	0.00	0.16	111115
6	"10:58:48"	1101.0	0	16.8	0.291	268	4.34	1.14	13.86	6	1.42	1	2.84	10.15	13.86	7.85	399.20	377.09	1.225	6.400	6.92	36.15	499.9	1501	162	70.31	-1.49	0.283	1.0	-0.22	2.74	1.00	0.00	0.16	111115
7	"10:58:48"	1101.5	0	16.8	0.291	268	4.34	1.14	13.86	6	1.42	1	2.84	10.15	13.86	7.85	399.19	377.05	1.225	6.398	6.92	36.14	499.9	1501	162	70.31	-1.49	0.283	1.0	-0.22	2.74	1.00	0.00	0.16	111115
8	"10:58:49"	1102.0	0	16.8	0.291	268	4.34	1.14	13.86	6	1.42	1	2.84	10.15	13.86	7.85	399.23	377.04	1.225	6.398	6.92	36.14	499.9	1501	162	70.31	-1.49	0.283	0.7	-0.22	2.74	1.00	0.00	0.16	111115
9	"10:58:49"	1102.5	0	16.8	0.291	268	4.34	1.14	13.86	6	1.42	1	2.84	10.15	13.86	7.85	399.24	377.05	1.225	6.399	6.92	36.14	499.9	1501	162	70.31	-1.49	0.283	0.7	-0.22	2.74	1.00	0.00	0.16	111115
10	"10:58:50"	1103.0	0	16.9	0.291	268	4.34	1.14	13.85	6	1.42	1	2.84	10.15	13.85	7.85	399.25	377.03	1.223	6.399	6.91	36.14	499.9	1501	162	70.31	-1.49	0.283	0.7	-0.22	2.74	1.00	0.00	0.16	111115
11	"10:58:50"	1103.5	0	16.9	0.291	268	4.34	1.14	13.85	6	1.42	1	2.84	10.15	13.85	7.86	399.25	376.99	1.224	6.399	6.91	36.14	499.8	1501	162	70.31	-1.49	0.283	1.0	-0.22	2.74	1.00	0.00	0.16	111115
12	"10:58:51"	1104.0	0	16.9	0.291	268	4.34	1.14	13.84	6	1.42	1	2.84	10.15	13.84	7.86	399.23	377.00	1.224	6.399	6.91	36.14	499.9	1501	162	70.31	-1.49	0.283	1.0	-0.22	2.74	1.00	0.00	0.16	111115
13	"10:58:51"	1104.5	0	16.9	0.291	268	4.34	1.14	13.84	6	1.42	1	2.84	10.15	13.84	7.86	399.23	377.00	1.223	6.398	6.91	36.14	499.9	1501	162	70.31	-1.49	0.283	1.0	-0.22	2.74	1.00	0.00	0.16	111115
14	"10:58:52"	1105.0	0	16.9	0.291	268	4.34	1.14	13.84	6	1.42	1	2.84	10.15	13.84	7.86	399.24	377.00	1.223	6.397	6.91	36.13	499.9	1501	162	70.31	-1.49	0.283	1.0	-0.22	2.74	1.00	0.00	0.16	111115
15	"10:58:52"	1105.5	0	16.9	0.292	268	4.34	1.14	13.83	6	1.42	1	2.84	10.15	13.83	7.86	399.26	377.01	1.223	6.398	6.91	36.14	499.9	1501	162	70.31	-1.49	0.283	1.0	-0.22	2.74	1.00	0.00	0.16	111115
"10:59:07 Coolers: Tblock -> 13.00 C"
"11:01:01 Flow: Fixed -> 500 umol/s"
"11:01:45 Flow: Fixed -> 500 umol/s"
16	"11:02:07"	1300.5	0	17.3	0.288	263	4.51	1.19	15.80	6	1.42	1	2.84	14.25	15.80	13.14	399.17	376.40	3.329	8.690	14.35	37.46	499.9	1500	166	70.31	-1.96	0.276	1.0	-0.22	2.74	1.00	0.00	0.16	111115
17	"11:02:08"	1300.5	0	17.3	0.288	263	4.51	1.19	15.80	6	1.42	1	2.84	14.25	15.80	13.14	399.17	376.40	3.329	8.690	14.35	37.46	499.9	1500	166	70.31	-1.96	0.276	1.0	-0.22	2.74	1.00	0.00	0.16	111115
18	"11:02:08"	1301.0	0	17.3	0.291	264	4.52	1.18	15.75	6	1.42	1	2.84	14.25	15.75	13.14	399.16	376.38	3.329	8.711	14.35	37.55	499.9	1500	166	70.31	-1.96	0.276	1.0	-0.22	2.74	1.00	0.00	0.16	111115
19	"11:02:09"	1301.5	0	17.3	0.295	265	4.54	1.17	15.69	6	1.42	1	2.84	14.26	15.69	13.14	399.16	376.33	3.329	8.735	14.35	37.65	499.9	1500	166	70.31	-1.96	0.276	1.0	-0.22	2.74	1.00	0.00	0.16	111115
20	"11:02:09"	1302.0	0	17.3	0.299	267	4.56	1.17	15.64	6	1.42	1	2.84	14.26	15.64	13.14	399.14	376.32	3.330	8.758	14.35	37.75	499.9	1500	166	70.31	-1.96	0.276	1.0	-0.22	2.74	1.00	0.00	0.16	111115
21	"11:02:10"	1302.5	0	17.3	0.302	268	4.58	1.16	15.59	6	1.42	1	2.84	14.26	15.59	13.14	399.13	376.28	3.330	8.779	14.35	37.84	499.9	1500	166	70.31	-1.96	0.276	1.0	-0.22	2.74	1.00	0.00	0.16	111115
22	"11:02:10"	1303.0	0	17.3	0.304	268	4.59	1.16	15.58	6	1.42	1	2.84	14.26	15.58	13.14	399.12	376.24	3.330	8.794	14.35	37.90	499.9	1500	166	70.31	-1.96	0.276	1.0	-0.22	2.74	1.00	0.00	0.16	111115
23	"11:02:11"	1303.5	0	17.3	0.305	268	4.6	1.16	15.57	6	1.42	1	2.84	14.26	15.57	13.14	399.11	376.22	3.330	8.807	14.35	37.96	499.9	1500	166	70.31	-1.96	0.276	1.0	-0.22	2.74	1.00	0.00	0.16	111115
24	"11:02:11"	1304.0	0	17.3	0.306	269	4.61	1.16	15.57	6	1.42	1	2.84	14.26	15.57	13.14	399.09	376.20	3.330	8.817	14.35	37.99	500.0	1500	166	70.31	-1.96	0.276	1.0	-0.22	2.74	1.00	0.00	0.16	111115
25	"11:02:12"	1304.5	0	17.3	0.306	269	4.62	1.15	15.57	6	1.42	1	2.84	14.26	15.57	13.14	399.06	376.23	3.330	8.826	14.35	38.04	500.0	1500	166	70.31	-1.96	0.276	1.0	-0.22	2.74	1.00	0.00	0.16	111115
26	"11:02:12"	1305.0	0	17.3	0.307	269	4.63	1.15	15.57	6	1.42	1	2.84	14.26	15.57	13.14	399.08	376.23	3.330	8.833	14.35	38.06	500.0	1500	166	70.31	-1.96	0.276	1.0	-0.22	2.74	1.00	0.00	0.16	111115
27	"11:02:13"	1305.5	0	17.3	0.308	270	4.63	1.15	15.56	6	1.42	1	2.84	14.26	15.56	13.14	399.08	376.26	3.330	8.838	14.35	38.08	500.0	1500	166	70.31	-1.96	0.276	0.7	-0.22	2.74	1.00	0.00	0.16	111115
28	"11:02:13"	1306.0	0	17.3	0.308	270	4.63	1.15	15.57	6	1.42	1	2.84	14.26	15.57	13.14	399.05	376.23	3.330	8.841	14.35	38.09	500.0	1500	166	70.31	-1.96	0.276	0.7	-0.22	2.74	1.00	0.00	0.16	111115
29	"11:02:14"	1306.5	0	17.3	0.308	269	4.64	1.15	15.57	6	1.42	1	2.84	14.26	15.57	13.14	399.07	376.19	3.330	8.845	14.35	38.10	500.0	1500	166	70.31	-1.96	0.276	0.3	-0.22	2.74	1.00	0.00	0.16	111115
30	"11:02:14"	1307.0	0	17.3	0.308	269	4.64	1.15	15.57	6	1.42	1	2.84	14.27	15.57	13.14	399.09	376.21	3.330	8.848	14.35	38.11	500.0	1500	166	70.31	-1.96	0.276	0.3	-0.22	2.74	1.00	0.00	0.16	111115
"11:02:21 Coolers: Tblock -> 18.00 C"
"11:04:00 Flow: Fixed -> 500 umol/s"
"11:05:55 Flow: Fixed -> 500 umol/s"
31	"11:07:40"	1633.5	0	17.4	0.266	253	5.09	1.44	19.05	6	1.42	1	2.84	18.56	19.05	18.02	398.96	375.83	4.943	10.979	16.20	35.99	499.9	1501	171	70.31	-1.96	0.268	1.0	-0.22	2.74	1.00	0.00	0.16	111115
32	"11:07:40"	1633.5	0	17.4	0.266	253	5.09	1.44	19.05	6	1.42	1	2.84	18.56	19.05	18.02	398.96	375.83	4.943	10.979	16.20	35.99	499.9	1501	171	70.31	-1.96	0.268	1.0	-0.22	2.74	1.00	0.00	0.16	111115
33	"11:07:41"	1634.0	0	17.3	0.266	253	5.09	1.44	19.05	6	1.42	1	2.84	18.56	19.05	18.02	398.96	375.86	4.943	10.979	16.20	35.99	500.0	1501	171	70.31	-1.96	0.268	1.0	-0.22	2.74	1.00	0.00	0.16	111115
34	"11:07:41"	1634.0	0	17.3	0.266	253	5.09	1.44	19.05	6	1.42	1	2.84	18.56	19.05	18.02	398.96	375.86	4.943	10.979	16.20	35.99	500.0	1501	171	70.31	-1.96	0.268	1.0	-0.22	2.74	1.00	0.00	0.16	111115
35	"11:07:42"	1634.5	0	17.4	0.266	252	5.09	1.44	19.05	6	1.42	1	2.84	18.56	19.05	18.02	399.00	375.84	4.942	10.978	16.20	35.98	500.0	1501	171	70.31	-1.96	0.268	1.0	-0.22	2.74	1.00	0.00	0.16	111115
36	"11:07:42"	1635.0	0	17.4	0.266	252	5.09	1.44	19.05	6	1.42	1	2.84	18.56	19.05	18.02	399.03	375.81	4.942	10.979	16.20	35.98	500.0	1501	171	70.3	-1.96	0.268	1.0	-0.22	2.74	1.00	0.00	0.16	111115
37	"11:07:43"	1635.5	0	17.5	0.266	252	5.09	1.44	19.05	6	1.42	1	2.84	18.56	19.05	18.02	399.07	375.81	4.942	10.980	16.20	35.98	500.0	1501	171	70.3	-1.96	0.268	1.0	-0.22	2.74	1.00	0.00	0.16	111115
38	"11:07:43"	1636.0	0	17.5	0.266	252	5.09	1.44	19.05	6	1.42	1	2.84	18.56	19.05	18.02	399.09	375.84	4.941	10.979	16.19	35.98	499.9	1501	171	70.3	-1.96	0.268	1.0	-0.22	2.74	1.00	0.00	0.16	111115
39	"11:07:44"	1636.5	0	17.4	0.266	252	5.08	1.44	19.05	6	1.42	1	2.84	18.56	19.05	18.02	399.08	375.87	4.942	10.978	16.20	35.97	499.9	1501	171	70.3	-1.96	0.268	1.0	-0.22	2.74	1.00	0.00	0.16	111115
40	"11:07:44"	1637.0	0	17.4	0.266	252	5.08	1.44	19.05	6	1.42	1	2.84	18.56	19.05	18.02	399.13	375.92	4.943	10.978	16.20	35.97	499.9	1501	171	70.3	-1.96	0.268	1.0	-0.22	2.74	1.00	0.00	0.16	111115
41	"11:07:45"	1637.5	0	17.4	0.266	252	5.08	1.44	19.05	6	1.42	1	2.84	18.56	19.05	18.02	399.13	375.92	4.943	10.978	16.20	35.97	499.9	1501	171	70.3	-1.96	0.268	1.0	-0.22	2.74	1.00	0.00	0.16	111115
42	"11:07:45"	1638.0	0	17.5	0.266	252	5.08	1.44	19.05	6	1.42	1	2.84	18.56	19.05	18.02	399.16	375.91	4.943	10.978	16.20	35.97	499.9	1501	171	70.31	-1.96	0.268	1.0	-0.22	2.74	1.00	0.00	0.16	111115
43	"11:07:46"	1638.5	0	17.5	0.266	252	5.09	1.44	19.05	6	1.42	1	2.84	18.56	19.05	18.02	399.17	375.89	4.942	10.979	16.19	35.98	499.9	1501	171	70.31	-1.96	0.268	1.0	-0.22	2.74	1.00	0.00	0.16	111115
44	"11:07:46"	1639.0	0	17.5	0.266	252	5.09	1.44	19.05	6	1.42	1	2.84	18.56	19.05	18.02	399.21	375.91	4.942	10.980	16.19	35.98	499.9	1501	172	70.31	-1.96	0.268	1.0	-0.22	2.74	1.00	0.00	0.16	111115
45	"11:07:47"	1639.5	0	17.5	0.266	252	5.08	1.44	19.05	6	1.42	1	2.84	18.56	19.05	18.02	399.21	375.95	4.943	10.979	16.20	35.97	499.9	1501	172	70.31	-1.96	0.268	1.0	-0.22	2.74	1.00	0.00	0.16	111115
"11:07:57 Coolers: Tblock -> 23.00 C"
"11:10:54 Flow: Fixed -> 500 umol/s"
46	"11:11:44"	1877.0	0	16.9	0.222	236	5.04	1.68	21.92	6	1.42	1	2.84	22.81	21.92	23.10	400.64	378.06	7.756	13.726	19.57	34.63	499.9	1500	175	70.3	-2.09	0.243	1.0	-0.22	2.74	1.00	0.00	0.16	111115
47	"11:11:44"	1877.0	0	16.9	0.222	236	5.04	1.68	21.92	6	1.42	1	2.84	22.81	21.92	23.10	400.64	378.06	7.756	13.726	19.57	34.63	499.9	1500	175	70.3	-2.09	0.243	1.0	-0.22	2.74	1.00	0.00	0.16	111115
48	"11:11:45"	1877.0	0	16.9	0.222	236	5.04	1.68	21.92	6	1.42	1	2.84	22.81	21.92	23.10	400.64	378.06	7.756	13.726	19.57	34.63	499.9	1500	175	70.3	-2.09	0.243	1.0	-0.22	2.74	1.00	0.00	0.16	111115
49	"11:11:45"	1877.5	0	16.9	0.222	236	5.05	1.68	21.92	6	1.42	1	2.84	22.81	21.92	23.10	400.64	378.07	7.755	13.729	19.56	34.63	499.9	1500	175	70.3	-2.09	0.243	1.0	-0.22	2.74	1.00	0.00	0.16	111115
50	"11:11:46"	1878.0	0	16.9	0.223	237	5.05	1.68	21.92	6	1.42	1	2.84	22.81	21.92	23.10	400.61	378.05	7.755	13.732	19.56	34.64	499.9	1500	175	70.3	-2.09	0.243	1.0	-0.22	2.74	1.00	0.00	0.16	111115
51	"11:11:46"	1878.5	0	16.9	0.223	237	5.05	1.68	21.93	6	1.42	1	2.84	22.81	21.93	23.10	400.63	378.08	7.755	13.734	19.56	34.64	499.9	1500	175	70.3	-2.09	0.243	1.0	-0.22	2.74	1.00	0.00	0.16	111115
52	"11:11:47"	1879.0	0	16.9	0.223	236	5.05	1.68	21.93	6	1.42	1	2.84	22.81	21.93	23.10	400.67	378.06	7.755	13.735	19.56	34.64	499.8	1500	175	70.3	-2.09	0.243	1.0	-0.22	2.74	1.00	0.00	0.16	111115
53	"11:11:47"	1879.5	0	17	0.223	236	5.05	1.68	21.93	6	1.42	1	2.84	22.81	21.93	23.10	400.72	378.07	7.755	13.737	19.55	34.64	499.9	1500	175	70.3	-2.09	0.243	1.0	-0.22	2.74	1.00	0.00	0.16	111115
54	"11:11:48"	1880.0	0	17	0.223	236	5.06	1.68	21.93	6	1.42	1	2.84	22.82	21.93	23.10	400.77	378.10	7.755	13.739	19.55	34.64	499.8	1500	175	70.3	-2.09	0.243	1.0	-0.22	2.74	1.00	0.00	0.16	111115
55	"11:11:48"	1880.5	0	17	0.223	236	5.06	1.68	21.94	6	1.42	1	2.84	22.82	21.94	23.10	400.82	378.09	7.755	13.741	19.55	34.65	499.9	1500	175	70.3	-2.09	0.243	1.0	-0.22	2.74	1.00	0.00	0.16	111115
56	"11:11:49"	1881.0	0	17	0.223	236	5.06	1.68	21.94	6	1.42	1	2.84	22.82	21.94	23.10	400.85	378.11	7.755	13.741	19.55	34.64	499.9	1500	175	70.3	-2.09	0.243	1.0	-0.22	2.74	1.00	0.00	0.16	111115
57	"11:11:49"	1881.5	0	17	0.223	236	5.06	1.68	21.94	6	1.42	1	2.84	22.82	21.94	23.10	400.85	378.12	7.755	13.741	19.55	34.64	499.9	1500	175	70.3	-2.09	0.243	1.0	-0.22	2.74	1.00	0.00	0.16	111115
58	"11:11:50"	1882.0	0	17	0.223	236	5.06	1.68	21.94	6	1.42	1	2.84	22.82	21.94	23.10	400.87	378.15	7.755	13.740	19.55	34.63	499.9	1500	175	70.3	-2.09	0.243	1.0	-0.22	2.74	1.00	0.00	0.16	111115
59	"11:11:50"	1882.5	0	17	0.222	236	5.06	1.68	21.95	6	1.42	1	2.84	22.82	21.95	23.10	400.90	378.16	7.755	13.741	19.55	34.63	499.9	1500	175	70.3	-2.09	0.243	1.0	-0.22	2.74	1.00	0.00	0.16	111115
60	"11:11:51"	1883.0	0	17	0.222	235	5.06	1.68	21.95	6	1.42	1	2.84	22.82	21.95	23.10	400.90	378.16	7.755	13.740	19.55	34.63	499.9	1500	175	70.3	-2.09	0.243	1.0	-0.22	2.74	1.00	0.00	0.16	111115
"11:12:09 Coolers: Tblock -> 28.00 C"
"11:15:17 Flow: Fixed -> 500 umol/s"
61	"11:16:10"	2143.0	0	16.1	0.191	222	5.21	1.98	25.28	6	1.42	1	2.84	27.02	25.28	27.98	400.04	378.30	11.695	17.841	22.94	35.00	499.9	1499	180	70.3	-2.03	0.189	1.0	-0.22	2.74	1.00	0.00	0.16	111115
62	"11:16:10"	2143.0	0	16.1	0.191	222	5.21	1.98	25.28	6	1.42	1	2.84	27.02	25.28	27.98	400.04	378.30	11.695	17.841	22.94	35.00	499.9	1499	180	70.3	-2.03	0.189	1.0	-0.22	2.74	1.00	0.00	0.16	111115
63	"11:16:11"	2143.5	0	16.2	0.191	221	5.21	1.98	25.28	6	1.42	1	2.84	27.02	25.28	27.98	400.10	378.33	11.695	17.840	22.94	34.99	499.9	1499	180	70.3	-2.03	0.189	1.0	-0.22	2.74	1.00	0.00	0.16	111115
64	"11:16:11"	2144.0	0	16.2	0.191	221	5.22	1.98	25.29	6	1.42	1	2.84	27.03	25.29	27.98	400.15	378.33	11.694	17.842	22.93	34.99	499.9	1499	180	70.3	-2.03	0.189	1.0	-0.22	2.74	1.00	0.00	0.16	111115
65	"11:16:12"	2144.5	0	16.2	0.191	221	5.21	1.98	25.29	6	1.42	1	2.84	27.03	25.29	27.98	400.17	378.31	11.695	17.841	22.93	34.99	499.9	1499	180	70.3	-2.03	0.189	1.0	-0.22	2.74	1.00	0.00	0.16	111115
66	"11:16:12"	2145.0	0	16.2	0.191	221	5.21	1.98	25.29	6	1.42	1	2.84	27.03	25.29	27.98	400.15	378.32	11.695	17.839	22.93	34.98	499.9	1499	180	70.3	-2.03	0.189	1.0	-0.22	2.74	1.00	0.00	0.16	111115
67	"11:16:13"	2145.5	0	16.2	0.191	221	5.21	1.98	25.29	6	1.42	1	2.84	27.03	25.29	27.98	400.10	378.33	11.696	17.838	22.93	34.98	499.9	1499	180	70.3	-2.03	0.189	1.0	-0.22	2.74	1.00	0.00	0.16	111115
68	"11:16:13"	2146.0	0	16.1	0.191	222	5.21	1.98	25.29	6	1.42	1	2.84	27.03	25.29	27.98	400.06	378.37	11.696	17.837	22.93	34.98	499.9	1499	180	70.3	-2.03	0.189	1.0	-0.22	2.74	1.00	0.00	0.16	111115
69	"11:16:14"	2146.5	0	16.1	0.191	222	5.21	1.98	25.29	6	1.42	1	2.84	27.03	25.29	27.98	400.06	378.38	11.697	17.837	22.93	34.97	499.9	1499	180	70.3	-2.03	0.189	1.0	-0.22	2.74	1.00	0.00	0.16	111115
70	"11:16:14"	2147.0	0	16.1	0.191	222	5.21	1.98	25.30	6	1.42	1	2.84	27.03	25.30	27.98	400.07	378.37	11.698	17.835	22.93	34.97	499.9	1499	180	70.3	-2.03	0.189	1.0	-0.22	2.74	1.00	0.00	0.16	111115
71	"11:16:15"	2147.5	0	16.1	0.191	221	5.21	1.98	25.30	6	1.42	1	2.84	27.03	25.30	27.98	400.08	378.35	11.698	17.836	22.93	34.96	499.9	1499	180	70.3	-2.03	0.189	1.0	-0.22	2.74	1.00	0.00	0.16	111115
72	"11:16:15"	2148.0	0	16.1	0.19	221	5.2	1.98	25.31	6	1.42	1	2.84	27.03	25.31	27.98	400.10	378.37	11.700	17.835	22.93	34.96	499.9	1499	180	70.3	-2.03	0.189	1.0	-0.22	2.74	1.00	0.00	0.16	111115
73	"11:16:16"	2148.5	0	16.2	0.191	221	5.21	1.98	25.31	6	1.42	1	2.84	27.04	25.31	27.98	400.14	378.36	11.698	17.836	22.93	34.96	499.9	1499	180	70.3	-2.03	0.189	1.0	-0.22	2.74	1.00	0.00	0.16	111115
74	"11:16:16"	2149.0	0	16.2	0.191	221	5.21	1.98	25.31	6	1.42	1	2.84	27.04	25.31	27.98	400.17	378.38	11.698	17.837	22.93	34.96	499.9	1499	180	70.3	-2.03	0.189	1.0	-0.22	2.74	1.00	0.00	0.16	111115
75	"11:16:17"	2149.5	0	16.2	0.19	221	5.21	1.99	25.31	6	1.42	1	2.84	27.04	25.31	27.98	400.16	378.38	11.698	17.835	22.92	34.95	499.9	1499	180	70.3	-2.03	0.189	1.0	-0.22	2.74	1.00	0.00	0.16	111115
"11:16:33 Coolers: Tblock -> 33.00 C"
"11:19:46 Flow: Fixed -> 500 umol/s"
76	"11:20:24"	2397.0	0	14.9	0.151	200	4.82	2.27	28.52	6	1.42	1	2.84	31.37	28.52	33.06	400.74	380.67	17.642	23.294	26.92	35.54	499.9	1501	183	70.3	-1.98	0.123	1.0	-0.22	2.74	1.00	0.00	0.16	111115
77	"11:20:24"	2397.0	0	14.9	0.151	200	4.82	2.27	28.52	6	1.42	1	2.84	31.37	28.52	33.06	400.74	380.67	17.642	23.294	26.92	35.54	499.9	1501	183	70.3	-1.98	0.123	1.0	-0.22	2.74	1.00	0.00	0.16	111115
78	"11:20:25"	2397.5	0	14.8	0.151	201	4.82	2.28	28.53	6	1.42	1	2.84	31.37	28.53	33.06	400.69	380.69	17.643	23.294	26.92	35.54	499.9	1501	183	70.3	-1.98	0.123	1.0	-0.22	2.74	1.00	0.00	0.16	111115
79	"11:20:25"	2398.0	0	14.8	0.151	201	4.82	2.28	28.53	6	1.42	1	2.84	31.37	28.53	33.06	400.67	380.71	17.644	23.295	26.92	35.54	499.9	1500	183	70.3	-1.98	0.123	1.0	-0.22	2.74	1.00	0.00	0.16	111115
80	"11:20:26"	2398.5	0	14.8	0.15	200	4.82	2.28	28.54	6	1.42	1	2.84	31.38	28.54	33.06	400.68	380.69	17.645	23.294	26.92	35.53	499.9	1501	183	70.3	-1.98	0.123	1.0	-0.22	2.74	1.00	0.00	0.16	111115
81	"11:20:26"	2399.0	0	14.9	0.15	200	4.82	2.28	28.55	6	1.42	1	2.84	31.38	28.55	33.06	400.73	380.69	17.646	23.298	26.91	35.53	499.9	1501	183	70.3	-1.98	0.123	1.0	-0.22	2.74	1.00	0.00	0.16	111115
82	"11:20:27"	2399.5	0	14.9	0.15	200	4.82	2.28	28.55	6	1.42	1	2.84	31.38	28.55	33.06	400.73	380.68	17.647	23.297	26.91	35.53	499.9	1500	183	70.3	-1.98	0.123	1.0	-0.22	2.74	1.00	0.00	0.16	111115
83	"11:20:27"	2400.0	0	14.9	0.15	199	4.82	2.28	28.55	6	1.42	1	2.84	31.38	28.55	33.06	400.76	380.66	17.648	23.297	26.91	35.53	499.8	1501	183	70.3	-1.98	0.123	1.0	-0.22	2.74	1.00	0.00	0.16	111115
84	"11:20:28"	2400.5	0	14.9	0.15	199	4.82	2.28	28.55	6	1.42	1	2.84	31.38	28.55	33.06	400.73	380.66	17.649	23.297	26.91	35.52	499.8	1501	183	70.3	-1.98	0.123	1.0	-0.22	2.74	1.00	0.00	0.16	111115
85	"11:20:28"	2401.0	0	14.9	0.15	199	4.82	2.28	28.55	6	1.42	1	2.84	31.38	28.55	33.06	400.73	380.67	17.651	23.298	26.91	35.52	499.8	1501	183	70.3	-1.98	0.123	1.0	-0.22	2.74	1.00	0.00	0.16	111115
86	"11:20:29"	2401.5	0	14.9	0.15	199	4.82	2.28	28.55	6	1.42	1	2.84	31.39	28.55	33.06	400.75	380.68	17.651	23.300	26.91	35.52	499.8	1500	183	70.3	-1.98	0.123	1.0	-0.22	2.74	1.00	0.00	0.16	111115
87	"11:20:29"	2402.0	0	14.9	0.15	199	4.82	2.28	28.55	6	1.42	1	2.84	31.39	28.55	33.06	400.76	380.67	17.652	23.302	26.91	35.52	499.8	1500	183	70.3	-1.98	0.123	1.0	-0.22	2.74	1.00	0.00	0.16	111115
88	"11:20:30"	2402.5	0	14.9	0.15	199	4.82	2.28	28.56	6	1.42	1	2.84	31.39	28.56	33.06	400.75	380.67	17.651	23.305	26.90	35.52	499.8	1500	183	70.3	-1.98	0.123	1.0	-0.22	2.74	1.00	0.00	0.16	111115
89	"11:20:30"	2403.0	0	14.8	0.15	200	4.82	2.28	28.56	6	1.42	1	2.84	31.39	28.56	33.06	400.69	380.67	17.650	23.305	26.90	35.52	499.8	1500	183	70.3	-1.98	0.123	1.0	-0.22	2.74	1.00	0.00	0.16	111115
90	"11:20:31"	2403.5	0	14.8	0.15	200	4.82	2.28	28.56	6	1.42	1	2.84	31.39	28.56	33.06	400.66	380.67	17.651	23.306	26.90	35.52	499.9	1501	183	70.3	-1.98	0.123	1.0	-0.22	2.74	1.00	0.00	0.16	111115
"11:20:47 Coolers: Tblock -> 38.00 C"
"11:29:14 Flow: Fixed -> 500 umol/s"
91	"11:30:46"	3019.5	0	11.5	0.101	176	4.19	2.88	32.75	6	1.42	1	2.84	36.10	32.75	38.13	399.51	383.80	25.040	29.916	29.33	35.04	499.9	1500	198	70.3	-1.23	0.0575	0.7	-0.22	2.74	1.00	0.00	0.16	111115
92	"11:30:47"	3019.5	0	11.5	0.101	176	4.19	2.88	32.75	6	1.42	1	2.84	36.10	32.75	38.13	399.51	383.80	25.040	29.916	29.33	35.04	499.9	1500	198	70.3	-1.23	0.0575	0.7	-0.22	2.74	1.00	0.00	0.16	111115
93	"11:30:47"	3020.0	0	11.5	0.1	176	4.19	2.88	32.76	6	1.42	1	2.84	36.10	32.76	38.14	399.45	383.75	25.039	29.914	29.32	35.03	499.9	1500	198	70.3	-1.23	0.0575	0.7	-0.22	2.74	1.00	0.00	0.16	111115
94	"11:30:48"	3020.5	0	11.6	0.1	174	4.19	2.88	32.76	6	1.42	1	2.84	36.10	32.76	38.14	399.59	383.72	25.040	29.917	29.32	35.03	499.9	1500	198	70.3	-1.23	0.0575	0.7	-0.22	2.74	1.00	0.00	0.16	111115
95	"11:30:48"	3021.0	0	11.6	0.1	173	4.19	2.88	32.76	6	1.42	1	2.84	36.11	32.76	38.14	399.59	383.70	25.040	29.916	29.32	35.03	499.9	1500	198	70.3	-1.23	0.0575	0.7	-0.22	2.74	1.00	0.00	0.16	111115
96	"11:30:49"	3021.5	0	11.6	0.1	174	4.19	2.88	32.77	6	1.42	1	2.84	36.11	32.77	38.14	399.49	383.65	25.042	29.918	29.32	35.03	499.9	1500	198	70.3	-1.23	0.0575	0.7	-0.22	2.74	1.00	0.00	0.16	111115
97	"11:30:49"	3022.0	0	11.5	0.1	176	4.19	2.88	32.77	6	1.42	1	2.84	36.11	32.77	38.14	399.31	383.63	25.042	29.918	29.32	35.03	499.9	1500	198	70.3	-1.23	0.0575	0.7	-0.22	2.74	1.00	0.00	0.16	111115
98	"11:30:50"	3022.5	0	11.4	0.1	177	4.19	2.88	32.77	6	1.42	1	2.84	36.11	32.77	38.14	399.21	383.59	25.042	29.917	29.32	35.02	499.9	1500	198	70.3	-1.23	0.0575	0.7	-0.22	2.74	1.00	0.00	0.16	111115
99	"11:30:50"	3023.0	0	11.4	0.1	177	4.19	2.88	32.77	6	1.42	1	2.84	36.11	32.77	38.14	399.19	383.60	25.041	29.916	29.31	35.02	499.9	1500	198	70.3	-1.23	0.0575	0.7	-0.22	2.74	1.00	0.00	0.16	111115
100	"11:30:51"	3023.5	0	11.4	0.1	177	4.19	2.88	32.77	6	1.42	1	2.84	36.11	32.77	38.14	399.25	383.61	25.042	29.916	29.31	35.02	499.9	1500	198	70.3	-1.23	0.0575	0.7	-0.22	2.74	1.00	0.00	0.16	111115
101	"11:30:51"	3024.0	0	11.4	0.1	177	4.18	2.88	32.77	6	1.42	1	2.84	36.11	32.77	38.14	399.26	383.67	25.042	29.914	29.32	35.02	499.9	1500	198	70.3	-1.23	0.0575	0.7	-0.22	2.74	1.00	0.00	0.16	111115
102	"11:30:52"	3024.5	0	11.3	0.1	178	4.18	2.88	32.76	6	1.42	1	2.84	36.11	32.76	38.14	399.29	383.74	25.041	29.910	29.31	35.01	499.9	1500	198	70.3	-1.23	0.0575	0.7	-0.22	2.74	1.00	0.00	0.16	111115
103	"11:30:52"	3025.0	0	11.4	0.1	176	4.18	2.88	32.76	6	1.42	1	2.84	36.11	32.76	38.14	399.48	383.81	25.040	29.912	29.31	35.02	499.9	1500	198	70.3	-1.23	0.0575	0.7	-0.22	2.74	1.00	0.00	0.16	111115
104	"11:30:53"	3025.5	0	11.6	0.1	175	4.19	2.88	32.76	6	1.42	1	2.84	36.11	32.76	38.14	399.74	383.93	25.038	29.912	29.31	35.01	499.9	1500	198	70.3	-1.23	0.0575	0.7	-0.22	2.74	1.00	0.00	0.16	111115
105	"11:30:53"	3026.0	0	11.8	0.101	172	4.19	2.88	32.76	6	1.42	1	2.84	36.11	32.76	38.14	400.07	384.01	25.038	29.914	29.31	35.02	499.9	1500	198	70.3	-1.23	0.0575	0.7	-0.22	2.74	1.00	0.00	0.16	111115
