"OPEN 6.2.4"
"Wed Jul  1 2015 10:30:18"
<open><version>"6.2.4"</version></open>
<open><configfile>"/User/Configs/UserPrefs/2x3 LED.xml"</configfile></open>
<open><light><source>"6400-02 or -02B LED Source"</source><par_in>1<sensor>"SI-3781"<cal>-0.93<actinity>1.00</actinity><transm>1.00</transm></cal></sensor><transm>1</transm></par_in><par_out>1<sensor>"Q49599"<cal>7.26</cal></sensor></par_out></light></open>
<open><comps><file>"/User/Configs/Comps/StdComps_6.2"<header>""</header><extras></extras></file><energybal>no<f_parIn>1</f_parIn><f_parOut>0</f_parOut><alphaK>0.16</alphaK></energybal><bc_total>2.840<stomatal_ratio>1</stomatal_ratio><bc_oneside>1.420<type>2</type><table>"/Sys/Lib/StdBLCTable"</table><area>6</area><slope>-0.219565</slope><offset>2.73739</offset><fan>5</fan></bc_oneside></bc_total></comps></open>
<open><prompts><onlog>off</onlog><items>"Default (none)"</items></prompts></open>
<open><constants><oxygen>21 %</oxygen><bb_vapor>1.5</bb_vapor><bb_oxy>0.9</bb_oxy></constants></open>
<open><stability><items>"Std Stability"<items[1]><id>-2</id><size>15</size><pcv><onoff>0</onoff><value>1</value></pcv><std><onoff>0</onoff><value>1</value></std><slp><onoff>1</onoff><value>1</value></slp></items[1]><items[2]><id>-5</id><size>15</size><pcv><onoff>0</onoff><value>1</value></pcv><std><onoff>0</onoff><value>1</value></std><slp><onoff>1</onoff><value>1</value></slp></items[2]><items[3]><id>-7</id><size>15</size><pcv><onoff>0</onoff><value>1</value></pcv><std><onoff>0</onoff><value>1</value></std><slp><onoff>1</onoff><value>1</value></slp></items[3]></items></stability></open>
<open><log><format>"StdLogFmt_6.0"<items>{ -35 -21 -36 -76 30 23 36 21 25 221 -33 111 -34 11 -9 -10 -8 -1 -2 -4 -5 -14 -15 -7 -12 -13 -11 -65 -66 -72 -18 -19 -77 -78 -79 -23  }<hdr>{  }</hdr></items></format><options><beep>on</beep><hdr>normal</hdr><rem>normal</rem><stab>no</stab><stats>no<mean>no</mean><file>no</file><period>15</period></stats><excel>yes</excel><controls>yes</controls><comm>no</comm></options><datafile>"/User/stm-pbcup1"</datafile><button><action>"Normal Log"<code>" LogOneObsManual "</code></action></button><autoprog>"/User/Configs/AutoProgs/AutoLog2"<active>no</active></autoprog></log></open>
<open><a2d><avgtime>4.0 secs</avgtime><userchans><ch20>"Off"</ch20><ch21>"Off"</ch21><ch22>"Off"</ch22><ch23>"Off"</ch23></userchans></a2d></open>
<open><matching><type>0</type><disp>'a'</disp><settings><CO2Limit>10.0</CO2Limit><H2OLimit>1.0</H2OLimit><MaxAutoTime>60</MaxAutoTime></settings></matching></open>
<li6400><factory><unit>"PSC-3840"</unit><serviced>"1 Jul 2013"</serviced><fuseaware>0</fuseaware><co2mixer>yes</co2mixer><co2><coeffs>{ 0 0.213319 2.22998e-05 2.13159e-08 -3.88664e-12 3.69888e-16  }</coeffs><dvdt>-4.7</dvdt><xs>{ 0.0009 -0.0002  }</xs></co2><h2o><coeffs>{ 0 0.00572751 2.23485e-06 -7.37877e-12  }</coeffs><dvdt>-1.7</dvdt><xs>{ 0.0009 -0.0028  }</xs></h2o><flow>{ 0 0.3568  }</flow><press>{ 88.437 0.00551  }</press></factory></li6400>
<li6400><user><flow_zero>-468.8</flow_zero><irga_zero><co2>429.7 390.6<at>17.6901</at></co2><h2o>78.1 156.2<at>17.1607</at></h2o></irga_zero><irga_span><co2>{ 0.99237 0.992833  }</co2><h2o>{ 1.00426 0.996799  }</h2o></irga_span><irga_match><co2>{ 0.368307 -2.10635  }</co2><h2o>{ 0.00477181 -0.0105553  }</h2o></irga_match><co2_mixer><pump_mv>4500</pump_mv><ppm>{ 2287.2 1080.71 423.89 257.488 117.195 68.0056 44.5242 37.9628  }</ppm><mv>{ 5000 3000 1500 1000 500 300 200 100  }</mv></co2_mixer><parin_offset>0</parin_offset><led_cal><unit>"SI-3781"</unit><mv>{ 10 25 50 100 1000 2000 3000 4000 5000  }</mv><qntm>{ 4.69642 15.4417 35.4805 82.2863 972.665 1922.29 2824.32 3690.14 4518.2  }</qntm></led_cal><lcf_cal><unit>"unknown"</unit><red><mv>{ 50 100 500 1000 1500 5000  }</mv><qntm>{ 50 100 500 1000 2000 5000  }</qntm></red><blue><mv>{ 100 200 500 1000 2000 5000  }</mv><qntm>{ 10 20 50 100 200 500  }</qntm></blue></lcf_cal></user></li6400>
"10:30:19 "
$STARTOFDATA$
"Obs"	"HHMMSS"	"FTime"	"EBal?"	"Photo"	"Cond"	"Ci"	"Trmmol"	"VpdL"	"CTleaf"	"Area"	"BLC_1"	"StmRat"	"BLCond"	"Tair"	"Tleaf"	"TBlk"	"CO2R"	"CO2S"	"H2OR"	"H2OS"	"RH_R"	"RH_S"	"Flow"	"PARi"	"PARo"	"Press"	"CsMch"	"HsMch"	"StableF"	"BLCslope"	"BLCoffst"	"f_parin"	"f_parout"	"alphaK"	"Status"
"10:31:14 CO2 Mixer: CO2R -> 400 uml"
"10:31:21 Coolers: Tblock -> 0.00 C"
"10:31:28 Lamp: ParIn ->  1500 uml"
"10:44:34 Coolers: Tblock -> 4.22 C"
"10:45:01 Flow: Fixed -> 500 umol/s"
1	"10:45:26"	918.5	0	11.7	0.238	292	3.77	1.16	13.26	6	1.42	1	2.84	6.89	13.26	4.36	401.14	385.39	0.871	5.376	5.97	36.87	500.0	1500	200	68.46	-2.28	0.218	1.0	-0.22	2.74	1.00	0.00	0.16	111115
2	"10:45:27"	918.5	0	11.7	0.238	292	3.77	1.16	13.26	6	1.42	1	2.84	6.89	13.26	4.36	401.14	385.39	0.871	5.376	5.97	36.87	500.0	1500	200	68.46	-2.28	0.218	1.0	-0.22	2.74	1.00	0.00	0.16	111115
3	"10:45:27"	919.0	0	11.7	0.238	292	3.77	1.16	13.26	6	1.42	1	2.84	6.89	13.26	4.36	401.15	385.40	0.871	5.376	5.97	36.87	499.9	1500	200	68.46	-2.28	0.218	1.0	-0.22	2.74	1.00	0.00	0.16	111115
4	"10:45:28"	919.5	0	11.7	0.238	292	3.77	1.16	13.26	6	1.42	1	2.84	6.89	13.26	4.36	401.14	385.36	0.871	5.375	5.97	36.87	499.9	1500	200	68.46	-2.28	0.218	1.0	-0.22	2.74	1.00	0.00	0.16	111115
5	"10:45:28"	920.0	0	11.7	0.238	292	3.77	1.16	13.26	6	1.42	1	2.84	6.89	13.26	4.36	401.12	385.37	0.871	5.374	5.97	36.86	499.9	1500	200	68.46	-2.28	0.218	1.0	-0.22	2.74	1.00	0.00	0.16	111115
6	"10:45:29"	920.5	0	11.7	0.238	292	3.77	1.16	13.26	6	1.42	1	2.84	6.89	13.26	4.36	401.11	385.37	0.870	5.374	5.97	36.86	499.9	1500	200	68.46	-2.28	0.218	1.0	-0.22	2.74	1.00	0.00	0.16	111115
7	"10:45:29"	921.0	0	11.7	0.238	292	3.77	1.16	13.27	6	1.42	1	2.84	6.89	13.27	4.36	401.13	385.37	0.870	5.373	5.97	36.85	499.9	1500	200	68.46	-2.28	0.218	1.0	-0.22	2.74	1.00	0.00	0.16	111115
8	"10:45:30"	921.5	0	11.7	0.238	292	3.77	1.16	13.26	6	1.42	1	2.84	6.89	13.26	4.36	401.14	385.37	0.868	5.373	5.96	36.85	499.9	1500	200	68.46	-2.28	0.218	1.0	-0.22	2.74	1.00	0.00	0.16	111115
9	"10:45:30"	922.0	0	11.7	0.238	292	3.77	1.16	13.26	6	1.42	1	2.84	6.89	13.26	4.36	401.18	385.41	0.868	5.372	5.95	36.84	499.9	1500	199	68.46	-2.28	0.218	1.0	-0.22	2.74	1.00	0.00	0.16	111115
10	"10:45:31"	922.5	0	11.7	0.238	292	3.77	1.16	13.26	6	1.42	1	2.84	6.89	13.26	4.36	401.22	385.44	0.867	5.372	5.95	36.85	499.9	1500	199	68.46	-2.28	0.218	1.0	-0.22	2.74	1.00	0.00	0.16	111115
11	"10:45:31"	923.0	0	11.7	0.238	292	3.77	1.16	13.27	6	1.42	1	2.84	6.89	13.27	4.36	401.27	385.47	0.866	5.372	5.94	36.84	499.9	1500	199	68.46	-2.28	0.218	1.0	-0.22	2.74	1.00	0.00	0.16	111115
12	"10:45:32"	923.5	0	11.7	0.238	292	3.78	1.16	13.27	6	1.42	1	2.84	6.89	13.27	4.36	401.33	385.52	0.864	5.373	5.93	36.84	499.9	1500	199	68.46	-2.28	0.218	1.0	-0.22	2.74	1.00	0.00	0.16	111115
13	"10:45:32"	924.0	0	11.7	0.238	292	3.78	1.16	13.26	6	1.42	1	2.84	6.89	13.26	4.36	401.40	385.55	0.863	5.372	5.92	36.84	499.9	1500	199	68.46	-2.28	0.218	1.0	-0.22	2.74	1.00	0.00	0.16	111115
14	"10:45:33"	924.5	0	11.8	0.238	292	3.78	1.16	13.26	6	1.42	1	2.84	6.89	13.26	4.36	401.46	385.58	0.863	5.372	5.91	36.84	499.9	1500	199	68.46	-2.28	0.218	1.0	-0.22	2.74	1.00	0.00	0.16	111115
15	"10:45:33"	925.0	0	11.8	0.238	292	3.78	1.16	13.26	6	1.42	1	2.84	6.89	13.26	4.36	401.48	385.61	0.862	5.373	5.91	36.85	499.9	1500	199	68.46	-2.28	0.218	1.0	-0.22	2.74	1.00	0.00	0.16	111115
"10:45:48 Coolers: Tblock -> 9.00 C"
"10:47:20 Flow: Fixed -> 500 umol/s"
"10:47:57 Flow: Fixed -> 500 umol/s"
16	"10:48:41"	1114.0	0	12.2	0.236	287	4.03	1.25	14.87	6	1.42	1	2.84	10.52	14.87	9.03	401.49	385.04	1.763	6.572	9.46	35.26	500.0	1500	234	68.45	-2.79	0.214	1.0	-0.22	2.74	1.00	0.00	0.16	111115
17	"10:48:42"	1114.0	0	12.2	0.236	287	4.03	1.25	14.87	6	1.42	1	2.84	10.52	14.87	9.03	401.49	385.04	1.763	6.572	9.46	35.26	500.0	1500	234	68.45	-2.79	0.214	1.0	-0.22	2.74	1.00	0.00	0.16	111115
18	"10:48:42"	1114.5	0	12.2	0.236	287	4.03	1.25	14.87	6	1.42	1	2.84	10.52	14.87	9.03	401.50	385.04	1.763	6.572	9.46	35.26	499.9	1500	234	68.45	-2.79	0.214	1.0	-0.22	2.74	1.00	0.00	0.16	111115
19	"10:48:43"	1115.0	0	12.2	0.236	287	4.03	1.25	14.87	6	1.42	1	2.84	10.52	14.87	9.03	401.53	385.06	1.763	6.573	9.46	35.26	499.9	1500	234	68.45	-2.79	0.214	1.0	-0.22	2.74	1.00	0.00	0.16	111115
20	"10:48:43"	1115.5	0	12.3	0.236	286	4.04	1.25	14.87	6	1.42	1	2.84	10.52	14.87	9.03	401.59	385.00	1.762	6.573	9.45	35.26	499.9	1500	233	68.45	-2.79	0.214	1.0	-0.22	2.74	1.00	0.00	0.16	111115
21	"10:48:44"	1116.0	0	12.3	0.236	286	4.04	1.25	14.87	6	1.42	1	2.84	10.52	14.87	9.03	401.64	384.97	1.761	6.575	9.45	35.27	499.9	1500	233	68.45	-2.79	0.214	1.0	-0.22	2.74	1.00	0.00	0.16	111115
22	"10:48:44"	1116.5	0	12.4	0.236	285	4.04	1.25	14.87	6	1.42	1	2.84	10.52	14.87	9.03	401.68	384.97	1.760	6.575	9.44	35.27	499.9	1500	233	68.45	-2.79	0.214	1.0	-0.22	2.74	1.00	0.00	0.16	111115
23	"10:48:45"	1117.0	0	12.4	0.236	285	4.04	1.25	14.87	6	1.42	1	2.84	10.52	14.87	9.03	401.71	384.99	1.761	6.576	9.44	35.27	499.9	1500	233	68.45	-2.79	0.214	1.0	-0.22	2.74	1.00	0.00	0.16	111115
24	"10:48:45"	1117.5	0	12.4	0.236	285	4.04	1.25	14.87	6	1.42	1	2.84	10.52	14.87	9.03	401.74	384.97	1.761	6.577	9.44	35.27	499.9	1500	232	68.45	-2.79	0.214	1.0	-0.22	2.74	1.00	0.00	0.16	111115
25	"10:48:46"	1118.0	0	12.4	0.236	285	4.04	1.25	14.87	6	1.42	1	2.84	10.53	14.87	9.03	401.75	385.00	1.761	6.577	9.44	35.27	499.9	1500	232	68.45	-2.79	0.214	1.0	-0.22	2.74	1.00	0.00	0.16	111115
26	"10:48:46"	1118.5	0	12.4	0.236	285	4.04	1.25	14.87	6	1.42	1	2.84	10.53	14.87	9.03	401.79	385.01	1.760	6.578	9.44	35.27	499.9	1500	232	68.45	-2.79	0.214	1.0	-0.22	2.74	1.00	0.00	0.16	111115
27	"10:48:47"	1119.0	0	12.4	0.237	285	4.04	1.25	14.88	6	1.42	1	2.84	10.53	14.88	9.03	401.78	384.98	1.759	6.580	9.43	35.28	499.9	1500	231	68.45	-2.79	0.214	1.0	-0.22	2.74	1.00	0.00	0.16	111115
28	"10:48:47"	1119.5	0	12.4	0.237	285	4.05	1.25	14.88	6	1.42	1	2.84	10.53	14.88	9.03	401.75	385.01	1.759	6.582	9.43	35.29	499.9	1500	231	68.45	-2.79	0.214	1.0	-0.22	2.74	1.00	0.00	0.16	111115
29	"10:48:48"	1120.0	0	12.3	0.237	286	4.04	1.25	14.88	6	1.42	1	2.84	10.53	14.88	9.03	401.69	385.03	1.760	6.582	9.43	35.28	500.0	1500	231	68.45	-2.79	0.214	1.0	-0.22	2.74	1.00	0.00	0.16	111115
30	"10:48:48"	1120.5	0	12.3	0.236	286	4.04	1.25	14.88	6	1.42	1	2.84	10.53	14.88	9.04	401.65	385.06	1.761	6.581	9.44	35.28	500.0	1500	230	68.45	-2.79	0.214	1.0	-0.22	2.74	1.00	0.00	0.16	111115
"10:48:58 Coolers: Tblock -> 14.00 C"
"10:51:40 Flow: Fixed -> 500 umol/s"
31	"10:52:14"	1326.0	0	13	0.232	276	4.42	1.38	17.30	6	1.42	1	2.84	14.78	17.30	14.11	400.50	382.89	3.457	8.715	14.02	35.36	499.9	1500	236	68.45	-2.92	0.204	1.0	-0.22	2.74	1.00	0.00	0.16	111115
32	"10:52:14"	1326.0	0	13	0.232	276	4.42	1.38	17.30	6	1.42	1	2.84	14.78	17.30	14.11	400.50	382.89	3.457	8.715	14.02	35.36	499.9	1500	236	68.45	-2.92	0.204	1.0	-0.22	2.74	1.00	0.00	0.16	111115
33	"10:52:15"	1326.5	0	13	0.232	276	4.42	1.39	17.30	6	1.42	1	2.84	14.78	17.30	14.11	400.53	382.94	3.457	8.716	14.02	35.36	500.0	1500	236	68.45	-2.92	0.204	1.0	-0.22	2.74	1.00	0.00	0.16	111115
34	"10:52:15"	1327.0	0	13	0.232	277	4.42	1.39	17.30	6	1.42	1	2.84	14.78	17.30	14.11	400.53	382.95	3.457	8.716	14.02	35.35	500.0	1500	236	68.45	-2.92	0.204	1.0	-0.22	2.74	1.00	0.00	0.16	111115
35	"10:52:16"	1327.5	0	12.9	0.232	277	4.42	1.39	17.30	6	1.42	1	2.84	14.78	17.30	14.11	400.52	383.00	3.457	8.717	14.02	35.35	500.0	1500	236	68.45	-2.92	0.204	1.0	-0.22	2.74	1.00	0.00	0.16	111115
36	"10:52:16"	1328.0	0	12.9	0.232	277	4.42	1.38	17.30	6	1.42	1	2.84	14.79	17.30	14.11	400.53	383.02	3.457	8.718	14.02	35.35	500.0	1500	236	68.45	-2.92	0.204	1.0	-0.22	2.74	1.00	0.00	0.16	111115
37	"10:52:17"	1328.5	0	12.9	0.232	277	4.42	1.38	17.30	6	1.42	1	2.84	14.79	17.30	14.11	400.56	382.99	3.457	8.719	14.02	35.36	500.0	1500	237	68.45	-2.92	0.204	1.0	-0.22	2.74	1.00	0.00	0.16	111115
38	"10:52:17"	1329.0	0	13	0.232	277	4.42	1.38	17.30	6	1.42	1	2.84	14.79	17.30	14.11	400.58	383.00	3.456	8.720	14.01	35.35	499.9	1500	237	68.45	-2.92	0.204	1.0	-0.22	2.74	1.00	0.00	0.16	111115
39	"10:52:18"	1329.5	0	12.9	0.232	277	4.42	1.38	17.30	6	1.42	1	2.84	14.79	17.30	14.11	400.57	383.05	3.456	8.720	14.01	35.35	499.9	1500	237	68.45	-2.92	0.204	1.0	-0.22	2.74	1.00	0.00	0.16	111115
40	"10:52:18"	1330.0	0	12.9	0.232	277	4.43	1.38	17.30	6	1.42	1	2.84	14.79	17.30	14.11	400.56	383.06	3.455	8.722	14.01	35.35	500.0	1500	237	68.45	-2.92	0.204	1.0	-0.22	2.74	1.00	0.00	0.16	111115
41	"10:52:19"	1330.5	0	12.9	0.232	277	4.43	1.39	17.30	6	1.42	1	2.84	14.79	17.30	14.11	400.59	383.06	3.455	8.721	14.00	35.35	499.9	1500	237	68.45	-2.92	0.204	1.0	-0.22	2.74	1.00	0.00	0.16	111115
42	"10:52:19"	1331.0	0	12.9	0.232	277	4.43	1.39	17.31	6	1.42	1	2.84	14.79	17.31	14.11	400.63	383.08	3.455	8.723	14.00	35.35	499.9	1500	238	68.45	-2.92	0.204	1.0	-0.22	2.74	1.00	0.00	0.16	111115
43	"10:52:20"	1331.5	0	13	0.232	277	4.43	1.39	17.31	6	1.42	1	2.84	14.80	17.31	14.11	400.68	383.06	3.455	8.724	14.00	35.35	499.9	1500	238	68.45	-2.92	0.204	1.0	-0.22	2.74	1.00	0.00	0.16	111115
44	"10:52:20"	1332.0	0	13	0.232	276	4.43	1.39	17.32	6	1.42	1	2.84	14.80	17.32	14.11	400.73	383.05	3.453	8.725	13.99	35.36	499.9	1500	238	68.45	-2.92	0.204	1.0	-0.22	2.74	1.00	0.00	0.16	111115
45	"10:52:21"	1332.5	0	13	0.232	276	4.43	1.39	17.32	6	1.42	1	2.84	14.80	17.32	14.11	400.74	383.07	3.452	8.725	13.99	35.35	499.9	1500	238	68.45	-2.92	0.204	1.0	-0.22	2.74	1.00	0.00	0.16	111115
"10:52:29 Coolers: Tblock -> 19.00 C"
"10:54:25 Flow: Fixed -> 500 umol/s"
46	"10:55:07"	1498.5	0	13.1	0.225	271	4.68	1.5	19.54	6	1.42	1	2.84	18.87	19.54	19.00	399.65	381.81	5.857	11.408	18.33	35.70	499.9	1501	244	68.45	-2.92	0.178	1.0	-0.22	2.74	1.00	0.00	0.16	111115
47	"10:55:07"	1498.5	0	13.1	0.225	271	4.68	1.5	19.54	6	1.42	1	2.84	18.87	19.54	19.00	399.65	381.81	5.857	11.408	18.33	35.70	499.9	1501	244	68.45	-2.92	0.178	1.0	-0.22	2.74	1.00	0.00	0.16	111115
48	"10:55:08"	1499.0	0	13.1	0.225	271	4.68	1.5	19.55	6	1.42	1	2.84	18.87	19.55	19.00	399.72	381.83	5.857	11.408	18.33	35.70	499.9	1501	244	68.45	-2.92	0.178	1.0	-0.22	2.74	1.00	0.00	0.16	111115
49	"10:55:08"	1499.5	0	13.2	0.225	270	4.68	1.5	19.55	6	1.42	1	2.84	18.87	19.55	19.00	399.75	381.77	5.856	11.409	18.33	35.70	499.9	1501	244	68.45	-2.92	0.178	1.0	-0.22	2.74	1.00	0.00	0.16	111115
50	"10:55:09"	1500.0	0	13.2	0.225	270	4.68	1.5	19.55	6	1.42	1	2.84	18.87	19.55	19.00	399.78	381.79	5.856	11.407	18.32	35.69	499.9	1501	244	68.45	-2.92	0.178	1.0	-0.22	2.74	1.00	0.00	0.16	111115
51	"10:55:09"	1500.5	0	13.2	0.225	270	4.68	1.5	19.55	6	1.42	1	2.84	18.87	19.55	19.00	399.84	381.79	5.855	11.409	18.32	35.69	499.9	1501	245	68.45	-2.92	0.178	1.0	-0.22	2.74	1.00	0.00	0.16	111115
52	"10:55:10"	1501.0	0	13.3	0.225	270	4.68	1.5	19.55	6	1.42	1	2.84	18.88	19.55	19.00	399.87	381.79	5.854	11.411	18.31	35.69	499.9	1501	245	68.45	-2.92	0.178	1.0	-0.22	2.74	1.00	0.00	0.16	111115
53	"10:55:10"	1501.5	0	13.3	0.225	270	4.68	1.5	19.55	6	1.42	1	2.84	18.88	19.55	19.00	399.86	381.78	5.853	11.410	18.31	35.69	499.9	1501	245	68.45	-2.92	0.178	1.0	-0.22	2.74	1.00	0.00	0.16	111115
54	"10:55:11"	1502.0	0	13.2	0.225	270	4.68	1.5	19.55	6	1.42	1	2.84	18.88	19.55	19.00	399.83	381.78	5.852	11.410	18.30	35.68	499.9	1501	244	68.45	-2.92	0.178	1.0	-0.22	2.74	1.00	0.00	0.16	111115
55	"10:55:11"	1502.5	0	13.2	0.225	270	4.69	1.5	19.55	6	1.42	1	2.84	18.88	19.55	19.00	399.83	381.83	5.852	11.411	18.30	35.68	500.0	1501	245	68.45	-2.92	0.178	1.0	-0.22	2.74	1.00	0.00	0.16	111115
56	"10:55:12"	1503.0	0	13.2	0.225	270	4.69	1.5	19.55	6	1.42	1	2.84	18.88	19.55	19.00	399.83	381.82	5.850	11.410	18.29	35.68	499.9	1501	245	68.45	-2.92	0.178	1.0	-0.22	2.74	1.00	0.00	0.16	111115
57	"10:55:12"	1503.5	0	13.2	0.226	270	4.69	1.5	19.56	6	1.42	1	2.84	18.88	19.56	19.00	399.85	381.86	5.849	11.412	18.29	35.68	499.9	1501	245	68.45	-2.92	0.178	1.0	-0.22	2.74	1.00	0.00	0.16	111115
58	"10:55:13"	1504.0	0	13.2	0.226	270	4.69	1.5	19.56	6	1.42	1	2.84	18.88	19.56	19.00	399.88	381.87	5.847	11.413	18.28	35.68	499.9	1501	245	68.45	-2.92	0.178	1.0	-0.22	2.74	1.00	0.00	0.16	111115
59	"10:55:13"	1504.5	0	13.2	0.226	270	4.69	1.5	19.56	6	1.42	1	2.84	18.88	19.56	19.00	399.88	381.91	5.846	11.413	18.27	35.68	500.0	1501	245	68.45	-2.92	0.178	1.0	-0.22	2.74	1.00	0.00	0.16	111115
60	"10:55:14"	1505.0	0	13.2	0.226	271	4.69	1.5	19.57	6	1.42	1	2.84	18.89	19.57	19.00	399.85	381.91	5.843	11.412	18.26	35.67	500.0	1501	245	68.45	-2.92	0.178	1.0	-0.22	2.74	1.00	0.00	0.16	111115
"10:55:24 Coolers: Tblock -> 24.00 C"
"10:57:23 Flow: Fixed -> 500 umol/s"
61	"10:57:42"	1655.0	0	12.9	0.214	268	4.82	1.61	21.70	6	1.42	1	2.84	23.04	21.70	24.08	401.00	383.27	8.799	14.495	21.31	35.10	500.0	1499	241	68.45	-2.88	0.135	1.0	-0.22	2.74	1.00	0.00	0.16	111115
62	"10:57:43"	1655.0	0	12.9	0.214	268	4.82	1.61	21.70	6	1.42	1	2.84	23.04	21.70	24.08	401.00	383.27	8.799	14.495	21.31	35.10	500.0	1499	241	68.45	-2.88	0.135	1.0	-0.22	2.74	1.00	0.00	0.16	111115
63	"10:57:43"	1655.5	0	12.9	0.214	268	4.82	1.61	21.70	6	1.42	1	2.84	23.04	21.70	24.08	400.98	383.26	8.797	14.497	21.30	35.10	499.9	1499	241	68.45	-2.88	0.135	1.0	-0.22	2.74	1.00	0.00	0.16	111115
64	"10:57:44"	1656.0	0	13	0.214	268	4.82	1.61	21.71	6	1.42	1	2.84	23.04	21.71	24.08	401.00	383.22	8.795	14.498	21.29	35.10	499.9	1499	241	68.45	-2.88	0.135	1.0	-0.22	2.74	1.00	0.00	0.16	111115
65	"10:57:44"	1656.5	0	12.9	0.214	268	4.83	1.61	21.71	6	1.42	1	2.84	23.05	21.71	24.08	400.97	383.23	8.792	14.501	21.28	35.10	499.9	1499	241	68.45	-2.88	0.135	1.0	-0.22	2.74	1.00	0.00	0.16	111115
66	"10:57:45"	1657.0	0	13	0.214	267	4.83	1.62	21.72	6	1.42	1	2.84	23.05	21.72	24.08	401.03	383.20	8.790	14.503	21.27	35.10	499.9	1499	241	68.45	-2.88	0.135	1.0	-0.22	2.74	1.00	0.00	0.16	111115
67	"10:57:45"	1657.5	0	13	0.214	267	4.83	1.62	21.72	6	1.42	1	2.84	23.05	21.72	24.08	401.02	383.22	8.789	14.503	21.26	35.09	499.9	1499	240	68.45	-2.88	0.135	1.0	-0.22	2.74	1.00	0.00	0.16	111115
68	"10:57:46"	1658.0	0	12.9	0.214	268	4.83	1.62	21.73	6	1.42	1	2.84	23.06	21.73	24.08	401.01	383.25	8.786	14.504	21.25	35.09	499.9	1499	240	68.45	-2.88	0.135	1.0	-0.22	2.74	1.00	0.00	0.16	111115
69	"10:57:46"	1658.5	0	12.9	0.214	268	4.84	1.62	21.73	6	1.42	1	2.84	23.06	21.73	24.08	401.01	383.26	8.787	14.506	21.25	35.08	499.9	1499	240	68.45	-2.88	0.135	1.0	-0.22	2.74	1.00	0.00	0.16	111115
70	"10:57:47"	1659.0	0	12.9	0.214	268	4.84	1.62	21.74	6	1.42	1	2.84	23.07	21.74	24.08	401.04	383.27	8.786	14.507	21.24	35.08	499.9	1499	240	68.45	-2.88	0.135	1.0	-0.22	2.74	1.00	0.00	0.16	111115
71	"10:57:47"	1659.5	0	13	0.214	268	4.84	1.62	21.74	6	1.42	1	2.84	23.07	21.74	24.08	401.05	383.26	8.785	14.506	21.24	35.07	499.9	1499	240	68.45	-2.88	0.135	1.0	-0.22	2.74	1.00	0.00	0.16	111115
72	"10:57:48"	1660.0	0	13	0.214	267	4.84	1.62	21.75	6	1.42	1	2.84	23.07	21.75	24.08	401.09	383.30	8.784	14.507	21.23	35.06	499.9	1499	240	68.45	-2.88	0.135	1.0	-0.22	2.74	1.00	0.00	0.16	111115
73	"10:57:48"	1660.5	0	13	0.214	267	4.84	1.62	21.76	6	1.42	1	2.84	23.07	21.76	24.08	401.14	383.28	8.784	14.507	21.23	35.06	500.0	1499	240	68.45	-2.88	0.135	1.0	-0.22	2.74	1.00	0.00	0.16	111115
74	"10:57:49"	1661.0	0	13	0.214	267	4.84	1.62	21.76	6	1.42	1	2.84	23.08	21.76	24.08	401.17	383.29	8.782	14.507	21.22	35.05	500.0	1499	240	68.45	-2.88	0.135	1.0	-0.22	2.74	1.00	0.00	0.16	111115
75	"10:57:49"	1661.5	0	13.1	0.214	267	4.84	1.62	21.77	6	1.42	1	2.84	23.08	21.77	24.08	401.16	383.27	8.780	14.508	21.21	35.05	500.0	1499	240	68.45	-2.88	0.135	1.0	-0.22	2.74	1.00	0.00	0.16	111115
"10:57:57 Coolers: Tblock -> 29.00 C"
"11:00:39 Flow: Fixed -> 500 umol/s"
76	"11:01:00"	1851.5	0	12.4	0.195	261	4.95	1.8	24.64	6	1.42	1	2.84	27.39	24.64	28.96	399.71	382.58	13.298	19.131	24.86	35.76	499.9	1500	237	68.45	-2.61	0.0925	1.0	-0.22	2.74	1.00	0.00	0.16	111115
77	"11:01:00"	1851.5	0	12.4	0.195	261	4.95	1.8	24.64	6	1.42	1	2.84	27.39	24.64	28.96	399.71	382.58	13.298	19.131	24.86	35.76	499.9	1500	237	68.45	-2.61	0.0925	1.0	-0.22	2.74	1.00	0.00	0.16	111115
78	"11:01:01"	1852.0	0	12.4	0.195	261	4.96	1.8	24.64	6	1.42	1	2.84	27.39	24.64	28.96	399.72	382.57	13.297	19.132	24.86	35.76	500.0	1500	237	68.45	-2.61	0.0925	1.0	-0.22	2.74	1.00	0.00	0.16	111115
79	"11:01:01"	1852.5	0	12.4	0.195	261	4.96	1.8	24.65	6	1.42	1	2.84	27.39	24.65	28.96	399.73	382.55	13.297	19.134	24.85	35.76	500.0	1500	237	68.45	-2.61	0.0925	1.0	-0.22	2.74	1.00	0.00	0.16	111115
80	"11:01:02"	1853.0	0	12.5	0.195	260	4.96	1.8	24.65	6	1.42	1	2.84	27.39	24.65	28.96	399.76	382.53	13.296	19.136	24.85	35.76	500.0	1500	237	68.45	-2.61	0.0925	1.0	-0.22	2.74	1.00	0.00	0.16	111115
81	"11:01:02"	1853.5	0	12.4	0.195	260	4.96	1.8	24.65	6	1.42	1	2.84	27.40	24.65	28.96	399.74	382.54	13.295	19.137	24.84	35.76	499.9	1500	237	68.45	-2.61	0.0925	1.0	-0.22	2.74	1.00	0.00	0.16	111115
82	"11:01:03"	1854.0	0	12.4	0.195	261	4.96	1.81	24.66	6	1.42	1	2.84	27.40	24.66	28.96	399.72	382.54	13.294	19.137	24.84	35.75	499.9	1500	237	68.45	-2.61	0.0925	1.0	-0.22	2.74	1.00	0.00	0.16	111115
83	"11:01:03"	1854.5	0	12.4	0.194	260	4.96	1.81	24.66	6	1.42	1	2.84	27.40	24.66	28.96	399.73	382.55	13.294	19.136	24.83	35.75	499.9	1500	237	68.45	-2.61	0.0925	1.0	-0.22	2.74	1.00	0.00	0.16	111115
84	"11:01:04"	1855.0	0	12.4	0.194	260	4.96	1.81	24.67	6	1.42	1	2.84	27.40	24.67	28.96	399.74	382.54	13.294	19.137	24.83	35.74	499.9	1500	236	68.45	-2.61	0.0925	1.0	-0.22	2.74	1.00	0.00	0.16	111115
85	"11:01:04"	1855.5	0	12.4	0.194	260	4.96	1.81	24.67	6	1.42	1	2.84	27.40	24.67	28.96	399.77	382.57	13.293	19.137	24.83	35.74	499.9	1500	237	68.45	-2.61	0.0925	1.0	-0.22	2.74	1.00	0.00	0.16	111115
86	"11:01:05"	1856.0	0	12.4	0.194	260	4.97	1.81	24.68	6	1.42	1	2.84	27.41	24.68	28.96	399.82	382.60	13.293	19.140	24.82	35.74	499.9	1500	237	68.45	-2.61	0.0925	1.0	-0.22	2.74	1.00	0.00	0.16	111115
87	"11:01:05"	1856.5	0	12.4	0.194	260	4.97	1.81	24.68	6	1.42	1	2.84	27.41	24.68	28.96	399.83	382.64	13.292	19.139	24.82	35.73	499.9	1500	237	68.45	-2.61	0.0925	1.0	-0.22	2.74	1.00	0.00	0.16	111115
88	"11:01:06"	1857.0	0	12.4	0.194	261	4.97	1.81	24.69	6	1.42	1	2.84	27.41	24.69	28.96	399.82	382.70	13.292	19.140	24.82	35.73	499.9	1500	237	68.45	-2.61	0.0925	1.0	-0.22	2.74	1.00	0.00	0.16	111115
89	"11:01:06"	1857.5	0	12.4	0.194	261	4.97	1.81	24.69	6	1.42	1	2.84	27.41	24.69	28.96	399.83	382.73	13.293	19.142	24.81	35.73	499.9	1500	237	68.45	-2.61	0.0925	1.0	-0.22	2.74	1.00	0.00	0.16	111115
90	"11:01:07"	1858.0	0	12.4	0.194	261	4.97	1.81	24.70	6	1.42	1	2.84	27.41	24.70	28.96	399.84	382.72	13.292	19.142	24.81	35.73	500.0	1500	236	68.45	-2.61	0.0925	1.0	-0.22	2.74	1.00	0.00	0.16	111115
"11:01:18 Coolers: Tblock -> 34.00 C"
"11:06:44 Flow: Fixed -> 500 umol/s"
91	"11:07:11"	2223.0	0	11.3	0.148	242	4.6	2.15	28.00	6	1.42	1	2.84	32.00	28.00	34.03	400.97	385.31	18.682	24.073	26.79	34.51	499.8	1501	236	68.45	-2.04	0.0332	1.0	-0.22	2.74	1.00	0.00	0.16	111115
92	"11:07:11"	2223.0	0	11.3	0.148	242	4.6	2.15	28.00	6	1.42	1	2.84	32.00	28.00	34.03	400.97	385.31	18.682	24.073	26.79	34.51	499.8	1501	236	68.45	-2.04	0.0332	1.0	-0.22	2.74	1.00	0.00	0.16	111115
93	"11:07:12"	2223.5	0	11.3	0.148	242	4.6	2.15	28.00	6	1.42	1	2.84	32.00	28.00	34.03	400.99	385.31	18.684	24.071	26.78	34.51	499.9	1501	236	68.45	-2.04	0.0332	1.0	-0.22	2.74	1.00	0.00	0.16	111115
94	"11:07:12"	2224.0	0	11.3	0.148	242	4.6	2.15	28.00	6	1.42	1	2.84	32.00	28.00	34.03	400.98	385.31	18.684	24.070	26.78	34.50	499.9	1501	237	68.45	-2.04	0.0332	1.0	-0.22	2.74	1.00	0.00	0.16	111115
95	"11:07:13"	2224.5	0	11.3	0.148	242	4.6	2.15	28.01	6	1.42	1	2.84	32.00	28.01	34.03	400.98	385.33	18.685	24.070	26.78	34.50	499.8	1501	237	68.45	-2.04	0.0332	1.0	-0.22	2.74	1.00	0.00	0.16	111115
96	"11:07:13"	2225.0	0	11.2	0.148	242	4.6	2.15	28.01	6	1.42	1	2.84	32.00	28.01	34.03	400.94	385.34	18.684	24.068	26.78	34.50	499.8	1501	237	68.45	-2.04	0.0332	1.0	-0.22	2.74	1.00	0.00	0.16	111115
97	"11:07:14"	2225.5	0	11.2	0.148	242	4.59	2.15	28.01	6	1.42	1	2.84	32.00	28.01	34.03	400.91	385.33	18.684	24.067	26.78	34.49	499.8	1501	237	68.45	-2.04	0.0332	1.0	-0.22	2.74	1.00	0.00	0.16	111115
98	"11:07:14"	2226.0	0	11.2	0.148	242	4.59	2.15	28.01	6	1.42	1	2.84	32.00	28.01	34.03	400.91	385.34	18.685	24.065	26.78	34.49	499.9	1501	238	68.45	-2.04	0.0332	1.0	-0.22	2.74	1.00	0.00	0.16	111115
99	"11:07:15"	2226.5	0	11.2	0.148	242	4.59	2.15	28.01	6	1.42	1	2.84	32.00	28.01	34.03	400.94	385.34	18.684	24.064	26.78	34.48	499.8	1501	238	68.45	-2.04	0.0332	1.0	-0.22	2.74	1.00	0.00	0.16	111115
100	"11:07:15"	2227.0	0	11.2	0.148	242	4.59	2.15	28.01	6	1.42	1	2.84	32.01	28.01	34.03	400.91	385.35	18.684	24.062	26.77	34.48	499.8	1501	238	68.45	-2.04	0.0332	1.0	-0.22	2.74	1.00	0.00	0.16	111115
101	"11:07:16"	2227.5	0	11.2	0.148	242	4.59	2.15	28.02	6	1.42	1	2.84	32.01	28.02	34.03	400.94	385.31	18.683	24.064	26.77	34.48	499.8	1501	238	68.45	-2.04	0.0332	1.0	-0.22	2.74	1.00	0.00	0.16	111115
102	"11:07:16"	2228.0	0	11.3	0.148	241	4.59	2.15	28.02	6	1.42	1	2.84	32.01	28.02	34.03	400.96	385.30	18.683	24.064	26.77	34.48	499.8	1501	238	68.45	-2.04	0.0332	1.0	-0.22	2.74	1.00	0.00	0.16	111115
103	"11:07:17"	2228.5	0	11.3	0.147	241	4.59	2.15	28.02	6	1.42	1	2.84	32.01	28.02	34.03	400.97	385.31	18.685	24.063	26.77	34.47	499.8	1501	238	68.45	-2.04	0.0332	1.0	-0.22	2.74	1.00	0.00	0.16	111115
104	"11:07:17"	2229.0	0	11.2	0.147	242	4.59	2.15	28.02	6	1.42	1	2.84	32.01	28.02	34.03	400.97	385.36	18.686	24.061	26.77	34.47	499.8	1501	239	68.45	-2.04	0.0332	1.0	-0.22	2.74	1.00	0.00	0.16	111115
105	"11:07:18"	2229.5	0	11.2	0.147	242	4.59	2.15	28.02	6	1.42	1	2.84	32.01	28.02	34.03	400.96	385.40	18.686	24.058	26.77	34.46	499.9	1501	239	68.45	-2.04	0.0332	1.0	-0.22	2.74	1.00	0.00	0.16	111115
