"OPEN 6.3.2"
"Sun Feb  5 2106 23:59:05"
<open><version>"6.3.2"</version></open>
<open><configfile>"/User/Configs/UserPrefs/LED2x3.xml"</configfile></open>
<open><light><source>"6400-02 or -02B LED Source"</source><par_in>1<sensor>"SI-2503"<cal>-0.86<actinity>1.00</actinity><transm>1.00</transm></cal></sensor><transm>1</transm></par_in><par_out>1<sensor>"Q40491"<cal>6.5</cal></sensor></par_out></light></open>
<open><comps><file>"/User/Configs/Comps/StdComps_6.1"<header>""</header><extras></extras></file><energybal>no<f_parIn>1</f_parIn><f_parOut>0</f_parOut><alphaK>0.16</alphaK></energybal><bc_total>2.840<stomatal_ratio>1</stomatal_ratio><bc_oneside>1.420<type>2</type><table>"/Sys/Lib/StdBLCTable"</table><area>6</area><slope>-0.219565</slope><offset>2.73739</offset><fan>5</fan></bc_oneside></bc_total></comps></open>
<open><prompts><onlog>off</onlog><items>"Default (none)"</items></prompts></open>
<open><constants><oxygen>21 %</oxygen><bb_vapor>1.5</bb_vapor><bb_oxy>0.9</bb_oxy></constants></open>
<open><stability><items>"Std Stability"<items[1]><id>-2</id><size>15</size><pcv><onoff>0</onoff><value>1</value></pcv><std><onoff>0</onoff><value>1</value></std><slp><onoff>1</onoff><value>1</value></slp></items[1]><items[2]><id>-5</id><size>15</size><pcv><onoff>0</onoff><value>1</value></pcv><std><onoff>0</onoff><value>1</value></std><slp><onoff>1</onoff><value>1</value></slp></items[2]><items[3]><id>-7</id><size>15</size><pcv><onoff>0</onoff><value>1</value></pcv><std><onoff>0</onoff><value>1</value></std><slp><onoff>1</onoff><value>1</value></slp></items[3]></items></stability></open>
<open><log><format>"StdLogFmt_6.0"<items>{ -35 -21 -70 -69 -76 30 23 36 21 25 221 -33 111 -34 11 -9 -10 -8 -1 -2 -4 -5 -14 -15 -7 -12 -13 -11 -65 -66 -72 -18 -19 -77 -78 -79 -23  }<hdr>{  }</hdr></items></format><options><beep>on</beep><match>"never"<time>30</time><co2>100</co2><delta>10</delta></match><hdr>normal</hdr><rem>normal</rem><stab>no</stab><stats>no<mean>no</mean><file>no</file><period>15</period></stats><excel>yes</excel><controls>yes</controls><comm>no</comm></options><datafile>"/User/stm-as2"</datafile><button><action>"Normal Log"<code>" LogOneObsManual "</code></action></button><autoprog>"/User/Configs/AutoProgs/AutoLog2"<active>no</active></autoprog></log></open>
<open><a2d><avgtime>4.0 secs</avgtime><userchans><ch20>"Off"</ch20><ch21>"Off"</ch21><ch22>"Off"</ch22><ch23>"Off"</ch23></userchans></a2d></open>
<open><matching><type>0</type><disp>'a'</disp><settings>><CO2Limit>10.0</CO2Limit><H2OLimit>1.0</H2OLimit><MaxAutoTime>60</MaxAutoTime><AverageTime>10</AverageTime></settings></matching></open>
<li6400><factory><unit>"PSC-2470"</unit><serviced>"20 Apr 2015"</serviced><fuseaware>0</fuseaware><co2mixer>yes</co2mixer><co2><coeffs>{ 0 0.21905 1.42412e-05 2.84252e-08 -5.87781e-12 5.64561e-16  }</coeffs><dvdt>-3.6</dvdt><xs>{ 0.000524 -0.000211  }</xs></co2><h2o><coeffs>{ 0 0.005729 2.27444e-06 -1.41238e-11  }</coeffs><dvdt>-2.4</dvdt><xs>{ -0.000971 -0.0033  }</xs></h2o><flow>{ 0 0.3713  }</flow><press>{ 86.913 0.00551  }</press></factory></li6400>
<li6400><user><flow_zero>35.5</flow_zero><irga_zero><co2>113.5 -42.6<at>27.0751</at></co2><h2o>35.5 113.5<at>27.1372</at></h2o></irga_zero><irga_span><co2>{ 0.989946 0.991241  }</co2><h2o>{ 0.996267 0.997816  }</h2o></irga_span><irga_match><co2>{ -1.02808 0.0830979  }</co2><h2o>{ -0.129204 0.0549579  }</h2o></irga_match><co2_mixer><pump_mv>4500</pump_mv><ppm>{ 2303.18 1102.68 434.338 264.42 121.423 71.172 50.8283 50.7911  }</ppm><mv>{ 5000 3000 1500 1000 500 300 200 100  }</mv></co2_mixer><parin_offset>-0.211894</parin_offset><led_cal><unit>"SI-2503"</unit><mv>{ 10 25 50 100 1000 2000 3000 4000 5000  }</mv><qntm>{ 1.81531 9.77453 25.1762 63.0399 817.066 1630.06 2397.63 3127.23 3814.78  }</qntm></led_cal><lcf_cal><unit>"LCF-0981"</unit><red><mv>{ 50 100 200 400 800 1500  }</mv><qntm>{ 64.6036 145.758 312.409 661.73 1377.94 2641.23  }</qntm></red><blue><mv>{ 100 500 1000 2000 3000 4000 5000  }</mv><qntm>{ 11.107 44.4539 81.9578 145.168 203.372 256.093 300.56  }</qntm></blue></lcf_cal></user></li6400>
"23:59:18 "
$STARTOFDATA$
"Obs"	"HHMMSS"	"YYYYMMDD"	"DOY"	"EBal?"	"Photo"	"Cond"	"Ci"	"Trmmol"	"VpdL"	"CTleaf"	"Area"	"BLC_1"	"StmRat"	"BLCond"	"Tair"	"Tleaf"	"TBlk"	"CO2R"	"CO2S"	"H2OR"	"H2OS"	"RH_R"	"RH_S"	"Flow"	"PARi"	"PARo"	"Press"	"CsMch"	"HsMch"	"StableF"	"BLCslope"	"BLCoffst"	"f_parin"	"f_parout"	"alphaK"	"Status"
"00:01:50 Coolers: Tblock -> 21.23 C"
"00:02:26 Flow: Fixed -> 500 umol/s"
"00:03:21 Coolers: Tblock -> 22.00 C"
"00:04:21 Flow: Fixed -> 500 umol/s"
1	"00:05:29"	21060206	1	0	1.57	0.0237	272	0.842	2.65	27.48	6	1.42	1	2.84	23.56	27.48	22.02	400.01	397.73	12.567	13.564	32.84	35.45	499.9	1501	1954	76.21	3.04	0.458	1.0	-0.22	2.74	1.00	0.00	0.16	111115
2	"00:05:29"	21060206	1	0	1.57	0.0237	272	0.842	2.65	27.48	6	1.42	1	2.84	23.56	27.48	22.02	400.01	397.73	12.567	13.564	32.84	35.45	499.9	1501	1954	76.21	3.04	0.458	1.0	-0.22	2.74	1.00	0.00	0.16	111115
3	"00:05:30"	21060206	1	0	1.63	0.0237	268	0.842	2.65	27.48	6	1.42	1	2.84	23.56	27.48	22.02	400.05	397.69	12.565	13.563	32.84	35.45	499.9	1501	1954	76.21	3.04	0.458	1.0	-0.22	2.74	1.00	0.00	0.16	111115
4	"00:05:30"	21060206	1	0	1.66	0.0237	265	0.841	2.65	27.48	6	1.42	1	2.84	23.56	27.48	22.02	400.08	397.68	12.565	13.561	32.84	35.44	499.9	1501	1954	76.21	3.04	0.458	1.0	-0.22	2.74	1.00	0.00	0.16	111115
5	"00:05:31"	21060206	1	0	1.7	0.0236	263	0.84	2.65	27.48	6	1.42	1	2.84	23.56	27.48	22.02	400.11	397.67	12.564	13.559	32.84	35.44	499.9	1501	1954	76.21	3.04	0.458	1.0	-0.22	2.74	1.00	0.00	0.16	111115
6	"00:05:31"	21060206	1	0	1.74	0.0236	260	0.84	2.65	27.48	6	1.42	1	2.84	23.56	27.48	22.02	400.14	397.65	12.564	13.558	32.83	35.43	499.9	1501	1954	76.21	3.04	0.458	1.0	-0.22	2.74	1.00	0.00	0.16	111115
7	"00:05:32"	21060206	1	0	1.74	0.0236	260	0.838	2.65	27.48	6	1.42	1	2.84	23.56	27.48	22.02	400.11	397.63	12.563	13.555	32.83	35.43	499.9	1501	1954	76.21	3.04	0.458	1.0	-0.22	2.74	1.00	0.00	0.16	111115
8	"00:05:32"	21060206	1	0	1.71	0.0236	262	0.838	2.65	27.48	6	1.42	1	2.84	23.56	27.48	22.02	400.06	397.61	12.562	13.554	32.83	35.42	499.9	1501	1953	76.21	3.04	0.458	1.0	-0.22	2.74	1.00	0.00	0.16	111115
9	"00:05:33"	21060206	1	0	1.64	0.0236	266	0.839	2.65	27.48	6	1.42	1	2.84	23.56	27.48	22.02	399.98	397.61	12.561	13.555	32.83	35.43	499.9	1501	1953	76.21	3.04	0.458	0.7	-0.22	2.74	1.00	0.00	0.16	111115
10	"00:05:33"	21060206	1	0	1.61	0.0236	269	0.839	2.65	27.48	6	1.42	1	2.84	23.56	27.48	22.02	399.93	397.60	12.559	13.553	32.82	35.42	499.9	1501	1953	76.21	3.04	0.458	0.7	-0.22	2.74	1.00	0.00	0.16	111115
11	"00:05:34"	21060206	1	0	1.59	0.0236	270	0.84	2.65	27.48	6	1.42	1	2.84	23.56	27.48	22.02	399.92	397.60	12.558	13.553	32.82	35.42	499.9	1501	1953	76.21	3.04	0.458	0.7	-0.22	2.74	1.00	0.00	0.16	111115
12	"00:05:35"	21060206	1	0	1.64	0.0236	267	0.841	2.65	27.48	6	1.42	1	2.84	23.56	27.48	22.02	399.93	397.56	12.557	13.552	32.81	35.42	499.9	1501	1953	76.21	3.04	0.458	0.7	-0.22	2.74	1.00	0.00	0.16	111115
13	"00:05:35"	21060206	1	0	1.63	0.0237	267	0.841	2.65	27.48	6	1.42	1	2.84	23.56	27.48	22.02	399.92	397.56	12.554	13.550	32.81	35.41	499.9	1501	1952	76.21	3.04	0.458	0.7	-0.22	2.74	1.00	0.00	0.16	111115
14	"00:05:36"	21060206	1	0	1.61	0.0237	269	0.843	2.65	27.47	6	1.42	1	2.84	23.56	27.47	22.02	399.92	397.58	12.553	13.551	32.80	35.41	499.9	1501	1952	76.21	3.04	0.458	0.7	-0.22	2.74	1.00	0.00	0.16	111115
15	"00:05:36"	21060206	1	0	1.66	0.0237	266	0.843	2.65	27.47	6	1.42	1	2.84	23.56	27.47	22.02	399.96	397.57	12.552	13.550	32.80	35.41	499.9	1501	1952	76.21	3.04	0.458	0.7	-0.22	2.74	1.00	0.00	0.16	111115
"00:05:46 Coolers: Tblock -> 27.00 C"
"00:08:38 Flow: Fixed -> 500 umol/s"
"00:12:22 Flow: Fixed -> 500 umol/s"
16	"00:14:19"	21060206	1	0	1.79	0.0256	265	0.923	2.68	29.39	6	1.42	1	2.84	27.85	29.39	27.05	399.49	396.91	17.784	18.871	36.03	38.23	499.9	1500	1955	76.21	2.56	0.45	0.7	-0.22	2.74	1.00	0.00	0.16	111115
17	"00:14:20"	21060206	1	0	1.79	0.0256	265	0.923	2.68	29.39	6	1.42	1	2.84	27.85	29.39	27.05	399.49	396.91	17.784	18.871	36.03	38.23	499.9	1500	1955	76.21	2.56	0.45	0.7	-0.22	2.74	1.00	0.00	0.16	111115
18	"00:14:20"	21060206	1	0	1.75	0.0255	267	0.92	2.68	29.39	6	1.42	1	2.84	27.85	29.39	27.05	399.43	396.89	17.784	18.867	36.02	38.22	499.9	1500	1955	76.21	2.56	0.45	0.7	-0.22	2.74	1.00	0.00	0.16	111115
19	"00:14:21"	21060206	1	0	1.76	0.0254	266	0.918	2.67	29.38	6	1.42	1	2.84	27.85	29.38	27.05	399.44	396.89	17.786	18.867	36.03	38.22	499.9	1500	1955	76.21	2.56	0.45	0.7	-0.22	2.74	1.00	0.00	0.16	111115
20	"00:14:21"	21060206	1	0	1.79	0.0254	264	0.917	2.67	29.38	6	1.42	1	2.84	27.85	29.38	27.05	399.46	396.87	17.786	18.866	36.03	38.21	499.9	1500	1956	76.21	2.56	0.45	0.7	-0.22	2.74	1.00	0.00	0.16	111115
21	"00:14:22"	21060206	1	0	1.79	0.0254	264	0.918	2.68	29.39	6	1.42	1	2.84	27.85	29.39	27.05	399.47	396.89	17.785	18.866	36.02	38.21	500.0	1500	1956	76.21	2.56	0.45	0.7	-0.22	2.74	1.00	0.00	0.16	111115
22	"00:14:22"	21060206	1	0	1.84	0.0254	261	0.918	2.68	29.39	6	1.42	1	2.84	27.85	29.39	27.04	399.52	396.88	17.785	18.865	36.02	38.21	500.0	1500	1956	76.21	2.56	0.45	0.7	-0.22	2.74	1.00	0.00	0.16	111115
23	"00:14:23"	21060206	1	0	1.88	0.0254	259	0.917	2.68	29.39	6	1.42	1	2.84	27.85	29.39	27.04	399.56	396.87	17.784	18.863	36.02	38.21	500.0	1500	1956	76.21	2.56	0.45	0.7	-0.22	2.74	1.00	0.00	0.16	111115
24	"00:14:23"	21060206	1	0	1.89	0.0253	258	0.914	2.68	29.39	6	1.42	1	2.84	27.85	29.39	27.04	399.57	396.87	17.784	18.860	36.02	38.20	500.0	1500	1956	76.21	2.56	0.45	0.7	-0.22	2.74	1.00	0.00	0.16	111115
25	"00:14:24"	21060206	1	0	1.88	0.0253	258	0.914	2.68	29.39	6	1.42	1	2.84	27.85	29.39	27.04	399.55	396.86	17.783	18.859	36.02	38.20	500.0	1500	1956	76.21	2.56	0.45	0.7	-0.22	2.74	1.00	0.00	0.16	111115
26	"00:14:24"	21060206	1	0	1.85	0.0254	260	0.916	2.68	29.40	6	1.42	1	2.84	27.85	29.40	27.04	399.51	396.85	17.781	18.860	36.02	38.20	500.0	1500	1956	76.21	2.56	0.45	0.7	-0.22	2.74	1.00	0.00	0.16	111115
27	"00:14:25"	21060206	1	0	1.81	0.0254	263	0.918	2.68	29.40	6	1.42	1	2.84	27.85	29.40	27.04	399.44	396.83	17.779	18.860	36.01	38.20	500.0	1500	1956	76.21	2.56	0.45	0.7	-0.22	2.74	1.00	0.00	0.16	111115
28	"00:14:25"	21060206	1	0	1.79	0.0254	264	0.919	2.68	29.40	6	1.42	1	2.84	27.85	29.40	27.03	399.41	396.82	17.777	18.859	36.01	38.20	499.9	1500	1957	76.21	2.56	0.45	0.7	-0.22	2.74	1.00	0.00	0.16	111115
29	"00:14:26"	21060206	1	0	1.86	0.0254	260	0.92	2.68	29.40	6	1.42	1	2.84	27.85	29.40	27.03	399.44	396.77	17.775	18.859	36.00	38.20	499.9	1500	1957	76.21	2.56	0.45	0.7	-0.22	2.74	1.00	0.00	0.16	111115
30	"00:14:26"	21060206	1	0	1.87	0.0255	259	0.922	2.68	29.39	6	1.42	1	2.84	27.85	29.39	27.03	399.45	396.76	17.773	18.859	36.00	38.20	499.9	1500	1957	76.21	2.56	0.45	0.7	-0.22	2.74	1.00	0.00	0.16	111115
"00:14:42 Coolers: Tblock -> 32.00 C"
"00:17:26 Flow: Fixed -> 500 umol/s"
31	"00:19:42"	21060206	1	0	2.01	0.0227	234	0.936	3.03	31.87	6	1.42	1	2.84	32.16	31.87	32.04	399.98	397.12	21.379	22.477	33.82	35.55	499.9	1499	1986	76.2	1.73	0.405	1.0	-0.22	2.74	1.00	0.00	0.16	111115
32	"00:19:42"	21060206	1	0	2.01	0.0227	234	0.936	3.03	31.87	6	1.42	1	2.84	32.16	31.87	32.04	399.98	397.12	21.379	22.477	33.82	35.55	499.9	1499	1986	76.2	1.73	0.405	1.0	-0.22	2.74	1.00	0.00	0.16	111115
33	"00:19:42"	21060206	1	0	2.03	0.0227	232	0.935	3.03	31.87	6	1.42	1	2.84	32.16	31.87	32.04	399.99	397.11	21.379	22.476	33.81	35.55	499.9	1499	1986	76.2	1.73	0.405	1.0	-0.22	2.74	1.00	0.00	0.16	111115
34	"00:19:43"	21060206	1	0	2.03	0.0226	232	0.932	3.03	31.88	6	1.42	1	2.84	32.16	31.88	32.04	400.00	397.12	21.379	22.472	33.81	35.54	499.9	1499	1986	76.2	1.73	0.405	1.0	-0.22	2.74	1.00	0.00	0.16	111115
35	"00:19:44"	21060206	1	0	2.06	0.0226	229	0.931	3.03	31.88	6	1.42	1	2.84	32.16	31.88	32.04	400.02	397.09	21.378	22.470	33.81	35.54	499.9	1499	1986	76.2	1.73	0.405	1.0	-0.22	2.74	1.00	0.00	0.16	111115
36	"00:19:44"	21060206	1	0	2.07	0.0226	229	0.932	3.03	31.88	6	1.42	1	2.84	32.16	31.88	32.04	400.02	397.08	21.376	22.470	33.81	35.54	499.9	1499	1986	76.2	1.73	0.405	1.0	-0.22	2.74	1.00	0.00	0.16	111115
37	"00:19:45"	21060206	1	0	2.03	0.0226	232	0.933	3.03	31.88	6	1.42	1	2.84	32.16	31.88	32.04	399.99	397.11	21.375	22.469	33.80	35.53	499.9	1499	1986	76.2	1.73	0.405	1.0	-0.22	2.74	1.00	0.00	0.16	111115
38	"00:19:45"	21060206	1	0	2.01	0.0226	233	0.932	3.03	31.88	6	1.42	1	2.84	32.16	31.88	32.04	399.98	397.12	21.374	22.468	33.80	35.53	499.9	1499	1986	76.2	1.73	0.405	1.0	-0.22	2.74	1.00	0.00	0.16	111115
39	"00:19:46"	21060206	1	0	1.99	0.0226	235	0.933	3.03	31.88	6	1.42	1	2.84	32.16	31.88	32.04	399.95	397.12	21.373	22.467	33.80	35.53	499.9	1499	1987	76.2	1.73	0.405	1.0	-0.22	2.74	1.00	0.00	0.16	111115
40	"00:19:46"	21060206	1	0	1.97	0.0227	236	0.934	3.03	31.89	6	1.42	1	2.84	32.16	31.89	32.04	399.94	397.13	21.372	22.468	33.79	35.53	499.9	1499	1986	76.2	1.73	0.405	1.0	-0.22	2.74	1.00	0.00	0.16	111115
41	"00:19:47"	21060206	1	0	1.97	0.0227	236	0.935	3.03	31.89	6	1.42	1	2.84	32.16	31.89	32.04	399.93	397.12	21.370	22.467	33.79	35.52	499.9	1499	1987	76.2	1.73	0.405	1.0	-0.22	2.74	1.00	0.00	0.16	111115
42	"00:19:47"	21060206	1	0	1.96	0.0227	237	0.937	3.03	31.89	6	1.42	1	2.84	32.16	31.89	32.04	399.93	397.14	21.369	22.468	33.79	35.52	499.9	1499	1987	76.2	1.73	0.405	1.0	-0.22	2.74	1.00	0.00	0.16	111115
43	"00:19:48"	21060206	1	0	1.92	0.0227	240	0.937	3.03	31.89	6	1.42	1	2.84	32.16	31.89	32.04	399.91	397.16	21.369	22.467	33.78	35.52	500.0	1499	1987	76.2	1.73	0.405	1.0	-0.22	2.74	1.00	0.00	0.16	111115
44	"00:19:48"	21060206	1	0	1.86	0.0227	244	0.935	3.04	31.90	6	1.42	1	2.84	32.16	31.90	32.04	399.88	397.20	21.369	22.466	33.78	35.52	500.0	1499	1986	76.2	1.73	0.405	1.0	-0.22	2.74	1.00	0.00	0.16	111115
45	"00:19:49"	21060206	1	0	1.86	0.0226	243	0.933	3.04	31.90	6	1.42	1	2.84	32.16	31.90	32.04	399.88	397.19	21.370	22.464	33.78	35.51	499.9	1499	1986	76.2	1.73	0.405	1.0	-0.22	2.74	1.00	0.00	0.16	111115
"00:19:57 Coolers: Tblock -> 37.00 C"
"00:21:50 Flow: Fixed -> 500 umol/s"
46	"00:25:13"	21060206	1	0	2.25	0.0177	171	0.822	3.38	34.58	6	1.42	1	2.84	36.48	34.58	37.04	400.40	397.30	27.074	28.032	33.66	34.85	500.0	1501	1999	76.18	1.12	0.341	0.7	-0.22	2.74	1.00	0.00	0.16	111115
47	"00:25:13"	21060206	1	0	2.25	0.0177	171	0.822	3.38	34.58	6	1.42	1	2.84	36.48	34.58	37.04	400.40	397.30	27.074	28.032	33.66	34.85	500.0	1501	1999	76.18	1.12	0.341	0.7	-0.22	2.74	1.00	0.00	0.16	111115
48	"00:25:14"	21060206	1	0	2.23	0.0176	173	0.82	3.38	34.58	6	1.42	1	2.84	36.48	34.58	37.04	400.39	397.32	27.073	28.029	33.66	34.85	500.0	1501	1999	76.18	1.12	0.341	0.7	-0.22	2.74	1.00	0.00	0.16	111115
49	"00:25:14"	21060206	1	0	2.23	0.0177	173	0.82	3.38	34.58	6	1.42	1	2.84	36.48	34.58	37.04	400.39	397.32	27.070	28.028	33.66	34.85	500.0	1501	1999	76.18	1.12	0.341	0.7	-0.22	2.74	1.00	0.00	0.16	111115
50	"00:25:15"	21060206	1	0	2.23	0.0176	172	0.817	3.38	34.58	6	1.42	1	2.84	36.48	34.58	37.04	400.39	397.32	27.070	28.023	33.65	34.84	500.0	1501	1999	76.18	1.12	0.341	0.7	-0.22	2.74	1.00	0.00	0.16	111115
51	"00:25:15"	21060206	1	0	2.18	0.0176	177	0.818	3.38	34.58	6	1.42	1	2.84	36.48	34.58	37.04	400.34	397.33	27.070	28.024	33.65	34.84	500.0	1501	1999	76.18	1.12	0.341	1.0	-0.22	2.74	1.00	0.00	0.16	111115
52	"00:25:16"	21060206	1	0	2.14	0.0175	179	0.815	3.38	34.58	6	1.42	1	2.84	36.48	34.58	37.04	400.31	397.35	27.071	28.022	33.65	34.84	500.0	1502	2000	76.18	1.12	0.341	1.0	-0.22	2.74	1.00	0.00	0.16	111115
53	"00:25:16"	21060206	1	0	2.11	0.0175	182	0.814	3.39	34.58	6	1.42	1	2.84	36.48	34.58	37.04	400.26	397.34	27.070	28.020	33.65	34.83	500.0	1502	1999	76.18	1.12	0.341	1.0	-0.22	2.74	1.00	0.00	0.16	111115
54	"00:25:17"	21060206	1	0	2.11	0.0175	182	0.814	3.39	34.58	6	1.42	1	2.84	36.48	34.58	37.04	400.24	397.32	27.069	28.018	33.65	34.83	500.0	1502	1999	76.18	1.12	0.341	1.0	-0.22	2.74	1.00	0.00	0.16	111115
55	"00:25:18"	21060206	1	0	2.09	0.0175	184	0.814	3.39	34.58	6	1.42	1	2.84	36.48	34.58	37.04	400.21	397.32	27.066	28.016	33.65	34.83	500.0	1502	1999	76.18	1.12	0.341	1.0	-0.22	2.74	1.00	0.00	0.16	111115
56	"00:25:18"	21060206	1	0	2.05	0.0175	187	0.814	3.38	34.58	6	1.42	1	2.84	36.48	34.58	37.04	400.15	397.31	27.064	28.013	33.64	34.82	500.0	1502	1999	76.18	1.12	0.341	1.0	-0.22	2.74	1.00	0.00	0.16	111115
57	"00:25:19"	21060206	1	0	1.99	0.0175	193	0.814	3.38	34.58	6	1.42	1	2.84	36.48	34.58	37.04	400.10	397.32	27.063	28.012	33.64	34.82	500.0	1502	1999	76.18	1.12	0.341	1.0	-0.22	2.74	1.00	0.00	0.16	111115
58	"00:25:19"	21060206	1	0	1.98	0.0176	195	0.818	3.38	34.58	6	1.42	1	2.84	36.48	34.58	37.04	400.06	397.30	27.059	28.014	33.64	34.82	500.0	1502	1999	76.18	1.12	0.341	1.0	-0.22	2.74	1.00	0.00	0.16	111115
59	"00:25:20"	21060206	1	0	1.99	0.0176	193	0.816	3.38	34.58	6	1.42	1	2.84	36.48	34.58	37.04	400.03	397.26	27.058	28.010	33.63	34.82	500.0	1501	1999	76.18	1.12	0.341	1.0	-0.22	2.74	1.00	0.00	0.16	111115
60	"00:25:20"	21060206	1	0	2.01	0.0176	191	0.817	3.38	34.58	6	1.42	1	2.84	36.48	34.58	37.04	400.04	397.23	27.057	28.009	33.63	34.81	500.0	1501	1999	76.18	1.12	0.341	1.0	-0.22	2.74	1.00	0.00	0.16	111115
"00:25:35 Coolers: Tblock -> 42.00 C"
"00:28:23 Flow: Fixed -> 500 umol/s"
"00:30:26 Flow: Fixed -> 500 umol/s"
61	"00:30:46"	21060206	1	0	1.25	0.0153	240	0.794	3.74	37.30	6	1.42	1	2.84	40.85	37.30	42.03	399.57	397.69	34.181	35.101	33.57	34.47	499.9	1499	2032	76.18	0.963	0.256	1.0	-0.22	2.74	1.00	0.00	0.16	111115
62	"00:30:46"	21060206	1	0	1.25	0.0153	240	0.794	3.74	37.30	6	1.42	1	2.84	40.85	37.30	42.03	399.57	397.69	34.181	35.101	33.57	34.47	499.9	1499	2032	76.18	0.963	0.256	1.0	-0.22	2.74	1.00	0.00	0.16	111115
63	"00:30:47"	21060206	1	0	1.22	0.0153	243	0.795	3.74	37.30	6	1.42	1	2.84	40.85	37.30	42.03	399.53	397.69	34.181	35.102	33.57	34.47	499.9	1499	2032	76.18	0.963	0.256	1.0	-0.22	2.74	1.00	0.00	0.16	111115
64	"00:30:47"	21060206	1	0	1.2	0.0154	245	0.796	3.74	37.30	6	1.42	1	2.84	40.85	37.30	42.03	399.52	397.70	34.181	35.103	33.57	34.47	499.9	1499	2032	76.18	0.963	0.256	1.0	-0.22	2.74	1.00	0.00	0.16	111115
65	"00:30:48"	21060206	1	0	1.23	0.0153	242	0.796	3.74	37.31	6	1.42	1	2.84	40.85	37.31	42.03	399.52	397.66	34.182	35.104	33.57	34.47	499.9	1499	2032	76.18	0.963	0.256	1.0	-0.22	2.74	1.00	0.00	0.16	111115
66	"00:30:48"	21060206	1	0	1.26	0.0153	239	0.793	3.74	37.31	6	1.42	1	2.84	40.85	37.31	42.03	399.56	397.67	34.184	35.103	33.57	34.47	499.9	1499	2032	76.18	0.963	0.256	1.0	-0.22	2.74	1.00	0.00	0.16	111115
67	"00:30:49"	21060206	1	0	1.32	0.0152	232	0.791	3.74	37.32	6	1.42	1	2.84	40.85	37.32	42.03	399.62	397.66	34.186	35.102	33.57	34.46	499.9	1499	2032	76.18	0.963	0.256	1.0	-0.22	2.74	1.00	0.00	0.16	111115
68	"00:30:49"	21060206	1	0	1.34	0.0153	230	0.793	3.74	37.32	6	1.42	1	2.84	40.85	37.32	42.03	399.63	397.64	34.186	35.104	33.56	34.46	499.9	1500	2032	76.18	0.963	0.256	1.0	-0.22	2.74	1.00	0.00	0.16	111115
69	"00:30:50"	21060206	1	0	1.3	0.0152	234	0.793	3.74	37.32	6	1.42	1	2.84	40.86	37.32	42.03	399.61	397.68	34.188	35.105	33.56	34.46	499.9	1500	2032	76.18	0.963	0.256	1.0	-0.22	2.74	1.00	0.00	0.16	111115
70	"00:30:50"	21060206	1	0	1.31	0.0152	233	0.791	3.74	37.33	6	1.42	1	2.84	40.86	37.33	42.04	399.61	397.66	34.189	35.105	33.56	34.46	500.0	1500	2032	76.18	0.963	0.256	1.0	-0.22	2.74	1.00	0.00	0.16	111115
71	"00:30:51"	21060206	1	0	1.31	0.0152	233	0.792	3.75	37.33	6	1.42	1	2.84	40.86	37.33	42.04	399.62	397.67	34.189	35.106	33.56	34.46	500.0	1500	2033	76.18	0.963	0.256	1.0	-0.22	2.74	1.00	0.00	0.16	111115
72	"00:30:51"	21060206	1	0	1.33	0.0152	230	0.791	3.75	37.34	6	1.42	1	2.84	40.86	37.34	42.04	399.65	397.67	34.192	35.108	33.56	34.46	500.0	1500	2033	76.18	0.963	0.256	1.0	-0.22	2.74	1.00	0.00	0.16	111115
73	"00:30:52"	21060206	1	0	1.3	0.0152	234	0.793	3.75	37.34	6	1.42	1	2.84	40.86	37.34	42.04	399.65	397.71	34.193	35.111	33.56	34.46	500.0	1500	2033	76.18	0.963	0.256	1.0	-0.22	2.74	1.00	0.00	0.16	111115
74	"00:30:52"	21060206	1	0	1.29	0.0153	235	0.795	3.75	37.34	6	1.42	1	2.84	40.86	37.34	42.04	399.64	397.71	34.193	35.113	33.56	34.46	500.0	1500	2033	76.18	0.963	0.256	1.0	-0.22	2.74	1.00	0.00	0.16	111115
75	"00:30:53"	21060206	1	0	1.26	0.0153	239	0.798	3.75	37.34	6	1.42	1	2.84	40.86	37.34	42.04	399.59	397.71	34.192	35.116	33.56	34.47	500.0	1500	2033	76.18	0.963	0.256	1.0	-0.22	2.74	1.00	0.00	0.16	111115
"00:31:01 Coolers: Tblock -> 47.00 C"
"00:38:03 Flow: Fixed -> 500 umol/s"
76	"00:39:24"	21060206	1	0	1.16	0.0101	192	0.488	3.42	38.84	6	1.42	1	2.84	45.24	38.84	47.02	400.02	398.39	45.980	46.539	35.90	36.34	499.9	1501	364	76.18	0.984	0.0744	0.7	-0.22	2.74	1.00	0.00	0.16	111115
77	"00:39:24"	21060206	1	0	1.16	0.0101	192	0.488	3.42	38.84	6	1.42	1	2.84	45.24	38.84	47.02	400.02	398.39	45.980	46.539	35.90	36.34	499.9	1501	364	76.18	0.984	0.0744	0.7	-0.22	2.74	1.00	0.00	0.16	111115
78	"00:39:25"	21060206	1	0	1.16	0.0101	192	0.487	3.42	38.84	6	1.42	1	2.84	45.24	38.84	47.02	400.01	398.39	45.979	46.536	35.90	36.33	499.9	1501	365	76.18	0.984	0.0744	0.7	-0.22	2.74	1.00	0.00	0.16	111115
79	"00:39:25"	21060206	1	0	1.15	0.0101	193	0.487	3.42	38.84	6	1.42	1	2.84	45.24	38.84	47.02	400.00	398.38	45.976	46.533	35.90	36.33	499.9	1501	365	76.18	0.984	0.0744	0.7	-0.22	2.74	1.00	0.00	0.16	111115
80	"00:39:26"	21060206	1	0	1.12	0.0102	199	0.488	3.42	38.83	6	1.42	1	2.84	45.24	38.83	47.02	399.96	398.39	45.972	46.531	35.89	36.33	499.9	1501	365	76.18	0.984	0.0744	0.7	-0.22	2.74	1.00	0.00	0.16	111115
81	"00:39:26"	21060206	1	0	1.05	0.0102	210	0.488	3.42	38.83	6	1.42	1	2.84	45.24	38.83	47.02	399.90	398.41	45.971	46.529	35.89	36.33	500.0	1501	365	76.18	0.984	0.0744	0.7	-0.22	2.74	1.00	0.00	0.16	111115
82	"00:39:27"	21060206	1	0	1.06	0.0102	208	0.489	3.42	38.82	6	1.42	1	2.84	45.24	38.82	47.02	399.90	398.39	45.968	46.528	35.89	36.33	500.0	1501	365	76.18	0.984	0.0744	0.7	-0.22	2.74	1.00	0.00	0.16	111115
83	"00:39:27"	21060206	1	0	1.03	0.0103	214	0.492	3.41	38.82	6	1.42	1	2.84	45.24	38.82	47.02	399.88	398.41	45.964	46.527	35.89	36.33	500.0	1501	365	76.18	0.984	0.0744	0.7	-0.22	2.74	1.00	0.00	0.16	111115
84	"00:39:28"	21060206	1	0	1.05	0.0102	210	0.489	3.41	38.81	6	1.42	1	2.84	45.23	38.81	47.02	399.87	398.38	45.961	46.520	35.89	36.32	500.0	1501	365	76.18	0.984	0.0744	0.7	-0.22	2.74	1.00	0.00	0.16	111115
85	"00:39:28"	21060206	1	0	1.05	0.0102	210	0.489	3.41	38.81	6	1.42	1	2.84	45.23	38.81	47.02	399.87	398.38	45.959	46.519	35.89	36.32	500.0	1502	365	76.18	0.984	0.0744	0.7	-0.22	2.74	1.00	0.00	0.16	111115
86	"00:39:29"	21060206	1	0	1.09	0.0102	204	0.488	3.41	38.81	6	1.42	1	2.84	45.23	38.81	47.02	399.90	398.36	45.956	46.515	35.89	36.32	500.0	1502	366	76.18	0.984	0.0744	0.7	-0.22	2.74	1.00	0.00	0.16	111115
87	"00:39:29"	21060206	1	0	1.09	0.0101	202	0.484	3.41	38.81	6	1.42	1	2.84	45.23	38.81	47.02	399.90	398.36	45.954	46.508	35.88	36.32	500.0	1502	366	76.18	0.984	0.0744	0.7	-0.22	2.74	1.00	0.00	0.16	111115
88	"00:39:30"	21060206	1	0	1.08	0.01	202	0.481	3.41	38.81	6	1.42	1	2.84	45.23	38.81	47.02	399.90	398.37	45.951	46.501	35.88	36.31	500.0	1502	366	76.18	0.984	0.0744	0.7	-0.22	2.74	1.00	0.00	0.16	111115
89	"00:39:30"	21060206	1	0	1.08	0.01	202	0.482	3.41	38.81	6	1.42	1	2.84	45.23	38.81	47.02	399.89	398.36	45.948	46.499	35.88	36.31	500.0	1502	366	76.18	0.984	0.0744	0.7	-0.22	2.74	1.00	0.00	0.16	111115
90	"00:39:31"	21060206	1	0	1.06	0.0101	207	0.484	3.41	38.81	6	1.42	1	2.84	45.23	38.81	47.02	399.88	398.38	45.944	46.498	35.88	36.31	500.0	1502	366	76.18	0.984	0.0744	0.7	-0.22	2.74	1.00	0.00	0.16	111115
"00:39:51 Coolers: Tblock -> 50.00 C"
