"OPEN 6.2.4"
"Sat Jun 27 2015 11:28:42"
<open><version>"6.2.4"</version></open>
<open><configfile>"/User/Configs/UserPrefs/2x3 LED.xml"</configfile></open>
<open><light><source>"6400-02 or -02B LED Source"</source><par_in>1<sensor>"SI-3781"<cal>-0.93<actinity>1.00</actinity><transm>1.00</transm></cal></sensor><transm>1</transm></par_in><par_out>1<sensor>"Q49599"<cal>7.26</cal></sensor></par_out></light></open>
<open><comps><file>"/User/Configs/Comps/StdComps_6.2"<header>""</header><extras></extras></file><energybal>no<f_parIn>1</f_parIn><f_parOut>0</f_parOut><alphaK>0.16</alphaK></energybal><bc_total>2.840<stomatal_ratio>1</stomatal_ratio><bc_oneside>1.420<type>2</type><table>"/Sys/Lib/StdBLCTable"</table><area>6</area><slope>-0.219565</slope><offset>2.73739</offset><fan>5</fan></bc_oneside></bc_total></comps></open>
<open><prompts><onlog>off</onlog><items>"Default (none)"</items></prompts></open>
<open><constants><oxygen>21 %</oxygen><bb_vapor>1.5</bb_vapor><bb_oxy>0.9</bb_oxy></constants></open>
<open><stability><items>"Std Stability"<items[1]><id>-2</id><size>15</size><pcv><onoff>0</onoff><value>1</value></pcv><std><onoff>0</onoff><value>1</value></std><slp><onoff>1</onoff><value>1</value></slp></items[1]><items[2]><id>-5</id><size>15</size><pcv><onoff>0</onoff><value>1</value></pcv><std><onoff>0</onoff><value>1</value></std><slp><onoff>1</onoff><value>1</value></slp></items[2]><items[3]><id>-7</id><size>15</size><pcv><onoff>0</onoff><value>1</value></pcv><std><onoff>0</onoff><value>1</value></std><slp><onoff>1</onoff><value>1</value></slp></items[3]></items></stability></open>
<open><log><format>"StdLogFmt_6.0"<items>{ -35 -21 -36 -76 30 23 36 21 25 221 -33 111 -34 11 -9 -10 -8 -1 -2 -4 -5 -14 -15 -7 -12 -13 -11 -65 -66 -72 -18 -19 -77 -78 -79 -23  }<hdr>{  }</hdr></items></format><options><beep>on</beep><hdr>normal</hdr><rem>normal</rem><stab>no</stab><stats>no<mean>no</mean><file>no</file><period>15</period></stats><excel>yes</excel><controls>yes</controls><comm>no</comm></options><datafile>"/User/stm-rvaoc5"</datafile><button><action>"Normal Log"<code>" LogOneObsManual "</code></action></button><autoprog>"/User/Configs/AutoProgs/AutoLog2"<active>no</active></autoprog></log></open>
<open><a2d><avgtime>4.0 secs</avgtime><userchans><ch20>"Off"</ch20><ch21>"Off"</ch21><ch22>"Off"</ch22><ch23>"Off"</ch23></userchans></a2d></open>
<open><matching><type>0</type><disp>'a'</disp><settings><CO2Limit>10.0</CO2Limit><H2OLimit>1.0</H2OLimit><MaxAutoTime>60</MaxAutoTime></settings></matching></open>
<li6400><factory><unit>"PSC-3840"</unit><serviced>"1 Jul 2013"</serviced><fuseaware>0</fuseaware><co2mixer>yes</co2mixer><co2><coeffs>{ 0 0.213319 2.22998e-05 2.13159e-08 -3.88664e-12 3.69888e-16  }</coeffs><dvdt>-4.7</dvdt><xs>{ 0.0009 -0.0002  }</xs></co2><h2o><coeffs>{ 0 0.00572751 2.23485e-06 -7.37877e-12  }</coeffs><dvdt>-1.7</dvdt><xs>{ 0.0009 -0.0028  }</xs></h2o><flow>{ 0 0.3568  }</flow><press>{ 88.437 0.00551  }</press></factory></li6400>
<li6400><user><flow_zero>-468.8</flow_zero><irga_zero><co2>429.7 390.6<at>17.6901</at></co2><h2o>78.1 156.2<at>17.1607</at></h2o></irga_zero><irga_span><co2>{ 0.99237 0.992833  }</co2><h2o>{ 1.00426 0.996799  }</h2o></irga_span><irga_match><co2>{ 0.368307 -1.45364  }</co2><h2o>{ 0.00477181 0.233583  }</h2o></irga_match><co2_mixer><pump_mv>4500</pump_mv><ppm>{ 2287.2 1080.71 423.89 257.488 117.195 68.0056 44.5242 37.9628  }</ppm><mv>{ 5000 3000 1500 1000 500 300 200 100  }</mv></co2_mixer><parin_offset>0</parin_offset><led_cal><unit>"SI-3781"</unit><mv>{ 10 25 50 100 1000 2000 3000 4000 5000  }</mv><qntm>{ 4.69642 15.4417 35.4805 82.2863 972.665 1922.29 2824.32 3690.14 4518.2  }</qntm></led_cal><lcf_cal><unit>"unknown"</unit><red><mv>{ 50 100 500 1000 1500 5000  }</mv><qntm>{ 50 100 500 1000 2000 5000  }</qntm></red><blue><mv>{ 100 200 500 1000 2000 5000  }</mv><qntm>{ 10 20 50 100 200 500  }</qntm></blue></lcf_cal></user></li6400>
"11:28:44 "
$STARTOFDATA$
"Obs"	"HHMMSS"	"FTime"	"EBal?"	"Photo"	"Cond"	"Ci"	"Trmmol"	"VpdL"	"CTleaf"	"Area"	"BLC_1"	"StmRat"	"BLCond"	"Tair"	"Tleaf"	"TBlk"	"CO2R"	"CO2S"	"H2OR"	"H2OS"	"RH_R"	"RH_S"	"Flow"	"PARi"	"PARo"	"Press"	"CsMch"	"HsMch"	"StableF"	"BLCslope"	"BLCoffst"	"f_parin"	"f_parout"	"alphaK"	"Status"
"11:31:28 Coolers: Tblock -> 0.00 C"
"11:37:19 Flow: Fixed -> 500 umol/s"
"11:41:08 Flow: Fixed -> 500 umol/s"
"11:43:41 Coolers: Tblock -> 8.75 C"
"11:44:10 Flow: Fixed -> 500 umol/s"
1	"11:45:31"	1013.5	0	16.3	0.25	255	4.72	1.48	17.07	6	1.42	1	2.84	11.33	17.07	8.82	398.85	377.11	0.813	6.439	4.43	35.08	499.9	1500	125	73.38	-1.01	0.283	0.7	-0.22	2.74	1.00	0.00	0.16	111115
2	"11:45:32"	1013.5	0	16.3	0.25	255	4.72	1.48	17.07	6	1.42	1	2.84	11.33	17.07	8.82	398.85	377.11	0.813	6.439	4.43	35.08	499.9	1500	125	73.38	-1.01	0.283	0.7	-0.22	2.74	1.00	0.00	0.16	111115
3	"11:45:32"	1014.0	0	16.3	0.25	255	4.72	1.48	17.07	6	1.42	1	2.84	11.33	17.07	8.82	398.87	377.11	0.813	6.440	4.43	35.08	499.9	1500	125	73.38	-1.01	0.283	0.7	-0.22	2.74	1.00	0.00	0.16	111115
4	"11:45:33"	1014.5	0	16.4	0.25	254	4.72	1.48	17.07	6	1.42	1	2.84	11.33	17.07	8.82	398.89	377.12	0.812	6.440	4.43	35.08	499.9	1500	125	73.38	-1.01	0.283	0.7	-0.22	2.74	1.00	0.00	0.16	111115
5	"11:45:33"	1015.0	0	16.4	0.25	254	4.72	1.48	17.06	6	1.42	1	2.84	11.33	17.06	8.82	398.90	377.11	0.812	6.438	4.42	35.08	499.9	1500	125	73.38	-1.01	0.283	0.7	-0.22	2.74	1.00	0.00	0.16	111115
6	"11:45:33"	1015.5	0	16.4	0.25	254	4.72	1.48	17.06	6	1.42	1	2.84	11.33	17.06	8.81	398.92	377.11	0.812	6.438	4.42	35.07	499.9	1500	125	73.38	-1.01	0.283	0.7	-0.22	2.74	1.00	0.00	0.16	111115
7	"11:45:34"	1015.5	0	16.4	0.25	254	4.72	1.48	17.06	6	1.42	1	2.84	11.33	17.06	8.81	398.92	377.11	0.812	6.438	4.42	35.07	499.9	1500	125	73.38	-1.01	0.283	0.7	-0.22	2.74	1.00	0.00	0.16	111115
8	"11:45:34"	1016.0	0	16.4	0.251	254	4.72	1.48	17.05	6	1.42	1	2.84	11.33	17.05	8.82	398.94	377.14	0.812	6.439	4.42	35.08	499.9	1500	125	73.38	-1.01	0.283	1.0	-0.22	2.74	1.00	0.00	0.16	111115
9	"11:45:35"	1016.5	0	16.4	0.251	254	4.72	1.48	17.05	6	1.42	1	2.84	11.33	17.05	8.82	398.94	377.13	0.811	6.438	4.42	35.08	499.8	1500	125	73.38	-1.01	0.283	1.0	-0.22	2.74	1.00	0.00	0.16	111115
10	"11:45:35"	1017.0	0	16.4	0.251	254	4.72	1.48	17.04	6	1.42	1	2.84	11.33	17.04	8.82	398.99	377.14	0.811	6.439	4.42	35.08	499.8	1500	126	73.38	-1.01	0.283	1.0	-0.22	2.74	1.00	0.00	0.16	111115
11	"11:45:36"	1017.5	0	16.4	0.251	254	4.72	1.48	17.03	6	1.42	1	2.84	11.33	17.03	8.82	399.02	377.16	0.811	6.440	4.42	35.08	499.8	1500	126	73.38	-1.01	0.283	1.0	-0.22	2.74	1.00	0.00	0.16	111115
12	"11:45:36"	1018.0	0	16.4	0.251	254	4.72	1.47	17.02	6	1.42	1	2.84	11.33	17.02	8.82	399.02	377.15	0.812	6.439	4.42	35.08	499.8	1500	126	73.38	-1.01	0.283	1.0	-0.22	2.74	1.00	0.00	0.16	111115
13	"11:45:37"	1018.5	0	16.5	0.251	254	4.72	1.47	17.02	6	1.42	1	2.84	11.33	17.02	8.82	399.03	377.14	0.812	6.438	4.42	35.08	499.9	1500	126	73.38	-1.01	0.283	1.0	-0.22	2.74	1.00	0.00	0.16	111115
14	"11:45:37"	1019.0	0	16.5	0.251	254	4.72	1.47	17.02	6	1.42	1	2.84	11.33	17.02	8.82	399.05	377.14	0.811	6.438	4.42	35.08	499.9	1500	126	73.38	-1.01	0.283	1.0	-0.22	2.74	1.00	0.00	0.16	111115
15	"11:45:38"	1019.5	0	16.5	0.251	254	4.72	1.48	17.03	6	1.42	1	2.84	11.33	17.03	8.82	399.04	377.15	0.812	6.438	4.42	35.08	499.9	1500	126	73.38	-1.01	0.283	1.0	-0.22	2.74	1.00	0.00	0.16	111115
"11:45:45 Coolers: Tblock -> 14.00 C"
"11:47:12 Flow: Fixed -> 500 umol/s"
16	"11:47:56"	1157.5	0	16.6	0.251	253	4.93	1.54	18.64	6	1.42	1	2.84	15.30	18.64	14.09	400.01	377.81	2.531	8.396	10.65	35.32	499.9	1499	126	73.38	-1.68	0.273	1.0	-0.22	2.74	1.00	0.00	0.16	111115
17	"11:47:56"	1157.5	0	16.6	0.251	253	4.93	1.54	18.64	6	1.42	1	2.84	15.30	18.64	14.09	400.01	377.81	2.531	8.396	10.65	35.32	499.9	1499	126	73.38	-1.68	0.273	1.0	-0.22	2.74	1.00	0.00	0.16	111115
18	"11:47:57"	1158.0	0	16.7	0.251	253	4.93	1.54	18.65	6	1.42	1	2.84	15.30	18.65	14.09	400.06	377.81	2.531	8.397	10.65	35.32	499.9	1499	126	73.38	-1.68	0.273	1.0	-0.22	2.74	1.00	0.00	0.16	111115
19	"11:47:57"	1158.5	0	16.7	0.251	252	4.93	1.54	18.65	6	1.42	1	2.84	15.30	18.65	14.09	400.11	377.82	2.531	8.399	10.65	35.32	499.9	1499	126	73.38	-1.68	0.273	1.0	-0.22	2.74	1.00	0.00	0.16	111115
20	"11:47:58"	1158.5	0	16.7	0.251	252	4.93	1.54	18.65	6	1.42	1	2.84	15.30	18.65	14.09	400.11	377.82	2.531	8.399	10.65	35.32	499.9	1499	126	73.38	-1.68	0.273	1.0	-0.22	2.74	1.00	0.00	0.16	111115
21	"11:47:58"	1159.0	0	16.7	0.251	253	4.93	1.54	18.64	6	1.42	1	2.84	15.30	18.64	14.09	400.08	377.81	2.531	8.399	10.64	35.32	499.8	1499	126	73.38	-1.68	0.273	1.0	-0.22	2.74	1.00	0.00	0.16	111115
22	"11:47:59"	1159.5	0	16.7	0.251	253	4.93	1.54	18.63	6	1.42	1	2.84	15.30	18.63	14.09	400.06	377.83	2.530	8.401	10.64	35.33	499.8	1499	126	73.38	-1.68	0.273	1.0	-0.22	2.74	1.00	0.00	0.16	111115
23	"11:47:59"	1160.0	0	16.6	0.251	253	4.93	1.54	18.64	6	1.42	1	2.84	15.31	18.64	14.10	400.05	377.86	2.531	8.402	10.64	35.33	499.8	1499	126	73.38	-1.68	0.273	1.0	-0.22	2.74	1.00	0.00	0.16	111115
24	"11:48:00"	1160.5	0	16.6	0.251	253	4.93	1.54	18.64	6	1.42	1	2.84	15.31	18.64	14.10	400.02	377.84	2.531	8.403	10.64	35.33	499.9	1499	126	73.38	-1.68	0.273	1.0	-0.22	2.74	1.00	0.00	0.16	111115
25	"11:48:00"	1161.0	0	16.6	0.251	253	4.94	1.54	18.64	6	1.42	1	2.84	15.31	18.64	14.09	400.01	377.84	2.531	8.405	10.64	35.33	499.9	1499	127	73.38	-1.68	0.273	1.0	-0.22	2.74	1.00	0.00	0.16	111115
26	"11:48:01"	1161.5	0	16.6	0.251	253	4.94	1.54	18.65	6	1.42	1	2.84	15.31	18.65	14.09	399.99	377.81	2.531	8.406	10.64	35.33	499.9	1499	127	73.38	-1.68	0.273	1.0	-0.22	2.74	1.00	0.00	0.16	111115
27	"11:48:01"	1162.0	0	16.6	0.251	253	4.94	1.54	18.65	6	1.42	1	2.84	15.31	18.65	14.09	399.98	377.82	2.531	8.407	10.64	35.33	499.9	1499	127	73.38	-1.68	0.273	1.0	-0.22	2.74	1.00	0.00	0.16	111115
28	"11:48:02"	1162.5	0	16.6	0.251	253	4.94	1.54	18.67	6	1.42	1	2.84	15.31	18.67	14.09	399.99	377.84	2.531	8.408	10.63	35.33	499.9	1499	127	73.38	-1.68	0.273	1.0	-0.22	2.74	1.00	0.00	0.16	111115
29	"11:48:02"	1163.0	0	16.6	0.251	253	4.94	1.54	18.68	6	1.42	1	2.84	15.32	18.68	14.09	400.04	377.85	2.531	8.411	10.63	35.34	499.9	1499	127	73.38	-1.68	0.273	1.0	-0.22	2.74	1.00	0.00	0.16	111115
30	"11:48:03"	1163.5	0	16.7	0.25	252	4.94	1.55	18.70	6	1.42	1	2.84	15.32	18.70	14.09	400.11	377.86	2.531	8.411	10.63	35.34	499.9	1499	127	73.38	-1.68	0.273	1.0	-0.22	2.74	1.00	0.00	0.16	111115
"11:48:08 Coolers: Tblock -> 19.00 C"
"11:50:14 Flow: Fixed -> 500 umol/s"
31	"11:51:40"	1381.5	0	16.7	0.249	250	5.46	1.71	21.28	6	1.42	1	2.84	19.50	21.28	18.98	400.01	377.47	4.831	11.306	15.58	36.46	499.9	1501	128	73.37	-1.65	0.258	1.0	-0.22	2.74	1.00	0.00	0.16	111115
32	"11:51:41"	1381.5	0	16.7	0.249	250	5.46	1.71	21.28	6	1.42	1	2.84	19.50	21.28	18.98	400.01	377.47	4.831	11.306	15.58	36.46	499.9	1501	128	73.37	-1.65	0.258	1.0	-0.22	2.74	1.00	0.00	0.16	111115
33	"11:51:41"	1382.0	0	16.7	0.249	250	5.45	1.71	21.28	6	1.42	1	2.84	19.50	21.28	18.98	400.06	377.48	4.832	11.305	15.58	36.46	499.9	1501	128	73.37	-1.65	0.258	1.0	-0.22	2.74	1.00	0.00	0.16	111115
34	"11:51:42"	1382.5	0	16.8	0.249	250	5.46	1.71	21.28	6	1.42	1	2.84	19.50	21.28	18.98	400.13	377.55	4.832	11.306	15.58	36.46	499.9	1501	128	73.37	-1.65	0.258	1.0	-0.22	2.74	1.00	0.00	0.16	111115
35	"11:51:42"	1383.0	0	16.8	0.249	250	5.46	1.71	21.28	6	1.42	1	2.84	19.50	21.28	18.98	400.21	377.57	4.832	11.308	15.58	36.46	499.8	1501	128	73.37	-1.65	0.258	1.0	-0.22	2.74	1.00	0.00	0.16	111115
36	"11:51:43"	1383.5	0	16.8	0.249	249	5.46	1.71	21.28	6	1.42	1	2.84	19.51	21.28	18.98	400.28	377.59	4.831	11.310	15.58	36.46	499.8	1501	128	73.37	-1.65	0.258	1.0	-0.22	2.74	1.00	0.00	0.16	111115
37	"11:51:43"	1384.0	0	16.9	0.249	249	5.46	1.71	21.28	6	1.42	1	2.84	19.51	21.28	18.98	400.35	377.60	4.830	11.312	15.57	36.47	499.8	1501	128	73.37	-1.65	0.258	1.0	-0.22	2.74	1.00	0.00	0.16	111115
38	"11:51:44"	1384.5	0	16.9	0.249	249	5.46	1.71	21.28	6	1.42	1	2.84	19.51	21.28	18.98	400.37	377.62	4.831	11.312	15.57	36.46	499.8	1501	128	73.37	-1.65	0.258	1.0	-0.22	2.74	1.00	0.00	0.16	111115
39	"11:51:44"	1385.0	0	16.9	0.249	249	5.46	1.71	21.29	6	1.42	1	2.84	19.51	21.29	18.98	400.39	377.65	4.831	11.312	15.57	36.46	499.8	1501	128	73.37	-1.65	0.258	1.0	-0.22	2.74	1.00	0.00	0.16	111115
40	"11:51:45"	1385.5	0	16.9	0.249	249	5.46	1.71	21.29	6	1.42	1	2.84	19.51	21.29	18.98	400.38	377.64	4.831	11.314	15.57	36.46	499.8	1501	128	73.37	-1.65	0.258	1.0	-0.22	2.74	1.00	0.00	0.16	111115
41	"11:51:45"	1386.0	0	16.9	0.249	249	5.46	1.71	21.29	6	1.42	1	2.84	19.51	21.29	18.98	400.36	377.63	4.831	11.317	15.57	36.47	499.8	1501	128	73.37	-1.65	0.258	1.0	-0.22	2.74	1.00	0.00	0.16	111115
42	"11:51:46"	1386.5	0	16.9	0.249	249	5.47	1.71	21.29	6	1.42	1	2.84	19.52	21.29	18.98	400.34	377.63	4.831	11.318	15.56	36.47	499.8	1501	128	73.37	-1.65	0.258	1.0	-0.22	2.74	1.00	0.00	0.16	111115
43	"11:51:46"	1387.0	0	16.8	0.249	249	5.47	1.71	21.30	6	1.42	1	2.84	19.52	21.30	18.98	400.31	377.62	4.831	11.318	15.56	36.47	499.8	1501	128	73.37	-1.65	0.258	1.0	-0.22	2.74	1.00	0.00	0.16	111115
44	"11:51:47"	1387.5	0	16.8	0.249	250	5.47	1.71	21.30	6	1.42	1	2.84	19.52	21.30	18.98	400.29	377.63	4.831	11.318	15.56	36.46	499.8	1501	128	73.37	-1.65	0.258	1.0	-0.22	2.74	1.00	0.00	0.16	111115
45	"11:51:47"	1388.0	0	16.8	0.249	250	5.47	1.71	21.30	6	1.42	1	2.84	19.52	21.30	18.98	400.28	377.64	4.832	11.320	15.56	36.47	499.9	1501	128	73.37	-1.65	0.258	1.0	-0.22	2.74	1.00	0.00	0.16	111115
"11:51:53 Coolers: Tblock -> 24.00 C"
"11:53:28 Flow: Fixed -> 500 umol/s"
46	"11:55:18"	1600.0	0	16.9	0.245	246	6.13	1.94	24.06	6	1.42	1	2.84	23.96	24.06	24.06	400.56	377.53	7.306	14.554	17.95	35.75	499.8	1500	129	73.37	-1.59	0.225	1.0	-0.22	2.74	1.00	0.00	0.16	111115
47	"11:55:18"	1600.0	0	16.9	0.245	246	6.13	1.94	24.06	6	1.42	1	2.84	23.96	24.06	24.06	400.56	377.53	7.306	14.554	17.95	35.75	499.8	1500	129	73.37	-1.59	0.225	1.0	-0.22	2.74	1.00	0.00	0.16	111115
48	"11:55:19"	1600.5	0	16.8	0.245	246	6.13	1.94	24.07	6	1.42	1	2.84	23.96	24.07	24.06	400.48	377.57	7.306	14.556	17.94	35.75	499.8	1500	129	73.37	-1.59	0.225	1.0	-0.22	2.74	1.00	0.00	0.16	111115
49	"11:55:19"	1600.5	0	16.8	0.245	246	6.13	1.94	24.07	6	1.42	1	2.84	23.96	24.07	24.06	400.48	377.57	7.306	14.556	17.94	35.75	499.8	1500	129	73.37	-1.59	0.225	1.0	-0.22	2.74	1.00	0.00	0.16	111115
50	"11:55:19"	1601.0	0	16.7	0.245	247	6.13	1.94	24.07	6	1.42	1	2.84	23.96	24.07	24.06	400.43	377.58	7.307	14.559	17.94	35.75	499.8	1500	129	73.37	-1.59	0.225	1.0	-0.22	2.74	1.00	0.00	0.16	111115
51	"11:55:20"	1601.5	0	16.7	0.245	247	6.13	1.94	24.07	6	1.42	1	2.84	23.96	24.07	24.06	400.41	377.55	7.306	14.559	17.94	35.75	499.8	1500	129	73.37	-1.59	0.225	1.0	-0.22	2.74	1.00	0.00	0.16	111115
52	"11:55:20"	1602.0	0	16.7	0.245	247	6.13	1.94	24.07	6	1.42	1	2.84	23.96	24.07	24.06	400.39	377.53	7.306	14.562	17.94	35.75	499.8	1500	130	73.37	-1.59	0.225	1.0	-0.22	2.74	1.00	0.00	0.16	111115
53	"11:55:21"	1602.5	0	16.7	0.245	247	6.14	1.94	24.07	6	1.42	1	2.84	23.96	24.07	24.06	400.34	377.55	7.306	14.564	17.94	35.76	499.8	1500	130	73.37	-1.59	0.225	1.0	-0.22	2.74	1.00	0.00	0.16	111115
54	"11:55:21"	1603.0	0	16.6	0.245	248	6.14	1.94	24.07	6	1.42	1	2.84	23.97	24.07	24.06	400.30	377.57	7.306	14.565	17.94	35.75	499.8	1500	130	73.37	-1.59	0.225	1.0	-0.22	2.74	1.00	0.00	0.16	111115
55	"11:55:22"	1603.5	0	16.6	0.245	248	6.14	1.94	24.07	6	1.42	1	2.84	23.97	24.07	24.06	400.29	377.56	7.306	14.565	17.93	35.75	499.8	1500	130	73.37	-1.59	0.225	1.0	-0.22	2.74	1.00	0.00	0.16	111115
56	"11:55:22"	1604.0	0	16.7	0.245	247	6.14	1.94	24.08	6	1.42	1	2.84	23.97	24.08	24.06	400.36	377.56	7.306	14.567	17.93	35.75	499.8	1500	130	73.37	-1.59	0.225	1.0	-0.22	2.74	1.00	0.00	0.16	111115
57	"11:55:23"	1604.5	0	16.7	0.245	247	6.14	1.94	24.08	6	1.42	1	2.84	23.97	24.08	24.06	400.41	377.54	7.305	14.569	17.93	35.76	499.8	1500	130	73.37	-1.59	0.225	1.0	-0.22	2.74	1.00	0.00	0.16	111115
58	"11:55:23"	1605.0	0	16.8	0.245	247	6.14	1.94	24.09	6	1.42	1	2.84	23.97	24.09	24.06	400.43	377.53	7.305	14.570	17.93	35.76	499.9	1500	129	73.37	-1.59	0.225	1.0	-0.22	2.74	1.00	0.00	0.16	111115
59	"11:55:24"	1605.5	0	16.8	0.245	247	6.14	1.94	24.09	6	1.42	1	2.84	23.97	24.09	24.06	400.47	377.55	7.305	14.572	17.93	35.76	499.9	1500	129	73.37	-1.59	0.225	1.0	-0.22	2.74	1.00	0.00	0.16	111115
60	"11:55:24"	1606.0	0	16.8	0.245	246	6.15	1.94	24.09	6	1.42	1	2.84	23.97	24.09	24.06	400.53	377.58	7.305	14.574	17.93	35.76	499.9	1500	129	73.37	-1.59	0.225	1.0	-0.22	2.74	1.00	0.00	0.16	111115
"11:55:29 Coolers: Tblock -> 29.00 C"
"11:57:46 Flow: Fixed -> 500 umol/s"
61	"11:58:23"	1784.5	0	16.2	0.239	246	6.45	2.08	26.41	6	1.42	1	2.84	28.07	26.41	28.94	399.18	376.79	11.173	18.773	21.51	36.15	499.9	1501	130	73.37	-1.27	0.172	1.0	-0.22	2.74	1.00	0.00	0.16	111115
62	"11:58:23"	1784.5	0	16.2	0.239	246	6.45	2.08	26.41	6	1.42	1	2.84	28.07	26.41	28.94	399.18	376.79	11.173	18.773	21.51	36.15	499.9	1501	130	73.37	-1.27	0.172	1.0	-0.22	2.74	1.00	0.00	0.16	111115
63	"11:58:24"	1785.0	0	16.2	0.239	246	6.46	2.08	26.41	6	1.42	1	2.84	28.07	26.41	28.94	399.22	376.81	11.172	18.775	21.51	36.15	499.9	1501	131	73.37	-1.27	0.172	1.0	-0.22	2.74	1.00	0.00	0.16	111115
64	"11:58:24"	1785.5	0	16.3	0.239	245	6.46	2.08	26.42	6	1.42	1	2.84	28.07	26.42	28.94	399.31	376.82	11.171	18.779	21.51	36.15	499.8	1501	130	73.37	-1.27	0.172	1.0	-0.22	2.74	1.00	0.00	0.16	111115
65	"11:58:25"	1786.0	0	16.3	0.239	245	6.46	2.08	26.42	6	1.42	1	2.84	28.08	26.42	28.94	399.40	376.86	11.172	18.780	21.51	36.15	499.8	1501	131	73.37	-1.27	0.172	1.0	-0.22	2.74	1.00	0.00	0.16	111115
66	"11:58:25"	1786.5	0	16.4	0.239	245	6.46	2.08	26.42	6	1.42	1	2.84	28.08	26.42	28.94	399.44	376.89	11.172	18.781	21.51	36.15	499.8	1501	130	73.37	-1.27	0.172	1.0	-0.22	2.74	1.00	0.00	0.16	111115
67	"11:58:26"	1787.0	0	16.3	0.239	245	6.46	2.08	26.42	6	1.42	1	2.84	28.08	26.42	28.94	399.46	376.91	11.172	18.782	21.50	36.15	499.8	1501	130	73.37	-1.27	0.172	1.0	-0.22	2.74	1.00	0.00	0.16	111115
68	"11:58:26"	1787.5	0	16.4	0.239	245	6.46	2.08	26.43	6	1.42	1	2.84	28.08	26.43	28.94	399.49	376.92	11.172	18.786	21.50	36.15	499.8	1501	131	73.37	-1.27	0.172	1.0	-0.22	2.74	1.00	0.00	0.16	111115
69	"11:58:27"	1788.0	0	16.3	0.239	245	6.47	2.08	26.43	6	1.42	1	2.84	28.08	26.43	28.94	399.45	376.90	11.172	18.788	21.50	36.15	499.8	1501	131	73.37	-1.27	0.172	1.0	-0.22	2.74	1.00	0.00	0.16	111115
70	"11:58:27"	1788.5	0	16.3	0.239	245	6.47	2.08	26.44	6	1.42	1	2.84	28.08	26.44	28.94	399.42	376.91	11.172	18.793	21.49	36.16	499.8	1501	131	73.37	-1.27	0.172	1.0	-0.22	2.74	1.00	0.00	0.16	111115
71	"11:58:28"	1789.0	0	16.3	0.239	246	6.47	2.08	26.44	6	1.42	1	2.84	28.09	26.44	28.94	399.36	376.89	11.171	18.794	21.49	36.16	499.9	1500	130	73.37	-1.27	0.172	1.0	-0.22	2.74	1.00	0.00	0.16	111115
72	"11:58:28"	1790.0	0	16.2	0.239	246	6.48	2.09	26.45	6	1.42	1	2.84	28.09	26.45	28.94	399.23	376.85	11.170	18.797	21.49	36.16	499.8	1500	130	73.37	-1.27	0.172	1.0	-0.22	2.74	1.00	0.00	0.16	111115
73	"11:58:29"	1790.5	0	16.2	0.239	246	6.48	2.09	26.45	6	1.42	1	2.84	28.09	26.45	28.94	399.17	376.83	11.170	18.799	21.48	36.16	499.8	1500	130	73.37	-1.27	0.172	1.0	-0.22	2.74	1.00	0.00	0.16	111115
74	"11:58:29"	1791.0	0	16.1	0.239	247	6.48	2.09	26.46	6	1.42	1	2.84	28.09	26.46	28.94	399.11	376.84	11.170	18.801	21.48	36.16	499.8	1500	130	73.37	-1.27	0.172	1.0	-0.22	2.74	1.00	0.00	0.16	111115
75	"11:58:30"	1791.5	0	16	0.239	247	6.48	2.09	26.46	6	1.42	1	2.84	28.09	26.46	28.94	399.04	376.85	11.170	18.802	21.48	36.16	499.8	1500	131	73.37	-1.27	0.172	1.0	-0.22	2.74	1.00	0.00	0.16	111115
"11:58:36 Coolers: Tblock -> 34.00 C"
"12:01:22 Flow: Fixed -> 500 umol/s"
76	"12:01:38"	1980.0	0	15.5	0.23	245	7.03	2.33	29.46	6	1.42	1	2.84	32.46	29.46	34.02	399.03	377.22	16.294	24.530	24.39	36.72	499.8	1499	132	73.37	-1.09	0.102	0.7	-0.22	2.74	1.00	0.00	0.16	111115
77	"12:01:39"	1980.5	0	15.6	0.23	245	7.04	2.33	29.47	6	1.42	1	2.84	32.46	29.47	34.02	399.09	377.23	16.294	24.533	24.39	36.72	499.8	1499	132	73.37	-1.09	0.102	0.7	-0.22	2.74	1.00	0.00	0.16	111115
78	"12:01:39"	1981.0	0	15.6	0.23	245	7.04	2.33	29.47	6	1.42	1	2.84	32.47	29.47	34.02	399.15	377.24	16.294	24.535	24.39	36.72	499.8	1499	132	73.37	-1.09	0.102	0.7	-0.22	2.74	1.00	0.00	0.16	111115
79	"12:01:57"	1998.0	0	15.6	0.228	244	7.11	2.37	29.64	6	1.42	1	2.84	32.54	29.64	34.02	398.94	377.00	16.288	24.609	24.28	36.68	499.8	1499	132	73.37	-1.09	0.102	0.7	-0.22	2.74	1.00	0.00	0.16	111115
80	"12:01:57"	1998.0	0	15.6	0.228	244	7.11	2.37	29.64	6	1.42	1	2.84	32.54	29.64	34.02	398.94	377.00	16.288	24.609	24.28	36.68	499.8	1499	132	73.37	-1.09	0.102	0.7	-0.22	2.74	1.00	0.00	0.16	111115
81	"12:01:58"	1998.5	0	15.6	0.228	244	7.11	2.37	29.65	6	1.42	1	2.84	32.54	29.65	34.02	398.92	376.99	16.289	24.612	24.27	36.68	499.8	1499	132	73.37	-1.09	0.102	0.7	-0.22	2.74	1.00	0.00	0.16	111115
82	"12:01:58"	1999.0	0	15.6	0.228	244	7.11	2.37	29.65	6	1.42	1	2.84	32.54	29.65	34.02	398.90	376.99	16.288	24.615	24.27	36.68	499.8	1499	132	73.37	-1.09	0.102	1.0	-0.22	2.74	1.00	0.00	0.16	111115
83	"12:01:59"	1999.5	0	15.5	0.228	244	7.11	2.37	29.66	6	1.42	1	2.84	32.55	29.66	34.02	398.87	377.05	16.289	24.617	24.27	36.68	499.8	1499	132	73.37	-1.09	0.102	1.0	-0.22	2.74	1.00	0.00	0.16	111115
84	"12:01:59"	2000.0	0	15.5	0.228	244	7.11	2.37	29.66	6	1.42	1	2.84	32.55	29.66	34.02	398.83	377.03	16.290	24.619	24.27	36.68	499.8	1499	132	73.37	-1.09	0.102	1.0	-0.22	2.74	1.00	0.00	0.16	111115
85	"12:02:00"	2000.5	0	15.5	0.228	244	7.12	2.37	29.66	6	1.42	1	2.84	32.55	29.66	34.02	398.83	377.01	16.289	24.622	24.27	36.68	499.8	1499	132	73.37	-1.09	0.102	1.0	-0.22	2.74	1.00	0.00	0.16	111115
86	"12:02:00"	2001.0	0	15.5	0.228	244	7.12	2.37	29.67	6	1.42	1	2.84	32.55	29.67	34.02	398.83	377.01	16.290	24.625	24.26	36.68	499.8	1499	132	73.37	-1.09	0.102	1.0	-0.22	2.74	1.00	0.00	0.16	111115
87	"12:02:01"	2001.5	0	15.5	0.228	244	7.12	2.37	29.67	6	1.42	1	2.84	32.55	29.67	34.02	398.85	376.99	16.290	24.627	24.26	36.68	499.8	1499	132	73.37	-1.09	0.102	1.0	-0.22	2.74	1.00	0.00	0.16	111115
88	"12:02:01"	2002.0	0	15.5	0.228	244	7.12	2.38	29.68	6	1.42	1	2.84	32.56	29.68	34.02	398.85	376.98	16.289	24.629	24.26	36.68	499.8	1499	132	73.37	-1.09	0.102	1.0	-0.22	2.74	1.00	0.00	0.16	111115
89	"12:02:02"	2003.0	0	15.6	0.228	243	7.13	2.38	29.68	6	1.42	1	2.84	32.56	29.68	34.02	398.94	376.96	16.288	24.635	24.25	36.68	499.8	1499	132	73.37	-1.09	0.102	1.0	-0.22	2.74	1.00	0.00	0.16	111115
90	"12:02:02"	2003.5	0	15.7	0.228	243	7.13	2.38	29.68	6	1.42	1	2.84	32.56	29.68	34.02	399.01	376.95	16.286	24.636	24.24	36.67	499.8	1499	132	73.37	-1.09	0.102	1.0	-0.22	2.74	1.00	0.00	0.16	111115
91	"12:02:03"	2004.0	0	15.7	0.228	243	7.13	2.38	29.69	6	1.42	1	2.84	32.57	29.69	34.02	399.09	377.01	16.287	24.638	24.24	36.67	499.8	1499	132	73.37	-1.09	0.102	1.0	-0.22	2.74	1.00	0.00	0.16	111115
92	"12:02:03"	2004.5	0	15.7	0.228	243	7.13	2.38	29.69	6	1.42	1	2.84	32.57	29.69	34.02	399.13	377.07	16.287	24.640	24.24	36.67	499.8	1499	132	73.37	-1.09	0.102	1.0	-0.22	2.74	1.00	0.00	0.16	111115
93	"12:02:04"	2005.0	0	15.7	0.228	243	7.14	2.38	29.69	6	1.42	1	2.84	32.57	29.69	34.02	399.22	377.10	16.287	24.642	24.23	36.67	499.9	1499	132	73.37	-1.09	0.102	1.0	-0.22	2.74	1.00	0.00	0.16	111115
"12:02:13 Coolers: Tblock -> 39.00 C"
"12:07:27 Flow: Fixed -> 500 umol/s"
94	"12:08:14"	2376.5	0	14.6	0.227	250	7.61	2.53	32.38	6	1.42	1	2.84	37.21	32.38	39.09	399.03	378.03	23.171	32.019	26.65	36.83	499.8	1500	134	73.37	-0.596	0.0199	1.0	-0.22	2.74	1.00	0.00	0.16	111115
95	"12:08:15"	2376.5	0	14.6	0.227	250	7.61	2.53	32.38	6	1.42	1	2.84	37.21	32.38	39.09	399.03	378.03	23.171	32.019	26.65	36.83	499.8	1500	134	73.37	-0.596	0.0199	1.0	-0.22	2.74	1.00	0.00	0.16	111115
96	"12:08:15"	2377.0	0	14.6	0.227	250	7.62	2.53	32.37	6	1.42	1	2.84	37.22	32.37	39.09	399.05	378.03	23.172	32.022	26.65	36.83	499.8	1500	134	73.37	-0.596	0.0199	1.0	-0.22	2.74	1.00	0.00	0.16	111115
97	"12:08:15"	2377.0	0	14.6	0.227	250	7.62	2.53	32.37	6	1.42	1	2.84	37.22	32.37	39.09	399.05	378.03	23.172	32.022	26.65	36.83	499.8	1500	134	73.37	-0.596	0.0199	1.0	-0.22	2.74	1.00	0.00	0.16	111115
98	"12:08:16"	2377.5	0	14.6	0.227	250	7.61	2.53	32.37	6	1.42	1	2.84	37.22	32.37	39.09	399.09	378.07	23.173	32.021	26.65	36.83	499.8	1500	134	73.37	-0.596	0.0199	1.0	-0.22	2.74	1.00	0.00	0.16	111115
99	"12:08:17"	2378.0	0	14.7	0.227	250	7.62	2.53	32.37	6	1.42	1	2.84	37.22	32.37	39.09	399.11	378.03	23.173	32.022	26.65	36.83	499.8	1500	134	73.37	-0.596	0.0199	1.0	-0.22	2.74	1.00	0.00	0.16	111115
100	"12:08:17"	2378.5	0	14.7	0.227	249	7.62	2.53	32.37	6	1.42	1	2.84	37.22	32.37	39.09	399.14	378.02	23.172	32.026	26.65	36.83	499.8	1500	134	73.37	-0.596	0.0199	1.0	-0.22	2.74	1.00	0.00	0.16	111115
101	"12:08:18"	2379.0	0	14.7	0.227	249	7.62	2.53	32.37	6	1.42	1	2.84	37.22	32.37	39.09	399.13	377.98	23.172	32.026	26.65	36.83	499.8	1500	134	73.37	-0.596	0.0199	0.7	-0.22	2.74	1.00	0.00	0.16	111115
102	"12:08:18"	2379.5	0	14.7	0.227	250	7.62	2.53	32.37	6	1.42	1	2.84	37.22	32.37	39.09	399.09	378.01	23.173	32.026	26.65	36.83	499.8	1500	134	73.37	-0.596	0.0199	0.7	-0.22	2.74	1.00	0.00	0.16	111115
103	"12:08:19"	2380.0	0	14.6	0.227	250	7.62	2.52	32.37	6	1.42	1	2.84	37.22	32.37	39.09	399.06	378.03	23.174	32.028	26.65	36.83	499.8	1500	134	73.37	-0.596	0.0199	0.7	-0.22	2.74	1.00	0.00	0.16	111115
104	"12:08:19"	2380.5	0	14.7	0.227	250	7.62	2.52	32.37	6	1.42	1	2.84	37.22	32.37	39.09	399.06	378.01	23.175	32.030	26.65	36.83	499.9	1500	134	73.37	-0.596	0.0199	0.7	-0.22	2.74	1.00	0.00	0.16	111115
105	"12:08:20"	2381.5	0	14.7	0.227	250	7.62	2.53	32.37	6	1.42	1	2.84	37.22	32.37	39.09	399.12	378.05	23.175	32.035	26.64	36.83	499.8	1500	135	73.37	-0.596	0.0199	0.7	-0.22	2.74	1.00	0.00	0.16	111115
106	"12:08:20"	2382.0	0	14.7	0.227	250	7.62	2.53	32.38	6	1.42	1	2.84	37.22	32.38	39.09	399.16	378.08	23.175	32.034	26.64	36.83	499.9	1500	135	73.37	-0.596	0.0199	1.0	-0.22	2.74	1.00	0.00	0.16	111115
107	"12:08:21"	2382.5	0	14.7	0.227	250	7.62	2.53	32.38	6	1.42	1	2.84	37.23	32.38	39.09	399.18	378.12	23.177	32.034	26.64	36.82	499.9	1500	135	73.37	-0.596	0.0199	1.0	-0.22	2.74	1.00	0.00	0.16	111115
108	"12:08:21"	2383.0	0	14.7	0.227	250	7.63	2.53	32.38	6	1.42	1	2.84	37.23	32.38	39.09	399.22	378.12	23.178	32.040	26.64	36.83	499.9	1500	135	73.37	-0.596	0.0199	1.0	-0.22	2.74	1.00	0.00	0.16	111115
109	"12:08:23"	2385.0	0	14.7	0.227	250	7.63	2.53	32.38	6	1.42	1	2.84	37.23	32.38	39.09	399.13	378.07	23.176	32.040	26.64	36.83	499.9	1500	134	73.37	-0.596	0.0199	1.0	-0.22	2.74	1.00	0.00	0.16	111115
