"OPEN 6.2.4"
"Sat Jun 27 2015 13:04:10"
<open><version>"6.2.4"</version></open>
<open><configfile>"/User/Configs/UserPrefs/2x3 LED.xml"</configfile></open>
<open><light><source>"6400-02 or -02B LED Source"</source><par_in>1<sensor>"SI-3781"<cal>-0.93<actinity>1.00</actinity><transm>1.00</transm></cal></sensor><transm>1</transm></par_in><par_out>1<sensor>"Q49599"<cal>7.26</cal></sensor></par_out></light></open>
<open><comps><file>"/User/Configs/Comps/StdComps_6.2"<header>""</header><extras></extras></file><energybal>no<f_parIn>1</f_parIn><f_parOut>0</f_parOut><alphaK>0.16</alphaK></energybal><bc_total>2.840<stomatal_ratio>1</stomatal_ratio><bc_oneside>1.420<type>2</type><table>"/Sys/Lib/StdBLCTable"</table><area>6</area><slope>-0.219565</slope><offset>2.73739</offset><fan>5</fan></bc_oneside></bc_total></comps></open>
<open><prompts><onlog>off</onlog><items>"Default (none)"</items></prompts></open>
<open><constants><oxygen>21 %</oxygen><bb_vapor>1.5</bb_vapor><bb_oxy>0.9</bb_oxy></constants></open>
<open><stability><items>"Std Stability"<items[1]><id>-2</id><size>15</size><pcv><onoff>0</onoff><value>1</value></pcv><std><onoff>0</onoff><value>1</value></std><slp><onoff>1</onoff><value>1</value></slp></items[1]><items[2]><id>-5</id><size>15</size><pcv><onoff>0</onoff><value>1</value></pcv><std><onoff>0</onoff><value>1</value></std><slp><onoff>1</onoff><value>1</value></slp></items[2]><items[3]><id>-7</id><size>15</size><pcv><onoff>0</onoff><value>1</value></pcv><std><onoff>0</onoff><value>1</value></std><slp><onoff>1</onoff><value>1</value></slp></items[3]></items></stability></open>
<open><log><format>"StdLogFmt_6.0"<items>{ -35 -21 -36 -76 30 23 36 21 25 221 -33 111 -34 11 -9 -10 -8 -1 -2 -4 -5 -14 -15 -7 -12 -13 -11 -65 -66 -72 -18 -19 -77 -78 -79 -23  }<hdr>{  }</hdr></items></format><options><beep>on</beep><hdr>normal</hdr><rem>normal</rem><stab>no</stab><stats>no<mean>no</mean><file>no</file><period>15</period></stats><excel>yes</excel><controls>yes</controls><comm>no</comm></options><datafile>"/User/stm-plipo1"</datafile><button><action>"Normal Log"<code>" LogOneObsManual "</code></action></button><autoprog>"/User/Configs/AutoProgs/AutoLog2"<active>no</active></autoprog></log></open>
<open><a2d><avgtime>4.0 secs</avgtime><userchans><ch20>"Off"</ch20><ch21>"Off"</ch21><ch22>"Off"</ch22><ch23>"Off"</ch23></userchans></a2d></open>
<open><matching><type>0</type><disp>'a'</disp><settings><CO2Limit>10.0</CO2Limit><H2OLimit>1.0</H2OLimit><MaxAutoTime>60</MaxAutoTime></settings></matching></open>
<li6400><factory><unit>"PSC-3840"</unit><serviced>"1 Jul 2013"</serviced><fuseaware>0</fuseaware><co2mixer>yes</co2mixer><co2><coeffs>{ 0 0.213319 2.22998e-05 2.13159e-08 -3.88664e-12 3.69888e-16  }</coeffs><dvdt>-4.7</dvdt><xs>{ 0.0009 -0.0002  }</xs></co2><h2o><coeffs>{ 0 0.00572751 2.23485e-06 -7.37877e-12  }</coeffs><dvdt>-1.7</dvdt><xs>{ 0.0009 -0.0028  }</xs></h2o><flow>{ 0 0.3568  }</flow><press>{ 88.437 0.00551  }</press></factory></li6400>
<li6400><user><flow_zero>-468.8</flow_zero><irga_zero><co2>429.7 390.6<at>17.6901</at></co2><h2o>78.1 156.2<at>17.1607</at></h2o></irga_zero><irga_span><co2>{ 0.99237 0.992833  }</co2><h2o>{ 1.00426 0.996799  }</h2o></irga_span><irga_match><co2>{ 0.368307 -0.596191  }</co2><h2o>{ 0.00477181 0.0198919  }</h2o></irga_match><co2_mixer><pump_mv>4500</pump_mv><ppm>{ 2287.2 1080.71 423.89 257.488 117.195 68.0056 44.5242 37.9628  }</ppm><mv>{ 5000 3000 1500 1000 500 300 200 100  }</mv></co2_mixer><parin_offset>0</parin_offset><led_cal><unit>"SI-3781"</unit><mv>{ 10 25 50 100 1000 2000 3000 4000 5000  }</mv><qntm>{ 4.69642 15.4417 35.4805 82.2863 972.665 1922.29 2824.32 3690.14 4518.2  }</qntm></led_cal><lcf_cal><unit>"unknown"</unit><red><mv>{ 50 100 500 1000 1500 5000  }</mv><qntm>{ 50 100 500 1000 2000 5000  }</qntm></red><blue><mv>{ 100 200 500 1000 2000 5000  }</mv><qntm>{ 10 20 50 100 200 500  }</qntm></blue></lcf_cal></user></li6400>
"13:04:12 "
$STARTOFDATA$
"Obs"	"HHMMSS"	"FTime"	"EBal?"	"Photo"	"Cond"	"Ci"	"Trmmol"	"VpdL"	"CTleaf"	"Area"	"BLC_1"	"StmRat"	"BLCond"	"Tair"	"Tleaf"	"TBlk"	"CO2R"	"CO2S"	"H2OR"	"H2OS"	"RH_R"	"RH_S"	"Flow"	"PARi"	"PARo"	"Press"	"CsMch"	"HsMch"	"StableF"	"BLCslope"	"BLCoffst"	"f_parin"	"f_parout"	"alphaK"	"Status"
"13:08:43 CO2 Mixer: CO2R -> 400 uml"
"13:08:50 Coolers: Tblock -> 0.00 C"
"13:08:56 Lamp: ParIn ->  1500 uml"
"13:20:59 Flow: Fixed -> 500 umol/s"
"13:24:46 Coolers: Tblock -> 8.65 C"
"13:25:35 Flow: Fixed -> 500 umol/s"
1	"13:26:51"	1374.5	0	10.7	0.182	276	3.11	1.26	15.11	6	1.42	1	2.84	11.09	15.11	8.62	399.34	385.09	2.898	6.602	15.38	35.04	499.8	1499	312	70.33	-1.06	0.334	1.0	-0.22	2.74	1.00	0.00	0.16	111115
2	"13:26:51"	1374.5	0	10.7	0.182	276	3.11	1.26	15.11	6	1.42	1	2.84	11.09	15.11	8.62	399.34	385.09	2.898	6.602	15.38	35.04	499.8	1499	312	70.33	-1.06	0.334	1.0	-0.22	2.74	1.00	0.00	0.16	111115
3	"13:26:52"	1375.0	0	10.7	0.182	277	3.11	1.26	15.10	6	1.42	1	2.84	11.09	15.10	8.62	399.35	385.11	2.898	6.601	15.38	35.03	499.8	1499	312	70.33	-1.06	0.334	1.0	-0.22	2.74	1.00	0.00	0.16	111115
4	"13:26:52"	1375.5	0	10.7	0.182	277	3.1	1.26	15.10	6	1.42	1	2.84	11.09	15.10	8.62	399.33	385.10	2.897	6.600	15.38	35.02	499.8	1499	312	70.33	-1.06	0.334	1.0	-0.22	2.74	1.00	0.00	0.16	111115
5	"13:26:53"	1375.5	0	10.7	0.182	277	3.1	1.26	15.10	6	1.42	1	2.84	11.09	15.10	8.62	399.33	385.10	2.897	6.600	15.38	35.02	499.8	1499	312	70.33	-1.06	0.334	1.0	-0.22	2.74	1.00	0.00	0.16	111115
6	"13:26:53"	1376.0	0	10.7	0.182	277	3.11	1.26	15.10	6	1.42	1	2.84	11.09	15.10	8.62	399.33	385.10	2.897	6.600	15.37	35.03	499.8	1499	312	70.33	-1.06	0.334	1.0	-0.22	2.74	1.00	0.00	0.16	111115
7	"13:26:54"	1376.5	0	10.6	0.182	277	3.1	1.26	15.11	6	1.42	1	2.84	11.09	15.11	8.62	399.31	385.13	2.897	6.599	15.37	35.02	499.8	1499	312	70.33	-1.06	0.334	1.0	-0.22	2.74	1.00	0.00	0.16	111115
8	"13:26:54"	1377.0	0	10.6	0.181	277	3.1	1.26	15.12	6	1.42	1	2.84	11.09	15.12	8.62	399.31	385.14	2.896	6.598	15.37	35.02	499.8	1499	312	70.33	-1.06	0.334	1.0	-0.22	2.74	1.00	0.00	0.16	111115
9	"13:26:55"	1377.5	0	10.6	0.181	277	3.1	1.26	15.14	6	1.42	1	2.84	11.09	15.14	8.62	399.28	385.12	2.896	6.597	15.37	35.01	499.8	1499	312	70.33	-1.06	0.334	1.0	-0.22	2.74	1.00	0.00	0.16	111115
10	"13:26:55"	1378.0	0	10.6	0.181	277	3.1	1.26	15.15	6	1.42	1	2.84	11.09	15.15	8.62	399.27	385.15	2.895	6.596	15.36	35.00	499.8	1499	312	70.33	-1.06	0.334	1.0	-0.22	2.74	1.00	0.00	0.16	111115
11	"13:26:56"	1378.5	0	10.6	0.181	277	3.1	1.26	15.16	6	1.42	1	2.84	11.09	15.16	8.62	399.27	385.15	2.894	6.595	15.36	35.00	499.8	1499	312	70.33	-1.06	0.334	1.0	-0.22	2.74	1.00	0.00	0.16	111115
12	"13:26:56"	1379.0	0	10.6	0.18	277	3.1	1.27	15.17	6	1.42	1	2.84	11.09	15.17	8.62	399.26	385.13	2.894	6.594	15.36	34.99	499.9	1499	312	70.33	-1.06	0.334	1.0	-0.22	2.74	1.00	0.00	0.16	111115
13	"13:26:57"	1379.5	0	10.6	0.18	276	3.1	1.27	15.17	6	1.42	1	2.84	11.09	15.17	8.62	399.27	385.13	2.894	6.594	15.35	34.99	499.8	1499	312	70.33	-1.06	0.334	1.0	-0.22	2.74	1.00	0.00	0.16	111115
14	"13:26:57"	1380.0	0	10.6	0.18	276	3.1	1.27	15.17	6	1.42	1	2.84	11.09	15.17	8.62	399.31	385.11	2.894	6.592	15.35	34.98	499.9	1499	312	70.33	-1.06	0.334	1.0	-0.22	2.74	1.00	0.00	0.16	111115
15	"13:26:58"	1380.5	0	10.7	0.18	276	3.1	1.27	15.16	6	1.42	1	2.84	11.09	15.16	8.62	399.33	385.09	2.894	6.591	15.35	34.97	499.9	1499	312	70.33	-1.06	0.334	1.0	-0.22	2.74	1.00	0.00	0.16	111115
"13:27:05 Coolers: Tblock -> 14.00 C"
"13:29:06 Flow: Fixed -> 500 umol/s"
16	"13:30:34"	1597.0	0	10.7	0.163	264	3.12	1.39	17.64	6	1.42	1	2.84	15.45	17.64	14.09	399.57	385.25	5.271	8.977	21.05	35.85	499.8	1499	55	70.33	-1.77	0.326	1.0	-0.22	2.74	1.00	0.00	0.16	111115
17	"13:30:34"	1597.0	0	10.7	0.163	264	3.12	1.39	17.64	6	1.42	1	2.84	15.45	17.64	14.09	399.57	385.25	5.271	8.977	21.05	35.85	499.8	1499	55	70.33	-1.77	0.326	1.0	-0.22	2.74	1.00	0.00	0.16	111115
18	"13:30:34"	1597.5	0	10.8	0.163	264	3.12	1.39	17.64	6	1.42	1	2.84	15.45	17.64	14.08	399.60	385.23	5.270	8.978	21.04	35.85	499.8	1499	54	70.33	-1.77	0.326	1.0	-0.22	2.74	1.00	0.00	0.16	111115
19	"13:30:35"	1598.0	0	10.8	0.163	264	3.12	1.39	17.64	6	1.42	1	2.84	15.45	17.64	14.08	399.56	385.21	5.269	8.978	21.04	35.85	499.8	1499	54	70.33	-1.77	0.326	1.0	-0.22	2.74	1.00	0.00	0.16	111115
20	"13:30:35"	1598.5	0	10.8	0.163	264	3.12	1.39	17.63	6	1.42	1	2.84	15.45	17.63	14.08	399.56	385.19	5.268	8.977	21.04	35.85	499.8	1499	55	70.33	-1.77	0.326	1.0	-0.22	2.74	1.00	0.00	0.16	111115
21	"13:30:36"	1599.0	0	10.8	0.163	264	3.12	1.39	17.63	6	1.42	1	2.84	15.45	17.63	14.08	399.57	385.20	5.268	8.977	21.04	35.84	499.8	1499	55	70.33	-1.77	0.326	1.0	-0.22	2.74	1.00	0.00	0.16	111115
22	"13:30:36"	1599.5	0	10.8	0.163	264	3.12	1.39	17.63	6	1.42	1	2.84	15.45	17.63	14.08	399.56	385.20	5.268	8.976	21.03	35.84	499.8	1499	55	70.33	-1.77	0.326	1.0	-0.22	2.74	1.00	0.00	0.16	111115
23	"13:30:37"	1600.0	0	10.8	0.163	264	3.12	1.39	17.64	6	1.42	1	2.84	15.45	17.64	14.08	399.57	385.20	5.268	8.976	21.03	35.84	499.8	1499	55	70.33	-1.77	0.326	1.0	-0.22	2.74	1.00	0.00	0.16	111115
24	"13:30:37"	1600.5	0	10.8	0.163	264	3.12	1.39	17.65	6	1.42	1	2.84	15.45	17.65	14.08	399.56	385.19	5.268	8.974	21.03	35.83	499.8	1499	55	70.33	-1.77	0.326	1.0	-0.22	2.74	1.00	0.00	0.16	111115
25	"13:30:38"	1601.0	0	10.8	0.163	264	3.12	1.4	17.66	6	1.42	1	2.84	15.45	17.66	14.08	399.55	385.19	5.267	8.974	21.02	35.83	499.8	1499	55	70.33	-1.77	0.326	1.0	-0.22	2.74	1.00	0.00	0.16	111115
26	"13:30:38"	1601.5	0	10.8	0.163	264	3.12	1.4	17.66	6	1.42	1	2.84	15.45	17.66	14.08	399.54	385.19	5.266	8.973	21.02	35.82	499.8	1499	55	70.33	-1.77	0.326	1.0	-0.22	2.74	1.00	0.00	0.16	111115
27	"13:30:39"	1602.0	0	10.8	0.163	264	3.12	1.4	17.66	6	1.42	1	2.84	15.45	17.66	14.08	399.56	385.21	5.266	8.973	21.02	35.82	499.8	1499	55	70.33	-1.77	0.326	1.0	-0.22	2.74	1.00	0.00	0.16	111115
28	"13:30:39"	1602.5	0	10.7	0.163	264	3.11	1.4	17.67	6	1.42	1	2.84	15.45	17.67	14.08	399.53	385.20	5.266	8.972	21.02	35.81	499.9	1499	56	70.33	-1.77	0.326	1.0	-0.22	2.74	1.00	0.00	0.16	111115
29	"13:30:40"	1603.0	0	10.7	0.162	264	3.11	1.4	17.67	6	1.42	1	2.84	15.45	17.67	14.09	399.52	385.18	5.267	8.972	21.02	35.81	499.9	1499	56	70.33	-1.77	0.326	1.0	-0.22	2.74	1.00	0.00	0.16	111115
30	"13:30:40"	1603.5	0	10.7	0.162	264	3.11	1.4	17.67	6	1.42	1	2.84	15.45	17.67	14.08	399.48	385.17	5.266	8.970	21.02	35.81	499.9	1499	56	70.33	-1.77	0.326	1.0	-0.22	2.74	1.00	0.00	0.16	111115
"13:30:48 Coolers: Tblock -> 19.00 C"
"13:32:29 Flow: Fixed -> 500 umol/s"
"13:33:48 Flow: Fixed -> 500 umol/s"
31	"13:34:46"	1850.0	0	10.4	0.149	259	3.25	1.57	20.24	6	1.42	1	2.84	19.52	20.24	18.98	401.06	387.10	7.651	11.502	23.62	35.51	499.9	1501	317	70.33	-1.79	0.313	1.0	-0.22	2.74	1.00	0.00	0.16	111115
32	"13:34:47"	1850.0	0	10.4	0.149	259	3.25	1.57	20.24	6	1.42	1	2.84	19.52	20.24	18.98	401.06	387.10	7.651	11.502	23.62	35.51	499.9	1501	317	70.33	-1.79	0.313	1.0	-0.22	2.74	1.00	0.00	0.16	111115
33	"13:34:47"	1850.0	0	10.4	0.149	259	3.25	1.57	20.24	6	1.42	1	2.84	19.52	20.24	18.98	401.06	387.10	7.651	11.502	23.62	35.51	499.9	1501	317	70.33	-1.79	0.313	1.0	-0.22	2.74	1.00	0.00	0.16	111115
34	"13:34:48"	1850.5	0	10.3	0.149	260	3.24	1.57	20.25	6	1.42	1	2.84	19.52	20.25	18.98	401.04	387.15	7.652	11.501	23.62	35.51	499.9	1501	318	70.33	-1.79	0.313	1.0	-0.22	2.74	1.00	0.00	0.16	111115
35	"13:34:48"	1851.0	0	10.3	0.149	260	3.24	1.57	20.25	6	1.42	1	2.84	19.52	20.25	18.98	401.04	387.15	7.653	11.501	23.62	35.50	499.9	1501	318	70.33	-1.79	0.313	1.0	-0.22	2.74	1.00	0.00	0.16	111115
36	"13:34:49"	1851.5	0	10.4	0.149	259	3.24	1.57	20.25	6	1.42	1	2.84	19.52	20.25	18.98	401.07	387.13	7.653	11.502	23.62	35.50	499.8	1501	318	70.33	-1.79	0.313	1.0	-0.22	2.74	1.00	0.00	0.16	111115
37	"13:34:49"	1852.0	0	10.4	0.149	259	3.25	1.57	20.25	6	1.42	1	2.84	19.53	20.25	18.98	401.07	387.13	7.652	11.504	23.62	35.51	499.9	1501	318	70.33	-1.79	0.313	1.0	-0.22	2.74	1.00	0.00	0.16	111115
38	"13:34:50"	1852.5	0	10.4	0.149	259	3.25	1.57	20.25	6	1.42	1	2.84	19.53	20.25	18.98	401.10	387.12	7.652	11.505	23.62	35.51	499.8	1501	318	70.33	-1.79	0.313	1.0	-0.22	2.74	1.00	0.00	0.16	111115
39	"13:34:50"	1853.0	0	10.4	0.149	259	3.25	1.57	20.25	6	1.42	1	2.84	19.53	20.25	18.98	401.09	387.13	7.653	11.505	23.62	35.51	499.8	1501	318	70.33	-1.79	0.313	1.0	-0.22	2.74	1.00	0.00	0.16	111115
40	"13:34:51"	1853.5	0	10.4	0.149	259	3.25	1.57	20.25	6	1.42	1	2.84	19.53	20.25	18.98	401.10	387.13	7.653	11.505	23.62	35.50	499.8	1501	318	70.33	-1.79	0.313	1.0	-0.22	2.74	1.00	0.00	0.16	111115
41	"13:34:51"	1854.0	0	10.4	0.149	259	3.25	1.57	20.25	6	1.42	1	2.84	19.53	20.25	18.98	401.12	387.13	7.653	11.504	23.61	35.50	499.8	1501	318	70.33	-1.79	0.313	1.0	-0.22	2.74	1.00	0.00	0.16	111115
42	"13:34:52"	1854.5	0	10.4	0.149	258	3.25	1.57	20.25	6	1.42	1	2.84	19.53	20.25	18.98	401.18	387.13	7.652	11.507	23.61	35.50	499.8	1501	319	70.33	-1.79	0.313	1.0	-0.22	2.74	1.00	0.00	0.16	111115
43	"13:34:52"	1855.0	0	10.5	0.149	258	3.25	1.57	20.26	6	1.42	1	2.84	19.53	20.26	18.98	401.21	387.14	7.651	11.508	23.60	35.51	499.8	1501	319	70.33	-1.79	0.313	1.0	-0.22	2.74	1.00	0.00	0.16	111115
44	"13:34:53"	1855.5	0	10.5	0.149	258	3.25	1.57	20.26	6	1.42	1	2.84	19.53	20.26	18.98	401.26	387.17	7.651	11.508	23.60	35.50	499.9	1501	319	70.33	-1.79	0.313	1.0	-0.22	2.74	1.00	0.00	0.16	111115
45	"13:34:53"	1856.0	0	10.5	0.149	258	3.25	1.58	20.26	6	1.42	1	2.84	19.54	20.26	18.98	401.27	387.18	7.651	11.507	23.60	35.50	499.9	1501	319	70.33	-1.79	0.313	1.0	-0.22	2.74	1.00	0.00	0.16	111115
"13:34:59 Coolers: Tblock -> 24.00 C"
"13:37:15 Flow: Fixed -> 500 umol/s"
46	"13:38:19"	2062.0	0	10	0.141	256	3.36	1.71	22.50	6	1.42	1	2.84	23.60	22.50	24.06	400.57	387.01	10.599	14.578	25.49	35.06	499.7	1500	107	70.33	-1.81	0.293	1.0	-0.22	2.74	1.00	0.00	0.16	111115
47	"13:38:19"	2062.0	0	10	0.141	256	3.36	1.71	22.50	6	1.42	1	2.84	23.60	22.50	24.06	400.57	387.01	10.599	14.578	25.49	35.06	499.7	1500	107	70.33	-1.81	0.293	1.0	-0.22	2.74	1.00	0.00	0.16	111115
48	"13:38:19"	2062.5	0	9.92	0.141	257	3.36	1.71	22.50	6	1.42	1	2.84	23.61	22.50	24.06	400.51	387.04	10.600	14.575	25.49	35.05	499.7	1500	104	70.33	-1.81	0.293	1.0	-0.22	2.74	1.00	0.00	0.16	111115
49	"13:38:20"	2063.0	0	9.95	0.141	257	3.36	1.71	22.50	6	1.42	1	2.84	23.61	22.50	24.06	400.52	387.01	10.599	14.574	25.49	35.04	499.7	1500	100	70.33	-1.81	0.293	1.0	-0.22	2.74	1.00	0.00	0.16	111115
50	"13:38:20"	2063.5	0	9.99	0.141	256	3.36	1.71	22.50	6	1.42	1	2.84	23.61	22.50	24.06	400.56	387.00	10.598	14.573	25.48	35.04	499.7	1500	97	70.33	-1.81	0.293	1.0	-0.22	2.74	1.00	0.00	0.16	111115
51	"13:38:21"	2064.0	0	9.99	0.141	256	3.36	1.71	22.50	6	1.42	1	2.84	23.61	22.50	24.06	400.57	387.02	10.598	14.572	25.48	35.04	499.8	1500	92	70.33	-1.81	0.293	1.0	-0.22	2.74	1.00	0.00	0.16	111115
52	"13:38:21"	2064.5	0	10	0.141	256	3.36	1.71	22.50	6	1.42	1	2.84	23.61	22.50	24.06	400.58	387.01	10.597	14.570	25.48	35.03	499.8	1500	88	70.33	-1.81	0.293	1.0	-0.22	2.74	1.00	0.00	0.16	111115
53	"13:38:22"	2065.0	0	10	0.141	256	3.36	1.71	22.50	6	1.42	1	2.84	23.61	22.50	24.06	400.59	387.02	10.598	14.569	25.48	35.03	499.9	1500	84	70.33	-1.81	0.293	1.0	-0.22	2.74	1.00	0.00	0.16	111115
54	"13:38:22"	2065.5	0	10	0.141	255	3.36	1.71	22.50	6	1.42	1	2.84	23.61	22.50	24.06	400.62	387.00	10.597	14.569	25.48	35.03	499.9	1500	81	70.33	-1.81	0.293	1.0	-0.22	2.74	1.00	0.00	0.16	111115
55	"13:38:23"	2066.0	0	10.1	0.141	255	3.36	1.71	22.50	6	1.42	1	2.84	23.61	22.50	24.06	400.63	386.98	10.596	14.569	25.47	35.02	499.9	1500	78	70.33	-1.81	0.293	1.0	-0.22	2.74	1.00	0.00	0.16	111115
56	"13:38:24"	2066.5	0	10.1	0.141	254	3.36	1.71	22.50	6	1.42	1	2.84	23.61	22.50	24.06	400.68	386.97	10.595	14.569	25.47	35.03	499.9	1500	76	70.33	-1.81	0.293	1.0	-0.22	2.74	1.00	0.00	0.16	111115
57	"13:38:24"	2067.0	0	10.1	0.141	255	3.36	1.71	22.50	6	1.42	1	2.84	23.61	22.50	24.06	400.67	386.98	10.595	14.569	25.47	35.02	499.9	1500	74	70.33	-1.81	0.293	1.0	-0.22	2.74	1.00	0.00	0.16	111115
58	"13:38:25"	2067.5	0	10.1	0.141	255	3.36	1.71	22.50	6	1.42	1	2.84	23.61	22.50	24.05	400.65	386.99	10.593	14.568	25.47	35.02	499.9	1500	73	70.33	-1.81	0.293	1.0	-0.22	2.74	1.00	0.00	0.16	111115
59	"13:38:25"	2068.0	0	10.1	0.141	255	3.36	1.71	22.50	6	1.42	1	2.84	23.61	22.50	24.05	400.66	387.00	10.593	14.568	25.46	35.02	499.9	1500	72	70.33	-1.81	0.293	1.0	-0.22	2.74	1.00	0.00	0.16	111115
60	"13:38:26"	2068.5	0	10.1	0.141	255	3.36	1.71	22.50	6	1.42	1	2.84	23.61	22.50	24.05	400.71	387.00	10.591	14.570	25.46	35.02	499.9	1500	72	70.33	-1.81	0.293	1.0	-0.22	2.74	1.00	0.00	0.16	111115
"13:38:31 Coolers: Tblock -> 29.00 C"
"13:42:05 Flow: Fixed -> 500 umol/s"
61	"13:43:14"	2357.0	0	9.66	0.124	243	3.42	1.97	25.56	6	1.42	1	2.84	27.85	25.56	28.94	400.76	387.57	14.765	18.793	27.61	35.14	499.9	1499	314	70.33	-2.13	0.252	1.0	-0.22	2.74	1.00	0.00	0.16	111115
62	"13:43:14"	2357.0	0	9.66	0.124	243	3.42	1.97	25.56	6	1.42	1	2.84	27.85	25.56	28.94	400.76	387.57	14.765	18.793	27.61	35.14	499.9	1499	314	70.33	-2.13	0.252	1.0	-0.22	2.74	1.00	0.00	0.16	111115
63	"13:43:15"	2357.5	0	9.72	0.124	243	3.42	1.97	25.56	6	1.42	1	2.84	27.85	25.56	28.94	400.79	387.53	14.763	18.796	27.60	35.15	499.8	1499	314	70.33	-2.13	0.252	1.0	-0.22	2.74	1.00	0.00	0.16	111115
64	"13:43:15"	2358.0	0	9.73	0.124	243	3.43	1.97	25.56	6	1.42	1	2.84	27.85	25.56	28.94	400.81	387.53	14.762	18.796	27.60	35.14	499.8	1499	314	70.33	-2.13	0.252	1.0	-0.22	2.74	1.00	0.00	0.16	111115
65	"13:43:16"	2358.5	0	9.75	0.124	242	3.43	1.97	25.57	6	1.42	1	2.84	27.85	25.57	28.94	400.83	387.52	14.763	18.797	27.60	35.14	499.8	1499	314	70.33	-2.13	0.252	1.0	-0.22	2.74	1.00	0.00	0.16	111115
66	"13:43:16"	2359.0	0	9.78	0.124	242	3.42	1.97	25.57	6	1.42	1	2.84	27.85	25.57	28.94	400.85	387.52	14.763	18.797	27.60	35.14	499.8	1499	314	70.33	-2.13	0.252	1.0	-0.22	2.74	1.00	0.00	0.16	111115
67	"13:43:17"	2359.5	0	9.85	0.124	241	3.43	1.97	25.57	6	1.42	1	2.84	27.85	25.57	28.94	400.93	387.51	14.761	18.799	27.59	35.14	499.8	1499	314	70.33	-2.13	0.252	1.0	-0.22	2.74	1.00	0.00	0.16	111115
68	"13:43:17"	2360.0	0	9.91	0.124	240	3.43	1.97	25.58	6	1.42	1	2.84	27.85	25.58	28.94	400.99	387.49	14.760	18.803	27.59	35.15	499.8	1499	314	70.33	-2.13	0.252	1.0	-0.22	2.74	1.00	0.00	0.16	111115
69	"13:43:18"	2360.5	0	9.96	0.124	240	3.44	1.97	25.58	6	1.42	1	2.84	27.86	25.58	28.94	401.04	387.49	14.758	18.805	27.58	35.15	499.8	1499	314	70.33	-2.13	0.252	1.0	-0.22	2.74	1.00	0.00	0.16	111115
70	"13:43:18"	2361.0	0	9.95	0.124	240	3.43	1.97	25.59	6	1.42	1	2.84	27.86	25.59	28.94	401.05	387.50	14.759	18.805	27.58	35.14	499.8	1499	314	70.33	-2.13	0.252	1.0	-0.22	2.74	1.00	0.00	0.16	111115
71	"13:43:19"	2362.0	0	9.92	0.124	240	3.43	1.97	25.59	6	1.42	1	2.84	27.86	25.59	28.94	401.06	387.55	14.760	18.804	27.58	35.13	499.8	1499	314	70.33	-2.13	0.252	1.0	-0.22	2.74	1.00	0.00	0.16	111115
72	"13:43:19"	2362.5	0	9.88	0.124	241	3.43	1.97	25.59	6	1.42	1	2.84	27.86	25.59	28.94	401.06	387.61	14.759	18.805	27.57	35.13	499.8	1499	314	70.33	-2.13	0.252	1.0	-0.22	2.74	1.00	0.00	0.16	111115
73	"13:43:20"	2363.0	0	9.86	0.124	241	3.44	1.97	25.59	6	1.42	1	2.84	27.86	25.59	28.94	401.06	387.62	14.758	18.806	27.57	35.13	499.8	1499	314	70.33	-2.13	0.252	1.0	-0.22	2.74	1.00	0.00	0.16	111115
74	"13:43:20"	2364.0	0	9.77	0.124	242	3.44	1.97	25.59	6	1.42	1	2.84	27.87	25.59	28.94	400.99	387.67	14.758	18.804	27.57	35.12	499.8	1499	314	70.33	-2.13	0.252	1.0	-0.22	2.74	1.00	0.00	0.16	111115
75	"13:43:21"	2364.5	0	9.7	0.124	243	3.44	1.97	25.60	6	1.42	1	2.84	27.87	25.60	28.94	400.95	387.70	14.759	18.805	27.57	35.12	499.9	1499	314	70.33	-2.13	0.252	1.0	-0.22	2.74	1.00	0.00	0.16	111115
"13:43:34 Coolers: Tblock -> 34.00 C"
"13:47:25 Flow: Fixed -> 500 umol/s"
76	"13:48:04"	2648.0	0	9.07	0.112	236	3.58	2.25	29.02	6	1.42	1	2.84	32.37	29.02	34.02	399.58	387.03	21.119	25.306	30.46	36.50	499.9	1501	307	70.33	-1.46	0.164	1.0	-0.22	2.74	1.00	0.00	0.16	111115
77	"13:48:05"	2648.0	0	9.07	0.112	236	3.58	2.25	29.02	6	1.42	1	2.84	32.37	29.02	34.02	399.58	387.03	21.119	25.306	30.46	36.50	499.9	1501	307	70.33	-1.46	0.164	1.0	-0.22	2.74	1.00	0.00	0.16	111115
78	"13:48:05"	2648.5	0	9.08	0.112	236	3.58	2.25	29.02	6	1.42	1	2.84	32.37	29.02	34.01	399.59	387.03	21.119	25.306	30.46	36.50	499.9	1501	307	70.33	-1.46	0.164	1.0	-0.22	2.74	1.00	0.00	0.16	111115
79	"13:48:06"	2649.0	0	9.03	0.112	237	3.58	2.25	29.02	6	1.42	1	2.84	32.37	29.02	34.02	399.56	387.06	21.121	25.306	30.46	36.49	499.9	1500	307	70.33	-1.46	0.164	1.0	-0.22	2.74	1.00	0.00	0.16	111115
80	"13:48:06"	2649.5	0	9.03	0.112	237	3.58	2.25	29.02	6	1.42	1	2.84	32.37	29.02	34.02	399.54	387.03	21.121	25.306	30.46	36.49	499.8	1500	307	70.33	-1.46	0.164	1.0	-0.22	2.74	1.00	0.00	0.16	111115
81	"13:48:07"	2650.0	0	9	0.111	237	3.58	2.25	29.03	6	1.42	1	2.84	32.37	29.03	34.02	399.51	387.04	21.122	25.307	30.46	36.49	499.8	1500	307	70.33	-1.46	0.164	1.0	-0.22	2.74	1.00	0.00	0.16	111115
82	"13:48:07"	2650.5	0	9.04	0.111	236	3.58	2.25	29.03	6	1.42	1	2.84	32.38	29.03	34.01	399.53	387.02	21.123	25.308	30.46	36.49	499.8	1500	307	70.33	-1.46	0.164	1.0	-0.22	2.74	1.00	0.00	0.16	111115
83	"13:48:08"	2651.0	0	9.04	0.111	236	3.58	2.25	29.03	6	1.42	1	2.84	32.38	29.03	34.01	399.53	387.02	21.124	25.307	30.46	36.49	499.8	1500	308	70.33	-1.46	0.164	1.0	-0.22	2.74	1.00	0.00	0.16	111115
84	"13:48:08"	2651.5	0	9.04	0.111	236	3.57	2.25	29.03	6	1.42	1	2.84	32.38	29.03	34.02	399.54	387.03	21.124	25.306	30.46	36.49	499.9	1500	308	70.33	-1.46	0.164	1.0	-0.22	2.74	1.00	0.00	0.16	111115
85	"13:48:09"	2652.0	0	9.04	0.111	236	3.57	2.25	29.03	6	1.42	1	2.84	32.38	29.03	34.01	399.53	387.02	21.126	25.307	30.46	36.49	499.8	1500	307	70.33	-1.46	0.164	1.0	-0.22	2.74	1.00	0.00	0.16	111115
86	"13:48:09"	2652.5	0	9.04	0.111	236	3.57	2.25	29.03	6	1.42	1	2.84	32.38	29.03	34.01	399.52	387.00	21.127	25.308	30.46	36.49	499.8	1500	307	70.33	-1.46	0.164	1.0	-0.22	2.74	1.00	0.00	0.16	111115
87	"13:48:10"	2653.0	0	9.05	0.111	236	3.57	2.25	29.03	6	1.42	1	2.84	32.38	29.03	34.01	399.53	387.00	21.125	25.307	30.45	36.48	499.8	1501	307	70.33	-1.46	0.164	1.0	-0.22	2.74	1.00	0.00	0.16	111115
88	"13:48:10"	2653.5	0	9.05	0.111	236	3.58	2.25	29.04	6	1.42	1	2.84	32.38	29.04	34.01	399.53	387.00	21.124	25.308	30.45	36.48	499.8	1501	307	70.33	-1.46	0.164	1.0	-0.22	2.74	1.00	0.00	0.16	111115
89	"13:48:11"	2654.0	0	9.06	0.111	236	3.57	2.25	29.04	6	1.42	1	2.84	32.38	29.04	34.01	399.54	387.01	21.125	25.307	30.45	36.48	499.9	1501	307	70.33	-1.46	0.164	1.0	-0.22	2.74	1.00	0.00	0.16	111115
90	"13:48:11"	2654.5	0	9.01	0.111	236	3.57	2.25	29.05	6	1.42	1	2.84	32.38	29.05	34.02	399.52	387.05	21.126	25.306	30.45	36.47	499.9	1501	307	70.33	-1.46	0.164	1.0	-0.22	2.74	1.00	0.00	0.16	111115
"13:48:25 Coolers: Tblock -> 39.00 C"
"13:55:25 Flow: Fixed -> 500 umol/s"
"13:56:09 Flow: Fixed -> 500 umol/s"
91	"13:56:40"	3163.5	0	8.03	0.0936	227	3.59	2.65	32.33	6	1.42	1	2.84	36.92	32.33	39.09	399.16	387.85	27.330	31.506	30.61	35.29	499.8	1500	321	70.32	-0.802	0.0783	1.0	-0.22	2.74	1.00	0.00	0.16	111115
92	"13:56:40"	3163.5	0	8.03	0.0936	227	3.59	2.65	32.33	6	1.42	1	2.84	36.92	32.33	39.09	399.16	387.85	27.330	31.506	30.61	35.29	499.8	1500	321	70.32	-0.802	0.0783	1.0	-0.22	2.74	1.00	0.00	0.16	111115
93	"13:56:41"	3164.0	0	8.04	0.0935	227	3.59	2.65	32.33	6	1.42	1	2.84	36.92	32.33	39.09	399.18	387.85	27.328	31.505	30.61	35.29	499.8	1499	321	70.32	-0.802	0.0783	1.0	-0.22	2.74	1.00	0.00	0.16	111115
94	"13:56:41"	3164.5	0	8.07	0.0937	227	3.59	2.65	32.32	6	1.42	1	2.84	36.92	32.32	39.09	399.22	387.86	27.328	31.506	30.61	35.29	499.8	1499	321	70.32	-0.802	0.0783	1.0	-0.22	2.74	1.00	0.00	0.16	111115
95	"13:56:42"	3165.0	0	8.11	0.0938	226	3.59	2.64	32.31	6	1.42	1	2.84	36.92	32.31	39.09	399.25	387.84	27.326	31.505	30.61	35.29	499.8	1499	321	70.32	-0.802	0.0783	1.0	-0.22	2.74	1.00	0.00	0.16	111115
96	"13:56:42"	3165.5	0	8.1	0.0939	226	3.59	2.64	32.30	6	1.42	1	2.84	36.92	32.30	39.09	399.23	387.83	27.326	31.503	30.61	35.29	499.8	1499	321	70.32	-0.802	0.0783	1.0	-0.22	2.74	1.00	0.00	0.16	111115
97	"13:56:42"	3165.5	0	8.1	0.0939	226	3.59	2.64	32.30	6	1.42	1	2.84	36.92	32.30	39.09	399.23	387.83	27.326	31.503	30.61	35.29	499.8	1499	321	70.32	-0.802	0.0783	1.0	-0.22	2.74	1.00	0.00	0.16	111115
98	"13:56:43"	3166.0	0	8.07	0.0938	227	3.59	2.64	32.30	6	1.42	1	2.84	36.92	32.30	39.09	399.21	387.84	27.325	31.500	30.61	35.29	499.7	1499	321	70.32	-0.802	0.0783	1.0	-0.22	2.74	1.00	0.00	0.16	111115
99	"13:56:43"	3166.5	0	8.01	0.0937	228	3.59	2.64	32.30	6	1.42	1	2.84	36.92	32.30	39.09	399.13	387.84	27.325	31.497	30.61	35.28	499.7	1499	321	70.32	-0.802	0.0783	1.0	-0.22	2.74	1.00	0.00	0.16	111115
100	"13:56:44"	3167.0	0	8.02	0.0937	228	3.59	2.64	32.30	6	1.42	1	2.84	36.92	32.30	39.09	399.13	387.82	27.326	31.499	30.61	35.29	499.7	1499	321	70.32	-0.802	0.0783	1.0	-0.22	2.74	1.00	0.00	0.16	111115
101	"13:56:44"	3167.5	0	8.05	0.0937	227	3.59	2.64	32.30	6	1.42	1	2.84	36.92	32.30	39.09	399.15	387.81	27.327	31.500	30.61	35.29	499.8	1499	321	70.32	-0.802	0.0783	1.0	-0.22	2.74	1.00	0.00	0.16	111115
102	"13:56:45"	3168.0	0	8.04	0.0937	227	3.59	2.64	32.30	6	1.42	1	2.84	36.92	32.30	39.09	399.16	387.83	27.328	31.502	30.61	35.29	499.8	1499	321	70.32	-0.802	0.0783	1.0	-0.22	2.74	1.00	0.00	0.16	111115
103	"13:56:45"	3168.5	0	8.01	0.0935	228	3.59	2.65	32.31	6	1.42	1	2.84	36.92	32.31	39.09	399.15	387.86	27.329	31.499	30.61	35.29	499.8	1499	320	70.32	-0.802	0.0783	1.0	-0.22	2.74	1.00	0.00	0.16	111115
104	"13:56:46"	3169.0	0	8.01	0.0934	227	3.59	2.65	32.32	6	1.42	1	2.84	36.92	32.32	39.09	399.15	387.86	27.330	31.500	30.61	35.29	499.9	1499	319	70.32	-0.802	0.0783	1.0	-0.22	2.74	1.00	0.00	0.16	111115
105	"13:56:46"	3169.5	0	8.03	0.0933	227	3.59	2.65	32.33	6	1.42	1	2.84	36.92	32.33	39.09	399.19	387.88	27.330	31.500	30.61	35.29	499.9	1499	318	70.32	-0.802	0.0783	1.0	-0.22	2.74	1.00	0.00	0.16	111115
