"OPEN 6.2.4"
"Wed Jun 24 2015 10:41:05"
<open><version>"6.2.4"</version></open>
<open><configfile>"/User/Configs/UserPrefs/2x3 LED.xml"</configfile></open>
<open><light><source>"6400-02 or -02B LED Source"</source><par_in>1<sensor>"SI-3781"<cal>-0.93<actinity>1.00</actinity><transm>1.00</transm></cal></sensor><transm>1</transm></par_in><par_out>1<sensor>"Q49599"<cal>7.26</cal></sensor></par_out></light></open>
<open><comps><file>"/User/Configs/Comps/StdComps_6.2"<header>""</header><extras></extras></file><energybal>no<f_parIn>1</f_parIn><f_parOut>0</f_parOut><alphaK>0.16</alphaK></energybal><bc_total>2.840<stomatal_ratio>1</stomatal_ratio><bc_oneside>1.420<type>2</type><table>"/Sys/Lib/StdBLCTable"</table><area>6</area><slope>-0.219565</slope><offset>2.73739</offset><fan>5</fan></bc_oneside></bc_total></comps></open>
<open><prompts><onlog>off</onlog><items>"Default (none)"</items></prompts></open>
<open><constants><oxygen>21 %</oxygen><bb_vapor>1.5</bb_vapor><bb_oxy>0.9</bb_oxy></constants></open>
<open><stability><items>"Std Stability"<items[1]><id>-2</id><size>15</size><pcv><onoff>0</onoff><value>1</value></pcv><std><onoff>0</onoff><value>1</value></std><slp><onoff>1</onoff><value>1</value></slp></items[1]><items[2]><id>-5</id><size>15</size><pcv><onoff>0</onoff><value>1</value></pcv><std><onoff>0</onoff><value>1</value></std><slp><onoff>1</onoff><value>1</value></slp></items[2]><items[3]><id>-7</id><size>15</size><pcv><onoff>0</onoff><value>1</value></pcv><std><onoff>0</onoff><value>1</value></std><slp><onoff>1</onoff><value>1</value></slp></items[3]></items></stability></open>
<open><log><format>"StdLogFmt_6.0"<items>{ -35 -21 -36 -76 30 23 36 21 25 221 -33 111 -34 11 -9 -10 -8 -1 -2 -4 -5 -14 -15 -7 -12 -13 -11 -65 -66 -72 -18 -19 -77 -78 -79 -23  }<hdr>{  }</hdr></items></format><options><beep>on</beep><hdr>normal</hdr><rem>normal</rem><stab>no</stab><stats>no<mean>no</mean><file>no</file><period>15</period></stats><excel>yes</excel><controls>yes</controls><comm>no</comm></options><datafile>"/User/stm-rartr2"</datafile><button><action>"Normal Log"<code>" LogOneObsManual "</code></action></button><autoprog>"/User/Configs/AutoProgs/AutoLog2"<active>no</active></autoprog></log></open>
<open><a2d><avgtime>4.0 secs</avgtime><userchans><ch20>"Off"</ch20><ch21>"Off"</ch21><ch22>"Off"</ch22><ch23>"Off"</ch23></userchans></a2d></open>
<open><matching><type>0</type><disp>'a'</disp><settings><CO2Limit>10.0</CO2Limit><H2OLimit>1.0</H2OLimit><MaxAutoTime>60</MaxAutoTime></settings></matching></open>
<li6400><factory><unit>"PSC-3840"</unit><serviced>"1 Jul 2013"</serviced><fuseaware>0</fuseaware><co2mixer>yes</co2mixer><co2><coeffs>{ 0 0.213319 2.22998e-05 2.13159e-08 -3.88664e-12 3.69888e-16  }</coeffs><dvdt>-4.7</dvdt><xs>{ 0.0009 -0.0002  }</xs></co2><h2o><coeffs>{ 0 0.00572751 2.23485e-06 -7.37877e-12  }</coeffs><dvdt>-1.7</dvdt><xs>{ 0.0009 -0.0028  }</xs></h2o><flow>{ 0 0.3568  }</flow><press>{ 88.437 0.00551  }</press></factory></li6400>
<li6400><user><flow_zero>-468.8</flow_zero><irga_zero><co2>429.7 390.6<at>17.6901</at></co2><h2o>78.1 156.2<at>17.1607</at></h2o></irga_zero><irga_span><co2>{ 0.99237 0.992833  }</co2><h2o>{ 1.00426 0.996799  }</h2o></irga_span><irga_match><co2>{ 0.368307 -2.88134  }</co2><h2o>{ 0.00477181 0.0326312  }</h2o></irga_match><co2_mixer><pump_mv>4500</pump_mv><ppm>{ 2287.2 1080.71 423.89 257.488 117.195 68.0056 44.5242 37.9628  }</ppm><mv>{ 5000 3000 1500 1000 500 300 200 100  }</mv></co2_mixer><parin_offset>0</parin_offset><led_cal><unit>"SI-3781"</unit><mv>{ 10 25 50 100 1000 2000 3000 4000 5000  }</mv><qntm>{ 4.69642 15.4417 35.4805 82.2863 972.665 1922.29 2824.32 3690.14 4518.2  }</qntm></led_cal><lcf_cal><unit>"unknown"</unit><red><mv>{ 50 100 500 1000 1500 5000  }</mv><qntm>{ 50 100 500 1000 2000 5000  }</qntm></red><blue><mv>{ 100 200 500 1000 2000 5000  }</mv><qntm>{ 10 20 50 100 200 500  }</qntm></blue></lcf_cal></user></li6400>
"10:41:07 "
$STARTOFDATA$
"Obs"	"HHMMSS"	"FTime"	"EBal?"	"Photo"	"Cond"	"Ci"	"Trmmol"	"VpdL"	"CTleaf"	"Area"	"BLC_1"	"StmRat"	"BLCond"	"Tair"	"Tleaf"	"TBlk"	"CO2R"	"CO2S"	"H2OR"	"H2OS"	"RH_R"	"RH_S"	"Flow"	"PARi"	"PARo"	"Press"	"CsMch"	"HsMch"	"StableF"	"BLCslope"	"BLCoffst"	"f_parin"	"f_parout"	"alphaK"	"Status"
"10:46:38 CO2 Mixer: CO2R -> 400 uml"
"10:46:47 Coolers: Tblock -> 0.00 C"
"10:46:55 Lamp: ParIn ->  1500 uml"
"10:54:10 Flow: Fixed -> 500 umol/s"
"10:57:08 Flow: Fixed -> 500 umol/s"
"10:57:31 Coolers: Tblock -> 13.00 C"
"10:59:26 Flow: Fixed -> 500 umol/s"
1	"10:59:58"	1147.0	0	5.35	0.105	297	2.05	1.45	17.91	6	1.42	1	2.84	15.12	17.91	13.12	399.59	392.20	5.874	8.310	24.95	35.29	499.9	1501	231	73.25	-3.13	0.302	1.0	-0.22	2.74	1.00	0.00	0.16	111115
2	"10:59:59"	1147.0	0	5.35	0.105	297	2.05	1.45	17.91	6	1.42	1	2.84	15.12	17.91	13.12	399.59	392.20	5.874	8.310	24.95	35.29	499.9	1501	231	73.25	-3.13	0.302	1.0	-0.22	2.74	1.00	0.00	0.16	111115
3	"10:59:59"	1147.5	0	5.35	0.105	297	2.05	1.45	17.91	6	1.42	1	2.84	15.12	17.91	13.12	399.57	392.19	5.873	8.309	24.94	35.29	499.8	1501	231	73.25	-3.13	0.302	1.0	-0.22	2.74	1.00	0.00	0.16	111115
4	"11:00:00"	1148.0	0	5.37	0.105	297	2.05	1.45	17.91	6	1.42	1	2.84	15.12	17.91	13.12	399.57	392.17	5.873	8.310	24.94	35.29	499.8	1501	231	73.25	-3.13	0.302	1.0	-0.22	2.74	1.00	0.00	0.16	111115
5	"11:00:00"	1148.5	0	5.36	0.105	297	2.05	1.45	17.91	6	1.42	1	2.84	15.12	17.91	13.12	399.56	392.15	5.872	8.307	24.94	35.29	499.8	1501	231	73.25	-3.13	0.302	1.0	-0.22	2.74	1.00	0.00	0.16	111115
6	"11:00:01"	1149.0	0	5.35	0.105	297	2.05	1.45	17.91	6	1.42	1	2.84	15.12	17.91	13.12	399.58	392.20	5.870	8.308	24.93	35.29	499.8	1501	231	73.25	-3.13	0.302	1.0	-0.22	2.74	1.00	0.00	0.16	111115
7	"11:00:01"	1149.5	0	5.36	0.105	297	2.05	1.45	17.91	6	1.42	1	2.84	15.12	17.91	13.12	399.59	392.20	5.869	8.306	24.93	35.28	499.8	1501	231	73.25	-3.13	0.302	1.0	-0.22	2.74	1.00	0.00	0.16	111115
8	"11:00:02"	1150.0	0	5.37	0.105	297	2.05	1.45	17.91	6	1.42	1	2.84	15.12	17.91	13.12	399.59	392.18	5.867	8.305	24.92	35.28	499.8	1501	231	73.25	-3.13	0.302	1.0	-0.22	2.74	1.00	0.00	0.16	111115
9	"11:00:02"	1150.5	0	5.3	0.105	298	2.05	1.45	17.91	6	1.42	1	2.84	15.12	17.91	13.12	399.55	392.23	5.865	8.303	24.91	35.27	499.8	1501	231	73.25	-3.13	0.302	1.0	-0.22	2.74	1.00	0.00	0.16	111115
10	"11:00:03"	1151.0	0	5.31	0.105	298	2.05	1.45	17.90	6	1.42	1	2.84	15.12	17.90	13.12	399.53	392.19	5.861	8.301	24.90	35.26	499.8	1501	231	73.25	-3.13	0.302	1.0	-0.22	2.74	1.00	0.00	0.16	111115
11	"11:00:03"	1151.5	0	5.29	0.105	298	2.05	1.45	17.90	6	1.42	1	2.84	15.12	17.90	13.12	399.51	392.19	5.858	8.298	24.89	35.25	499.9	1501	231	73.25	-3.13	0.302	1.0	-0.22	2.74	1.00	0.00	0.16	111115
12	"11:00:04"	1152.0	0	5.3	0.105	298	2.05	1.45	17.90	6	1.42	1	2.84	15.12	17.90	13.12	399.53	392.20	5.855	8.294	24.87	35.23	499.9	1501	231	73.25	-3.13	0.302	1.0	-0.22	2.74	1.00	0.00	0.16	111115
13	"11:00:04"	1152.5	0	5.29	0.105	298	2.05	1.45	17.90	6	1.42	1	2.84	15.12	17.90	13.12	399.53	392.22	5.851	8.292	24.85	35.23	499.9	1501	231	73.25	-3.13	0.302	1.0	-0.22	2.74	1.00	0.00	0.16	111115
14	"11:00:05"	1153.0	0	5.3	0.105	298	2.05	1.45	17.90	6	1.42	1	2.84	15.12	17.90	13.12	399.54	392.22	5.848	8.288	24.84	35.21	499.9	1501	231	73.25	-3.13	0.302	1.0	-0.22	2.74	1.00	0.00	0.16	111115
15	"11:00:06"	1153.5	0	5.33	0.105	298	2.05	1.45	17.90	6	1.42	1	2.84	15.12	17.90	13.12	399.58	392.22	5.844	8.284	24.83	35.19	499.9	1501	231	73.25	-3.13	0.302	1.0	-0.22	2.74	1.00	0.00	0.16	111115
"11:00:12 Coolers: Tblock -> 18.00 C"
"11:01:56 Flow: Fixed -> 500 umol/s"
"11:03:40 Flow: Fixed -> 500 umol/s"
"11:04:46 Flow: Fixed -> 500 umol/s"
16	"11:05:48"	1496.0	0	5.43	0.0835	275	1.81	1.6	20.53	6	1.42	1	2.84	19.04	20.53	18.01	400.65	393.29	9.173	11.318	30.38	37.49	499.8	1500	235	73.25	-3.65	0.288	1.0	-0.22	2.74	1.00	0.00	0.16	111115
17	"11:05:48"	1496.0	0	5.43	0.0835	275	1.81	1.6	20.53	6	1.42	1	2.84	19.04	20.53	18.01	400.65	393.29	9.173	11.318	30.38	37.49	499.8	1500	235	73.25	-3.65	0.288	1.0	-0.22	2.74	1.00	0.00	0.16	111115
18	"11:05:48"	1496.5	0	5.49	0.0835	273	1.81	1.6	20.53	6	1.42	1	2.84	19.05	20.53	18.01	400.71	393.26	9.178	11.322	30.40	37.50	499.8	1500	235	73.25	-3.65	0.288	1.0	-0.22	2.74	1.00	0.00	0.16	111115
19	"11:05:49"	1497.0	0	5.52	0.0835	273	1.81	1.59	20.53	6	1.42	1	2.84	19.04	20.53	18.01	400.75	393.27	9.183	11.326	30.42	37.52	499.8	1500	235	73.25	-3.65	0.288	1.0	-0.22	2.74	1.00	0.00	0.16	111115
20	"11:05:50"	1497.5	0	5.53	0.0834	273	1.8	1.59	20.53	6	1.42	1	2.84	19.05	20.53	18.01	400.78	393.29	9.191	11.330	30.44	37.53	499.9	1500	235	73.25	-3.65	0.288	1.0	-0.22	2.74	1.00	0.00	0.16	111115
21	"11:05:50"	1498.0	0	5.57	0.0833	272	1.8	1.59	20.53	6	1.42	1	2.84	19.05	20.53	18.01	400.83	393.30	9.198	11.335	30.47	37.54	499.8	1500	235	73.25	-3.65	0.288	1.0	-0.22	2.74	1.00	0.00	0.16	111115
22	"11:05:51"	1498.5	0	5.62	0.0833	271	1.8	1.59	20.53	6	1.42	1	2.84	19.05	20.53	18.01	400.89	393.29	9.205	11.341	30.49	37.56	499.8	1500	235	73.25	-3.65	0.288	1.0	-0.22	2.74	1.00	0.00	0.16	111115
23	"11:05:51"	1499.0	0	5.62	0.0832	271	1.8	1.59	20.52	6	1.42	1	2.84	19.05	20.52	18.01	400.93	393.33	9.213	11.346	30.51	37.58	499.8	1500	235	73.25	-3.65	0.288	1.0	-0.22	2.74	1.00	0.00	0.16	111115
24	"11:05:52"	1499.5	0	5.66	0.0831	270	1.79	1.59	20.52	6	1.42	1	2.84	19.05	20.52	18.01	400.96	393.32	9.223	11.352	30.54	37.59	499.8	1500	235	73.25	-3.65	0.288	1.0	-0.22	2.74	1.00	0.00	0.16	111115
25	"11:05:52"	1500.0	0	5.65	0.083	270	1.79	1.59	20.52	6	1.42	1	2.84	19.05	20.52	18.01	400.96	393.33	9.231	11.358	30.57	37.61	499.9	1500	235	73.25	-3.65	0.288	1.0	-0.22	2.74	1.00	0.00	0.16	111115
26	"11:05:53"	1500.5	0	5.57	0.0829	271	1.79	1.59	20.52	6	1.42	1	2.84	19.05	20.52	18.01	400.89	393.36	9.241	11.364	30.60	37.63	499.9	1500	235	73.25	-3.65	0.288	1.0	-0.22	2.74	1.00	0.00	0.16	111115
27	"11:05:53"	1501.0	0	5.56	0.0828	271	1.79	1.59	20.52	6	1.42	1	2.84	19.05	20.52	18.01	400.86	393.35	9.251	11.370	30.63	37.65	499.9	1500	235	73.25	-3.65	0.288	1.0	-0.22	2.74	1.00	0.00	0.16	111115
28	"11:05:54"	1502.0	0	5.58	0.0827	271	1.78	1.59	20.53	6	1.42	1	2.84	19.05	20.53	18.01	400.88	393.34	9.268	11.384	30.69	37.69	499.9	1500	235	73.25	-3.65	0.288	1.0	-0.22	2.74	1.00	0.00	0.16	111115
29	"11:05:54"	1502.5	0	5.53	0.0825	272	1.78	1.59	20.53	6	1.42	1	2.84	19.05	20.53	18.01	400.85	393.37	9.278	11.389	30.72	37.71	499.9	1500	235	73.25	-3.65	0.288	1.0	-0.22	2.74	1.00	0.00	0.16	111115
30	"11:05:55"	1503.0	0	5.55	0.0824	271	1.78	1.59	20.53	6	1.42	1	2.84	19.05	20.53	18.01	400.84	393.34	9.286	11.395	30.75	37.73	499.9	1500	235	73.25	-3.65	0.288	1.0	-0.22	2.74	1.00	0.00	0.16	111115
"11:06:03 Coolers: Tblock -> 23.00 C"
"11:07:54 Flow: Fixed -> 500 umol/s"
"11:09:55 Flow: Fixed -> 500 umol/s"
"11:12:14 Flow: Fixed -> 500 umol/s"
31	"11:13:22"	1951.0	0	5.54	0.0673	243	1.8	1.95	23.92	6	1.42	1	2.84	23.46	23.92	23.09	399.22	391.72	11.961	14.089	30.21	35.59	499.8	1500	240	73.24	-3.74	0.266	1.0	-0.22	2.74	1.00	0.00	0.16	111115
32	"11:13:22"	1951.0	0	5.54	0.0673	243	1.8	1.95	23.92	6	1.42	1	2.84	23.46	23.92	23.09	399.22	391.72	11.961	14.089	30.21	35.59	499.8	1500	240	73.24	-3.74	0.266	1.0	-0.22	2.74	1.00	0.00	0.16	111115
33	"11:13:23"	1951.5	0	5.54	0.0674	244	1.8	1.95	23.92	6	1.42	1	2.84	23.46	23.92	23.09	399.22	391.73	11.963	14.093	30.22	35.60	499.8	1500	240	73.24	-3.74	0.266	1.0	-0.22	2.74	1.00	0.00	0.16	111115
34	"11:13:23"	1952.0	0	5.52	0.0675	244	1.8	1.95	23.92	6	1.42	1	2.84	23.46	23.92	23.09	399.18	391.71	11.962	14.096	30.22	35.61	499.8	1500	240	73.24	-3.74	0.266	1.0	-0.22	2.74	1.00	0.00	0.16	111115
35	"11:13:24"	1952.5	0	5.51	0.0676	245	1.81	1.95	23.92	6	1.42	1	2.84	23.46	23.92	23.09	399.18	391.71	11.961	14.098	30.22	35.61	499.8	1500	240	73.24	-3.74	0.266	1.0	-0.22	2.74	1.00	0.00	0.16	111115
36	"11:13:24"	1953.0	0	5.47	0.0677	246	1.81	1.95	23.92	6	1.42	1	2.84	23.46	23.92	23.09	399.11	391.69	11.960	14.100	30.21	35.62	499.9	1500	240	73.24	-3.74	0.266	1.0	-0.22	2.74	1.00	0.00	0.16	111115
37	"11:13:25"	1953.5	0	5.44	0.0678	247	1.81	1.95	23.92	6	1.42	1	2.84	23.46	23.92	23.09	399.06	391.68	11.959	14.101	30.21	35.62	499.9	1500	240	73.24	-3.74	0.266	1.0	-0.22	2.74	1.00	0.00	0.16	111115
38	"11:13:26"	1954.0	0	5.41	0.0677	247	1.81	1.95	23.92	6	1.42	1	2.84	23.46	23.92	23.09	399.03	391.69	11.960	14.101	30.21	35.62	499.9	1500	240	73.24	-3.74	0.266	0.7	-0.22	2.74	1.00	0.00	0.16	111115
39	"11:13:26"	1954.5	0	5.38	0.0677	248	1.81	1.95	23.92	6	1.42	1	2.84	23.46	23.92	23.09	398.98	391.68	11.962	14.102	30.22	35.62	499.9	1500	240	73.24	-3.74	0.266	0.7	-0.22	2.74	1.00	0.00	0.16	111115
40	"11:13:27"	1955.0	0	5.41	0.0677	247	1.81	1.95	23.92	6	1.42	1	2.84	23.46	23.92	23.09	398.97	391.63	11.962	14.102	30.22	35.62	499.9	1500	240	73.24	-3.74	0.266	0.7	-0.22	2.74	1.00	0.00	0.16	111115
41	"11:13:27"	1955.5	0	5.41	0.0676	247	1.81	1.95	23.92	6	1.42	1	2.84	23.46	23.92	23.09	398.97	391.63	11.965	14.102	30.22	35.62	499.9	1500	240	73.24	-3.74	0.266	0.7	-0.22	2.74	1.00	0.00	0.16	111115
42	"11:13:28"	1956.0	0	5.4	0.0676	247	1.8	1.95	23.92	6	1.42	1	2.84	23.46	23.92	23.09	399.00	391.67	11.967	14.102	30.23	35.62	499.9	1500	240	73.24	-3.74	0.266	0.7	-0.22	2.74	1.00	0.00	0.16	111115
43	"11:13:28"	1957.0	0	5.5	0.0675	245	1.8	1.95	23.92	6	1.42	1	2.84	23.46	23.92	23.09	399.09	391.65	11.973	14.106	30.24	35.63	499.9	1500	240	73.24	-3.74	0.266	1.0	-0.22	2.74	1.00	0.00	0.16	111115
44	"11:13:29"	1957.5	0	5.5	0.0675	245	1.8	1.95	23.92	6	1.42	1	2.84	23.46	23.92	23.09	399.11	391.66	11.975	14.107	30.25	35.63	499.9	1500	240	73.24	-3.74	0.266	1.0	-0.22	2.74	1.00	0.00	0.16	111115
45	"11:13:30"	1958.5	0	5.53	0.0675	244	1.8	1.95	23.92	6	1.42	1	2.84	23.46	23.92	23.09	399.19	391.70	11.979	14.112	30.25	35.64	499.9	1500	240	73.24	-3.74	0.266	1.0	-0.22	2.74	1.00	0.00	0.16	111115
"11:13:40 Coolers: Tblock -> 28.00 C"
"11:16:19 Flow: Fixed -> 500 umol/s"
"11:18:36 Flow: Fixed -> 500 umol/s"
46	"11:21:21"	2430.0	0	5.32	0.0623	239	1.83	2.12	26.77	6	1.42	1	2.84	27.60	26.77	27.97	400.67	393.42	17.042	19.198	33.67	37.93	499.9	1499	246	73.23	-3.71	0.231	1.0	-0.22	2.74	1.00	0.00	0.16	111115
47	"11:21:22"	2430.0	0	5.32	0.0623	239	1.83	2.12	26.77	6	1.42	1	2.84	27.60	26.77	27.97	400.67	393.42	17.042	19.198	33.67	37.93	499.9	1499	246	73.23	-3.71	0.231	1.0	-0.22	2.74	1.00	0.00	0.16	111115
48	"11:21:22"	2430.5	0	5.31	0.0624	240	1.83	2.12	26.77	6	1.42	1	2.84	27.60	26.77	27.97	400.65	393.41	17.033	19.190	33.65	37.91	499.9	1499	246	73.23	-3.71	0.231	1.0	-0.22	2.74	1.00	0.00	0.16	111115
49	"11:21:23"	2431.0	0	5.3	0.0624	240	1.83	2.12	26.76	6	1.42	1	2.84	27.60	26.76	27.97	400.63	393.40	17.024	19.181	33.63	37.90	499.9	1499	246	73.23	-3.71	0.231	1.0	-0.22	2.74	1.00	0.00	0.16	111115
50	"11:21:23"	2431.5	0	5.33	0.0624	239	1.83	2.13	26.76	6	1.42	1	2.84	27.60	26.76	27.97	400.68	393.41	17.016	19.173	33.62	37.88	500.0	1499	246	73.23	-3.71	0.231	1.0	-0.22	2.74	1.00	0.00	0.16	111115
51	"11:21:24"	2432.0	0	5.35	0.0624	238	1.83	2.13	26.76	6	1.42	1	2.84	27.60	26.76	27.97	400.74	393.45	17.007	19.166	33.60	37.86	500.0	1499	246	73.23	-3.71	0.231	1.0	-0.22	2.74	1.00	0.00	0.16	111115
52	"11:21:25"	2432.5	0	5.35	0.0625	239	1.84	2.13	26.76	6	1.42	1	2.84	27.60	26.76	27.97	400.76	393.47	16.998	19.158	33.58	37.85	500.0	1499	246	73.23	-3.71	0.231	1.0	-0.22	2.74	1.00	0.00	0.16	111115
53	"11:21:25"	2433.0	0	5.37	0.0625	238	1.84	2.13	26.76	6	1.42	1	2.84	27.60	26.76	27.97	400.80	393.48	16.989	19.151	33.57	37.84	499.9	1499	246	73.23	-3.71	0.231	1.0	-0.22	2.74	1.00	0.00	0.16	111115
54	"11:21:26"	2433.5	0	5.35	0.0625	239	1.84	2.13	26.75	6	1.42	1	2.84	27.60	26.75	27.97	400.76	393.47	16.981	19.144	33.55	37.82	499.9	1499	246	73.23	-3.71	0.231	1.0	-0.22	2.74	1.00	0.00	0.16	111115
55	"11:21:26"	2434.0	0	5.36	0.0626	239	1.84	2.13	26.75	6	1.42	1	2.84	27.60	26.75	27.97	400.77	393.47	16.973	19.139	33.53	37.81	499.9	1499	246	73.23	-3.71	0.231	1.0	-0.22	2.74	1.00	0.00	0.16	111115
56	"11:21:27"	2435.0	0	5.4	0.0626	238	1.84	2.13	26.75	6	1.42	1	2.84	27.60	26.75	27.97	400.76	393.41	16.957	19.126	33.50	37.79	499.9	1499	246	73.23	-3.71	0.231	1.0	-0.22	2.74	1.00	0.00	0.16	111115
57	"11:21:27"	2435.5	0	5.35	0.0626	239	1.84	2.13	26.76	6	1.42	1	2.84	27.60	26.76	27.97	400.70	393.41	16.949	19.119	33.49	37.78	499.9	1499	246	73.23	-3.71	0.231	1.0	-0.22	2.74	1.00	0.00	0.16	111115
58	"11:21:28"	2436.0	0	5.37	0.0626	238	1.84	2.13	26.76	6	1.42	1	2.84	27.60	26.76	27.97	400.67	393.36	16.941	19.112	33.47	37.76	499.9	1499	246	73.23	-3.71	0.231	1.0	-0.22	2.74	1.00	0.00	0.16	111115
59	"11:21:29"	2436.5	0	5.34	0.0627	239	1.85	2.13	26.76	6	1.42	1	2.84	27.60	26.76	27.97	400.66	393.38	16.933	19.106	33.46	37.75	499.9	1499	246	73.23	-3.71	0.231	1.0	-0.22	2.74	1.00	0.00	0.16	111115
60	"11:21:29"	2437.0	0	5.34	0.0627	240	1.85	2.13	26.76	6	1.42	1	2.84	27.60	26.76	27.97	400.68	393.40	16.927	19.101	33.44	37.74	499.9	1499	246	73.23	-3.71	0.231	1.0	-0.22	2.74	1.00	0.00	0.16	111115
"11:21:36 Coolers: Tblock -> 33.00 C"
"11:24:12 Flow: Fixed -> 500 umol/s"
"11:26:00 Flow: Fixed -> 500 umol/s"
61	"11:26:19"	2727.0	0	5.05	0.0564	231	1.88	2.39	29.51	6	1.42	1	2.84	31.84	29.51	33.05	400.44	393.49	21.671	23.880	33.54	36.96	499.6	1500	249	73.24	-3.59	0.155	1.0	-0.22	2.74	1.00	0.00	0.16	111115
62	"11:26:19"	2727.0	0	5.05	0.0564	231	1.88	2.39	29.51	6	1.42	1	2.84	31.84	29.51	33.05	400.44	393.49	21.671	23.880	33.54	36.96	499.6	1500	249	73.24	-3.59	0.155	1.0	-0.22	2.74	1.00	0.00	0.16	111115
63	"11:26:20"	2727.5	0	5.09	0.0565	230	1.88	2.39	29.51	6	1.42	1	2.84	31.84	29.51	33.05	400.47	393.47	21.671	23.881	33.54	36.96	499.6	1500	249	73.24	-3.59	0.155	0.7	-0.22	2.74	1.00	0.00	0.16	111115
64	"11:26:20"	2728.0	0	5.11	0.0565	229	1.89	2.39	29.51	6	1.42	1	2.84	31.84	29.51	33.05	400.48	393.44	21.669	23.879	33.53	36.95	499.5	1500	249	73.24	-3.59	0.155	0.7	-0.22	2.74	1.00	0.00	0.16	111115
65	"11:26:21"	2728.5	0	5.09	0.0565	230	1.89	2.39	29.50	6	1.42	1	2.84	31.84	29.50	33.05	400.45	393.44	21.667	23.879	33.53	36.95	499.5	1500	249	73.24	-3.59	0.155	0.7	-0.22	2.74	1.00	0.00	0.16	111115
66	"11:26:21"	2729.0	0	5.08	0.0565	230	1.89	2.39	29.51	6	1.42	1	2.84	31.84	29.51	33.05	400.45	393.46	21.666	23.879	33.53	36.95	499.5	1500	249	73.24	-3.59	0.155	0.7	-0.22	2.74	1.00	0.00	0.16	111115
67	"11:26:22"	2729.5	0	5.09	0.0565	230	1.89	2.39	29.51	6	1.42	1	2.84	31.84	29.51	33.05	400.48	393.47	21.666	23.880	33.52	36.95	499.5	1500	249	73.24	-3.59	0.155	0.7	-0.22	2.74	1.00	0.00	0.16	111115
68	"11:26:22"	2730.0	0	5.15	0.0565	228	1.89	2.39	29.51	6	1.42	1	2.84	31.85	29.51	33.05	400.51	393.44	21.669	23.881	33.53	36.95	499.5	1500	249	73.24	-3.59	0.155	0.7	-0.22	2.74	1.00	0.00	0.16	111115
69	"11:26:23"	2731.0	0	5.14	0.0564	228	1.89	2.4	29.53	6	1.42	1	2.84	31.85	29.53	33.05	400.52	393.45	21.673	23.884	33.53	36.95	499.6	1500	249	73.24	-3.59	0.155	0.7	-0.22	2.74	1.00	0.00	0.16	111115
70	"11:26:23"	2731.5	0	5.16	0.0563	227	1.89	2.4	29.54	6	1.42	1	2.84	31.85	29.54	33.05	400.54	393.45	21.675	23.886	33.53	36.95	499.7	1500	249	73.24	-3.59	0.155	0.7	-0.22	2.74	1.00	0.00	0.16	111115
71	"11:26:24"	2732.0	0	5.13	0.0562	228	1.88	2.4	29.55	6	1.42	1	2.84	31.85	29.55	33.05	400.52	393.47	21.680	23.889	33.54	36.96	499.8	1500	249	73.24	-3.59	0.155	0.7	-0.22	2.74	1.00	0.00	0.16	111115
72	"11:26:25"	2732.5	0	5.12	0.0562	228	1.89	2.4	29.56	6	1.42	1	2.84	31.85	29.56	33.05	400.50	393.46	21.686	23.894	33.55	36.96	499.9	1500	249	73.24	-3.59	0.155	1.0	-0.22	2.74	1.00	0.00	0.16	111115
73	"11:26:25"	2733.0	0	5.09	0.0562	229	1.88	2.4	29.56	6	1.42	1	2.84	31.85	29.56	33.05	400.46	393.46	21.692	23.898	33.55	36.97	499.9	1500	249	73.24	-3.59	0.155	1.0	-0.22	2.74	1.00	0.00	0.16	111115
74	"11:26:26"	2733.5	0	5.07	0.0561	229	1.88	2.4	29.56	6	1.42	1	2.84	31.85	29.56	33.05	400.41	393.44	21.698	23.901	33.56	36.97	499.9	1500	249	73.24	-3.59	0.155	1.0	-0.22	2.74	1.00	0.00	0.16	111115
75	"11:26:26"	2734.5	0	5.05	0.056	230	1.88	2.4	29.57	6	1.42	1	2.84	31.85	29.57	33.05	400.37	393.43	21.708	23.909	33.57	36.98	500.0	1500	249	73.24	-3.59	0.155	1.0	-0.22	2.74	1.00	0.00	0.16	111115
"11:26:43 Coolers: Tblock -> 38.00 C"
"11:31:14 Flow: Fixed -> 500 umol/s"
"11:33:33 Flow: Fixed -> 500 umol/s"
76	"11:34:43"	3231.5	0	4.82	0.0521	221	2.15	2.92	33.27	6	1.42	1	2.84	36.49	33.27	38.13	398.63	391.82	27.668	30.169	33.04	36.03	499.9	1501	257	73.23	-3.43	0.111	1.0	-0.22	2.74	1.00	0.00	0.16	111115
77	"11:34:43"	3231.5	0	4.82	0.0521	221	2.15	2.92	33.27	6	1.42	1	2.84	36.49	33.27	38.13	398.63	391.82	27.668	30.169	33.04	36.03	499.9	1501	257	73.23	-3.43	0.111	1.0	-0.22	2.74	1.00	0.00	0.16	111115
78	"11:34:44"	3232.0	0	4.89	0.052	219	2.15	2.92	33.28	6	1.42	1	2.84	36.49	33.28	38.13	398.66	391.78	27.671	30.171	33.05	36.03	499.9	1501	257	73.23	-3.43	0.111	1.0	-0.22	2.74	1.00	0.00	0.16	111115
79	"11:34:44"	3232.5	0	4.88	0.0521	219	2.15	2.93	33.29	6	1.42	1	2.84	36.49	33.29	38.13	398.64	391.77	27.673	30.175	33.05	36.03	499.9	1501	257	73.23	-3.43	0.111	1.0	-0.22	2.74	1.00	0.00	0.16	111115
80	"11:34:45"	3233.0	0	4.88	0.052	219	2.15	2.93	33.29	6	1.42	1	2.84	36.49	33.29	38.13	398.62	391.74	27.676	30.176	33.05	36.03	499.8	1501	257	73.23	-3.43	0.111	1.0	-0.22	2.74	1.00	0.00	0.16	111115
81	"11:34:46"	3233.5	0	4.85	0.052	220	2.15	2.92	33.29	6	1.42	1	2.84	36.50	33.29	38.13	398.59	391.76	27.678	30.177	33.05	36.03	499.8	1501	257	73.23	-3.43	0.111	1.0	-0.22	2.74	1.00	0.00	0.16	111115
82	"11:34:46"	3234.0	0	4.86	0.052	219	2.15	2.92	33.29	6	1.42	1	2.84	36.50	33.29	38.13	398.59	391.75	27.680	30.179	33.05	36.03	499.8	1501	257	73.23	-3.43	0.111	1.0	-0.22	2.74	1.00	0.00	0.16	111115
83	"11:34:47"	3234.5	0	4.9	0.052	218	2.15	2.93	33.30	6	1.42	1	2.84	36.50	33.30	38.13	398.64	391.75	27.682	30.182	33.05	36.03	499.8	1501	257	73.23	-3.43	0.111	1.0	-0.22	2.74	1.00	0.00	0.16	111115
84	"11:34:47"	3235.0	0	4.93	0.0519	217	2.15	2.93	33.30	6	1.42	1	2.84	36.50	33.30	38.13	398.70	391.77	27.685	30.184	33.05	36.03	499.8	1501	257	73.23	-3.43	0.111	1.0	-0.22	2.74	1.00	0.00	0.16	111115
85	"11:34:48"	3235.5	0	4.94	0.0519	217	2.15	2.93	33.31	6	1.42	1	2.84	36.50	33.31	38.13	398.72	391.78	27.687	30.186	33.05	36.03	499.8	1501	257	73.23	-3.43	0.111	1.0	-0.22	2.74	1.00	0.00	0.16	111115
86	"11:34:48"	3236.0	0	4.94	0.0519	216	2.15	2.93	33.31	6	1.42	1	2.84	36.50	33.31	38.13	398.76	391.82	27.691	30.188	33.05	36.03	499.9	1501	257	73.23	-3.43	0.111	1.0	-0.22	2.74	1.00	0.00	0.16	111115
87	"11:34:49"	3236.5	0	4.93	0.0519	217	2.14	2.93	33.30	6	1.42	1	2.84	36.50	33.30	38.13	398.80	391.87	27.693	30.189	33.05	36.03	499.9	1501	257	73.23	-3.43	0.111	1.0	-0.22	2.74	1.00	0.00	0.16	111115
88	"11:34:49"	3237.0	0	4.93	0.0519	217	2.15	2.93	33.30	6	1.42	1	2.84	36.50	33.30	38.13	398.84	391.92	27.696	30.194	33.05	36.04	499.9	1501	257	73.23	-3.43	0.111	1.0	-0.22	2.74	1.00	0.00	0.16	111115
89	"11:34:50"	3238.0	0	5	0.0519	215	2.14	2.93	33.30	6	1.42	1	2.84	36.50	33.30	38.13	398.96	391.95	27.703	30.198	33.06	36.04	499.9	1501	257	73.23	-3.43	0.111	1.0	-0.22	2.74	1.00	0.00	0.16	111115
90	"11:34:50"	3238.5	0	5.01	0.0519	215	2.14	2.93	33.31	6	1.42	1	2.84	36.50	33.31	38.13	399.01	391.98	27.706	30.201	33.07	36.05	499.9	1501	257	73.23	-3.43	0.111	1.0	-0.22	2.74	1.00	0.00	0.16	111115
"11:35:00 Coolers: Tblock -> 43.00 C"
"11:40:18 Flow: Fixed -> 500 umol/s"
"11:42:00 Flow: Fixed -> 500 umol/s"
91	"11:43:13"	3742.5	0	4.16	0.0474	227	2.21	3.26	36.47	6	1.42	1	2.84	40.87	36.47	43.01	398.86	392.82	36.614	39.160	34.52	36.92	499.9	1500	263	73.23	-2.1	-0.0634	1.0	-0.22	2.74	1.00	0.00	0.16	111115
92	"11:43:14"	3742.5	0	4.16	0.0474	227	2.21	3.26	36.47	6	1.42	1	2.84	40.87	36.47	43.01	398.86	392.82	36.614	39.160	34.52	36.92	499.9	1500	263	73.23	-2.1	-0.0634	1.0	-0.22	2.74	1.00	0.00	0.16	111115
93	"11:43:14"	3743.0	0	4.18	0.0473	226	2.21	3.26	36.47	6	1.42	1	2.84	40.87	36.47	43.00	398.88	392.82	36.619	39.162	34.53	36.92	499.9	1500	263	73.23	-2.1	-0.0634	1.0	-0.22	2.74	1.00	0.00	0.16	111115
94	"11:43:15"	3743.5	0	4.2	0.0474	226	2.21	3.26	36.48	6	1.42	1	2.84	40.87	36.48	43.00	398.86	392.78	36.619	39.167	34.52	36.93	499.9	1500	263	73.23	-2.1	-0.0634	1.0	-0.22	2.74	1.00	0.00	0.16	111115
95	"11:43:15"	3744.0	0	4.21	0.0474	225	2.21	3.26	36.48	6	1.42	1	2.84	40.88	36.48	43.01	398.86	392.77	36.622	39.172	34.52	36.93	499.9	1500	263	73.23	-2.1	-0.0634	1.0	-0.22	2.74	1.00	0.00	0.16	111115
96	"11:43:16"	3744.5	0	4.17	0.0474	227	2.21	3.26	36.47	6	1.42	1	2.84	40.88	36.47	43.01	398.85	392.81	36.627	39.175	34.53	36.93	499.9	1500	263	73.23	-2.1	-0.0634	1.0	-0.22	2.74	1.00	0.00	0.16	111115
97	"11:43:16"	3745.0	0	4.12	0.0475	228	2.21	3.26	36.47	6	1.42	1	2.84	40.88	36.47	43.01	398.79	392.80	36.629	39.178	34.53	36.93	499.9	1500	263	73.23	-2.1	-0.0634	1.0	-0.22	2.74	1.00	0.00	0.16	111115
98	"11:43:17"	3745.5	0	4.09	0.0474	229	2.21	3.26	36.48	6	1.42	1	2.84	40.88	36.48	43.01	398.74	392.79	36.633	39.180	34.53	36.93	499.9	1500	263	73.23	-2.1	-0.0634	1.0	-0.22	2.74	1.00	0.00	0.16	111115
99	"11:43:18"	3746.0	0	4.11	0.0472	228	2.21	3.27	36.50	6	1.42	1	2.84	40.88	36.50	43.01	398.73	392.76	36.637	39.181	34.53	36.93	499.9	1500	263	73.23	-2.1	-0.0634	1.0	-0.22	2.74	1.00	0.00	0.16	111115
100	"11:43:18"	3746.5	0	4.12	0.0472	227	2.21	3.27	36.50	6	1.42	1	2.84	40.88	36.50	43.01	398.75	392.76	36.640	39.184	34.53	36.93	499.9	1500	263	73.23	-2.1	-0.0634	1.0	-0.22	2.74	1.00	0.00	0.16	111115
101	"11:43:19"	3747.0	0	4.14	0.0473	227	2.21	3.27	36.51	6	1.42	1	2.84	40.88	36.51	43.01	398.74	392.73	36.641	39.191	34.53	36.94	499.9	1500	263	73.23	-2.1	-0.0634	1.0	-0.22	2.74	1.00	0.00	0.16	111115
102	"11:43:19"	3747.5	0	4.16	0.0472	226	2.21	3.27	36.51	6	1.42	1	2.84	40.88	36.51	43.01	398.79	392.75	36.646	39.193	34.54	36.94	499.9	1500	263	73.23	-2.1	-0.0634	1.0	-0.22	2.74	1.00	0.00	0.16	111115
103	"11:43:20"	3748.5	0	4.24	0.0471	224	2.21	3.27	36.52	6	1.42	1	2.84	40.88	36.52	43.01	398.85	392.72	36.653	39.199	34.55	36.95	499.9	1500	263	73.23	-2.1	-0.0634	1.0	-0.22	2.74	1.00	0.00	0.16	111115
104	"11:43:20"	3749.0	0	4.32	0.0472	221	2.21	3.27	36.53	6	1.42	1	2.84	40.88	36.53	43.01	398.92	392.69	36.654	39.205	34.55	36.95	500.0	1500	263	73.23	-2.1	-0.0634	1.0	-0.22	2.74	1.00	0.00	0.16	111115
105	"11:43:21"	3749.5	0	4.37	0.0473	220	2.22	3.27	36.52	6	1.42	1	2.84	40.88	36.52	43.01	398.97	392.68	36.654	39.210	34.55	36.96	500.0	1500	263	73.23	-2.1	-0.0634	1.0	-0.22	2.74	1.00	0.00	0.16	111115
"11:44:03 Coolers: Tblock -> 48.00 C"
