"OPEN 6.2.4"
"Sun Jun 28 2015 11:41:48"
<open><version>"6.2.4"</version></open>
<open><configfile>"/User/Configs/UserPrefs/2x3 LED.xml"</configfile></open>
<open><light><source>"6400-02 or -02B LED Source"</source><par_in>1<sensor>"SI-3781"<cal>-0.93<actinity>1.00</actinity><transm>1.00</transm></cal></sensor><transm>1</transm></par_in><par_out>1<sensor>"Q49599"<cal>7.26</cal></sensor></par_out></light></open>
<open><comps><file>"/User/Configs/Comps/StdComps_6.2"<header>""</header><extras></extras></file><energybal>no<f_parIn>1</f_parIn><f_parOut>0</f_parOut><alphaK>0.16</alphaK></energybal><bc_total>2.840<stomatal_ratio>1</stomatal_ratio><bc_oneside>1.420<type>2</type><table>"/Sys/Lib/StdBLCTable"</table><area>6</area><slope>-0.219565</slope><offset>2.73739</offset><fan>5</fan></bc_oneside></bc_total></comps></open>
<open><prompts><onlog>off</onlog><items>"Default (none)"</items></prompts></open>
<open><constants><oxygen>21 %</oxygen><bb_vapor>1.5</bb_vapor><bb_oxy>0.9</bb_oxy></constants></open>
<open><stability><items>"Std Stability"<items[1]><id>-2</id><size>15</size><pcv><onoff>0</onoff><value>1</value></pcv><std><onoff>0</onoff><value>1</value></std><slp><onoff>1</onoff><value>1</value></slp></items[1]><items[2]><id>-5</id><size>15</size><pcv><onoff>0</onoff><value>1</value></pcv><std><onoff>0</onoff><value>1</value></std><slp><onoff>1</onoff><value>1</value></slp></items[2]><items[3]><id>-7</id><size>15</size><pcv><onoff>0</onoff><value>1</value></pcv><std><onoff>0</onoff><value>1</value></std><slp><onoff>1</onoff><value>1</value></slp></items[3]></items></stability></open>
<open><log><format>"StdLogFmt_6.0"<items>{ -35 -21 -36 -76 30 23 36 21 25 221 -33 111 -34 11 -9 -10 -8 -1 -2 -4 -5 -14 -15 -7 -12 -13 -11 -65 -66 -72 -18 -19 -77 -78 -79 -23  }<hdr>{  }</hdr></items></format><options><beep>on</beep><hdr>normal</hdr><rem>normal</rem><stab>no</stab><stats>no<mean>no</mean><file>no</file><period>15</period></stats><excel>yes</excel><controls>yes</controls><comm>no</comm></options><datafile>"/User/stm-plipo3"</datafile><button><action>"Normal Log"<code>" LogOneObsManual "</code></action></button><autoprog>"/User/Configs/AutoProgs/AutoLog2"<active>no</active></autoprog></log></open>
<open><a2d><avgtime>4.0 secs</avgtime><userchans><ch20>"Off"</ch20><ch21>"Off"</ch21><ch22>"Off"</ch22><ch23>"Off"</ch23></userchans></a2d></open>
<open><matching><type>0</type><disp>'a'</disp><settings><CO2Limit>10.0</CO2Limit><H2OLimit>1.0</H2OLimit><MaxAutoTime>60</MaxAutoTime></settings></matching></open>
<li6400><factory><unit>"PSC-3840"</unit><serviced>"1 Jul 2013"</serviced><fuseaware>0</fuseaware><co2mixer>yes</co2mixer><co2><coeffs>{ 0 0.213319 2.22998e-05 2.13159e-08 -3.88664e-12 3.69888e-16  }</coeffs><dvdt>-4.7</dvdt><xs>{ 0.0009 -0.0002  }</xs></co2><h2o><coeffs>{ 0 0.00572751 2.23485e-06 -7.37877e-12  }</coeffs><dvdt>-1.7</dvdt><xs>{ 0.0009 -0.0028  }</xs></h2o><flow>{ 0 0.3568  }</flow><press>{ 88.437 0.00551  }</press></factory></li6400>
<li6400><user><flow_zero>-468.8</flow_zero><irga_zero><co2>429.7 390.6<at>17.6901</at></co2><h2o>78.1 156.2<at>17.1607</at></h2o></irga_zero><irga_span><co2>{ 0.99237 0.992833  }</co2><h2o>{ 1.00426 0.996799  }</h2o></irga_span><irga_match><co2>{ 0.368307 -1.22806  }</co2><h2o>{ 0.00477181 0.0574902  }</h2o></irga_match><co2_mixer><pump_mv>4500</pump_mv><ppm>{ 2287.2 1080.71 423.89 257.488 117.195 68.0056 44.5242 37.9628  }</ppm><mv>{ 5000 3000 1500 1000 500 300 200 100  }</mv></co2_mixer><parin_offset>0</parin_offset><led_cal><unit>"SI-3781"</unit><mv>{ 10 25 50 100 1000 2000 3000 4000 5000  }</mv><qntm>{ 4.69642 15.4417 35.4805 82.2863 972.665 1922.29 2824.32 3690.14 4518.2  }</qntm></led_cal><lcf_cal><unit>"unknown"</unit><red><mv>{ 50 100 500 1000 1500 5000  }</mv><qntm>{ 50 100 500 1000 2000 5000  }</qntm></red><blue><mv>{ 100 200 500 1000 2000 5000  }</mv><qntm>{ 10 20 50 100 200 500  }</qntm></blue></lcf_cal></user></li6400>
"11:41:49 "
$STARTOFDATA$
"Obs"	"HHMMSS"	"FTime"	"EBal?"	"Photo"	"Cond"	"Ci"	"Trmmol"	"VpdL"	"CTleaf"	"Area"	"BLC_1"	"StmRat"	"BLCond"	"Tair"	"Tleaf"	"TBlk"	"CO2R"	"CO2S"	"H2OR"	"H2OS"	"RH_R"	"RH_S"	"Flow"	"PARi"	"PARo"	"Press"	"CsMch"	"HsMch"	"StableF"	"BLCslope"	"BLCoffst"	"f_parin"	"f_parout"	"alphaK"	"Status"
"11:45:57 Coolers: Tblock -> 0.00 C"
"11:48:08 CO2 Mixer: CO2R -> 400 uml"
"11:48:15 Lamp: ParIn ->  1500 uml"
"12:00:33 Coolers: Tblock -> 6.25 C"
"12:01:40 Flow: Fixed -> 500 umol/s"
"12:02:00 Flow: Fixed -> 500 umol/s"
1	"12:02:45"	1264.0	0	3.24	0.024	170	0.42	1.22	14.45	6	1.42	1	2.84	9.18	14.45	6.41	399.72	395.63	5.578	6.080	33.63	36.65	499.9	1500	253	70.3	-0.797	0.374	1.0	-0.22	2.74	1.00	0.00	0.16	111115
2	"12:02:46"	1264.0	0	3.24	0.024	170	0.42	1.22	14.45	6	1.42	1	2.84	9.18	14.45	6.41	399.72	395.63	5.578	6.080	33.63	36.65	499.9	1500	253	70.3	-0.797	0.374	1.0	-0.22	2.74	1.00	0.00	0.16	111115
3	"12:02:46"	1264.5	0	3.33	0.0241	165	0.422	1.22	14.44	6	1.42	1	2.84	9.18	14.44	6.41	399.81	395.62	5.577	6.081	33.62	36.66	499.9	1500	253	70.3	-0.797	0.374	1.0	-0.22	2.74	1.00	0.00	0.16	111115
4	"12:02:47"	1265.0	0	3.38	0.0241	162	0.422	1.22	14.44	6	1.42	1	2.84	9.18	14.44	6.41	399.90	395.65	5.579	6.082	33.63	36.66	499.9	1500	253	70.3	-0.797	0.374	1.0	-0.22	2.74	1.00	0.00	0.16	111115
5	"12:02:47"	1265.5	0	3.42	0.0241	159	0.422	1.22	14.45	6	1.42	1	2.84	9.18	14.45	6.41	400.01	395.69	5.579	6.083	33.63	36.67	499.8	1500	253	70.3	-0.797	0.374	1.0	-0.22	2.74	1.00	0.00	0.16	111115
6	"12:02:48"	1266.0	0	3.47	0.0241	156	0.422	1.22	14.45	6	1.42	1	2.84	9.18	14.45	6.42	400.06	395.70	5.579	6.082	33.63	36.67	499.8	1500	253	70.3	-0.797	0.374	1.0	-0.22	2.74	1.00	0.00	0.16	111115
7	"12:02:48"	1266.5	0	3.47	0.0241	156	0.422	1.23	14.46	6	1.42	1	2.84	9.18	14.46	6.42	400.11	395.75	5.579	6.082	33.63	36.66	499.8	1500	253	70.3	-0.797	0.374	1.0	-0.22	2.74	1.00	0.00	0.16	111115
8	"12:02:49"	1267.0	0	3.46	0.0241	157	0.423	1.22	14.46	6	1.42	1	2.84	9.18	14.46	6.42	400.14	395.78	5.579	6.084	33.63	36.67	499.8	1500	253	70.3	-0.797	0.374	1.0	-0.22	2.74	1.00	0.00	0.16	111115
9	"12:02:49"	1267.5	0	3.45	0.0241	158	0.423	1.22	14.45	6	1.42	1	2.84	9.18	14.45	6.42	400.11	395.77	5.580	6.085	33.63	36.67	499.8	1500	253	70.3	-0.797	0.374	1.0	-0.22	2.74	1.00	0.00	0.16	111115
10	"12:02:50"	1268.0	0	3.45	0.0241	158	0.423	1.22	14.46	6	1.42	1	2.84	9.18	14.46	6.42	400.10	395.76	5.580	6.084	33.63	36.67	499.8	1500	253	70.3	-0.797	0.374	1.0	-0.22	2.74	1.00	0.00	0.16	111115
11	"12:02:50"	1268.5	0	3.37	0.0241	162	0.422	1.23	14.46	6	1.42	1	2.84	9.18	14.46	6.42	400.08	395.83	5.581	6.085	33.63	36.67	499.8	1500	253	70.3	-0.797	0.374	1.0	-0.22	2.74	1.00	0.00	0.16	111115
12	"12:02:51"	1269.0	0	3.32	0.024	165	0.421	1.23	14.47	6	1.42	1	2.84	9.18	14.47	6.42	400.03	395.85	5.582	6.084	33.64	36.66	499.8	1500	254	70.3	-0.797	0.374	1.0	-0.22	2.74	1.00	0.00	0.16	111115
13	"12:02:51"	1269.5	0	3.27	0.024	168	0.421	1.23	14.47	6	1.42	1	2.84	9.18	14.47	6.42	399.96	395.83	5.581	6.083	33.63	36.66	499.8	1500	254	70.3	-0.797	0.374	1.0	-0.22	2.74	1.00	0.00	0.16	111115
14	"12:02:52"	1270.0	0	3.2	0.0239	172	0.42	1.23	14.47	6	1.42	1	2.84	9.18	14.47	6.42	399.93	395.89	5.582	6.084	33.64	36.66	499.9	1500	254	70.3	-0.797	0.374	1.0	-0.22	2.74	1.00	0.00	0.16	111115
15	"12:02:52"	1270.5	0	3.16	0.0238	174	0.419	1.23	14.47	6	1.42	1	2.84	9.18	14.47	6.42	399.89	395.89	5.584	6.083	33.65	36.66	499.8	1500	254	70.3	-0.797	0.374	1.0	-0.22	2.74	1.00	0.00	0.16	111115
"12:03:07 Coolers: Tblock -> 11.00 C"
"12:05:14 Flow: Fixed -> 500 umol/s"
16	"12:06:46"	1504.5	0	3.73	0.0241	139	0.463	1.34	16.50	6	1.42	1	2.84	12.82	16.50	10.98	401.52	396.82	7.193	7.744	34.03	36.64	499.8	1500	266	70.29	-1.22	0.372	1.0	-0.22	2.74	1.00	0.00	0.16	111115
17	"12:06:46"	1504.5	0	3.73	0.0241	139	0.463	1.34	16.50	6	1.42	1	2.84	12.82	16.50	10.98	401.52	396.82	7.193	7.744	34.03	36.64	499.8	1500	266	70.29	-1.22	0.372	1.0	-0.22	2.74	1.00	0.00	0.16	111115
18	"12:06:47"	1505.0	0	3.77	0.0241	136	0.463	1.34	16.51	6	1.42	1	2.84	12.82	16.51	10.98	401.56	396.82	7.192	7.744	34.02	36.63	499.8	1500	266	70.29	-1.22	0.372	1.0	-0.22	2.74	1.00	0.00	0.16	111115
19	"12:06:47"	1505.5	0	3.74	0.024	137	0.462	1.34	16.52	6	1.42	1	2.84	12.82	16.52	10.98	401.55	396.83	7.193	7.744	34.03	36.63	499.8	1500	266	70.29	-1.22	0.372	0.7	-0.22	2.74	1.00	0.00	0.16	111115
20	"12:06:48"	1506.0	0	3.64	0.024	145	0.463	1.34	16.52	6	1.42	1	2.84	12.83	16.52	10.98	401.44	396.85	7.194	7.746	34.03	36.64	499.8	1500	266	70.29	-1.22	0.372	0.7	-0.22	2.74	1.00	0.00	0.16	111115
21	"12:06:48"	1506.5	0	3.51	0.024	153	0.463	1.34	16.52	6	1.42	1	2.84	12.83	16.52	10.98	401.32	396.88	7.194	7.746	34.03	36.64	499.8	1500	266	70.29	-1.22	0.372	0.7	-0.22	2.74	1.00	0.00	0.16	111115
22	"12:06:49"	1507.0	0	3.46	0.024	156	0.463	1.34	16.52	6	1.42	1	2.84	12.83	16.52	10.98	401.25	396.87	7.196	7.747	34.03	36.64	499.8	1500	266	70.29	-1.22	0.372	0.7	-0.22	2.74	1.00	0.00	0.16	111115
23	"12:06:49"	1507.5	0	3.42	0.0239	158	0.461	1.34	16.51	6	1.42	1	2.84	12.83	16.51	10.98	401.23	396.91	7.199	7.748	34.04	36.64	499.8	1500	266	70.29	-1.22	0.372	0.7	-0.22	2.74	1.00	0.00	0.16	111115
24	"12:06:50"	1508.0	0	3.43	0.0239	157	0.46	1.34	16.51	6	1.42	1	2.84	12.83	16.51	10.98	401.26	396.92	7.200	7.748	34.05	36.64	499.8	1500	266	70.29	-1.22	0.372	0.7	-0.22	2.74	1.00	0.00	0.16	111115
25	"12:06:50"	1508.5	0	3.46	0.0239	155	0.46	1.34	16.51	6	1.42	1	2.84	12.83	16.51	10.98	401.31	396.94	7.202	7.750	34.05	36.64	499.8	1500	266	70.29	-1.22	0.372	0.7	-0.22	2.74	1.00	0.00	0.16	111115
26	"12:06:51"	1509.0	0	3.49	0.0239	153	0.459	1.34	16.51	6	1.42	1	2.84	12.83	16.51	10.98	401.32	396.92	7.204	7.751	34.06	36.65	499.8	1500	266	70.29	-1.22	0.372	0.7	-0.22	2.74	1.00	0.00	0.16	111115
27	"12:06:51"	1509.5	0	3.46	0.0238	154	0.458	1.34	16.51	6	1.42	1	2.84	12.83	16.51	10.98	401.32	396.95	7.206	7.751	34.07	36.65	499.9	1500	266	70.29	-1.22	0.372	0.7	-0.22	2.74	1.00	0.00	0.16	111115
28	"12:06:52"	1510.0	0	3.45	0.0238	155	0.457	1.34	16.51	6	1.42	1	2.84	12.83	16.51	10.98	401.30	396.94	7.208	7.753	34.08	36.65	499.9	1500	266	70.29	-1.22	0.372	0.7	-0.22	2.74	1.00	0.00	0.16	111115
29	"12:06:52"	1510.5	0	3.49	0.0238	152	0.457	1.34	16.51	6	1.42	1	2.84	12.83	16.51	10.98	401.28	396.87	7.209	7.754	34.08	36.66	499.9	1500	266	70.29	-1.22	0.372	0.7	-0.22	2.74	1.00	0.00	0.16	111115
30	"12:06:53"	1511.0	0	3.43	0.0238	156	0.458	1.34	16.52	6	1.42	1	2.84	12.83	16.52	10.98	401.19	396.86	7.210	7.756	34.09	36.67	499.9	1500	266	70.29	-1.22	0.372	0.7	-0.22	2.74	1.00	0.00	0.16	111115
"12:07:05 Coolers: Tblock -> 16.00 C"
"12:09:42 Flow: Fixed -> 500 umol/s"
31	"12:10:56"	1754.5	0	3.62	0.0248	152	0.537	1.5	18.85	6	1.42	1	2.84	16.96	18.85	16.05	400.71	396.12	9.061	9.699	32.84	35.15	499.8	1501	82	70.29	-1.43	0.37	0.7	-0.22	2.74	1.00	0.00	0.16	111115
32	"12:10:56"	1754.5	0	3.62	0.0248	152	0.537	1.5	18.85	6	1.42	1	2.84	16.96	18.85	16.05	400.71	396.12	9.061	9.699	32.84	35.15	499.8	1501	82	70.29	-1.43	0.37	0.7	-0.22	2.74	1.00	0.00	0.16	111115
33	"12:10:56"	1754.5	0	3.62	0.0248	152	0.537	1.5	18.85	6	1.42	1	2.84	16.96	18.85	16.05	400.71	396.12	9.061	9.699	32.84	35.15	499.8	1501	82	70.29	-1.43	0.37	0.7	-0.22	2.74	1.00	0.00	0.16	111115
34	"12:10:57"	1755.0	0	3.5	0.0247	158	0.535	1.5	18.85	6	1.42	1	2.84	16.96	18.85	16.05	400.57	396.11	9.061	9.697	32.84	35.14	499.9	1501	83	70.29	-1.43	0.37	0.7	-0.22	2.74	1.00	0.00	0.16	111115
35	"12:10:57"	1755.5	0	3.42	0.0247	163	0.534	1.5	18.86	6	1.42	1	2.84	16.96	18.86	16.05	400.42	396.06	9.060	9.695	32.84	35.14	499.9	1501	84	70.29	-1.43	0.37	0.7	-0.22	2.74	1.00	0.00	0.16	111115
36	"12:10:58"	1756.0	0	3.33	0.0247	168	0.534	1.5	18.85	6	1.42	1	2.84	16.96	18.85	16.05	400.29	396.03	9.058	9.693	32.83	35.13	499.9	1501	87	70.29	-1.43	0.37	0.7	-0.22	2.74	1.00	0.00	0.16	111115
37	"12:10:58"	1756.5	0	3.26	0.0246	173	0.533	1.5	18.85	6	1.42	1	2.84	16.96	18.85	16.05	400.16	396.00	9.058	9.691	32.83	35.13	499.8	1500	92	70.29	-1.43	0.37	0.7	-0.22	2.74	1.00	0.00	0.16	111115
38	"12:10:59"	1757.0	0	3.2	0.0246	176	0.531	1.5	18.85	6	1.42	1	2.84	16.96	18.85	16.05	400.07	395.98	9.058	9.690	32.83	35.12	499.8	1500	99	70.29	-1.43	0.37	0.7	-0.22	2.74	1.00	0.00	0.16	111115
39	"12:10:59"	1757.5	0	3.1	0.0245	181	0.529	1.5	18.85	6	1.42	1	2.84	16.96	18.85	16.05	399.96	395.98	9.057	9.686	32.83	35.11	499.8	1500	108	70.29	-1.43	0.37	0.7	-0.22	2.74	1.00	0.00	0.16	111115
40	"12:11:00"	1758.0	0	3.04	0.0244	185	0.529	1.5	18.85	6	1.42	1	2.84	16.96	18.85	16.05	399.90	396.00	9.057	9.686	32.82	35.10	499.8	1500	118	70.29	-1.43	0.37	0.7	-0.22	2.74	1.00	0.00	0.16	111115
41	"12:11:01"	1758.5	0	3.01	0.0245	188	0.53	1.5	18.85	6	1.42	1	2.84	16.96	18.85	16.05	399.90	396.03	9.056	9.685	32.82	35.10	499.8	1500	131	70.29	-1.43	0.37	0.7	-0.22	2.74	1.00	0.00	0.16	111115
42	"12:11:01"	1759.0	0	3.08	0.0244	182	0.529	1.5	18.85	6	1.42	1	2.84	16.96	18.85	16.05	399.99	396.04	9.055	9.683	32.82	35.10	499.8	1500	144	70.29	-1.43	0.37	0.7	-0.22	2.74	1.00	0.00	0.16	111115
43	"12:11:02"	1760.0	0	3.16	0.0244	177	0.527	1.5	18.84	6	1.42	1	2.84	16.96	18.84	16.05	400.19	396.14	9.054	9.681	32.82	35.09	499.8	1500	169	70.29	-1.43	0.37	0.7	-0.22	2.74	1.00	0.00	0.16	111115
44	"12:11:02"	1760.5	0	3.24	0.0243	172	0.526	1.5	18.84	6	1.42	1	2.84	16.96	18.84	16.05	400.33	396.19	9.055	9.680	32.82	35.08	499.8	1500	181	70.29	-1.43	0.37	0.7	-0.22	2.74	1.00	0.00	0.16	111115
45	"12:11:03"	1761.0	0	3.28	0.0242	169	0.525	1.5	18.84	6	1.42	1	2.84	16.96	18.84	16.06	400.42	396.24	9.054	9.678	32.81	35.07	499.8	1501	190	70.29	-1.43	0.37	0.7	-0.22	2.74	1.00	0.00	0.16	111115
46	"12:11:03"	1761.5	0	3.32	0.0243	166	0.525	1.5	18.84	6	1.42	1	2.84	16.96	18.84	16.05	400.50	396.26	9.054	9.679	32.81	35.08	499.8	1501	199	70.29	-1.43	0.37	0.7	-0.22	2.74	1.00	0.00	0.16	111115
47	"12:11:04"	1762.0	0	3.34	0.0242	164	0.524	1.5	18.84	6	1.42	1	2.84	16.96	18.84	16.05	400.52	396.26	9.054	9.677	32.81	35.07	499.8	1501	207	70.29	-1.43	0.37	0.7	-0.22	2.74	1.00	0.00	0.16	111115
48	"12:11:04"	1762.5	0	3.31	0.0242	166	0.523	1.5	18.84	6	1.42	1	2.84	16.96	18.84	16.05	400.43	396.21	9.054	9.676	32.81	35.06	499.9	1501	214	70.29	-1.43	0.37	0.7	-0.22	2.74	1.00	0.00	0.16	111115
"12:12:33 Flow: Fixed -> 500 umol/s"
"12:13:30 Coolers: Tblock -> 21.00 C"
"12:16:21 Flow: Fixed -> 500 umol/s"
49	"12:17:28"	2146.5	0	2.49	0.0169	150	0.377	1.53	20.50	6	1.42	1	2.84	20.87	20.50	21.14	399.37	396.20	12.153	12.599	34.51	35.78	500.1	1501	60	70.3	-2.08	0.336	0.7	-0.22	2.74	1.00	0.00	0.16	111115
50	"12:17:29"	2146.5	0	2.49	0.0169	150	0.377	1.53	20.50	6	1.42	1	2.84	20.87	20.50	21.14	399.37	396.20	12.153	12.599	34.51	35.78	500.1	1501	60	70.3	-2.08	0.336	0.7	-0.22	2.74	1.00	0.00	0.16	111115
51	"12:17:29"	2146.5	0	2.49	0.0169	150	0.377	1.53	20.50	6	1.42	1	2.84	20.87	20.50	21.14	399.37	396.20	12.153	12.599	34.51	35.78	500.1	1501	60	70.3	-2.08	0.336	0.7	-0.22	2.74	1.00	0.00	0.16	111115
52	"12:17:30"	2147.0	0	2.49	0.017	150	0.377	1.53	20.50	6	1.42	1	2.84	20.87	20.50	21.14	399.19	396.02	12.152	12.599	34.51	35.78	500.1	1501	60	70.3	-2.08	0.336	0.3	-0.22	2.74	1.00	0.00	0.16	111115
53	"12:17:30"	2147.5	0	2.43	0.0169	155	0.376	1.53	20.50	6	1.42	1	2.84	20.87	20.50	21.14	398.90	395.80	12.154	12.599	34.51	35.78	500.2	1501	60	70.3	-2.08	0.336	0.3	-0.22	2.74	1.00	0.00	0.16	111115
54	"12:17:31"	2148.0	0	2.26	0.0169	171	0.376	1.53	20.50	6	1.42	1	2.84	20.87	20.50	21.14	398.47	395.57	12.153	12.599	34.51	35.77	500.2	1501	60	70.3	-2.08	0.336	0.3	-0.22	2.74	1.00	0.00	0.16	111115
55	"12:17:31"	2148.5	0	2.08	0.0169	187	0.376	1.53	20.49	6	1.42	1	2.84	20.87	20.49	21.14	397.96	395.29	12.154	12.599	34.51	35.77	500.2	1501	60	70.3	-2.08	0.336	0.3	-0.22	2.74	1.00	0.00	0.16	111115
56	"12:17:32"	2149.0	0	1.84	0.0169	209	0.376	1.53	20.49	6	1.42	1	2.84	20.87	20.49	21.14	397.49	395.10	12.154	12.599	34.51	35.77	500.2	1501	60	70.3	-2.08	0.336	0.3	-0.22	2.74	1.00	0.00	0.16	111115
57	"12:17:32"	2149.5	0	1.62	0.0169	230	0.375	1.53	20.49	6	1.42	1	2.84	20.87	20.49	21.14	397.06	394.94	12.154	12.599	34.51	35.77	500.2	1501	60	70.3	-2.08	0.336	0.3	-0.22	2.74	1.00	0.00	0.16	111115
58	"12:17:33"	2150.0	0	1.49	0.0169	242	0.375	1.53	20.49	6	1.42	1	2.84	20.87	20.49	21.14	396.80	394.83	12.154	12.598	34.51	35.77	500.1	1501	60	70.3	-2.08	0.336	0.3	-0.22	2.74	1.00	0.00	0.16	111115
59	"12:17:33"	2150.5	0	1.44	0.0168	245	0.372	1.53	20.49	6	1.42	1	2.84	20.87	20.49	21.14	396.70	394.79	12.154	12.596	34.51	35.76	500.2	1501	60	70.3	-2.08	0.336	0.3	-0.22	2.74	1.00	0.00	0.16	111115
60	"12:17:34"	2151.0	0	1.46	0.0168	244	0.373	1.53	20.49	6	1.42	1	2.84	20.87	20.49	21.14	396.77	394.84	12.155	12.597	34.51	35.76	500.1	1501	60	70.3	-2.08	0.336	0.3	-0.22	2.74	1.00	0.00	0.16	111115
61	"12:17:34"	2152.0	0	1.77	0.0167	214	0.372	1.53	20.50	6	1.42	1	2.84	20.87	20.50	21.14	397.37	395.08	12.154	12.595	34.50	35.76	500.1	1501	60	70.3	-2.08	0.336	0.3	-0.22	2.74	1.00	0.00	0.16	111115
62	"12:17:35"	2152.5	0	1.99	0.0167	194	0.372	1.53	20.50	6	1.42	1	2.84	20.87	20.50	21.14	397.85	395.29	12.153	12.594	34.50	35.75	500.1	1501	60	70.3	-2.08	0.336	0.3	-0.22	2.74	1.00	0.00	0.16	111115
63	"12:17:35"	2153.0	0	2.26	0.0167	168	0.372	1.54	20.50	6	1.42	1	2.84	20.87	20.50	21.14	398.32	395.43	12.152	12.592	34.50	35.75	500.1	1501	60	70.3	-2.08	0.336	0.3	-0.22	2.74	1.00	0.00	0.16	111115
"12:17:53 Coolers: Tblock -> 26.00 C"
"12:21:16 Flow: Fixed -> 500 umol/s"
"12:22:13 Flow: Fixed -> 500 umol/s"
64	"12:23:20"	2498.0	0	1.97	0.0156	182	0.397	1.75	23.22	6	1.42	1	2.84	25.01	23.22	26.02	398.98	396.42	15.351	15.821	33.92	34.96	499.9	1501	59	70.3	-2.18	0.307	0.7	-0.22	2.74	1.00	0.00	0.16	111115
65	"12:23:20"	2498.0	0	1.97	0.0156	182	0.397	1.75	23.22	6	1.42	1	2.84	25.01	23.22	26.02	398.98	396.42	15.351	15.821	33.92	34.96	499.9	1501	59	70.3	-2.18	0.307	0.7	-0.22	2.74	1.00	0.00	0.16	111115
66	"12:23:21"	2498.5	0	1.94	0.0157	186	0.399	1.75	23.22	6	1.42	1	2.84	25.01	23.22	26.02	398.93	396.41	15.350	15.821	33.92	34.96	499.9	1501	59	70.3	-2.18	0.307	0.7	-0.22	2.74	1.00	0.00	0.16	111115
67	"12:23:21"	2499.0	0	1.93	0.0157	187	0.4	1.75	23.22	6	1.42	1	2.84	25.01	23.22	26.02	398.90	396.40	15.349	15.821	33.91	34.96	499.9	1501	59	70.3	-2.18	0.307	0.7	-0.22	2.74	1.00	0.00	0.16	111115
68	"12:23:22"	2499.5	0	1.9	0.0157	189	0.398	1.75	23.22	6	1.42	1	2.84	25.01	23.22	26.02	398.86	396.39	15.348	15.818	33.91	34.95	499.9	1501	59	70.3	-2.18	0.307	0.7	-0.22	2.74	1.00	0.00	0.16	111115
69	"12:23:22"	2500.0	0	1.91	0.0157	189	0.399	1.74	23.21	6	1.42	1	2.84	25.01	23.21	26.02	398.87	396.38	15.345	15.817	33.91	34.95	499.9	1501	59	70.3	-2.18	0.307	0.7	-0.22	2.74	1.00	0.00	0.16	111115
70	"12:23:23"	2500.5	0	1.92	0.0157	188	0.399	1.74	23.21	6	1.42	1	2.84	25.01	23.21	26.02	398.84	396.34	15.345	15.817	33.91	34.95	499.9	1501	59	70.3	-2.18	0.307	0.7	-0.22	2.74	1.00	0.00	0.16	111115
71	"12:23:23"	2501.0	0	1.93	0.0158	187	0.4	1.74	23.20	6	1.42	1	2.84	25.01	23.20	26.02	398.81	396.30	15.345	15.818	33.90	34.95	499.9	1501	59	70.3	-2.18	0.307	0.7	-0.22	2.74	1.00	0.00	0.16	111115
72	"12:23:24"	2501.5	0	1.91	0.0157	188	0.398	1.74	23.21	6	1.42	1	2.84	25.01	23.21	26.02	398.79	396.31	15.346	15.816	33.91	34.94	499.8	1501	59	70.3	-2.18	0.307	0.7	-0.22	2.74	1.00	0.00	0.16	111115
73	"12:23:24"	2502.0	0	1.88	0.0156	191	0.397	1.74	23.20	6	1.42	1	2.84	25.01	23.20	26.02	398.72	396.28	15.348	15.817	33.91	34.94	499.9	1501	59	70.3	-2.18	0.307	0.7	-0.22	2.74	1.00	0.00	0.16	111115
74	"12:23:25"	2502.5	0	1.8	0.0155	198	0.394	1.74	23.20	6	1.42	1	2.84	25.01	23.20	26.02	398.63	396.29	15.349	15.814	33.91	34.94	499.9	1501	58	70.3	-2.18	0.307	0.7	-0.22	2.74	1.00	0.00	0.16	111115
75	"12:23:25"	2503.0	0	1.73	0.0155	205	0.393	1.74	23.20	6	1.42	1	2.84	25.01	23.20	26.02	398.57	396.31	15.350	15.815	33.91	34.94	499.9	1501	58	70.3	-2.18	0.307	0.7	-0.22	2.74	1.00	0.00	0.16	111115
76	"12:23:26"	2503.5	0	1.75	0.0154	202	0.391	1.74	23.20	6	1.42	1	2.84	25.01	23.20	26.02	398.59	396.31	15.352	15.813	33.92	34.94	499.8	1501	58	70.3	-2.18	0.307	0.7	-0.22	2.74	1.00	0.00	0.16	111115
77	"12:23:26"	2504.0	0	1.8	0.0153	196	0.388	1.74	23.19	6	1.42	1	2.84	25.01	23.19	26.02	398.68	396.34	15.354	15.813	33.92	34.94	499.8	1501	59	70.3	-2.18	0.307	0.7	-0.22	2.74	1.00	0.00	0.16	111115
78	"12:23:27"	2504.5	0	1.83	0.0153	192	0.389	1.74	23.20	6	1.42	1	2.84	25.01	23.20	26.02	398.75	396.36	15.352	15.812	33.92	34.94	499.8	1501	59	70.3	-2.18	0.307	0.7	-0.22	2.74	1.00	0.00	0.16	111115
"12:23:42 Coolers: Tblock -> 31.00 C"
"12:27:57 Flow: Fixed -> 500 umol/s"
"12:28:16 Flow: Fixed -> 500 umol/s"
"12:29:39 Flow: Fixed -> 500 umol/s"
79	"12:30:09"	2907.0	0	1.76	0.0153	199	0.421	1.88	25.91	6	1.42	1	2.84	29.29	25.91	31.10	399.69	397.38	20.479	20.973	35.21	36.06	500.8	1500	56	70.3	-2.48	0.235	0.7	-0.22	2.74	1.00	0.00	0.16	111115
80	"12:30:09"	2907.0	0	1.76	0.0153	199	0.421	1.88	25.91	6	1.42	1	2.84	29.29	25.91	31.10	399.69	397.38	20.479	20.973	35.21	36.06	500.8	1500	56	70.3	-2.48	0.235	0.7	-0.22	2.74	1.00	0.00	0.16	111115
81	"12:30:09"	2907.5	0	1.8	0.0152	193	0.418	1.88	25.90	6	1.42	1	2.84	29.29	25.90	31.10	399.78	397.42	20.480	20.970	35.21	36.05	500.8	1500	55	70.3	-2.48	0.235	0.7	-0.22	2.74	1.00	0.00	0.16	111115
82	"12:30:10"	2908.0	0	1.84	0.0152	190	0.419	1.88	25.91	6	1.42	1	2.84	29.29	25.91	31.10	399.87	397.47	20.478	20.970	35.20	36.05	500.8	1500	56	70.3	-2.48	0.235	0.7	-0.22	2.74	1.00	0.00	0.16	111115
83	"12:30:10"	2908.5	0	1.94	0.0153	181	0.422	1.88	25.90	6	1.42	1	2.84	29.29	25.90	31.10	399.97	397.44	20.474	20.969	35.19	36.05	500.7	1500	56	70.3	-2.48	0.235	0.7	-0.22	2.74	1.00	0.00	0.16	111115
84	"12:30:11"	2909.0	0	2.04	0.0153	171	0.423	1.88	25.91	6	1.42	1	2.84	29.29	25.91	31.10	400.04	397.39	20.472	20.969	35.19	36.04	500.7	1500	56	70.3	-2.48	0.235	0.7	-0.22	2.74	1.00	0.00	0.16	111115
85	"12:30:11"	2909.5	0	2.04	0.0155	174	0.427	1.88	25.91	6	1.42	1	2.84	29.29	25.91	31.10	400.02	397.38	20.471	20.972	35.18	36.05	500.7	1500	56	70.3	-2.48	0.235	0.7	-0.22	2.74	1.00	0.00	0.16	111115
86	"12:30:12"	2910.0	0	2.02	0.0155	175	0.426	1.88	25.91	6	1.42	1	2.84	29.29	25.91	31.10	399.98	397.37	20.473	20.973	35.19	36.05	500.7	1500	56	70.3	-2.48	0.235	0.7	-0.22	2.74	1.00	0.00	0.16	111115
87	"12:30:12"	2910.5	0	1.93	0.0154	183	0.425	1.88	25.90	6	1.42	1	2.84	29.29	25.90	31.10	399.91	397.39	20.473	20.972	35.19	36.04	500.7	1500	55	70.3	-2.48	0.235	0.7	-0.22	2.74	1.00	0.00	0.16	111115
88	"12:30:13"	2911.0	0	1.91	0.0155	187	0.427	1.88	25.89	6	1.42	1	2.84	29.29	25.89	31.10	399.87	397.39	20.472	20.972	35.18	36.04	500.7	1500	55	70.3	-2.48	0.235	1.0	-0.22	2.74	1.00	0.00	0.16	111115
89	"12:30:13"	2911.5	0	1.86	0.0156	192	0.428	1.88	25.89	6	1.42	1	2.84	29.29	25.89	31.10	399.77	397.34	20.469	20.971	35.18	36.04	500.7	1500	55	70.3	-2.48	0.235	1.0	-0.22	2.74	1.00	0.00	0.16	111115
90	"12:30:14"	2912.0	0	1.85	0.0156	193	0.428	1.88	25.89	6	1.42	1	2.84	29.29	25.89	31.10	399.73	397.31	20.466	20.968	35.17	36.04	500.7	1500	55	70.3	-2.48	0.235	1.0	-0.22	2.74	1.00	0.00	0.16	111115
91	"12:30:14"	2912.5	0	1.79	0.0155	198	0.427	1.88	25.90	6	1.42	1	2.84	29.29	25.90	31.10	399.72	397.38	20.466	20.967	35.18	36.04	500.7	1500	55	70.3	-2.48	0.235	1.0	-0.22	2.74	1.00	0.00	0.16	111115
92	"12:30:15"	2913.0	0	1.78	0.0154	199	0.425	1.88	25.90	6	1.42	1	2.84	29.29	25.90	31.10	399.75	397.42	20.465	20.964	35.17	36.03	500.8	1500	55	70.3	-2.48	0.235	1.0	-0.22	2.74	1.00	0.00	0.16	111115
93	"12:30:16"	2913.5	0	1.8	0.0153	196	0.423	1.88	25.90	6	1.42	1	2.84	29.29	25.90	31.10	399.85	397.50	20.464	20.960	35.17	36.02	500.8	1500	55	70.3	-2.48	0.235	1.0	-0.22	2.74	1.00	0.00	0.16	111115
"12:30:37 Coolers: Tblock -> 36.00 C"
"12:39:00 Flow: Fixed -> 500 umol/s"
"12:39:10 Coolers: Tblock -> 35.13 C"
"12:41:07 Flow: Fixed -> 500 umol/s"
94	"12:42:16"	3635.0	0	2.15	0.0212	218	0.675	2.17	28.68	6	1.42	1	2.84	32.99	28.68	35.21	400.35	397.45	24.550	25.340	34.17	35.27	499.9	1499	73	70.3	-2.28	0.165	1.0	-0.22	2.74	1.00	0.00	0.16	111115
95	"12:42:17"	3635.0	0	2.15	0.0212	218	0.675	2.17	28.68	6	1.42	1	2.84	32.99	28.68	35.21	400.35	397.45	24.550	25.340	34.17	35.27	499.9	1499	73	70.3	-2.28	0.165	1.0	-0.22	2.74	1.00	0.00	0.16	111115
96	"12:42:17"	3635.5	0	2.18	0.0212	216	0.677	2.17	28.69	6	1.42	1	2.84	32.99	28.69	35.21	400.39	397.45	24.549	25.341	34.17	35.27	499.9	1499	73	70.3	-2.28	0.165	1.0	-0.22	2.74	1.00	0.00	0.16	111115
97	"12:42:18"	3636.0	0	2.2	0.0212	214	0.677	2.17	28.70	6	1.42	1	2.84	32.99	28.70	35.21	400.44	397.47	24.549	25.341	34.17	35.27	499.9	1499	73	70.3	-2.28	0.165	1.0	-0.22	2.74	1.00	0.00	0.16	111115
98	"12:42:18"	3636.5	0	2.28	0.0213	209	0.679	2.17	28.70	6	1.42	1	2.84	32.99	28.70	35.21	400.52	397.45	24.548	25.342	34.17	35.27	499.9	1499	73	70.3	-2.28	0.165	1.0	-0.22	2.74	1.00	0.00	0.16	111115
99	"12:42:19"	3637.0	0	2.29	0.0213	209	0.678	2.17	28.69	6	1.42	1	2.84	33.00	28.69	35.21	400.54	397.47	24.549	25.342	34.17	35.27	499.8	1499	73	70.3	-2.28	0.165	1.0	-0.22	2.74	1.00	0.00	0.16	111115
100	"12:42:19"	3637.5	0	2.26	0.0213	211	0.677	2.17	28.67	6	1.42	1	2.84	33.00	28.67	35.21	400.57	397.53	24.547	25.340	34.16	35.27	499.8	1499	73	70.3	-2.28	0.165	1.0	-0.22	2.74	1.00	0.00	0.16	111115
101	"12:42:20"	3638.0	0	2.23	0.0212	213	0.677	2.17	28.67	6	1.42	1	2.84	33.00	28.67	35.21	400.55	397.56	24.547	25.339	34.16	35.26	499.8	1499	74	70.3	-2.28	0.165	1.0	-0.22	2.74	1.00	0.00	0.16	111115
102	"12:42:20"	3638.5	0	2.27	0.0213	210	0.68	2.17	28.67	6	1.42	1	2.84	33.00	28.67	35.21	400.60	397.55	24.545	25.341	34.16	35.26	499.8	1499	74	70.3	-2.28	0.165	1.0	-0.22	2.74	1.00	0.00	0.16	111115
103	"12:42:21"	3639.0	0	2.25	0.0214	213	0.682	2.17	28.68	6	1.42	1	2.84	33.00	28.68	35.20	400.59	397.57	24.544	25.341	34.15	35.26	499.8	1499	74	70.3	-2.28	0.165	1.0	-0.22	2.74	1.00	0.00	0.16	111115
104	"12:42:21"	3639.5	0	2.26	0.0213	211	0.681	2.17	28.69	6	1.42	1	2.84	33.00	28.69	35.20	400.62	397.58	24.545	25.342	34.15	35.26	499.8	1499	73	70.3	-2.28	0.165	1.0	-0.22	2.74	1.00	0.00	0.16	111115
105	"12:42:22"	3640.0	0	2.27	0.0214	211	0.684	2.17	28.69	6	1.42	1	2.84	33.00	28.69	35.20	400.68	397.62	24.542	25.342	34.15	35.26	499.8	1499	74	70.3	-2.28	0.165	1.0	-0.22	2.74	1.00	0.00	0.16	111115
106	"12:42:22"	3640.5	0	2.27	0.0214	211	0.685	2.17	28.70	6	1.42	1	2.84	33.00	28.70	35.20	400.72	397.67	24.541	25.342	34.15	35.26	499.8	1499	74	70.3	-2.28	0.165	1.0	-0.22	2.74	1.00	0.00	0.16	111115
107	"12:42:23"	3641.0	0	2.3	0.0215	209	0.686	2.17	28.71	6	1.42	1	2.84	33.00	28.71	35.20	400.81	397.71	24.540	25.343	34.14	35.26	499.9	1499	74	70.3	-2.28	0.165	1.0	-0.22	2.74	1.00	0.00	0.16	111115
108	"12:42:23"	3641.5	0	2.36	0.0215	205	0.688	2.17	28.72	6	1.42	1	2.84	33.00	28.72	35.21	400.92	397.76	24.540	25.345	34.14	35.26	499.9	1499	74	70.3	-2.28	0.165	1.0	-0.22	2.74	1.00	0.00	0.16	111115
"12:43:09 Coolers: Tblock -> 40.00 C"
"12:43:43 Lamp: ParIn ->  1500 uml"
"12:43:43 CO2 Mixer: CO2R -> 400 uml"
"12:43:43 Coolers: Tblock -> 40.00 C"
"12:43:43 Flow: Fixed -> 500 umol/s"
