"OPEN 6.2.4"
"Fri Jun 26 2015 15:37:57"
<open><version>"6.2.4"</version></open>
<open><configfile>"/User/Configs/UserPrefs/2x3 LED.xml"</configfile></open>
<open><light><source>"6400-02 or -02B LED Source"</source><par_in>1<sensor>"SI-3781"<cal>-0.93<actinity>1.00</actinity><transm>1.00</transm></cal></sensor><transm>1</transm></par_in><par_out>1<sensor>"Q49599"<cal>7.26</cal></sensor></par_out></light></open>
<open><comps><file>"/User/Configs/Comps/StdComps_6.2"<header>""</header><extras></extras></file><energybal>no<f_parIn>1</f_parIn><f_parOut>0</f_parOut><alphaK>0.16</alphaK></energybal><bc_total>2.840<stomatal_ratio>1</stomatal_ratio><bc_oneside>1.420<type>2</type><table>"/Sys/Lib/StdBLCTable"</table><area>6</area><slope>-0.219565</slope><offset>2.73739</offset><fan>5</fan></bc_oneside></bc_total></comps></open>
<open><prompts><onlog>off</onlog><items>"Default (none)"</items></prompts></open>
<open><constants><oxygen>21 %</oxygen><bb_vapor>1.5</bb_vapor><bb_oxy>0.9</bb_oxy></constants></open>
<open><stability><items>"Std Stability"<items[1]><id>-2</id><size>15</size><pcv><onoff>0</onoff><value>1</value></pcv><std><onoff>0</onoff><value>1</value></std><slp><onoff>1</onoff><value>1</value></slp></items[1]><items[2]><id>-5</id><size>15</size><pcv><onoff>0</onoff><value>1</value></pcv><std><onoff>0</onoff><value>1</value></std><slp><onoff>1</onoff><value>1</value></slp></items[2]><items[3]><id>-7</id><size>15</size><pcv><onoff>0</onoff><value>1</value></pcv><std><onoff>0</onoff><value>1</value></std><slp><onoff>1</onoff><value>1</value></slp></items[3]></items></stability></open>
<open><log><format>"StdLogFmt_6.0"<items>{ -35 -21 -36 -76 30 23 36 21 25 221 -33 111 -34 11 -9 -10 -8 -1 -2 -4 -5 -14 -15 -7 -12 -13 -11 -65 -66 -72 -18 -19 -77 -78 -79 -23  }<hdr>{  }</hdr></items></format><options><beep>on</beep><hdr>normal</hdr><rem>normal</rem><stab>no</stab><stats>no<mean>no</mean><file>no</file><period>15</period></stats><excel>yes</excel><controls>yes</controls><comm>no</comm></options><datafile>"/User/stm-rpoga3"</datafile><button><action>"Normal Log"<code>" LogOneObsManual "</code></action></button><autoprog>"/User/Configs/AutoProgs/AutoLog2"<active>no</active></autoprog></log></open>
<open><a2d><avgtime>4.0 secs</avgtime><userchans><ch20>"Off"</ch20><ch21>"Off"</ch21><ch22>"Off"</ch22><ch23>"Off"</ch23></userchans></a2d></open>
<open><matching><type>0</type><disp>'a'</disp><settings><CO2Limit>10.0</CO2Limit><H2OLimit>1.0</H2OLimit><MaxAutoTime>60</MaxAutoTime></settings></matching></open>
<li6400><factory><unit>"PSC-3840"</unit><serviced>"1 Jul 2013"</serviced><fuseaware>0</fuseaware><co2mixer>yes</co2mixer><co2><coeffs>{ 0 0.213319 2.22998e-05 2.13159e-08 -3.88664e-12 3.69888e-16  }</coeffs><dvdt>-4.7</dvdt><xs>{ 0.0009 -0.0002  }</xs></co2><h2o><coeffs>{ 0 0.00572751 2.23485e-06 -7.37877e-12  }</coeffs><dvdt>-1.7</dvdt><xs>{ 0.0009 -0.0028  }</xs></h2o><flow>{ 0 0.3568  }</flow><press>{ 88.437 0.00551  }</press></factory></li6400>
<li6400><user><flow_zero>-468.8</flow_zero><irga_zero><co2>429.7 390.6<at>17.6901</at></co2><h2o>78.1 156.2<at>17.1607</at></h2o></irga_zero><irga_span><co2>{ 0.99237 0.992833  }</co2><h2o>{ 1.00426 0.996799  }</h2o></irga_span><irga_match><co2>{ 0.368307 0.368561  }</co2><h2o>{ 0.00477181 0.161958  }</h2o></irga_match><co2_mixer><pump_mv>4500</pump_mv><ppm>{ 2287.2 1080.71 423.89 257.488 117.195 68.0056 44.5242 37.9628  }</ppm><mv>{ 5000 3000 1500 1000 500 300 200 100  }</mv></co2_mixer><parin_offset>0</parin_offset><led_cal><unit>"SI-3781"</unit><mv>{ 10 25 50 100 1000 2000 3000 4000 5000  }</mv><qntm>{ 4.69642 15.4417 35.4805 82.2863 972.665 1922.29 2824.32 3690.14 4518.2  }</qntm></led_cal><lcf_cal><unit>"unknown"</unit><red><mv>{ 50 100 500 1000 1500 5000  }</mv><qntm>{ 50 100 500 1000 2000 5000  }</qntm></red><blue><mv>{ 100 200 500 1000 2000 5000  }</mv><qntm>{ 10 20 50 100 200 500  }</qntm></blue></lcf_cal></user></li6400>
"15:37:59 "
$STARTOFDATA$
"Obs"	"HHMMSS"	"FTime"	"EBal?"	"Photo"	"Cond"	"Ci"	"Trmmol"	"VpdL"	"CTleaf"	"Area"	"BLC_1"	"StmRat"	"BLCond"	"Tair"	"Tleaf"	"TBlk"	"CO2R"	"CO2S"	"H2OR"	"H2OS"	"RH_R"	"RH_S"	"Flow"	"PARi"	"PARo"	"Press"	"CsMch"	"HsMch"	"StableF"	"BLCslope"	"BLCoffst"	"f_parin"	"f_parout"	"alphaK"	"Status"
"15:38:05 CO2 Mixer: CO2R -> 400 uml"
"15:38:12 Coolers: Tblock -> 0.00 C"
"15:38:19 Lamp: ParIn ->  1500 uml"
"15:51:43 Coolers: Tblock -> 11.27 C"
"15:53:26 Flow: Fixed -> 500 umol/s"
1	"15:53:48"	966.5	0	9.39	0.133	259	2.64	1.49	18.09	6	1.42	1	2.84	14.01	18.09	11.36	399.20	386.70	4.942	8.081	22.55	36.87	499.8	1501	6	73.25	0.967	0.33	0.7	-0.22	2.74	1.00	0.00	0.16	111115
2	"15:53:49"	966.5	0	9.39	0.133	259	2.64	1.49	18.09	6	1.42	1	2.84	14.01	18.09	11.36	399.20	386.70	4.942	8.081	22.55	36.87	499.8	1501	6	73.25	0.967	0.33	0.7	-0.22	2.74	1.00	0.00	0.16	111115
3	"15:53:49"	967.0	0	9.39	0.133	259	2.64	1.49	18.09	6	1.42	1	2.84	14.01	18.09	11.36	399.21	386.71	4.942	8.081	22.55	36.87	499.8	1501	6	73.25	0.967	0.33	0.7	-0.22	2.74	1.00	0.00	0.16	111115
4	"15:53:50"	967.5	0	9.39	0.133	259	2.64	1.49	18.08	6	1.42	1	2.84	14.01	18.08	11.36	399.23	386.73	4.942	8.081	22.55	36.87	499.8	1501	6	73.25	0.967	0.33	0.7	-0.22	2.74	1.00	0.00	0.16	111115
5	"15:53:50"	968.0	0	9.4	0.133	259	2.64	1.49	18.08	6	1.42	1	2.84	14.01	18.08	11.36	399.26	386.75	4.942	8.082	22.55	36.87	499.8	1501	6	73.25	0.967	0.33	0.7	-0.22	2.74	1.00	0.00	0.16	111115
6	"15:53:51"	968.5	0	9.43	0.133	258	2.64	1.49	18.08	6	1.42	1	2.84	14.01	18.08	11.36	399.30	386.76	4.942	8.082	22.55	36.88	499.8	1501	6	73.25	0.967	0.33	0.7	-0.22	2.74	1.00	0.00	0.16	111115
7	"15:53:51"	969.0	0	9.48	0.133	258	2.64	1.49	18.08	6	1.42	1	2.84	14.01	18.08	11.36	399.36	386.76	4.942	8.082	22.55	36.88	499.8	1501	6	73.25	0.967	0.33	0.7	-0.22	2.74	1.00	0.00	0.16	111115
8	"15:53:52"	969.5	0	9.51	0.133	257	2.64	1.49	18.08	6	1.42	1	2.84	14.01	18.08	11.36	399.40	386.76	4.942	8.081	22.55	36.88	499.8	1501	6	73.25	0.967	0.33	1.0	-0.22	2.74	1.00	0.00	0.16	111115
9	"15:53:52"	970.0	0	9.55	0.133	257	2.64	1.49	18.08	6	1.42	1	2.84	14.01	18.08	11.36	399.46	386.77	4.942	8.080	22.55	36.87	499.8	1501	6	73.25	0.967	0.33	1.0	-0.22	2.74	1.00	0.00	0.16	111115
10	"15:54:06"	984.0	0	9.29	0.133	260	2.64	1.49	18.10	6	1.42	1	2.84	14.00	18.10	11.36	399.33	386.95	4.939	8.077	22.55	36.87	499.8	1501	6	73.25	0.967	0.33	1.0	-0.22	2.74	1.00	0.00	0.16	111115
11	"15:54:06"	984.5	0	9.31	0.133	260	2.64	1.49	18.10	6	1.42	1	2.84	14.00	18.10	11.36	399.35	386.95	4.938	8.076	22.55	36.88	499.8	1501	6	73.25	0.967	0.33	1.0	-0.22	2.74	1.00	0.00	0.16	111115
12	"15:54:07"	984.5	0	9.31	0.133	260	2.64	1.49	18.10	6	1.42	1	2.84	14.00	18.10	11.36	399.35	386.95	4.938	8.076	22.55	36.88	499.8	1501	6	73.25	0.967	0.33	1.0	-0.22	2.74	1.00	0.00	0.16	111115
13	"15:54:07"	985.0	0	9.33	0.133	260	2.64	1.49	18.10	6	1.42	1	2.84	14.00	18.10	11.36	399.37	386.95	4.938	8.077	22.54	36.88	499.8	1501	6	73.25	0.967	0.33	1.0	-0.22	2.74	1.00	0.00	0.16	111115
14	"15:54:08"	985.5	0	9.34	0.133	259	2.64	1.49	18.10	6	1.42	1	2.84	14.00	18.10	11.36	399.36	386.93	4.938	8.077	22.54	36.88	499.8	1501	6	73.25	0.967	0.33	1.0	-0.22	2.74	1.00	0.00	0.16	111115
15	"15:54:08"	986.0	0	9.34	0.133	259	2.64	1.49	18.11	6	1.42	1	2.84	14.00	18.11	11.36	399.35	386.91	4.938	8.077	22.54	36.88	499.8	1501	6	73.25	0.967	0.33	1.0	-0.22	2.74	1.00	0.00	0.16	111115
16	"15:54:29"	1007.5	0	9.38	0.133	259	2.64	1.49	18.10	6	1.42	1	2.84	14.00	18.10	11.37	399.31	386.82	4.932	8.074	22.51	36.85	499.9	1501	6	73.25	0.967	0.33	1.0	-0.22	2.74	1.00	0.00	0.16	111115
17	"15:54:30"	1007.5	0	9.38	0.133	259	2.64	1.49	18.10	6	1.42	1	2.84	14.00	18.10	11.37	399.31	386.82	4.932	8.074	22.51	36.85	499.9	1501	6	73.25	0.967	0.33	1.0	-0.22	2.74	1.00	0.00	0.16	111115
18	"15:54:30"	1008.0	0	9.35	0.133	259	2.64	1.49	18.10	6	1.42	1	2.84	14.00	18.10	11.37	399.27	386.82	4.932	8.073	22.51	36.85	499.9	1501	6	73.25	0.967	0.33	1.0	-0.22	2.74	1.00	0.00	0.16	111115
19	"15:54:31"	1008.5	0	9.34	0.133	259	2.64	1.49	18.09	6	1.42	1	2.84	14.00	18.09	11.37	399.23	386.79	4.931	8.074	22.51	36.85	499.8	1501	6	73.25	0.967	0.33	1.0	-0.22	2.74	1.00	0.00	0.16	111115
20	"15:54:31"	1009.0	0	9.33	0.133	260	2.64	1.49	18.10	6	1.42	1	2.84	14.00	18.10	11.37	399.25	386.83	4.931	8.074	22.51	36.86	499.8	1501	6	73.25	0.967	0.33	1.0	-0.22	2.74	1.00	0.00	0.16	111115
21	"15:54:32"	1009.5	0	9.35	0.133	259	2.64	1.49	18.10	6	1.42	1	2.84	14.00	18.10	11.37	399.27	386.82	4.931	8.074	22.51	36.85	499.8	1501	6	73.25	0.967	0.33	1.0	-0.22	2.74	1.00	0.00	0.16	111115
22	"15:54:32"	1010.0	0	9.4	0.133	259	2.64	1.49	18.10	6	1.42	1	2.84	14.00	18.10	11.37	399.33	386.83	4.931	8.074	22.51	36.85	499.8	1501	6	73.25	0.967	0.33	1.0	-0.22	2.74	1.00	0.00	0.16	111115
23	"15:54:33"	1010.5	0	9.46	0.133	258	2.64	1.49	18.11	6	1.42	1	2.84	14.00	18.11	11.37	399.41	386.83	4.931	8.076	22.51	36.86	499.8	1501	6	73.25	0.967	0.33	1.0	-0.22	2.74	1.00	0.00	0.16	111115
24	"15:54:33"	1011.0	0	9.5	0.133	257	2.64	1.49	18.12	6	1.42	1	2.84	14.00	18.12	11.37	399.44	386.81	4.931	8.076	22.51	36.86	499.8	1501	6	73.25	0.967	0.33	1.0	-0.22	2.74	1.00	0.00	0.16	111115
25	"15:54:34"	1011.5	0	9.5	0.133	257	2.64	1.49	18.11	6	1.42	1	2.84	14.01	18.11	11.37	399.44	386.81	4.932	8.076	22.51	36.86	499.8	1501	6	73.25	0.967	0.33	1.0	-0.22	2.74	1.00	0.00	0.16	111115
26	"15:54:34"	1012.0	0	9.5	0.133	257	2.64	1.49	18.10	6	1.42	1	2.84	14.01	18.10	11.38	399.44	386.80	4.932	8.076	22.51	36.86	499.8	1501	6	73.25	0.967	0.33	1.0	-0.22	2.74	1.00	0.00	0.16	111115
27	"15:54:35"	1012.5	0	9.49	0.133	258	2.64	1.49	18.09	6	1.42	1	2.84	14.01	18.09	11.38	399.44	386.82	4.932	8.075	22.51	36.86	499.8	1501	6	73.25	0.967	0.33	1.0	-0.22	2.74	1.00	0.00	0.16	111115
28	"15:54:35"	1013.0	0	9.52	0.133	257	2.64	1.49	18.08	6	1.42	1	2.84	14.01	18.08	11.38	399.45	386.79	4.932	8.075	22.51	36.85	499.8	1502	6	73.25	0.967	0.33	1.0	-0.22	2.74	1.00	0.00	0.16	111115
29	"15:54:36"	1013.5	0	9.51	0.134	258	2.64	1.49	18.07	6	1.42	1	2.84	14.01	18.07	11.38	399.45	386.81	4.932	8.076	22.51	36.86	499.8	1501	6	73.25	0.967	0.33	1.0	-0.22	2.74	1.00	0.00	0.16	111115
30	"15:54:36"	1014.0	0	9.49	0.134	258	2.64	1.49	18.05	6	1.42	1	2.84	14.01	18.05	11.38	399.42	386.80	4.932	8.075	22.51	36.85	499.9	1501	6	73.25	0.967	0.33	1.0	-0.22	2.74	1.00	0.00	0.16	111115
"15:54:49 Coolers: Tblock -> 16.00 C"
"15:57:26 Flow: Fixed -> 500 umol/s"
31	"15:58:09"	1227.5	0	9.52	0.132	255	2.89	1.65	20.20	6	1.42	1	2.84	17.66	20.20	16.04	399.87	387.10	6.504	9.940	23.50	35.92	499.8	1499	6	73.25	0.753	0.31	1.0	-0.22	2.74	1.00	0.00	0.16	111115
32	"15:58:10"	1228.0	0	9.58	0.132	254	2.89	1.65	20.20	6	1.42	1	2.84	17.66	20.20	16.04	399.91	387.07	6.502	9.942	23.50	35.93	499.8	1499	6	73.25	0.753	0.31	1.0	-0.22	2.74	1.00	0.00	0.16	111115
33	"15:58:10"	1228.0	0	9.58	0.132	254	2.89	1.65	20.20	6	1.42	1	2.84	17.66	20.20	16.04	399.91	387.07	6.502	9.942	23.50	35.93	499.8	1499	6	73.25	0.753	0.31	1.0	-0.22	2.74	1.00	0.00	0.16	111115
34	"15:58:11"	1228.5	0	9.58	0.132	254	2.89	1.65	20.20	6	1.42	1	2.84	17.66	20.20	16.04	399.91	387.06	6.502	9.943	23.50	35.93	499.7	1499	6	73.25	0.753	0.31	1.0	-0.22	2.74	1.00	0.00	0.16	111115
35	"15:58:11"	1229.0	0	9.58	0.132	254	2.9	1.65	20.20	6	1.42	1	2.84	17.66	20.20	16.04	399.90	387.05	6.502	9.943	23.49	35.93	499.8	1499	6	73.25	0.753	0.31	1.0	-0.22	2.74	1.00	0.00	0.16	111115
36	"15:58:12"	1229.5	0	9.54	0.132	255	2.9	1.65	20.21	6	1.42	1	2.84	17.66	20.21	16.04	399.89	387.09	6.501	9.943	23.49	35.93	499.8	1499	6	73.25	0.753	0.31	1.0	-0.22	2.74	1.00	0.00	0.16	111115
37	"15:58:12"	1230.0	0	9.54	0.132	255	2.9	1.65	20.21	6	1.42	1	2.84	17.66	20.21	16.04	399.90	387.10	6.501	9.945	23.49	35.93	499.8	1499	6	73.25	0.753	0.31	1.0	-0.22	2.74	1.00	0.00	0.16	111115
38	"15:58:13"	1230.5	0	9.56	0.132	255	2.9	1.65	20.20	6	1.42	1	2.84	17.66	20.20	16.04	399.95	387.12	6.501	9.947	23.49	35.93	499.8	1499	6	73.25	0.753	0.31	1.0	-0.22	2.74	1.00	0.00	0.16	111115
39	"15:58:13"	1231.0	0	9.58	0.132	255	2.9	1.65	20.20	6	1.42	1	2.84	17.66	20.20	16.04	399.95	387.11	6.501	9.948	23.48	35.93	499.8	1499	6	73.25	0.753	0.31	1.0	-0.22	2.74	1.00	0.00	0.16	111115
40	"15:58:14"	1231.5	0	9.61	0.132	254	2.9	1.65	20.20	6	1.42	1	2.84	17.66	20.20	16.04	399.98	387.09	6.500	9.949	23.48	35.94	499.8	1499	6	73.25	0.753	0.31	1.0	-0.22	2.74	1.00	0.00	0.16	111115
41	"15:58:14"	1232.0	0	9.58	0.132	255	2.9	1.65	20.21	6	1.42	1	2.84	17.66	20.21	16.04	399.96	387.11	6.501	9.948	23.48	35.93	499.9	1499	6	73.25	0.753	0.31	1.0	-0.22	2.74	1.00	0.00	0.16	111115
42	"15:58:15"	1232.5	0	9.59	0.132	254	2.9	1.65	20.22	6	1.42	1	2.84	17.67	20.22	16.04	399.99	387.13	6.502	9.950	23.48	35.94	499.9	1499	6	73.25	0.753	0.31	1.0	-0.22	2.74	1.00	0.00	0.16	111115
43	"15:58:15"	1233.0	0	9.58	0.132	255	2.9	1.65	20.22	6	1.42	1	2.84	17.67	20.22	16.04	400.02	387.17	6.501	9.952	23.48	35.94	499.9	1499	6	73.25	0.753	0.31	1.0	-0.22	2.74	1.00	0.00	0.16	111115
44	"15:58:16"	1233.5	0	9.59	0.132	255	2.91	1.65	20.22	6	1.42	1	2.84	17.67	20.22	16.04	400.01	387.15	6.502	9.954	23.48	35.94	499.9	1499	6	73.25	0.753	0.31	1.0	-0.22	2.74	1.00	0.00	0.16	111115
45	"15:58:16"	1234.0	0	9.6	0.132	255	2.91	1.65	20.22	6	1.42	1	2.84	17.67	20.22	16.04	400.03	387.15	6.502	9.954	23.48	35.94	499.9	1499	6	73.25	0.753	0.31	1.0	-0.22	2.74	1.00	0.00	0.16	111115
"15:58:25 Coolers: Tblock -> 21.00 C"
"16:01:26 Flow: Fixed -> 500 umol/s"
46	"16:01:56"	1454.5	0	9.94	0.138	252	3.52	1.92	23.19	6	1.42	1	2.84	21.91	23.19	21.12	399.29	385.73	8.595	12.772	23.85	35.44	499.8	1500	9	73.25	0.704	0.287	1.0	-0.22	2.74	1.00	0.00	0.16	111115
47	"16:01:57"	1455.0	0	9.93	0.138	252	3.53	1.92	23.19	6	1.42	1	2.84	21.91	23.19	21.12	399.28	385.74	8.594	12.773	23.85	35.45	499.9	1500	9	73.25	0.704	0.287	1.0	-0.22	2.74	1.00	0.00	0.16	111115
48	"16:01:57"	1455.0	0	9.93	0.138	252	3.53	1.92	23.19	6	1.42	1	2.84	21.91	23.19	21.12	399.28	385.74	8.594	12.773	23.85	35.45	499.9	1500	9	73.25	0.704	0.287	1.0	-0.22	2.74	1.00	0.00	0.16	111115
49	"16:01:58"	1455.5	0	9.92	0.138	252	3.53	1.92	23.20	6	1.42	1	2.84	21.91	23.20	21.12	399.28	385.74	8.594	12.774	23.85	35.45	499.9	1500	10	73.25	0.704	0.287	1.0	-0.22	2.74	1.00	0.00	0.16	111115
50	"16:01:58"	1456.0	0	9.9	0.138	252	3.53	1.92	23.20	6	1.42	1	2.84	21.92	23.20	21.12	399.27	385.75	8.594	12.774	23.85	35.44	499.9	1500	10	73.25	0.704	0.287	1.0	-0.22	2.74	1.00	0.00	0.16	111115
51	"16:01:59"	1456.5	0	9.85	0.138	253	3.53	1.92	23.20	6	1.42	1	2.84	21.92	23.20	21.12	399.24	385.79	8.594	12.775	23.85	35.44	499.9	1500	10	73.25	0.704	0.287	1.0	-0.22	2.74	1.00	0.00	0.16	111115
52	"16:01:59"	1457.0	0	9.83	0.138	253	3.53	1.92	23.20	6	1.42	1	2.84	21.92	23.20	21.12	399.23	385.79	8.594	12.777	23.84	35.45	499.9	1500	10	73.25	0.704	0.287	1.0	-0.22	2.74	1.00	0.00	0.16	111115
53	"16:02:00"	1457.5	0	9.81	0.138	253	3.53	1.92	23.20	6	1.42	1	2.84	21.92	23.20	21.12	399.22	385.81	8.594	12.778	23.84	35.45	499.9	1500	10	73.25	0.704	0.287	1.0	-0.22	2.74	1.00	0.00	0.16	111115
54	"16:02:00"	1458.0	0	9.79	0.138	254	3.53	1.92	23.21	6	1.42	1	2.84	21.92	23.21	21.12	399.20	385.81	8.594	12.779	23.84	35.45	499.9	1500	10	73.25	0.704	0.287	1.0	-0.22	2.74	1.00	0.00	0.16	111115
55	"16:02:01"	1458.5	0	9.78	0.138	254	3.53	1.92	23.21	6	1.42	1	2.84	21.92	23.21	21.12	399.22	385.84	8.594	12.782	23.84	35.45	499.9	1500	10	73.25	0.704	0.287	1.0	-0.22	2.74	1.00	0.00	0.16	111115
56	"16:02:01"	1459.0	0	9.8	0.138	254	3.54	1.92	23.21	6	1.42	1	2.84	21.92	23.21	21.12	399.26	385.86	8.594	12.783	23.84	35.46	499.9	1500	10	73.25	0.704	0.287	1.0	-0.22	2.74	1.00	0.00	0.16	111115
57	"16:02:02"	1459.5	0	9.8	0.138	254	3.54	1.92	23.21	6	1.42	1	2.84	21.92	23.21	21.12	399.29	385.89	8.595	12.784	23.84	35.45	499.9	1500	10	73.25	0.704	0.287	1.0	-0.22	2.74	1.00	0.00	0.16	111115
58	"16:02:02"	1460.0	0	9.85	0.138	253	3.54	1.92	23.21	6	1.42	1	2.84	21.93	23.21	21.12	399.32	385.86	8.595	12.786	23.84	35.46	499.9	1500	10	73.25	0.704	0.287	1.0	-0.22	2.74	1.00	0.00	0.16	111115
59	"16:02:03"	1460.5	0	9.91	0.138	252	3.54	1.92	23.22	6	1.42	1	2.84	21.93	23.22	21.12	399.34	385.81	8.594	12.787	23.83	35.46	499.9	1500	10	73.25	0.704	0.287	1.0	-0.22	2.74	1.00	0.00	0.16	111115
60	"16:02:03"	1461.0	0	9.91	0.138	252	3.54	1.92	23.22	6	1.42	1	2.84	21.93	23.22	21.12	399.34	385.81	8.595	12.787	23.83	35.46	499.9	1500	10	73.25	0.704	0.287	1.0	-0.22	2.74	1.00	0.00	0.16	111115
"16:02:08 Coolers: Tblock -> 26.00 C"
"16:04:00 Flow: Fixed -> 500 umol/s"
61	"16:05:51"	1689.5	0	10.1	0.128	240	3.77	2.18	26.20	6	1.42	1	2.84	26.10	26.20	26.00	399.71	385.90	12.399	16.842	26.76	36.35	500.0	1500	11	73.25	0.574	0.249	1.0	-0.22	2.74	1.00	0.00	0.16	111115
62	"16:05:52"	1689.5	0	10.1	0.128	240	3.77	2.18	26.20	6	1.42	1	2.84	26.10	26.20	26.00	399.71	385.90	12.399	16.842	26.76	36.35	500.0	1500	11	73.25	0.574	0.249	1.0	-0.22	2.74	1.00	0.00	0.16	111115
63	"16:05:52"	1690.0	0	10	0.128	240	3.77	2.18	26.21	6	1.42	1	2.84	26.10	26.21	26.00	399.69	385.90	12.397	16.842	26.76	36.35	499.9	1500	11	73.25	0.574	0.249	1.0	-0.22	2.74	1.00	0.00	0.16	111115
64	"16:05:53"	1690.5	0	9.99	0.128	241	3.77	2.18	26.21	6	1.42	1	2.84	26.10	26.21	26.00	399.65	385.91	12.395	16.842	26.75	36.34	499.9	1500	11	73.25	0.574	0.249	1.0	-0.22	2.74	1.00	0.00	0.16	111115
65	"16:05:53"	1691.0	0	10	0.128	241	3.77	2.18	26.21	6	1.42	1	2.84	26.10	26.21	26.00	399.65	385.90	12.394	16.841	26.74	36.34	499.9	1500	11	73.25	0.574	0.249	1.0	-0.22	2.74	1.00	0.00	0.16	111115
66	"16:05:54"	1691.5	0	10	0.128	240	3.77	2.18	26.21	6	1.42	1	2.84	26.10	26.21	26.00	399.66	385.87	12.393	16.841	26.74	36.34	499.9	1500	11	73.25	0.574	0.249	1.0	-0.22	2.74	1.00	0.00	0.16	111115
67	"16:05:54"	1692.0	0	10.1	0.128	240	3.77	2.18	26.21	6	1.42	1	2.84	26.10	26.21	26.00	399.68	385.84	12.391	16.840	26.73	36.33	499.8	1500	11	73.25	0.574	0.249	1.0	-0.22	2.74	1.00	0.00	0.16	111115
68	"16:05:55"	1692.5	0	10.1	0.128	239	3.77	2.18	26.21	6	1.42	1	2.84	26.10	26.21	26.00	399.72	385.85	12.389	16.839	26.73	36.33	499.8	1500	11	73.25	0.574	0.249	1.0	-0.22	2.74	1.00	0.00	0.16	111115
69	"16:05:55"	1693.0	0	10.1	0.128	239	3.77	2.18	26.22	6	1.42	1	2.84	26.11	26.22	26.00	399.71	385.84	12.387	16.839	26.72	36.33	499.8	1500	11	73.25	0.574	0.249	1.0	-0.22	2.74	1.00	0.00	0.16	111115
70	"16:05:56"	1693.5	0	10.1	0.128	240	3.77	2.18	26.22	6	1.42	1	2.84	26.11	26.22	26.00	399.70	385.86	12.386	16.836	26.72	36.32	499.8	1500	11	73.25	0.574	0.249	1.0	-0.22	2.74	1.00	0.00	0.16	111115
71	"16:05:56"	1694.0	0	10.1	0.128	239	3.77	2.19	26.22	6	1.42	1	2.84	26.11	26.22	26.00	399.74	385.86	12.385	16.836	26.72	36.31	499.8	1500	11	73.25	0.574	0.249	1.0	-0.22	2.74	1.00	0.00	0.16	111115
72	"16:05:57"	1694.5	0	10.1	0.128	239	3.77	2.19	26.22	6	1.42	1	2.84	26.11	26.22	26.00	399.74	385.86	12.384	16.836	26.71	36.31	499.8	1500	11	73.25	0.574	0.249	1.0	-0.22	2.74	1.00	0.00	0.16	111115
73	"16:05:57"	1695.0	0	10.1	0.128	240	3.77	2.19	26.22	6	1.42	1	2.84	26.11	26.22	26.00	399.78	385.92	12.383	16.836	26.71	36.31	499.8	1500	11	73.25	0.574	0.249	1.0	-0.22	2.74	1.00	0.00	0.16	111115
74	"16:05:58"	1695.5	0	10.1	0.128	239	3.77	2.19	26.23	6	1.42	1	2.84	26.11	26.23	26.00	399.81	385.94	12.382	16.835	26.70	36.30	499.8	1500	11	73.25	0.574	0.249	1.0	-0.22	2.74	1.00	0.00	0.16	111115
75	"16:05:58"	1696.0	0	10.1	0.128	239	3.77	2.19	26.23	6	1.42	1	2.84	26.11	26.23	26.00	399.86	385.94	12.382	16.836	26.70	36.30	499.8	1500	11	73.25	0.574	0.249	1.0	-0.22	2.74	1.00	0.00	0.16	111115
"16:06:05 Coolers: Tblock -> 31.00 C"
"16:08:54 Flow: Fixed -> 500 umol/s"
76	"16:09:18"	1896.0	0	9.28	0.111	232	3.84	2.54	29.19	6	1.42	1	2.84	30.40	29.19	31.08	401.29	388.36	16.371	20.882	27.51	35.09	499.9	1501	11	73.24	1.12	0.218	1.0	-0.22	2.74	1.00	0.00	0.16	111115
77	"16:09:19"	1896.0	0	9.28	0.111	232	3.84	2.54	29.19	6	1.42	1	2.84	30.40	29.19	31.08	401.29	388.36	16.371	20.882	27.51	35.09	499.9	1501	11	73.24	1.12	0.218	1.0	-0.22	2.74	1.00	0.00	0.16	111115
78	"16:09:19"	1896.5	0	9.32	0.111	231	3.84	2.54	29.19	6	1.42	1	2.84	30.40	29.19	31.08	401.35	388.38	16.371	20.882	27.51	35.09	499.9	1501	11	73.24	1.12	0.218	1.0	-0.22	2.74	1.00	0.00	0.16	111115
79	"16:09:20"	1897.0	0	9.35	0.111	231	3.84	2.54	29.19	6	1.42	1	2.84	30.40	29.19	31.08	401.41	388.40	16.369	20.883	27.50	35.09	499.8	1501	11	73.24	1.12	0.218	1.0	-0.22	2.74	1.00	0.00	0.16	111115
80	"16:09:20"	1897.5	0	9.34	0.111	231	3.84	2.54	29.19	6	1.42	1	2.84	30.40	29.19	31.08	401.44	388.43	16.368	20.883	27.50	35.09	499.8	1501	11	73.24	1.12	0.218	1.0	-0.22	2.74	1.00	0.00	0.16	111115
81	"16:09:21"	1898.0	0	9.38	0.111	231	3.84	2.54	29.19	6	1.42	1	2.84	30.40	29.19	31.08	401.47	388.42	16.367	20.881	27.50	35.08	499.8	1501	11	73.24	1.12	0.218	1.0	-0.22	2.74	1.00	0.00	0.16	111115
82	"16:09:21"	1898.5	0	9.4	0.111	230	3.84	2.54	29.19	6	1.42	1	2.84	30.40	29.19	31.08	401.50	388.42	16.366	20.881	27.49	35.08	499.8	1501	11	73.24	1.12	0.218	1.0	-0.22	2.74	1.00	0.00	0.16	111115
83	"16:09:22"	1899.0	0	9.43	0.111	230	3.84	2.54	29.20	6	1.42	1	2.84	30.40	29.20	31.08	401.51	388.40	16.363	20.880	27.49	35.07	499.8	1502	11	73.24	1.12	0.218	1.0	-0.22	2.74	1.00	0.00	0.16	111115
84	"16:09:22"	1899.5	0	9.42	0.111	230	3.84	2.54	29.20	6	1.42	1	2.84	30.41	29.20	31.08	401.48	388.38	16.363	20.881	27.48	35.07	499.7	1501	11	73.24	1.12	0.218	1.0	-0.22	2.74	1.00	0.00	0.16	111115
85	"16:09:23"	1900.0	0	9.41	0.111	230	3.84	2.54	29.21	6	1.42	1	2.84	30.41	29.21	31.08	401.48	388.38	16.362	20.880	27.48	35.07	499.8	1501	11	73.24	1.12	0.218	1.0	-0.22	2.74	1.00	0.00	0.16	111115
86	"16:09:23"	1900.5	0	9.4	0.111	230	3.84	2.54	29.21	6	1.42	1	2.84	30.41	29.21	31.08	401.45	388.37	16.361	20.879	27.47	35.06	499.8	1502	11	73.24	1.12	0.218	1.0	-0.22	2.74	1.00	0.00	0.16	111115
87	"16:09:24"	1901.0	0	9.38	0.111	230	3.84	2.54	29.21	6	1.42	1	2.84	30.41	29.21	31.08	401.45	388.40	16.362	20.878	27.47	35.06	499.8	1502	11	73.24	1.12	0.218	1.0	-0.22	2.74	1.00	0.00	0.16	111115
88	"16:09:24"	1901.5	0	9.41	0.111	230	3.84	2.54	29.21	6	1.42	1	2.84	30.41	29.21	31.08	401.47	388.38	16.360	20.877	27.47	35.05	499.8	1502	11	73.24	1.12	0.218	1.0	-0.22	2.74	1.00	0.00	0.16	111115
89	"16:09:25"	1902.0	0	9.37	0.111	230	3.84	2.54	29.22	6	1.42	1	2.84	30.41	29.22	31.08	401.47	388.43	16.360	20.877	27.47	35.05	499.8	1501	11	73.24	1.12	0.218	1.0	-0.22	2.74	1.00	0.00	0.16	111115
90	"16:09:25"	1902.5	0	9.42	0.11	230	3.84	2.55	29.22	6	1.42	1	2.84	30.41	29.22	31.08	401.51	388.41	16.359	20.876	27.46	35.04	499.8	1501	11	73.24	1.12	0.218	1.0	-0.22	2.74	1.00	0.00	0.16	111115
"16:09:32 Coolers: Tblock -> 36.00 C"
"16:12:22 Flow: Fixed -> 500 umol/s"
91	"16:12:55"	2113.0	0	8.66	0.0944	218	3.69	2.82	31.95	6	1.42	1	2.84	34.52	31.95	35.97	400.55	388.43	22.113	26.427	29.46	35.21	499.8	1499	12	73.25	1.14	0.148	1.0	-0.22	2.74	1.00	0.00	0.16	111115
92	"16:12:55"	2113.0	0	8.66	0.0944	218	3.69	2.82	31.95	6	1.42	1	2.84	34.52	31.95	35.97	400.55	388.43	22.113	26.427	29.46	35.21	499.8	1499	12	73.25	1.14	0.148	1.0	-0.22	2.74	1.00	0.00	0.16	111115
93	"16:12:55"	2113.5	0	8.64	0.0943	218	3.69	2.83	31.95	6	1.42	1	2.84	34.52	31.95	35.97	400.53	388.44	22.113	26.426	29.46	35.20	499.8	1499	12	73.25	1.14	0.148	1.0	-0.22	2.74	1.00	0.00	0.16	111115
94	"16:12:56"	2114.0	0	8.63	0.0944	218	3.69	2.82	31.94	6	1.42	1	2.84	34.52	31.94	35.97	400.53	388.44	22.114	26.427	29.45	35.20	499.8	1499	12	73.25	1.14	0.148	1.0	-0.22	2.74	1.00	0.00	0.16	111115
95	"16:12:56"	2114.5	0	8.66	0.0944	218	3.69	2.82	31.94	6	1.42	1	2.84	34.52	31.94	35.97	400.55	388.44	22.113	26.427	29.45	35.20	499.8	1499	12	73.25	1.14	0.148	1.0	-0.22	2.74	1.00	0.00	0.16	111115
96	"16:12:57"	2115.0	0	8.66	0.0944	218	3.69	2.82	31.94	6	1.42	1	2.84	34.52	31.94	35.97	400.55	388.43	22.113	26.425	29.45	35.19	499.8	1499	12	73.25	1.14	0.148	1.0	-0.22	2.74	1.00	0.00	0.16	111115
97	"16:12:57"	2115.5	0	8.62	0.0944	219	3.69	2.82	31.95	6	1.42	1	2.84	34.52	31.95	35.97	400.51	388.44	22.112	26.425	29.45	35.19	499.8	1499	12	73.25	1.14	0.148	1.0	-0.22	2.74	1.00	0.00	0.16	111115
98	"16:12:58"	2116.0	0	8.62	0.0944	219	3.69	2.83	31.95	6	1.42	1	2.84	34.52	31.95	35.97	400.51	388.44	22.111	26.426	29.44	35.19	499.9	1499	12	73.25	1.14	0.148	1.0	-0.22	2.74	1.00	0.00	0.16	111115
99	"16:12:58"	2116.5	0	8.63	0.0943	218	3.69	2.83	31.95	6	1.42	1	2.84	34.53	31.95	35.97	400.50	388.43	22.112	26.424	29.44	35.18	499.9	1499	12	73.25	1.14	0.148	1.0	-0.22	2.74	1.00	0.00	0.16	111115
100	"16:12:59"	2117.5	0	8.64	0.0943	218	3.69	2.83	31.95	6	1.42	1	2.84	34.53	31.95	35.97	400.53	388.44	22.111	26.424	29.43	35.18	499.9	1499	12	73.25	1.14	0.148	1.0	-0.22	2.74	1.00	0.00	0.16	111115
101	"16:13:00"	2118.5	0	8.63	0.0942	218	3.69	2.83	31.97	6	1.42	1	2.84	34.53	31.97	35.97	400.56	388.49	22.109	26.423	29.43	35.17	499.9	1499	12	73.25	1.14	0.148	1.0	-0.22	2.74	1.00	0.00	0.16	111115
102	"16:13:01"	2119.0	0	8.63	0.0942	218	3.69	2.83	31.97	6	1.42	1	2.84	34.53	31.97	35.97	400.57	388.49	22.107	26.422	29.42	35.17	499.9	1499	12	73.25	1.14	0.148	1.0	-0.22	2.74	1.00	0.00	0.16	111115
103	"16:13:01"	2119.0	0	8.63	0.0942	218	3.69	2.83	31.97	6	1.42	1	2.84	34.53	31.97	35.97	400.57	388.49	22.107	26.422	29.42	35.17	499.9	1499	12	73.25	1.14	0.148	1.0	-0.22	2.74	1.00	0.00	0.16	111115
104	"16:13:02"	2119.5	0	8.66	0.0942	218	3.69	2.83	31.97	6	1.42	1	2.84	34.53	31.97	35.97	400.58	388.47	22.105	26.420	29.42	35.16	499.9	1499	12	73.25	1.14	0.148	1.0	-0.22	2.74	1.00	0.00	0.16	111115
105	"16:13:02"	2120.0	0	8.65	0.0941	218	3.69	2.83	31.97	6	1.42	1	2.84	34.53	31.97	35.97	400.60	388.50	22.104	26.419	29.42	35.16	499.9	1499	12	73.25	1.14	0.148	1.0	-0.22	2.74	1.00	0.00	0.16	111115
"16:13:07 Coolers: Tblock -> 41.00 C"
