"OPEN 6.2.4"
"Wed Jul  1 2015 12:39:46"
<open><version>"6.2.4"</version></open>
<open><configfile>"/User/Configs/UserPrefs/2x3 LED.xml"</configfile></open>
<open><light><source>"6400-02 or -02B LED Source"</source><par_in>1<sensor>"SI-3781"<cal>-0.93<actinity>1.00</actinity><transm>1.00</transm></cal></sensor><transm>1</transm></par_in><par_out>1<sensor>"Q49599"<cal>7.26</cal></sensor></par_out></light></open>
<open><comps><file>"/User/Configs/Comps/StdComps_6.2"<header>""</header><extras></extras></file><energybal>no<f_parIn>1</f_parIn><f_parOut>0</f_parOut><alphaK>0.16</alphaK></energybal><bc_total>2.840<stomatal_ratio>1</stomatal_ratio><bc_oneside>1.420<type>2</type><table>"/Sys/Lib/StdBLCTable"</table><area>6</area><slope>-0.219565</slope><offset>2.73739</offset><fan>5</fan></bc_oneside></bc_total></comps></open>
<open><prompts><onlog>off</onlog><items>"Default (none)"</items></prompts></open>
<open><constants><oxygen>21 %</oxygen><bb_vapor>1.5</bb_vapor><bb_oxy>0.9</bb_oxy></constants></open>
<open><stability><items>"Std Stability"<items[1]><id>-2</id><size>15</size><pcv><onoff>0</onoff><value>1</value></pcv><std><onoff>0</onoff><value>1</value></std><slp><onoff>1</onoff><value>1</value></slp></items[1]><items[2]><id>-5</id><size>15</size><pcv><onoff>0</onoff><value>1</value></pcv><std><onoff>0</onoff><value>1</value></std><slp><onoff>1</onoff><value>1</value></slp></items[2]><items[3]><id>-7</id><size>15</size><pcv><onoff>0</onoff><value>1</value></pcv><std><onoff>0</onoff><value>1</value></std><slp><onoff>1</onoff><value>1</value></slp></items[3]></items></stability></open>
<open><log><format>"StdLogFmt_6.0"<items>{ -35 -21 -36 -76 30 23 36 21 25 221 -33 111 -34 11 -9 -10 -8 -1 -2 -4 -5 -14 -15 -7 -12 -13 -11 -65 -66 -72 -18 -19 -77 -78 -79 -23  }<hdr>{  }</hdr></items></format><options><beep>on</beep><hdr>normal</hdr><rem>normal</rem><stab>no</stab><stats>no<mean>no</mean><file>no</file><period>15</period></stats><excel>yes</excel><controls>yes</controls><comm>no</comm></options><datafile>"/User/stm-pbvaoc1"</datafile><button><action>"Normal Log"<code>" LogOneObsManual "</code></action></button><autoprog>"/User/Configs/AutoProgs/AutoLog2"<active>no</active></autoprog></log></open>
<open><a2d><avgtime>4.0 secs</avgtime><userchans><ch20>"Off"</ch20><ch21>"Off"</ch21><ch22>"Off"</ch22><ch23>"Off"</ch23></userchans></a2d></open>
<open><matching><type>0</type><disp>'a'</disp><settings><CO2Limit>10.0</CO2Limit><H2OLimit>1.0</H2OLimit><MaxAutoTime>60</MaxAutoTime></settings></matching></open>
<li6400><factory><unit>"PSC-3840"</unit><serviced>"1 Jul 2013"</serviced><fuseaware>0</fuseaware><co2mixer>yes</co2mixer><co2><coeffs>{ 0 0.213319 2.22998e-05 2.13159e-08 -3.88664e-12 3.69888e-16  }</coeffs><dvdt>-4.7</dvdt><xs>{ 0.0009 -0.0002  }</xs></co2><h2o><coeffs>{ 0 0.00572751 2.23485e-06 -7.37877e-12  }</coeffs><dvdt>-1.7</dvdt><xs>{ 0.0009 -0.0028  }</xs></h2o><flow>{ 0 0.3568  }</flow><press>{ 88.437 0.00551  }</press></factory></li6400>
<li6400><user><flow_zero>-468.8</flow_zero><irga_zero><co2>429.7 390.6<at>17.6901</at></co2><h2o>78.1 156.2<at>17.1607</at></h2o></irga_zero><irga_span><co2>{ 0.99237 0.992833  }</co2><h2o>{ 1.00426 0.996799  }</h2o></irga_span><irga_match><co2>{ 0.368307 -1.76861  }</co2><h2o>{ 0.00477181 0.0639577  }</h2o></irga_match><co2_mixer><pump_mv>4500</pump_mv><ppm>{ 2287.2 1080.71 423.89 257.488 117.195 68.0056 44.5242 37.9628  }</ppm><mv>{ 5000 3000 1500 1000 500 300 200 100  }</mv></co2_mixer><parin_offset>0</parin_offset><led_cal><unit>"SI-3781"</unit><mv>{ 10 25 50 100 1000 2000 3000 4000 5000  }</mv><qntm>{ 4.69642 15.4417 35.4805 82.2863 972.665 1922.29 2824.32 3690.14 4518.2  }</qntm></led_cal><lcf_cal><unit>"unknown"</unit><red><mv>{ 50 100 500 1000 1500 5000  }</mv><qntm>{ 50 100 500 1000 2000 5000  }</qntm></red><blue><mv>{ 100 200 500 1000 2000 5000  }</mv><qntm>{ 10 20 50 100 200 500  }</qntm></blue></lcf_cal></user></li6400>
"12:39:48 "
$STARTOFDATA$
"Obs"	"HHMMSS"	"FTime"	"EBal?"	"Photo"	"Cond"	"Ci"	"Trmmol"	"VpdL"	"CTleaf"	"Area"	"BLC_1"	"StmRat"	"BLCond"	"Tair"	"Tleaf"	"TBlk"	"CO2R"	"CO2S"	"H2OR"	"H2OS"	"RH_R"	"RH_S"	"Flow"	"PARi"	"PARo"	"Press"	"CsMch"	"HsMch"	"StableF"	"BLCslope"	"BLCoffst"	"f_parin"	"f_parout"	"alphaK"	"Status"
"12:53:30 Flow: Fixed -> 500 umol/s"
1	"12:54:10"	884.0	0	17.7	0.349	277	5.82	1.26	15.24	6	1.42	1	2.84	9.90	15.24	7.12	400.60	376.67	-0.006	6.935	-0.04	38.79	499.9	1499	12	68.46	-1.45	0.261	1.0	-0.22	2.74	1.00	0.00	0.16	111115
2	"12:54:10"	884.0	0	17.7	0.349	277	5.82	1.26	15.24	6	1.42	1	2.84	9.90	15.24	7.12	400.60	376.67	-0.006	6.935	-0.04	38.79	499.9	1499	12	68.46	-1.45	0.261	1.0	-0.22	2.74	1.00	0.00	0.16	111115
3	"12:54:11"	884.5	0	17.8	0.349	277	5.82	1.26	15.24	6	1.42	1	2.84	9.90	15.24	7.12	400.60	376.66	-0.007	6.936	-0.04	38.79	499.9	1499	12	68.46	-1.45	0.261	1.0	-0.22	2.74	1.00	0.00	0.16	111115
4	"12:54:11"	885.0	0	17.7	0.348	277	5.82	1.26	15.24	6	1.42	1	2.84	9.90	15.24	7.12	400.55	376.63	-0.007	6.934	-0.04	38.78	499.9	1499	12	68.46	-1.45	0.261	1.0	-0.22	2.74	1.00	0.00	0.16	111115
5	"12:54:12"	885.5	0	17.7	0.349	277	5.82	1.26	15.24	6	1.42	1	2.84	9.90	15.24	7.12	400.55	376.63	-0.007	6.935	-0.04	38.78	499.9	1499	12	68.46	-1.45	0.261	1.0	-0.22	2.74	1.00	0.00	0.16	111115
6	"12:54:12"	886.0	0	17.7	0.349	277	5.82	1.26	15.24	6	1.42	1	2.84	9.90	15.24	7.12	400.52	376.63	-0.007	6.934	-0.04	38.77	499.9	1499	12	68.46	-1.45	0.261	1.0	-0.22	2.74	1.00	0.00	0.16	111115
7	"12:54:13"	886.5	0	17.7	0.349	277	5.82	1.26	15.24	6	1.42	1	2.84	9.91	15.24	7.12	400.54	376.63	-0.007	6.934	-0.04	38.76	499.9	1499	12	68.46	-1.45	0.261	1.0	-0.22	2.74	1.00	0.00	0.16	111115
8	"12:54:13"	887.0	0	17.8	0.349	277	5.82	1.26	15.24	6	1.42	1	2.84	9.91	15.24	7.13	400.56	376.59	-0.007	6.936	-0.04	38.77	499.9	1499	11	68.46	-1.45	0.261	1.0	-0.22	2.74	1.00	0.00	0.16	111115
9	"12:54:14"	887.5	0	17.8	0.349	277	5.83	1.26	15.24	6	1.42	1	2.84	9.91	15.24	7.13	400.58	376.58	-0.007	6.936	-0.04	38.76	499.9	1499	12	68.46	-1.45	0.261	1.0	-0.22	2.74	1.00	0.00	0.16	111115
10	"12:54:15"	888.0	0	17.8	0.349	277	5.83	1.26	15.24	6	1.42	1	2.84	9.91	15.24	7.13	400.59	376.58	-0.007	6.935	-0.04	38.75	499.9	1499	12	68.46	-1.45	0.261	1.0	-0.22	2.74	1.00	0.00	0.16	111115
11	"12:54:15"	888.5	0	17.8	0.349	277	5.82	1.26	15.24	6	1.42	1	2.84	9.91	15.24	7.13	400.60	376.61	-0.007	6.935	-0.04	38.75	500.0	1499	12	68.46	-1.45	0.261	1.0	-0.22	2.74	1.00	0.00	0.16	111115
12	"12:54:16"	889.0	0	17.8	0.348	276	5.82	1.26	15.25	6	1.42	1	2.84	9.91	15.25	7.13	400.65	376.61	-0.007	6.935	-0.04	38.75	500.0	1499	12	68.46	-1.45	0.261	1.0	-0.22	2.74	1.00	0.00	0.16	111115
13	"12:54:16"	889.5	0	17.9	0.349	276	5.83	1.26	15.25	6	1.42	1	2.84	9.91	15.25	7.13	400.69	376.59	-0.007	6.936	-0.04	38.75	500.0	1499	12	68.46	-1.45	0.261	1.0	-0.22	2.74	1.00	0.00	0.16	111115
14	"12:54:17"	890.0	0	17.9	0.349	276	5.83	1.26	15.25	6	1.42	1	2.84	9.92	15.25	7.14	400.70	376.61	-0.006	6.937	-0.04	38.75	500.0	1499	12	68.46	-1.45	0.261	1.0	-0.22	2.74	1.00	0.00	0.16	111115
15	"12:54:17"	890.5	0	17.9	0.349	276	5.83	1.26	15.25	6	1.42	1	2.84	9.92	15.25	7.14	400.74	376.61	-0.007	6.938	-0.04	38.75	500.0	1499	12	68.46	-1.45	0.261	1.0	-0.22	2.74	1.00	0.00	0.16	111115
"12:54:37 Coolers: Tblock -> 12.00 C"
"12:59:03 Flow: Fixed -> 500 umol/s"
16	"12:59:23"	1198.0	0	18.6	0.328	265	6.33	1.45	17.29	6	1.42	1	2.84	13.74	17.29	11.94	401.22	376.03	0.263	7.797	1.14	33.84	499.9	1499	12	68.46	-1.73	0.253	1.0	-0.22	2.74	1.00	0.00	0.16	111115
17	"12:59:24"	1198.0	0	18.6	0.328	265	6.33	1.45	17.29	6	1.42	1	2.84	13.74	17.29	11.94	401.22	376.03	0.263	7.797	1.14	33.84	499.9	1499	12	68.46	-1.73	0.253	1.0	-0.22	2.74	1.00	0.00	0.16	111115
18	"12:59:24"	1198.5	0	18.6	0.328	265	6.33	1.45	17.29	6	1.42	1	2.84	13.74	17.29	11.95	401.23	376.02	0.263	7.797	1.14	33.84	499.9	1499	12	68.46	-1.73	0.253	1.0	-0.22	2.74	1.00	0.00	0.16	111115
19	"12:59:25"	1199.0	0	18.6	0.328	265	6.33	1.45	17.29	6	1.42	1	2.84	13.74	17.29	11.95	401.23	376.02	0.262	7.797	1.14	33.84	499.9	1499	12	68.46	-1.73	0.253	1.0	-0.22	2.74	1.00	0.00	0.16	111115
20	"12:59:25"	1199.5	0	18.7	0.328	265	6.33	1.45	17.29	6	1.42	1	2.84	13.74	17.29	11.95	401.26	376.02	0.261	7.798	1.13	33.84	499.9	1499	12	68.46	-1.73	0.253	1.0	-0.22	2.74	1.00	0.00	0.16	111115
21	"12:59:26"	1200.0	0	18.7	0.328	265	6.33	1.45	17.29	6	1.42	1	2.84	13.74	17.29	11.95	401.26	376.02	0.261	7.798	1.13	33.84	499.9	1499	12	68.46	-1.73	0.253	1.0	-0.22	2.74	1.00	0.00	0.16	111115
22	"12:59:26"	1200.0	0	18.7	0.328	265	6.33	1.45	17.29	6	1.42	1	2.84	13.74	17.29	11.95	401.26	376.02	0.261	7.798	1.13	33.84	499.9	1499	12	68.46	-1.73	0.253	1.0	-0.22	2.74	1.00	0.00	0.16	111115
23	"12:59:27"	1200.5	0	18.6	0.328	265	6.33	1.45	17.29	6	1.42	1	2.84	13.74	17.29	11.95	401.22	375.98	0.261	7.798	1.13	33.84	499.9	1499	12	68.46	-1.73	0.253	1.0	-0.22	2.74	1.00	0.00	0.16	111115
24	"12:59:27"	1201.0	0	18.6	0.328	266	6.33	1.45	17.29	6	1.42	1	2.84	13.74	17.29	11.95	401.14	376.02	0.261	7.797	1.13	33.83	499.9	1499	12	68.46	-1.73	0.253	1.0	-0.22	2.74	1.00	0.00	0.16	111115
25	"12:59:28"	1201.5	0	18.5	0.328	266	6.33	1.45	17.29	6	1.42	1	2.84	13.74	17.29	11.95	401.10	376.00	0.260	7.799	1.13	33.84	499.8	1499	12	68.46	-1.73	0.253	1.0	-0.22	2.74	1.00	0.00	0.16	111115
26	"12:59:28"	1202.0	0	18.5	0.328	266	6.33	1.45	17.29	6	1.42	1	2.84	13.75	17.29	11.95	401.03	375.99	0.260	7.798	1.13	33.83	499.8	1499	12	68.46	-1.73	0.253	1.0	-0.22	2.74	1.00	0.00	0.16	111115
27	"12:59:29"	1202.5	0	18.5	0.328	266	6.33	1.45	17.29	6	1.42	1	2.84	13.75	17.29	11.95	401.06	375.95	0.260	7.800	1.13	33.84	499.8	1499	12	68.46	-1.73	0.253	1.0	-0.22	2.74	1.00	0.00	0.16	111115
28	"12:59:29"	1203.0	0	18.5	0.328	266	6.33	1.45	17.29	6	1.42	1	2.84	13.75	17.29	11.95	401.04	375.94	0.260	7.800	1.13	33.83	499.8	1499	12	68.46	-1.73	0.253	1.0	-0.22	2.74	1.00	0.00	0.16	111115
29	"12:59:30"	1203.5	0	18.5	0.328	266	6.33	1.45	17.29	6	1.42	1	2.84	13.75	17.29	11.95	401.01	375.95	0.260	7.800	1.13	33.83	499.8	1499	12	68.46	-1.73	0.253	1.0	-0.22	2.74	1.00	0.00	0.16	111115
30	"12:59:30"	1204.0	0	18.5	0.328	266	6.33	1.45	17.29	6	1.42	1	2.84	13.75	17.29	11.95	400.99	375.97	0.260	7.799	1.13	33.83	499.8	1499	12	68.46	-1.73	0.253	1.0	-0.22	2.74	1.00	0.00	0.16	111115
"12:59:39 Coolers: Tblock -> 17.00 C"
"13:01:39 Flow: Fixed -> 500 umol/s"
"13:03:58 Flow: Fixed -> 500 umol/s"
31	"13:04:15"	1489.5	0	18.2	0.268	248	6	1.64	20.22	6	1.42	1	2.84	17.97	20.22	17.03	401.25	376.74	3.685	10.811	12.20	35.80	499.9	1500	13	68.45	-1.62	0.254	0.7	-0.22	2.74	1.00	0.00	0.16	111115
32	"13:04:15"	1489.5	0	18.2	0.268	248	6	1.64	20.22	6	1.42	1	2.84	17.97	20.22	17.03	401.25	376.74	3.685	10.811	12.20	35.80	499.9	1500	13	68.45	-1.62	0.254	0.7	-0.22	2.74	1.00	0.00	0.16	111115
33	"13:04:15"	1489.5	0	18.2	0.268	248	6	1.64	20.22	6	1.42	1	2.84	17.97	20.22	17.03	401.25	376.74	3.685	10.811	12.20	35.80	499.9	1500	13	68.45	-1.62	0.254	0.7	-0.22	2.74	1.00	0.00	0.16	111115
34	"13:04:16"	1490.0	0	18.1	0.268	248	6	1.64	20.22	6	1.42	1	2.84	17.97	20.22	17.03	401.24	376.75	3.683	10.810	12.20	35.79	499.9	1500	13	68.45	-1.62	0.254	0.7	-0.22	2.74	1.00	0.00	0.16	111115
35	"13:04:16"	1490.5	0	18.1	0.268	248	6	1.64	20.22	6	1.42	1	2.84	17.97	20.22	17.03	401.23	376.76	3.682	10.808	12.19	35.78	499.9	1501	14	68.45	-1.62	0.254	0.7	-0.22	2.74	1.00	0.00	0.16	111115
36	"13:04:17"	1491.0	0	18.1	0.268	248	6	1.64	20.22	6	1.42	1	2.84	17.97	20.22	17.03	401.21	376.76	3.682	10.806	12.19	35.78	499.9	1501	14	68.45	-1.62	0.254	0.7	-0.22	2.74	1.00	0.00	0.16	111115
37	"13:04:17"	1491.5	0	18.1	0.268	248	6	1.64	20.23	6	1.42	1	2.84	17.97	20.23	17.03	401.19	376.75	3.681	10.806	12.19	35.78	499.9	1501	13	68.45	-1.62	0.254	0.7	-0.22	2.74	1.00	0.00	0.16	111115
38	"13:04:18"	1492.0	0	18.1	0.268	248	6	1.64	20.23	6	1.42	1	2.84	17.97	20.23	17.03	401.20	376.75	3.680	10.804	12.18	35.77	499.9	1501	13	68.45	-1.62	0.254	0.7	-0.22	2.74	1.00	0.00	0.16	111115
39	"13:04:18"	1492.5	0	18.1	0.268	247	6	1.64	20.23	6	1.42	1	2.84	17.97	20.23	17.03	401.22	376.74	3.679	10.803	12.18	35.76	499.8	1501	13	68.45	-1.62	0.254	0.7	-0.22	2.74	1.00	0.00	0.16	111115
40	"13:04:19"	1493.0	0	18.1	0.268	248	6	1.64	20.23	6	1.42	1	2.84	17.98	20.23	17.03	401.20	376.74	3.679	10.801	12.18	35.75	499.8	1501	13	68.45	-1.62	0.254	0.7	-0.22	2.74	1.00	0.00	0.16	111115
41	"13:04:19"	1493.5	0	18.1	0.267	248	6	1.64	20.23	6	1.42	1	2.84	17.98	20.23	17.03	401.18	376.74	3.679	10.799	12.17	35.74	499.9	1501	13	68.45	-1.62	0.254	0.7	-0.22	2.74	1.00	0.00	0.16	111115
42	"13:04:20"	1494.0	0	18.1	0.267	248	6	1.64	20.23	6	1.42	1	2.84	17.98	20.23	17.03	401.18	376.73	3.677	10.797	12.17	35.73	499.8	1501	13	68.45	-1.62	0.254	0.7	-0.22	2.74	1.00	0.00	0.16	111115
43	"13:04:20"	1494.5	0	18.1	0.267	248	6	1.64	20.23	6	1.42	1	2.84	17.98	20.23	17.03	401.15	376.72	3.675	10.795	12.16	35.72	499.8	1500	13	68.45	-1.62	0.254	1.0	-0.22	2.74	1.00	0.00	0.16	111115
44	"13:04:21"	1495.0	0	18.1	0.267	247	6	1.64	20.23	6	1.42	1	2.84	17.98	20.23	17.03	401.17	376.70	3.674	10.794	12.16	35.72	499.9	1500	14	68.45	-1.62	0.254	1.0	-0.22	2.74	1.00	0.00	0.16	111115
45	"13:04:21"	1495.5	0	18.1	0.267	247	5.99	1.64	20.24	6	1.42	1	2.84	17.98	20.24	17.03	401.19	376.70	3.673	10.792	12.15	35.71	499.8	1500	14	68.45	-1.62	0.254	1.0	-0.22	2.74	1.00	0.00	0.16	111115
"13:04:29 Coolers: Tblock -> 22.00 C"
"13:05:14 Lamp: ParIn ->  1500 uml"
"13:06:34 Flow: Fixed -> 500 umol/s"
46	"13:06:55"	1649.0	0	17.6	0.23	233	5.69	1.78	22.61	6	1.42	1	2.84	22.11	22.61	22.11	400.21	376.55	7.494	14.228	19.20	36.46	499.9	1501	15	68.45	-1.84	0.225	1.0	-0.22	2.74	1.00	0.00	0.16	111115
47	"13:06:55"	1649.0	0	17.6	0.23	233	5.69	1.78	22.61	6	1.42	1	2.84	22.11	22.61	22.11	400.21	376.55	7.494	14.228	19.20	36.46	499.9	1501	15	68.45	-1.84	0.225	1.0	-0.22	2.74	1.00	0.00	0.16	111115
48	"13:06:55"	1649.5	0	17.5	0.23	233	5.69	1.78	22.62	6	1.42	1	2.84	22.11	22.62	22.11	400.22	376.58	7.493	14.229	19.20	36.46	499.9	1500	15	68.45	-1.84	0.225	1.0	-0.22	2.74	1.00	0.00	0.16	111115
49	"13:06:56"	1650.0	0	17.5	0.23	233	5.69	1.78	22.62	6	1.42	1	2.84	22.11	22.62	22.11	400.21	376.60	7.492	14.229	19.19	36.46	499.9	1500	15	68.45	-1.84	0.225	1.0	-0.22	2.74	1.00	0.00	0.16	111115
50	"13:06:56"	1650.5	0	17.5	0.23	233	5.69	1.78	22.62	6	1.42	1	2.84	22.11	22.62	22.11	400.20	376.61	7.492	14.227	19.19	36.45	499.9	1500	15	68.45	-1.84	0.225	1.0	-0.22	2.74	1.00	0.00	0.16	111115
51	"13:06:57"	1651.0	0	17.5	0.23	233	5.69	1.78	22.63	6	1.42	1	2.84	22.12	22.63	22.11	400.18	376.60	7.491	14.228	19.19	36.44	499.8	1500	15	68.45	-1.84	0.225	1.0	-0.22	2.74	1.00	0.00	0.16	111115
52	"13:06:57"	1651.5	0	17.5	0.23	234	5.69	1.78	22.63	6	1.42	1	2.84	22.12	22.63	22.11	400.16	376.64	7.491	14.228	19.18	36.44	499.8	1500	15	68.45	-1.84	0.225	1.0	-0.22	2.74	1.00	0.00	0.16	111115
53	"13:06:58"	1652.0	0	17.5	0.23	234	5.7	1.78	22.64	6	1.42	1	2.84	22.12	22.64	22.11	400.19	376.64	7.490	14.229	19.18	36.44	499.9	1500	15	68.45	-1.84	0.225	1.0	-0.22	2.74	1.00	0.00	0.16	111115
54	"13:06:58"	1652.5	0	17.5	0.23	233	5.7	1.78	22.64	6	1.42	1	2.84	22.12	22.64	22.11	400.22	376.63	7.490	14.231	19.18	36.43	499.8	1500	15	68.45	-1.84	0.225	1.0	-0.22	2.74	1.00	0.00	0.16	111115
55	"13:06:59"	1653.0	0	17.6	0.23	233	5.7	1.79	22.64	6	1.42	1	2.84	22.13	22.64	22.11	400.30	376.64	7.489	14.234	19.17	36.44	499.8	1500	15	68.45	-1.84	0.225	1.0	-0.22	2.74	1.00	0.00	0.16	111115
56	"13:06:59"	1653.5	0	17.6	0.23	232	5.7	1.79	22.65	6	1.42	1	2.84	22.13	22.65	22.11	400.34	376.62	7.490	14.233	19.17	36.43	499.8	1500	15	68.45	-1.84	0.225	1.0	-0.22	2.74	1.00	0.00	0.16	111115
57	"13:07:00"	1654.0	0	17.6	0.229	232	5.7	1.79	22.66	6	1.42	1	2.84	22.13	22.66	22.11	400.33	376.63	7.491	14.233	19.17	36.43	499.8	1500	15	68.45	-1.84	0.225	1.0	-0.22	2.74	1.00	0.00	0.16	111115
58	"13:07:00"	1654.5	0	17.6	0.229	232	5.7	1.79	22.66	6	1.42	1	2.84	22.13	22.66	22.11	400.35	376.63	7.491	14.234	19.17	36.42	499.8	1500	15	68.45	-1.84	0.225	1.0	-0.22	2.74	1.00	0.00	0.16	111115
59	"13:07:01"	1655.0	0	17.6	0.229	232	5.7	1.79	22.67	6	1.42	1	2.84	22.14	22.67	22.11	400.35	376.64	7.492	14.234	19.17	36.42	499.8	1500	15	68.45	-1.84	0.225	1.0	-0.22	2.74	1.00	0.00	0.16	111115
60	"13:07:01"	1655.5	0	17.7	0.229	232	5.7	1.79	22.67	6	1.42	1	2.84	22.14	22.67	22.11	400.40	376.59	7.490	14.236	19.16	36.42	499.8	1500	15	68.45	-1.84	0.225	1.0	-0.22	2.74	1.00	0.00	0.16	111115
"13:07:17 Coolers: Tblock -> 27.00 C"
"13:09:13 Flow: Fixed -> 500 umol/s"
61	"13:09:32"	1807.0	0	16.5	0.205	225	5.8	2.01	25.39	6	1.42	1	2.84	26.32	25.39	26.99	399.15	376.68	11.335	18.167	22.57	36.17	499.9	1499	16	68.45	-1.67	0.172	1.0	-0.22	2.74	1.00	0.00	0.16	111115
62	"13:09:33"	1807.0	0	16.5	0.205	225	5.8	2.01	25.39	6	1.42	1	2.84	26.32	25.39	26.99	399.15	376.68	11.335	18.167	22.57	36.17	499.9	1499	16	68.45	-1.67	0.172	1.0	-0.22	2.74	1.00	0.00	0.16	111115
63	"13:09:33"	1807.0	0	16.5	0.205	225	5.8	2.01	25.39	6	1.42	1	2.84	26.32	25.39	26.99	399.15	376.68	11.335	18.167	22.57	36.17	499.9	1499	16	68.45	-1.67	0.172	1.0	-0.22	2.74	1.00	0.00	0.16	111115
64	"13:09:33"	1807.5	0	16.5	0.204	225	5.8	2.01	25.40	6	1.42	1	2.84	26.32	25.40	26.99	399.19	376.71	11.335	18.168	22.57	36.17	499.9	1499	16	68.45	-1.67	0.172	1.0	-0.22	2.74	1.00	0.00	0.16	111115
65	"13:09:34"	1808.0	0	16.6	0.205	224	5.8	2.01	25.40	6	1.42	1	2.84	26.32	25.40	26.99	399.24	376.69	11.334	18.171	22.56	36.17	499.9	1499	16	68.45	-1.67	0.172	1.0	-0.22	2.74	1.00	0.00	0.16	111115
66	"13:09:34"	1808.5	0	16.6	0.205	224	5.8	2.01	25.40	6	1.42	1	2.84	26.32	25.40	26.99	399.26	376.69	11.333	18.172	22.56	36.17	499.9	1499	16	68.45	-1.67	0.172	1.0	-0.22	2.74	1.00	0.00	0.16	111115
67	"13:09:35"	1809.0	0	16.6	0.205	224	5.81	2.01	25.41	6	1.42	1	2.84	26.33	25.41	26.99	399.30	376.72	11.333	18.175	22.55	36.17	499.9	1499	16	68.45	-1.67	0.172	1.0	-0.22	2.74	1.00	0.00	0.16	111115
68	"13:09:35"	1809.5	0	16.6	0.205	224	5.81	2.01	25.41	6	1.42	1	2.84	26.33	25.41	26.99	399.34	376.74	11.334	18.176	22.55	36.16	499.9	1499	16	68.45	-1.67	0.172	1.0	-0.22	2.74	1.00	0.00	0.16	111115
69	"13:09:36"	1810.0	0	16.6	0.204	224	5.81	2.02	25.41	6	1.42	1	2.84	26.33	25.41	26.99	399.35	376.78	11.335	18.178	22.55	36.16	499.9	1499	16	68.45	-1.67	0.172	1.0	-0.22	2.74	1.00	0.00	0.16	111115
70	"13:09:36"	1810.5	0	16.6	0.205	224	5.81	2.02	25.42	6	1.42	1	2.84	26.33	25.42	26.99	399.34	376.77	11.336	18.181	22.54	36.16	499.8	1499	16	68.45	-1.67	0.172	1.0	-0.22	2.74	1.00	0.00	0.16	111115
71	"13:09:37"	1811.0	0	16.7	0.204	224	5.81	2.02	25.42	6	1.42	1	2.84	26.34	25.42	26.99	399.37	376.75	11.335	18.181	22.54	36.16	499.8	1499	16	68.45	-1.67	0.172	1.0	-0.22	2.74	1.00	0.00	0.16	111115
72	"13:09:37"	1811.5	0	16.7	0.204	224	5.81	2.02	25.43	6	1.42	1	2.84	26.34	25.43	26.99	399.40	376.78	11.337	18.182	22.54	36.15	499.8	1499	16	68.45	-1.67	0.172	1.0	-0.22	2.74	1.00	0.00	0.16	111115
73	"13:09:38"	1812.0	0	16.6	0.204	224	5.81	2.02	25.43	6	1.42	1	2.84	26.34	25.43	26.99	399.41	376.80	11.336	18.182	22.54	36.14	499.8	1499	16	68.45	-1.67	0.172	1.0	-0.22	2.74	1.00	0.00	0.16	111115
74	"13:09:38"	1812.5	0	16.7	0.204	224	5.81	2.02	25.44	6	1.42	1	2.84	26.34	25.44	26.99	399.43	376.80	11.337	18.185	22.53	36.15	499.8	1499	16	68.45	-1.67	0.172	1.0	-0.22	2.74	1.00	0.00	0.16	111115
75	"13:09:39"	1813.0	0	16.7	0.204	223	5.81	2.02	25.44	6	1.42	1	2.84	26.35	25.44	26.99	399.44	376.78	11.337	18.185	22.53	36.14	499.8	1499	16	68.45	-1.67	0.172	1.0	-0.22	2.74	1.00	0.00	0.16	111115
"13:09:48 Coolers: Tblock -> 32.00 C"
"13:12:20 Flow: Fixed -> 500 umol/s"
76	"13:12:37"	1992.0	0	16	0.125	145	6.05	3.29	32.29	6	1.42	1	2.84	30.67	32.29	32.06	400.68	378.67	15.803	22.894	24.43	35.39	499.8	1500	14	68.45	-1.56	0.113	1.0	-0.22	2.74	1.00	0.00	0.16	111115
77	"13:12:38"	1992.0	0	16	0.125	145	6.05	3.29	32.29	6	1.42	1	2.84	30.67	32.29	32.06	400.68	378.67	15.803	22.894	24.43	35.39	499.8	1500	14	68.45	-1.56	0.113	1.0	-0.22	2.74	1.00	0.00	0.16	111115
78	"13:12:38"	1992.5	0	16.1	0.125	145	6.05	3.29	32.29	6	1.42	1	2.84	30.67	32.29	32.06	400.70	378.68	15.803	22.896	24.43	35.39	499.8	1500	14	68.45	-1.56	0.113	1.0	-0.22	2.74	1.00	0.00	0.16	111115
79	"13:12:39"	1993.0	0	16	0.125	145	6.05	3.29	32.29	6	1.42	1	2.84	30.67	32.29	32.06	400.70	378.69	15.801	22.897	24.42	35.39	499.8	1500	14	68.45	-1.56	0.113	1.0	-0.22	2.74	1.00	0.00	0.16	111115
80	"13:12:39"	1993.5	0	16	0.125	145	6.05	3.29	32.29	6	1.42	1	2.84	30.68	32.29	32.06	400.69	378.68	15.800	22.898	24.42	35.39	499.8	1500	14	68.45	-1.56	0.113	1.0	-0.22	2.74	1.00	0.00	0.16	111115
81	"13:12:40"	1994.0	0	16	0.126	146	6.05	3.29	32.29	6	1.42	1	2.84	30.68	32.29	32.06	400.69	378.69	15.799	22.899	24.41	35.39	499.9	1500	14	68.45	-1.56	0.113	1.0	-0.22	2.74	1.00	0.00	0.16	111115
82	"13:12:40"	1994.5	0	16	0.126	146	6.05	3.28	32.28	6	1.42	1	2.84	30.68	32.28	32.06	400.70	378.69	15.800	22.901	24.41	35.39	499.9	1500	14	68.45	-1.56	0.113	1.0	-0.22	2.74	1.00	0.00	0.16	111115
83	"13:12:41"	1995.0	0	16.1	0.126	145	6.06	3.28	32.28	6	1.42	1	2.84	30.68	32.28	32.06	400.71	378.66	15.799	22.903	24.41	35.39	499.9	1500	14	68.45	-1.56	0.113	1.0	-0.22	2.74	1.00	0.00	0.16	111115
84	"13:12:41"	1995.5	0	16.1	0.126	145	6.06	3.28	32.28	6	1.42	1	2.84	30.68	32.28	32.07	400.68	378.63	15.797	22.903	24.40	35.38	499.9	1500	14	68.45	-1.56	0.113	1.0	-0.22	2.74	1.00	0.00	0.16	111115
85	"13:12:42"	1996.0	0	16	0.126	146	6.06	3.28	32.28	6	1.42	1	2.84	30.69	32.28	32.07	400.64	378.62	15.795	22.902	24.40	35.38	499.9	1500	14	68.45	-1.56	0.113	1.0	-0.22	2.74	1.00	0.00	0.16	111115
86	"13:12:42"	1996.5	0	16	0.126	146	6.06	3.28	32.28	6	1.42	1	2.84	30.69	32.28	32.07	400.57	378.61	15.795	22.902	24.40	35.37	499.9	1500	14	68.45	-1.56	0.113	1.0	-0.22	2.74	1.00	0.00	0.16	111115
87	"13:12:43"	1997.0	0	16	0.126	146	6.06	3.28	32.28	6	1.42	1	2.84	30.69	32.28	32.07	400.56	378.56	15.794	22.905	24.39	35.37	499.9	1500	14	68.45	-1.56	0.113	1.0	-0.22	2.74	1.00	0.00	0.16	111115
88	"13:12:43"	1997.5	0	16	0.126	146	6.07	3.28	32.28	6	1.42	1	2.84	30.69	32.28	32.07	400.53	378.54	15.794	22.908	24.39	35.38	499.9	1500	14	68.45	-1.56	0.113	1.0	-0.22	2.74	1.00	0.00	0.16	111115
89	"13:12:44"	1998.0	0	16	0.126	146	6.07	3.28	32.28	6	1.42	1	2.84	30.69	32.28	32.07	400.53	378.52	15.793	22.907	24.39	35.37	499.9	1500	14	68.45	-1.56	0.113	1.0	-0.22	2.74	1.00	0.00	0.16	111115
90	"13:12:44"	1998.5	0	16	0.126	146	6.07	3.28	32.28	6	1.42	1	2.84	30.69	32.28	32.07	400.51	378.51	15.791	22.908	24.38	35.37	499.9	1500	14	68.45	-1.56	0.113	1.0	-0.22	2.74	1.00	0.00	0.16	111115
"13:12:58 Coolers: Tblock -> 37.00 C"
"13:17:04 Flow: Fixed -> 500 umol/s"
91	"13:17:26"	2280.0	0	15.6	0.0961	88.1	6.31	4.37	37.13	6	1.42	1	2.84	34.98	37.13	36.95	401.50	379.94	21.595	28.955	26.21	35.14	499.9	1499	13	68.45	-1.51	0.00461	1.0	-0.22	2.74	1.00	0.00	0.16	111115
92	"13:17:26"	2280.0	0	15.6	0.0961	88.1	6.31	4.37	37.13	6	1.42	1	2.84	34.98	37.13	36.95	401.50	379.94	21.595	28.955	26.21	35.14	499.9	1499	13	68.45	-1.51	0.00461	1.0	-0.22	2.74	1.00	0.00	0.16	111115
93	"13:17:27"	2280.5	0	15.6	0.0962	88.1	6.32	4.37	37.12	6	1.42	1	2.84	34.98	37.12	36.95	401.50	379.93	21.595	28.958	26.20	35.14	499.8	1499	13	68.45	-1.51	0.00461	1.0	-0.22	2.74	1.00	0.00	0.16	111115
94	"13:17:27"	2281.0	0	15.6	0.0962	88.4	6.32	4.37	37.12	6	1.42	1	2.84	34.98	37.12	36.95	401.51	379.95	21.595	28.960	26.20	35.14	499.8	1499	13	68.45	-1.51	0.00461	1.0	-0.22	2.74	1.00	0.00	0.16	111115
95	"13:17:28"	2281.5	0	15.6	0.0963	88.3	6.32	4.36	37.12	6	1.42	1	2.84	34.98	37.12	36.95	401.51	379.94	21.596	28.963	26.20	35.14	499.8	1499	13	68.45	-1.51	0.00461	1.0	-0.22	2.74	1.00	0.00	0.16	111115
96	"13:17:28"	2282.0	0	15.6	0.0963	88	6.32	4.36	37.12	6	1.42	1	2.84	34.98	37.12	36.95	401.52	379.92	21.595	28.962	26.20	35.14	499.8	1499	13	68.45	-1.51	0.00461	1.0	-0.22	2.74	1.00	0.00	0.16	111115
97	"13:17:29"	2282.5	0	15.6	0.0963	87.9	6.32	4.36	37.12	6	1.42	1	2.84	34.98	37.12	36.95	401.51	379.91	21.596	28.962	26.20	35.13	499.8	1499	13	68.45	-1.51	0.00461	1.0	-0.22	2.74	1.00	0.00	0.16	111115
98	"13:17:29"	2283.0	0	15.6	0.0963	87.8	6.32	4.36	37.12	6	1.42	1	2.84	34.98	37.12	36.95	401.49	379.89	21.596	28.962	26.20	35.13	499.8	1499	13	68.45	-1.51	0.00461	1.0	-0.22	2.74	1.00	0.00	0.16	111115
99	"13:17:30"	2283.5	0	15.6	0.0963	87.3	6.32	4.36	37.12	6	1.42	1	2.84	34.98	37.12	36.95	401.49	379.83	21.595	28.963	26.19	35.13	499.8	1499	13	68.45	-1.51	0.00461	1.0	-0.22	2.74	1.00	0.00	0.16	111115
100	"13:17:30"	2284.0	0	15.7	0.0963	87	6.32	4.36	37.12	6	1.42	1	2.84	34.98	37.12	36.95	401.47	379.79	21.596	28.964	26.19	35.13	499.9	1499	13	68.45	-1.51	0.00461	1.0	-0.22	2.74	1.00	0.00	0.16	111115
101	"13:17:31"	2284.5	0	15.6	0.0963	87.3	6.32	4.36	37.12	6	1.42	1	2.84	34.99	37.12	36.95	401.40	379.75	21.594	28.964	26.19	35.13	499.8	1499	13	68.45	-1.51	0.00461	1.0	-0.22	2.74	1.00	0.00	0.16	111115
102	"13:17:31"	2285.0	0	15.6	0.0964	87.2	6.33	4.36	37.12	6	1.42	1	2.84	34.99	37.12	36.95	401.30	379.65	21.592	28.965	26.19	35.13	499.8	1499	13	68.45	-1.51	0.00461	0.7	-0.22	2.74	1.00	0.00	0.16	111115
103	"13:17:32"	2285.5	0	15.6	0.0964	87.2	6.33	4.36	37.12	6	1.42	1	2.84	34.99	37.12	36.95	401.22	379.56	21.591	28.966	26.18	35.12	499.8	1499	13	68.45	-1.51	0.00461	0.7	-0.22	2.74	1.00	0.00	0.16	111115
104	"13:17:32"	2286.0	0	15.6	0.0964	87.9	6.33	4.36	37.12	6	1.42	1	2.84	34.99	37.12	36.95	401.10	379.49	21.590	28.968	26.18	35.12	499.8	1499	13	68.45	-1.51	0.00461	0.7	-0.22	2.74	1.00	0.00	0.16	111115
105	"13:17:33"	2286.5	0	15.6	0.0965	88.7	6.33	4.36	37.12	6	1.42	1	2.84	34.99	37.12	36.95	400.94	379.39	21.589	28.969	26.17	35.12	499.8	1499	13	68.45	-1.51	0.00461	0.7	-0.22	2.74	1.00	0.00	0.16	111115
