"OPEN 6.2.4"
"Wed Jul  1 2015 12:07:13"
<open><version>"6.2.4"</version></open>
<open><configfile>"/User/Configs/UserPrefs/2x3 LED.xml"</configfile></open>
<open><light><source>"6400-02 or -02B LED Source"</source><par_in>1<sensor>"SI-3781"<cal>-0.93<actinity>1.00</actinity><transm>1.00</transm></cal></sensor><transm>1</transm></par_in><par_out>1<sensor>"Q49599"<cal>7.26</cal></sensor></par_out></light></open>
<open><comps><file>"/User/Configs/Comps/StdComps_6.2"<header>""</header><extras></extras></file><energybal>no<f_parIn>1</f_parIn><f_parOut>0</f_parOut><alphaK>0.16</alphaK></energybal><bc_total>2.840<stomatal_ratio>1</stomatal_ratio><bc_oneside>1.420<type>2</type><table>"/Sys/Lib/StdBLCTable"</table><area>6</area><slope>-0.219565</slope><offset>2.73739</offset><fan>5</fan></bc_oneside></bc_total></comps></open>
<open><prompts><onlog>off</onlog><items>"Default (none)"</items></prompts></open>
<open><constants><oxygen>21 %</oxygen><bb_vapor>1.5</bb_vapor><bb_oxy>0.9</bb_oxy></constants></open>
<open><stability><items>"Std Stability"<items[1]><id>-2</id><size>15</size><pcv><onoff>0</onoff><value>1</value></pcv><std><onoff>0</onoff><value>1</value></std><slp><onoff>1</onoff><value>1</value></slp></items[1]><items[2]><id>-5</id><size>15</size><pcv><onoff>0</onoff><value>1</value></pcv><std><onoff>0</onoff><value>1</value></std><slp><onoff>1</onoff><value>1</value></slp></items[2]><items[3]><id>-7</id><size>15</size><pcv><onoff>0</onoff><value>1</value></pcv><std><onoff>0</onoff><value>1</value></std><slp><onoff>1</onoff><value>1</value></slp></items[3]></items></stability></open>
<open><log><format>"StdLogFmt_6.0"<items>{ -35 -21 -36 -76 30 23 36 21 25 221 -33 111 -34 11 -9 -10 -8 -1 -2 -4 -5 -14 -15 -7 -12 -13 -11 -65 -66 -72 -18 -19 -77 -78 -79 -23  }<hdr>{  }</hdr></items></format><options><beep>on</beep><hdr>normal</hdr><rem>normal</rem><stab>no</stab><stats>no<mean>no</mean><file>no</file><period>15</period></stats><excel>yes</excel><controls>yes</controls><comm>no</comm></options><datafile>"/User/stm-pbcup3"</datafile><button><action>"Normal Log"<code>" LogOneObsManual "</code></action></button><autoprog>"/User/Configs/AutoProgs/AutoLog2"<active>no</active></autoprog></log></open>
<open><a2d><avgtime>4.0 secs</avgtime><userchans><ch20>"Off"</ch20><ch21>"Off"</ch21><ch22>"Off"</ch22><ch23>"Off"</ch23></userchans></a2d></open>
<open><matching><type>0</type><disp>'a'</disp><settings><CO2Limit>10.0</CO2Limit><H2OLimit>1.0</H2OLimit><MaxAutoTime>60</MaxAutoTime></settings></matching></open>
<li6400><factory><unit>"PSC-3840"</unit><serviced>"1 Jul 2013"</serviced><fuseaware>0</fuseaware><co2mixer>yes</co2mixer><co2><coeffs>{ 0 0.213319 2.22998e-05 2.13159e-08 -3.88664e-12 3.69888e-16  }</coeffs><dvdt>-4.7</dvdt><xs>{ 0.0009 -0.0002  }</xs></co2><h2o><coeffs>{ 0 0.00572751 2.23485e-06 -7.37877e-12  }</coeffs><dvdt>-1.7</dvdt><xs>{ 0.0009 -0.0028  }</xs></h2o><flow>{ 0 0.3568  }</flow><press>{ 88.437 0.00551  }</press></factory></li6400>
<li6400><user><flow_zero>-468.8</flow_zero><irga_zero><co2>429.7 390.6<at>17.6901</at></co2><h2o>78.1 156.2<at>17.1607</at></h2o></irga_zero><irga_span><co2>{ 0.99237 0.992833  }</co2><h2o>{ 1.00426 0.996799  }</h2o></irga_span><irga_match><co2>{ 0.368307 -2.10727  }</co2><h2o>{ 0.00477181 -0.00158551  }</h2o></irga_match><co2_mixer><pump_mv>4500</pump_mv><ppm>{ 2287.2 1080.71 423.89 257.488 117.195 68.0056 44.5242 37.9628  }</ppm><mv>{ 5000 3000 1500 1000 500 300 200 100  }</mv></co2_mixer><parin_offset>0</parin_offset><led_cal><unit>"SI-3781"</unit><mv>{ 10 25 50 100 1000 2000 3000 4000 5000  }</mv><qntm>{ 4.69642 15.4417 35.4805 82.2863 972.665 1922.29 2824.32 3690.14 4518.2  }</qntm></led_cal><lcf_cal><unit>"unknown"</unit><red><mv>{ 50 100 500 1000 1500 5000  }</mv><qntm>{ 50 100 500 1000 2000 5000  }</qntm></red><blue><mv>{ 100 200 500 1000 2000 5000  }</mv><qntm>{ 10 20 50 100 200 500  }</qntm></blue></lcf_cal></user></li6400>
"12:07:14 "
$STARTOFDATA$
"Obs"	"HHMMSS"	"FTime"	"EBal?"	"Photo"	"Cond"	"Ci"	"Trmmol"	"VpdL"	"CTleaf"	"Area"	"BLC_1"	"StmRat"	"BLCond"	"Tair"	"Tleaf"	"TBlk"	"CO2R"	"CO2S"	"H2OR"	"H2OS"	"RH_R"	"RH_S"	"Flow"	"PARi"	"PARo"	"Press"	"CsMch"	"HsMch"	"StableF"	"BLCslope"	"BLCoffst"	"f_parin"	"f_parout"	"alphaK"	"Status"
"12:07:58 Coolers: Tblock -> 4.98 C"
"12:08:20 Flow: Fixed -> 500 umol/s"
1	"12:09:00"	109.0	0	12.1	0.227	281	3.76	1.21	13.78	6	1.42	1	2.84	7.69	13.78	5.10	398.23	381.96	0.947	5.439	6.15	35.33	500.0	1500	56	68.46	-2.04	0.25	1.0	-0.22	2.74	1.00	0.00	0.16	111115
2	"12:09:00"	109.0	0	12.1	0.227	281	3.76	1.21	13.78	6	1.42	1	2.84	7.69	13.78	5.10	398.23	381.96	0.947	5.439	6.15	35.33	500.0	1500	56	68.46	-2.04	0.25	1.0	-0.22	2.74	1.00	0.00	0.16	111115
3	"12:09:01"	109.5	0	12.2	0.227	281	3.76	1.21	13.77	6	1.42	1	2.84	7.68	13.77	5.09	398.21	381.89	0.945	5.439	6.14	35.33	499.9	1500	56	68.46	-2.04	0.25	1.0	-0.22	2.74	1.00	0.00	0.16	111115
4	"12:09:01"	110.0	0	12.2	0.227	281	3.76	1.21	13.76	6	1.42	1	2.84	7.68	13.76	5.10	398.18	381.85	0.944	5.437	6.13	35.32	499.9	1501	56	68.46	-2.04	0.25	0.7	-0.22	2.74	1.00	0.00	0.16	111115
5	"12:09:02"	110.5	0	12.1	0.227	281	3.76	1.21	13.75	6	1.42	1	2.84	7.68	13.75	5.09	398.10	381.84	0.944	5.434	6.13	35.31	499.9	1501	56	68.46	-2.04	0.25	0.7	-0.22	2.74	1.00	0.00	0.16	111115
6	"12:09:02"	111.0	0	12.1	0.227	281	3.76	1.21	13.75	6	1.42	1	2.84	7.68	13.75	5.09	398.07	381.81	0.943	5.432	6.13	35.29	499.9	1501	56	68.46	-2.04	0.25	0.7	-0.22	2.74	1.00	0.00	0.16	111115
7	"12:09:03"	111.5	0	12.2	0.227	281	3.76	1.21	13.75	6	1.42	1	2.84	7.68	13.75	5.10	398.07	381.76	0.941	5.429	6.12	35.28	499.9	1501	56	68.46	-2.04	0.25	0.7	-0.22	2.74	1.00	0.00	0.16	111115
8	"12:09:03"	112.0	0	12.2	0.227	281	3.76	1.21	13.74	6	1.42	1	2.84	7.68	13.74	5.09	398.03	381.72	0.940	5.427	6.11	35.26	499.9	1501	56	68.46	-2.04	0.25	0.7	-0.22	2.74	1.00	0.00	0.16	111115
9	"12:09:04"	112.5	0	12.2	0.227	281	3.76	1.21	13.74	6	1.42	1	2.84	7.68	13.74	5.10	398.01	381.69	0.939	5.425	6.10	35.25	499.9	1501	56	68.46	-2.04	0.25	0.7	-0.22	2.74	1.00	0.00	0.16	111115
10	"12:09:04"	113.0	0	12.2	0.227	281	3.76	1.2	13.73	6	1.42	1	2.84	7.68	13.73	5.10	398.02	381.65	0.938	5.424	6.09	35.25	499.9	1501	56	68.46	-2.04	0.25	0.7	-0.22	2.74	1.00	0.00	0.16	111115
11	"12:09:05"	113.5	0	12.2	0.227	281	3.75	1.2	13.72	6	1.42	1	2.84	7.68	13.72	5.10	398.01	381.67	0.938	5.419	6.10	35.22	499.9	1501	56	68.46	-2.04	0.25	0.7	-0.22	2.74	1.00	0.00	0.16	111115
12	"12:09:05"	114.0	0	12.1	0.227	281	3.75	1.2	13.71	6	1.42	1	2.84	7.68	13.71	5.10	397.95	381.71	0.937	5.416	6.09	35.20	499.9	1501	56	68.46	-2.04	0.25	0.7	-0.22	2.74	1.00	0.00	0.16	111115
13	"12:09:06"	114.5	0	12.2	0.227	281	3.75	1.2	13.71	6	1.42	1	2.84	7.67	13.71	5.10	397.99	381.68	0.936	5.414	6.08	35.19	499.9	1501	56	68.46	-2.04	0.25	0.7	-0.22	2.74	1.00	0.00	0.16	111115
14	"12:09:06"	115.0	0	12.2	0.227	281	3.75	1.2	13.70	6	1.42	1	2.84	7.67	13.70	5.10	398.06	381.70	0.934	5.413	6.07	35.19	499.9	1501	56	68.46	-2.04	0.25	0.7	-0.22	2.74	1.00	0.00	0.16	111115
15	"12:09:07"	115.5	0	12.1	0.228	281	3.75	1.2	13.69	6	1.42	1	2.84	7.67	13.69	5.10	398.08	381.78	0.934	5.411	6.07	35.18	499.9	1501	56	68.46	-2.04	0.25	0.7	-0.22	2.74	1.00	0.00	0.16	111115
"12:09:16 Coolers: Tblock -> 10.00 C"
"12:12:17 Flow: Fixed -> 500 umol/s"
"12:12:55 Flow: Fixed -> 500 umol/s"
16	"12:13:14"	363.5	0	12.4	0.197	267	3.45	1.26	15.54	6	1.42	1	2.84	11.42	15.54	10.01	399.46	383.04	3.317	7.430	16.76	37.55	499.9	1500	310	68.46	-2.89	0.25	1.0	-0.22	2.74	1.00	0.00	0.16	111115
17	"12:13:14"	363.5	0	12.4	0.197	267	3.45	1.26	15.54	6	1.42	1	2.84	11.42	15.54	10.01	399.46	383.04	3.317	7.430	16.76	37.55	499.9	1500	310	68.46	-2.89	0.25	1.0	-0.22	2.74	1.00	0.00	0.16	111115
18	"12:13:15"	364.0	0	12.4	0.197	267	3.46	1.26	15.54	6	1.42	1	2.84	11.42	15.54	10.01	399.43	382.99	3.319	7.435	16.77	37.57	499.9	1500	311	68.46	-2.89	0.25	1.0	-0.22	2.74	1.00	0.00	0.16	111115
19	"12:13:15"	364.5	0	12.4	0.197	267	3.45	1.26	15.55	6	1.42	1	2.84	11.42	15.55	10.01	399.41	382.99	3.322	7.438	16.78	37.58	499.9	1500	311	68.46	-2.89	0.25	1.0	-0.22	2.74	1.00	0.00	0.16	111115
20	"12:13:16"	365.0	0	12.4	0.197	267	3.46	1.26	15.55	6	1.42	1	2.84	11.43	15.55	10.01	399.40	382.97	3.326	7.442	16.80	37.59	499.9	1500	311	68.46	-2.89	0.25	1.0	-0.22	2.74	1.00	0.00	0.16	111115
21	"12:13:16"	365.5	0	12.4	0.197	267	3.46	1.26	15.55	6	1.42	1	2.84	11.43	15.55	10.01	399.41	382.97	3.329	7.446	16.81	37.61	499.9	1499	311	68.46	-2.89	0.25	1.0	-0.22	2.74	1.00	0.00	0.16	111115
22	"12:13:17"	366.0	0	12.4	0.197	266	3.46	1.26	15.55	6	1.42	1	2.84	11.43	15.55	10.01	399.47	382.94	3.331	7.451	16.82	37.62	499.9	1499	312	68.46	-2.89	0.25	1.0	-0.22	2.74	1.00	0.00	0.16	111115
23	"12:13:17"	366.5	0	12.5	0.197	266	3.46	1.26	15.55	6	1.42	1	2.84	11.44	15.55	10.01	399.53	382.94	3.333	7.454	16.83	37.63	499.9	1499	312	68.46	-2.89	0.25	1.0	-0.22	2.74	1.00	0.00	0.16	111115
24	"12:13:18"	367.0	0	12.4	0.197	267	3.46	1.26	15.55	6	1.42	1	2.84	11.44	15.55	10.01	399.48	383.00	3.335	7.456	16.83	37.64	499.9	1499	312	68.46	-2.89	0.25	1.0	-0.22	2.74	1.00	0.00	0.16	111115
25	"12:13:18"	367.5	0	12.3	0.197	267	3.46	1.26	15.56	6	1.42	1	2.84	11.44	15.56	10.01	399.43	383.04	3.337	7.458	16.84	37.64	499.9	1499	312	68.46	-2.89	0.25	1.0	-0.22	2.74	1.00	0.00	0.16	111115
26	"12:13:19"	368.0	0	12.3	0.197	268	3.46	1.26	15.56	6	1.42	1	2.84	11.44	15.56	10.01	399.41	383.06	3.340	7.460	16.85	37.64	499.9	1499	312	68.46	-2.89	0.25	1.0	-0.22	2.74	1.00	0.00	0.16	111115
27	"12:13:19"	368.5	0	12.4	0.197	267	3.46	1.26	15.56	6	1.42	1	2.84	11.44	15.56	10.01	399.44	383.02	3.339	7.463	16.85	37.66	499.9	1499	312	68.46	-2.89	0.25	1.0	-0.22	2.74	1.00	0.00	0.16	111115
28	"12:13:20"	369.0	0	12.4	0.197	267	3.46	1.26	15.57	6	1.42	1	2.84	11.45	15.57	10.01	399.45	383.00	3.339	7.466	16.84	37.66	499.9	1499	313	68.46	-2.89	0.25	1.0	-0.22	2.74	1.00	0.00	0.16	111115
29	"12:13:20"	369.5	0	12.5	0.197	266	3.47	1.26	15.58	6	1.42	1	2.84	11.45	15.58	10.01	399.54	382.97	3.337	7.469	16.83	37.68	499.9	1499	313	68.46	-2.89	0.25	1.0	-0.22	2.74	1.00	0.00	0.16	111115
30	"12:13:21"	370.0	0	12.5	0.197	266	3.47	1.27	15.58	6	1.42	1	2.84	11.45	15.58	10.01	399.53	382.98	3.337	7.471	16.83	37.68	499.9	1499	313	68.46	-2.89	0.25	0.7	-0.22	2.74	1.00	0.00	0.16	111115
"12:13:29 Coolers: Tblock -> 15.00 C"
"12:15:32 Flow: Fixed -> 500 umol/s"
31	"12:16:28"	558.0	0	12.6	0.18	253	3.8	1.5	18.48	6	1.42	1	2.84	15.67	18.48	15.08	399.17	382.28	4.734	9.249	18.14	35.44	499.9	1499	130	68.46	-2.83	0.243	1.0	-0.22	2.74	1.00	0.00	0.16	111115
32	"12:16:29"	558.0	0	12.6	0.18	253	3.8	1.5	18.48	6	1.42	1	2.84	15.67	18.48	15.08	399.17	382.28	4.734	9.249	18.14	35.44	499.9	1499	130	68.46	-2.83	0.243	1.0	-0.22	2.74	1.00	0.00	0.16	111115
33	"12:16:29"	558.0	0	12.6	0.18	253	3.8	1.5	18.48	6	1.42	1	2.84	15.67	18.48	15.08	399.17	382.28	4.734	9.249	18.14	35.44	499.9	1499	130	68.46	-2.83	0.243	1.0	-0.22	2.74	1.00	0.00	0.16	111115
34	"12:16:29"	558.5	0	12.6	0.18	253	3.8	1.5	18.48	6	1.42	1	2.84	15.67	18.48	15.08	399.18	382.31	4.734	9.248	18.14	35.43	499.9	1499	143	68.46	-2.83	0.243	1.0	-0.22	2.74	1.00	0.00	0.16	111115
35	"12:16:30"	559.0	0	12.6	0.18	253	3.79	1.5	18.49	6	1.42	1	2.84	15.67	18.49	15.08	399.14	382.32	4.734	9.245	18.14	35.42	500.0	1499	158	68.46	-2.83	0.243	1.0	-0.22	2.74	1.00	0.00	0.16	111115
36	"12:16:30"	559.5	0	12.5	0.18	254	3.79	1.5	18.49	6	1.42	1	2.84	15.67	18.49	15.08	399.09	382.31	4.733	9.242	18.13	35.41	500.0	1499	174	68.46	-2.83	0.243	1.0	-0.22	2.74	1.00	0.00	0.16	111115
37	"12:16:31"	560.0	0	12.5	0.18	254	3.79	1.5	18.49	6	1.42	1	2.84	15.67	18.49	15.08	399.07	382.30	4.731	9.242	18.12	35.40	500.0	1500	191	68.46	-2.83	0.243	1.0	-0.22	2.74	1.00	0.00	0.16	111115
38	"12:16:31"	560.5	0	12.6	0.18	253	3.8	1.5	18.50	6	1.42	1	2.84	15.67	18.50	15.08	399.10	382.28	4.729	9.241	18.11	35.40	500.0	1500	207	68.46	-2.83	0.243	1.0	-0.22	2.74	1.00	0.00	0.16	111115
39	"12:16:32"	561.0	0	12.5	0.18	254	3.79	1.5	18.50	6	1.42	1	2.84	15.68	18.50	15.08	399.05	382.29	4.727	9.239	18.11	35.39	500.0	1500	221	68.46	-2.83	0.243	1.0	-0.22	2.74	1.00	0.00	0.16	111115
40	"12:16:32"	561.5	0	12.5	0.18	254	3.79	1.5	18.50	6	1.42	1	2.84	15.68	18.50	15.08	399.01	382.26	4.725	9.237	18.10	35.38	500.0	1500	234	68.46	-2.83	0.243	1.0	-0.22	2.74	1.00	0.00	0.16	111115
41	"12:16:33"	562.0	0	12.5	0.18	254	3.79	1.51	18.50	6	1.42	1	2.84	15.68	18.50	15.08	398.98	382.28	4.724	9.234	18.09	35.36	500.0	1500	245	68.46	-2.83	0.243	1.0	-0.22	2.74	1.00	0.00	0.16	111115
42	"12:16:34"	562.5	0	12.5	0.18	254	3.79	1.51	18.50	6	1.42	1	2.84	15.68	18.50	15.08	398.99	382.26	4.722	9.234	18.08	35.36	499.9	1500	253	68.46	-2.83	0.243	1.0	-0.22	2.74	1.00	0.00	0.16	111115
43	"12:16:34"	563.0	0	12.5	0.18	253	3.8	1.51	18.51	6	1.42	1	2.84	15.68	18.51	15.08	399.04	382.27	4.720	9.234	18.07	35.36	499.9	1500	259	68.46	-2.83	0.243	1.0	-0.22	2.74	1.00	0.00	0.16	111115
44	"12:16:35"	563.5	0	12.5	0.18	253	3.8	1.51	18.51	6	1.42	1	2.84	15.68	18.51	15.08	399.08	382.28	4.719	9.234	18.07	35.35	499.9	1500	263	68.46	-2.83	0.243	1.0	-0.22	2.74	1.00	0.00	0.16	111115
45	"12:16:35"	564.0	0	12.5	0.18	253	3.8	1.51	18.52	6	1.42	1	2.84	15.68	18.52	15.08	399.08	382.29	4.718	9.232	18.06	35.34	499.9	1500	265	68.46	-2.83	0.243	1.0	-0.22	2.74	1.00	0.00	0.16	111115
"12:16:43 Coolers: Tblock -> 20.00 C"
"12:18:21 Flow: Fixed -> 500 umol/s"
46	"12:18:39"	688.5	0	12	0.16	247	3.67	1.62	20.63	6	1.42	1	2.84	19.59	20.63	19.98	400.54	384.48	7.559	11.914	22.62	35.66	499.9	1499	321	68.46	-2.94	0.227	1.0	-0.22	2.74	1.00	0.00	0.16	111115
47	"12:18:39"	688.5	0	12	0.16	247	3.67	1.62	20.63	6	1.42	1	2.84	19.59	20.63	19.98	400.54	384.48	7.559	11.914	22.62	35.66	499.9	1499	321	68.46	-2.94	0.227	1.0	-0.22	2.74	1.00	0.00	0.16	111115
48	"12:18:39"	689.0	0	12	0.16	247	3.67	1.62	20.63	6	1.42	1	2.84	19.59	20.63	19.98	400.52	384.48	7.564	11.918	22.63	35.67	499.9	1499	322	68.46	-2.94	0.227	1.0	-0.22	2.74	1.00	0.00	0.16	111115
49	"12:18:40"	689.5	0	11.9	0.159	247	3.67	1.63	20.64	6	1.42	1	2.84	19.59	20.64	19.98	400.51	384.48	7.569	11.920	22.65	35.66	499.9	1499	322	68.46	-2.94	0.227	1.0	-0.22	2.74	1.00	0.00	0.16	111115
50	"12:18:40"	690.0	0	11.9	0.159	247	3.67	1.63	20.65	6	1.42	1	2.84	19.60	20.65	19.98	400.47	384.51	7.575	11.923	22.66	35.66	499.9	1499	322	68.46	-2.94	0.227	1.0	-0.22	2.74	1.00	0.00	0.16	111115
51	"12:18:41"	690.5	0	11.9	0.159	247	3.67	1.63	20.66	6	1.42	1	2.84	19.60	20.66	19.98	400.48	384.47	7.579	11.928	22.66	35.67	499.9	1499	322	68.46	-2.94	0.227	1.0	-0.22	2.74	1.00	0.00	0.16	111115
52	"12:18:41"	691.0	0	11.9	0.159	246	3.67	1.63	20.67	6	1.42	1	2.84	19.61	20.67	19.98	400.48	384.45	7.584	11.934	22.67	35.67	499.9	1499	322	68.46	-2.94	0.227	1.0	-0.22	2.74	1.00	0.00	0.16	111115
53	"12:18:42"	691.5	0	11.9	0.159	247	3.67	1.63	20.67	6	1.42	1	2.84	19.61	20.67	19.98	400.46	384.47	7.588	11.938	22.68	35.68	499.9	1499	322	68.46	-2.94	0.227	1.0	-0.22	2.74	1.00	0.00	0.16	111115
54	"12:18:43"	692.0	0	11.9	0.159	247	3.67	1.63	20.68	6	1.42	1	2.84	19.61	20.68	19.98	400.45	384.50	7.594	11.942	22.69	35.68	499.9	1499	322	68.46	-2.94	0.227	1.0	-0.22	2.74	1.00	0.00	0.16	111115
55	"12:18:43"	692.5	0	11.9	0.159	246	3.67	1.63	20.69	6	1.42	1	2.84	19.62	20.69	19.98	400.46	384.48	7.597	11.945	22.69	35.68	499.9	1499	322	68.46	-2.94	0.227	1.0	-0.22	2.74	1.00	0.00	0.16	111115
56	"12:18:44"	693.0	0	11.9	0.158	246	3.67	1.63	20.70	6	1.42	1	2.84	19.62	20.70	19.98	400.50	384.49	7.602	11.949	22.70	35.68	499.9	1499	322	68.46	-2.94	0.227	1.0	-0.22	2.74	1.00	0.00	0.16	111115
57	"12:18:44"	693.5	0	12	0.158	246	3.67	1.63	20.71	6	1.42	1	2.84	19.63	20.71	19.98	400.56	384.49	7.606	11.953	22.71	35.69	499.9	1499	322	68.46	-2.94	0.227	1.0	-0.22	2.74	1.00	0.00	0.16	111115
58	"12:18:45"	694.0	0	12	0.158	245	3.67	1.63	20.71	6	1.42	1	2.84	19.63	20.71	19.98	400.58	384.49	7.611	11.958	22.72	35.69	499.9	1499	322	68.46	-2.94	0.227	1.0	-0.22	2.74	1.00	0.00	0.16	111115
59	"12:18:45"	694.5	0	12	0.158	246	3.66	1.63	20.72	6	1.42	1	2.84	19.63	20.72	19.98	400.56	384.52	7.616	11.960	22.73	35.69	499.9	1499	321	68.46	-2.94	0.227	1.0	-0.22	2.74	1.00	0.00	0.16	111115
60	"12:18:46"	695.0	0	11.9	0.158	246	3.66	1.63	20.72	6	1.42	1	2.84	19.64	20.72	19.98	400.53	384.52	7.620	11.964	22.74	35.70	499.9	1499	321	68.46	-2.94	0.227	1.0	-0.22	2.74	1.00	0.00	0.16	111115
"12:18:55 Coolers: Tblock -> 25.00 C"
"12:21:04 Flow: Fixed -> 500 umol/s"
61	"12:21:20"	849.5	0	11.1	0.132	231	3.61	1.89	23.81	6	1.42	1	2.84	24.14	23.81	25.04	399.29	384.34	11.356	15.616	25.74	35.40	499.9	1500	273	68.46	-2.77	0.186	1.0	-0.22	2.74	1.00	0.00	0.16	111115
62	"12:21:20"	849.5	0	11.1	0.132	231	3.61	1.89	23.81	6	1.42	1	2.84	24.14	23.81	25.04	399.29	384.34	11.356	15.616	25.74	35.40	499.9	1500	273	68.46	-2.77	0.186	1.0	-0.22	2.74	1.00	0.00	0.16	111115
63	"12:21:21"	850.0	0	11	0.132	232	3.61	1.89	23.82	6	1.42	1	2.84	24.14	23.82	25.04	399.28	384.35	11.356	15.617	25.74	35.39	499.9	1500	272	68.46	-2.77	0.186	1.0	-0.22	2.74	1.00	0.00	0.16	111115
64	"12:21:21"	850.5	0	11.1	0.132	231	3.61	1.89	23.83	6	1.42	1	2.84	24.15	23.83	25.04	399.28	384.34	11.354	15.616	25.73	35.39	499.9	1500	272	68.46	-2.77	0.186	1.0	-0.22	2.74	1.00	0.00	0.16	111115
65	"12:21:22"	851.0	0	11.1	0.132	231	3.61	1.9	23.83	6	1.42	1	2.84	24.15	23.83	25.04	399.31	384.33	11.352	15.615	25.72	35.38	499.9	1500	271	68.46	-2.77	0.186	1.0	-0.22	2.74	1.00	0.00	0.16	111115
66	"12:21:22"	851.5	0	11.1	0.132	231	3.61	1.9	23.84	6	1.42	1	2.84	24.15	23.84	25.04	399.30	384.33	11.350	15.613	25.71	35.37	499.9	1500	271	68.46	-2.77	0.186	1.0	-0.22	2.74	1.00	0.00	0.16	111115
67	"12:21:23"	852.0	0	11.1	0.132	231	3.61	1.9	23.84	6	1.42	1	2.84	24.15	23.84	25.04	399.29	384.35	11.347	15.613	25.70	35.36	499.9	1500	270	68.46	-2.77	0.186	1.0	-0.22	2.74	1.00	0.00	0.16	111115
68	"12:21:23"	852.5	0	11.1	0.132	231	3.61	1.9	23.84	6	1.42	1	2.84	24.16	23.84	25.04	399.30	384.36	11.344	15.612	25.69	35.35	499.9	1500	270	68.46	-2.77	0.186	1.0	-0.22	2.74	1.00	0.00	0.16	111115
69	"12:21:24"	853.0	0	11	0.132	232	3.61	1.9	23.85	6	1.42	1	2.84	24.16	23.85	25.04	399.30	384.37	11.341	15.611	25.68	35.34	499.8	1500	269	68.46	-2.77	0.186	1.0	-0.22	2.74	1.00	0.00	0.16	111115
70	"12:21:24"	853.5	0	11	0.132	232	3.61	1.9	23.85	6	1.42	1	2.84	24.16	23.85	25.04	399.29	384.39	11.338	15.608	25.66	35.33	499.8	1500	269	68.46	-2.77	0.186	1.0	-0.22	2.74	1.00	0.00	0.16	111115
71	"12:21:25"	854.0	0	11	0.132	231	3.61	1.9	23.86	6	1.42	1	2.84	24.17	23.86	25.04	399.30	384.37	11.335	15.606	25.65	35.32	499.8	1500	269	68.46	-2.77	0.186	1.0	-0.22	2.74	1.00	0.00	0.16	111115
72	"12:21:25"	854.5	0	11	0.132	231	3.62	1.9	23.87	6	1.42	1	2.84	24.17	23.87	25.04	399.31	384.39	11.332	15.607	25.64	35.31	499.8	1499	268	68.46	-2.77	0.186	1.0	-0.22	2.74	1.00	0.00	0.16	111115
73	"12:21:26"	855.0	0	11	0.132	232	3.62	1.9	23.87	6	1.42	1	2.84	24.17	23.87	25.04	399.29	384.43	11.330	15.605	25.63	35.30	499.8	1499	267	68.46	-2.77	0.186	1.0	-0.22	2.74	1.00	0.00	0.16	111115
74	"12:21:26"	855.5	0	11	0.132	231	3.62	1.91	23.88	6	1.42	1	2.84	24.18	23.88	25.04	399.33	384.42	11.327	15.604	25.62	35.29	499.8	1499	267	68.46	-2.77	0.186	1.0	-0.22	2.74	1.00	0.00	0.16	111115
75	"12:21:27"	856.0	0	11	0.132	232	3.62	1.91	23.89	6	1.42	1	2.84	24.18	23.89	25.04	399.33	384.44	11.326	15.604	25.61	35.29	499.9	1500	265	68.46	-2.77	0.186	1.0	-0.22	2.74	1.00	0.00	0.16	111115
"12:21:35 Coolers: Tblock -> 30.00 C"
"12:25:33 Flow: Fixed -> 500 umol/s"
76	"12:26:00"	1129.5	0	9.58	0.0944	202	3.35	2.41	28.25	6	1.42	1	2.84	29.10	28.25	30.11	399.03	385.98	17.063	20.998	28.89	35.55	499.9	1499	303	68.46	-2.5	0.15	1.0	-0.22	2.74	1.00	0.00	0.16	111115
77	"12:26:00"	1129.5	0	9.58	0.0944	202	3.35	2.41	28.25	6	1.42	1	2.84	29.10	28.25	30.11	399.03	385.98	17.063	20.998	28.89	35.55	499.9	1499	303	68.46	-2.5	0.15	1.0	-0.22	2.74	1.00	0.00	0.16	111115
78	"12:26:01"	1130.0	0	9.58	0.0943	202	3.35	2.41	28.25	6	1.42	1	2.84	29.10	28.25	30.11	399.03	385.98	17.068	21.001	28.89	35.55	499.8	1499	303	68.46	-2.5	0.15	1.0	-0.22	2.74	1.00	0.00	0.16	111115
79	"12:26:01"	1130.5	0	9.64	0.0943	201	3.35	2.41	28.25	6	1.42	1	2.84	29.10	28.25	30.11	399.07	385.95	17.071	21.005	28.90	35.56	499.8	1499	303	68.46	-2.5	0.15	1.0	-0.22	2.74	1.00	0.00	0.16	111115
80	"12:26:02"	1131.0	0	9.64	0.0943	201	3.34	2.41	28.25	6	1.42	1	2.84	29.10	28.25	30.11	399.07	385.95	17.076	21.007	28.90	35.56	499.8	1499	303	68.46	-2.5	0.15	1.0	-0.22	2.74	1.00	0.00	0.16	111115
81	"12:26:02"	1131.5	0	9.65	0.0942	200	3.34	2.41	28.26	6	1.42	1	2.84	29.10	28.26	30.12	399.07	385.94	17.080	21.007	28.91	35.55	499.8	1499	303	68.46	-2.5	0.15	1.0	-0.22	2.74	1.00	0.00	0.16	111115
82	"12:26:03"	1132.0	0	9.61	0.094	201	3.34	2.41	28.26	6	1.42	1	2.84	29.10	28.26	30.12	399.05	385.97	17.085	21.008	28.91	35.55	499.8	1499	303	68.46	-2.5	0.15	1.0	-0.22	2.74	1.00	0.00	0.16	111115
83	"12:26:03"	1132.5	0	9.57	0.094	201	3.34	2.41	28.26	6	1.42	1	2.84	29.10	28.26	30.12	399.02	385.99	17.088	21.009	28.92	35.55	499.8	1499	303	68.46	-2.5	0.15	1.0	-0.22	2.74	1.00	0.00	0.16	111115
84	"12:26:04"	1133.0	0	9.58	0.094	201	3.34	2.41	28.26	6	1.42	1	2.84	29.10	28.26	30.12	399.03	385.98	17.090	21.012	28.92	35.56	499.8	1499	303	68.46	-2.5	0.15	1.0	-0.22	2.74	1.00	0.00	0.16	111115
85	"12:26:04"	1133.5	0	9.6	0.094	201	3.34	2.41	28.26	6	1.42	1	2.84	29.10	28.26	30.12	399.04	385.96	17.093	21.016	28.92	35.56	499.8	1499	303	68.46	-2.5	0.15	1.0	-0.22	2.74	1.00	0.00	0.16	111115
86	"12:26:05"	1134.0	0	9.56	0.094	202	3.34	2.41	28.26	6	1.42	1	2.84	29.11	28.26	30.12	398.99	385.97	17.094	21.018	28.92	35.56	499.8	1499	303	68.46	-2.5	0.15	1.0	-0.22	2.74	1.00	0.00	0.16	111115
87	"12:26:05"	1134.5	0	9.54	0.094	202	3.34	2.41	28.26	6	1.42	1	2.84	29.11	28.26	30.12	398.96	385.97	17.096	21.018	28.92	35.56	499.8	1499	304	68.46	-2.5	0.15	1.0	-0.22	2.74	1.00	0.00	0.16	111115
88	"12:26:06"	1135.0	0	9.53	0.0938	202	3.33	2.42	28.27	6	1.42	1	2.84	29.11	28.27	30.11	398.96	385.98	17.098	21.016	28.92	35.55	499.8	1499	304	68.46	-2.5	0.15	1.0	-0.22	2.74	1.00	0.00	0.16	111115
89	"12:26:06"	1135.5	0	9.57	0.0938	201	3.34	2.42	28.27	6	1.42	1	2.84	29.11	28.27	30.11	399.01	385.98	17.099	21.019	28.92	35.55	499.8	1499	303	68.46	-2.5	0.15	1.0	-0.22	2.74	1.00	0.00	0.16	111115
90	"12:26:07"	1136.0	0	9.68	0.0939	199	3.34	2.42	28.28	6	1.42	1	2.84	29.11	28.28	30.11	399.12	385.96	17.099	21.024	28.92	35.56	499.8	1499	304	68.46	-2.5	0.15	1.0	-0.22	2.74	1.00	0.00	0.16	111115
"12:26:15 Coolers: Tblock -> 35.00 C"
"12:30:17 Flow: Fixed -> 500 umol/s"
91	"12:30:56"	1425.5	0	7.72	0.0694	189	2.71	2.61	30.96	6	1.42	1	2.84	33.44	30.96	35.00	399.60	389.07	24.474	27.635	32.35	36.53	499.9	1499	259	68.46	-1.77	0.064	1.0	-0.22	2.74	1.00	0.00	0.16	111115
92	"12:30:56"	1425.5	0	7.72	0.0694	189	2.71	2.61	30.96	6	1.42	1	2.84	33.44	30.96	35.00	399.60	389.07	24.474	27.635	32.35	36.53	499.9	1499	259	68.46	-1.77	0.064	1.0	-0.22	2.74	1.00	0.00	0.16	111115
93	"12:30:57"	1425.5	0	7.72	0.0694	189	2.71	2.61	30.96	6	1.42	1	2.84	33.44	30.96	35.00	399.60	389.07	24.474	27.635	32.35	36.53	499.9	1499	259	68.46	-1.77	0.064	1.0	-0.22	2.74	1.00	0.00	0.16	111115
94	"12:30:57"	1426.0	0	7.74	0.0694	188	2.71	2.61	30.96	6	1.42	1	2.84	33.44	30.96	35.00	399.59	389.03	24.474	27.636	32.35	36.53	499.9	1499	260	68.46	-1.77	0.064	1.0	-0.22	2.74	1.00	0.00	0.16	111115
95	"12:30:58"	1426.5	0	7.77	0.0694	188	2.71	2.61	30.96	6	1.42	1	2.84	33.45	30.96	35.00	399.58	388.99	24.477	27.638	32.35	36.53	499.9	1499	262	68.46	-1.77	0.064	1.0	-0.22	2.74	1.00	0.00	0.16	111115
96	"12:30:58"	1427.0	0	7.71	0.0694	189	2.71	2.61	30.96	6	1.42	1	2.84	33.45	30.96	35.00	399.52	389.00	24.478	27.638	32.35	36.53	499.9	1499	263	68.46	-1.77	0.064	1.0	-0.22	2.74	1.00	0.00	0.16	111115
97	"12:30:59"	1427.5	0	7.65	0.0693	190	2.7	2.61	30.96	6	1.42	1	2.84	33.45	30.96	35.00	399.46	389.02	24.481	27.637	32.35	36.52	499.9	1499	265	68.46	-1.77	0.064	1.0	-0.22	2.74	1.00	0.00	0.16	111115
98	"12:30:59"	1428.0	0	7.68	0.0693	190	2.7	2.61	30.96	6	1.42	1	2.84	33.45	30.96	35.00	399.47	389.00	24.481	27.637	32.35	36.52	499.9	1499	266	68.46	-1.77	0.064	1.0	-0.22	2.74	1.00	0.00	0.16	111115
99	"12:31:00"	1428.5	0	7.63	0.0693	191	2.71	2.61	30.97	6	1.42	1	2.84	33.45	30.97	35.00	399.42	389.01	24.482	27.639	32.35	36.52	499.9	1499	266	68.46	-1.77	0.064	1.0	-0.22	2.74	1.00	0.00	0.16	111115
100	"12:31:00"	1429.0	0	7.61	0.0693	191	2.7	2.61	30.97	6	1.42	1	2.84	33.45	30.97	35.00	399.40	389.00	24.482	27.638	32.35	36.52	499.9	1499	266	68.46	-1.77	0.064	1.0	-0.22	2.74	1.00	0.00	0.16	111115
101	"12:31:01"	1429.5	0	7.58	0.0692	191	2.7	2.61	30.97	6	1.42	1	2.84	33.45	30.97	35.00	399.35	388.99	24.484	27.639	32.35	36.52	499.9	1499	266	68.46	-1.77	0.064	1.0	-0.22	2.74	1.00	0.00	0.16	111115
102	"12:31:01"	1430.0	0	7.58	0.0691	191	2.7	2.61	30.97	6	1.42	1	2.84	33.45	30.97	35.00	399.33	388.98	24.486	27.637	32.35	36.51	499.8	1499	266	68.46	-1.77	0.064	1.0	-0.22	2.74	1.00	0.00	0.16	111115
103	"12:31:02"	1430.5	0	7.54	0.069	192	2.7	2.61	30.97	6	1.42	1	2.84	33.45	30.97	35.00	399.31	389.00	24.487	27.636	32.35	36.51	499.9	1499	266	68.46	-1.77	0.064	1.0	-0.22	2.74	1.00	0.00	0.16	111115
104	"12:31:02"	1431.0	0	7.6	0.069	191	2.7	2.61	30.98	6	1.42	1	2.84	33.45	30.98	35.00	399.33	388.95	24.489	27.636	32.35	36.51	499.8	1499	266	68.46	-1.77	0.064	1.0	-0.22	2.74	1.00	0.00	0.16	111115
105	"12:31:03"	1431.5	0	7.65	0.069	189	2.7	2.61	30.98	6	1.42	1	2.84	33.45	30.98	35.00	399.38	388.93	24.488	27.636	32.35	36.51	499.8	1499	266	68.46	-1.77	0.064	1.0	-0.22	2.74	1.00	0.00	0.16	111115
