"OPEN 6.2.4"
"Sun Jun 28 2015 13:59:39"
<open><version>"6.2.4"</version></open>
<open><configfile>"/User/Configs/UserPrefs/2x3 LED.xml"</configfile></open>
<open><light><source>"6400-02 or -02B LED Source"</source><par_in>1<sensor>"SI-3781"<cal>-0.93<actinity>1.00</actinity><transm>1.00</transm></cal></sensor><transm>1</transm></par_in><par_out>1<sensor>"Q49599"<cal>7.26</cal></sensor></par_out></light></open>
<open><comps><file>"/User/Configs/Comps/StdComps_6.2"<header>""</header><extras></extras></file><energybal>no<f_parIn>1</f_parIn><f_parOut>0</f_parOut><alphaK>0.16</alphaK></energybal><bc_total>2.840<stomatal_ratio>1</stomatal_ratio><bc_oneside>1.420<type>2</type><table>"/Sys/Lib/StdBLCTable"</table><area>6</area><slope>-0.219565</slope><offset>2.73739</offset><fan>5</fan></bc_oneside></bc_total></comps></open>
<open><prompts><onlog>off</onlog><items>"Default (none)"</items></prompts></open>
<open><constants><oxygen>21 %</oxygen><bb_vapor>1.5</bb_vapor><bb_oxy>0.9</bb_oxy></constants></open>
<open><stability><items>"Std Stability"<items[1]><id>-2</id><size>15</size><pcv><onoff>0</onoff><value>1</value></pcv><std><onoff>0</onoff><value>1</value></std><slp><onoff>1</onoff><value>1</value></slp></items[1]><items[2]><id>-5</id><size>15</size><pcv><onoff>0</onoff><value>1</value></pcv><std><onoff>0</onoff><value>1</value></std><slp><onoff>1</onoff><value>1</value></slp></items[2]><items[3]><id>-7</id><size>15</size><pcv><onoff>0</onoff><value>1</value></pcv><std><onoff>0</onoff><value>1</value></std><slp><onoff>1</onoff><value>1</value></slp></items[3]></items></stability></open>
<open><log><format>"StdLogFmt_6.0"<items>{ -35 -21 -36 -76 30 23 36 21 25 221 -33 111 -34 11 -9 -10 -8 -1 -2 -4 -5 -14 -15 -7 -12 -13 -11 -65 -66 -72 -18 -19 -77 -78 -79 -23  }<hdr>{  }</hdr></items></format><options><beep>on</beep><hdr>normal</hdr><rem>normal</rem><stab>no</stab><stats>no<mean>no</mean><file>no</file><period>15</period></stats><excel>yes</excel><controls>yes</controls><comm>no</comm></options><datafile>"/User/stm-pdeba4"</datafile><button><action>"Normal Log"<code>" LogOneObsManual "</code></action></button><autoprog>"/User/Configs/AutoProgs/AutoLog2"<active>no</active></autoprog></log></open>
<open><a2d><avgtime>4.0 secs</avgtime><userchans><ch20>"Off"</ch20><ch21>"Off"</ch21><ch22>"Off"</ch22><ch23>"Off"</ch23></userchans></a2d></open>
<open><matching><type>0</type><disp>'a'</disp><settings><CO2Limit>10.0</CO2Limit><H2OLimit>1.0</H2OLimit><MaxAutoTime>60</MaxAutoTime></settings></matching></open>
<li6400><factory><unit>"PSC-3840"</unit><serviced>"1 Jul 2013"</serviced><fuseaware>0</fuseaware><co2mixer>yes</co2mixer><co2><coeffs>{ 0 0.213319 2.22998e-05 2.13159e-08 -3.88664e-12 3.69888e-16  }</coeffs><dvdt>-4.7</dvdt><xs>{ 0.0009 -0.0002  }</xs></co2><h2o><coeffs>{ 0 0.00572751 2.23485e-06 -7.37877e-12  }</coeffs><dvdt>-1.7</dvdt><xs>{ 0.0009 -0.0028  }</xs></h2o><flow>{ 0 0.3568  }</flow><press>{ 88.437 0.00551  }</press></factory></li6400>
<li6400><user><flow_zero>-468.8</flow_zero><irga_zero><co2>429.7 390.6<at>17.6901</at></co2><h2o>78.1 156.2<at>17.1607</at></h2o></irga_zero><irga_span><co2>{ 0.99237 0.992833  }</co2><h2o>{ 1.00426 0.996799  }</h2o></irga_span><irga_match><co2>{ 0.368307 -0.505156  }</co2><h2o>{ 0.00477181 0.103241  }</h2o></irga_match><co2_mixer><pump_mv>4500</pump_mv><ppm>{ 2287.2 1080.71 423.89 257.488 117.195 68.0056 44.5242 37.9628  }</ppm><mv>{ 5000 3000 1500 1000 500 300 200 100  }</mv></co2_mixer><parin_offset>0</parin_offset><led_cal><unit>"SI-3781"</unit><mv>{ 10 25 50 100 1000 2000 3000 4000 5000  }</mv><qntm>{ 4.69642 15.4417 35.4805 82.2863 972.665 1922.29 2824.32 3690.14 4518.2  }</qntm></led_cal><lcf_cal><unit>"unknown"</unit><red><mv>{ 50 100 500 1000 1500 5000  }</mv><qntm>{ 50 100 500 1000 2000 5000  }</qntm></red><blue><mv>{ 100 200 500 1000 2000 5000  }</mv><qntm>{ 10 20 50 100 200 500  }</qntm></blue></lcf_cal></user></li6400>
"13:59:40 "
$STARTOFDATA$
"Obs"	"HHMMSS"	"FTime"	"EBal?"	"Photo"	"Cond"	"Ci"	"Trmmol"	"VpdL"	"CTleaf"	"Area"	"BLC_1"	"StmRat"	"BLCond"	"Tair"	"Tleaf"	"TBlk"	"CO2R"	"CO2S"	"H2OR"	"H2OS"	"RH_R"	"RH_S"	"Flow"	"PARi"	"PARo"	"Press"	"CsMch"	"HsMch"	"StableF"	"BLCslope"	"BLCoffst"	"f_parin"	"f_parout"	"alphaK"	"Status"
"14:06:46 CO2 Mixer: CO2R -> 400 uml"
"14:06:53 Coolers: Tblock -> 0.00 C"
"14:07:00 Lamp: ParIn ->  1500 uml"
"14:23:31 Flow: Fixed -> 500 umol/s"
"14:24:09 Coolers: Tblock -> 7.49 C"
"14:25:46 Flow: Fixed -> 500 umol/s"
1	"14:27:04"	1654.0	0	14	0.237	270	4.31	1.36	15.86	6	1.42	1	2.84	10.35	15.86	7.70	400.83	381.61	1.094	6.343	6.09	35.31	489.4	1500	306	70.24	-0.658	0.32	0.7	-0.22	2.74	1.00	0.00	0.16	111215
2	"14:27:04"	1654.0	0	14	0.237	270	4.31	1.36	15.86	6	1.42	1	2.84	10.35	15.86	7.70	400.83	381.61	1.094	6.343	6.09	35.31	489.4	1500	306	70.24	-0.658	0.32	0.7	-0.22	2.74	1.00	0.00	0.16	111215
3	"14:27:05"	1654.5	0	14.1	0.237	270	4.31	1.36	15.85	6	1.42	1	2.84	10.35	15.85	7.70	400.97	381.69	1.093	6.343	6.09	35.31	489.4	1500	306	70.24	-0.658	0.32	0.7	-0.22	2.74	1.00	0.00	0.16	111215
4	"14:27:05"	1655.0	0	14.1	0.237	269	4.31	1.36	15.85	6	1.42	1	2.84	10.35	15.85	7.70	401.12	381.76	1.093	6.341	6.09	35.30	489.4	1500	306	70.24	-0.658	0.32	0.7	-0.22	2.74	1.00	0.00	0.16	111215
5	"14:27:06"	1655.5	0	14.2	0.237	269	4.31	1.36	15.85	6	1.42	1	2.84	10.35	15.85	7.70	401.22	381.81	1.093	6.340	6.08	35.29	489.3	1500	306	70.24	-0.658	0.32	0.7	-0.22	2.74	1.00	0.00	0.16	111215
6	"14:27:07"	1656.0	0	14.2	0.237	269	4.31	1.36	15.85	6	1.42	1	2.84	10.35	15.85	7.70	401.34	381.86	1.093	6.339	6.08	35.29	489.3	1500	306	70.24	-0.658	0.32	0.7	-0.22	2.74	1.00	0.00	0.16	111215
7	"14:27:07"	1656.5	0	14.2	0.237	269	4.31	1.36	15.85	6	1.42	1	2.84	10.35	15.85	7.70	401.42	381.94	1.092	6.339	6.08	35.28	489.3	1500	306	70.24	-0.658	0.32	0.7	-0.22	2.74	1.00	0.00	0.16	111215
8	"14:27:08"	1657.0	0	14.2	0.237	269	4.3	1.36	15.85	6	1.42	1	2.84	10.36	15.85	7.70	401.48	382.03	1.092	6.338	6.08	35.27	489.2	1500	306	70.25	-0.658	0.32	0.7	-0.22	2.74	1.00	0.00	0.16	111215
9	"14:27:08"	1657.5	0	14.2	0.237	269	4.3	1.36	15.85	6	1.42	1	2.84	10.36	15.85	7.70	401.54	382.14	1.093	6.337	6.08	35.26	489.3	1500	306	70.25	-0.658	0.32	0.7	-0.22	2.74	1.00	0.00	0.16	111215
10	"14:27:09"	1658.0	0	14.2	0.236	269	4.3	1.36	15.85	6	1.42	1	2.84	10.36	15.85	7.70	401.62	382.21	1.093	6.336	6.08	35.26	489.2	1500	306	70.25	-0.658	0.32	0.7	-0.22	2.74	1.00	0.00	0.16	111215
11	"14:27:09"	1658.5	0	14.2	0.236	269	4.3	1.36	15.86	6	1.42	1	2.84	10.36	15.86	7.70	401.73	382.25	1.092	6.335	6.08	35.25	489.2	1500	306	70.25	-0.658	0.32	0.7	-0.22	2.74	1.00	0.00	0.16	111215
12	"14:27:10"	1659.0	0	14.3	0.236	269	4.3	1.36	15.85	6	1.42	1	2.84	10.36	15.85	7.71	401.82	382.29	1.092	6.334	6.08	35.24	489.2	1500	306	70.25	-0.658	0.32	0.7	-0.22	2.74	1.00	0.00	0.16	111215
13	"14:27:10"	1659.5	0	14.3	0.236	268	4.3	1.36	15.85	6	1.42	1	2.84	10.36	15.85	7.71	401.91	382.34	1.092	6.335	6.08	35.25	489.2	1500	306	70.25	-0.658	0.32	0.3	-0.22	2.74	1.00	0.00	0.16	111215
14	"14:27:11"	1660.0	0	14.3	0.237	269	4.3	1.36	15.85	6	1.42	1	2.84	10.36	15.85	7.71	401.89	382.37	1.092	6.336	6.08	35.25	489.2	1500	306	70.25	-0.658	0.32	0.3	-0.22	2.74	1.00	0.00	0.16	111215
15	"14:27:11"	1660.5	0	14.2	0.237	269	4.3	1.36	15.85	6	1.42	1	2.84	10.36	15.85	7.71	401.86	382.40	1.092	6.336	6.07	35.25	489.2	1500	306	70.25	-0.658	0.32	0.3	-0.22	2.74	1.00	0.00	0.16	111215
"14:27:23 Coolers: Tblock -> 12.00 C"
"14:29:04 Flow: Fixed -> 500 umol/s"
16	"14:29:53"	1823.5	0	14.7	0.235	262	4.51	1.44	17.43	6	1.42	1	2.84	13.73	17.43	11.97	399.91	379.82	2.515	8.008	11.21	35.69	488.9	1500	310	70.24	-1.38	0.32	1.0	-0.22	2.74	1.00	0.00	0.16	111215
17	"14:29:54"	1823.5	0	14.7	0.235	262	4.51	1.44	17.43	6	1.42	1	2.84	13.73	17.43	11.97	399.91	379.82	2.515	8.008	11.21	35.69	488.9	1500	310	70.24	-1.38	0.32	1.0	-0.22	2.74	1.00	0.00	0.16	111215
18	"14:29:54"	1824.0	0	14.7	0.235	262	4.51	1.44	17.43	6	1.42	1	2.84	13.73	17.43	11.97	399.96	379.82	2.515	8.009	11.20	35.68	488.8	1500	311	70.24	-1.38	0.32	1.0	-0.22	2.74	1.00	0.00	0.16	111215
19	"14:29:55"	1824.5	0	14.7	0.235	262	4.51	1.44	17.43	6	1.42	1	2.84	13.73	17.43	11.97	400.00	379.84	2.515	8.009	11.20	35.68	488.8	1500	311	70.24	-1.38	0.32	1.0	-0.22	2.74	1.00	0.00	0.16	111215
20	"14:29:55"	1825.0	0	14.7	0.234	262	4.51	1.44	17.44	6	1.42	1	2.84	13.73	17.44	11.97	399.97	379.79	2.515	8.010	11.20	35.68	488.8	1500	311	70.24	-1.38	0.32	1.0	-0.22	2.74	1.00	0.00	0.16	111215
21	"14:29:56"	1825.5	0	14.7	0.234	262	4.51	1.44	17.44	6	1.42	1	2.84	13.74	17.44	11.97	399.90	379.79	2.516	8.011	11.20	35.68	488.9	1500	311	70.24	-1.38	0.32	1.0	-0.22	2.74	1.00	0.00	0.16	111215
22	"14:29:56"	1826.0	0	14.6	0.235	263	4.52	1.44	17.44	6	1.42	1	2.84	13.74	17.44	11.97	399.78	379.78	2.516	8.013	11.20	35.69	488.9	1500	311	70.24	-1.38	0.32	1.0	-0.22	2.74	1.00	0.00	0.16	111215
23	"14:29:57"	1826.5	0	14.5	0.235	263	4.51	1.44	17.44	6	1.42	1	2.84	13.74	17.44	11.97	399.70	379.76	2.516	8.014	11.21	35.68	488.8	1500	311	70.24	-1.38	0.32	1.0	-0.22	2.74	1.00	0.00	0.16	111215
24	"14:29:57"	1827.0	0	14.5	0.235	263	4.52	1.44	17.44	6	1.42	1	2.84	13.74	17.44	11.97	399.63	379.72	2.516	8.016	11.20	35.69	488.8	1500	311	70.24	-1.38	0.32	1.0	-0.22	2.74	1.00	0.00	0.16	111215
25	"14:29:58"	1827.5	0	14.5	0.235	263	4.52	1.44	17.45	6	1.42	1	2.84	13.74	17.45	11.97	399.60	379.69	2.517	8.017	11.20	35.69	488.8	1500	311	70.24	-1.38	0.32	1.0	-0.22	2.74	1.00	0.00	0.16	111215
26	"14:29:59"	1828.0	0	14.5	0.235	263	4.52	1.44	17.45	6	1.42	1	2.84	13.75	17.45	11.97	399.61	379.69	2.517	8.018	11.20	35.69	488.8	1500	311	70.24	-1.38	0.32	1.0	-0.22	2.74	1.00	0.00	0.16	111215
27	"14:29:59"	1828.5	0	14.5	0.235	264	4.52	1.44	17.46	6	1.42	1	2.84	13.75	17.46	11.97	399.58	379.73	2.516	8.019	11.20	35.69	488.8	1500	311	70.24	-1.38	0.32	1.0	-0.22	2.74	1.00	0.00	0.16	111215
28	"14:30:00"	1829.0	0	14.3	0.235	264	4.52	1.44	17.46	6	1.42	1	2.84	13.75	17.46	11.97	399.52	379.80	2.516	8.020	11.20	35.69	488.8	1500	311	70.24	-1.38	0.32	1.0	-0.22	2.74	1.00	0.00	0.16	111215
29	"14:30:00"	1830.0	0	14.5	0.234	263	4.52	1.44	17.47	6	1.42	1	2.84	13.75	17.47	11.97	399.80	379.85	2.515	8.020	11.19	35.68	488.7	1500	311	70.24	-1.38	0.32	1.0	-0.22	2.74	1.00	0.00	0.16	111215
30	"14:30:01"	1830.5	0	14.7	0.234	262	4.52	1.44	17.47	6	1.42	1	2.84	13.76	17.47	11.97	399.97	379.86	2.514	8.021	11.18	35.68	488.8	1500	311	70.24	-1.38	0.32	1.0	-0.22	2.74	1.00	0.00	0.16	111215
"14:30:12 Coolers: Tblock -> 17.00 C"
"14:35:37 Flow: Fixed -> 500 umol/s"
31	"14:36:58"	2248.0	0	14.5	0.233	261	5.11	1.63	20.37	6	1.42	1	2.84	18.28	20.37	17.02	399.70	379.51	4.823	11.036	16.07	36.78	488.0	1499	312	70.23	-0.666	0.329	0.7	-0.22	2.74	1.00	0.00	0.16	111215
32	"14:36:58"	2248.0	0	14.5	0.233	261	5.11	1.63	20.37	6	1.42	1	2.84	18.28	20.37	17.02	399.70	379.51	4.823	11.036	16.07	36.78	488.0	1499	312	70.23	-0.666	0.329	0.7	-0.22	2.74	1.00	0.00	0.16	111215
33	"14:36:59"	2248.5	0	14.4	0.233	262	5.11	1.63	20.38	6	1.42	1	2.84	18.28	20.38	17.02	399.55	379.49	4.824	11.035	16.07	36.77	488.0	1499	312	70.23	-0.666	0.329	0.7	-0.22	2.74	1.00	0.00	0.16	111215
34	"14:36:59"	2249.0	0	14.4	0.233	261	5.11	1.63	20.38	6	1.42	1	2.84	18.28	20.38	17.02	399.59	379.44	4.824	11.037	16.07	36.78	488.0	1499	312	70.24	-0.666	0.329	0.3	-0.22	2.74	1.00	0.00	0.16	111215
35	"14:37:00"	2249.5	0	14.5	0.233	261	5.11	1.63	20.38	6	1.42	1	2.84	18.28	20.38	17.02	399.67	379.43	4.825	11.038	16.08	36.78	488.0	1499	312	70.23	-0.666	0.329	0.3	-0.22	2.74	1.00	0.00	0.16	111215
36	"14:37:00"	2250.0	0	14.5	0.233	261	5.11	1.63	20.38	6	1.42	1	2.84	18.28	20.38	17.02	399.69	379.43	4.825	11.037	16.08	36.77	488.0	1499	312	70.24	-0.666	0.329	0.3	-0.22	2.74	1.00	0.00	0.16	111215
37	"14:37:01"	2250.5	0	14.5	0.233	261	5.11	1.63	20.38	6	1.42	1	2.84	18.28	20.38	17.02	399.67	379.40	4.824	11.037	16.07	36.77	488.0	1499	312	70.24	-0.666	0.329	0.3	-0.22	2.74	1.00	0.00	0.16	111215
38	"14:37:01"	2251.0	0	14.4	0.233	261	5.11	1.63	20.38	6	1.42	1	2.84	18.28	20.38	17.02	399.59	379.45	4.824	11.036	16.07	36.77	487.9	1499	312	70.24	-0.666	0.329	0.3	-0.22	2.74	1.00	0.00	0.16	111215
39	"14:37:02"	2251.5	0	14.4	0.233	262	5.11	1.63	20.38	6	1.42	1	2.84	18.28	20.38	17.02	399.55	379.50	4.823	11.036	16.07	36.76	487.9	1499	312	70.23	-0.666	0.329	0.3	-0.22	2.74	1.00	0.00	0.16	111215
40	"14:37:02"	2252.0	0	14.4	0.233	262	5.11	1.63	20.39	6	1.42	1	2.84	18.28	20.39	17.02	399.68	379.58	4.823	11.036	16.07	36.76	487.8	1499	311	70.23	-0.666	0.329	0.3	-0.22	2.74	1.00	0.00	0.16	111215
41	"14:37:03"	2252.5	0	14.5	0.233	261	5.11	1.63	20.39	6	1.42	1	2.84	18.28	20.39	17.02	399.89	379.70	4.824	11.036	16.07	36.76	487.8	1499	311	70.23	-0.666	0.329	0.3	-0.22	2.74	1.00	0.00	0.16	111215
42	"14:37:04"	2253.0	0	14.5	0.233	261	5.1	1.63	20.39	6	1.42	1	2.84	18.28	20.39	17.02	400.04	379.87	4.824	11.034	16.07	36.76	487.7	1499	311	70.23	-0.666	0.329	0.3	-0.22	2.74	1.00	0.00	0.16	111215
43	"14:37:04"	2253.5	0	14.5	0.233	261	5.1	1.63	20.39	6	1.42	1	2.84	18.28	20.39	17.02	400.23	380.03	4.825	11.032	16.07	36.75	487.7	1499	311	70.23	-0.666	0.329	0.3	-0.22	2.74	1.00	0.00	0.16	111215
44	"14:37:05"	2254.0	0	14.6	0.233	261	5.1	1.63	20.39	6	1.42	1	2.84	18.28	20.39	17.02	400.54	380.19	4.824	11.033	16.07	36.75	487.7	1499	311	70.23	-0.666	0.329	0.7	-0.22	2.74	1.00	0.00	0.16	111215
45	"14:37:05"	2254.5	0	14.7	0.233	260	5.1	1.63	20.40	6	1.42	1	2.84	18.28	20.40	17.02	400.82	380.33	4.823	11.033	16.07	36.75	487.6	1499	311	70.23	-0.666	0.329	0.7	-0.22	2.74	1.00	0.00	0.16	111215
"14:37:15 Coolers: Tblock -> 22.00 C"
"14:39:48 Flow: Fixed -> 500 umol/s"
46	"14:41:19"	2508.5	0	14.6	0.216	250	5.54	1.89	23.23	6	1.42	1	2.84	22.60	23.23	22.09	399.53	379.00	7.134	13.856	18.21	35.36	487.7	1500	256	70.22	-0.543	0.304	0.7	-0.22	2.74	1.00	0.00	0.16	111215
47	"14:41:19"	2508.5	0	14.6	0.216	250	5.54	1.89	23.23	6	1.42	1	2.84	22.60	23.23	22.09	399.53	379.00	7.134	13.856	18.21	35.36	487.7	1500	256	70.22	-0.543	0.304	0.7	-0.22	2.74	1.00	0.00	0.16	111215
48	"14:41:20"	2509.0	0	14.6	0.216	250	5.54	1.89	23.23	6	1.42	1	2.84	22.60	23.23	22.09	399.46	378.97	7.135	13.857	18.21	35.36	487.7	1500	254	70.22	-0.543	0.304	0.7	-0.22	2.74	1.00	0.00	0.16	111215
49	"14:41:20"	2509.5	0	14.5	0.216	250	5.54	1.89	23.23	6	1.42	1	2.84	22.60	23.23	22.09	399.41	378.94	7.134	13.857	18.20	35.36	487.7	1500	253	70.22	-0.543	0.304	0.7	-0.22	2.74	1.00	0.00	0.16	111215
50	"14:41:21"	2510.0	0	14.4	0.216	252	5.54	1.89	23.23	6	1.42	1	2.84	22.60	23.23	22.09	399.21	378.96	7.134	13.858	18.20	35.35	487.7	1500	253	70.22	-0.543	0.304	0.7	-0.22	2.74	1.00	0.00	0.16	111215
51	"14:41:21"	2510.5	0	14.2	0.216	253	5.54	1.89	23.23	6	1.42	1	2.84	22.60	23.23	22.09	399.01	379.00	7.134	13.858	18.20	35.35	487.6	1500	255	70.22	-0.543	0.304	0.7	-0.22	2.74	1.00	0.00	0.16	111215
52	"14:41:22"	2511.0	0	14	0.216	254	5.54	1.89	23.23	6	1.42	1	2.84	22.60	23.23	22.09	398.91	379.06	7.134	13.859	18.20	35.35	487.5	1500	258	70.23	-0.543	0.304	0.7	-0.22	2.74	1.00	0.00	0.16	111215
53	"14:41:22"	2511.5	0	14	0.216	255	5.54	1.89	23.23	6	1.42	1	2.84	22.61	23.23	22.09	399.02	379.18	7.134	13.862	18.20	35.36	487.5	1500	263	70.23	-0.543	0.304	0.7	-0.22	2.74	1.00	0.00	0.16	111215
54	"14:41:23"	2512.0	0	14.1	0.216	254	5.54	1.89	23.23	6	1.42	1	2.84	22.61	23.23	22.09	399.27	379.34	7.133	13.863	18.19	35.36	487.4	1500	268	70.23	-0.543	0.304	0.7	-0.22	2.74	1.00	0.00	0.16	111215
55	"14:41:23"	2512.5	0	14.2	0.216	254	5.54	1.89	23.23	6	1.42	1	2.84	22.61	23.23	22.09	399.63	379.54	7.134	13.861	18.20	35.35	487.4	1500	274	70.23	-0.543	0.304	0.7	-0.22	2.74	1.00	0.00	0.16	111215
56	"14:41:24"	2513.0	0	14.4	0.216	252	5.54	1.89	23.23	6	1.42	1	2.84	22.61	23.23	22.09	400.06	379.71	7.133	13.862	18.19	35.36	487.4	1500	280	70.23	-0.543	0.304	0.3	-0.22	2.74	1.00	0.00	0.16	111215
57	"14:41:24"	2513.5	0	14.7	0.216	250	5.54	1.89	23.24	6	1.42	1	2.84	22.61	23.24	22.09	400.52	379.87	7.133	13.862	18.19	35.35	487.3	1500	287	70.23	-0.543	0.304	0.3	-0.22	2.74	1.00	0.00	0.16	111215
58	"14:41:25"	2514.0	0	15	0.216	248	5.54	1.89	23.24	6	1.42	1	2.84	22.61	23.24	22.09	401.00	380.00	7.132	13.862	18.19	35.35	487.3	1500	292	70.23	-0.543	0.304	0.3	-0.22	2.74	1.00	0.00	0.16	111215
59	"14:41:26"	2514.5	0	15.2	0.216	247	5.54	1.89	23.24	6	1.42	1	2.84	22.61	23.24	22.09	401.36	380.11	7.132	13.861	18.19	35.35	487.3	1500	297	70.23	-0.543	0.304	0.3	-0.22	2.74	1.00	0.00	0.16	111215
60	"14:41:26"	2515.0	0	15.2	0.216	246	5.54	1.89	23.24	6	1.42	1	2.84	22.61	23.24	22.09	401.58	380.22	7.133	13.861	18.19	35.35	487.3	1500	301	70.22	-0.543	0.304	0.3	-0.22	2.74	1.00	0.00	0.16	111215
"14:42:18 Flow: Fixed -> 500 umol/s"
61	"14:43:59"	2668.5	0	14	0.208	251	5.37	1.89	23.19	6	1.42	1	2.84	22.58	23.19	22.09	398.68	378.98	7.137	13.664	18.24	34.92	487.3	1500	310	70.23	-0.324	0.32	0.7	-0.22	2.74	1.00	0.00	0.16	111215
62	"14:43:59"	2668.5	0	14	0.208	251	5.37	1.89	23.19	6	1.42	1	2.84	22.58	23.19	22.09	398.68	378.98	7.137	13.664	18.24	34.92	487.3	1500	310	70.23	-0.324	0.32	0.7	-0.22	2.74	1.00	0.00	0.16	111215
63	"14:44:00"	2669.0	0	13.9	0.208	251	5.38	1.89	23.19	6	1.42	1	2.84	22.58	23.19	22.09	398.58	378.92	7.137	13.665	18.24	34.92	487.3	1500	310	70.23	-0.324	0.32	0.7	-0.22	2.74	1.00	0.00	0.16	111215
64	"14:44:01"	2669.5	0	14	0.208	251	5.37	1.89	23.19	6	1.42	1	2.84	22.58	23.19	22.09	398.64	378.93	7.138	13.666	18.24	34.92	487.2	1500	310	70.23	-0.324	0.32	1.0	-0.22	2.74	1.00	0.00	0.16	111215
65	"14:44:01"	2670.0	0	14	0.208	251	5.37	1.89	23.18	6	1.42	1	2.84	22.58	23.18	22.09	398.65	378.94	7.139	13.666	18.24	34.92	487.2	1500	310	70.23	-0.324	0.32	1.0	-0.22	2.74	1.00	0.00	0.16	111215
66	"14:44:02"	2670.5	0	14	0.208	251	5.38	1.89	23.19	6	1.42	1	2.84	22.58	23.19	22.09	398.67	378.97	7.139	13.668	18.24	34.92	487.3	1500	310	70.23	-0.324	0.32	1.0	-0.22	2.74	1.00	0.00	0.16	111215
67	"14:44:02"	2671.0	0	14	0.208	251	5.38	1.89	23.18	6	1.42	1	2.84	22.58	23.18	22.09	398.74	379.01	7.139	13.668	18.24	34.93	487.3	1500	309	70.23	-0.324	0.32	1.0	-0.22	2.74	1.00	0.00	0.16	111215
68	"14:44:03"	2671.5	0	14.1	0.208	251	5.38	1.89	23.18	6	1.42	1	2.84	22.58	23.18	22.09	398.86	379.04	7.140	13.668	18.24	34.93	487.3	1500	309	70.23	-0.324	0.32	1.0	-0.22	2.74	1.00	0.00	0.16	111215
69	"14:44:03"	2672.0	0	14.2	0.208	249	5.37	1.89	23.18	6	1.42	1	2.84	22.58	23.18	22.09	399.05	379.06	7.140	13.667	18.24	34.92	487.3	1500	309	70.23	-0.324	0.32	1.0	-0.22	2.74	1.00	0.00	0.16	111215
70	"14:44:04"	2672.5	0	14.4	0.208	248	5.37	1.89	23.18	6	1.42	1	2.84	22.58	23.18	22.10	399.26	379.07	7.141	13.667	18.25	34.92	487.3	1500	309	70.23	-0.324	0.32	1.0	-0.22	2.74	1.00	0.00	0.16	111215
71	"14:44:04"	2673.0	0	14.4	0.208	247	5.37	1.89	23.18	6	1.42	1	2.84	22.58	23.18	22.10	399.35	379.07	7.141	13.666	18.25	34.92	487.3	1499	309	70.23	-0.324	0.32	0.7	-0.22	2.74	1.00	0.00	0.16	111215
72	"14:44:05"	2673.5	0	14.4	0.208	248	5.37	1.89	23.18	6	1.42	1	2.84	22.58	23.18	22.10	399.30	379.05	7.140	13.665	18.24	34.92	487.2	1500	309	70.23	-0.324	0.32	0.7	-0.22	2.74	1.00	0.00	0.16	111215
73	"14:44:05"	2674.0	0	14.3	0.208	249	5.37	1.89	23.18	6	1.42	1	2.84	22.58	23.18	22.10	399.15	379.05	7.140	13.665	18.24	34.92	487.2	1500	308	70.23	-0.324	0.32	0.7	-0.22	2.74	1.00	0.00	0.16	111215
74	"14:44:06"	2674.5	0	14.2	0.208	249	5.37	1.89	23.18	6	1.42	1	2.84	22.58	23.18	22.10	399.05	379.04	7.139	13.663	18.24	34.91	487.2	1500	308	70.23	-0.324	0.32	0.7	-0.22	2.74	1.00	0.00	0.16	111215
75	"14:44:06"	2675.0	0	14.2	0.208	250	5.37	1.89	23.18	6	1.42	1	2.84	22.58	23.18	22.09	398.99	379.04	7.139	13.661	18.24	34.91	487.2	1500	308	70.23	-0.324	0.32	0.7	-0.22	2.74	1.00	0.00	0.16	111215
"14:44:17 Coolers: Tblock -> 27.00 C"
"14:46:52 Flow: Fixed -> 500 umol/s"
76	"14:47:38"	2888.5	0	13.5	0.197	248	5.41	1.99	25.35	6	1.42	1	2.84	26.51	25.35	26.97	397.95	378.86	11.351	17.864	22.93	36.09	489.3	1500	48	70.23	-0.565	0.283	0.7	-0.22	2.74	1.00	0.00	0.16	111215
77	"14:47:39"	2888.5	0	13.5	0.197	248	5.41	1.99	25.35	6	1.42	1	2.84	26.51	25.35	26.97	397.95	378.86	11.351	17.864	22.93	36.09	489.3	1500	48	70.23	-0.565	0.283	0.7	-0.22	2.74	1.00	0.00	0.16	111215
78	"14:47:39"	2889.0	0	13.5	0.197	248	5.41	1.99	25.35	6	1.42	1	2.84	26.51	25.35	26.97	397.88	378.80	11.350	17.861	22.93	36.08	489.2	1500	48	70.23	-0.565	0.283	1.0	-0.22	2.74	1.00	0.00	0.16	111215
79	"14:47:40"	2889.5	0	13.6	0.197	248	5.41	1.99	25.35	6	1.42	1	2.84	26.51	25.35	26.97	397.94	378.80	11.349	17.863	22.93	36.08	489.2	1500	48	70.23	-0.565	0.283	1.0	-0.22	2.74	1.00	0.00	0.16	111215
80	"14:47:40"	2890.0	0	13.6	0.197	247	5.41	1.99	25.35	6	1.42	1	2.84	26.51	25.35	26.97	398.07	378.81	11.349	17.862	22.92	36.08	489.2	1500	48	70.23	-0.565	0.283	1.0	-0.22	2.74	1.00	0.00	0.16	111215
81	"14:47:41"	2890.5	0	13.7	0.197	247	5.41	1.99	25.35	6	1.42	1	2.84	26.51	25.35	26.97	398.23	378.94	11.348	17.862	22.92	36.08	489.1	1500	48	70.23	-0.565	0.283	1.0	-0.22	2.74	1.00	0.00	0.16	111215
82	"14:47:41"	2891.0	0	13.8	0.197	246	5.4	1.99	25.35	6	1.42	1	2.84	26.51	25.35	26.97	398.37	378.94	11.348	17.859	22.92	36.07	489.1	1500	48	70.23	-0.565	0.283	1.0	-0.22	2.74	1.00	0.00	0.16	111215
83	"14:47:42"	2891.5	0	13.8	0.197	246	5.41	1.99	25.35	6	1.42	1	2.84	26.51	25.35	26.97	398.52	379.02	11.349	17.861	22.92	36.07	489.2	1500	48	70.23	-0.565	0.283	1.0	-0.22	2.74	1.00	0.00	0.16	111215
84	"14:47:42"	2892.0	0	13.9	0.197	245	5.41	1.99	25.35	6	1.42	1	2.84	26.51	25.35	26.97	398.66	379.07	11.349	17.860	22.92	36.07	489.2	1500	48	70.23	-0.565	0.283	1.0	-0.22	2.74	1.00	0.00	0.16	111215
85	"14:47:43"	2892.5	0	14	0.197	244	5.4	1.99	25.35	6	1.42	1	2.84	26.51	25.35	26.97	398.84	379.10	11.349	17.859	22.92	36.07	489.2	1500	48	70.23	-0.565	0.283	0.7	-0.22	2.74	1.00	0.00	0.16	111215
86	"14:47:44"	2893.0	0	14.1	0.197	243	5.41	1.99	25.35	6	1.42	1	2.84	26.51	25.35	26.97	398.96	379.10	11.348	17.861	22.92	36.07	489.2	1500	48	70.23	-0.565	0.283	0.7	-0.22	2.74	1.00	0.00	0.16	111215
87	"14:47:44"	2893.5	0	14.2	0.197	243	5.41	1.99	25.35	6	1.42	1	2.84	26.51	25.35	26.97	398.93	379.04	11.347	17.860	22.92	36.07	489.3	1500	48	70.23	-0.565	0.283	0.7	-0.22	2.74	1.00	0.00	0.16	111215
88	"14:47:45"	2894.0	0	14.1	0.197	243	5.41	1.99	25.35	6	1.42	1	2.84	26.51	25.35	26.97	398.83	378.97	11.348	17.858	22.92	36.07	489.3	1500	49	70.23	-0.565	0.283	0.7	-0.22	2.74	1.00	0.00	0.16	111215
89	"14:47:45"	2895.0	0	14	0.197	244	5.41	1.99	25.35	6	1.42	1	2.84	26.51	25.35	26.97	398.52	378.81	11.346	17.862	22.92	36.08	489.3	1500	49	70.23	-0.565	0.283	0.7	-0.22	2.74	1.00	0.00	0.16	111215
90	"14:47:46"	2895.5	0	13.9	0.197	245	5.41	1.99	25.35	6	1.42	1	2.84	26.51	25.35	26.97	398.35	378.77	11.345	17.861	22.91	36.08	489.3	1500	49	70.23	-0.565	0.283	0.7	-0.22	2.74	1.00	0.00	0.16	111215
"14:47:59 Coolers: Tblock -> 32.00 C"
"14:50:52 Flow: Fixed -> 500 umol/s"
"14:52:48 Flow: Fixed -> 500 umol/s"
91	"14:53:47"	3256.5	0	13.1	0.178	239	5.94	2.39	28.89	6	1.42	1	2.84	31.10	28.89	32.06	399.02	380.30	15.812	22.889	24.47	35.42	492.5	1500	307	70.22	-0.541	0.246	0.7	-0.22	2.74	1.00	0.00	0.16	111215
92	"14:53:47"	3256.5	0	13.1	0.178	239	5.94	2.39	28.89	6	1.42	1	2.84	31.10	28.89	32.06	399.02	380.30	15.812	22.889	24.47	35.42	492.5	1500	307	70.22	-0.541	0.246	0.7	-0.22	2.74	1.00	0.00	0.16	111215
93	"14:53:48"	3257.0	0	13.1	0.178	239	5.95	2.39	28.90	6	1.42	1	2.84	31.10	28.90	32.06	398.95	380.25	15.812	22.890	24.46	35.42	492.5	1500	307	70.22	-0.541	0.246	0.7	-0.22	2.74	1.00	0.00	0.16	111215
94	"14:53:48"	3257.5	0	13.1	0.178	239	5.95	2.39	28.90	6	1.42	1	2.84	31.11	28.90	32.06	398.93	380.24	15.812	22.892	24.46	35.42	492.4	1500	307	70.22	-0.541	0.246	0.7	-0.22	2.74	1.00	0.00	0.16	111215
95	"14:53:49"	3258.0	0	13	0.178	240	5.95	2.39	28.90	6	1.42	1	2.84	31.11	28.90	32.06	398.87	380.26	15.810	22.891	24.46	35.41	492.4	1500	307	70.22	-0.541	0.246	0.7	-0.22	2.74	1.00	0.00	0.16	111215
96	"14:53:49"	3258.5	0	12.9	0.178	241	5.95	2.39	28.90	6	1.42	1	2.84	31.11	28.90	32.06	398.90	380.38	15.810	22.893	24.46	35.41	492.4	1500	307	70.22	-0.541	0.246	0.7	-0.22	2.74	1.00	0.00	0.16	111215
97	"14:53:50"	3259.0	0	13	0.178	241	5.95	2.39	28.89	6	1.42	1	2.84	31.11	28.89	32.06	399.07	380.53	15.811	22.892	24.46	35.41	492.4	1500	307	70.22	-0.541	0.246	0.7	-0.22	2.74	1.00	0.00	0.16	111215
98	"14:53:50"	3259.5	0	13.1	0.178	240	5.95	2.39	28.90	6	1.42	1	2.84	31.11	28.90	32.06	399.41	380.71	15.810	22.894	24.45	35.41	492.4	1500	307	70.22	-0.541	0.246	0.7	-0.22	2.74	1.00	0.00	0.16	111215
99	"14:53:51"	3260.0	0	13.3	0.178	238	5.95	2.39	28.90	6	1.42	1	2.84	31.11	28.90	32.06	399.80	380.88	15.811	22.895	24.45	35.41	492.3	1500	307	70.22	-0.541	0.246	0.7	-0.22	2.74	1.00	0.00	0.16	111215
100	"14:53:51"	3260.5	0	13.4	0.178	237	5.95	2.39	28.90	6	1.42	1	2.84	31.11	28.90	32.06	400.20	381.07	15.809	22.896	24.45	35.41	492.3	1500	307	70.22	-0.541	0.246	0.7	-0.22	2.74	1.00	0.00	0.16	111215
101	"14:53:52"	3261.0	0	13.7	0.178	235	5.95	2.39	28.90	6	1.42	1	2.84	31.11	28.90	32.06	400.62	381.21	15.809	22.899	24.45	35.41	492.3	1500	307	70.22	-0.541	0.246	0.7	-0.22	2.74	1.00	0.00	0.16	111215
102	"14:53:53"	3261.5	0	13.8	0.178	233	5.95	2.39	28.90	6	1.42	1	2.84	31.12	28.90	32.06	400.96	381.34	15.809	22.899	24.45	35.41	492.2	1500	307	70.22	-0.541	0.246	0.7	-0.22	2.74	1.00	0.00	0.16	111215
103	"14:53:53"	3262.0	0	13.9	0.178	232	5.95	2.39	28.91	6	1.42	1	2.84	31.12	28.91	32.05	401.25	381.47	15.809	22.901	24.44	35.41	492.2	1500	307	70.22	-0.541	0.246	0.7	-0.22	2.74	1.00	0.00	0.16	111215
104	"14:53:54"	3262.5	0	14	0.178	232	5.95	2.39	28.91	6	1.42	1	2.84	31.12	28.91	32.06	401.41	381.59	15.809	22.900	24.44	35.41	492.2	1500	307	70.22	-0.541	0.246	1.0	-0.22	2.74	1.00	0.00	0.16	111215
105	"14:53:54"	3263.0	0	14	0.178	232	5.95	2.39	28.92	6	1.42	1	2.84	31.12	28.92	32.05	401.51	381.70	15.809	22.901	24.44	35.41	492.2	1500	307	70.22	-0.541	0.246	1.0	-0.22	2.74	1.00	0.00	0.16	111215
"14:54:12 Coolers: Tblock -> 37.00 C"
"14:57:18 Flow: Fixed -> 500 umol/s"
"14:57:38 Flow: Fixed -> 500 umol/s"
106	"14:58:26"	3536.0	0	12.5	0.17	238	6.1	2.55	31.20	6	1.42	1	2.84	35.14	31.20	36.93	398.45	380.49	21.475	28.664	26.48	35.35	494.8	1500	56	70.21	-0.158	0.169	1.0	-0.22	2.74	1.00	0.00	0.16	111215
107	"14:58:26"	3536.0	0	12.5	0.17	238	6.1	2.55	31.20	6	1.42	1	2.84	35.14	31.20	36.93	398.45	380.49	21.475	28.664	26.48	35.35	494.8	1500	56	70.21	-0.158	0.169	1.0	-0.22	2.74	1.00	0.00	0.16	111215
108	"14:58:27"	3536.5	0	12.4	0.17	239	6.1	2.55	31.20	6	1.42	1	2.84	35.14	31.20	36.93	398.45	380.60	21.474	28.663	26.48	35.35	494.8	1500	57	70.21	-0.158	0.169	1.0	-0.22	2.74	1.00	0.00	0.16	111215
109	"14:58:27"	3537.0	0	12.4	0.17	239	6.1	2.55	31.19	6	1.42	1	2.84	35.14	31.19	36.93	398.53	380.72	21.471	28.658	26.48	35.34	494.9	1500	57	70.21	-0.158	0.169	1.0	-0.22	2.74	1.00	0.00	0.16	111215
110	"14:58:28"	3537.5	0	12.6	0.17	238	6.1	2.55	31.19	6	1.42	1	2.84	35.14	31.19	36.93	398.80	380.76	21.470	28.655	26.48	35.34	494.9	1501	57	70.21	-0.158	0.169	1.0	-0.22	2.74	1.00	0.00	0.16	111215
111	"14:58:28"	3538.0	0	12.8	0.17	236	6.1	2.55	31.18	6	1.42	1	2.84	35.15	31.18	36.93	399.13	380.80	21.467	28.652	26.47	35.33	494.9	1501	57	70.21	-0.158	0.169	1.0	-0.22	2.74	1.00	0.00	0.16	111215
112	"14:58:29"	3538.5	0	13	0.17	234	6.1	2.55	31.18	6	1.42	1	2.84	35.15	31.18	36.93	399.34	380.80	21.466	28.652	26.47	35.33	494.9	1501	57	70.21	-0.158	0.169	1.0	-0.22	2.74	1.00	0.00	0.16	111215
113	"14:58:29"	3539.0	0	13.1	0.17	233	6.1	2.55	31.19	6	1.42	1	2.84	35.15	31.19	36.93	399.41	380.74	21.464	28.650	26.47	35.33	495.0	1501	57	70.21	-0.158	0.169	1.0	-0.22	2.74	1.00	0.00	0.16	111215
114	"14:58:30"	3539.5	0	13	0.17	233	6.1	2.55	31.20	6	1.42	1	2.84	35.15	31.20	36.93	399.29	380.72	21.463	28.650	26.46	35.33	495.0	1501	57	70.21	-0.158	0.169	1.0	-0.22	2.74	1.00	0.00	0.16	111215
115	"14:58:30"	3540.0	0	12.9	0.17	235	6.1	2.55	31.20	6	1.42	1	2.84	35.15	31.20	36.93	399.01	380.60	21.461	28.648	26.46	35.32	495.0	1501	57	70.21	-0.158	0.169	1.0	-0.22	2.74	1.00	0.00	0.16	111215
116	"14:58:31"	3540.5	0	12.7	0.17	236	6.11	2.55	31.20	6	1.42	1	2.84	35.15	31.20	36.93	398.66	380.45	21.458	28.645	26.46	35.32	495.1	1501	58	70.21	-0.158	0.169	1.0	-0.22	2.74	1.00	0.00	0.16	111215
117	"14:58:31"	3541.0	0	12.5	0.17	237	6.11	2.55	31.20	6	1.42	1	2.84	35.15	31.20	36.93	398.32	380.30	21.456	28.644	26.46	35.32	495.0	1501	58	70.21	-0.158	0.169	0.7	-0.22	2.74	1.00	0.00	0.16	111215
118	"14:58:32"	3541.5	0	12.3	0.17	239	6.11	2.55	31.20	6	1.42	1	2.84	35.15	31.20	36.93	397.98	380.22	21.453	28.644	26.45	35.32	495.1	1501	58	70.21	-0.158	0.169	0.7	-0.22	2.74	1.00	0.00	0.16	111215
119	"14:58:33"	3542.0	0	12.2	0.17	241	6.11	2.55	31.20	6	1.42	1	2.84	35.15	31.20	36.93	397.70	380.11	21.452	28.641	26.45	35.32	495.1	1501	58	70.21	-0.158	0.169	0.7	-0.22	2.74	1.00	0.00	0.16	111215
120	"14:58:33"	3542.5	0	12.1	0.17	242	6.11	2.55	31.20	6	1.42	1	2.84	35.15	31.20	36.94	397.49	380.04	21.448	28.638	26.45	35.31	495.1	1501	58	70.21	-0.158	0.169	0.7	-0.22	2.74	1.00	0.00	0.16	111215
"14:58:45 Coolers: Tblock -> 42.00 C"
"15:03:01 Coolers: Tblock -> 39.82 C"
"15:03:35 Flow: Fixed -> 500 umol/s"
121	"15:04:22"	3892.0	0	11.8	0.165	243	5.87	2.5	32.19	6	1.42	1	2.84	37.39	32.19	39.82	398.79	381.93	26.266	33.083	28.64	36.08	499.6	1500	45	70.22	-0.0729	0.101	0.3	-0.22	2.74	1.00	0.00	0.16	111215
122	"15:04:22"	3892.0	0	11.8	0.165	243	5.87	2.5	32.19	6	1.42	1	2.84	37.39	32.19	39.82	398.79	381.93	26.266	33.083	28.64	36.08	499.6	1500	45	70.22	-0.0729	0.101	0.3	-0.22	2.74	1.00	0.00	0.16	111215
123	"15:04:23"	3892.5	0	11.9	0.165	243	5.87	2.5	32.19	6	1.42	1	2.84	37.39	32.19	39.82	398.99	382.05	26.263	33.078	28.64	36.07	499.6	1500	45	70.22	-0.0729	0.101	0.3	-0.22	2.74	1.00	0.00	0.16	111215
124	"15:04:23"	3893.0	0	12	0.165	242	5.87	2.5	32.19	6	1.42	1	2.84	37.39	32.19	39.82	399.29	382.18	26.257	33.075	28.64	36.07	499.5	1500	45	70.22	-0.0729	0.101	0.3	-0.22	2.74	1.00	0.00	0.16	111215
125	"15:04:24"	3893.5	0	12.1	0.165	241	5.87	2.5	32.19	6	1.42	1	2.84	37.38	32.19	39.82	399.58	382.32	26.251	33.069	28.63	36.07	499.5	1500	45	70.22	-0.0729	0.101	0.3	-0.22	2.74	1.00	0.00	0.16	111215
126	"15:04:24"	3894.0	0	12.2	0.165	240	5.87	2.5	32.18	6	1.42	1	2.84	37.38	32.18	39.82	399.89	382.53	26.247	33.065	28.63	36.06	499.6	1500	45	70.22	-0.0729	0.101	0.3	-0.22	2.74	1.00	0.00	0.16	111215
127	"15:04:25"	3894.5	0	12.3	0.166	239	5.87	2.5	32.18	6	1.42	1	2.84	37.38	32.18	39.82	400.23	382.74	26.244	33.061	28.62	36.06	499.5	1500	45	70.22	-0.0729	0.101	0.3	-0.22	2.74	1.00	0.00	0.16	111215
128	"15:04:25"	3895.0	0	12.5	0.166	238	5.87	2.5	32.17	6	1.42	1	2.84	37.38	32.17	39.82	400.63	382.95	26.238	33.058	28.62	36.06	499.5	1500	45	70.22	-0.0729	0.101	0.7	-0.22	2.74	1.00	0.00	0.16	111215
129	"15:04:26"	3895.5	0	12.7	0.166	236	5.87	2.5	32.17	6	1.42	1	2.84	37.38	32.17	39.82	401.02	383.11	26.235	33.056	28.62	36.06	499.5	1500	45	70.22	-0.0729	0.101	0.3	-0.22	2.74	1.00	0.00	0.16	111215
130	"15:04:26"	3896.0	0	12.7	0.166	236	5.87	2.5	32.17	6	1.42	1	2.84	37.38	32.17	39.82	401.34	383.34	26.232	33.052	28.61	36.05	499.4	1500	45	70.22	-0.0729	0.101	0.3	-0.22	2.74	1.00	0.00	0.16	111215
131	"15:04:27"	3896.5	0	12.7	0.166	236	5.87	2.5	32.17	6	1.42	1	2.84	37.38	32.17	39.82	401.55	383.55	26.229	33.048	28.61	36.05	499.4	1500	45	70.22	-0.0729	0.101	0.3	-0.22	2.74	1.00	0.00	0.16	111215
132	"15:04:27"	3897.0	0	12.6	0.166	237	5.87	2.5	32.16	6	1.42	1	2.84	37.38	32.16	39.82	401.68	383.79	26.228	33.044	28.61	36.04	499.4	1500	45	70.22	-0.0729	0.101	0.3	-0.22	2.74	1.00	0.00	0.16	111215
133	"15:04:28"	3897.5	0	12.6	0.166	237	5.87	2.5	32.16	6	1.42	1	2.84	37.38	32.16	39.82	401.84	383.95	26.226	33.043	28.61	36.04	499.4	1500	45	70.22	-0.0729	0.101	0.7	-0.22	2.74	1.00	0.00	0.16	111215
134	"15:04:29"	3898.0	0	12.7	0.166	237	5.86	2.5	32.16	6	1.42	1	2.84	37.38	32.16	39.82	402.06	384.10	26.223	33.037	28.60	36.03	499.4	1500	45	70.22	-0.0729	0.101	0.7	-0.22	2.74	1.00	0.00	0.16	111215
135	"15:04:29"	3898.5	0	12.8	0.166	236	5.86	2.5	32.16	6	1.42	1	2.84	37.38	32.16	39.82	402.31	384.24	26.221	33.034	28.60	36.03	499.3	1500	45	70.22	-0.0729	0.101	0.7	-0.22	2.74	1.00	0.00	0.16	111215
