"OPEN 6.2.4"
"Mon Jun 29 2015 10:07:58"
<open><version>"6.2.4"</version></open>
<open><configfile>"/User/Configs/UserPrefs/2x3 LED.xml"</configfile></open>
<open><light><source>"6400-02 or -02B LED Source"</source><par_in>1<sensor>"SI-3781"<cal>-0.93<actinity>1.00</actinity><transm>1.00</transm></cal></sensor><transm>1</transm></par_in><par_out>1<sensor>"Q49599"<cal>7.26</cal></sensor></par_out></light></open>
<open><comps><file>"/User/Configs/Comps/StdComps_6.2"<header>""</header><extras></extras></file><energybal>no<f_parIn>1</f_parIn><f_parOut>0</f_parOut><alphaK>0.16</alphaK></energybal><bc_total>2.840<stomatal_ratio>1</stomatal_ratio><bc_oneside>1.420<type>2</type><table>"/Sys/Lib/StdBLCTable"</table><area>6</area><slope>-0.219565</slope><offset>2.73739</offset><fan>5</fan></bc_oneside></bc_total></comps></open>
<open><prompts><onlog>off</onlog><items>"Default (none)"</items></prompts></open>
<open><constants><oxygen>21 %</oxygen><bb_vapor>1.5</bb_vapor><bb_oxy>0.9</bb_oxy></constants></open>
<open><stability><items>"Std Stability"<items[1]><id>-2</id><size>15</size><pcv><onoff>0</onoff><value>1</value></pcv><std><onoff>0</onoff><value>1</value></std><slp><onoff>1</onoff><value>1</value></slp></items[1]><items[2]><id>-5</id><size>15</size><pcv><onoff>0</onoff><value>1</value></pcv><std><onoff>0</onoff><value>1</value></std><slp><onoff>1</onoff><value>1</value></slp></items[2]><items[3]><id>-7</id><size>15</size><pcv><onoff>0</onoff><value>1</value></pcv><std><onoff>0</onoff><value>1</value></std><slp><onoff>1</onoff><value>1</value></slp></items[3]></items></stability></open>
<open><log><format>"StdLogFmt_6.0"<items>{ -35 -21 -36 -76 30 23 36 21 25 221 -33 111 -34 11 -9 -10 -8 -1 -2 -4 -5 -14 -15 -7 -12 -13 -11 -65 -66 -72 -18 -19 -77 -78 -79 -23  }<hdr>{  }</hdr></items></format><options><beep>on</beep><hdr>normal</hdr><rem>normal</rem><stab>no</stab><stats>no<mean>no</mean><file>no</file><period>15</period></stats><excel>yes</excel><controls>yes</controls><comm>no</comm></options><datafile>"/User/stm-plipo5"</datafile><button><action>"Normal Log"<code>" LogOneObsManual "</code></action></button><autoprog>"/User/Configs/AutoProgs/AutoLog2"<active>no</active></autoprog></log></open>
<open><a2d><avgtime>4.0 secs</avgtime><userchans><ch20>"Off"</ch20><ch21>"Off"</ch21><ch22>"Off"</ch22><ch23>"Off"</ch23></userchans></a2d></open>
<open><matching><type>0</type><disp>'a'</disp><settings><CO2Limit>10.0</CO2Limit><H2OLimit>1.0</H2OLimit><MaxAutoTime>60</MaxAutoTime></settings></matching></open>
<li6400><factory><unit>"PSC-3840"</unit><serviced>"1 Jul 2013"</serviced><fuseaware>0</fuseaware><co2mixer>yes</co2mixer><co2><coeffs>{ 0 0.213319 2.22998e-05 2.13159e-08 -3.88664e-12 3.69888e-16  }</coeffs><dvdt>-4.7</dvdt><xs>{ 0.0009 -0.0002  }</xs></co2><h2o><coeffs>{ 0 0.00572751 2.23485e-06 -7.37877e-12  }</coeffs><dvdt>-1.7</dvdt><xs>{ 0.0009 -0.0028  }</xs></h2o><flow>{ 0 0.3568  }</flow><press>{ 88.437 0.00551  }</press></factory></li6400>
<li6400><user><flow_zero>-468.8</flow_zero><irga_zero><co2>429.7 390.6<at>17.6901</at></co2><h2o>78.1 156.2<at>17.1607</at></h2o></irga_zero><irga_span><co2>{ 0.99237 0.992833  }</co2><h2o>{ 1.00426 0.996799  }</h2o></irga_span><irga_match><co2>{ 0.368307 -2.20196  }</co2><h2o>{ 0.00477181 0.16649  }</h2o></irga_match><co2_mixer><pump_mv>4500</pump_mv><ppm>{ 2287.2 1080.71 423.89 257.488 117.195 68.0056 44.5242 37.9628  }</ppm><mv>{ 5000 3000 1500 1000 500 300 200 100  }</mv></co2_mixer><parin_offset>0</parin_offset><led_cal><unit>"SI-3781"</unit><mv>{ 10 25 50 100 1000 2000 3000 4000 5000  }</mv><qntm>{ 4.69642 15.4417 35.4805 82.2863 972.665 1922.29 2824.32 3690.14 4518.2  }</qntm></led_cal><lcf_cal><unit>"unknown"</unit><red><mv>{ 50 100 500 1000 1500 5000  }</mv><qntm>{ 50 100 500 1000 2000 5000  }</qntm></red><blue><mv>{ 100 200 500 1000 2000 5000  }</mv><qntm>{ 10 20 50 100 200 500  }</qntm></blue></lcf_cal></user></li6400>
"10:07:59 "
$STARTOFDATA$
"Obs"	"HHMMSS"	"FTime"	"EBal?"	"Photo"	"Cond"	"Ci"	"Trmmol"	"VpdL"	"CTleaf"	"Area"	"BLC_1"	"StmRat"	"BLCond"	"Tair"	"Tleaf"	"TBlk"	"CO2R"	"CO2S"	"H2OR"	"H2OS"	"RH_R"	"RH_S"	"Flow"	"PARi"	"PARo"	"Press"	"CsMch"	"HsMch"	"StableF"	"BLCslope"	"BLCoffst"	"f_parin"	"f_parout"	"alphaK"	"Status"
"10:13:50 CO2 Mixer: CO2R -> 400 uml"
"10:13:58 Coolers: Tblock -> 0.00 C"
"10:14:06 Lamp: ParIn ->  1500 uml"
"10:17:34 Lamp: ParIn ->  1500 uml"
"10:17:34 CO2 Mixer: CO2R -> 400 uml"
"10:17:34 Coolers: Tblock -> 0.00 C"
"10:17:34 Flow: Fixed -> 500 umol/s"
"10:31:08 Coolers: Tblock -> 3.73 C"
"10:32:18 Flow: Fixed -> 500 umol/s"
1	"10:33:25"	1537.5	0	8.9	0.206	307	2.73	0.984	11.15	6	1.42	1	2.84	6.17	11.15	3.76	399.67	387.71	1.676	4.932	12.40	36.49	499.9	1501	194	70.27	-2.69	0.219	1.0	-0.22	2.74	1.00	0.00	0.16	111115
2	"10:33:25"	1537.5	0	8.9	0.206	307	2.73	0.984	11.15	6	1.42	1	2.84	6.17	11.15	3.76	399.67	387.71	1.676	4.932	12.40	36.49	499.9	1501	194	70.27	-2.69	0.219	1.0	-0.22	2.74	1.00	0.00	0.16	111115
3	"10:33:25"	1538.0	0	8.9	0.206	307	2.72	0.984	11.15	6	1.42	1	2.84	6.17	11.15	3.77	399.70	387.75	1.677	4.931	12.40	36.48	499.9	1501	194	70.27	-2.69	0.219	1.0	-0.22	2.74	1.00	0.00	0.16	111115
4	"10:33:26"	1538.5	0	8.88	0.206	307	2.72	0.983	11.14	6	1.42	1	2.84	6.17	11.14	3.77	399.65	387.73	1.676	4.931	12.40	36.48	499.9	1501	194	70.27	-2.69	0.219	1.0	-0.22	2.74	1.00	0.00	0.16	111115
5	"10:33:26"	1539.0	0	8.85	0.206	307	2.72	0.984	11.14	6	1.42	1	2.84	6.17	11.14	3.77	399.64	387.74	1.676	4.928	12.40	36.46	499.9	1501	194	70.27	-2.69	0.219	1.0	-0.22	2.74	1.00	0.00	0.16	111115
6	"10:33:27"	1539.5	0	8.88	0.206	307	2.72	0.983	11.14	6	1.42	1	2.84	6.17	11.14	3.77	399.69	387.76	1.677	4.927	12.41	36.45	499.9	1501	194	70.27	-2.69	0.219	1.0	-0.22	2.74	1.00	0.00	0.16	111115
7	"10:33:27"	1540.0	0	8.92	0.206	306	2.72	0.984	11.14	6	1.42	1	2.84	6.17	11.14	3.77	399.76	387.78	1.677	4.928	12.40	36.45	499.9	1501	194	70.26	-2.69	0.219	1.0	-0.22	2.74	1.00	0.00	0.16	111115
8	"10:33:28"	1540.5	0	8.92	0.206	306	2.72	0.983	11.13	6	1.42	1	2.84	6.17	11.13	3.77	399.76	387.78	1.676	4.927	12.40	36.45	499.9	1501	194	70.26	-2.69	0.219	1.0	-0.22	2.74	1.00	0.00	0.16	111115
9	"10:33:28"	1541.0	0	8.87	0.206	307	2.72	0.982	11.12	6	1.42	1	2.84	6.17	11.12	3.77	399.71	387.80	1.676	4.926	12.40	36.44	499.9	1501	194	70.27	-2.69	0.219	1.0	-0.22	2.74	1.00	0.00	0.16	111115
10	"10:33:29"	1541.5	0	8.86	0.206	307	2.72	0.983	11.13	6	1.42	1	2.84	6.17	11.13	3.77	399.68	387.79	1.677	4.925	12.41	36.44	499.9	1501	194	70.27	-2.69	0.219	1.0	-0.22	2.74	1.00	0.00	0.16	111115
11	"10:33:29"	1542.0	0	8.79	0.206	308	2.72	0.983	11.13	6	1.42	1	2.84	6.17	11.13	3.77	399.61	387.79	1.676	4.925	12.40	36.43	499.9	1501	194	70.27	-2.69	0.219	1.0	-0.22	2.74	1.00	0.00	0.16	111115
12	"10:33:30"	1542.5	0	8.76	0.206	308	2.72	0.982	11.12	6	1.42	1	2.84	6.17	11.12	3.77	399.61	387.82	1.677	4.925	12.40	36.43	500.0	1501	194	70.27	-2.69	0.219	1.0	-0.22	2.74	1.00	0.00	0.16	111115
13	"10:33:30"	1543.0	0	8.77	0.207	308	2.72	0.981	11.11	6	1.42	1	2.84	6.17	11.11	3.77	399.60	387.81	1.677	4.925	12.40	36.44	500.0	1501	194	70.27	-2.69	0.219	1.0	-0.22	2.74	1.00	0.00	0.16	111115
14	"10:33:31"	1543.5	0	8.79	0.207	308	2.72	0.98	11.10	6	1.42	1	2.84	6.17	11.10	3.77	399.60	387.79	1.677	4.926	12.40	36.45	500.0	1501	194	70.27	-2.69	0.219	0.7	-0.22	2.74	1.00	0.00	0.16	111115
15	"10:33:31"	1544.0	0	8.74	0.207	308	2.72	0.979	11.09	6	1.42	1	2.84	6.17	11.09	3.77	399.57	387.82	1.676	4.927	12.40	36.45	500.0	1501	194	70.27	-2.69	0.219	0.7	-0.22	2.74	1.00	0.00	0.16	111115
"10:33:47 Coolers: Tblock -> 9.00 C"
"10:36:00 Flow: Fixed -> 500 umol/s"
16	"10:36:26"	1720.0	0	9.57	0.212	302	2.98	1.05	13.01	6	1.42	1	2.84	10.16	13.01	9.05	399.87	387.00	2.919	6.474	16.46	36.51	500.0	1501	196	70.26	-3.11	0.207	1.0	-0.22	2.74	1.00	0.00	0.16	111115
17	"10:36:27"	1720.0	0	9.57	0.212	302	2.98	1.05	13.01	6	1.42	1	2.84	10.16	13.01	9.05	399.87	387.00	2.919	6.474	16.46	36.51	500.0	1501	196	70.26	-3.11	0.207	1.0	-0.22	2.74	1.00	0.00	0.16	111115
18	"10:36:27"	1720.0	0	9.57	0.212	302	2.98	1.05	13.01	6	1.42	1	2.84	10.16	13.01	9.05	399.87	387.00	2.919	6.474	16.46	36.51	500.0	1501	196	70.26	-3.11	0.207	1.0	-0.22	2.74	1.00	0.00	0.16	111115
19	"10:36:27"	1720.5	0	9.55	0.212	302	2.98	1.05	13.00	6	1.42	1	2.84	10.16	13.00	9.04	399.84	386.99	2.920	6.473	16.46	36.50	500.0	1501	196	70.26	-3.11	0.207	1.0	-0.22	2.74	1.00	0.00	0.16	111115
20	"10:36:28"	1721.0	0	9.51	0.212	302	2.98	1.05	13.00	6	1.42	1	2.84	10.16	13.00	9.04	399.84	387.04	2.920	6.474	16.46	36.51	500.0	1501	197	70.26	-3.11	0.207	1.0	-0.22	2.74	1.00	0.00	0.16	111115
21	"10:36:28"	1721.5	0	9.46	0.212	303	2.98	1.05	13.00	6	1.42	1	2.84	10.16	13.00	9.04	399.83	387.09	2.920	6.474	16.46	36.50	499.9	1501	197	70.26	-3.11	0.207	1.0	-0.22	2.74	1.00	0.00	0.16	111115
22	"10:36:29"	1722.0	0	9.46	0.212	303	2.98	1.05	13.00	6	1.42	1	2.84	10.17	13.00	9.04	399.83	387.09	2.920	6.475	16.47	36.51	499.9	1501	197	70.26	-3.11	0.207	1.0	-0.22	2.74	1.00	0.00	0.16	111115
23	"10:36:29"	1722.5	0	9.4	0.212	303	2.98	1.05	13.00	6	1.42	1	2.84	10.17	13.00	9.04	399.83	387.17	2.920	6.476	16.46	36.51	499.9	1501	197	70.26	-3.11	0.207	1.0	-0.22	2.74	1.00	0.00	0.16	111115
24	"10:36:30"	1723.0	0	9.39	0.212	303	2.98	1.05	13.01	6	1.42	1	2.84	10.17	13.01	9.04	399.85	387.19	2.919	6.477	16.46	36.51	499.9	1501	197	70.27	-3.11	0.207	1.0	-0.22	2.74	1.00	0.00	0.16	111115
25	"10:36:30"	1723.5	0	9.38	0.212	303	2.98	1.05	13.01	6	1.42	1	2.84	10.17	13.01	9.04	399.83	387.18	2.918	6.477	16.45	36.51	499.9	1501	197	70.27	-3.11	0.207	1.0	-0.22	2.74	1.00	0.00	0.16	111115
26	"10:36:31"	1724.0	0	9.43	0.212	303	2.98	1.05	13.01	6	1.42	1	2.84	10.17	13.01	9.04	399.85	387.15	2.919	6.478	16.45	36.52	499.9	1501	197	70.27	-3.11	0.207	1.0	-0.22	2.74	1.00	0.00	0.16	111115
27	"10:36:31"	1724.5	0	9.44	0.212	303	2.99	1.05	13.01	6	1.42	1	2.84	10.17	13.01	9.04	399.93	387.21	2.918	6.479	16.45	36.52	499.9	1501	197	70.26	-3.11	0.207	1.0	-0.22	2.74	1.00	0.00	0.16	111115
28	"10:36:32"	1725.0	0	9.49	0.212	303	2.99	1.05	13.01	6	1.42	1	2.84	10.17	13.01	9.04	400.00	387.23	2.917	6.478	16.44	36.51	499.9	1501	197	70.26	-3.11	0.207	1.0	-0.22	2.74	1.00	0.00	0.16	111115
29	"10:36:32"	1725.5	0	9.54	0.212	302	2.99	1.05	13.01	6	1.42	1	2.84	10.17	13.01	9.04	400.04	387.20	2.916	6.480	16.44	36.52	499.9	1501	197	70.26	-3.11	0.207	1.0	-0.22	2.74	1.00	0.00	0.16	111115
30	"10:36:33"	1726.0	0	9.51	0.212	303	2.99	1.05	13.01	6	1.42	1	2.84	10.17	13.01	9.04	400.02	387.22	2.916	6.479	16.43	36.51	499.9	1501	197	70.26	-3.11	0.207	1.0	-0.22	2.74	1.00	0.00	0.16	111115
"10:36:39 Coolers: Tblock -> 14.00 C"
"10:38:48 Flow: Fixed -> 500 umol/s"
31	"10:39:10"	1883.0	0	9.98	0.217	300	3.34	1.14	15.01	6	1.42	1	2.84	14.25	15.01	14.12	400.29	386.77	4.126	8.101	17.78	34.92	500.0	1500	199	70.26	-3.07	0.197	1.0	-0.22	2.74	1.00	0.00	0.16	111115
32	"10:39:11"	1883.0	0	9.98	0.217	300	3.34	1.14	15.01	6	1.42	1	2.84	14.25	15.01	14.12	400.29	386.77	4.126	8.101	17.78	34.92	500.0	1500	199	70.26	-3.07	0.197	1.0	-0.22	2.74	1.00	0.00	0.16	111115
33	"10:39:11"	1883.5	0	10	0.217	299	3.34	1.14	15.02	6	1.42	1	2.84	14.25	15.02	14.12	400.30	386.72	4.125	8.103	17.78	34.93	500.0	1500	199	70.26	-3.07	0.197	1.0	-0.22	2.74	1.00	0.00	0.16	111115
34	"10:39:12"	1884.0	0	10	0.217	299	3.34	1.14	15.02	6	1.42	1	2.84	14.25	15.02	14.12	400.32	386.76	4.125	8.103	17.78	34.92	500.0	1500	199	70.26	-3.07	0.197	1.0	-0.22	2.74	1.00	0.00	0.16	111115
35	"10:39:12"	1884.5	0	10	0.217	299	3.34	1.14	15.02	6	1.42	1	2.84	14.25	15.02	14.12	400.33	386.76	4.125	8.104	17.78	34.92	500.0	1500	199	70.26	-3.07	0.197	1.0	-0.22	2.74	1.00	0.00	0.16	111115
36	"10:39:13"	1885.0	0	10	0.218	299	3.35	1.14	15.02	6	1.42	1	2.84	14.25	15.02	14.12	400.34	386.77	4.125	8.107	17.77	34.93	500.0	1500	199	70.26	-3.07	0.197	1.0	-0.22	2.74	1.00	0.00	0.16	111115
37	"10:39:13"	1885.5	0	10	0.217	299	3.35	1.14	15.03	6	1.42	1	2.84	14.25	15.03	14.12	400.33	386.78	4.125	8.107	17.77	34.93	500.0	1500	199	70.26	-3.07	0.197	1.0	-0.22	2.74	1.00	0.00	0.16	111115
38	"10:39:14"	1886.0	0	10	0.217	299	3.35	1.15	15.03	6	1.42	1	2.84	14.26	15.03	14.12	400.38	386.80	4.125	8.109	17.77	34.93	499.9	1500	199	70.26	-3.07	0.197	1.0	-0.22	2.74	1.00	0.00	0.16	111115
39	"10:39:14"	1886.5	0	10	0.217	299	3.35	1.15	15.04	6	1.42	1	2.84	14.26	15.04	14.12	400.41	386.84	4.125	8.111	17.77	34.94	499.9	1500	199	70.26	-3.07	0.197	1.0	-0.22	2.74	1.00	0.00	0.16	111115
40	"10:39:15"	1887.0	0	10	0.218	299	3.35	1.15	15.04	6	1.42	1	2.84	14.26	15.04	14.12	400.44	386.83	4.124	8.112	17.76	34.94	500.0	1500	199	70.26	-3.07	0.197	1.0	-0.22	2.74	1.00	0.00	0.16	111115
41	"10:39:15"	1887.5	0	10	0.217	299	3.35	1.15	15.04	6	1.42	1	2.84	14.26	15.04	14.12	400.43	386.87	4.125	8.112	17.76	34.93	500.0	1500	199	70.26	-3.07	0.197	1.0	-0.22	2.74	1.00	0.00	0.16	111115
42	"10:39:16"	1888.0	0	10	0.217	299	3.35	1.15	15.05	6	1.42	1	2.84	14.26	15.05	14.12	400.42	386.82	4.125	8.113	17.76	34.94	499.9	1500	199	70.26	-3.07	0.197	1.0	-0.22	2.74	1.00	0.00	0.16	111115
43	"10:39:16"	1888.5	0	10.1	0.217	299	3.35	1.15	15.05	6	1.42	1	2.84	14.26	15.05	14.12	400.43	386.82	4.125	8.113	17.76	34.93	499.9	1500	199	70.26	-3.07	0.197	1.0	-0.22	2.74	1.00	0.00	0.16	111115
44	"10:39:17"	1889.0	0	10.1	0.217	299	3.35	1.15	15.05	6	1.42	1	2.84	14.27	15.05	14.12	400.46	386.80	4.125	8.114	17.76	34.93	499.9	1500	199	70.26	-3.07	0.197	1.0	-0.22	2.74	1.00	0.00	0.16	111115
45	"10:39:17"	1889.5	0	10.1	0.217	299	3.35	1.15	15.05	6	1.42	1	2.84	14.27	15.05	14.12	400.51	386.83	4.124	8.115	17.75	34.93	500.0	1500	200	70.26	-3.07	0.197	1.0	-0.22	2.74	1.00	0.00	0.16	111115
"10:39:22 Coolers: Tblock -> 19.00 C"
"10:41:46 Flow: Fixed -> 500 umol/s"
46	"10:42:05"	2058.5	0	10.6	0.216	292	3.65	1.25	17.43	6	1.42	1	2.84	18.47	17.43	19.01	399.54	385.12	6.279	10.611	20.68	34.95	500.0	1499	200	70.27	-3.08	0.17	1.0	-0.22	2.74	1.00	0.00	0.16	111115
47	"10:42:06"	2058.5	0	10.6	0.216	292	3.65	1.25	17.43	6	1.42	1	2.84	18.47	17.43	19.01	399.54	385.12	6.279	10.611	20.68	34.95	500.0	1499	200	70.27	-3.08	0.17	1.0	-0.22	2.74	1.00	0.00	0.16	111115
48	"10:42:06"	2058.5	0	10.6	0.216	292	3.65	1.25	17.43	6	1.42	1	2.84	18.47	17.43	19.01	399.54	385.12	6.279	10.611	20.68	34.95	500.0	1499	200	70.27	-3.08	0.17	1.0	-0.22	2.74	1.00	0.00	0.16	111115
49	"10:42:07"	2059.0	0	10.6	0.216	292	3.65	1.25	17.43	6	1.42	1	2.84	18.47	17.43	19.01	399.54	385.15	6.279	10.613	20.68	34.95	499.9	1499	200	70.27	-3.08	0.17	1.0	-0.22	2.74	1.00	0.00	0.16	111115
50	"10:42:07"	2059.5	0	10.6	0.216	292	3.65	1.25	17.43	6	1.42	1	2.84	18.47	17.43	19.01	399.54	385.11	6.279	10.616	20.67	34.95	499.9	1499	200	70.27	-3.08	0.17	1.0	-0.22	2.74	1.00	0.00	0.16	111115
51	"10:42:08"	2060.0	0	10.7	0.216	291	3.66	1.25	17.43	6	1.42	1	2.84	18.48	17.43	19.01	399.59	385.11	6.278	10.619	20.67	34.96	499.9	1499	200	70.27	-3.08	0.17	1.0	-0.22	2.74	1.00	0.00	0.16	111115
52	"10:42:08"	2060.5	0	10.7	0.216	291	3.66	1.25	17.43	6	1.42	1	2.84	18.48	17.43	19.01	399.59	385.11	6.280	10.620	20.67	34.96	499.9	1499	200	70.27	-3.08	0.17	1.0	-0.22	2.74	1.00	0.00	0.16	111115
53	"10:42:09"	2061.0	0	10.7	0.216	291	3.66	1.25	17.43	6	1.42	1	2.84	18.48	17.43	19.01	399.57	385.10	6.280	10.622	20.67	34.96	499.9	1499	200	70.27	-3.08	0.17	1.0	-0.22	2.74	1.00	0.00	0.16	111115
54	"10:42:09"	2061.5	0	10.6	0.216	292	3.66	1.25	17.44	6	1.42	1	2.84	18.48	17.44	19.01	399.54	385.13	6.280	10.623	20.67	34.96	499.9	1500	200	70.27	-3.08	0.17	1.0	-0.22	2.74	1.00	0.00	0.16	111115
55	"10:42:10"	2062.0	0	10.5	0.217	293	3.66	1.25	17.44	6	1.42	1	2.84	18.49	17.44	19.01	399.51	385.18	6.281	10.624	20.67	34.96	499.9	1500	200	70.27	-3.08	0.17	1.0	-0.22	2.74	1.00	0.00	0.16	111115
56	"10:42:10"	2062.5	0	10.5	0.217	293	3.66	1.25	17.44	6	1.42	1	2.84	18.49	17.44	19.01	399.48	385.18	6.280	10.627	20.66	34.96	499.9	1500	200	70.27	-3.08	0.17	1.0	-0.22	2.74	1.00	0.00	0.16	111115
57	"10:42:11"	2063.0	0	10.5	0.217	292	3.66	1.25	17.44	6	1.42	1	2.84	18.49	17.44	19.01	399.50	385.14	6.280	10.629	20.66	34.97	500.0	1500	200	70.27	-3.08	0.17	1.0	-0.22	2.74	1.00	0.00	0.16	111115
58	"10:42:11"	2063.5	0	10.5	0.217	292	3.66	1.25	17.45	6	1.42	1	2.84	18.49	17.45	19.01	399.48	385.15	6.280	10.627	20.66	34.96	500.0	1500	200	70.27	-3.08	0.17	1.0	-0.22	2.74	1.00	0.00	0.16	111115
59	"10:42:12"	2064.0	0	10.5	0.217	293	3.66	1.25	17.45	6	1.42	1	2.84	18.49	17.45	19.01	399.47	385.17	6.281	10.629	20.66	34.96	500.0	1500	200	70.27	-3.08	0.17	1.0	-0.22	2.74	1.00	0.00	0.16	111115
60	"10:42:12"	2064.5	0	10.5	0.217	293	3.66	1.25	17.45	6	1.42	1	2.84	18.49	17.45	19.01	399.48	385.17	6.280	10.630	20.65	34.96	500.0	1500	200	70.27	-3.08	0.17	1.0	-0.22	2.74	1.00	0.00	0.16	111115
"10:42:24 Coolers: Tblock -> 24.00 C"
"10:44:20 Flow: Fixed -> 500 umol/s"
61	"10:44:37"	2210.0	0	10.6	0.211	290	3.72	1.3	19.51	6	1.42	1	2.84	22.62	19.51	24.09	399.59	385.21	9.467	13.868	24.14	35.36	500.0	1500	203	70.26	-2.93	0.122	1.0	-0.22	2.74	1.00	0.00	0.16	111115
62	"10:44:37"	2210.0	0	10.6	0.211	290	3.72	1.3	19.51	6	1.42	1	2.84	22.62	19.51	24.09	399.59	385.21	9.467	13.868	24.14	35.36	500.0	1500	203	70.26	-2.93	0.122	1.0	-0.22	2.74	1.00	0.00	0.16	111115
63	"10:44:38"	2210.5	0	10.6	0.211	290	3.72	1.3	19.51	6	1.42	1	2.84	22.62	19.51	24.09	399.60	385.20	9.467	13.871	24.14	35.36	500.0	1500	203	70.26	-2.93	0.122	1.0	-0.22	2.74	1.00	0.00	0.16	111115
64	"10:44:38"	2211.0	0	10.6	0.211	290	3.73	1.3	19.51	6	1.42	1	2.84	22.63	19.51	24.09	399.59	385.17	9.466	13.875	24.13	35.37	500.0	1500	203	70.26	-2.93	0.122	1.0	-0.22	2.74	1.00	0.00	0.16	111115
65	"10:44:39"	2211.5	0	10.6	0.211	290	3.73	1.3	19.52	6	1.42	1	2.84	22.63	19.52	24.09	399.58	385.17	9.467	13.877	24.13	35.37	500.0	1500	203	70.26	-2.93	0.122	1.0	-0.22	2.74	1.00	0.00	0.16	111115
66	"10:44:39"	2212.0	0	10.7	0.211	289	3.73	1.3	19.52	6	1.42	1	2.84	22.63	19.52	24.09	399.61	385.10	9.466	13.878	24.12	35.36	500.0	1500	203	70.26	-2.93	0.122	1.0	-0.22	2.74	1.00	0.00	0.16	111115
67	"10:44:40"	2212.5	0	10.6	0.211	290	3.73	1.3	19.53	6	1.42	1	2.84	22.63	19.53	24.09	399.60	385.19	9.467	13.878	24.12	35.36	500.0	1500	203	70.26	-2.93	0.122	1.0	-0.22	2.74	1.00	0.00	0.16	111115
68	"10:44:40"	2213.0	0	10.6	0.211	290	3.73	1.3	19.53	6	1.42	1	2.84	22.64	19.53	24.09	399.60	385.22	9.467	13.883	24.12	35.36	500.0	1500	203	70.26	-2.93	0.122	1.0	-0.22	2.74	1.00	0.00	0.16	111115
69	"10:44:41"	2213.5	0	10.6	0.211	290	3.73	1.31	19.54	6	1.42	1	2.84	22.64	19.54	24.09	399.63	385.20	9.468	13.885	24.11	35.36	500.0	1500	203	70.26	-2.93	0.122	1.0	-0.22	2.74	1.00	0.00	0.16	111115
70	"10:44:41"	2214.0	0	10.6	0.211	290	3.73	1.31	19.55	6	1.42	1	2.84	22.64	19.55	24.09	399.61	385.20	9.469	13.884	24.11	35.35	500.1	1500	203	70.26	-2.93	0.122	1.0	-0.22	2.74	1.00	0.00	0.16	111115
71	"10:44:42"	2214.5	0	10.5	0.21	290	3.73	1.31	19.56	6	1.42	1	2.84	22.65	19.56	24.09	399.58	385.23	9.471	13.884	24.11	35.35	500.1	1500	203	70.26	-2.93	0.122	1.0	-0.22	2.74	1.00	0.00	0.16	111115
72	"10:44:42"	2215.0	0	10.5	0.21	290	3.73	1.31	19.56	6	1.42	1	2.84	22.65	19.56	24.09	399.60	385.21	9.470	13.887	24.11	35.35	500.1	1500	203	70.26	-2.93	0.122	1.0	-0.22	2.74	1.00	0.00	0.16	111115
73	"10:44:43"	2215.5	0	10.6	0.211	289	3.74	1.31	19.56	6	1.42	1	2.84	22.65	19.56	24.09	399.62	385.18	9.469	13.892	24.10	35.36	500.1	1500	203	70.26	-2.93	0.122	1.0	-0.22	2.74	1.00	0.00	0.16	111115
74	"10:44:43"	2216.0	0	10.6	0.211	290	3.74	1.31	19.56	6	1.42	1	2.84	22.66	19.56	24.09	399.63	385.20	9.470	13.894	24.09	35.35	500.0	1500	203	70.26	-2.93	0.122	1.0	-0.22	2.74	1.00	0.00	0.16	111115
75	"10:44:44"	2216.5	0	10.6	0.211	289	3.74	1.31	19.57	6	1.42	1	2.84	22.66	19.57	24.09	399.63	385.18	9.471	13.895	24.09	35.35	500.0	1500	203	70.26	-2.93	0.122	1.0	-0.22	2.74	1.00	0.00	0.16	111115
"10:44:50 Coolers: Tblock -> 29.00 C"
"10:50:12 Flow: Fixed -> 500 umol/s"
76	"10:50:51"	2584.0	0	10.5	0.17	269	3.78	1.6	23.70	6	1.42	1	2.84	27.40	23.70	28.97	399.99	385.60	14.619	19.065	28.04	36.57	499.9	1499	207	70.26	-2.74	0.0501	0.7	-0.22	2.74	1.00	0.00	0.16	111115
77	"10:50:51"	2584.0	0	10.5	0.17	269	3.78	1.6	23.70	6	1.42	1	2.84	27.40	23.70	28.97	399.99	385.60	14.619	19.065	28.04	36.57	499.9	1499	207	70.26	-2.74	0.0501	0.7	-0.22	2.74	1.00	0.00	0.16	111115
78	"10:50:51"	2584.0	0	10.5	0.17	269	3.78	1.6	23.70	6	1.42	1	2.84	27.40	23.70	28.97	399.99	385.60	14.619	19.065	28.04	36.57	499.9	1499	207	70.26	-2.74	0.0501	0.7	-0.22	2.74	1.00	0.00	0.16	111115
79	"10:50:52"	2584.5	0	10.5	0.171	269	3.79	1.6	23.71	6	1.42	1	2.84	27.40	23.71	28.97	400.02	385.61	14.619	19.078	28.04	36.59	499.9	1499	207	70.26	-2.74	0.0501	0.7	-0.22	2.74	1.00	0.00	0.16	111115
80	"10:50:52"	2585.0	0	10.5	0.17	269	3.79	1.61	23.73	6	1.42	1	2.84	27.40	23.73	28.97	400.03	385.66	14.621	19.078	28.04	36.59	499.9	1499	207	70.26	-2.74	0.0501	0.7	-0.22	2.74	1.00	0.00	0.16	111115
81	"10:50:53"	2585.5	0	10.6	0.17	269	3.8	1.61	23.75	6	1.42	1	2.84	27.40	23.75	28.97	400.05	385.62	14.619	19.087	28.03	36.60	499.9	1499	207	70.26	-2.74	0.0501	0.7	-0.22	2.74	1.00	0.00	0.16	111115
82	"10:50:53"	2586.0	0	10.5	0.171	269	3.8	1.61	23.75	6	1.42	1	2.84	27.40	23.75	28.97	400.05	385.65	14.621	19.093	28.04	36.61	499.9	1499	207	70.26	-2.74	0.0501	0.7	-0.22	2.74	1.00	0.00	0.16	111115
83	"10:50:54"	2586.5	0	10.6	0.171	269	3.8	1.61	23.75	6	1.42	1	2.84	27.40	23.75	28.97	400.07	385.62	14.622	19.100	28.03	36.62	500.0	1499	207	70.26	-2.74	0.0501	1.0	-0.22	2.74	1.00	0.00	0.16	111115
84	"10:50:54"	2587.0	0	10.6	0.171	269	3.81	1.61	23.75	6	1.42	1	2.84	27.40	23.75	28.97	400.12	385.64	14.621	19.107	28.03	36.63	500.0	1499	207	70.26	-2.74	0.0501	1.0	-0.22	2.74	1.00	0.00	0.16	111115
85	"10:50:55"	2587.5	0	10.6	0.171	269	3.82	1.61	23.75	6	1.42	1	2.84	27.40	23.75	28.97	400.11	385.63	14.620	19.112	28.03	36.64	500.0	1499	207	70.26	-2.74	0.0501	1.0	-0.22	2.74	1.00	0.00	0.16	111115
86	"10:50:55"	2588.0	0	10.5	0.171	270	3.82	1.61	23.76	6	1.42	1	2.84	27.40	23.76	28.97	400.08	385.70	14.621	19.117	28.03	36.65	500.0	1499	207	70.26	-2.74	0.0501	1.0	-0.22	2.74	1.00	0.00	0.16	111115
87	"10:50:56"	2588.5	0	10.5	0.171	271	3.82	1.61	23.76	6	1.42	1	2.84	27.40	23.76	28.97	400.08	385.72	14.624	19.119	28.04	36.65	500.0	1499	207	70.26	-2.74	0.0501	1.0	-0.22	2.74	1.00	0.00	0.16	111115
88	"10:50:56"	2589.0	0	10.5	0.172	270	3.82	1.61	23.75	6	1.42	1	2.84	27.41	23.75	28.97	400.10	385.67	14.624	19.126	28.03	36.66	500.0	1499	207	70.26	-2.74	0.0501	1.0	-0.22	2.74	1.00	0.00	0.16	111115
89	"10:50:57"	2589.5	0	10.5	0.172	271	3.83	1.6	23.74	6	1.42	1	2.84	27.41	23.74	28.96	400.11	385.74	14.626	19.131	28.04	36.67	500.0	1499	207	70.26	-2.74	0.0501	1.0	-0.22	2.74	1.00	0.00	0.16	111115
90	"10:50:57"	2590.0	0	10.5	0.172	271	3.83	1.61	23.75	6	1.42	1	2.84	27.41	23.75	28.97	400.12	385.75	14.628	19.131	28.04	36.67	500.0	1499	207	70.26	-2.74	0.0501	0.7	-0.22	2.74	1.00	0.00	0.16	111115
"10:51:03 Coolers: Tblock -> 34.00 C"
"10:53:12 Flow: Fixed -> 500 umol/s"
"10:59:19 Flow: Fixed -> 500 umol/s"
91	"10:59:43"	3116.0	0	7.08	0.0832	238	2.14	1.8	26.39	6	1.42	1	2.84	31.90	26.39	34.04	400.76	391.26	21.080	23.593	31.20	34.92	499.9	1500	91	70.26	-2.77	0.0471	0.7	-0.22	2.74	1.00	0.00	0.16	111115
92	"10:59:43"	3116.0	0	7.08	0.0832	238	2.14	1.8	26.39	6	1.42	1	2.84	31.90	26.39	34.04	400.76	391.26	21.080	23.593	31.20	34.92	499.9	1500	91	70.26	-2.77	0.0471	0.7	-0.22	2.74	1.00	0.00	0.16	111115
93	"10:59:43"	3116.5	0	7.13	0.083	237	2.14	1.8	26.40	6	1.42	1	2.84	31.90	26.40	34.04	400.78	391.21	21.081	23.590	31.20	34.91	499.9	1500	90	70.26	-2.77	0.0471	0.7	-0.22	2.74	1.00	0.00	0.16	111115
94	"10:59:44"	3117.0	0	7.13	0.0827	237	2.14	1.8	26.41	6	1.42	1	2.84	31.90	26.41	34.04	400.78	391.22	21.082	23.587	31.20	34.91	499.9	1500	90	70.26	-2.77	0.0471	0.7	-0.22	2.74	1.00	0.00	0.16	111115
95	"10:59:44"	3117.5	0	7.06	0.0825	238	2.14	1.8	26.42	6	1.42	1	2.84	31.90	26.42	34.04	400.75	391.28	21.083	23.585	31.20	34.91	499.9	1500	91	70.26	-2.77	0.0471	0.7	-0.22	2.74	1.00	0.00	0.16	111115
96	"10:59:45"	3118.0	0	7.05	0.0823	237	2.13	1.8	26.43	6	1.42	1	2.84	31.90	26.43	34.04	400.75	391.29	21.084	23.582	31.20	34.90	499.9	1500	92	70.26	-2.77	0.0471	0.7	-0.22	2.74	1.00	0.00	0.16	111115
97	"10:59:45"	3118.5	0	7	0.0821	238	2.13	1.81	26.44	6	1.42	1	2.84	31.90	26.44	34.04	400.72	391.32	21.084	23.579	31.20	34.90	500.0	1500	94	70.26	-2.77	0.0471	0.7	-0.22	2.74	1.00	0.00	0.16	111115
98	"10:59:46"	3119.0	0	6.98	0.082	238	2.13	1.81	26.45	6	1.42	1	2.84	31.90	26.45	34.04	400.70	391.32	21.084	23.577	31.20	34.89	500.0	1500	97	70.26	-2.77	0.0471	0.7	-0.22	2.74	1.00	0.00	0.16	111115
99	"10:59:47"	3119.5	0	6.93	0.0819	239	2.12	1.81	26.44	6	1.42	1	2.84	31.90	26.44	34.04	400.67	391.35	21.085	23.575	31.21	34.89	499.9	1500	102	70.26	-2.77	0.0471	0.7	-0.22	2.74	1.00	0.00	0.16	111115
100	"10:59:47"	3120.0	0	6.92	0.0818	239	2.12	1.81	26.44	6	1.42	1	2.84	31.90	26.44	34.04	400.68	391.37	21.086	23.574	31.21	34.89	499.9	1500	108	70.26	-2.77	0.0471	0.7	-0.22	2.74	1.00	0.00	0.16	111115
101	"10:59:48"	3120.5	0	6.91	0.0818	240	2.12	1.81	26.44	6	1.42	1	2.84	31.90	26.44	34.04	400.71	391.43	21.087	23.574	31.21	34.89	499.9	1500	116	70.26	-2.77	0.0471	0.7	-0.22	2.74	1.00	0.00	0.16	111115
102	"10:59:48"	3121.0	0	6.92	0.0818	239	2.12	1.81	26.43	6	1.42	1	2.84	31.90	26.43	34.04	400.74	391.45	21.088	23.573	31.21	34.89	499.9	1500	124	70.26	-2.77	0.0471	0.7	-0.22	2.74	1.00	0.00	0.16	111115
103	"10:59:49"	3121.5	0	6.93	0.0817	239	2.12	1.81	26.43	6	1.42	1	2.84	31.90	26.43	34.04	400.74	391.42	21.089	23.570	31.21	34.88	499.9	1500	130	70.26	-2.77	0.0471	0.7	-0.22	2.74	1.00	0.00	0.16	111115
104	"10:59:49"	3122.0	0	6.95	0.0815	238	2.11	1.8	26.43	6	1.42	1	2.84	31.90	26.43	34.04	400.76	391.42	21.091	23.567	31.21	34.88	499.9	1500	136	70.26	-2.77	0.0471	0.7	-0.22	2.74	1.00	0.00	0.16	111115
105	"10:59:50"	3122.5	0	6.91	0.0813	239	2.11	1.81	26.43	6	1.42	1	2.84	31.90	26.43	34.04	400.74	391.46	21.093	23.563	31.21	34.87	499.9	1500	142	70.26	-2.77	0.0471	0.7	-0.22	2.74	1.00	0.00	0.16	111115
