"OPEN 6.2.4"
"Tue Jun 23 2015 08:15:08"
<open><version>"6.2.4"</version></open>
<open><configfile>"/User/Configs/UserPrefs/2x3 LED.xml"</configfile></open>
<open><light><source>"6400-02 or -02B LED Source"</source><par_in>1<sensor>"SI-3781"<cal>-0.93<actinity>1.00</actinity><transm>1.00</transm></cal></sensor><transm>1</transm></par_in><par_out>1<sensor>"Q49599"<cal>7.26</cal></sensor></par_out></light></open>
<open><comps><file>"/User/Configs/Comps/StdComps_6.2"<header>""</header><extras></extras></file><energybal>no<f_parIn>1</f_parIn><f_parOut>0</f_parOut><alphaK>0.16</alphaK></energybal><bc_total>2.840<stomatal_ratio>1</stomatal_ratio><bc_oneside>1.420<type>2</type><table>"/Sys/Lib/StdBLCTable"</table><area>6</area><slope>-0.219565</slope><offset>2.73739</offset><fan>5</fan></bc_oneside></bc_total></comps></open>
<open><prompts><onlog>off</onlog><items>"Default (none)"</items></prompts></open>
<open><constants><oxygen>21 %</oxygen><bb_vapor>1.5</bb_vapor><bb_oxy>0.9</bb_oxy></constants></open>
<open><stability><items>"Std Stability"<items[1]><id>-2</id><size>15</size><pcv><onoff>0</onoff><value>1</value></pcv><std><onoff>0</onoff><value>1</value></std><slp><onoff>1</onoff><value>1</value></slp></items[1]><items[2]><id>-5</id><size>15</size><pcv><onoff>0</onoff><value>1</value></pcv><std><onoff>0</onoff><value>1</value></std><slp><onoff>1</onoff><value>1</value></slp></items[2]><items[3]><id>-7</id><size>15</size><pcv><onoff>0</onoff><value>1</value></pcv><std><onoff>0</onoff><value>1</value></std><slp><onoff>1</onoff><value>1</value></slp></items[3]></items></stability></open>
<open><log><format>"StdLogFmt_6.0"<items>{ -35 -21 -36 -76 30 23 36 21 25 221 -33 111 -34 11 -9 -10 -8 -1 -2 -4 -5 -14 -15 -7 -12 -13 -11 -65 -66 -72 -18 -19 -77 -78 -79 -23  }<hdr>{  }</hdr></items></format><options><beep>on</beep><hdr>normal</hdr><rem>normal</rem><stab>no</stab><stats>no<mean>no</mean><file>no</file><period>15</period></stats><excel>yes</excel><controls>yes</controls><comm>no</comm></options><datafile>"/User/stm-abasa4"</datafile><button><action>"Normal Log"<code>" LogOneObsManual "</code></action></button><autoprog>"/User/Configs/AutoProgs/AutoLog2"<active>no</active></autoprog></log></open>
<open><a2d><avgtime>4.0 secs</avgtime><userchans><ch20>"Off"</ch20><ch21>"Off"</ch21><ch22>"Off"</ch22><ch23>"Off"</ch23></userchans></a2d></open>
<open><matching><type>0</type><disp>'a'</disp><settings><CO2Limit>10.0</CO2Limit><H2OLimit>1.0</H2OLimit><MaxAutoTime>60</MaxAutoTime></settings></matching></open>
<li6400><factory><unit>"PSC-3840"</unit><serviced>"1 Jul 2013"</serviced><fuseaware>0</fuseaware><co2mixer>yes</co2mixer><co2><coeffs>{ 0 0.213319 2.22998e-05 2.13159e-08 -3.88664e-12 3.69888e-16  }</coeffs><dvdt>-4.7</dvdt><xs>{ 0.0009 -0.0002  }</xs></co2><h2o><coeffs>{ 0 0.00572751 2.23485e-06 -7.37877e-12  }</coeffs><dvdt>-1.7</dvdt><xs>{ 0.0009 -0.0028  }</xs></h2o><flow>{ 0 0.3568  }</flow><press>{ 88.437 0.00551  }</press></factory></li6400>
<li6400><user><flow_zero>-468.8</flow_zero><irga_zero><co2>429.7 390.6<at>17.6901</at></co2><h2o>78.1 156.2<at>17.1607</at></h2o></irga_zero><irga_span><co2>{ 0.99237 0.992833  }</co2><h2o>{ 1.00426 0.996799  }</h2o></irga_span><irga_match><co2>{ 0.368307 2.97834  }</co2><h2o>{ 0.00477181 0.111502  }</h2o></irga_match><co2_mixer><pump_mv>4500</pump_mv><ppm>{ 2287.2 1080.71 423.89 257.488 117.195 68.0056 44.5242 37.9628  }</ppm><mv>{ 5000 3000 1500 1000 500 300 200 100  }</mv></co2_mixer><parin_offset>0</parin_offset><led_cal><unit>"SI-3781"</unit><mv>{ 10 25 50 100 1000 2000 3000 4000 5000  }</mv><qntm>{ 4.69642 15.4417 35.4805 82.2863 972.665 1922.29 2824.32 3690.14 4518.2  }</qntm></led_cal><lcf_cal><unit>"unknown"</unit><red><mv>{ 50 100 500 1000 1500 5000  }</mv><qntm>{ 50 100 500 1000 2000 5000  }</qntm></red><blue><mv>{ 100 200 500 1000 2000 5000  }</mv><qntm>{ 10 20 50 100 200 500  }</qntm></blue></lcf_cal></user></li6400>
"08:15:39 "
$STARTOFDATA$
"Obs"	"HHMMSS"	"FTime"	"EBal?"	"Photo"	"Cond"	"Ci"	"Trmmol"	"VpdL"	"CTleaf"	"Area"	"BLC_1"	"StmRat"	"BLCond"	"Tair"	"Tleaf"	"TBlk"	"CO2R"	"CO2S"	"H2OR"	"H2OS"	"RH_R"	"RH_S"	"Flow"	"PARi"	"PARo"	"Press"	"CsMch"	"HsMch"	"StableF"	"BLCslope"	"BLCoffst"	"f_parin"	"f_parout"	"alphaK"	"Status"
"08:20:31 Coolers: Tblock -> 2.52 C"
"08:21:44 Flow: Fixed -> 500 umol/s"
1	"08:22:25"	456.0	0	10.2	0.243	310	2.25	0.762	8.04	6	1.42	1	2.84	4.50	8.04	2.60	401.17	387.86	1.469	4.163	13.26	37.59	500.0	1499	34	76.36	-5.03	0.211	0.7	-0.22	2.74	1.00	0.00	0.16	111115
2	"08:22:25"	456.5	0	10.2	0.243	310	2.25	0.762	8.04	6	1.42	1	2.84	4.50	8.04	2.61	401.21	387.88	1.468	4.163	13.26	37.59	500.0	1499	34	76.36	-5.03	0.211	0.7	-0.22	2.74	1.00	0.00	0.16	111115
3	"08:22:26"	456.5	0	10.2	0.243	310	2.25	0.762	8.04	6	1.42	1	2.84	4.50	8.04	2.61	401.21	387.88	1.468	4.163	13.26	37.59	500.0	1499	34	76.36	-5.03	0.211	0.7	-0.22	2.74	1.00	0.00	0.16	111115
4	"08:22:26"	457.0	0	10.3	0.243	310	2.26	0.762	8.04	6	1.42	1	2.84	4.50	8.04	2.60	401.28	387.88	1.467	4.163	13.25	37.59	499.9	1499	34	76.36	-5.03	0.211	0.7	-0.22	2.74	1.00	0.00	0.16	111115
5	"08:22:27"	457.5	0	10.3	0.244	309	2.26	0.761	8.03	6	1.42	1	2.84	4.50	8.03	2.60	401.35	387.89	1.467	4.164	13.25	37.60	499.9	1499	34	76.36	-5.03	0.211	0.7	-0.22	2.74	1.00	0.00	0.16	111115
6	"08:22:27"	458.0	0	10.4	0.244	309	2.26	0.761	8.03	6	1.42	1	2.84	4.50	8.03	2.60	401.39	387.91	1.467	4.163	13.25	37.59	499.9	1499	34	76.36	-5.03	0.211	0.7	-0.22	2.74	1.00	0.00	0.16	111115
7	"08:22:28"	458.5	0	10.4	0.244	309	2.26	0.761	8.03	6	1.42	1	2.84	4.50	8.03	2.60	401.48	387.91	1.467	4.163	13.25	37.59	499.9	1499	34	76.36	-5.03	0.211	0.7	-0.22	2.74	1.00	0.00	0.16	111115
8	"08:22:28"	459.0	0	10.4	0.244	309	2.26	0.761	8.02	6	1.42	1	2.84	4.50	8.02	2.60	401.55	387.97	1.467	4.163	13.24	37.59	500.0	1499	34	76.36	-5.03	0.211	0.7	-0.22	2.74	1.00	0.00	0.16	111115
9	"08:22:29"	459.5	0	10.5	0.244	309	2.26	0.76	8.02	6	1.42	1	2.84	4.50	8.02	2.60	401.61	388.00	1.466	4.164	13.24	37.60	500.0	1499	34	76.36	-5.03	0.211	0.7	-0.22	2.74	1.00	0.00	0.16	111115
10	"08:22:29"	460.0	0	10.4	0.244	309	2.26	0.76	8.01	6	1.42	1	2.84	4.50	8.01	2.61	401.63	388.04	1.465	4.163	13.23	37.59	500.0	1499	34	76.36	-5.03	0.211	0.7	-0.22	2.74	1.00	0.00	0.16	111115
11	"08:22:30"	460.5	0	10.4	0.244	309	2.26	0.759	8.00	6	1.42	1	2.84	4.50	8.00	2.61	401.62	388.09	1.465	4.163	13.23	37.59	500.0	1499	34	76.36	-5.03	0.211	0.7	-0.22	2.74	1.00	0.00	0.16	111115
12	"08:22:30"	461.0	0	10.3	0.244	310	2.26	0.759	7.99	6	1.42	1	2.84	4.50	7.99	2.61	401.57	388.12	1.464	4.160	13.22	37.57	500.1	1499	34	76.36	-5.03	0.211	0.7	-0.22	2.74	1.00	0.00	0.16	111115
13	"08:22:31"	461.5	0	10.3	0.244	310	2.26	0.758	7.99	6	1.42	1	2.84	4.50	7.99	2.60	401.58	388.17	1.464	4.159	13.22	37.55	500.1	1499	34	76.36	-5.03	0.211	0.7	-0.22	2.74	1.00	0.00	0.16	111115
14	"08:22:31"	462.0	0	10.3	0.244	310	2.26	0.758	7.99	6	1.42	1	2.84	4.50	7.99	2.61	401.59	388.20	1.463	4.158	13.21	37.55	500.1	1499	34	76.36	-5.03	0.211	0.7	-0.22	2.74	1.00	0.00	0.16	111115
15	"08:22:32"	462.5	0	10.2	0.244	311	2.25	0.759	7.99	6	1.42	1	2.84	4.50	7.99	2.61	401.56	388.25	1.462	4.156	13.21	37.54	500.1	1499	34	76.36	-5.03	0.211	0.7	-0.22	2.74	1.00	0.00	0.16	111115
"08:22:42 Coolers: Tblock -> 7.00 C"
"08:25:14 Flow: Fixed -> 500 umol/s"
16	"08:25:37"	649.0	0	11.2	0.241	302	2.35	0.798	9.58	6	1.42	1	2.84	7.88	9.58	7.10	401.92	387.42	2.445	5.248	17.48	37.53	500.0	1499	34	76.37	-5.84	0.206	0.7	-0.22	2.74	1.00	0.00	0.16	111115
17	"08:25:38"	649.5	0	11.2	0.241	302	2.35	0.798	9.59	6	1.42	1	2.84	7.88	9.59	7.10	401.91	387.41	2.444	5.249	17.48	37.53	500.0	1499	34	76.37	-5.84	0.206	0.7	-0.22	2.74	1.00	0.00	0.16	111115
18	"08:25:38"	649.5	0	11.2	0.241	302	2.35	0.798	9.59	6	1.42	1	2.84	7.88	9.59	7.10	401.91	387.41	2.444	5.249	17.48	37.53	500.0	1499	34	76.37	-5.84	0.206	0.7	-0.22	2.74	1.00	0.00	0.16	111115
19	"08:25:39"	650.0	0	11.1	0.241	303	2.35	0.798	9.59	6	1.42	1	2.84	7.88	9.59	7.10	401.86	387.43	2.445	5.249	17.48	37.53	500.0	1499	34	76.37	-5.84	0.206	0.7	-0.22	2.74	1.00	0.00	0.16	111115
20	"08:25:39"	650.5	0	11.1	0.241	303	2.35	0.798	9.59	6	1.42	1	2.84	7.88	9.59	7.10	401.78	387.41	2.445	5.249	17.48	37.53	500.0	1499	34	76.37	-5.84	0.206	0.7	-0.22	2.74	1.00	0.00	0.16	111115
21	"08:25:40"	651.0	0	11	0.241	304	2.35	0.798	9.59	6	1.42	1	2.84	7.88	9.59	7.10	401.65	387.39	2.444	5.249	17.47	37.53	500.0	1499	34	76.37	-5.84	0.206	0.7	-0.22	2.74	1.00	0.00	0.16	111115
22	"08:25:40"	651.5	0	10.9	0.241	304	2.35	0.799	9.59	6	1.42	1	2.84	7.88	9.59	7.10	401.53	387.34	2.443	5.250	17.47	37.53	500.0	1499	34	76.37	-5.84	0.206	0.7	-0.22	2.74	1.00	0.00	0.16	111115
23	"08:25:41"	652.0	0	10.9	0.241	304	2.35	0.799	9.60	6	1.42	1	2.84	7.88	9.60	7.10	401.40	387.26	2.443	5.250	17.46	37.53	500.0	1499	34	76.37	-5.84	0.206	1.0	-0.22	2.74	1.00	0.00	0.16	111115
24	"08:25:41"	652.5	0	10.8	0.241	305	2.35	0.799	9.60	6	1.42	1	2.84	7.88	9.60	7.10	401.25	387.22	2.443	5.251	17.47	37.54	500.0	1499	34	76.36	-5.84	0.206	1.0	-0.22	2.74	1.00	0.00	0.16	111115
25	"08:25:42"	653.0	0	10.7	0.242	305	2.35	0.797	9.58	6	1.42	1	2.84	7.88	9.58	7.10	401.11	387.14	2.444	5.253	17.47	37.55	500.0	1499	35	76.36	-5.84	0.206	1.0	-0.22	2.74	1.00	0.00	0.16	111115
26	"08:25:43"	654.0	0	10.6	0.242	306	2.35	0.797	9.57	6	1.42	1	2.84	7.88	9.57	7.10	400.78	386.95	2.443	5.251	17.46	37.53	500.0	1499	35	76.37	-5.84	0.206	1.0	-0.22	2.74	1.00	0.00	0.16	111115
27	"08:25:43"	654.5	0	10.6	0.242	306	2.35	0.796	9.57	6	1.42	1	2.84	7.89	9.57	7.10	400.66	386.89	2.443	5.252	17.46	37.54	500.0	1499	35	76.37	-5.84	0.206	1.0	-0.22	2.74	1.00	0.00	0.16	111115
28	"08:25:44"	655.0	0	10.6	0.243	306	2.36	0.796	9.57	6	1.42	1	2.84	7.89	9.57	7.10	400.56	386.80	2.443	5.254	17.46	37.55	500.1	1499	35	76.37	-5.84	0.206	1.0	-0.22	2.74	1.00	0.00	0.16	111115
29	"08:25:44"	655.5	0	10.5	0.243	306	2.36	0.796	9.57	6	1.42	1	2.84	7.89	9.57	7.10	400.49	386.76	2.443	5.255	17.46	37.55	500.1	1499	35	76.37	-5.84	0.206	0.7	-0.22	2.74	1.00	0.00	0.16	111115
30	"08:25:45"	656.0	0	10.6	0.243	306	2.36	0.796	9.57	6	1.42	1	2.84	7.89	9.57	7.10	400.46	386.69	2.443	5.254	17.46	37.54	500.1	1499	35	76.37	-5.84	0.206	0.7	-0.22	2.74	1.00	0.00	0.16	111115
"08:25:52 Coolers: Tblock -> 12.00 C"
"08:28:50 Flow: Fixed -> 500 umol/s"
"08:30:41 Flow: Fixed -> 500 umol/s"
31	"08:31:15"	986.5	0	12.3	0.241	290	2.82	0.957	12.63	6	1.42	1	2.84	12.13	12.63	11.99	400.69	384.57	3.329	6.686	17.91	35.97	500.0	1499	35	76.37	-5.88	0.201	1.0	-0.22	2.74	1.00	0.00	0.16	111115
32	"08:31:15"	987.0	0	12.4	0.241	290	2.82	0.957	12.63	6	1.42	1	2.84	12.13	12.63	11.99	400.68	384.56	3.329	6.687	17.91	35.97	500.0	1499	35	76.37	-5.88	0.201	1.0	-0.22	2.74	1.00	0.00	0.16	111115
33	"08:31:15"	987.0	0	12.4	0.241	290	2.82	0.957	12.63	6	1.42	1	2.84	12.13	12.63	11.99	400.68	384.56	3.329	6.687	17.91	35.97	500.0	1499	35	76.37	-5.88	0.201	1.0	-0.22	2.74	1.00	0.00	0.16	111115
34	"08:31:16"	987.5	0	12.3	0.241	290	2.82	0.956	12.63	6	1.42	1	2.84	12.13	12.63	11.99	400.69	384.58	3.329	6.688	17.91	35.97	499.9	1499	35	76.37	-5.88	0.201	1.0	-0.22	2.74	1.00	0.00	0.16	111115
35	"08:31:16"	988.0	0	12.3	0.241	290	2.82	0.957	12.63	6	1.42	1	2.84	12.13	12.63	11.99	400.67	384.60	3.329	6.689	17.91	35.98	499.9	1499	35	76.37	-5.88	0.201	1.0	-0.22	2.74	1.00	0.00	0.16	111115
36	"08:31:17"	988.5	0	12.3	0.241	291	2.82	0.957	12.63	6	1.42	1	2.84	12.13	12.63	11.99	400.65	384.63	3.329	6.689	17.91	35.98	499.9	1499	36	76.37	-5.88	0.201	1.0	-0.22	2.74	1.00	0.00	0.16	111115
37	"08:31:17"	989.0	0	12.3	0.241	290	2.82	0.957	12.63	6	1.42	1	2.84	12.13	12.63	11.99	400.67	384.61	3.330	6.689	17.91	35.98	499.9	1499	36	76.37	-5.88	0.201	1.0	-0.22	2.74	1.00	0.00	0.16	111115
38	"08:31:18"	989.5	0	12.3	0.241	290	2.82	0.957	12.63	6	1.42	1	2.84	12.13	12.63	11.99	400.67	384.59	3.329	6.690	17.91	35.98	499.9	1499	36	76.37	-5.88	0.201	1.0	-0.22	2.74	1.00	0.00	0.16	111115
39	"08:31:18"	990.0	0	12.3	0.241	290	2.82	0.957	12.63	6	1.42	1	2.84	12.13	12.63	11.99	400.67	384.62	3.330	6.690	17.91	35.98	499.9	1499	36	76.37	-5.88	0.201	1.0	-0.22	2.74	1.00	0.00	0.16	111115
40	"08:31:19"	990.5	0	12.3	0.241	290	2.82	0.956	12.63	6	1.42	1	2.84	12.13	12.63	11.99	400.69	384.64	3.330	6.691	17.91	35.99	500.0	1499	36	76.37	-5.88	0.201	1.0	-0.22	2.74	1.00	0.00	0.16	111115
41	"08:31:19"	991.0	0	12.3	0.241	290	2.82	0.956	12.63	6	1.42	1	2.84	12.13	12.63	11.99	400.71	384.66	3.331	6.691	17.92	35.99	500.0	1499	36	76.37	-5.88	0.201	1.0	-0.22	2.74	1.00	0.00	0.16	111115
42	"08:31:20"	991.5	0	12.3	0.241	290	2.82	0.956	12.63	6	1.42	1	2.84	12.13	12.63	11.99	400.72	384.67	3.331	6.691	17.91	35.99	500.0	1499	36	76.37	-5.88	0.201	1.0	-0.22	2.74	1.00	0.00	0.16	111115
43	"08:31:20"	992.0	0	12.3	0.241	291	2.82	0.956	12.63	6	1.42	1	2.84	12.13	12.63	11.99	400.73	384.69	3.330	6.691	17.91	35.98	500.1	1499	36	76.37	-5.88	0.201	1.0	-0.22	2.74	1.00	0.00	0.16	111115
44	"08:31:21"	992.5	0	12.3	0.241	290	2.82	0.957	12.63	6	1.42	1	2.84	12.13	12.63	11.99	400.76	384.69	3.330	6.689	17.91	35.97	500.1	1499	36	76.37	-5.88	0.201	1.0	-0.22	2.74	1.00	0.00	0.16	111115
45	"08:31:21"	993.0	0	12.3	0.241	290	2.82	0.957	12.63	6	1.42	1	2.84	12.13	12.63	11.99	400.80	384.74	3.330	6.689	17.91	35.97	500.1	1499	36	76.37	-5.88	0.201	1.0	-0.22	2.74	1.00	0.00	0.16	111115
"08:31:30 Coolers: Tblock -> 17.00 C"
"08:35:03 Flow: Fixed -> 500 umol/s"
"08:36:31 Flow: Fixed -> 500 umol/s"
46	"08:37:14"	1345.5	0	13.2	0.213	270	2.94	1.11	15.79	6	1.42	1	2.84	16.52	15.79	17.07	400.35	383.17	5.496	8.987	22.26	36.39	499.9	1499	37	76.37	-5.83	0.196	1.0	-0.22	2.74	1.00	0.00	0.16	111115
47	"08:37:14"	1346.0	0	13.2	0.213	270	2.94	1.11	15.79	6	1.42	1	2.84	16.52	15.79	17.07	400.36	383.19	5.496	8.988	22.26	36.39	499.9	1499	37	76.37	-5.83	0.196	1.0	-0.22	2.74	1.00	0.00	0.16	111115
48	"08:37:15"	1346.0	0	13.2	0.213	270	2.94	1.11	15.79	6	1.42	1	2.84	16.52	15.79	17.07	400.36	383.19	5.496	8.988	22.26	36.39	499.9	1499	37	76.37	-5.83	0.196	1.0	-0.22	2.74	1.00	0.00	0.16	111115
49	"08:37:15"	1346.5	0	13.2	0.213	270	2.94	1.11	15.79	6	1.42	1	2.84	16.52	15.79	17.07	400.32	383.18	5.496	8.987	22.25	36.39	500.0	1499	37	76.37	-5.83	0.196	1.0	-0.22	2.74	1.00	0.00	0.16	111115
50	"08:37:16"	1347.0	0	13.2	0.213	270	2.94	1.11	15.79	6	1.42	1	2.84	16.52	15.79	17.07	400.33	383.17	5.496	8.987	22.26	36.39	500.0	1499	37	76.37	-5.83	0.196	1.0	-0.22	2.74	1.00	0.00	0.16	111115
51	"08:37:16"	1347.5	0	13.2	0.213	270	2.93	1.11	15.79	6	1.42	1	2.84	16.52	15.79	17.07	400.34	383.16	5.497	8.987	22.26	36.39	500.0	1499	37	76.36	-5.83	0.196	1.0	-0.22	2.74	1.00	0.00	0.16	111115
52	"08:37:17"	1348.0	0	13.2	0.213	270	2.94	1.11	15.79	6	1.42	1	2.84	16.52	15.79	17.07	400.33	383.18	5.498	8.988	22.26	36.39	500.0	1499	37	76.37	-5.83	0.196	1.0	-0.22	2.74	1.00	0.00	0.16	111115
53	"08:37:17"	1348.5	0	13.2	0.213	270	2.94	1.11	15.79	6	1.42	1	2.84	16.52	15.79	17.07	400.32	383.17	5.497	8.988	22.26	36.39	500.0	1499	37	76.37	-5.83	0.196	1.0	-0.22	2.74	1.00	0.00	0.16	111115
54	"08:37:18"	1349.0	0	13.2	0.213	270	2.94	1.11	15.79	6	1.42	1	2.84	16.52	15.79	17.07	400.30	383.15	5.496	8.989	22.25	36.39	500.1	1499	37	76.37	-5.83	0.196	1.0	-0.22	2.74	1.00	0.00	0.16	111115
55	"08:37:18"	1349.5	0	13.1	0.213	270	2.94	1.11	15.79	6	1.42	1	2.84	16.52	15.79	17.07	400.29	383.17	5.495	8.990	22.25	36.40	500.1	1499	37	76.37	-5.83	0.196	1.0	-0.22	2.74	1.00	0.00	0.16	111115
56	"08:37:19"	1350.0	0	13.2	0.213	270	2.94	1.11	15.79	6	1.42	1	2.84	16.52	15.79	17.07	400.29	383.14	5.494	8.989	22.24	36.39	500.1	1499	37	76.37	-5.83	0.196	1.0	-0.22	2.74	1.00	0.00	0.16	111115
57	"08:37:19"	1350.5	0	13.2	0.213	270	2.94	1.11	15.79	6	1.42	1	2.84	16.52	15.79	17.07	400.33	383.12	5.493	8.990	22.24	36.39	500.1	1499	37	76.37	-5.83	0.196	1.0	-0.22	2.74	1.00	0.00	0.16	111115
58	"08:37:20"	1351.0	0	13.2	0.213	270	2.94	1.11	15.80	6	1.42	1	2.84	16.52	15.80	17.07	400.32	383.11	5.493	8.990	22.24	36.39	500.1	1499	37	76.37	-5.83	0.196	1.0	-0.22	2.74	1.00	0.00	0.16	111115
59	"08:37:20"	1351.5	0	13.2	0.213	270	2.94	1.11	15.80	6	1.42	1	2.84	16.52	15.80	17.07	400.32	383.10	5.492	8.990	22.23	36.39	500.1	1499	37	76.37	-5.83	0.196	1.0	-0.22	2.74	1.00	0.00	0.16	111115
60	"08:37:21"	1352.0	0	13.2	0.213	270	2.94	1.11	15.80	6	1.42	1	2.84	16.52	15.80	17.07	400.31	383.08	5.492	8.989	22.23	36.39	500.1	1499	37	76.37	-5.83	0.196	1.0	-0.22	2.74	1.00	0.00	0.16	111115
"08:37:29 Coolers: Tblock -> 22.00 C"
"08:44:33 Flow: Fixed -> 500 umol/s"
61	"08:45:24"	1835.5	0	14.2	0.21	259	3.33	1.28	18.81	6	1.42	1	2.84	20.95	18.81	22.15	400.85	382.33	7.879	11.829	24.17	36.30	499.9	1501	39	76.36	-5.52	0.169	1.0	-0.22	2.74	1.00	0.00	0.16	111115
62	"08:45:25"	1836.0	0	14.1	0.21	259	3.33	1.28	18.80	6	1.42	1	2.84	20.95	18.80	22.15	400.85	382.34	7.879	11.830	24.18	36.30	499.9	1501	39	76.36	-5.52	0.169	1.0	-0.22	2.74	1.00	0.00	0.16	111115
63	"08:45:25"	1836.0	0	14.1	0.21	259	3.33	1.28	18.80	6	1.42	1	2.84	20.95	18.80	22.15	400.85	382.34	7.879	11.830	24.18	36.30	499.9	1501	39	76.36	-5.52	0.169	1.0	-0.22	2.74	1.00	0.00	0.16	111115
64	"08:45:25"	1836.5	0	14.2	0.21	259	3.33	1.27	18.80	6	1.42	1	2.84	20.95	18.80	22.15	400.87	382.29	7.880	11.832	24.18	36.30	499.9	1501	39	76.36	-5.52	0.169	1.0	-0.22	2.74	1.00	0.00	0.16	111115
65	"08:45:26"	1837.0	0	14.2	0.21	259	3.33	1.27	18.80	6	1.42	1	2.84	20.95	18.80	22.15	400.86	382.27	7.879	11.833	24.18	36.31	499.9	1501	39	76.36	-5.52	0.169	1.0	-0.22	2.74	1.00	0.00	0.16	111115
66	"08:45:26"	1837.5	0	14.2	0.21	258	3.33	1.27	18.80	6	1.42	1	2.84	20.95	18.80	22.15	400.87	382.24	7.880	11.832	24.18	36.31	499.9	1501	39	76.36	-5.52	0.169	1.0	-0.22	2.74	1.00	0.00	0.16	111115
67	"08:45:27"	1837.5	0	14.2	0.21	258	3.33	1.27	18.80	6	1.42	1	2.84	20.95	18.80	22.15	400.87	382.24	7.880	11.832	24.18	36.31	499.9	1501	39	76.36	-5.52	0.169	1.0	-0.22	2.74	1.00	0.00	0.16	111115
68	"08:45:27"	1838.0	0	14.2	0.21	258	3.33	1.27	18.80	6	1.42	1	2.84	20.95	18.80	22.15	400.85	382.22	7.880	11.833	24.18	36.31	499.9	1501	39	76.36	-5.52	0.169	1.0	-0.22	2.74	1.00	0.00	0.16	111115
69	"08:45:28"	1838.5	0	14.2	0.21	258	3.33	1.27	18.80	6	1.42	1	2.84	20.95	18.80	22.15	400.83	382.21	7.880	11.834	24.18	36.31	500.0	1501	39	76.36	-5.52	0.169	1.0	-0.22	2.74	1.00	0.00	0.16	111115
70	"08:45:28"	1839.0	0	14.2	0.21	259	3.33	1.27	18.80	6	1.42	1	2.84	20.95	18.80	22.15	400.83	382.26	7.880	11.835	24.18	36.31	500.0	1501	39	76.36	-5.52	0.169	1.0	-0.22	2.74	1.00	0.00	0.16	111115
71	"08:45:29"	1839.5	0	14.2	0.21	259	3.34	1.27	18.80	6	1.42	1	2.84	20.95	18.80	22.15	400.84	382.26	7.880	11.835	24.18	36.31	500.0	1501	39	76.36	-5.52	0.169	1.0	-0.22	2.74	1.00	0.00	0.16	111115
72	"08:45:29"	1840.0	0	14.2	0.21	259	3.34	1.27	18.80	6	1.42	1	2.84	20.95	18.80	22.15	400.87	382.31	7.880	11.835	24.18	36.31	500.0	1501	39	76.36	-5.52	0.169	1.0	-0.22	2.74	1.00	0.00	0.16	111115
73	"08:45:30"	1840.5	0	14.2	0.21	259	3.34	1.27	18.81	6	1.42	1	2.84	20.96	18.81	22.15	400.90	382.35	7.880	11.836	24.18	36.31	500.0	1501	39	76.36	-5.52	0.169	1.0	-0.22	2.74	1.00	0.00	0.16	111115
74	"08:45:30"	1841.0	0	14.2	0.21	259	3.34	1.28	18.81	6	1.42	1	2.84	20.96	18.81	22.15	400.94	382.37	7.881	11.837	24.18	36.31	500.1	1501	39	76.36	-5.52	0.169	1.0	-0.22	2.74	1.00	0.00	0.16	111115
75	"08:45:31"	1841.5	0	14.2	0.21	259	3.34	1.28	18.81	6	1.42	1	2.84	20.96	18.81	22.15	400.94	382.40	7.880	11.838	24.17	36.31	500.1	1501	39	76.36	-5.52	0.169	1.0	-0.22	2.74	1.00	0.00	0.16	111115
"08:45:40 Coolers: Tblock -> 27.00 C"
"08:50:00 Flow: Fixed -> 500 umol/s"
"08:51:25 Flow: Fixed -> 500 umol/s"
76	"08:51:50"	2222.0	0	14.7	0.214	253	3.86	1.45	21.75	6	1.42	1	2.84	25.20	21.75	27.02	399.67	380.26	10.731	15.290	25.46	36.28	499.9	1500	40	76.36	-5.48	0.13	1.0	-0.22	2.74	1.00	0.00	0.16	111115
77	"08:51:50"	2222.0	0	14.7	0.214	253	3.86	1.45	21.75	6	1.42	1	2.84	25.20	21.75	27.02	399.67	380.26	10.731	15.290	25.46	36.28	499.9	1500	40	76.36	-5.48	0.13	1.0	-0.22	2.74	1.00	0.00	0.16	111115
78	"08:51:51"	2222.5	0	14.7	0.214	253	3.86	1.44	21.74	6	1.42	1	2.84	25.20	21.74	27.02	399.71	380.27	10.731	15.290	25.46	36.28	499.9	1500	40	76.37	-5.48	0.13	1.0	-0.22	2.74	1.00	0.00	0.16	111115
79	"08:51:51"	2223.0	0	14.8	0.214	253	3.86	1.44	21.74	6	1.42	1	2.84	25.20	21.74	27.02	399.73	380.24	10.732	15.292	25.46	36.28	499.9	1500	40	76.36	-5.48	0.13	1.0	-0.22	2.74	1.00	0.00	0.16	111115
80	"08:51:52"	2223.5	0	14.8	0.214	253	3.86	1.44	21.74	6	1.42	1	2.84	25.20	21.74	27.02	399.75	380.20	10.731	15.295	25.46	36.29	499.9	1500	40	76.37	-5.48	0.13	1.0	-0.22	2.74	1.00	0.00	0.16	111115
81	"08:51:52"	2224.0	0	14.8	0.214	253	3.86	1.44	21.74	6	1.42	1	2.84	25.21	21.74	27.03	399.73	380.20	10.732	15.298	25.46	36.29	499.9	1500	40	76.36	-5.48	0.13	1.0	-0.22	2.74	1.00	0.00	0.16	111115
82	"08:51:53"	2224.5	0	14.8	0.215	253	3.87	1.44	21.74	6	1.42	1	2.84	25.21	21.74	27.02	399.76	380.18	10.731	15.302	25.46	36.30	499.9	1500	40	76.37	-5.48	0.13	1.0	-0.22	2.74	1.00	0.00	0.16	111115
83	"08:51:54"	2225.0	0	14.8	0.215	253	3.87	1.44	21.73	6	1.42	1	2.84	25.21	21.73	27.03	399.75	380.20	10.732	15.302	25.46	36.30	500.0	1500	40	76.37	-5.48	0.13	1.0	-0.22	2.74	1.00	0.00	0.16	111115
84	"08:51:54"	2225.5	0	14.8	0.215	253	3.87	1.44	21.74	6	1.42	1	2.84	25.21	21.74	27.02	399.77	380.19	10.733	15.303	25.46	36.30	499.9	1500	40	76.36	-5.48	0.13	1.0	-0.22	2.74	1.00	0.00	0.16	111115
85	"08:51:55"	2226.0	0	14.9	0.215	252	3.87	1.44	21.74	6	1.42	1	2.84	25.21	21.74	27.03	399.79	380.17	10.733	15.304	25.46	36.30	499.9	1500	40	76.36	-5.48	0.13	1.0	-0.22	2.74	1.00	0.00	0.16	111115
86	"08:51:55"	2226.5	0	14.9	0.215	253	3.87	1.44	21.74	6	1.42	1	2.84	25.21	21.74	27.03	399.78	380.19	10.734	15.305	25.46	36.30	499.9	1500	40	76.36	-5.48	0.13	1.0	-0.22	2.74	1.00	0.00	0.16	111115
87	"08:51:56"	2227.0	0	14.8	0.215	253	3.87	1.44	21.74	6	1.42	1	2.84	25.21	21.74	27.03	399.80	380.22	10.734	15.306	25.46	36.30	500.0	1500	40	76.36	-5.48	0.13	1.0	-0.22	2.74	1.00	0.00	0.16	111115
88	"08:51:56"	2227.5	0	14.8	0.215	253	3.87	1.44	21.75	6	1.42	1	2.84	25.21	21.75	27.02	399.80	380.28	10.735	15.309	25.46	36.31	500.0	1500	40	76.36	-5.48	0.13	1.0	-0.22	2.74	1.00	0.00	0.16	111115
89	"08:51:57"	2228.0	0	14.8	0.215	253	3.87	1.44	21.75	6	1.42	1	2.84	25.21	21.75	27.03	399.82	380.32	10.734	15.310	25.46	36.31	500.0	1500	40	76.36	-5.48	0.13	1.0	-0.22	2.74	1.00	0.00	0.16	111115
90	"08:51:57"	2228.5	0	14.8	0.215	253	3.87	1.44	21.75	6	1.42	1	2.84	25.21	21.75	27.03	399.84	380.33	10.736	15.311	25.46	36.31	500.0	1500	40	76.36	-5.48	0.13	1.0	-0.22	2.74	1.00	0.00	0.16	111115
"08:52:05 Coolers: Tblock -> 32.00 C"
"09:04:32 Flow: Fixed -> 500 umol/s"
91	"09:05:32"	3044.0	0	14.9	0.249	266	5.01	1.62	24.75	6	1.42	1	2.84	29.74	24.75	32.10	400.10	379.88	13.923	19.820	25.33	36.07	500.0	1500	45	76.37	-5.2	0.0575	1.0	-0.22	2.74	1.00	0.00	0.16	111115
92	"09:05:33"	3044.5	0	14.9	0.25	266	5.01	1.62	24.74	6	1.42	1	2.84	29.74	24.74	32.10	400.10	379.89	13.924	19.819	25.34	36.06	500.0	1500	45	76.37	-5.2	0.0575	1.0	-0.22	2.74	1.00	0.00	0.16	111115
93	"09:05:33"	3045.0	0	14.9	0.25	266	5.01	1.62	24.74	6	1.42	1	2.84	29.74	24.74	32.10	400.05	379.86	13.924	19.818	25.33	36.06	499.9	1500	45	76.37	-5.2	0.0575	1.0	-0.22	2.74	1.00	0.00	0.16	111115
94	"09:05:33"	3045.0	0	14.9	0.25	266	5.01	1.62	24.74	6	1.42	1	2.84	29.74	24.74	32.10	400.05	379.86	13.924	19.818	25.33	36.06	499.9	1500	45	76.37	-5.2	0.0575	1.0	-0.22	2.74	1.00	0.00	0.16	111115
95	"09:05:34"	3045.5	0	14.9	0.25	266	5.01	1.62	24.73	6	1.42	1	2.84	29.74	24.73	32.10	400.04	379.89	13.924	19.819	25.33	36.06	499.9	1500	45	76.37	-5.2	0.0575	1.0	-0.22	2.74	1.00	0.00	0.16	111115
96	"09:05:34"	3046.0	0	14.9	0.25	266	5.01	1.61	24.72	6	1.42	1	2.84	29.74	24.72	32.10	400.06	379.88	13.925	19.817	25.34	36.06	499.9	1500	45	76.37	-5.2	0.0575	1.0	-0.22	2.74	1.00	0.00	0.16	111115
97	"09:05:35"	3046.5	0	14.9	0.25	266	5.01	1.61	24.72	6	1.42	1	2.84	29.74	24.72	32.10	400.07	379.88	13.925	19.816	25.33	36.05	500.0	1500	45	76.37	-5.2	0.0575	1.0	-0.22	2.74	1.00	0.00	0.16	111115
98	"09:05:35"	3047.0	0	14.9	0.25	266	5.01	1.61	24.72	6	1.42	1	2.84	29.74	24.72	32.10	400.06	379.88	13.925	19.816	25.34	36.05	500.0	1500	45	76.37	-5.2	0.0575	1.0	-0.22	2.74	1.00	0.00	0.16	111115
99	"09:05:36"	3047.5	0	14.9	0.25	266	5.01	1.61	24.71	6	1.42	1	2.84	29.74	24.71	32.10	400.07	379.87	13.925	19.815	25.34	36.05	500.0	1500	45	76.37	-5.2	0.0575	1.0	-0.22	2.74	1.00	0.00	0.16	111115
100	"09:05:36"	3048.0	0	14.9	0.25	266	5.01	1.61	24.71	6	1.42	1	2.84	29.74	24.71	32.10	400.05	379.89	13.926	19.813	25.34	36.05	500.0	1500	45	76.37	-5.2	0.0575	1.0	-0.22	2.74	1.00	0.00	0.16	111115
101	"09:05:37"	3048.5	0	14.9	0.25	266	5.01	1.61	24.72	6	1.42	1	2.84	29.74	24.72	32.10	400.05	379.90	13.925	19.813	25.34	36.05	500.0	1500	45	76.37	-5.2	0.0575	1.0	-0.22	2.74	1.00	0.00	0.16	111115
102	"09:05:37"	3049.0	0	14.8	0.25	267	5	1.62	24.73	6	1.42	1	2.84	29.74	24.73	32.10	400.06	379.97	13.927	19.813	25.34	36.05	500.0	1500	45	76.37	-5.2	0.0575	1.0	-0.22	2.74	1.00	0.00	0.16	111115
103	"09:05:38"	3049.5	0	14.8	0.249	266	5	1.62	24.73	6	1.42	1	2.84	29.74	24.73	32.10	400.04	379.96	13.927	19.811	25.34	36.05	500.0	1500	45	76.37	-5.2	0.0575	1.0	-0.22	2.74	1.00	0.00	0.16	111115
104	"09:05:38"	3050.0	0	14.9	0.25	266	5	1.61	24.72	6	1.42	1	2.84	29.74	24.72	32.10	400.05	379.95	13.926	19.809	25.34	36.04	500.0	1500	45	76.37	-5.2	0.0575	1.0	-0.22	2.74	1.00	0.00	0.16	111115
105	"09:05:39"	3050.5	0	14.9	0.249	266	5	1.61	24.72	6	1.42	1	2.84	29.74	24.72	32.10	400.08	379.93	13.926	19.807	25.34	36.04	500.0	1500	45	76.37	-5.2	0.0575	1.0	-0.22	2.74	1.00	0.00	0.16	111115
"09:05:48 Coolers: Tblock -> 37.00 C"
"09:11:25 Flow: Fixed -> 500 umol/s"
"09:14:49 Coolers: Tblock -> 33.51 C"
"09:15:31 Flow: Fixed -> 500 umol/s"
106	"09:16:45"	3716.0	0	15.8	0.288	272	5.74	1.62	25.49	6	1.42	1	2.84	31.24	25.49	33.66	399.89	378.38	14.877	21.612	24.85	36.10	500.0	1500	47	76.38	-4.61	0.0402	1.0	-0.22	2.74	1.00	0.00	0.16	111115
107	"09:16:45"	3716.5	0	15.8	0.288	272	5.74	1.62	25.49	6	1.42	1	2.84	31.24	25.49	33.66	399.93	378.39	14.877	21.615	24.85	36.10	500.0	1500	47	76.38	-4.61	0.0402	1.0	-0.22	2.74	1.00	0.00	0.16	111115
108	"09:16:46"	3717.0	0	15.8	0.288	272	5.74	1.62	25.49	6	1.42	1	2.84	31.24	25.49	33.66	399.94	378.38	14.878	21.617	24.85	36.10	499.9	1500	47	76.38	-4.61	0.0402	1.0	-0.22	2.74	1.00	0.00	0.16	111115
109	"09:16:46"	3717.0	0	15.8	0.288	272	5.74	1.62	25.49	6	1.42	1	2.84	31.24	25.49	33.66	399.94	378.38	14.878	21.617	24.85	36.10	499.9	1500	47	76.38	-4.61	0.0402	1.0	-0.22	2.74	1.00	0.00	0.16	111115
110	"09:16:46"	3717.5	0	15.8	0.288	272	5.74	1.62	25.49	6	1.42	1	2.84	31.24	25.49	33.66	399.97	378.40	14.878	21.618	24.85	36.10	500.0	1500	47	76.38	-4.61	0.0402	1.0	-0.22	2.74	1.00	0.00	0.16	111115
111	"09:16:47"	3718.0	0	15.8	0.288	272	5.74	1.62	25.49	6	1.42	1	2.84	31.24	25.49	33.66	399.98	378.41	14.879	21.621	24.85	36.11	500.0	1500	47	76.38	-4.61	0.0402	1.0	-0.22	2.74	1.00	0.00	0.16	111115
112	"09:16:47"	3718.0	0	15.8	0.288	272	5.74	1.62	25.49	6	1.42	1	2.84	31.24	25.49	33.66	399.98	378.41	14.879	21.621	24.85	36.11	500.0	1500	47	76.38	-4.61	0.0402	1.0	-0.22	2.74	1.00	0.00	0.16	111115
113	"09:16:48"	3718.5	0	15.8	0.288	272	5.74	1.62	25.49	6	1.42	1	2.84	31.24	25.49	33.66	399.98	378.45	14.882	21.621	24.85	36.10	500.0	1500	47	76.38	-4.61	0.0402	1.0	-0.22	2.74	1.00	0.00	0.16	111115
114	"09:16:48"	3719.0	0	15.8	0.288	272	5.74	1.62	25.49	6	1.42	1	2.84	31.24	25.49	33.66	400.02	378.47	14.882	21.623	24.85	36.10	500.0	1500	47	76.38	-4.61	0.0402	1.0	-0.22	2.74	1.00	0.00	0.16	111115
115	"09:16:49"	3719.5	0	15.8	0.288	272	5.74	1.62	25.49	6	1.42	1	2.84	31.24	25.49	33.66	399.99	378.44	14.882	21.625	24.85	36.11	500.0	1500	47	76.38	-4.61	0.0402	1.0	-0.22	2.74	1.00	0.00	0.16	111115
116	"09:16:49"	3720.0	0	15.7	0.289	272	5.74	1.62	25.49	6	1.42	1	2.84	31.25	25.49	33.66	399.98	378.49	14.882	21.627	24.85	36.11	500.0	1500	48	76.38	-4.61	0.0402	1.0	-0.22	2.74	1.00	0.00	0.16	111115
117	"09:16:50"	3720.5	0	15.7	0.289	272	5.75	1.62	25.48	6	1.42	1	2.84	31.25	25.48	33.66	399.96	378.46	14.882	21.627	24.85	36.11	500.0	1500	47	76.38	-4.61	0.0402	1.0	-0.22	2.74	1.00	0.00	0.16	111115
118	"09:16:50"	3721.0	0	15.7	0.289	273	5.75	1.62	25.48	6	1.42	1	2.84	31.25	25.48	33.66	399.96	378.48	14.881	21.629	24.85	36.11	500.0	1500	47	76.38	-4.61	0.0402	1.0	-0.22	2.74	1.00	0.00	0.16	111115
119	"09:16:51"	3721.5	0	15.7	0.289	272	5.75	1.62	25.48	6	1.42	1	2.84	31.25	25.48	33.66	399.96	378.46	14.881	21.630	24.84	36.11	500.0	1500	48	76.38	-4.61	0.0402	1.0	-0.22	2.74	1.00	0.00	0.16	111115
120	"09:16:51"	3722.0	0	15.7	0.289	273	5.75	1.62	25.48	6	1.42	1	2.84	31.25	25.48	33.66	399.97	378.48	14.880	21.629	24.84	36.11	500.0	1500	47	76.38	-4.61	0.0402	1.0	-0.22	2.74	1.00	0.00	0.16	111115
"09:17:09 Coolers: Tblock -> 38.00 C"
"09:34:05 Flow: Fixed -> 500 umol/s"
"09:49:26 Flow: Fixed -> 500 umol/s"
"09:57:40 Flow: Fixed -> 500 umol/s"
"10:08:29 Coolers: Tblock -> 37.00 C"
"10:13:46 Coolers: Tblock -> 38.00 C"
"10:16:17 Flow: Fixed -> 500 umol/s"
"10:21:27 Flow: Fixed -> 500 umol/s"
121	"10:21:49"	7620.5	0	16.9	0.394	287	8.47	1.79	29.05	6	1.42	1	2.84	35.71	29.05	38.14	400.55	376.40	19.451	29.320	25.29	38.12	499.9	1500	58	76.37	-3.53	-0.0589	1.0	-0.22	2.74	1.00	0.00	0.16	111115
122	"10:21:49"	7621.0	0	16.9	0.394	287	8.47	1.79	29.05	6	1.42	1	2.84	35.71	29.05	38.13	400.58	376.41	19.450	29.323	25.29	38.13	499.9	1500	58	76.37	-3.53	-0.0589	1.0	-0.22	2.74	1.00	0.00	0.16	111115
123	"10:21:50"	7621.5	0	17	0.394	287	8.47	1.79	29.04	6	1.42	1	2.84	35.71	29.04	38.13	400.60	376.38	19.451	29.323	25.29	38.13	499.9	1500	58	76.37	-3.53	-0.0589	1.0	-0.22	2.74	1.00	0.00	0.16	111115
124	"10:21:50"	7622.0	0	16.9	0.394	287	8.48	1.79	29.04	6	1.42	1	2.84	35.71	29.04	38.13	400.54	376.39	19.451	29.325	25.29	38.13	499.9	1500	58	76.37	-3.53	-0.0589	1.0	-0.22	2.74	1.00	0.00	0.16	111115
125	"10:21:51"	7622.5	0	16.9	0.395	287	8.48	1.79	29.04	6	1.42	1	2.84	35.71	29.04	38.13	400.51	376.36	19.450	29.326	25.29	38.13	499.9	1500	58	76.37	-3.53	-0.0589	1.0	-0.22	2.74	1.00	0.00	0.16	111115
126	"10:21:51"	7622.5	0	16.9	0.395	287	8.48	1.79	29.04	6	1.42	1	2.84	35.71	29.04	38.13	400.51	376.36	19.450	29.326	25.29	38.13	499.9	1500	58	76.37	-3.53	-0.0589	1.0	-0.22	2.74	1.00	0.00	0.16	111115
127	"10:21:52"	7623.5	0	17	0.396	287	8.48	1.79	29.03	6	1.42	1	2.84	35.71	29.03	38.13	400.56	376.35	19.451	29.331	25.29	38.14	499.8	1500	58	76.37	-3.53	-0.0589	1.0	-0.22	2.74	1.00	0.00	0.16	111115
128	"10:21:53"	7624.0	0	17	0.396	287	8.48	1.79	29.02	6	1.42	1	2.84	35.71	29.02	38.14	400.56	376.32	19.452	29.332	25.30	38.14	499.8	1500	58	76.37	-3.53	-0.0589	1.0	-0.22	2.74	1.00	0.00	0.16	111115
129	"10:21:53"	7624.5	0	17	0.396	287	8.48	1.79	29.02	6	1.42	1	2.84	35.71	29.02	38.14	400.60	376.31	19.451	29.330	25.29	38.14	499.8	1500	58	76.37	-3.53	-0.0589	1.0	-0.22	2.74	1.00	0.00	0.16	111115
130	"10:21:54"	7625.0	0	17.1	0.396	287	8.48	1.78	29.01	6	1.42	1	2.84	35.71	29.01	38.14	400.59	376.28	19.451	29.331	25.29	38.14	499.8	1500	58	76.37	-3.53	-0.0589	1.0	-0.22	2.74	1.00	0.00	0.16	111115
131	"10:21:54"	7625.5	0	17.1	0.396	287	8.48	1.79	29.02	6	1.42	1	2.84	35.71	29.02	38.14	400.59	376.29	19.451	29.332	25.29	38.14	499.8	1500	58	76.37	-3.53	-0.0589	1.0	-0.22	2.74	1.00	0.00	0.16	111115
132	"10:21:55"	7626.0	0	17.1	0.396	286	8.48	1.79	29.02	6	1.42	1	2.84	35.71	29.02	38.14	400.64	376.27	19.451	29.329	25.29	38.14	499.9	1500	58	76.37	-3.53	-0.0589	1.0	-0.22	2.74	1.00	0.00	0.16	111115
133	"10:21:55"	7626.5	0	17.2	0.396	286	8.48	1.79	29.02	6	1.42	1	2.84	35.71	29.02	38.14	400.68	376.26	19.451	29.329	25.29	38.14	499.9	1500	58	76.37	-3.53	-0.0589	1.0	-0.22	2.74	1.00	0.00	0.16	111115
134	"10:21:56"	7627.5	0	17.2	0.395	286	8.48	1.79	29.04	6	1.42	1	2.84	35.71	29.04	38.14	400.72	376.25	19.452	29.328	25.29	38.13	500.0	1500	58	76.37	-3.53	-0.0589	1.0	-0.22	2.74	1.00	0.00	0.16	111115
135	"10:21:56"	7628.0	0	17.2	0.395	285	8.48	1.79	29.04	6	1.42	1	2.84	35.71	29.04	38.14	400.74	376.26	19.452	29.330	25.29	38.14	500.0	1500	58	76.37	-3.53	-0.0589	1.0	-0.22	2.74	1.00	0.00	0.16	111115
"10:22:09 Coolers: Tblock -> 43.00 C"
"10:31:22 Flow: Fixed -> 500 umol/s"
"10:34:43 Flow: Fixed -> 500 umol/s"
"10:36:24 Flow: Fixed -> 500 umol/s"
"10:39:34 Flow: Fixed -> 500 umol/s"
"10:43:14 Flow: Fixed -> 500 umol/s"
"10:48:41 Flow: Fixed -> 500 umol/s"
"10:51:43 Flow: Fixed -> 500 umol/s"
"10:55:32 Flow: Fixed -> 500 umol/s"
"11:00:40 Flow: Fixed -> 500 umol/s"
"11:03:53 Coolers: Tblock -> 45.00 C"
"11:07:02 Coolers: Tblock -> 43.00 C"
"11:07:48 Flow: Fixed -> 500 umol/s"
"11:10:28 Flow: Fixed -> 500 umol/s"
136	"11:11:40"	10612.0	0	16.6	0.429	290	10.7	2.09	32.45	6	1.42	1	2.84	40.60	32.45	43.01	399.50	374.81	24.383	36.799	24.31	36.69	499.9	1500	63	76.33	-2.23	-0.153	1.0	-0.22	2.74	1.00	0.00	0.16	111115
137	"11:11:40"	10612.0	0	16.6	0.429	290	10.7	2.09	32.45	6	1.42	1	2.84	40.60	32.45	43.01	399.50	374.81	24.383	36.799	24.31	36.69	499.9	1500	63	76.33	-2.23	-0.153	1.0	-0.22	2.74	1.00	0.00	0.16	111115
138	"11:11:41"	10612.5	0	16.6	0.428	290	10.7	2.09	32.46	6	1.42	1	2.84	40.60	32.46	43.01	399.52	374.78	24.383	36.797	24.31	36.69	499.9	1500	63	76.33	-2.23	-0.153	1.0	-0.22	2.74	1.00	0.00	0.16	111115
139	"11:11:41"	10613.0	0	16.6	0.427	290	10.7	2.09	32.46	6	1.42	1	2.84	40.60	32.46	43.01	399.52	374.78	24.382	36.791	24.31	36.68	499.9	1500	63	76.33	-2.23	-0.153	1.0	-0.22	2.74	1.00	0.00	0.16	111115
140	"11:11:42"	10613.5	0	16.6	0.427	289	10.7	2.1	32.47	6	1.42	1	2.84	40.60	32.47	43.01	399.57	374.79	24.382	36.789	24.31	36.68	499.8	1500	63	76.33	-2.23	-0.153	1.0	-0.22	2.74	1.00	0.00	0.16	111115
141	"11:11:42"	10614.0	0	16.6	0.427	289	10.7	2.1	32.47	6	1.42	1	2.84	40.60	32.47	43.01	399.56	374.76	24.381	36.785	24.31	36.68	499.8	1500	63	76.33	-2.23	-0.153	1.0	-0.22	2.74	1.00	0.00	0.16	111115
142	"11:11:43"	10614.5	0	16.6	0.426	289	10.7	2.1	32.47	6	1.42	1	2.84	40.60	32.47	43.01	399.54	374.78	24.383	36.779	24.31	36.67	499.8	1500	63	76.33	-2.23	-0.153	1.0	-0.22	2.74	1.00	0.00	0.16	111115
143	"11:11:43"	10615.0	0	16.6	0.426	289	10.7	2.1	32.47	6	1.42	1	2.84	40.60	32.47	43.01	399.54	374.80	24.384	36.776	24.31	36.66	499.8	1500	62	76.33	-2.23	-0.153	1.0	-0.22	2.74	1.00	0.00	0.16	111115
144	"11:11:44"	10615.5	0	16.5	0.425	290	10.7	2.1	32.48	6	1.42	1	2.84	40.61	32.48	43.01	399.51	374.84	24.384	36.770	24.31	36.66	499.9	1500	62	76.33	-2.23	-0.153	1.0	-0.22	2.74	1.00	0.00	0.16	111115
145	"11:11:44"	10616.0	0	16.5	0.425	290	10.7	2.1	32.48	6	1.42	1	2.84	40.61	32.48	43.01	399.52	374.86	24.386	36.765	24.31	36.65	499.9	1500	62	76.33	-2.23	-0.153	1.0	-0.22	2.74	1.00	0.00	0.16	111115
146	"11:11:45"	10616.5	0	16.5	0.425	290	10.7	2.1	32.47	6	1.42	1	2.84	40.61	32.47	43.01	399.53	374.88	24.386	36.761	24.31	36.64	500.0	1500	63	76.33	-2.23	-0.153	0.7	-0.22	2.74	1.00	0.00	0.16	111115
147	"11:11:46"	10617.0	0	16.5	0.425	290	10.7	2.1	32.47	6	1.42	1	2.84	40.61	32.47	43.01	399.51	374.90	24.388	36.759	24.31	36.64	500.0	1500	63	76.33	-2.23	-0.153	0.7	-0.22	2.74	1.00	0.00	0.16	111115
148	"11:11:46"	10617.5	0	16.5	0.425	290	10.7	2.1	32.47	6	1.42	1	2.84	40.61	32.47	43.01	399.47	374.91	24.390	36.756	24.31	36.63	500.0	1500	63	76.33	-2.23	-0.153	0.7	-0.22	2.74	1.00	0.00	0.16	111115
149	"11:11:47"	10618.0	0	16.4	0.425	290	10.7	2.1	32.46	6	1.42	1	2.84	40.61	32.46	43.01	399.46	374.95	24.391	36.751	24.31	36.63	500.1	1500	63	76.33	-2.23	-0.153	0.7	-0.22	2.74	1.00	0.00	0.16	111115
150	"11:11:47"	10618.5	0	16.5	0.426	290	10.7	2.09	32.46	6	1.42	1	2.84	40.61	32.46	43.01	399.48	374.92	24.391	36.751	24.31	36.63	500.1	1500	63	76.33	-2.23	-0.153	0.7	-0.22	2.74	1.00	0.00	0.16	111115
"11:12:10 Coolers: Tblock -> 48.00 C"
