"OPEN 6.2.4"
"Sun Jun 28 2015 09:50:17"
<open><version>"6.2.4"</version></open>
<open><configfile>"/User/Configs/UserPrefs/2x3 LED.xml"</configfile></open>
<open><light><source>"6400-02 or -02B LED Source"</source><par_in>1<sensor>"SI-3781"<cal>-0.93<actinity>1.00</actinity><transm>1.00</transm></cal></sensor><transm>1</transm></par_in><par_out>1<sensor>"Q49599"<cal>7.26</cal></sensor></par_out></light></open>
<open><comps><file>"/User/Configs/Comps/StdComps_6.2"<header>""</header><extras></extras></file><energybal>no<f_parIn>1</f_parIn><f_parOut>0</f_parOut><alphaK>0.16</alphaK></energybal><bc_total>2.840<stomatal_ratio>1</stomatal_ratio><bc_oneside>1.420<type>2</type><table>"/Sys/Lib/StdBLCTable"</table><area>6</area><slope>-0.219565</slope><offset>2.73739</offset><fan>5</fan></bc_oneside></bc_total></comps></open>
<open><prompts><onlog>off</onlog><items>"Default (none)"</items></prompts></open>
<open><constants><oxygen>21 %</oxygen><bb_vapor>1.5</bb_vapor><bb_oxy>0.9</bb_oxy></constants></open>
<open><stability><items>"Std Stability"<items[1]><id>-2</id><size>15</size><pcv><onoff>0</onoff><value>1</value></pcv><std><onoff>0</onoff><value>1</value></std><slp><onoff>1</onoff><value>1</value></slp></items[1]><items[2]><id>-5</id><size>15</size><pcv><onoff>0</onoff><value>1</value></pcv><std><onoff>0</onoff><value>1</value></std><slp><onoff>1</onoff><value>1</value></slp></items[2]><items[3]><id>-7</id><size>15</size><pcv><onoff>0</onoff><value>1</value></pcv><std><onoff>0</onoff><value>1</value></std><slp><onoff>1</onoff><value>1</value></slp></items[3]></items></stability></open>
<open><log><format>"StdLogFmt_6.0"<items>{ -35 -21 -36 -76 30 23 36 21 25 221 -33 111 -34 11 -9 -10 -8 -1 -2 -4 -5 -14 -15 -7 -12 -13 -11 -65 -66 -72 -18 -19 -77 -78 -79 -23  }<hdr>{  }</hdr></items></format><options><beep>on</beep><hdr>normal</hdr><rem>normal</rem><stab>no</stab><stats>no<mean>no</mean><file>no</file><period>15</period></stats><excel>yes</excel><controls>yes</controls><comm>no</comm></options><datafile>"/User/stm-pvaoc1"</datafile><button><action>"Normal Log"<code>" LogOneObsManual "</code></action></button><autoprog>"/User/Configs/AutoProgs/AutoLog2"<active>no</active></autoprog></log></open>
<open><a2d><avgtime>4.0 secs</avgtime><userchans><ch20>"Off"</ch20><ch21>"Off"</ch21><ch22>"Off"</ch22><ch23>"Off"</ch23></userchans></a2d></open>
<open><matching><type>0</type><disp>'a'</disp><settings><CO2Limit>10.0</CO2Limit><H2OLimit>1.0</H2OLimit><MaxAutoTime>60</MaxAutoTime></settings></matching></open>
<li6400><factory><unit>"PSC-3840"</unit><serviced>"1 Jul 2013"</serviced><fuseaware>0</fuseaware><co2mixer>yes</co2mixer><co2><coeffs>{ 0 0.213319 2.22998e-05 2.13159e-08 -3.88664e-12 3.69888e-16  }</coeffs><dvdt>-4.7</dvdt><xs>{ 0.0009 -0.0002  }</xs></co2><h2o><coeffs>{ 0 0.00572751 2.23485e-06 -7.37877e-12  }</coeffs><dvdt>-1.7</dvdt><xs>{ 0.0009 -0.0028  }</xs></h2o><flow>{ 0 0.3568  }</flow><press>{ 88.437 0.00551  }</press></factory></li6400>
<li6400><user><flow_zero>-468.8</flow_zero><irga_zero><co2>429.7 390.6<at>17.6901</at></co2><h2o>78.1 156.2<at>17.1607</at></h2o></irga_zero><irga_span><co2>{ 0.99237 0.992833  }</co2><h2o>{ 1.00426 0.996799  }</h2o></irga_span><irga_match><co2>{ 0.368307 -0.657746  }</co2><h2o>{ 0.00477181 0.191079  }</h2o></irga_match><co2_mixer><pump_mv>4500</pump_mv><ppm>{ 2287.2 1080.71 423.89 257.488 117.195 68.0056 44.5242 37.9628  }</ppm><mv>{ 5000 3000 1500 1000 500 300 200 100  }</mv></co2_mixer><parin_offset>0</parin_offset><led_cal><unit>"SI-3781"</unit><mv>{ 10 25 50 100 1000 2000 3000 4000 5000  }</mv><qntm>{ 4.69642 15.4417 35.4805 82.2863 972.665 1922.29 2824.32 3690.14 4518.2  }</qntm></led_cal><lcf_cal><unit>"unknown"</unit><red><mv>{ 50 100 500 1000 1500 5000  }</mv><qntm>{ 50 100 500 1000 2000 5000  }</qntm></red><blue><mv>{ 100 200 500 1000 2000 5000  }</mv><qntm>{ 10 20 50 100 200 500  }</qntm></blue></lcf_cal></user></li6400>
"09:50:19 "
$STARTOFDATA$
"Obs"	"HHMMSS"	"FTime"	"EBal?"	"Photo"	"Cond"	"Ci"	"Trmmol"	"VpdL"	"CTleaf"	"Area"	"BLC_1"	"StmRat"	"BLCond"	"Tair"	"Tleaf"	"TBlk"	"CO2R"	"CO2S"	"H2OR"	"H2OS"	"RH_R"	"RH_S"	"Flow"	"PARi"	"PARo"	"Press"	"CsMch"	"HsMch"	"StableF"	"BLCslope"	"BLCoffst"	"f_parin"	"f_parout"	"alphaK"	"Status"
"09:51:53 CO2 Mixer: CO2R -> 400 uml"
"09:52:04 Lamp: ParIn ->  1500 uml"
"09:52:10 Coolers: Tblock -> 0.00 C"
"10:05:15 Coolers: Tblock -> 5.13 C"
"10:05:53 Flow: Fixed -> 500 umol/s"
1	"10:06:27"	986.5	0	10.6	0.193	285	2.88	1.11	12.72	6	1.42	1	2.84	7.52	12.72	5.13	400.33	386.29	1.821	5.255	12.29	35.46	500.9	1501	52	70.31	-1.99	0.272	1.0	-0.22	2.74	1.00	0.00	0.16	111115
2	"10:06:27"	986.5	0	10.6	0.193	285	2.88	1.11	12.72	6	1.42	1	2.84	7.52	12.72	5.13	400.33	386.29	1.821	5.255	12.29	35.46	500.9	1501	52	70.31	-1.99	0.272	1.0	-0.22	2.74	1.00	0.00	0.16	111115
3	"10:06:28"	987.0	0	10.7	0.193	284	2.88	1.11	12.72	6	1.42	1	2.84	7.51	12.72	5.13	400.36	386.25	1.820	5.255	12.28	35.46	500.9	1501	52	70.31	-1.99	0.272	1.0	-0.22	2.74	1.00	0.00	0.16	111115
4	"10:06:28"	987.5	0	10.6	0.193	285	2.88	1.11	12.71	6	1.42	1	2.84	7.51	12.71	5.13	400.37	386.29	1.820	5.255	12.28	35.47	500.9	1501	52	70.31	-1.99	0.272	1.0	-0.22	2.74	1.00	0.00	0.16	111115
5	"10:06:29"	988.0	0	10.7	0.193	284	2.88	1.11	12.71	6	1.42	1	2.84	7.51	12.71	5.13	400.39	386.26	1.820	5.255	12.28	35.47	500.8	1501	52	70.31	-1.99	0.272	1.0	-0.22	2.74	1.00	0.00	0.16	111115
6	"10:06:29"	988.5	0	10.7	0.193	284	2.88	1.11	12.71	6	1.42	1	2.84	7.51	12.71	5.13	400.40	386.28	1.820	5.254	12.28	35.46	500.8	1501	52	70.31	-1.99	0.272	1.0	-0.22	2.74	1.00	0.00	0.16	111115
7	"10:06:30"	989.0	0	10.7	0.193	284	2.88	1.1	12.70	6	1.42	1	2.84	7.51	12.70	5.13	400.43	386.27	1.820	5.254	12.28	35.46	500.8	1501	52	70.31	-1.99	0.272	1.0	-0.22	2.74	1.00	0.00	0.16	111115
8	"10:06:30"	989.5	0	10.7	0.194	284	2.88	1.1	12.70	6	1.42	1	2.84	7.51	12.70	5.13	400.47	386.28	1.819	5.256	12.28	35.47	500.8	1501	52	70.31	-1.99	0.272	1.0	-0.22	2.74	1.00	0.00	0.16	111115
9	"10:06:31"	990.0	0	10.7	0.194	284	2.88	1.1	12.70	6	1.42	1	2.84	7.51	12.70	5.13	400.46	386.30	1.819	5.256	12.28	35.47	500.8	1501	52	70.31	-1.99	0.272	1.0	-0.22	2.74	1.00	0.00	0.16	111115
10	"10:06:31"	990.5	0	10.7	0.194	284	2.88	1.1	12.69	6	1.42	1	2.84	7.51	12.69	5.13	400.48	386.32	1.819	5.255	12.28	35.47	500.8	1501	52	70.31	-1.99	0.272	1.0	-0.22	2.74	1.00	0.00	0.16	111115
11	"10:06:32"	991.0	0	10.6	0.193	285	2.88	1.1	12.69	6	1.42	1	2.84	7.51	12.69	5.13	400.48	386.40	1.820	5.252	12.29	35.45	500.8	1501	52	70.31	-1.99	0.272	0.7	-0.22	2.74	1.00	0.00	0.16	111115
12	"10:06:32"	991.5	0	10.6	0.193	285	2.88	1.1	12.69	6	1.42	1	2.84	7.51	12.69	5.13	400.47	386.39	1.820	5.252	12.28	35.45	500.8	1501	52	70.31	-1.99	0.272	0.7	-0.22	2.74	1.00	0.00	0.16	111115
13	"10:06:33"	992.0	0	10.6	0.193	285	2.88	1.1	12.70	6	1.42	1	2.84	7.51	12.70	5.13	400.50	386.43	1.820	5.252	12.28	35.45	500.8	1501	52	70.31	-1.99	0.272	0.7	-0.22	2.74	1.00	0.00	0.16	111115
14	"10:06:33"	992.5	0	10.6	0.193	285	2.88	1.1	12.69	6	1.42	1	2.84	7.51	12.69	5.13	400.51	386.44	1.819	5.252	12.28	35.45	500.8	1501	52	70.31	-1.99	0.272	0.7	-0.22	2.74	1.00	0.00	0.16	111115
15	"10:06:34"	993.0	0	10.7	0.194	285	2.88	1.1	12.69	6	1.42	1	2.84	7.51	12.69	5.13	400.55	386.45	1.818	5.253	12.27	35.46	500.9	1501	52	70.31	-1.99	0.272	0.7	-0.22	2.74	1.00	0.00	0.16	111115
"10:06:39 Coolers: Tblock -> 10.00 C"
"10:09:32 Flow: Fixed -> 500 umol/s"
16	"10:10:17"	1216.0	0	11	0.186	278	3.03	1.2	14.72	6	1.42	1	2.84	11.31	14.72	10.02	400.84	386.28	3.231	6.836	16.90	35.75	500.9	1501	58	70.31	-2.49	0.274	0.7	-0.22	2.74	1.00	0.00	0.16	111115
17	"10:10:17"	1216.0	0	11	0.186	278	3.03	1.2	14.72	6	1.42	1	2.84	11.31	14.72	10.02	400.84	386.28	3.231	6.836	16.90	35.75	500.9	1501	58	70.31	-2.49	0.274	0.7	-0.22	2.74	1.00	0.00	0.16	111115
18	"10:10:18"	1216.5	0	11.1	0.186	277	3.03	1.2	14.71	6	1.42	1	2.84	11.31	14.71	10.02	400.89	386.24	3.231	6.836	16.90	35.75	500.8	1501	58	70.31	-2.49	0.274	0.7	-0.22	2.74	1.00	0.00	0.16	111115
19	"10:10:18"	1217.0	0	11	0.186	277	3.03	1.2	14.71	6	1.42	1	2.84	11.31	14.71	10.02	400.84	386.23	3.232	6.835	16.90	35.74	500.8	1501	58	70.31	-2.49	0.274	1.0	-0.22	2.74	1.00	0.00	0.16	111115
20	"10:10:19"	1217.5	0	11	0.186	278	3.03	1.2	14.71	6	1.42	1	2.84	11.31	14.71	10.02	400.78	386.23	3.233	6.834	16.90	35.74	500.8	1501	58	70.31	-2.49	0.274	1.0	-0.22	2.74	1.00	0.00	0.16	111115
21	"10:10:19"	1218.0	0	10.9	0.186	278	3.03	1.2	14.72	6	1.42	1	2.84	11.31	14.72	10.02	400.76	386.26	3.233	6.834	16.90	35.73	500.8	1501	58	70.31	-2.49	0.274	1.0	-0.22	2.74	1.00	0.00	0.16	111115
22	"10:10:20"	1218.5	0	10.9	0.186	278	3.03	1.2	14.72	6	1.42	1	2.84	11.31	14.72	10.02	400.77	386.27	3.233	6.835	16.90	35.73	500.8	1501	59	70.31	-2.49	0.274	1.0	-0.22	2.74	1.00	0.00	0.16	111115
23	"10:10:20"	1219.0	0	10.9	0.186	278	3.03	1.2	14.72	6	1.42	1	2.84	11.31	14.72	10.02	400.76	386.25	3.233	6.836	16.90	35.74	500.8	1501	59	70.31	-2.49	0.274	1.0	-0.22	2.74	1.00	0.00	0.16	111115
24	"10:10:21"	1219.5	0	10.9	0.186	278	3.03	1.2	14.72	6	1.42	1	2.84	11.31	14.72	10.02	400.76	386.25	3.234	6.835	16.90	35.73	500.7	1501	59	70.31	-2.49	0.274	1.0	-0.22	2.74	1.00	0.00	0.16	111115
25	"10:10:21"	1220.0	0	10.9	0.186	278	3.03	1.2	14.72	6	1.42	1	2.84	11.31	14.72	10.02	400.75	386.26	3.234	6.834	16.90	35.72	500.8	1501	59	70.31	-2.49	0.274	1.0	-0.22	2.74	1.00	0.00	0.16	111115
26	"10:10:22"	1220.5	0	10.9	0.186	278	3.03	1.2	14.72	6	1.42	1	2.84	11.32	14.72	10.02	400.76	386.28	3.233	6.836	16.90	35.72	500.8	1500	59	70.31	-2.49	0.274	1.0	-0.22	2.74	1.00	0.00	0.16	111115
27	"10:10:22"	1221.0	0	10.9	0.186	278	3.03	1.2	14.72	6	1.42	1	2.84	11.32	14.72	10.02	400.78	386.30	3.234	6.836	16.90	35.72	500.9	1500	59	70.31	-2.49	0.274	1.0	-0.22	2.74	1.00	0.00	0.16	111115
28	"10:10:23"	1221.5	0	10.9	0.186	278	3.03	1.2	14.72	6	1.42	1	2.84	11.32	14.72	10.02	400.80	386.30	3.233	6.836	16.89	35.72	500.9	1500	59	70.31	-2.49	0.274	1.0	-0.22	2.74	1.00	0.00	0.16	111115
29	"10:10:23"	1222.0	0	10.9	0.186	278	3.03	1.2	14.72	6	1.42	1	2.84	11.32	14.72	10.02	400.82	386.31	3.233	6.836	16.89	35.72	500.9	1500	59	70.31	-2.49	0.274	1.0	-0.22	2.74	1.00	0.00	0.16	111115
30	"10:10:24"	1222.5	0	11	0.186	278	3.03	1.2	14.72	6	1.42	1	2.84	11.32	14.72	10.02	400.86	386.31	3.233	6.837	16.89	35.72	500.9	1500	59	70.31	-2.49	0.274	1.0	-0.22	2.74	1.00	0.00	0.16	111115
"10:10:31 Coolers: Tblock -> 15.00 C"
"10:13:32 Flow: Fixed -> 500 umol/s"
31	"10:14:12"	1452.0	0	11.4	0.18	268	3.32	1.36	17.26	6	1.42	1	2.84	15.52	17.26	15.10	399.80	384.63	4.866	8.818	19.34	35.05	500.0	1498	64	70.31	-2.66	0.269	1.0	-0.22	2.74	1.00	0.00	0.16	111115
32	"10:14:13"	1452.0	0	11.4	0.18	268	3.32	1.36	17.26	6	1.42	1	2.84	15.52	17.26	15.10	399.80	384.63	4.866	8.818	19.34	35.05	500.0	1498	64	70.31	-2.66	0.269	1.0	-0.22	2.74	1.00	0.00	0.16	111115
33	"10:14:13"	1452.0	0	11.4	0.18	268	3.32	1.36	17.26	6	1.42	1	2.84	15.52	17.26	15.10	399.80	384.63	4.866	8.818	19.34	35.05	500.0	1498	64	70.31	-2.66	0.269	1.0	-0.22	2.74	1.00	0.00	0.16	111115
34	"10:14:14"	1452.5	0	11.4	0.18	268	3.32	1.36	17.26	6	1.42	1	2.84	15.52	17.26	15.10	399.80	384.64	4.867	8.819	19.34	35.05	500.0	1498	64	70.31	-2.66	0.269	1.0	-0.22	2.74	1.00	0.00	0.16	111115
35	"10:14:14"	1453.0	0	11.4	0.18	267	3.32	1.36	17.26	6	1.42	1	2.84	15.52	17.26	15.10	399.84	384.61	4.867	8.821	19.34	35.05	499.9	1498	64	70.31	-2.66	0.269	1.0	-0.22	2.74	1.00	0.00	0.16	111115
36	"10:14:15"	1453.5	0	11.4	0.18	268	3.32	1.36	17.26	6	1.42	1	2.84	15.52	17.26	15.10	399.83	384.66	4.867	8.820	19.34	35.05	500.0	1498	64	70.31	-2.66	0.269	1.0	-0.22	2.74	1.00	0.00	0.16	111115
37	"10:14:15"	1454.0	0	11.4	0.18	268	3.32	1.36	17.26	6	1.42	1	2.84	15.52	17.26	15.10	399.84	384.67	4.867	8.821	19.34	35.05	499.9	1498	64	70.31	-2.66	0.269	1.0	-0.22	2.74	1.00	0.00	0.16	111115
38	"10:14:16"	1454.5	0	11.4	0.18	268	3.32	1.36	17.26	6	1.42	1	2.84	15.52	17.26	15.10	399.86	384.65	4.867	8.822	19.34	35.05	499.9	1499	64	70.31	-2.66	0.269	1.0	-0.22	2.74	1.00	0.00	0.16	111115
39	"10:14:16"	1455.0	0	11.4	0.18	267	3.32	1.36	17.26	6	1.42	1	2.84	15.52	17.26	15.10	399.89	384.63	4.867	8.822	19.34	35.05	499.9	1499	64	70.31	-2.66	0.269	1.0	-0.22	2.74	1.00	0.00	0.16	111115
40	"10:14:17"	1455.5	0	11.4	0.18	267	3.32	1.36	17.26	6	1.42	1	2.84	15.52	17.26	15.10	399.90	384.65	4.867	8.822	19.34	35.05	499.9	1500	64	70.31	-2.66	0.269	1.0	-0.22	2.74	1.00	0.00	0.16	111115
41	"10:14:17"	1456.0	0	11.4	0.18	267	3.32	1.36	17.26	6	1.42	1	2.84	15.52	17.26	15.10	399.86	384.63	4.867	8.822	19.34	35.05	499.9	1500	64	70.31	-2.66	0.269	1.0	-0.22	2.74	1.00	0.00	0.16	111115
42	"10:14:18"	1456.5	0	11.4	0.18	267	3.32	1.36	17.26	6	1.42	1	2.84	15.53	17.26	15.10	399.87	384.63	4.867	8.820	19.33	35.04	500.0	1500	64	70.31	-2.66	0.269	1.0	-0.22	2.74	1.00	0.00	0.16	111115
43	"10:14:18"	1457.0	0	11.4	0.18	268	3.32	1.36	17.27	6	1.42	1	2.84	15.53	17.27	15.10	399.85	384.65	4.867	8.821	19.33	35.04	500.0	1500	64	70.31	-2.66	0.269	1.0	-0.22	2.74	1.00	0.00	0.16	111115
44	"10:14:19"	1457.5	0	11.4	0.18	267	3.32	1.36	17.27	6	1.42	1	2.84	15.53	17.27	15.10	399.88	384.63	4.867	8.821	19.33	35.03	500.0	1501	64	70.31	-2.66	0.269	1.0	-0.22	2.74	1.00	0.00	0.16	111115
45	"10:14:19"	1458.0	0	11.4	0.18	267	3.33	1.36	17.27	6	1.42	1	2.84	15.53	17.27	15.10	399.87	384.61	4.867	8.823	19.33	35.04	500.0	1501	64	70.31	-2.66	0.269	1.0	-0.22	2.74	1.00	0.00	0.16	111115
"10:14:30 Coolers: Tblock -> 20.00 C"
"10:18:27 Flow: Fixed -> 500 umol/s"
46	"10:19:04"	1744.0	0	11.5	0.171	261	3.66	1.56	20.21	6	1.42	1	2.84	19.87	20.21	19.98	401.02	385.49	7.332	11.676	22.15	35.27	499.9	1501	71	70.32	-2.76	0.256	1.0	-0.22	2.74	1.00	0.00	0.16	111115
47	"10:19:05"	1744.0	0	11.5	0.171	261	3.66	1.56	20.21	6	1.42	1	2.84	19.87	20.21	19.98	401.02	385.49	7.332	11.676	22.15	35.27	499.9	1501	71	70.32	-2.76	0.256	1.0	-0.22	2.74	1.00	0.00	0.16	111115
48	"10:19:05"	1744.0	0	11.5	0.171	261	3.66	1.56	20.21	6	1.42	1	2.84	19.87	20.21	19.98	401.02	385.49	7.332	11.676	22.15	35.27	499.9	1501	71	70.32	-2.76	0.256	1.0	-0.22	2.74	1.00	0.00	0.16	111115
49	"10:19:06"	1744.5	0	11.5	0.172	261	3.66	1.56	20.21	6	1.42	1	2.84	19.87	20.21	19.98	401.02	385.54	7.332	11.677	22.15	35.27	499.9	1501	71	70.32	-2.76	0.256	1.0	-0.22	2.74	1.00	0.00	0.16	111115
50	"10:19:06"	1745.0	0	11.5	0.172	261	3.66	1.56	20.21	6	1.42	1	2.84	19.87	20.21	19.98	401.04	385.52	7.331	11.678	22.14	35.27	499.9	1501	71	70.31	-2.76	0.256	1.0	-0.22	2.74	1.00	0.00	0.16	111115
51	"10:19:07"	1745.5	0	11.5	0.172	261	3.66	1.56	20.21	6	1.42	1	2.84	19.87	20.21	19.98	401.01	385.53	7.332	11.678	22.14	35.27	499.9	1501	71	70.31	-2.76	0.256	1.0	-0.22	2.74	1.00	0.00	0.16	111115
52	"10:19:07"	1746.0	0	11.4	0.172	262	3.67	1.56	20.21	6	1.42	1	2.84	19.87	20.21	19.98	400.99	385.56	7.330	11.678	22.14	35.27	499.9	1501	71	70.31	-2.76	0.256	1.0	-0.22	2.74	1.00	0.00	0.16	111115
53	"10:19:08"	1746.5	0	11.5	0.172	262	3.67	1.56	20.21	6	1.42	1	2.84	19.87	20.21	19.98	401.02	385.57	7.331	11.680	22.14	35.27	499.9	1501	71	70.32	-2.76	0.256	1.0	-0.22	2.74	1.00	0.00	0.16	111115
54	"10:19:08"	1747.0	0	11.5	0.172	262	3.67	1.56	20.21	6	1.42	1	2.84	19.87	20.21	19.98	401.01	385.55	7.330	11.680	22.14	35.27	499.9	1501	71	70.32	-2.76	0.256	1.0	-0.22	2.74	1.00	0.00	0.16	111115
55	"10:19:09"	1747.5	0	11.4	0.172	262	3.67	1.56	20.21	6	1.42	1	2.84	19.88	20.21	19.98	400.99	385.59	7.330	11.681	22.13	35.28	499.9	1501	71	70.32	-2.76	0.256	1.0	-0.22	2.74	1.00	0.00	0.16	111115
56	"10:19:09"	1748.0	0	11.4	0.172	262	3.67	1.56	20.21	6	1.42	1	2.84	19.88	20.21	19.98	401.02	385.59	7.329	11.683	22.13	35.28	500.0	1501	71	70.32	-2.76	0.256	1.0	-0.22	2.74	1.00	0.00	0.16	111115
57	"10:19:10"	1748.5	0	11.5	0.172	262	3.67	1.56	20.22	6	1.42	1	2.84	19.88	20.22	19.98	401.01	385.57	7.330	11.685	22.13	35.28	500.0	1501	71	70.32	-2.76	0.256	1.0	-0.22	2.74	1.00	0.00	0.16	111115
58	"10:19:10"	1749.0	0	11.5	0.172	262	3.67	1.56	20.22	6	1.42	1	2.84	19.88	20.22	19.98	401.03	385.59	7.330	11.686	22.13	35.28	500.0	1501	71	70.32	-2.76	0.256	1.0	-0.22	2.74	1.00	0.00	0.16	111115
59	"10:19:11"	1749.5	0	11.5	0.172	261	3.67	1.56	20.22	6	1.42	1	2.84	19.88	20.22	19.98	401.08	385.59	7.330	11.687	22.13	35.28	500.1	1501	71	70.32	-2.76	0.256	1.0	-0.22	2.74	1.00	0.00	0.16	111115
60	"10:19:11"	1750.0	0	11.5	0.172	262	3.67	1.56	20.22	6	1.42	1	2.84	19.88	20.22	19.98	401.10	385.62	7.331	11.689	22.13	35.29	500.1	1501	72	70.32	-2.76	0.256	1.0	-0.22	2.74	1.00	0.00	0.16	111115
"10:19:24 Coolers: Tblock -> 25.00 C"
"10:23:14 Flow: Fixed -> 500 umol/s"
61	"10:24:20"	2059.5	0	11.5	0.164	255	4.06	1.79	23.31	6	1.42	1	2.84	24.36	23.31	25.05	401.13	385.50	10.603	15.406	24.36	35.40	499.9	1500	79	70.32	-2.66	0.231	1.0	-0.22	2.74	1.00	0.00	0.16	111115
62	"10:24:20"	2059.5	0	11.5	0.164	255	4.06	1.79	23.31	6	1.42	1	2.84	24.36	23.31	25.05	401.13	385.50	10.603	15.406	24.36	35.40	499.9	1500	79	70.32	-2.66	0.231	1.0	-0.22	2.74	1.00	0.00	0.16	111115
63	"10:24:20"	2059.5	0	11.5	0.164	255	4.06	1.79	23.31	6	1.42	1	2.84	24.36	23.31	25.05	401.13	385.50	10.603	15.406	24.36	35.40	499.9	1500	79	70.32	-2.66	0.231	1.0	-0.22	2.74	1.00	0.00	0.16	111115
64	"10:24:21"	2060.0	0	11.4	0.164	255	4.07	1.79	23.31	6	1.42	1	2.84	24.36	23.31	25.05	401.12	385.52	10.603	15.408	24.36	35.40	499.9	1499	79	70.32	-2.66	0.231	1.0	-0.22	2.74	1.00	0.00	0.16	111115
65	"10:24:21"	2060.5	0	11.5	0.164	255	4.07	1.79	23.31	6	1.42	1	2.84	24.36	23.31	25.05	401.17	385.52	10.603	15.410	24.36	35.40	499.9	1499	79	70.32	-2.66	0.231	1.0	-0.22	2.74	1.00	0.00	0.16	111115
66	"10:24:22"	2061.0	0	11.5	0.164	255	4.07	1.79	23.32	6	1.42	1	2.84	24.36	23.32	25.05	401.19	385.55	10.603	15.413	24.36	35.41	499.9	1499	80	70.32	-2.66	0.231	1.0	-0.22	2.74	1.00	0.00	0.16	111115
67	"10:24:22"	2061.5	0	11.5	0.164	255	4.07	1.79	23.32	6	1.42	1	2.84	24.36	23.32	25.05	401.21	385.56	10.605	15.414	24.36	35.41	500.0	1499	79	70.32	-2.66	0.231	1.0	-0.22	2.74	1.00	0.00	0.16	111115
68	"10:24:23"	2062.0	0	11.5	0.164	255	4.07	1.79	23.32	6	1.42	1	2.84	24.37	23.32	25.05	401.21	385.54	10.606	15.414	24.36	35.40	500.0	1499	80	70.32	-2.66	0.231	1.0	-0.22	2.74	1.00	0.00	0.16	111115
69	"10:24:23"	2062.5	0	11.5	0.164	255	4.07	1.79	23.32	6	1.42	1	2.84	24.37	23.32	25.05	401.26	385.55	10.606	15.419	24.36	35.41	500.0	1499	79	70.32	-2.66	0.231	1.0	-0.22	2.74	1.00	0.00	0.16	111115
70	"10:24:24"	2063.0	0	11.5	0.164	255	4.07	1.79	23.32	6	1.42	1	2.84	24.37	23.32	25.05	401.26	385.56	10.608	15.420	24.36	35.41	500.0	1499	80	70.32	-2.66	0.231	1.0	-0.22	2.74	1.00	0.00	0.16	111115
71	"10:24:24"	2063.5	0	11.5	0.164	255	4.07	1.79	23.32	6	1.42	1	2.84	24.37	23.32	25.05	401.26	385.55	10.609	15.422	24.36	35.41	500.0	1499	80	70.32	-2.66	0.231	1.0	-0.22	2.74	1.00	0.00	0.16	111115
72	"10:24:25"	2064.0	0	11.6	0.164	254	4.08	1.79	23.32	6	1.42	1	2.84	24.37	23.32	25.05	401.28	385.52	10.609	15.423	24.36	35.41	500.0	1500	80	70.32	-2.66	0.231	1.0	-0.22	2.74	1.00	0.00	0.16	111115
73	"10:24:25"	2064.5	0	11.6	0.164	254	4.07	1.79	23.33	6	1.42	1	2.84	24.37	23.33	25.05	401.27	385.50	10.611	15.424	24.36	35.42	500.0	1499	80	70.32	-2.66	0.231	1.0	-0.22	2.74	1.00	0.00	0.16	111115
74	"10:24:26"	2065.0	0	11.6	0.164	254	4.07	1.79	23.33	6	1.42	1	2.84	24.37	23.33	25.05	401.23	385.44	10.613	15.425	24.37	35.42	500.0	1499	80	70.32	-2.66	0.231	1.0	-0.22	2.74	1.00	0.00	0.16	111115
75	"10:24:27"	2065.5	0	11.6	0.164	254	4.08	1.79	23.33	6	1.42	1	2.84	24.37	23.33	25.05	401.21	385.46	10.613	15.427	24.37	35.42	500.0	1499	80	70.32	-2.66	0.231	1.0	-0.22	2.74	1.00	0.00	0.16	111115
"10:24:40 Coolers: Tblock -> 30.00 C"
"10:30:34 Flow: Fixed -> 500 umol/s"
76	"10:31:49"	2508.5	0	11.2	0.157	249	4.54	2.07	26.50	6	1.42	1	2.84	28.93	26.50	30.13	399.59	384.08	14.674	20.009	25.76	35.12	499.9	1500	93	70.31	-2.05	0.164	1.0	-0.22	2.74	1.00	0.00	0.16	111115
77	"10:31:49"	2508.5	0	11.2	0.157	249	4.54	2.07	26.50	6	1.42	1	2.84	28.93	26.50	30.13	399.59	384.08	14.674	20.009	25.76	35.12	499.9	1500	93	70.31	-2.05	0.164	1.0	-0.22	2.74	1.00	0.00	0.16	111115
78	"10:31:50"	2509.0	0	11.2	0.157	250	4.54	2.07	26.50	6	1.42	1	2.84	28.93	26.50	30.13	399.61	384.11	14.675	20.010	25.76	35.12	499.9	1500	93	70.31	-2.05	0.164	1.0	-0.22	2.74	1.00	0.00	0.16	111115
79	"10:31:50"	2509.5	0	11.1	0.157	250	4.54	2.07	26.50	6	1.42	1	2.84	28.93	26.50	30.13	399.56	384.14	14.674	20.010	25.76	35.12	499.9	1500	93	70.31	-2.05	0.164	1.0	-0.22	2.74	1.00	0.00	0.16	111115
80	"10:31:51"	2510.0	0	11.1	0.157	251	4.53	2.07	26.50	6	1.42	1	2.84	28.93	26.50	30.13	399.52	384.15	14.675	20.010	25.76	35.12	499.9	1501	93	70.31	-2.05	0.164	1.0	-0.22	2.74	1.00	0.00	0.16	111115
81	"10:31:51"	2510.5	0	11	0.157	251	4.53	2.07	26.50	6	1.42	1	2.84	28.93	26.50	30.13	399.50	384.16	14.676	20.011	25.76	35.12	499.9	1501	93	70.31	-2.05	0.164	1.0	-0.22	2.74	1.00	0.00	0.16	111115
82	"10:31:52"	2511.0	0	11	0.157	251	4.53	2.07	26.50	6	1.42	1	2.84	28.93	26.50	30.13	399.49	384.17	14.677	20.010	25.76	35.12	499.8	1501	93	70.31	-2.05	0.164	1.0	-0.22	2.74	1.00	0.00	0.16	111115
83	"10:31:52"	2511.5	0	11	0.157	251	4.53	2.07	26.50	6	1.42	1	2.84	28.93	26.50	30.13	399.52	384.16	14.677	20.011	25.76	35.12	499.8	1501	93	70.31	-2.05	0.164	1.0	-0.22	2.74	1.00	0.00	0.16	111115
84	"10:31:53"	2512.0	0	11	0.157	251	4.53	2.07	26.50	6	1.42	1	2.84	28.93	26.50	30.13	399.48	384.14	14.678	20.010	25.76	35.12	499.8	1501	93	70.31	-2.05	0.164	1.0	-0.22	2.74	1.00	0.00	0.16	111115
85	"10:31:53"	2512.5	0	11	0.157	251	4.53	2.07	26.50	6	1.42	1	2.84	28.93	26.50	30.13	399.47	384.14	14.678	20.008	25.76	35.12	499.8	1501	93	70.31	-2.05	0.164	1.0	-0.22	2.74	1.00	0.00	0.16	111115
86	"10:31:54"	2513.0	0	11.1	0.157	251	4.53	2.07	26.50	6	1.42	1	2.84	28.93	26.50	30.13	399.46	384.11	14.677	20.009	25.76	35.12	499.8	1501	93	70.31	-2.05	0.164	1.0	-0.22	2.74	1.00	0.00	0.16	111115
87	"10:31:54"	2513.5	0	11.1	0.157	250	4.53	2.07	26.50	6	1.42	1	2.84	28.93	26.50	30.13	399.51	384.09	14.676	20.009	25.76	35.12	499.8	1501	93	70.31	-2.05	0.164	1.0	-0.22	2.74	1.00	0.00	0.16	111115
88	"10:31:55"	2514.0	0	11.2	0.157	250	4.53	2.07	26.50	6	1.42	1	2.84	28.93	26.50	30.13	399.57	384.08	14.675	20.009	25.76	35.12	499.8	1501	92	70.31	-2.05	0.164	1.0	-0.22	2.74	1.00	0.00	0.16	111115
89	"10:31:56"	2514.5	0	11.2	0.157	249	4.54	2.07	26.50	6	1.42	1	2.84	28.93	26.50	30.13	399.59	384.07	14.674	20.010	25.75	35.12	499.9	1501	93	70.31	-2.05	0.164	1.0	-0.22	2.74	1.00	0.00	0.16	111115
90	"10:31:56"	2515.0	0	11.2	0.157	249	4.54	2.07	26.51	6	1.42	1	2.84	28.93	26.51	30.13	399.62	384.06	14.673	20.010	25.75	35.12	499.9	1501	92	70.31	-2.05	0.164	1.0	-0.22	2.74	1.00	0.00	0.16	111115
"10:32:07 Coolers: Tblock -> 35.00 C"
"10:36:56 Flow: Fixed -> 500 umol/s"
91	"10:37:42"	2861.0	0	10.8	0.15	246	4.9	2.32	28.91	6	1.42	1	2.84	33.12	28.91	35.02	399.33	384.07	18.189	23.925	25.15	33.08	499.9	1500	103	70.31	-1.94	0.098	1.0	-0.22	2.74	1.00	0.00	0.16	111115
92	"10:37:42"	2861.0	0	10.8	0.15	246	4.9	2.32	28.91	6	1.42	1	2.84	33.12	28.91	35.02	399.33	384.07	18.189	23.925	25.15	33.08	499.9	1500	103	70.31	-1.94	0.098	1.0	-0.22	2.74	1.00	0.00	0.16	111115
93	"10:37:43"	2861.5	0	10.8	0.15	246	4.89	2.32	28.91	6	1.42	1	2.84	33.12	28.91	35.02	399.35	384.08	18.191	23.923	25.15	33.08	499.9	1500	103	70.31	-1.94	0.098	1.0	-0.22	2.74	1.00	0.00	0.16	111115
94	"10:37:43"	2862.0	0	10.8	0.15	246	4.89	2.32	28.91	6	1.42	1	2.84	33.12	28.91	35.02	399.36	384.15	18.192	23.924	25.15	33.08	499.9	1500	103	70.31	-1.94	0.098	1.0	-0.22	2.74	1.00	0.00	0.16	111115
95	"10:37:44"	2862.5	0	10.8	0.15	246	4.89	2.32	28.92	6	1.42	1	2.84	33.12	28.92	35.02	399.37	384.16	18.193	23.926	25.15	33.08	499.9	1500	103	70.31	-1.94	0.098	1.0	-0.22	2.74	1.00	0.00	0.16	111115
96	"10:37:44"	2863.0	0	10.8	0.15	246	4.89	2.32	28.92	6	1.42	1	2.84	33.12	28.92	35.02	399.43	384.15	18.192	23.926	25.15	33.08	499.9	1500	103	70.31	-1.94	0.098	1.0	-0.22	2.74	1.00	0.00	0.16	111115
97	"10:37:45"	2863.5	0	10.8	0.15	247	4.89	2.32	28.92	6	1.42	1	2.84	33.12	28.92	35.02	399.41	384.24	18.194	23.927	25.15	33.08	499.8	1500	103	70.31	-1.94	0.098	1.0	-0.22	2.74	1.00	0.00	0.16	111115
98	"10:37:45"	2864.0	0	10.6	0.15	248	4.9	2.32	28.92	6	1.42	1	2.84	33.12	28.92	35.02	399.38	384.35	18.193	23.933	25.15	33.09	499.8	1500	103	70.31	-1.94	0.098	1.0	-0.22	2.74	1.00	0.00	0.16	111115
99	"10:37:46"	2864.5	0	10.7	0.15	248	4.9	2.32	28.92	6	1.42	1	2.84	33.12	28.92	35.02	399.39	384.32	18.193	23.935	25.15	33.09	499.8	1500	104	70.31	-1.94	0.098	1.0	-0.22	2.74	1.00	0.00	0.16	111115
100	"10:37:46"	2865.0	0	10.7	0.15	247	4.9	2.32	28.92	6	1.42	1	2.84	33.12	28.92	35.02	399.43	384.27	18.194	23.939	25.15	33.09	499.8	1500	104	70.31	-1.94	0.098	1.0	-0.22	2.74	1.00	0.00	0.16	111115
101	"10:37:47"	2865.5	0	10.7	0.15	248	4.91	2.32	28.92	6	1.42	1	2.84	33.12	28.92	35.02	399.43	384.29	18.193	23.942	25.15	33.09	499.8	1500	104	70.31	-1.94	0.098	1.0	-0.22	2.74	1.00	0.00	0.16	111115
102	"10:37:47"	2866.0	0	10.8	0.15	246	4.9	2.32	28.92	6	1.42	1	2.84	33.12	28.92	35.02	399.45	384.20	18.195	23.941	25.15	33.09	499.8	1500	104	70.31	-1.94	0.098	1.0	-0.22	2.74	1.00	0.00	0.16	111115
103	"10:37:48"	2866.5	0	10.8	0.15	247	4.9	2.32	28.92	6	1.42	1	2.84	33.12	28.92	35.02	399.44	384.25	18.196	23.940	25.15	33.09	499.9	1500	103	70.31	-1.94	0.098	1.0	-0.22	2.74	1.00	0.00	0.16	111115
104	"10:37:48"	2867.0	0	10.7	0.15	247	4.91	2.32	28.93	6	1.42	1	2.84	33.13	28.93	35.02	399.43	384.26	18.194	23.945	25.14	33.09	499.8	1500	103	70.31	-1.94	0.098	1.0	-0.22	2.74	1.00	0.00	0.16	111115
105	"10:37:49"	2867.5	0	10.8	0.15	247	4.91	2.32	28.93	6	1.42	1	2.84	33.13	28.93	35.02	399.41	384.22	18.193	23.946	25.14	33.09	499.8	1500	103	70.31	-1.94	0.098	1.0	-0.22	2.74	1.00	0.00	0.16	111115
