"OPEN 6.2.4"
"Fri Jun 26 2015 09:23:40"
<open><version>"6.2.4"</version></open>
<open><configfile>"/User/Configs/UserPrefs/2x3 LED.xml"</configfile></open>
<open><light><source>"6400-02 or -02B LED Source"</source><par_in>1<sensor>"SI-3781"<cal>-0.93<actinity>1.00</actinity><transm>1.00</transm></cal></sensor><transm>1</transm></par_in><par_out>1<sensor>"Q49599"<cal>7.26</cal></sensor></par_out></light></open>
<open><comps><file>"/User/Configs/Comps/StdComps_6.2"<header>""</header><extras></extras></file><energybal>no<f_parIn>1</f_parIn><f_parOut>0</f_parOut><alphaK>0.16</alphaK></energybal><bc_total>2.840<stomatal_ratio>1</stomatal_ratio><bc_oneside>1.420<type>2</type><table>"/Sys/Lib/StdBLCTable"</table><area>6</area><slope>-0.219565</slope><offset>2.73739</offset><fan>5</fan></bc_oneside></bc_total></comps></open>
<open><prompts><onlog>off</onlog><items>"Default (none)"</items></prompts></open>
<open><constants><oxygen>21 %</oxygen><bb_vapor>1.5</bb_vapor><bb_oxy>0.9</bb_oxy></constants></open>
<open><stability><items>"Std Stability"<items[1]><id>-2</id><size>15</size><pcv><onoff>0</onoff><value>1</value></pcv><std><onoff>0</onoff><value>1</value></std><slp><onoff>1</onoff><value>1</value></slp></items[1]><items[2]><id>-5</id><size>15</size><pcv><onoff>0</onoff><value>1</value></pcv><std><onoff>0</onoff><value>1</value></std><slp><onoff>1</onoff><value>1</value></slp></items[2]><items[3]><id>-7</id><size>15</size><pcv><onoff>0</onoff><value>1</value></pcv><std><onoff>0</onoff><value>1</value></std><slp><onoff>1</onoff><value>1</value></slp></items[3]></items></stability></open>
<open><log><format>"StdLogFmt_6.0"<items>{ -35 -21 -36 -76 30 23 36 21 25 221 -33 111 -34 11 -9 -10 -8 -1 -2 -4 -5 -14 -15 -7 -12 -13 -11 -65 -66 -72 -18 -19 -77 -78 -79 -23  }<hdr>{  }</hdr></items></format><options><beep>on</beep><hdr>normal</hdr><rem>normal</rem><stab>no</stab><stats>no<mean>no</mean><file>no</file><period>15</period></stats><excel>yes</excel><controls>yes</controls><comm>no</comm></options><datafile>"/User/stm-rvaoc3"</datafile><button><action>"Normal Log"<code>" LogOneObsManual "</code></action></button><autoprog>"/User/Configs/AutoProgs/AutoLog2"<active>no</active></autoprog></log></open>
<open><a2d><avgtime>4.0 secs</avgtime><userchans><ch20>"Off"</ch20><ch21>"Off"</ch21><ch22>"Off"</ch22><ch23>"Off"</ch23></userchans></a2d></open>
<open><matching><type>0</type><disp>'a'</disp><settings><CO2Limit>10.0</CO2Limit><H2OLimit>1.0</H2OLimit><MaxAutoTime>60</MaxAutoTime></settings></matching></open>
<li6400><factory><unit>"PSC-3840"</unit><serviced>"1 Jul 2013"</serviced><fuseaware>0</fuseaware><co2mixer>yes</co2mixer><co2><coeffs>{ 0 0.213319 2.22998e-05 2.13159e-08 -3.88664e-12 3.69888e-16  }</coeffs><dvdt>-4.7</dvdt><xs>{ 0.0009 -0.0002  }</xs></co2><h2o><coeffs>{ 0 0.00572751 2.23485e-06 -7.37877e-12  }</coeffs><dvdt>-1.7</dvdt><xs>{ 0.0009 -0.0028  }</xs></h2o><flow>{ 0 0.3568  }</flow><press>{ 88.437 0.00551  }</press></factory></li6400>
<li6400><user><flow_zero>-468.8</flow_zero><irga_zero><co2>429.7 390.6<at>17.6901</at></co2><h2o>78.1 156.2<at>17.1607</at></h2o></irga_zero><irga_span><co2>{ 0.99237 0.992833  }</co2><h2o>{ 1.00426 0.996799  }</h2o></irga_span><irga_match><co2>{ 0.368307 -0.0884922  }</co2><h2o>{ 0.00477181 0.173488  }</h2o></irga_match><co2_mixer><pump_mv>4500</pump_mv><ppm>{ 2287.2 1080.71 423.89 257.488 117.195 68.0056 44.5242 37.9628  }</ppm><mv>{ 5000 3000 1500 1000 500 300 200 100  }</mv></co2_mixer><parin_offset>0</parin_offset><led_cal><unit>"SI-3781"</unit><mv>{ 10 25 50 100 1000 2000 3000 4000 5000  }</mv><qntm>{ 4.69642 15.4417 35.4805 82.2863 972.665 1922.29 2824.32 3690.14 4518.2  }</qntm></led_cal><lcf_cal><unit>"unknown"</unit><red><mv>{ 50 100 500 1000 1500 5000  }</mv><qntm>{ 50 100 500 1000 2000 5000  }</qntm></red><blue><mv>{ 100 200 500 1000 2000 5000  }</mv><qntm>{ 10 20 50 100 200 500  }</qntm></blue></lcf_cal></user></li6400>
"09:23:43 "
$STARTOFDATA$
"Obs"	"HHMMSS"	"FTime"	"EBal?"	"Photo"	"Cond"	"Ci"	"Trmmol"	"VpdL"	"CTleaf"	"Area"	"BLC_1"	"StmRat"	"BLCond"	"Tair"	"Tleaf"	"TBlk"	"CO2R"	"CO2S"	"H2OR"	"H2OS"	"RH_R"	"RH_S"	"Flow"	"PARi"	"PARo"	"Press"	"CsMch"	"HsMch"	"StableF"	"BLCslope"	"BLCoffst"	"f_parin"	"f_parout"	"alphaK"	"Status"
"09:28:54 Coolers: Tblock -> 4.69 C"
"09:30:08 Flow: Fixed -> 500 umol/s"
"09:31:20 Flow: Fixed -> 500 umol/s"
1	"09:32:08"	525.5	0	13.1	0.213	271	2.75	1.01	11.44	6	1.42	1	2.84	6.76	11.44	4.74	400.29	383.27	1.480	4.768	10.96	35.32	499.9	1500	30	73.3	-1.27	0.257	0.7	-0.22	2.74	1.00	0.00	0.16	111115
2	"09:32:09"	525.5	0	13.1	0.213	271	2.75	1.01	11.44	6	1.42	1	2.84	6.76	11.44	4.74	400.29	383.27	1.480	4.768	10.96	35.32	499.9	1500	30	73.3	-1.27	0.257	0.7	-0.22	2.74	1.00	0.00	0.16	111115
3	"09:32:09"	526.0	0	13.1	0.213	271	2.75	1.01	11.44	6	1.42	1	2.84	6.76	11.44	4.74	400.26	383.27	1.480	4.767	10.97	35.31	499.9	1500	30	73.3	-1.27	0.257	0.7	-0.22	2.74	1.00	0.00	0.16	111115
4	"09:32:10"	526.5	0	13.1	0.213	271	2.75	1.01	11.44	6	1.42	1	2.84	6.76	11.44	4.74	400.29	383.33	1.481	4.767	10.97	35.31	499.9	1500	30	73.3	-1.27	0.257	0.7	-0.22	2.74	1.00	0.00	0.16	111115
5	"09:32:10"	527.0	0	13.1	0.213	272	2.75	1.01	11.44	6	1.42	1	2.84	6.76	11.44	4.74	400.30	383.37	1.481	4.767	10.97	35.31	499.9	1500	30	73.3	-1.27	0.257	0.7	-0.22	2.74	1.00	0.00	0.16	111115
6	"09:32:11"	527.5	0	13	0.213	272	2.75	1.01	11.44	6	1.42	1	2.84	6.76	11.44	4.74	400.31	383.38	1.482	4.766	10.98	35.31	499.9	1500	30	73.3	-1.27	0.257	0.7	-0.22	2.74	1.00	0.00	0.16	111115
7	"09:32:11"	528.0	0	13.1	0.213	271	2.75	1.01	11.44	6	1.42	1	2.84	6.76	11.44	4.74	400.34	383.37	1.482	4.767	10.97	35.31	499.9	1500	30	73.3	-1.27	0.257	0.7	-0.22	2.74	1.00	0.00	0.16	111115
8	"09:32:12"	528.5	0	13.1	0.213	271	2.75	1.01	11.43	6	1.42	1	2.84	6.76	11.43	4.74	400.33	383.36	1.482	4.766	10.98	35.31	500.0	1501	30	73.3	-1.27	0.257	0.7	-0.22	2.74	1.00	0.00	0.16	111115
9	"09:32:12"	529.0	0	13.1	0.213	271	2.75	1.01	11.43	6	1.42	1	2.84	6.76	11.43	4.74	400.35	383.39	1.483	4.765	10.98	35.30	500.0	1501	30	73.3	-1.27	0.257	0.7	-0.22	2.74	1.00	0.00	0.16	111115
10	"09:32:13"	529.5	0	13.1	0.212	271	2.75	1.01	11.43	6	1.42	1	2.84	6.76	11.43	4.74	400.38	383.42	1.484	4.763	10.99	35.29	500.0	1501	30	73.3	-1.27	0.257	0.7	-0.22	2.74	1.00	0.00	0.16	111115
11	"09:32:13"	530.0	0	13.1	0.212	271	2.75	1.01	11.43	6	1.42	1	2.84	6.76	11.43	4.74	400.42	383.47	1.485	4.763	11.00	35.28	500.1	1500	30	73.3	-1.27	0.257	0.7	-0.22	2.74	1.00	0.00	0.16	111115
12	"09:32:14"	531.5	0	13.1	0.213	271	2.74	1.01	11.42	6	1.42	1	2.84	6.76	11.42	4.74	400.48	383.47	1.486	4.762	11.01	35.27	500.0	1500	30	73.3	-1.27	0.257	0.7	-0.22	2.74	1.00	0.00	0.16	111115
13	"09:32:15"	531.5	0	13.1	0.213	271	2.74	1.01	11.42	6	1.42	1	2.84	6.76	11.42	4.74	400.48	383.47	1.486	4.762	11.01	35.27	500.0	1500	30	73.3	-1.27	0.257	0.7	-0.22	2.74	1.00	0.00	0.16	111115
14	"09:32:15"	532.5	0	13.1	0.212	272	2.74	1.01	11.41	6	1.42	1	2.84	6.76	11.41	4.74	400.49	383.54	1.487	4.760	11.02	35.26	500.0	1500	30	73.3	-1.27	0.257	0.7	-0.22	2.74	1.00	0.00	0.16	111115
15	"09:32:16"	533.5	0	13	0.212	272	2.74	1	11.41	6	1.42	1	2.84	6.76	11.41	4.74	400.50	383.59	1.489	4.761	11.03	35.27	500.0	1500	30	73.3	-1.27	0.257	0.7	-0.22	2.74	1.00	0.00	0.16	111115
"09:32:25 Coolers: Tblock -> 10.00 C"
"09:35:01 Flow: Fixed -> 500 umol/s"
16	"09:35:35"	731.5	0	13.6	0.195	258	2.73	1.08	13.41	6	1.42	1	2.84	10.79	13.41	10.02	401.26	383.71	3.095	6.345	17.46	35.79	499.9	1500	38	73.3	-1.82	0.256	1.0	-0.22	2.74	1.00	0.00	0.16	111115
17	"09:35:35"	731.5	0	13.6	0.195	258	2.73	1.08	13.41	6	1.42	1	2.84	10.79	13.41	10.02	401.26	383.71	3.095	6.345	17.46	35.79	499.9	1500	38	73.3	-1.82	0.256	1.0	-0.22	2.74	1.00	0.00	0.16	111115
18	"09:35:36"	732.0	0	13.6	0.195	258	2.72	1.08	13.42	6	1.42	1	2.84	10.80	13.42	10.02	401.30	383.71	3.097	6.344	17.46	35.78	499.9	1500	38	73.3	-1.82	0.256	1.0	-0.22	2.74	1.00	0.00	0.16	111115
19	"09:35:36"	732.5	0	13.6	0.195	258	2.72	1.08	13.42	6	1.42	1	2.84	10.80	13.42	10.02	401.32	383.74	3.097	6.344	17.47	35.78	499.9	1500	38	73.3	-1.82	0.256	1.0	-0.22	2.74	1.00	0.00	0.16	111115
20	"09:35:37"	733.0	0	13.6	0.195	258	2.72	1.08	13.43	6	1.42	1	2.84	10.80	13.43	10.02	401.35	383.73	3.098	6.346	17.47	35.78	499.9	1500	38	73.3	-1.82	0.256	1.0	-0.22	2.74	1.00	0.00	0.16	111115
21	"09:35:37"	733.5	0	13.7	0.195	257	2.72	1.08	13.43	6	1.42	1	2.84	10.80	13.43	10.02	401.40	383.72	3.099	6.347	17.47	35.79	499.9	1500	38	73.3	-1.82	0.256	1.0	-0.22	2.74	1.00	0.00	0.16	111115
22	"09:35:38"	734.0	0	13.7	0.195	257	2.72	1.08	13.43	6	1.42	1	2.84	10.80	13.43	10.02	401.41	383.72	3.101	6.348	17.48	35.79	499.9	1500	38	73.3	-1.82	0.256	1.0	-0.22	2.74	1.00	0.00	0.16	111115
23	"09:35:38"	734.5	0	13.7	0.194	257	2.72	1.08	13.44	6	1.42	1	2.84	10.80	13.44	10.02	401.43	383.76	3.103	6.349	17.49	35.79	499.9	1500	38	73.3	-1.82	0.256	1.0	-0.22	2.74	1.00	0.00	0.16	111115
24	"09:35:39"	735.0	0	13.6	0.194	258	2.72	1.08	13.44	6	1.42	1	2.84	10.80	13.44	10.02	401.38	383.80	3.104	6.349	17.50	35.79	500.0	1500	38	73.3	-1.82	0.256	1.0	-0.22	2.74	1.00	0.00	0.16	111115
25	"09:35:39"	735.5	0	13.6	0.194	258	2.72	1.08	13.44	6	1.42	1	2.84	10.80	13.44	10.02	401.41	383.83	3.106	6.349	17.51	35.79	500.0	1500	38	73.3	-1.82	0.256	1.0	-0.22	2.74	1.00	0.00	0.16	111115
26	"09:35:40"	736.0	0	13.6	0.194	258	2.72	1.08	13.44	6	1.42	1	2.84	10.80	13.44	10.02	401.40	383.85	3.107	6.350	17.51	35.79	500.0	1500	38	73.3	-1.82	0.256	1.0	-0.22	2.74	1.00	0.00	0.16	111115
27	"09:35:40"	736.5	0	13.6	0.194	258	2.72	1.08	13.45	6	1.42	1	2.84	10.80	13.45	10.02	401.41	383.85	3.108	6.351	17.52	35.80	500.1	1500	38	73.3	-1.82	0.256	1.0	-0.22	2.74	1.00	0.00	0.16	111115
28	"09:35:41"	737.0	0	13.6	0.194	258	2.72	1.08	13.45	6	1.42	1	2.84	10.80	13.45	10.02	401.40	383.84	3.109	6.352	17.52	35.80	500.1	1500	38	73.3	-1.82	0.256	1.0	-0.22	2.74	1.00	0.00	0.16	111115
29	"09:35:41"	737.5	0	13.5	0.194	258	2.72	1.08	13.45	6	1.42	1	2.84	10.80	13.45	10.02	401.37	383.87	3.110	6.351	17.53	35.80	500.1	1500	38	73.3	-1.82	0.256	1.0	-0.22	2.74	1.00	0.00	0.16	111115
30	"09:35:42"	738.0	0	13.6	0.194	258	2.72	1.08	13.45	6	1.42	1	2.84	10.80	13.45	10.02	401.36	383.85	3.110	6.350	17.53	35.79	500.1	1500	38	73.3	-1.82	0.256	1.0	-0.22	2.74	1.00	0.00	0.16	111115
"09:35:47 Coolers: Tblock -> 15.00 C"
"09:38:32 Flow: Fixed -> 500 umol/s"
"09:40:28 Flow: Fixed -> 500 umol/s"
31	"09:42:03"	1120.0	0	13.5	0.153	226	2.62	1.3	16.75	6	1.42	1	2.84	15.31	16.75	15.10	400.10	382.72	5.252	8.369	22.05	35.14	500.0	1501	32	73.3	-1.78	0.261	1.0	-0.22	2.74	1.00	0.00	0.16	111115
32	"09:42:03"	1120.0	0	13.5	0.153	226	2.62	1.3	16.75	6	1.42	1	2.84	15.31	16.75	15.10	400.10	382.72	5.252	8.369	22.05	35.14	500.0	1501	32	73.3	-1.78	0.261	1.0	-0.22	2.74	1.00	0.00	0.16	111115
33	"09:42:04"	1120.5	0	13.5	0.153	227	2.62	1.3	16.76	6	1.42	1	2.84	15.31	16.76	15.10	400.08	382.72	5.250	8.369	22.04	35.13	500.0	1501	32	73.3	-1.78	0.261	1.0	-0.22	2.74	1.00	0.00	0.16	111115
34	"09:42:04"	1121.0	0	13.5	0.153	226	2.62	1.3	16.76	6	1.42	1	2.84	15.31	16.76	15.10	400.09	382.70	5.249	8.368	22.04	35.13	500.0	1501	32	73.3	-1.78	0.261	1.0	-0.22	2.74	1.00	0.00	0.16	111115
35	"09:42:05"	1121.5	0	13.5	0.153	226	2.62	1.3	16.76	6	1.42	1	2.84	15.31	16.76	15.10	400.08	382.69	5.247	8.367	22.03	35.13	500.0	1501	32	73.3	-1.78	0.261	1.0	-0.22	2.74	1.00	0.00	0.16	111115
36	"09:42:05"	1122.0	0	13.6	0.153	225	2.62	1.3	16.76	6	1.42	1	2.84	15.31	16.76	15.10	400.12	382.65	5.246	8.366	22.02	35.12	500.0	1501	32	73.3	-1.78	0.261	1.0	-0.22	2.74	1.00	0.00	0.16	111115
37	"09:42:06"	1122.5	0	13.5	0.153	226	2.62	1.3	16.77	6	1.42	1	2.84	15.31	16.77	15.10	400.11	382.69	5.245	8.364	22.02	35.11	500.0	1501	32	73.3	-1.78	0.261	1.0	-0.22	2.74	1.00	0.00	0.16	111115
38	"09:42:06"	1123.0	0	13.5	0.153	226	2.62	1.3	16.77	6	1.42	1	2.84	15.31	16.77	15.10	400.11	382.70	5.244	8.362	22.01	35.10	500.0	1501	32	73.3	-1.78	0.261	1.0	-0.22	2.74	1.00	0.00	0.16	111115
39	"09:42:07"	1123.5	0	13.5	0.153	226	2.62	1.3	16.77	6	1.42	1	2.84	15.31	16.77	15.10	400.12	382.68	5.242	8.362	22.00	35.10	500.0	1501	32	73.3	-1.78	0.261	1.0	-0.22	2.74	1.00	0.00	0.16	111115
40	"09:42:07"	1124.0	0	13.6	0.153	225	2.62	1.3	16.76	6	1.42	1	2.84	15.31	16.76	15.10	400.16	382.68	5.240	8.361	21.99	35.09	500.0	1501	32	73.3	-1.78	0.261	1.0	-0.22	2.74	1.00	0.00	0.16	111115
41	"09:42:08"	1124.5	0	13.6	0.153	225	2.62	1.3	16.76	6	1.42	1	2.84	15.32	16.76	15.10	400.20	382.68	5.240	8.359	21.99	35.08	500.0	1501	32	73.3	-1.78	0.261	1.0	-0.22	2.74	1.00	0.00	0.16	111115
42	"09:42:08"	1125.0	0	13.6	0.153	225	2.62	1.3	16.76	6	1.42	1	2.84	15.32	16.76	15.10	400.21	382.71	5.240	8.358	21.99	35.08	500.0	1501	32	73.3	-1.78	0.261	1.0	-0.22	2.74	1.00	0.00	0.16	111115
43	"09:42:09"	1125.5	0	13.6	0.153	225	2.62	1.3	16.76	6	1.42	1	2.84	15.32	16.76	15.10	400.20	382.72	5.240	8.357	21.99	35.07	500.0	1501	32	73.3	-1.78	0.261	1.0	-0.22	2.74	1.00	0.00	0.16	111115
44	"09:42:09"	1126.0	0	13.5	0.152	226	2.62	1.3	16.77	6	1.42	1	2.84	15.32	16.77	15.10	400.17	382.75	5.239	8.355	21.99	35.06	500.0	1501	32	73.3	-1.78	0.261	1.0	-0.22	2.74	1.00	0.00	0.16	111115
45	"09:42:10"	1126.5	0	13.5	0.152	225	2.62	1.3	16.77	6	1.42	1	2.84	15.32	16.77	15.10	400.19	382.75	5.239	8.355	21.98	35.06	499.9	1501	32	73.3	-1.78	0.261	1.0	-0.22	2.74	1.00	0.00	0.16	111115
"09:42:16 Coolers: Tblock -> 20.00 C"
"09:46:28 Flow: Fixed -> 500 umol/s"
46	"09:47:54"	1471.0	0	13.3	0.134	208	2.64	1.48	19.65	6	1.42	1	2.84	19.56	19.65	19.98	400.51	383.36	8.002	11.130	25.69	35.74	500.0	1500	28	73.3	-1.7	0.246	1.0	-0.22	2.74	1.00	0.00	0.16	111115
47	"09:47:54"	1471.0	0	13.3	0.134	208	2.64	1.48	19.65	6	1.42	1	2.84	19.56	19.65	19.98	400.51	383.36	8.002	11.130	25.69	35.74	500.0	1500	28	73.3	-1.7	0.246	1.0	-0.22	2.74	1.00	0.00	0.16	111115
48	"09:47:55"	1471.5	0	13.2	0.134	209	2.64	1.48	19.64	6	1.42	1	2.84	19.56	19.64	19.98	400.52	383.41	8.000	11.127	25.68	35.73	500.0	1500	28	73.3	-1.7	0.246	1.0	-0.22	2.74	1.00	0.00	0.16	111115
49	"09:47:55"	1472.0	0	13.2	0.134	209	2.64	1.48	19.64	6	1.42	1	2.84	19.56	19.64	19.99	400.51	383.45	7.998	11.126	25.68	35.72	500.0	1500	28	73.3	-1.7	0.246	1.0	-0.22	2.74	1.00	0.00	0.16	111115
50	"09:47:56"	1472.5	0	13.2	0.134	209	2.64	1.48	19.64	6	1.42	1	2.84	19.56	19.64	19.99	400.52	383.42	7.995	11.125	25.67	35.71	500.0	1500	28	73.3	-1.7	0.246	1.0	-0.22	2.74	1.00	0.00	0.16	111115
51	"09:47:56"	1473.0	0	13.3	0.134	209	2.64	1.48	19.64	6	1.42	1	2.84	19.56	19.64	19.99	400.54	383.41	7.992	11.125	25.66	35.71	500.0	1500	28	73.3	-1.7	0.246	1.0	-0.22	2.74	1.00	0.00	0.16	111115
52	"09:47:57"	1473.5	0	13.3	0.134	209	2.64	1.48	19.64	6	1.42	1	2.84	19.56	19.64	19.99	400.54	383.39	7.989	11.123	25.65	35.70	499.9	1500	28	73.3	-1.7	0.246	1.0	-0.22	2.74	1.00	0.00	0.16	111115
53	"09:47:57"	1474.0	0	13.2	0.134	209	2.64	1.48	19.64	6	1.42	1	2.84	19.56	19.64	19.99	400.53	383.44	7.988	11.119	25.64	35.69	499.9	1500	27	73.3	-1.7	0.246	1.0	-0.22	2.74	1.00	0.00	0.16	111115
54	"09:47:58"	1474.5	0	13.2	0.134	209	2.64	1.48	19.64	6	1.42	1	2.84	19.56	19.64	19.99	400.54	383.45	7.986	11.116	25.64	35.68	499.9	1500	27	73.3	-1.7	0.246	1.0	-0.22	2.74	1.00	0.00	0.16	111115
55	"09:47:58"	1475.0	0	13.3	0.134	209	2.64	1.48	19.64	6	1.42	1	2.84	19.56	19.64	19.99	400.58	383.43	7.984	11.114	25.63	35.67	499.9	1500	27	73.3	-1.7	0.246	1.0	-0.22	2.74	1.00	0.00	0.16	111115
56	"09:47:59"	1475.5	0	13.3	0.134	208	2.64	1.48	19.64	6	1.42	1	2.84	19.56	19.64	19.99	400.58	383.39	7.981	11.113	25.62	35.67	499.9	1500	26	73.3	-1.7	0.246	1.0	-0.22	2.74	1.00	0.00	0.16	111115
57	"09:47:59"	1476.0	0	13.3	0.134	208	2.64	1.48	19.64	6	1.42	1	2.84	19.56	19.64	19.99	400.59	383.37	7.979	11.111	25.61	35.66	499.9	1500	26	73.3	-1.7	0.246	1.0	-0.22	2.74	1.00	0.00	0.16	111115
58	"09:48:00"	1476.5	0	13.4	0.134	208	2.64	1.48	19.64	6	1.42	1	2.84	19.56	19.64	19.99	400.61	383.35	7.976	11.110	25.60	35.66	499.9	1500	26	73.3	-1.7	0.246	1.0	-0.22	2.74	1.00	0.00	0.16	111115
59	"09:48:00"	1477.0	0	13.4	0.134	207	2.64	1.48	19.64	6	1.42	1	2.84	19.56	19.64	19.99	400.64	383.35	7.974	11.108	25.59	35.65	500.0	1500	26	73.3	-1.7	0.246	1.0	-0.22	2.74	1.00	0.00	0.16	111115
60	"09:48:01"	1477.5	0	13.4	0.134	208	2.64	1.48	19.64	6	1.42	1	2.84	19.56	19.64	19.98	400.65	383.40	7.972	11.106	25.59	35.64	500.0	1500	26	73.3	-1.7	0.246	1.0	-0.22	2.74	1.00	0.00	0.16	111115
"09:48:06 Coolers: Tblock -> 25.00 C"
"09:52:43 Flow: Fixed -> 500 umol/s"
"09:53:40 Flow: Fixed -> 500 umol/s"
61	"09:55:21"	1918.5	0	13	0.12	193	2.77	1.71	22.80	6	1.42	1	2.84	24.04	22.80	25.05	400.36	383.52	11.376	14.646	27.77	35.76	500.0	1499	28	73.3	-1.6	0.216	1.0	-0.22	2.74	1.00	0.00	0.16	111115
62	"09:55:22"	1918.5	0	13	0.12	193	2.77	1.71	22.80	6	1.42	1	2.84	24.04	22.80	25.05	400.36	383.52	11.376	14.646	27.77	35.76	500.0	1499	28	73.3	-1.6	0.216	1.0	-0.22	2.74	1.00	0.00	0.16	111115
63	"09:55:22"	1919.0	0	13	0.12	193	2.77	1.71	22.80	6	1.42	1	2.84	24.04	22.80	25.05	400.39	383.51	11.375	14.646	27.77	35.76	500.0	1499	28	73.3	-1.6	0.216	1.0	-0.22	2.74	1.00	0.00	0.16	111115
64	"09:55:23"	1919.5	0	12.9	0.12	194	2.76	1.71	22.81	6	1.42	1	2.84	24.04	22.81	25.05	400.36	383.57	11.376	14.644	27.77	35.75	500.0	1499	28	73.3	-1.6	0.216	1.0	-0.22	2.74	1.00	0.00	0.16	111115
65	"09:55:23"	1920.0	0	12.9	0.12	194	2.76	1.71	22.80	6	1.42	1	2.84	24.04	22.80	25.05	400.35	383.60	11.377	14.642	27.77	35.74	500.0	1499	28	73.3	-1.6	0.216	1.0	-0.22	2.74	1.00	0.00	0.16	111115
66	"09:55:24"	1920.5	0	12.9	0.12	194	2.76	1.71	22.80	6	1.42	1	2.84	24.04	22.80	25.05	400.36	383.58	11.376	14.643	27.77	35.74	500.0	1499	28	73.3	-1.6	0.216	1.0	-0.22	2.74	1.00	0.00	0.16	111115
67	"09:55:24"	1921.0	0	12.9	0.12	194	2.76	1.71	22.80	6	1.42	1	2.84	24.04	22.80	25.05	400.31	383.56	11.375	14.643	27.77	35.74	500.0	1499	28	73.3	-1.6	0.216	1.0	-0.22	2.74	1.00	0.00	0.16	111115
68	"09:55:25"	1921.5	0	12.9	0.12	194	2.77	1.71	22.80	6	1.42	1	2.84	24.05	22.80	25.05	400.30	383.55	11.373	14.644	27.76	35.74	500.0	1499	28	73.3	-1.6	0.216	1.0	-0.22	2.74	1.00	0.00	0.16	111115
69	"09:55:25"	1922.0	0	12.9	0.12	195	2.76	1.71	22.80	6	1.42	1	2.84	24.05	22.80	25.05	400.30	383.56	11.373	14.643	27.76	35.74	499.9	1499	28	73.3	-1.6	0.216	1.0	-0.22	2.74	1.00	0.00	0.16	111115
70	"09:55:26"	1922.5	0	12.9	0.12	195	2.76	1.71	22.80	6	1.42	1	2.84	24.05	22.80	25.05	400.29	383.58	11.374	14.640	27.76	35.73	500.0	1499	28	73.3	-1.6	0.216	1.0	-0.22	2.74	1.00	0.00	0.16	111115
71	"09:55:26"	1923.0	0	12.9	0.12	194	2.76	1.71	22.80	6	1.42	1	2.84	24.05	22.80	25.05	400.31	383.57	11.372	14.638	27.75	35.73	500.0	1499	28	73.3	-1.6	0.216	1.0	-0.22	2.74	1.00	0.00	0.16	111115
72	"09:55:27"	1923.5	0	12.9	0.12	194	2.77	1.71	22.80	6	1.42	1	2.84	24.05	22.80	25.05	400.34	383.56	11.369	14.639	27.75	35.73	499.9	1499	28	73.3	-1.6	0.216	1.0	-0.22	2.74	1.00	0.00	0.16	111115
73	"09:55:27"	1924.0	0	13	0.12	194	2.77	1.71	22.81	6	1.42	1	2.84	24.05	22.81	25.05	400.39	383.54	11.366	14.641	27.74	35.73	500.0	1498	27	73.3	-1.6	0.216	1.0	-0.22	2.74	1.00	0.00	0.16	111115
74	"09:55:28"	1924.5	0	13	0.12	193	2.77	1.71	22.81	6	1.42	1	2.84	24.05	22.81	25.05	400.43	383.56	11.365	14.640	27.74	35.73	500.0	1499	27	73.3	-1.6	0.216	1.0	-0.22	2.74	1.00	0.00	0.16	111115
75	"09:55:28"	1925.0	0	13	0.12	193	2.77	1.71	22.81	6	1.42	1	2.84	24.05	22.81	25.05	400.46	383.56	11.364	14.640	27.73	35.73	500.0	1499	27	73.3	-1.6	0.216	1.0	-0.22	2.74	1.00	0.00	0.16	111115
"09:55:33 Coolers: Tblock -> 30.00 C"
"10:00:14 Flow: Fixed -> 500 umol/s"
76	"10:01:52"	2308.5	0	12.7	0.117	193	3.02	1.9	25.55	6	1.42	1	2.84	28.43	25.55	30.14	401.13	384.55	15.297	18.851	28.82	35.51	499.9	1500	32	73.3	-1.69	0.219	1.0	-0.22	2.74	1.00	0.00	0.16	111115
77	"10:01:52"	2308.5	0	12.7	0.117	193	3.02	1.9	25.55	6	1.42	1	2.84	28.43	25.55	30.14	401.13	384.55	15.297	18.851	28.82	35.51	499.9	1500	32	73.3	-1.69	0.219	1.0	-0.22	2.74	1.00	0.00	0.16	111115
78	"10:01:52"	2309.0	0	12.7	0.118	194	3.03	1.9	25.56	6	1.42	1	2.84	28.43	25.56	30.14	401.13	384.55	15.292	18.861	28.81	35.53	499.9	1500	32	73.3	-1.69	0.219	1.0	-0.22	2.74	1.00	0.00	0.16	111115
79	"10:01:53"	2309.5	0	12.7	0.118	194	3.04	1.9	25.55	6	1.42	1	2.84	28.43	25.55	30.14	401.15	384.50	15.289	18.864	28.80	35.54	499.9	1500	33	73.3	-1.69	0.219	1.0	-0.22	2.74	1.00	0.00	0.16	111115
80	"10:01:53"	2310.0	0	12.7	0.118	194	3.04	1.9	25.56	6	1.42	1	2.84	28.43	25.56	30.14	401.15	384.49	15.287	18.867	28.80	35.54	499.9	1500	33	73.3	-1.69	0.219	1.0	-0.22	2.74	1.00	0.00	0.16	111115
81	"10:01:54"	2310.5	0	12.8	0.118	192	3.04	1.9	25.56	6	1.42	1	2.84	28.43	25.56	30.14	401.19	384.42	15.287	18.868	28.79	35.54	499.9	1500	33	73.3	-1.69	0.219	1.0	-0.22	2.74	1.00	0.00	0.16	111115
82	"10:01:54"	2311.0	0	12.8	0.118	192	3.04	1.9	25.56	6	1.42	1	2.84	28.43	25.56	30.14	401.18	384.41	15.287	18.866	28.79	35.53	499.9	1500	32	73.3	-1.69	0.219	1.0	-0.22	2.74	1.00	0.00	0.16	111115
83	"10:01:55"	2311.5	0	12.8	0.118	191	3.04	1.9	25.56	6	1.42	1	2.84	28.44	25.56	30.14	401.19	384.37	15.286	18.861	28.79	35.52	499.9	1500	32	73.3	-1.69	0.219	1.0	-0.22	2.74	1.00	0.00	0.16	111115
84	"10:01:55"	2312.0	0	12.7	0.118	193	3.03	1.91	25.56	6	1.42	1	2.84	28.44	25.56	30.14	401.19	384.51	15.287	18.856	28.79	35.51	499.9	1500	32	73.3	-1.69	0.219	1.0	-0.22	2.74	1.00	0.00	0.16	111115
85	"10:01:56"	2312.5	0	12.7	0.118	194	3.04	1.91	25.56	6	1.42	1	2.84	28.44	25.56	30.14	401.19	384.53	15.284	18.863	28.78	35.52	499.9	1500	32	73.3	-1.69	0.219	1.0	-0.22	2.74	1.00	0.00	0.16	111115
86	"10:01:57"	2313.0	0	12.9	0.118	191	3.03	1.91	25.56	6	1.42	1	2.84	28.44	25.56	30.14	401.27	384.44	15.285	18.858	28.78	35.51	499.9	1500	31	73.3	-1.69	0.219	1.0	-0.22	2.74	1.00	0.00	0.16	111115
87	"10:01:57"	2313.5	0	12.8	0.117	191	3.03	1.91	25.57	6	1.42	1	2.84	28.44	25.57	30.14	401.28	384.47	15.285	18.853	28.78	35.50	500.0	1500	31	73.3	-1.69	0.219	1.0	-0.22	2.74	1.00	0.00	0.16	111115
88	"10:01:58"	2314.0	0	12.9	0.117	190	3.03	1.91	25.57	6	1.42	1	2.84	28.44	25.57	30.14	401.32	384.49	15.287	18.849	28.78	35.49	500.0	1500	31	73.3	-1.69	0.219	1.0	-0.22	2.74	1.00	0.00	0.16	111115
89	"10:01:58"	2314.5	0	12.8	0.117	191	3.01	1.91	25.57	6	1.42	1	2.84	28.44	25.57	30.14	401.29	384.59	15.289	18.839	28.78	35.47	500.0	1500	31	73.3	-1.69	0.219	1.0	-0.22	2.74	1.00	0.00	0.16	111115
90	"10:01:59"	2315.0	0	12.6	0.117	194	3.02	1.91	25.57	6	1.42	1	2.84	28.44	25.57	30.14	401.26	384.75	15.288	18.840	28.78	35.47	500.0	1500	31	73.3	-1.69	0.219	1.0	-0.22	2.74	1.00	0.00	0.16	111115
"10:02:05 Coolers: Tblock -> 35.00 C"
"10:07:17 Flow: Fixed -> 500 umol/s"
"10:07:50 Coolers: Tblock -> 34.44 C"
"10:08:32 Flow: Fixed -> 500 umol/s"
91	"10:09:25"	2762.5	0	12.2	0.112	189	3.2	2.09	28.01	6	1.42	1	2.84	32.21	28.01	34.43	399.62	383.46	19.532	23.280	29.64	35.32	499.9	1500	42	73.3	-1.12	0.0918	1.0	-0.22	2.74	1.00	0.00	0.16	111115
92	"10:09:25"	2762.5	0	12.2	0.112	189	3.2	2.09	28.01	6	1.42	1	2.84	32.21	28.01	34.43	399.62	383.46	19.532	23.280	29.64	35.32	499.9	1500	42	73.3	-1.12	0.0918	1.0	-0.22	2.74	1.00	0.00	0.16	111115
93	"10:09:26"	2763.0	0	12.2	0.112	190	3.2	2.09	28.01	6	1.42	1	2.84	32.21	28.01	34.43	399.61	383.47	19.533	23.279	29.64	35.32	499.9	1500	42	73.3	-1.12	0.0918	1.0	-0.22	2.74	1.00	0.00	0.16	111115
94	"10:09:26"	2763.5	0	12.2	0.112	190	3.19	2.09	28.01	6	1.42	1	2.84	32.21	28.01	34.43	399.58	383.47	19.533	23.279	29.64	35.32	499.9	1500	42	73.3	-1.12	0.0918	1.0	-0.22	2.74	1.00	0.00	0.16	111115
95	"10:09:27"	2764.0	0	12.2	0.112	190	3.19	2.09	28.01	6	1.42	1	2.84	32.21	28.01	34.43	399.60	383.49	19.535	23.280	29.64	35.32	499.9	1500	42	73.3	-1.12	0.0918	1.0	-0.22	2.74	1.00	0.00	0.16	111115
96	"10:09:27"	2764.5	0	12.2	0.112	190	3.2	2.09	28.02	6	1.42	1	2.84	32.21	28.02	34.43	399.60	383.52	19.533	23.281	29.63	35.32	499.9	1500	42	73.3	-1.12	0.0918	1.0	-0.22	2.74	1.00	0.00	0.16	111115
97	"10:09:28"	2765.0	0	12.2	0.112	191	3.2	2.09	28.02	6	1.42	1	2.84	32.21	28.02	34.43	399.61	383.54	19.534	23.283	29.63	35.32	499.9	1500	42	73.3	-1.12	0.0918	1.0	-0.22	2.74	1.00	0.00	0.16	111115
98	"10:09:28"	2765.5	0	12.2	0.112	190	3.2	2.09	28.02	6	1.42	1	2.84	32.21	28.02	34.43	399.63	383.52	19.534	23.286	29.63	35.32	499.8	1500	42	73.3	-1.12	0.0918	1.0	-0.22	2.74	1.00	0.00	0.16	111115
99	"10:09:29"	2766.0	0	12.2	0.112	190	3.2	2.09	28.02	6	1.42	1	2.84	32.21	28.02	34.43	399.63	383.55	19.535	23.286	29.63	35.32	499.9	1500	42	73.3	-1.12	0.0918	1.0	-0.22	2.74	1.00	0.00	0.16	111115
100	"10:09:29"	2766.5	0	12.2	0.112	190	3.2	2.09	28.03	6	1.42	1	2.84	32.21	28.03	34.43	399.67	383.55	19.535	23.286	29.63	35.32	499.9	1500	42	73.3	-1.12	0.0918	1.0	-0.22	2.74	1.00	0.00	0.16	111115
101	"10:09:30"	2767.0	0	12.2	0.112	190	3.2	2.09	28.03	6	1.42	1	2.84	32.21	28.03	34.43	399.68	383.53	19.533	23.289	29.62	35.32	499.9	1500	42	73.3	-1.12	0.0918	1.0	-0.22	2.74	1.00	0.00	0.16	111115
102	"10:09:30"	2767.5	0	12.3	0.112	189	3.2	2.1	28.03	6	1.42	1	2.84	32.22	28.03	34.43	399.75	383.55	19.534	23.289	29.63	35.32	499.9	1499	42	73.3	-1.12	0.0918	1.0	-0.22	2.74	1.00	0.00	0.16	111115
103	"10:09:31"	2768.0	0	12.3	0.112	189	3.2	2.1	28.04	6	1.42	1	2.84	32.22	28.04	34.43	399.73	383.55	19.533	23.287	29.62	35.31	499.9	1499	42	73.3	-1.12	0.0918	1.0	-0.22	2.74	1.00	0.00	0.16	111115
104	"10:09:31"	2768.5	0	12.3	0.112	189	3.2	2.1	28.04	6	1.42	1	2.84	32.22	28.04	34.43	399.76	383.54	19.534	23.287	29.62	35.31	499.9	1499	42	73.3	-1.12	0.0918	1.0	-0.22	2.74	1.00	0.00	0.16	111115
105	"10:09:32"	2769.0	0	12.3	0.112	188	3.2	2.1	28.04	6	1.42	1	2.84	32.22	28.04	34.43	399.78	383.53	19.534	23.287	29.62	35.31	499.9	1499	42	73.3	-1.12	0.0918	1.0	-0.22	2.74	1.00	0.00	0.16	111115
