"OPEN 6.2.4"
"Sun Jun 28 2015 15:57:46"
<open><version>"6.2.4"</version></open>
<open><configfile>"/User/Configs/UserPrefs/2x3 LED.xml"</configfile></open>
<open><light><source>"6400-02 or -02B LED Source"</source><par_in>1<sensor>"SI-3781"<cal>-0.93<actinity>1.00</actinity><transm>1.00</transm></cal></sensor><transm>1</transm></par_in><par_out>1<sensor>"Q49599"<cal>7.26</cal></sensor></par_out></light></open>
<open><comps><file>"/User/Configs/Comps/StdComps_6.2"<header>""</header><extras></extras></file><energybal>no<f_parIn>1</f_parIn><f_parOut>0</f_parOut><alphaK>0.16</alphaK></energybal><bc_total>2.840<stomatal_ratio>1</stomatal_ratio><bc_oneside>1.420<type>2</type><table>"/Sys/Lib/StdBLCTable"</table><area>6</area><slope>-0.219565</slope><offset>2.73739</offset><fan>5</fan></bc_oneside></bc_total></comps></open>
<open><prompts><onlog>off</onlog><items>"Default (none)"</items></prompts></open>
<open><constants><oxygen>21 %</oxygen><bb_vapor>1.5</bb_vapor><bb_oxy>0.9</bb_oxy></constants></open>
<open><stability><items>"Std Stability"<items[1]><id>-2</id><size>15</size><pcv><onoff>0</onoff><value>1</value></pcv><std><onoff>0</onoff><value>1</value></std><slp><onoff>1</onoff><value>1</value></slp></items[1]><items[2]><id>-5</id><size>15</size><pcv><onoff>0</onoff><value>1</value></pcv><std><onoff>0</onoff><value>1</value></std><slp><onoff>1</onoff><value>1</value></slp></items[2]><items[3]><id>-7</id><size>15</size><pcv><onoff>0</onoff><value>1</value></pcv><std><onoff>0</onoff><value>1</value></std><slp><onoff>1</onoff><value>1</value></slp></items[3]></items></stability></open>
<open><log><format>"StdLogFmt_6.0"<items>{ -35 -21 -36 -76 30 23 36 21 25 221 -33 111 -34 11 -9 -10 -8 -1 -2 -4 -5 -14 -15 -7 -12 -13 -11 -65 -66 -72 -18 -19 -77 -78 -79 -23  }<hdr>{  }</hdr></items></format><options><beep>on</beep><hdr>normal</hdr><rem>normal</rem><stab>no</stab><stats>no<mean>no</mean><file>no</file><period>15</period></stats><excel>yes</excel><controls>yes</controls><comm>no</comm></options><datafile>"/User/stm-plipo4"</datafile><button><action>"Normal Log"<code>" LogOneObsManual "</code></action></button><autoprog>"/User/Configs/AutoProgs/AutoLog2"<active>no</active></autoprog></log></open>
<open><a2d><avgtime>4.0 secs</avgtime><userchans><ch20>"Off"</ch20><ch21>"Off"</ch21><ch22>"Off"</ch22><ch23>"Off"</ch23></userchans></a2d></open>
<open><matching><type>0</type><disp>'a'</disp><settings><CO2Limit>10.0</CO2Limit><H2OLimit>1.0</H2OLimit><MaxAutoTime>60</MaxAutoTime></settings></matching></open>
<li6400><factory><unit>"PSC-3840"</unit><serviced>"1 Jul 2013"</serviced><fuseaware>0</fuseaware><co2mixer>yes</co2mixer><co2><coeffs>{ 0 0.213319 2.22998e-05 2.13159e-08 -3.88664e-12 3.69888e-16  }</coeffs><dvdt>-4.7</dvdt><xs>{ 0.0009 -0.0002  }</xs></co2><h2o><coeffs>{ 0 0.00572751 2.23485e-06 -7.37877e-12  }</coeffs><dvdt>-1.7</dvdt><xs>{ 0.0009 -0.0028  }</xs></h2o><flow>{ 0 0.3568  }</flow><press>{ 88.437 0.00551  }</press></factory></li6400>
<li6400><user><flow_zero>-468.8</flow_zero><irga_zero><co2>429.7 390.6<at>17.6901</at></co2><h2o>78.1 156.2<at>17.1607</at></h2o></irga_zero><irga_span><co2>{ 0.99237 0.992833  }</co2><h2o>{ 1.00426 0.996799  }</h2o></irga_span><irga_match><co2>{ 0.368307 -2.77832  }</co2><h2o>{ 0.00477181 0.289783  }</h2o></irga_match><co2_mixer><pump_mv>4500</pump_mv><ppm>{ 2287.2 1080.71 423.89 257.488 117.195 68.0056 44.5242 37.9628  }</ppm><mv>{ 5000 3000 1500 1000 500 300 200 100  }</mv></co2_mixer><parin_offset>0</parin_offset><led_cal><unit>"SI-3781"</unit><mv>{ 10 25 50 100 1000 2000 3000 4000 5000  }</mv><qntm>{ 4.69642 15.4417 35.4805 82.2863 972.665 1922.29 2824.32 3690.14 4518.2  }</qntm></led_cal><lcf_cal><unit>"unknown"</unit><red><mv>{ 50 100 500 1000 1500 5000  }</mv><qntm>{ 50 100 500 1000 2000 5000  }</qntm></red><blue><mv>{ 100 200 500 1000 2000 5000  }</mv><qntm>{ 10 20 50 100 200 500  }</qntm></blue></lcf_cal></user></li6400>
"15:57:48 "
$STARTOFDATA$
"Obs"	"HHMMSS"	"FTime"	"EBal?"	"Photo"	"Cond"	"Ci"	"Trmmol"	"VpdL"	"CTleaf"	"Area"	"BLC_1"	"StmRat"	"BLCond"	"Tair"	"Tleaf"	"TBlk"	"CO2R"	"CO2S"	"H2OR"	"H2OS"	"RH_R"	"RH_S"	"Flow"	"PARi"	"PARo"	"Press"	"CsMch"	"HsMch"	"StableF"	"BLCslope"	"BLCoffst"	"f_parin"	"f_parout"	"alphaK"	"Status"
1	"15:57:59"	16.0	0	4.23	0.0796	296	1.36	1.21	14.42	6	1.42	1	2.84	10.22	14.42	7.68	399.00	393.28	4.569	6.190	25.63	34.72	500.0	1501	96	70.18	-2.78	0.29	0.7	-0.22	2.74	1.00	0.00	0.16	111115
2	"15:57:59"	16.5	0	4.26	0.0797	296	1.36	1.21	14.40	6	1.42	1	2.84	10.22	14.40	7.68	399.04	393.29	4.569	6.189	25.63	34.72	499.9	1500	96	70.18	-2.78	0.29	0.7	-0.22	2.74	1.00	0.00	0.16	111115
3	"15:57:59"	16.5	0	4.26	0.0797	296	1.36	1.21	14.40	6	1.42	1	2.84	10.22	14.40	7.68	399.04	393.29	4.569	6.189	25.63	34.72	499.9	1500	96	70.18	-2.78	0.29	0.7	-0.22	2.74	1.00	0.00	0.16	111115
4	"15:58:00"	17.0	0	4.33	0.0796	295	1.36	1.21	14.40	6	1.42	1	2.84	10.22	14.40	7.68	399.17	393.34	4.570	6.188	25.64	34.72	500.0	1500	96	70.18	-2.78	0.29	0.7	-0.22	2.74	1.00	0.00	0.16	111115
5	"15:58:01"	17.5	0	4.47	0.0796	292	1.36	1.21	14.39	6	1.42	1	2.84	10.22	14.39	7.68	399.39	393.39	4.570	6.187	25.64	34.72	500.0	1500	96	70.18	-2.78	0.29	0.7	-0.22	2.74	1.00	0.00	0.16	111115
6	"15:58:01"	18.0	0	4.64	0.0795	288	1.35	1.21	14.39	6	1.42	1	2.84	10.22	14.39	7.68	399.62	393.41	4.570	6.186	25.65	34.71	500.0	1500	95	70.18	-2.78	0.29	0.7	-0.22	2.74	1.00	0.00	0.16	111115
7	"15:58:02"	18.5	0	4.82	0.0795	285	1.35	1.21	14.39	6	1.42	1	2.84	10.22	14.39	7.68	399.82	393.39	4.570	6.185	25.65	34.71	499.9	1500	95	70.18	-2.78	0.29	0.7	-0.22	2.74	1.00	0.00	0.16	111115
8	"15:58:02"	19.0	0	4.93	0.0795	282	1.35	1.21	14.39	6	1.42	1	2.84	10.21	14.39	7.68	399.92	393.37	4.569	6.185	25.65	34.72	499.9	1500	96	70.18	-2.78	0.29	0.7	-0.22	2.74	1.00	0.00	0.16	111115
9	"15:58:03"	19.5	0	4.94	0.0795	282	1.35	1.21	14.39	6	1.42	1	2.84	10.21	14.39	7.68	399.92	393.35	4.569	6.184	25.65	34.71	499.9	1500	95	70.18	-2.78	0.29	0.7	-0.22	2.74	1.00	0.00	0.16	111115
10	"15:58:03"	20.0	0	4.9	0.0794	283	1.35	1.21	14.39	6	1.42	1	2.84	10.21	14.39	7.68	399.81	393.29	4.569	6.183	25.65	34.71	500.0	1500	96	70.18	-2.78	0.29	0.7	-0.22	2.74	1.00	0.00	0.16	111115
11	"15:58:04"	20.5	0	4.79	0.0793	285	1.35	1.21	14.40	6	1.42	1	2.84	10.21	14.40	7.68	399.62	393.24	4.569	6.183	25.65	34.71	500.0	1500	96	70.18	-2.78	0.29	0.7	-0.22	2.74	1.00	0.00	0.16	111115
12	"15:58:04"	21.0	0	4.75	0.0793	286	1.35	1.21	14.40	6	1.42	1	2.84	10.21	14.40	7.68	399.50	393.16	4.569	6.182	25.65	34.71	500.0	1500	96	70.18	-2.78	0.29	0.7	-0.22	2.74	1.00	0.00	0.16	111115
13	"15:58:05"	21.5	0	4.77	0.0792	285	1.35	1.21	14.40	6	1.42	1	2.84	10.21	14.40	7.68	399.42	393.06	4.569	6.181	25.66	34.70	500.0	1500	95	70.18	-2.78	0.29	0.7	-0.22	2.74	1.00	0.00	0.16	111115
14	"15:58:05"	22.0	0	4.76	0.0792	285	1.35	1.21	14.40	6	1.42	1	2.84	10.21	14.40	7.68	399.28	392.94	4.569	6.180	25.66	34.70	500.0	1500	96	70.18	-2.78	0.29	0.7	-0.22	2.74	1.00	0.00	0.16	111115
15	"15:58:06"	22.5	0	4.69	0.0792	286	1.35	1.21	14.40	6	1.42	1	2.84	10.21	14.40	7.68	399.08	392.82	4.570	6.180	25.66	34.70	500.0	1500	96	70.18	-2.78	0.29	0.7	-0.22	2.74	1.00	0.00	0.16	111115
"15:58:19 Coolers: Tblock -> 12.00 C"
"16:00:19 Flow: Fixed -> 500 umol/s"
"16:03:04 Flow: Fixed -> 500 umol/s"
16	"16:03:24"	341.5	0	4.26	0.0507	249	0.918	1.27	15.96	6	1.42	1	2.84	13.34	15.96	11.95	400.63	395.09	6.740	7.832	30.78	35.76	499.9	1501	91	70.18	-3.21	0.293	1.0	-0.22	2.74	1.00	0.00	0.16	111115
17	"16:03:24"	341.5	0	4.26	0.0507	249	0.918	1.27	15.96	6	1.42	1	2.84	13.34	15.96	11.95	400.63	395.09	6.740	7.832	30.78	35.76	499.9	1501	91	70.18	-3.21	0.293	1.0	-0.22	2.74	1.00	0.00	0.16	111115
18	"16:03:25"	342.0	0	4.2	0.0507	251	0.917	1.27	15.96	6	1.42	1	2.84	13.34	15.96	11.95	400.51	395.04	6.739	7.831	30.77	35.76	500.0	1501	91	70.18	-3.21	0.293	1.0	-0.22	2.74	1.00	0.00	0.16	111115
19	"16:03:25"	342.5	0	4.15	0.0506	252	0.916	1.27	15.96	6	1.42	1	2.84	13.34	15.96	11.95	400.37	394.96	6.738	7.828	30.77	35.75	500.0	1501	91	70.18	-3.21	0.293	1.0	-0.22	2.74	1.00	0.00	0.16	111115
20	"16:03:26"	343.0	0	4.09	0.0506	254	0.915	1.27	15.96	6	1.42	1	2.84	13.34	15.96	11.95	400.23	394.89	6.738	7.827	30.77	35.74	500.0	1501	91	70.18	-3.21	0.293	1.0	-0.22	2.74	1.00	0.00	0.16	111115
21	"16:03:26"	343.5	0	4	0.0505	257	0.913	1.27	15.96	6	1.42	1	2.84	13.34	15.96	11.95	400.06	394.83	6.737	7.825	30.77	35.73	500.0	1500	91	70.18	-3.21	0.293	1.0	-0.22	2.74	1.00	0.00	0.16	111115
22	"16:03:27"	344.0	0	3.93	0.0505	259	0.913	1.27	15.96	6	1.42	1	2.84	13.34	15.96	11.95	399.87	394.72	6.736	7.823	30.76	35.73	500.0	1501	91	70.18	-3.21	0.293	1.0	-0.22	2.74	1.00	0.00	0.16	111115
23	"16:03:27"	344.5	0	3.88	0.0504	260	0.912	1.27	15.96	6	1.42	1	2.84	13.34	15.96	11.95	399.71	394.62	6.735	7.821	30.76	35.72	500.0	1501	91	70.18	-3.21	0.293	0.7	-0.22	2.74	1.00	0.00	0.16	111115
24	"16:03:28"	345.0	0	3.78	0.0503	263	0.911	1.27	15.96	6	1.42	1	2.84	13.34	15.96	11.95	399.51	394.55	6.734	7.819	30.76	35.71	500.0	1501	91	70.18	-3.21	0.293	0.7	-0.22	2.74	1.00	0.00	0.16	111115
25	"16:03:28"	345.5	0	3.74	0.0503	264	0.91	1.27	15.96	6	1.42	1	2.84	13.34	15.96	11.95	399.41	394.48	6.733	7.817	30.75	35.70	500.0	1501	91	70.18	-3.21	0.293	0.7	-0.22	2.74	1.00	0.00	0.16	111115
26	"16:03:29"	346.0	0	3.79	0.0503	262	0.911	1.27	15.97	6	1.42	1	2.84	13.34	15.97	11.95	399.39	394.40	6.731	7.816	30.74	35.70	499.9	1501	91	70.18	-3.21	0.293	0.7	-0.22	2.74	1.00	0.00	0.16	111115
27	"16:03:30"	346.5	0	3.81	0.0503	262	0.912	1.27	15.97	6	1.42	1	2.84	13.34	15.97	11.95	399.39	394.39	6.729	7.815	30.73	35.69	499.9	1501	91	70.18	-3.21	0.293	0.7	-0.22	2.74	1.00	0.00	0.16	111115
28	"16:03:30"	347.0	0	3.87	0.0503	260	0.911	1.27	15.97	6	1.42	1	2.84	13.34	15.97	11.95	399.47	394.40	6.729	7.814	30.73	35.69	499.9	1501	91	70.18	-3.21	0.293	0.7	-0.22	2.74	1.00	0.00	0.16	111115
29	"16:03:31"	347.5	0	3.97	0.0502	257	0.91	1.27	15.97	6	1.42	1	2.84	13.34	15.97	11.95	399.60	394.41	6.728	7.812	30.73	35.68	499.9	1501	91	70.18	-3.21	0.293	0.7	-0.22	2.74	1.00	0.00	0.16	111115
30	"16:03:31"	348.0	0	4.05	0.0502	254	0.91	1.27	15.97	6	1.42	1	2.84	13.34	15.97	11.95	399.74	394.45	6.727	7.811	30.73	35.68	499.9	1501	91	70.18	-3.21	0.293	0.7	-0.22	2.74	1.00	0.00	0.16	111115
"16:03:44 Coolers: Tblock -> 17.00 C"
"16:06:15 Flow: Fixed -> 500 umol/s"
31	"16:07:19"	577.0	0	3.51	0.035	224	0.705	1.4	18.27	6	1.42	1	2.84	17.30	18.27	17.03	401.27	396.73	9.194	10.031	32.56	35.52	500.0	1499	94	70.18	-3.52	0.284	0.7	-0.22	2.74	1.00	0.00	0.16	111115
32	"16:07:20"	577.0	0	3.51	0.035	224	0.705	1.4	18.27	6	1.42	1	2.84	17.30	18.27	17.03	401.27	396.73	9.194	10.031	32.56	35.52	500.0	1499	94	70.18	-3.52	0.284	0.7	-0.22	2.74	1.00	0.00	0.16	111115
33	"16:07:20"	577.5	0	3.46	0.0349	226	0.704	1.4	18.28	6	1.42	1	2.84	17.30	18.28	17.03	401.21	396.72	9.194	10.030	32.55	35.52	500.0	1499	94	70.18	-3.52	0.284	0.7	-0.22	2.74	1.00	0.00	0.16	111115
34	"16:07:21"	578.0	0	3.44	0.0349	227	0.704	1.4	18.28	6	1.42	1	2.84	17.30	18.28	17.03	401.16	396.70	9.193	10.030	32.55	35.51	500.0	1499	94	70.18	-3.52	0.284	0.7	-0.22	2.74	1.00	0.00	0.16	111115
35	"16:07:21"	578.5	0	3.44	0.0349	227	0.703	1.4	18.28	6	1.42	1	2.84	17.30	18.28	17.03	401.15	396.69	9.194	10.030	32.55	35.51	499.9	1499	94	70.18	-3.52	0.284	0.7	-0.22	2.74	1.00	0.00	0.16	111115
36	"16:07:22"	579.0	0	3.44	0.0348	227	0.702	1.41	18.29	6	1.42	1	2.84	17.30	18.29	17.03	401.15	396.70	9.194	10.029	32.55	35.51	499.9	1499	94	70.18	-3.52	0.284	1.0	-0.22	2.74	1.00	0.00	0.16	111115
37	"16:07:22"	579.5	0	3.44	0.0347	226	0.7	1.41	18.29	6	1.42	1	2.84	17.30	18.29	17.03	401.19	396.73	9.197	10.029	32.56	35.51	499.9	1499	94	70.18	-3.52	0.284	1.0	-0.22	2.74	1.00	0.00	0.16	111115
38	"16:07:23"	580.0	0	3.42	0.0347	227	0.7	1.41	18.29	6	1.42	1	2.84	17.30	18.29	17.03	401.24	396.80	9.198	10.030	32.56	35.51	499.9	1499	94	70.18	-3.52	0.284	1.0	-0.22	2.74	1.00	0.00	0.16	111115
39	"16:07:23"	580.5	0	3.49	0.0347	224	0.701	1.41	18.29	6	1.42	1	2.84	17.31	18.29	17.03	401.34	396.81	9.199	10.031	32.56	35.51	499.9	1499	94	70.18	-3.52	0.284	1.0	-0.22	2.74	1.00	0.00	0.16	111115
40	"16:07:24"	581.0	0	3.54	0.0347	222	0.701	1.41	18.29	6	1.42	1	2.84	17.31	18.29	17.03	401.40	396.82	9.199	10.031	32.56	35.51	499.9	1499	94	70.18	-3.52	0.284	1.0	-0.22	2.74	1.00	0.00	0.16	111115
41	"16:07:25"	581.5	0	3.57	0.0347	221	0.701	1.4	18.29	6	1.42	1	2.84	17.31	18.29	17.03	401.47	396.85	9.199	10.032	32.56	35.51	499.9	1499	95	70.18	-3.52	0.284	1.0	-0.22	2.74	1.00	0.00	0.16	111115
42	"16:07:25"	582.0	0	3.56	0.0347	221	0.699	1.4	18.29	6	1.42	1	2.84	17.31	18.29	17.03	401.48	396.87	9.200	10.031	32.56	35.50	499.9	1499	95	70.18	-3.52	0.284	1.0	-0.22	2.74	1.00	0.00	0.16	111115
43	"16:07:26"	583.0	0	3.56	0.0347	221	0.699	1.4	18.28	6	1.42	1	2.84	17.31	18.28	17.03	401.47	396.87	9.202	10.032	32.56	35.50	500.0	1499	95	70.18	-3.52	0.284	1.0	-0.22	2.74	1.00	0.00	0.16	111115
44	"16:07:26"	583.5	0	3.54	0.0347	222	0.7	1.4	18.29	6	1.42	1	2.84	17.31	18.29	17.03	401.43	396.85	9.202	10.033	32.56	35.50	500.0	1499	95	70.18	-3.52	0.284	1.0	-0.22	2.74	1.00	0.00	0.16	111115
45	"16:07:27"	584.0	0	3.54	0.0346	222	0.699	1.41	18.29	6	1.42	1	2.84	17.31	18.29	17.03	401.36	396.78	9.202	10.032	32.56	35.50	499.9	1499	95	70.18	-3.52	0.284	1.0	-0.22	2.74	1.00	0.00	0.16	111115
"16:07:42 Coolers: Tblock -> 22.00 C"
"16:10:28 Flow: Fixed -> 500 umol/s"
46	"16:10:57"	794.0	0	3.2	0.0317	220	0.733	1.6	21.00	6	1.42	1	2.84	21.58	21.00	22.12	399.39	395.20	11.874	12.742	32.22	34.58	499.9	1501	210	70.17	-3.77	0.253	0.7	-0.22	2.74	1.00	0.00	0.16	111115
47	"16:10:57"	794.0	0	3.2	0.0317	220	0.733	1.6	21.00	6	1.42	1	2.84	21.58	21.00	22.12	399.39	395.20	11.874	12.742	32.22	34.58	499.9	1501	210	70.17	-3.77	0.253	0.7	-0.22	2.74	1.00	0.00	0.16	111115
48	"16:10:57"	794.5	0	3.25	0.0318	218	0.736	1.6	21.00	6	1.42	1	2.84	21.58	21.00	22.12	399.41	395.15	11.868	12.740	32.20	34.57	499.9	1501	217	70.17	-3.77	0.253	0.7	-0.22	2.74	1.00	0.00	0.16	111115
49	"16:10:58"	795.0	0	3.28	0.0319	218	0.738	1.6	21.00	6	1.42	1	2.84	21.58	21.00	22.11	399.42	395.14	11.864	12.738	32.19	34.56	499.9	1501	225	70.17	-3.77	0.253	0.7	-0.22	2.74	1.00	0.00	0.16	111115
50	"16:10:59"	795.5	0	3.26	0.0319	219	0.739	1.6	21.00	6	1.42	1	2.84	21.58	21.00	22.12	399.40	395.14	11.859	12.735	32.17	34.55	499.9	1501	234	70.17	-3.77	0.253	0.7	-0.22	2.74	1.00	0.00	0.16	111115
51	"16:10:59"	796.0	0	3.24	0.0319	220	0.739	1.6	21.00	6	1.42	1	2.84	21.58	21.00	22.12	399.39	395.15	11.855	12.730	32.16	34.53	499.9	1501	243	70.17	-3.77	0.253	0.7	-0.22	2.74	1.00	0.00	0.16	111115
52	"16:11:00"	796.5	0	3.2	0.0319	222	0.74	1.6	21.00	6	1.42	1	2.84	21.58	21.00	22.12	399.35	395.16	11.851	12.727	32.14	34.52	500.0	1501	252	70.17	-3.77	0.253	0.7	-0.22	2.74	1.00	0.00	0.16	111115
53	"16:11:00"	797.0	0	3.2	0.032	222	0.742	1.6	21.00	6	1.42	1	2.84	21.59	21.00	22.12	399.34	395.15	11.847	12.726	32.13	34.51	499.9	1501	259	70.17	-3.77	0.253	0.7	-0.22	2.74	1.00	0.00	0.16	111115
54	"16:11:01"	797.5	0	3.15	0.0321	225	0.743	1.6	21.00	6	1.42	1	2.84	21.59	21.00	22.12	399.29	395.16	11.843	12.724	32.11	34.50	499.8	1501	265	70.16	-3.77	0.253	0.7	-0.22	2.74	1.00	0.00	0.16	111115
55	"16:11:01"	798.0	0	3.04	0.0321	230	0.744	1.6	21.01	6	1.42	1	2.84	21.59	21.01	22.12	399.22	395.22	11.839	12.721	32.10	34.49	499.8	1501	268	70.17	-3.77	0.253	0.7	-0.22	2.74	1.00	0.00	0.16	111115
56	"16:11:02"	798.5	0	2.85	0.0321	240	0.743	1.61	21.01	6	1.42	1	2.84	21.59	21.01	22.12	399.13	395.35	11.837	12.717	32.09	34.48	499.8	1501	268	70.17	-3.77	0.253	0.7	-0.22	2.74	1.00	0.00	0.16	111115
57	"16:11:02"	799.0	0	2.73	0.0321	246	0.744	1.61	21.02	6	1.42	1	2.84	21.59	21.02	22.12	399.17	395.54	11.832	12.714	32.08	34.47	499.9	1501	267	70.17	-3.77	0.253	0.7	-0.22	2.74	1.00	0.00	0.16	111115
58	"16:11:03"	799.5	0	2.81	0.0322	243	0.746	1.61	21.02	6	1.42	1	2.84	21.59	21.02	22.12	399.49	395.76	11.829	12.714	32.06	34.46	499.9	1501	264	70.16	-3.77	0.253	0.7	-0.22	2.74	1.00	0.00	0.16	111115
59	"16:11:03"	800.0	0	3.07	0.0322	231	0.748	1.61	21.02	6	1.42	1	2.84	21.60	21.02	22.12	400.08	396.04	11.827	12.713	32.05	34.46	499.8	1501	260	70.16	-3.77	0.253	0.7	-0.22	2.74	1.00	0.00	0.16	111115
60	"16:11:05"	802.0	0	4.19	0.032	175	0.744	1.61	21.04	6	1.42	1	2.84	21.60	21.04	22.12	402.47	397.09	11.827	12.709	32.04	34.43	499.9	1501	236	70.17	-3.77	0.253	0.7	-0.22	2.74	1.00	0.00	0.16	111115
"16:11:22 Coolers: Tblock -> 27.00 C"
"16:13:38 Flow: Fixed -> 500 umol/s"
61	"16:14:39"	1017.5	0	3.01	0.0363	246	1.02	1.93	24.44	6	1.42	1	2.84	26.02	24.44	26.99	398.39	394.30	15.116	16.317	31.41	33.90	500.0	1499	108	70.18	-3.81	0.211	0.7	-0.22	2.74	1.00	0.00	0.16	111115
62	"16:14:40"	1017.5	0	3.01	0.0363	246	1.02	1.93	24.44	6	1.42	1	2.84	26.02	24.44	26.99	398.39	394.30	15.116	16.317	31.41	33.90	500.0	1499	108	70.18	-3.81	0.211	0.7	-0.22	2.74	1.00	0.00	0.16	111115
63	"16:14:40"	1018.0	0	2.95	0.0363	248	1.02	1.93	24.45	6	1.42	1	2.84	26.02	24.45	26.99	398.22	394.20	15.115	16.317	31.40	33.90	500.0	1499	108	70.18	-3.81	0.211	0.7	-0.22	2.74	1.00	0.00	0.16	111115
64	"16:14:41"	1018.5	0	2.92	0.0364	250	1.02	1.93	24.45	6	1.42	1	2.84	26.02	24.45	26.99	398.13	394.14	15.114	16.319	31.39	33.90	500.0	1499	108	70.18	-3.81	0.211	0.7	-0.22	2.74	1.00	0.00	0.16	111115
65	"16:14:41"	1019.0	0	2.93	0.0365	250	1.02	1.93	24.45	6	1.42	1	2.84	26.02	24.45	26.99	398.04	394.04	15.113	16.320	31.39	33.90	499.9	1499	108	70.18	-3.81	0.211	0.7	-0.22	2.74	1.00	0.00	0.16	111115
66	"16:14:42"	1019.5	0	2.96	0.0365	248	1.02	1.93	24.46	6	1.42	1	2.84	26.03	24.46	26.99	398.03	393.99	15.113	16.322	31.38	33.89	499.9	1499	108	70.18	-3.81	0.211	0.7	-0.22	2.74	1.00	0.00	0.16	111115
67	"16:14:42"	1020.0	0	3.07	0.0365	244	1.02	1.93	24.46	6	1.42	1	2.84	26.03	24.46	26.99	398.13	393.96	15.112	16.322	31.38	33.89	499.9	1499	108	70.18	-3.81	0.211	0.7	-0.22	2.74	1.00	0.00	0.16	111115
68	"16:14:43"	1020.5	0	3.21	0.0365	238	1.03	1.93	24.47	6	1.42	1	2.84	26.03	24.47	26.99	398.25	393.91	15.112	16.323	31.38	33.89	499.8	1499	108	70.17	-3.81	0.211	0.7	-0.22	2.74	1.00	0.00	0.16	111115
69	"16:14:43"	1021.0	0	3.31	0.0366	233	1.03	1.93	24.47	6	1.42	1	2.84	26.03	24.47	26.99	398.39	393.93	15.112	16.324	31.37	33.89	499.9	1499	108	70.17	-3.81	0.211	0.7	-0.22	2.74	1.00	0.00	0.16	111115
70	"16:14:44"	1021.5	0	3.4	0.0366	230	1.03	1.94	24.47	6	1.42	1	2.84	26.03	24.47	26.99	398.55	393.98	15.111	16.326	31.37	33.89	499.9	1499	108	70.17	-3.81	0.211	0.7	-0.22	2.74	1.00	0.00	0.16	111115
71	"16:14:44"	1022.0	0	3.51	0.0367	225	1.03	1.94	24.48	6	1.42	1	2.84	26.03	24.48	26.99	398.73	394.03	15.112	16.328	31.37	33.89	499.8	1499	108	70.17	-3.81	0.211	0.7	-0.22	2.74	1.00	0.00	0.16	111115
72	"16:14:45"	1022.5	0	3.62	0.0367	220	1.03	1.94	24.48	6	1.42	1	2.84	26.03	24.48	26.99	398.85	394.02	15.112	16.328	31.36	33.89	499.8	1499	108	70.17	-3.81	0.211	0.7	-0.22	2.74	1.00	0.00	0.16	111115
73	"16:14:45"	1023.0	0	3.74	0.0366	215	1.03	1.94	24.49	6	1.42	1	2.84	26.04	24.49	26.99	399.08	394.10	15.112	16.329	31.36	33.89	499.9	1499	108	70.18	-3.81	0.211	0.7	-0.22	2.74	1.00	0.00	0.16	111115
74	"16:14:46"	1023.5	0	3.84	0.0366	211	1.03	1.94	24.49	6	1.42	1	2.84	26.04	24.49	26.99	399.24	394.14	15.111	16.327	31.36	33.88	499.8	1499	108	70.18	-3.81	0.211	0.7	-0.22	2.74	1.00	0.00	0.16	111115
75	"16:14:46"	1024.0	0	3.89	0.0366	209	1.03	1.94	24.50	6	1.42	1	2.84	26.04	24.50	26.99	399.34	394.18	15.112	16.329	31.35	33.88	499.9	1499	108	70.18	-3.81	0.211	0.7	-0.22	2.74	1.00	0.00	0.16	111115
