"OPEN 6.2.4"
"Thr Jun 25 2015 16:46:29"
<open><version>"6.2.4"</version></open>
<open><configfile>"/User/Configs/UserPrefs/2x3 LED.xml"</configfile></open>
<open><light><source>"6400-02 or -02B LED Source"</source><par_in>1<sensor>"SI-3781"<cal>-0.93<actinity>1.00</actinity><transm>1.00</transm></cal></sensor><transm>1</transm></par_in><par_out>1<sensor>"Q49599"<cal>7.26</cal></sensor></par_out></light></open>
<open><comps><file>"/User/Configs/Comps/StdComps_6.2"<header>""</header><extras></extras></file><energybal>no<f_parIn>1</f_parIn><f_parOut>0</f_parOut><alphaK>0.16</alphaK></energybal><bc_total>2.840<stomatal_ratio>1</stomatal_ratio><bc_oneside>1.420<type>2</type><table>"/Sys/Lib/StdBLCTable"</table><area>6</area><slope>-0.219565</slope><offset>2.73739</offset><fan>5</fan></bc_oneside></bc_total></comps></open>
<open><prompts><onlog>off</onlog><items>"Default (none)"</items></prompts></open>
<open><constants><oxygen>21 %</oxygen><bb_vapor>1.5</bb_vapor><bb_oxy>0.9</bb_oxy></constants></open>
<open><stability><items>"Std Stability"<items[1]><id>-2</id><size>15</size><pcv><onoff>0</onoff><value>1</value></pcv><std><onoff>0</onoff><value>1</value></std><slp><onoff>1</onoff><value>1</value></slp></items[1]><items[2]><id>-5</id><size>15</size><pcv><onoff>0</onoff><value>1</value></pcv><std><onoff>0</onoff><value>1</value></std><slp><onoff>1</onoff><value>1</value></slp></items[2]><items[3]><id>-7</id><size>15</size><pcv><onoff>0</onoff><value>1</value></pcv><std><onoff>0</onoff><value>1</value></std><slp><onoff>1</onoff><value>1</value></slp></items[3]></items></stability></open>
<open><log><format>"StdLogFmt_6.0"<items>{ -35 -21 -36 -76 30 23 36 21 25 221 -33 111 -34 11 -9 -10 -8 -1 -2 -4 -5 -14 -15 -7 -12 -13 -11 -65 -66 -72 -18 -19 -77 -78 -79 -23  }<hdr>{  }</hdr></items></format><options><beep>on</beep><hdr>normal</hdr><rem>normal</rem><stab>no</stab><stats>no<mean>no</mean><file>no</file><period>15</period></stats><excel>yes</excel><controls>yes</controls><comm>no</comm></options><datafile>"/User/stm-rvaoc2"</datafile><button><action>"Normal Log"<code>" LogOneObsManual "</code></action></button><autoprog>"/User/Configs/AutoProgs/AutoLog2"<active>no</active></autoprog></log></open>
<open><a2d><avgtime>4.0 secs</avgtime><userchans><ch20>"Off"</ch20><ch21>"Off"</ch21><ch22>"Off"</ch22><ch23>"Off"</ch23></userchans></a2d></open>
<open><matching><type>0</type><disp>'a'</disp><settings><CO2Limit>10.0</CO2Limit><H2OLimit>1.0</H2OLimit><MaxAutoTime>60</MaxAutoTime></settings></matching></open>
<li6400><factory><unit>"PSC-3840"</unit><serviced>"1 Jul 2013"</serviced><fuseaware>0</fuseaware><co2mixer>yes</co2mixer><co2><coeffs>{ 0 0.213319 2.22998e-05 2.13159e-08 -3.88664e-12 3.69888e-16  }</coeffs><dvdt>-4.7</dvdt><xs>{ 0.0009 -0.0002  }</xs></co2><h2o><coeffs>{ 0 0.00572751 2.23485e-06 -7.37877e-12  }</coeffs><dvdt>-1.7</dvdt><xs>{ 0.0009 -0.0028  }</xs></h2o><flow>{ 0 0.3568  }</flow><press>{ 88.437 0.00551  }</press></factory></li6400>
<li6400><user><flow_zero>-468.8</flow_zero><irga_zero><co2>429.7 390.6<at>17.6901</at></co2><h2o>78.1 156.2<at>17.1607</at></h2o></irga_zero><irga_span><co2>{ 0.99237 0.992833  }</co2><h2o>{ 1.00426 0.996799  }</h2o></irga_span><irga_match><co2>{ 0.368307 -0.0981357  }</co2><h2o>{ 0.00477181 -0.166218  }</h2o></irga_match><co2_mixer><pump_mv>4500</pump_mv><ppm>{ 2287.2 1080.71 423.89 257.488 117.195 68.0056 44.5242 37.9628  }</ppm><mv>{ 5000 3000 1500 1000 500 300 200 100  }</mv></co2_mixer><parin_offset>0</parin_offset><led_cal><unit>"SI-3781"</unit><mv>{ 10 25 50 100 1000 2000 3000 4000 5000  }</mv><qntm>{ 4.69642 15.4417 35.4805 82.2863 972.665 1922.29 2824.32 3690.14 4518.2  }</qntm></led_cal><lcf_cal><unit>"unknown"</unit><red><mv>{ 50 100 500 1000 1500 5000  }</mv><qntm>{ 50 100 500 1000 2000 5000  }</qntm></red><blue><mv>{ 100 200 500 1000 2000 5000  }</mv><qntm>{ 10 20 50 100 200 500  }</qntm></blue></lcf_cal></user></li6400>
"16:46:30 "
$STARTOFDATA$
"Obs"	"HHMMSS"	"FTime"	"EBal?"	"Photo"	"Cond"	"Ci"	"Trmmol"	"VpdL"	"CTleaf"	"Area"	"BLC_1"	"StmRat"	"BLCond"	"Tair"	"Tleaf"	"TBlk"	"CO2R"	"CO2S"	"H2OR"	"H2OS"	"RH_R"	"RH_S"	"Flow"	"PARi"	"PARo"	"Press"	"CsMch"	"HsMch"	"StableF"	"BLCslope"	"BLCoffst"	"f_parin"	"f_parout"	"alphaK"	"Status"
"16:46:37 CO2 Mixer: CO2R -> 400 uml"
"16:46:44 Coolers: Tblock -> 0.00 C"
"16:46:52 Lamp: ParIn ->  1500 uml"
"16:55:06 Coolers: Tblock -> 6.56 C"
"16:55:36 Flow: Fixed -> 500 umol/s"
"16:57:20 Flow: Fixed -> 500 umol/s"
1	"16:58:39"	756.5	0	16.5	0.243	252	3.63	1.17	13.63	6	1.42	1	2.84	9.44	13.63	6.87	398.30	376.82	1.044	5.381	6.44	33.18	499.9	1498	286	73.2	-0.522	0.289	1.0	-0.22	2.74	1.00	0.00	0.16	111115
2	"16:58:39"	756.5	0	16.5	0.243	252	3.63	1.17	13.63	6	1.42	1	2.84	9.44	13.63	6.87	398.30	376.82	1.044	5.381	6.44	33.18	499.9	1498	286	73.2	-0.522	0.289	1.0	-0.22	2.74	1.00	0.00	0.16	111115
3	"16:58:40"	757.0	0	16.6	0.243	252	3.63	1.17	13.63	6	1.42	1	2.84	9.44	13.63	6.87	398.34	376.82	1.044	5.382	6.43	33.18	499.9	1499	286	73.19	-0.522	0.289	1.0	-0.22	2.74	1.00	0.00	0.16	111115
4	"16:58:40"	757.5	0	16.6	0.243	252	3.63	1.17	13.62	6	1.42	1	2.84	9.44	13.62	6.87	398.36	376.80	1.043	5.381	6.43	33.17	499.9	1499	286	73.19	-0.522	0.289	1.0	-0.22	2.74	1.00	0.00	0.16	111115
5	"16:58:41"	758.0	0	16.6	0.243	251	3.63	1.17	13.61	6	1.42	1	2.84	9.45	13.61	6.87	398.40	376.79	1.042	5.381	6.43	33.17	499.9	1499	285	73.19	-0.522	0.289	1.0	-0.22	2.74	1.00	0.00	0.16	111115
6	"16:58:41"	758.5	0	16.6	0.243	252	3.63	1.17	13.61	6	1.42	1	2.84	9.45	13.61	6.87	398.38	376.86	1.042	5.381	6.42	33.17	499.9	1499	286	73.19	-0.522	0.289	1.0	-0.22	2.74	1.00	0.00	0.16	111115
7	"16:58:42"	759.0	0	16.6	0.244	252	3.64	1.17	13.61	6	1.42	1	2.84	9.45	13.61	6.88	398.41	376.83	1.041	5.382	6.42	33.17	499.9	1500	287	73.19	-0.522	0.289	1.0	-0.22	2.74	1.00	0.00	0.16	111115
8	"16:58:42"	759.5	0	16.7	0.243	251	3.63	1.17	13.61	6	1.42	1	2.84	9.45	13.61	6.88	398.43	376.80	1.042	5.381	6.42	33.16	499.9	1500	289	73.19	-0.522	0.289	1.0	-0.22	2.74	1.00	0.00	0.16	111115
9	"16:58:43"	760.0	0	16.5	0.243	252	3.64	1.17	13.61	6	1.42	1	2.84	9.45	13.61	6.88	398.38	376.89	1.041	5.381	6.41	33.16	499.9	1500	291	73.19	-0.522	0.289	1.0	-0.22	2.74	1.00	0.00	0.16	111115
10	"16:58:43"	760.5	0	16.6	0.243	252	3.64	1.17	13.62	6	1.42	1	2.84	9.45	13.62	6.88	398.41	376.89	1.040	5.381	6.41	33.16	499.9	1501	292	73.19	-0.522	0.289	1.0	-0.22	2.74	1.00	0.00	0.16	111115
11	"16:58:44"	761.0	0	16.6	0.243	252	3.64	1.17	13.62	6	1.42	1	2.84	9.45	13.62	6.88	398.45	376.89	1.040	5.380	6.41	33.15	499.9	1501	292	73.19	-0.522	0.289	1.0	-0.22	2.74	1.00	0.00	0.16	111115
12	"16:58:44"	761.5	0	16.4	0.243	253	3.64	1.17	13.62	6	1.42	1	2.84	9.45	13.62	6.88	398.36	376.99	1.039	5.380	6.41	33.15	499.9	1501	293	73.19	-0.522	0.289	1.0	-0.22	2.74	1.00	0.00	0.16	111115
13	"16:58:45"	762.0	0	16.4	0.243	253	3.64	1.17	13.64	6	1.42	1	2.84	9.45	13.64	6.88	398.37	377.00	1.038	5.381	6.40	33.15	499.9	1501	293	73.19	-0.522	0.289	1.0	-0.22	2.74	1.00	0.00	0.16	111115
14	"16:58:45"	762.5	0	16.6	0.243	252	3.64	1.17	13.64	6	1.42	1	2.84	9.45	13.64	6.88	398.46	376.92	1.037	5.379	6.39	33.14	500.0	1501	293	73.19	-0.522	0.289	1.0	-0.22	2.74	1.00	0.00	0.16	111115
15	"16:58:46"	763.0	0	16.6	0.243	252	3.64	1.17	13.64	6	1.42	1	2.84	9.45	13.64	6.88	398.49	376.95	1.037	5.379	6.39	33.14	500.0	1501	292	73.19	-0.522	0.289	1.0	-0.22	2.74	1.00	0.00	0.16	111115
"16:58:54 Coolers: Tblock -> 12.00 C"
"17:01:35 Flow: Fixed -> 500 umol/s"
"17:03:46 Flow: Fixed -> 500 umol/s"
16	"17:04:24"	1102.5	0	16.7	0.228	243	4.15	1.41	17.27	6	1.42	1	2.84	13.91	17.27	11.95	399.54	377.61	2.774	7.718	12.73	35.42	499.9	1500	292	73.19	-0.293	0.299	1.0	-0.22	2.74	1.00	0.00	0.16	111115
17	"17:04:24"	1102.5	0	16.7	0.228	243	4.15	1.41	17.27	6	1.42	1	2.84	13.91	17.27	11.95	399.54	377.61	2.774	7.718	12.73	35.42	499.9	1500	292	73.19	-0.293	0.299	1.0	-0.22	2.74	1.00	0.00	0.16	111115
18	"17:04:25"	1102.5	0	16.7	0.228	243	4.15	1.41	17.27	6	1.42	1	2.84	13.91	17.27	11.95	399.54	377.61	2.774	7.718	12.73	35.42	499.9	1500	292	73.19	-0.293	0.299	1.0	-0.22	2.74	1.00	0.00	0.16	111115
19	"17:04:25"	1103.0	0	16.7	0.229	243	4.15	1.41	17.26	6	1.42	1	2.84	13.91	17.26	11.95	399.51	377.58	2.774	7.720	12.73	35.43	499.9	1500	292	73.19	-0.293	0.299	1.0	-0.22	2.74	1.00	0.00	0.16	111115
20	"17:04:26"	1103.5	0	16.7	0.229	243	4.15	1.41	17.26	6	1.42	1	2.84	13.91	17.26	11.95	399.45	377.58	2.773	7.720	12.72	35.42	499.9	1500	292	73.19	-0.293	0.299	1.0	-0.22	2.74	1.00	0.00	0.16	111115
21	"17:04:26"	1104.0	0	16.6	0.229	243	4.15	1.41	17.26	6	1.42	1	2.84	13.91	17.26	11.95	399.41	377.56	2.773	7.720	12.72	35.42	499.9	1500	293	73.19	-0.293	0.299	1.0	-0.22	2.74	1.00	0.00	0.16	111115
22	"17:04:27"	1104.5	0	16.6	0.229	243	4.15	1.41	17.27	6	1.42	1	2.84	13.91	17.27	11.95	399.39	377.53	2.772	7.720	12.72	35.42	499.9	1500	295	73.19	-0.293	0.299	1.0	-0.22	2.74	1.00	0.00	0.16	111115
23	"17:04:27"	1105.0	0	16.7	0.229	243	4.16	1.41	17.27	6	1.42	1	2.84	13.91	17.27	11.95	399.40	377.53	2.771	7.721	12.71	35.42	499.9	1500	296	73.19	-0.293	0.299	1.0	-0.22	2.74	1.00	0.00	0.16	111115
24	"17:04:28"	1105.5	0	16.6	0.229	243	4.16	1.41	17.27	6	1.42	1	2.84	13.91	17.27	11.95	399.38	377.52	2.771	7.720	12.71	35.41	499.9	1500	296	73.19	-0.293	0.299	1.0	-0.22	2.74	1.00	0.00	0.16	111115
25	"17:04:28"	1106.0	0	16.6	0.229	244	4.16	1.41	17.27	6	1.42	1	2.84	13.92	17.27	11.95	399.35	377.53	2.771	7.720	12.71	35.41	500.0	1500	297	73.19	-0.293	0.299	1.0	-0.22	2.74	1.00	0.00	0.16	111115
26	"17:04:29"	1106.5	0	16.6	0.228	244	4.16	1.41	17.27	6	1.42	1	2.84	13.92	17.27	11.95	399.33	377.52	2.771	7.720	12.71	35.41	500.0	1500	299	73.19	-0.293	0.299	1.0	-0.22	2.74	1.00	0.00	0.16	111115
27	"17:04:29"	1107.0	0	16.6	0.228	243	4.16	1.41	17.28	6	1.42	1	2.84	13.92	17.28	11.95	399.37	377.52	2.770	7.719	12.71	35.41	499.9	1500	302	73.19	-0.293	0.299	1.0	-0.22	2.74	1.00	0.00	0.16	111115
28	"17:04:30"	1107.5	0	16.7	0.228	243	4.16	1.41	17.28	6	1.42	1	2.84	13.92	17.28	11.95	399.40	377.51	2.770	7.719	12.71	35.41	499.9	1500	305	73.19	-0.293	0.299	1.0	-0.22	2.74	1.00	0.00	0.16	111115
29	"17:04:30"	1108.0	0	16.7	0.228	243	4.16	1.41	17.28	6	1.42	1	2.84	13.92	17.28	11.95	399.42	377.49	2.769	7.720	12.70	35.41	499.9	1500	306	73.19	-0.293	0.299	1.0	-0.22	2.74	1.00	0.00	0.16	111115
30	"17:04:31"	1108.5	0	16.7	0.229	243	4.16	1.41	17.27	6	1.42	1	2.84	13.92	17.27	11.95	399.45	377.47	2.770	7.720	12.70	35.41	499.9	1500	306	73.19	-0.293	0.299	1.0	-0.22	2.74	1.00	0.00	0.16	111115
"17:04:37 Coolers: Tblock -> 17.00 C"
"17:07:40 Flow: Fixed -> 500 umol/s"
31	"17:08:58"	1376.0	0	16.5	0.208	232	4.58	1.69	20.59	6	1.42	1	2.84	18.25	20.59	17.02	399.38	377.55	4.678	10.122	16.27	35.20	499.8	1501	321	73.18	-0.312	0.291	1.0	-0.22	2.74	1.00	0.00	0.16	111115
32	"17:08:58"	1376.0	0	16.5	0.208	232	4.58	1.69	20.59	6	1.42	1	2.84	18.25	20.59	17.02	399.38	377.55	4.678	10.122	16.27	35.20	499.8	1501	321	73.18	-0.312	0.291	1.0	-0.22	2.74	1.00	0.00	0.16	111115
33	"17:08:59"	1376.5	0	16.5	0.208	231	4.58	1.69	20.60	6	1.42	1	2.84	18.25	20.60	17.02	399.36	377.53	4.677	10.123	16.26	35.20	499.8	1501	321	73.18	-0.312	0.291	1.0	-0.22	2.74	1.00	0.00	0.16	111115
34	"17:08:59"	1377.0	0	16.5	0.208	231	4.58	1.69	20.60	6	1.42	1	2.84	18.25	20.60	17.02	399.35	377.50	4.677	10.123	16.26	35.20	499.8	1501	321	73.18	-0.312	0.291	1.0	-0.22	2.74	1.00	0.00	0.16	111115
35	"17:09:00"	1377.5	0	16.5	0.208	231	4.58	1.69	20.60	6	1.42	1	2.84	18.26	20.60	17.02	399.33	377.48	4.677	10.122	16.26	35.20	499.8	1501	321	73.19	-0.312	0.291	1.0	-0.22	2.74	1.00	0.00	0.16	111115
36	"17:09:01"	1378.5	0	16.5	0.208	231	4.58	1.69	20.60	6	1.42	1	2.84	18.26	20.60	17.02	399.34	377.48	4.677	10.123	16.26	35.20	499.8	1501	321	73.19	-0.312	0.291	1.0	-0.22	2.74	1.00	0.00	0.16	111115
37	"17:09:01"	1378.5	0	16.5	0.208	231	4.58	1.69	20.60	6	1.42	1	2.84	18.26	20.60	17.02	399.34	377.48	4.677	10.123	16.26	35.20	499.8	1501	321	73.19	-0.312	0.291	1.0	-0.22	2.74	1.00	0.00	0.16	111115
38	"17:09:01"	1379.0	0	16.5	0.208	231	4.58	1.69	20.60	6	1.42	1	2.84	18.26	20.60	17.02	399.34	377.47	4.677	10.123	16.26	35.20	499.8	1501	319	73.19	-0.312	0.291	1.0	-0.22	2.74	1.00	0.00	0.16	111115
39	"17:09:02"	1379.5	0	16.5	0.208	231	4.58	1.69	20.60	6	1.42	1	2.84	18.26	20.60	17.02	399.33	377.46	4.677	10.123	16.26	35.19	499.8	1501	317	73.19	-0.312	0.291	1.0	-0.22	2.74	1.00	0.00	0.16	111115
40	"17:09:02"	1380.0	0	16.5	0.208	231	4.58	1.69	20.60	6	1.42	1	2.84	18.26	20.60	17.02	399.34	377.43	4.676	10.125	16.26	35.20	499.8	1501	317	73.19	-0.312	0.291	1.0	-0.22	2.74	1.00	0.00	0.16	111115
41	"17:09:03"	1380.5	0	16.5	0.208	231	4.59	1.69	20.60	6	1.42	1	2.84	18.26	20.60	17.02	399.36	377.44	4.676	10.125	16.25	35.20	499.8	1501	317	73.19	-0.312	0.291	1.0	-0.22	2.74	1.00	0.00	0.16	111115
42	"17:09:03"	1381.0	0	16.5	0.208	231	4.59	1.69	20.60	6	1.42	1	2.84	18.26	20.60	17.02	399.36	377.42	4.675	10.125	16.25	35.19	499.8	1501	317	73.19	-0.312	0.291	1.0	-0.22	2.74	1.00	0.00	0.16	111115
43	"17:09:04"	1381.5	0	16.5	0.208	231	4.59	1.69	20.60	6	1.42	1	2.84	18.26	20.60	17.02	399.35	377.41	4.675	10.125	16.25	35.19	499.8	1501	314	73.18	-0.312	0.291	1.0	-0.22	2.74	1.00	0.00	0.16	111115
44	"17:09:04"	1382.0	0	16.5	0.208	231	4.59	1.7	20.61	6	1.42	1	2.84	18.26	20.61	17.02	399.36	377.42	4.675	10.124	16.25	35.19	499.9	1501	311	73.18	-0.312	0.291	1.0	-0.22	2.74	1.00	0.00	0.16	111115
45	"17:09:05"	1382.5	0	16.5	0.208	231	4.59	1.7	20.61	6	1.42	1	2.84	18.26	20.61	17.02	399.34	377.42	4.675	10.123	16.25	35.19	499.9	1501	309	73.18	-0.312	0.291	1.0	-0.22	2.74	1.00	0.00	0.16	111115
46	"17:09:05"	1383.0	0	16.5	0.208	231	4.59	1.7	20.62	6	1.42	1	2.84	18.26	20.62	17.02	399.36	377.43	4.675	10.124	16.25	35.18	499.9	1501	309	73.18	-0.312	0.291	1.0	-0.22	2.74	1.00	0.00	0.16	111115
"17:09:20 Coolers: Tblock -> 22.00 C"
"17:11:35 Flow: Fixed -> 500 umol/s"
47	"17:12:21"	1579.5	0	16.2	0.193	224	4.72	1.86	23.26	6	1.42	1	2.84	22.43	23.26	22.10	400.77	379.12	8.160	13.745	21.92	36.92	499.8	1500	305	73.18	0.0342	0.262	1.0	-0.22	2.74	1.00	0.00	0.16	111115
48	"17:12:22"	1579.5	0	16.2	0.193	224	4.72	1.86	23.26	6	1.42	1	2.84	22.43	23.26	22.10	400.77	379.12	8.160	13.745	21.92	36.92	499.8	1500	305	73.18	0.0342	0.262	1.0	-0.22	2.74	1.00	0.00	0.16	111115
49	"17:12:22"	1580.0	0	16.2	0.193	224	4.72	1.86	23.27	6	1.42	1	2.84	22.43	23.27	22.10	400.79	379.15	8.160	13.744	21.92	36.92	499.9	1501	304	73.18	0.0342	0.262	1.0	-0.22	2.74	1.00	0.00	0.16	111115
50	"17:12:23"	1580.5	0	16.3	0.193	224	4.72	1.86	23.27	6	1.42	1	2.84	22.43	23.27	22.10	400.82	379.15	8.160	13.747	21.92	36.92	499.9	1501	304	73.18	0.0342	0.262	1.0	-0.22	2.74	1.00	0.00	0.16	111115
51	"17:12:23"	1581.0	0	16.3	0.193	223	4.72	1.86	23.27	6	1.42	1	2.84	22.43	23.27	22.10	400.90	379.14	8.159	13.751	21.91	36.93	499.9	1501	305	73.18	0.0342	0.262	1.0	-0.22	2.74	1.00	0.00	0.16	111115
52	"17:12:24"	1581.5	0	16.3	0.193	224	4.72	1.86	23.28	6	1.42	1	2.84	22.44	23.28	22.10	400.90	379.18	8.159	13.752	21.91	36.93	499.9	1500	307	73.18	0.0342	0.262	1.0	-0.22	2.74	1.00	0.00	0.16	111115
53	"17:12:24"	1582.0	0	16.3	0.193	224	4.72	1.86	23.28	6	1.42	1	2.84	22.44	23.28	22.10	400.90	379.20	8.159	13.751	21.91	36.93	499.9	1500	308	73.18	0.0342	0.262	1.0	-0.22	2.74	1.00	0.00	0.16	111115
54	"17:12:25"	1582.5	0	16.3	0.193	224	4.73	1.86	23.28	6	1.42	1	2.84	22.44	23.28	22.10	400.86	379.20	8.158	13.752	21.91	36.93	499.9	1500	308	73.18	0.0342	0.262	1.0	-0.22	2.74	1.00	0.00	0.16	111115
55	"17:12:25"	1583.0	0	16.3	0.193	224	4.73	1.86	23.28	6	1.42	1	2.84	22.44	23.28	22.10	400.86	379.16	8.158	13.756	21.90	36.93	499.9	1500	309	73.18	0.0342	0.262	1.0	-0.22	2.74	1.00	0.00	0.16	111115
56	"17:12:26"	1583.5	0	16.3	0.193	224	4.73	1.86	23.29	6	1.42	1	2.84	22.44	23.29	22.10	400.89	379.13	8.157	13.760	21.90	36.94	499.9	1500	309	73.18	0.0342	0.262	1.0	-0.22	2.74	1.00	0.00	0.16	111115
57	"17:12:26"	1584.0	0	16.3	0.193	224	4.73	1.86	23.29	6	1.42	1	2.84	22.44	23.29	22.10	400.86	379.14	8.158	13.758	21.90	36.93	499.9	1500	310	73.18	0.0342	0.262	1.0	-0.22	2.74	1.00	0.00	0.16	111115
58	"17:12:27"	1584.5	0	16.2	0.193	224	4.73	1.86	23.29	6	1.42	1	2.84	22.44	23.29	22.10	400.82	379.16	8.159	13.756	21.90	36.93	499.9	1500	311	73.18	0.0342	0.262	1.0	-0.22	2.74	1.00	0.00	0.16	111115
59	"17:12:27"	1585.0	0	16.2	0.193	224	4.73	1.86	23.30	6	1.42	1	2.84	22.44	23.30	22.10	400.81	379.18	8.159	13.756	21.90	36.92	499.9	1500	312	73.18	0.0342	0.262	1.0	-0.22	2.74	1.00	0.00	0.16	111115
60	"17:12:28"	1585.5	0	16.2	0.193	224	4.73	1.86	23.30	6	1.42	1	2.84	22.45	23.30	22.10	400.82	379.17	8.158	13.758	21.90	36.92	499.9	1500	313	73.18	0.0342	0.262	1.0	-0.22	2.74	1.00	0.00	0.16	111115
61	"17:12:28"	1586.0	0	16.2	0.193	224	4.73	1.86	23.30	6	1.42	1	2.84	22.45	23.30	22.10	400.81	379.20	8.160	13.758	21.90	36.92	500.0	1500	314	73.18	0.0342	0.262	1.0	-0.22	2.74	1.00	0.00	0.16	111115
"17:12:33 Coolers: Tblock -> 27.00 C"
"17:14:34 Flow: Fixed -> 500 umol/s"
62	"17:15:11"	1750.0	0	15.7	0.18	217	4.86	2.03	25.75	6	1.42	1	2.84	26.44	25.75	26.98	398.56	377.52	11.918	17.648	25.19	37.30	499.8	1501	178	73.18	-0.209	0.234	1.0	-0.22	2.74	1.00	0.00	0.16	111115
63	"17:15:12"	1750.0	0	15.7	0.18	217	4.86	2.03	25.75	6	1.42	1	2.84	26.44	25.75	26.98	398.56	377.52	11.918	17.648	25.19	37.30	499.8	1501	178	73.18	-0.209	0.234	1.0	-0.22	2.74	1.00	0.00	0.16	111115
64	"17:15:12"	1750.5	0	15.7	0.18	217	4.86	2.03	25.75	6	1.42	1	2.84	26.44	25.75	26.98	398.58	377.50	11.918	17.651	25.19	37.30	499.8	1501	176	73.18	-0.209	0.234	1.0	-0.22	2.74	1.00	0.00	0.16	111115
65	"17:15:13"	1751.0	0	15.7	0.18	217	4.86	2.03	25.75	6	1.42	1	2.84	26.44	25.75	26.98	398.58	377.49	11.918	17.653	25.18	37.31	499.8	1501	174	73.18	-0.209	0.234	1.0	-0.22	2.74	1.00	0.00	0.16	111115
66	"17:15:13"	1751.5	0	15.7	0.18	217	4.87	2.03	25.75	6	1.42	1	2.84	26.44	25.75	26.98	398.59	377.51	11.919	17.656	25.18	37.31	499.8	1501	172	73.18	-0.209	0.234	1.0	-0.22	2.74	1.00	0.00	0.16	111115
67	"17:15:14"	1752.0	0	15.7	0.18	217	4.86	2.03	25.75	6	1.42	1	2.84	26.44	25.75	26.98	398.60	377.52	11.920	17.656	25.19	37.31	499.8	1501	170	73.18	-0.209	0.234	1.0	-0.22	2.74	1.00	0.00	0.16	111115
68	"17:15:14"	1752.5	0	15.7	0.18	217	4.87	2.03	25.75	6	1.42	1	2.84	26.44	25.75	26.98	398.61	377.50	11.919	17.658	25.18	37.31	499.8	1501	168	73.18	-0.209	0.234	1.0	-0.22	2.74	1.00	0.00	0.16	111115
69	"17:15:15"	1753.0	0	15.8	0.18	216	4.87	2.03	25.76	6	1.42	1	2.84	26.45	25.76	26.98	398.64	377.50	11.920	17.660	25.18	37.31	499.8	1501	166	73.18	-0.209	0.234	1.0	-0.22	2.74	1.00	0.00	0.16	111115
70	"17:15:15"	1753.5	0	15.8	0.18	217	4.87	2.03	25.76	6	1.42	1	2.84	26.45	25.76	26.98	398.64	377.52	11.921	17.662	25.18	37.31	499.8	1501	164	73.18	-0.209	0.234	1.0	-0.22	2.74	1.00	0.00	0.16	111115
71	"17:15:16"	1754.0	0	15.7	0.18	217	4.87	2.04	25.76	6	1.42	1	2.84	26.45	25.76	26.98	398.63	377.53	11.921	17.662	25.18	37.30	499.8	1501	162	73.18	-0.209	0.234	1.0	-0.22	2.74	1.00	0.00	0.16	111115
72	"17:15:16"	1754.5	0	15.7	0.18	217	4.87	2.04	25.77	6	1.42	1	2.84	26.45	25.77	26.98	398.64	377.55	11.921	17.663	25.18	37.30	499.8	1501	160	73.18	-0.209	0.234	1.0	-0.22	2.74	1.00	0.00	0.16	111115
73	"17:15:17"	1755.0	0	15.7	0.18	217	4.87	2.04	25.77	6	1.42	1	2.84	26.45	25.77	26.98	398.66	377.55	11.921	17.664	25.17	37.30	499.8	1501	158	73.18	-0.209	0.234	1.0	-0.22	2.74	1.00	0.00	0.16	111115
74	"17:15:17"	1755.5	0	15.7	0.18	217	4.87	2.04	25.78	6	1.42	1	2.84	26.45	25.78	26.98	398.65	377.55	11.922	17.664	25.18	37.30	499.8	1501	156	73.18	-0.209	0.234	1.0	-0.22	2.74	1.00	0.00	0.16	111115
75	"17:15:18"	1756.0	0	15.7	0.18	217	4.87	2.04	25.78	6	1.42	1	2.84	26.45	25.78	26.98	398.65	377.54	11.921	17.665	25.17	37.30	499.8	1501	154	73.18	-0.209	0.234	1.0	-0.22	2.74	1.00	0.00	0.16	111115
76	"17:15:18"	1756.5	0	15.8	0.18	216	4.87	2.04	25.78	6	1.42	1	2.84	26.45	25.78	26.98	398.66	377.54	11.921	17.664	25.17	37.29	499.8	1501	152	73.18	-0.209	0.234	1.0	-0.22	2.74	1.00	0.00	0.16	111115
"17:15:25 Coolers: Tblock -> 32.00 C"
"17:18:00 Flow: Fixed -> 500 umol/s"
77	"17:18:56"	1974.5	0	15.3	0.165	209	4.87	2.2	27.90	6	1.42	1	2.84	30.51	27.90	32.06	399.14	378.59	15.809	21.528	26.37	35.91	499.8	1500	55	73.18	-0.0885	0.173	1.0	-0.22	2.74	1.00	0.00	0.16	111115
78	"17:18:56"	1975.0	0	15.3	0.165	209	4.87	2.2	27.90	6	1.42	1	2.84	30.51	27.90	32.06	399.13	378.59	15.809	21.528	26.37	35.91	499.8	1500	55	73.18	-0.0885	0.173	1.0	-0.22	2.74	1.00	0.00	0.16	111115
79	"17:18:57"	1975.0	0	15.3	0.165	209	4.87	2.2	27.90	6	1.42	1	2.84	30.51	27.90	32.06	399.13	378.59	15.809	21.528	26.37	35.91	499.8	1500	55	73.18	-0.0885	0.173	1.0	-0.22	2.74	1.00	0.00	0.16	111115
80	"17:18:57"	1975.5	0	15.3	0.165	209	4.87	2.2	27.90	6	1.42	1	2.84	30.51	27.90	32.06	399.14	378.60	15.808	21.529	26.37	35.91	499.8	1500	54	73.18	-0.0885	0.173	1.0	-0.22	2.74	1.00	0.00	0.16	111115
81	"17:18:58"	1976.0	0	15.3	0.165	209	4.87	2.2	27.90	6	1.42	1	2.84	30.51	27.90	32.06	399.17	378.62	15.809	21.529	26.37	35.91	499.8	1500	54	73.18	-0.0885	0.173	1.0	-0.22	2.74	1.00	0.00	0.16	111115
82	"17:18:58"	1976.5	0	15.2	0.165	209	4.87	2.2	27.91	6	1.42	1	2.84	30.51	27.91	32.06	399.14	378.63	15.808	21.527	26.37	35.90	499.8	1500	54	73.18	-0.0885	0.173	1.0	-0.22	2.74	1.00	0.00	0.16	111115
83	"17:18:59"	1977.0	0	15.2	0.165	209	4.87	2.2	27.91	6	1.42	1	2.84	30.51	27.91	32.06	399.14	378.64	15.808	21.528	26.36	35.90	499.8	1500	54	73.18	-0.0885	0.173	1.0	-0.22	2.74	1.00	0.00	0.16	111115
84	"17:18:59"	1977.5	0	15.3	0.165	209	4.87	2.2	27.91	6	1.42	1	2.84	30.51	27.91	32.06	399.21	378.63	15.806	21.529	26.36	35.90	499.8	1500	54	73.18	-0.0885	0.173	1.0	-0.22	2.74	1.00	0.00	0.16	111115
85	"17:19:00"	1978.0	0	15.3	0.165	208	4.87	2.2	27.91	6	1.42	1	2.84	30.52	27.91	32.06	399.21	378.61	15.804	21.527	26.36	35.90	499.8	1500	54	73.18	-0.0885	0.173	1.0	-0.22	2.74	1.00	0.00	0.16	111115
86	"17:19:00"	1978.5	0	15.3	0.165	208	4.87	2.2	27.91	6	1.42	1	2.84	30.52	27.91	32.06	399.23	378.62	15.803	21.526	26.35	35.90	499.9	1500	54	73.18	-0.0885	0.173	1.0	-0.22	2.74	1.00	0.00	0.16	111115
87	"17:19:01"	1979.0	0	15.3	0.165	208	4.87	2.2	27.91	6	1.42	1	2.84	30.52	27.91	32.06	399.24	378.62	15.801	21.526	26.35	35.90	499.9	1500	54	73.18	-0.0885	0.173	1.0	-0.22	2.74	1.00	0.00	0.16	111115
88	"17:19:01"	1979.5	0	15.3	0.165	208	4.87	2.2	27.91	6	1.42	1	2.84	30.52	27.91	32.06	399.22	378.62	15.801	21.524	26.35	35.89	499.9	1500	54	73.18	-0.0885	0.173	1.0	-0.22	2.74	1.00	0.00	0.16	111115
89	"17:19:02"	1980.0	0	15.3	0.165	209	4.87	2.2	27.91	6	1.42	1	2.84	30.52	27.91	32.06	399.18	378.64	15.800	21.522	26.34	35.89	499.9	1500	54	73.18	-0.0885	0.173	1.0	-0.22	2.74	1.00	0.00	0.16	111115
90	"17:19:02"	1980.5	0	15.3	0.165	209	4.87	2.2	27.91	6	1.42	1	2.84	30.52	27.91	32.06	399.18	378.62	15.799	21.523	26.34	35.89	499.9	1500	54	73.18	-0.0885	0.173	1.0	-0.22	2.74	1.00	0.00	0.16	111115
91	"17:19:03"	1981.0	0	15.3	0.165	209	4.87	2.2	27.91	6	1.42	1	2.84	30.52	27.91	32.06	399.18	378.62	15.800	21.521	26.34	35.88	499.9	1500	53	73.18	-0.0885	0.173	1.0	-0.22	2.74	1.00	0.00	0.16	111115
