"OPEN 6.2.4"
"Fri Jun 26 2015 16:20:06"
<open><version>"6.2.4"</version></open>
<open><configfile>"/User/Configs/UserPrefs/2x3 LED.xml"</configfile></open>
<open><light><source>"6400-02 or -02B LED Source"</source><par_in>1<sensor>"SI-3781"<cal>-0.93<actinity>1.00</actinity><transm>1.00</transm></cal></sensor><transm>1</transm></par_in><par_out>1<sensor>"Q49599"<cal>7.26</cal></sensor></par_out></light></open>
<open><comps><file>"/User/Configs/Comps/StdComps_6.2"<header>""</header><extras></extras></file><energybal>no<f_parIn>1</f_parIn><f_parOut>0</f_parOut><alphaK>0.16</alphaK></energybal><bc_total>2.840<stomatal_ratio>1</stomatal_ratio><bc_oneside>1.420<type>2</type><table>"/Sys/Lib/StdBLCTable"</table><area>6</area><slope>-0.219565</slope><offset>2.73739</offset><fan>5</fan></bc_oneside></bc_total></comps></open>
<open><prompts><onlog>off</onlog><items>"Default (none)"</items></prompts></open>
<open><constants><oxygen>21 %</oxygen><bb_vapor>1.5</bb_vapor><bb_oxy>0.9</bb_oxy></constants></open>
<open><stability><items>"Std Stability"<items[1]><id>-2</id><size>15</size><pcv><onoff>0</onoff><value>1</value></pcv><std><onoff>0</onoff><value>1</value></std><slp><onoff>1</onoff><value>1</value></slp></items[1]><items[2]><id>-5</id><size>15</size><pcv><onoff>0</onoff><value>1</value></pcv><std><onoff>0</onoff><value>1</value></std><slp><onoff>1</onoff><value>1</value></slp></items[2]><items[3]><id>-7</id><size>15</size><pcv><onoff>0</onoff><value>1</value></pcv><std><onoff>0</onoff><value>1</value></std><slp><onoff>1</onoff><value>1</value></slp></items[3]></items></stability></open>
<open><log><format>"StdLogFmt_6.0"<items>{ -35 -21 -36 -76 30 23 36 21 25 221 -33 111 -34 11 -9 -10 -8 -1 -2 -4 -5 -14 -15 -7 -12 -13 -11 -65 -66 -72 -18 -19 -77 -78 -79 -23  }<hdr>{  }</hdr></items></format><options><beep>on</beep><hdr>normal</hdr><rem>normal</rem><stab>no</stab><stats>no<mean>no</mean><file>no</file><period>15</period></stats><excel>yes</excel><controls>yes</controls><comm>no</comm></options><datafile>"/User/stm-rpoga4"</datafile><button><action>"Normal Log"<code>" LogOneObsManual "</code></action></button><autoprog>"/User/Configs/AutoProgs/AutoLog2"<active>no</active></autoprog></log></open>
<open><a2d><avgtime>4.0 secs</avgtime><userchans><ch20>"Off"</ch20><ch21>"Off"</ch21><ch22>"Off"</ch22><ch23>"Off"</ch23></userchans></a2d></open>
<open><matching><type>0</type><disp>'a'</disp><settings><CO2Limit>10.0</CO2Limit><H2OLimit>1.0</H2OLimit><MaxAutoTime>60</MaxAutoTime></settings></matching></open>
<li6400><factory><unit>"PSC-3840"</unit><serviced>"1 Jul 2013"</serviced><fuseaware>0</fuseaware><co2mixer>yes</co2mixer><co2><coeffs>{ 0 0.213319 2.22998e-05 2.13159e-08 -3.88664e-12 3.69888e-16  }</coeffs><dvdt>-4.7</dvdt><xs>{ 0.0009 -0.0002  }</xs></co2><h2o><coeffs>{ 0 0.00572751 2.23485e-06 -7.37877e-12  }</coeffs><dvdt>-1.7</dvdt><xs>{ 0.0009 -0.0028  }</xs></h2o><flow>{ 0 0.3568  }</flow><press>{ 88.437 0.00551  }</press></factory></li6400>
<li6400><user><flow_zero>-468.8</flow_zero><irga_zero><co2>429.7 390.6<at>17.6901</at></co2><h2o>78.1 156.2<at>17.1607</at></h2o></irga_zero><irga_span><co2>{ 0.99237 0.992833  }</co2><h2o>{ 1.00426 0.996799  }</h2o></irga_span><irga_match><co2>{ 0.368307 1.14154  }</co2><h2o>{ 0.00477181 0.147527  }</h2o></irga_match><co2_mixer><pump_mv>4500</pump_mv><ppm>{ 2287.2 1080.71 423.89 257.488 117.195 68.0056 44.5242 37.9628  }</ppm><mv>{ 5000 3000 1500 1000 500 300 200 100  }</mv></co2_mixer><parin_offset>0</parin_offset><led_cal><unit>"SI-3781"</unit><mv>{ 10 25 50 100 1000 2000 3000 4000 5000  }</mv><qntm>{ 4.69642 15.4417 35.4805 82.2863 972.665 1922.29 2824.32 3690.14 4518.2  }</qntm></led_cal><lcf_cal><unit>"unknown"</unit><red><mv>{ 50 100 500 1000 1500 5000  }</mv><qntm>{ 50 100 500 1000 2000 5000  }</qntm></red><blue><mv>{ 100 200 500 1000 2000 5000  }</mv><qntm>{ 10 20 50 100 200 500  }</qntm></blue></lcf_cal></user></li6400>
"16:20:07 "
$STARTOFDATA$
"Obs"	"HHMMSS"	"FTime"	"EBal?"	"Photo"	"Cond"	"Ci"	"Trmmol"	"VpdL"	"CTleaf"	"Area"	"BLC_1"	"StmRat"	"BLCond"	"Tair"	"Tleaf"	"TBlk"	"CO2R"	"CO2S"	"H2OR"	"H2OS"	"RH_R"	"RH_S"	"Flow"	"PARi"	"PARo"	"Press"	"CsMch"	"HsMch"	"StableF"	"BLCslope"	"BLCoffst"	"f_parin"	"f_parout"	"alphaK"	"Status"
"16:20:18 CO2 Mixer: CO2R -> 400 uml"
"16:20:27 Coolers: Tblock -> 0.00 C"
"16:20:33 Lamp: ParIn ->  1500 uml"
"16:29:09 Flow: Fixed -> 500 umol/s"
"16:31:27 Coolers: Tblock -> 13.71 C"
"16:32:41 Flow: Fixed -> 500 umol/s"
1	"16:32:57"	779.5	0	10.9	0.17	265	3.75	1.68	20.07	6	1.42	1	2.84	16.20	20.07	13.69	400.03	385.17	4.740	9.204	18.78	36.47	499.9	1500	13	73.25	1.43	0.324	1.0	-0.22	2.74	1.00	0.00	0.16	111115
2	"16:32:58"	779.5	0	10.9	0.17	265	3.75	1.68	20.07	6	1.42	1	2.84	16.20	20.07	13.69	400.03	385.17	4.740	9.204	18.78	36.47	499.9	1500	13	73.25	1.43	0.324	1.0	-0.22	2.74	1.00	0.00	0.16	111115
3	"16:32:58"	780.0	0	10.9	0.17	265	3.75	1.68	20.06	6	1.42	1	2.84	16.20	20.06	13.69	400.02	385.18	4.740	9.204	18.78	36.47	499.9	1500	13	73.25	1.43	0.324	1.0	-0.22	2.74	1.00	0.00	0.16	111115
4	"16:32:59"	780.5	0	10.9	0.17	265	3.75	1.68	20.05	6	1.42	1	2.84	16.20	20.05	13.69	400.01	385.22	4.739	9.204	18.78	36.47	499.9	1500	13	73.25	1.43	0.324	1.0	-0.22	2.74	1.00	0.00	0.16	111115
5	"16:32:59"	781.0	0	10.9	0.17	266	3.75	1.68	20.05	6	1.42	1	2.84	16.20	20.05	13.69	400.00	385.23	4.739	9.204	18.78	36.48	499.8	1500	13	73.25	1.43	0.324	1.0	-0.22	2.74	1.00	0.00	0.16	111115
6	"16:33:00"	781.5	0	10.8	0.17	266	3.75	1.68	20.03	6	1.42	1	2.84	16.20	20.03	13.69	399.96	385.20	4.739	9.203	18.78	36.47	499.8	1500	13	73.25	1.43	0.324	1.0	-0.22	2.74	1.00	0.00	0.16	111115
7	"16:33:00"	782.0	0	10.8	0.17	266	3.75	1.68	20.03	6	1.42	1	2.84	16.20	20.03	13.69	399.93	385.21	4.739	9.204	18.78	36.47	499.8	1500	13	73.25	1.43	0.324	1.0	-0.22	2.74	1.00	0.00	0.16	111115
8	"16:33:01"	782.5	0	10.8	0.17	266	3.75	1.68	20.03	6	1.42	1	2.84	16.20	20.03	13.69	399.91	385.22	4.739	9.202	18.78	36.47	499.8	1500	13	73.25	1.43	0.324	1.0	-0.22	2.74	1.00	0.00	0.16	111115
9	"16:33:01"	783.0	0	10.8	0.17	266	3.75	1.68	20.03	6	1.42	1	2.84	16.20	20.03	13.69	399.90	385.21	4.739	9.202	18.78	36.47	499.8	1500	13	73.25	1.43	0.324	1.0	-0.22	2.74	1.00	0.00	0.16	111115
10	"16:33:02"	783.5	0	10.8	0.17	266	3.75	1.68	20.03	6	1.42	1	2.84	16.20	20.03	13.69	399.92	385.21	4.740	9.202	18.79	36.47	499.8	1500	13	73.25	1.43	0.324	1.0	-0.22	2.74	1.00	0.00	0.16	111115
11	"16:33:02"	784.0	0	10.8	0.17	266	3.75	1.68	20.03	6	1.42	1	2.84	16.20	20.03	13.69	399.94	385.22	4.739	9.200	18.78	36.47	499.8	1500	13	73.25	1.43	0.324	1.0	-0.22	2.74	1.00	0.00	0.16	111115
12	"16:33:03"	784.5	0	10.9	0.17	265	3.75	1.68	20.04	6	1.42	1	2.84	16.20	20.04	13.69	399.98	385.19	4.739	9.200	18.79	36.46	499.8	1500	13	73.25	1.43	0.324	1.0	-0.22	2.74	1.00	0.00	0.16	111115
13	"16:33:03"	785.0	0	10.9	0.17	265	3.75	1.68	20.04	6	1.42	1	2.84	16.20	20.04	13.69	400.01	385.17	4.739	9.199	18.79	36.47	499.8	1500	13	73.25	1.43	0.324	1.0	-0.22	2.74	1.00	0.00	0.16	111115
14	"16:33:04"	785.5	0	10.9	0.17	265	3.75	1.68	20.04	6	1.42	1	2.84	16.20	20.04	13.69	400.02	385.19	4.739	9.199	18.79	36.47	499.8	1500	13	73.25	1.43	0.324	1.0	-0.22	2.74	1.00	0.00	0.16	111115
15	"16:33:04"	786.0	0	10.9	0.17	265	3.75	1.68	20.04	6	1.42	1	2.84	16.20	20.04	13.69	400.01	385.17	4.739	9.197	18.79	36.46	499.8	1500	13	73.25	1.43	0.324	1.0	-0.22	2.74	1.00	0.00	0.16	111115
"16:33:11 Coolers: Tblock -> 19.00 C"
"16:34:41 Flow: Fixed -> 500 umol/s"
16	"16:35:33"	935.0	0	11	0.167	261	3.91	1.77	21.84	6	1.42	1	2.84	20.13	21.84	18.98	399.61	384.58	7.047	11.683	21.82	36.17	499.8	1500	13	73.25	0.874	0.29	1.0	-0.22	2.74	1.00	0.00	0.16	111115
17	"16:35:33"	935.0	0	11	0.167	261	3.91	1.77	21.84	6	1.42	1	2.84	20.13	21.84	18.98	399.61	384.58	7.047	11.683	21.82	36.17	499.8	1500	13	73.25	0.874	0.29	1.0	-0.22	2.74	1.00	0.00	0.16	111115
18	"16:35:33"	935.5	0	11	0.167	261	3.91	1.77	21.84	6	1.42	1	2.84	20.13	21.84	18.98	399.58	384.56	7.047	11.686	21.81	36.18	499.8	1500	13	73.25	0.874	0.29	1.0	-0.22	2.74	1.00	0.00	0.16	111115
19	"16:35:34"	936.0	0	11	0.167	262	3.91	1.77	21.84	6	1.42	1	2.84	20.13	21.84	18.98	399.52	384.54	7.046	11.687	21.81	36.18	499.8	1500	13	73.25	0.874	0.29	1.0	-0.22	2.74	1.00	0.00	0.16	111115
20	"16:35:34"	936.5	0	11	0.167	261	3.91	1.77	21.84	6	1.42	1	2.84	20.14	21.84	18.98	399.52	384.53	7.046	11.688	21.81	36.18	499.8	1500	13	73.25	0.874	0.29	1.0	-0.22	2.74	1.00	0.00	0.16	111115
21	"16:35:35"	937.0	0	11	0.167	262	3.91	1.77	21.84	6	1.42	1	2.84	20.14	21.84	18.98	399.49	384.50	7.044	11.689	21.80	36.18	499.8	1500	13	73.25	0.874	0.29	1.0	-0.22	2.74	1.00	0.00	0.16	111115
22	"16:35:35"	937.5	0	11	0.167	262	3.92	1.77	21.83	6	1.42	1	2.84	20.14	21.83	18.98	399.46	384.50	7.044	11.690	21.80	36.18	499.8	1500	13	73.25	0.874	0.29	1.0	-0.22	2.74	1.00	0.00	0.16	111115
23	"16:35:36"	938.0	0	11	0.168	262	3.92	1.77	21.83	6	1.42	1	2.84	20.14	21.83	18.98	399.45	384.46	7.043	11.691	21.80	36.18	499.8	1500	13	73.25	0.874	0.29	1.0	-0.22	2.74	1.00	0.00	0.16	111115
24	"16:35:36"	938.5	0	11	0.168	262	3.92	1.77	21.84	6	1.42	1	2.84	20.14	21.84	18.98	399.46	384.46	7.043	11.693	21.79	36.18	499.8	1500	13	73.25	0.874	0.29	1.0	-0.22	2.74	1.00	0.00	0.16	111115
25	"16:35:37"	939.0	0	11	0.168	262	3.92	1.77	21.84	6	1.42	1	2.84	20.14	21.84	18.98	399.46	384.45	7.042	11.694	21.79	36.18	499.7	1500	13	73.25	0.874	0.29	1.0	-0.22	2.74	1.00	0.00	0.16	111115
26	"16:35:37"	939.5	0	11	0.168	261	3.92	1.77	21.84	6	1.42	1	2.84	20.14	21.84	18.98	399.51	384.46	7.042	11.696	21.79	36.18	499.7	1500	13	73.25	0.874	0.29	1.0	-0.22	2.74	1.00	0.00	0.16	111115
27	"16:35:38"	940.0	0	11.1	0.168	260	3.92	1.77	21.85	6	1.42	1	2.84	20.15	21.85	18.98	399.58	384.43	7.042	11.698	21.78	36.19	499.8	1500	12	73.25	0.874	0.29	1.0	-0.22	2.74	1.00	0.00	0.16	111115
28	"16:35:38"	940.5	0	11.1	0.168	260	3.93	1.77	21.86	6	1.42	1	2.84	20.15	21.86	18.98	399.62	384.46	7.042	11.699	21.78	36.19	499.8	1500	12	73.25	0.874	0.29	1.0	-0.22	2.74	1.00	0.00	0.16	111115
29	"16:35:39"	941.0	0	11.1	0.167	260	3.93	1.78	21.87	6	1.42	1	2.84	20.15	21.87	18.98	399.65	384.49	7.042	11.700	21.78	36.19	499.8	1500	13	73.25	0.874	0.29	1.0	-0.22	2.74	1.00	0.00	0.16	111115
30	"16:35:39"	941.5	0	11.1	0.168	260	3.93	1.78	21.87	6	1.42	1	2.84	20.15	21.87	18.98	399.66	384.47	7.041	11.701	21.78	36.19	499.8	1500	12	73.25	0.874	0.29	1.0	-0.22	2.74	1.00	0.00	0.16	111115
"16:35:46 Coolers: Tblock -> 24.00 C"
"16:37:58 Flow: Fixed -> 500 umol/s"
31	"16:38:24"	1106.5	0	11.4	0.165	254	4.39	2.01	24.60	6	1.42	1	2.84	24.37	24.60	24.06	400.17	384.47	9.735	14.931	23.28	35.71	499.8	1500	12	73.25	0.99	0.257	1.0	-0.22	2.74	1.00	0.00	0.16	111115
32	"16:38:24"	1106.5	0	11.4	0.165	254	4.39	2.01	24.60	6	1.42	1	2.84	24.37	24.60	24.06	400.17	384.47	9.735	14.931	23.28	35.71	499.8	1500	12	73.25	0.99	0.257	1.0	-0.22	2.74	1.00	0.00	0.16	111115
33	"16:38:25"	1107.0	0	11.4	0.165	254	4.4	2.01	24.60	6	1.42	1	2.84	24.37	24.60	24.06	400.14	384.46	9.735	14.933	23.28	35.71	499.8	1500	12	73.25	0.99	0.257	1.0	-0.22	2.74	1.00	0.00	0.16	111115
34	"16:38:25"	1107.5	0	11.3	0.165	254	4.4	2.01	24.60	6	1.42	1	2.84	24.38	24.60	24.06	400.08	384.45	9.734	14.936	23.28	35.71	499.9	1500	12	73.25	0.99	0.257	1.0	-0.22	2.74	1.00	0.00	0.16	111115
35	"16:38:26"	1108.0	0	11.3	0.165	255	4.4	2.01	24.61	6	1.42	1	2.84	24.38	24.61	24.06	400.05	384.45	9.735	14.939	23.27	35.72	499.9	1500	12	73.25	0.99	0.257	1.0	-0.22	2.74	1.00	0.00	0.16	111115
36	"16:38:26"	1108.5	0	11.3	0.165	255	4.4	2.01	24.61	6	1.42	1	2.84	24.38	24.61	24.06	400.00	384.44	9.734	14.940	23.27	35.72	499.9	1500	12	73.25	0.99	0.257	1.0	-0.22	2.74	1.00	0.00	0.16	111115
37	"16:38:27"	1109.0	0	11.3	0.165	255	4.41	2.01	24.62	6	1.42	1	2.84	24.38	24.62	24.06	399.94	384.39	9.733	14.942	23.27	35.72	499.9	1500	12	73.25	0.99	0.257	1.0	-0.22	2.74	1.00	0.00	0.16	111115
38	"16:38:27"	1109.5	0	11.3	0.165	255	4.41	2.01	24.62	6	1.42	1	2.84	24.38	24.62	24.06	399.88	384.33	9.732	14.943	23.26	35.72	499.9	1500	12	73.25	0.99	0.257	1.0	-0.22	2.74	1.00	0.00	0.16	111115
39	"16:38:28"	1110.0	0	11.2	0.165	256	4.41	2.01	24.62	6	1.42	1	2.84	24.38	24.62	24.06	399.83	384.34	9.733	14.947	23.26	35.72	499.9	1500	12	73.25	0.99	0.257	1.0	-0.22	2.74	1.00	0.00	0.16	111115
40	"16:38:28"	1110.5	0	11.2	0.165	256	4.41	2.01	24.62	6	1.42	1	2.84	24.39	24.62	24.06	399.83	384.34	9.733	14.949	23.26	35.72	499.9	1500	12	73.25	0.99	0.257	1.0	-0.22	2.74	1.00	0.00	0.16	111115
41	"16:38:29"	1111.0	0	11.2	0.165	256	4.41	2.01	24.63	6	1.42	1	2.84	24.39	24.63	24.06	399.82	384.32	9.733	14.951	23.25	35.72	499.9	1500	12	73.25	0.99	0.257	1.0	-0.22	2.74	1.00	0.00	0.16	111115
42	"16:38:29"	1111.5	0	11.2	0.165	256	4.42	2.01	24.63	6	1.42	1	2.84	24.39	24.63	24.06	399.84	384.32	9.733	14.953	23.25	35.72	499.9	1500	12	73.25	0.99	0.257	1.0	-0.22	2.74	1.00	0.00	0.16	111115
43	"16:38:30"	1112.0	0	11.2	0.165	255	4.42	2.01	24.63	6	1.42	1	2.84	24.39	24.63	24.06	399.83	384.29	9.732	14.954	23.25	35.72	499.9	1500	12	73.25	0.99	0.257	1.0	-0.22	2.74	1.00	0.00	0.16	111115
44	"16:38:30"	1112.5	0	11.3	0.165	255	4.42	2.01	24.63	6	1.42	1	2.84	24.40	24.63	24.06	399.84	384.29	9.733	14.956	23.24	35.72	499.9	1500	12	73.25	0.99	0.257	1.0	-0.22	2.74	1.00	0.00	0.16	111115
45	"16:38:31"	1113.0	0	11.3	0.165	255	4.42	2.02	24.64	6	1.42	1	2.84	24.40	24.64	24.06	399.85	384.31	9.732	14.959	23.24	35.72	499.9	1500	12	73.25	0.99	0.257	1.0	-0.22	2.74	1.00	0.00	0.16	111115
"16:38:37 Coolers: Tblock -> 29.00 C"
"16:41:05 Flow: Fixed -> 500 umol/s"
"16:41:47 Flow: Fixed -> 500 umol/s"
46	"16:42:26"	1347.5	0	11.5	0.164	249	5.19	2.37	27.87	6	1.42	1	2.84	28.74	27.87	28.93	399.58	383.37	12.999	19.108	24.04	35.34	499.8	1500	13	73.25	0.969	0.214	1.0	-0.22	2.74	1.00	0.00	0.16	111115
47	"16:42:26"	1347.5	0	11.5	0.164	249	5.19	2.37	27.87	6	1.42	1	2.84	28.74	27.87	28.93	399.58	383.37	12.999	19.108	24.04	35.34	499.8	1500	13	73.25	0.969	0.214	1.0	-0.22	2.74	1.00	0.00	0.16	111115
48	"16:42:27"	1348.0	0	11.6	0.164	248	5.19	2.37	27.88	6	1.42	1	2.84	28.74	27.88	28.93	399.64	383.37	12.999	19.109	24.04	35.34	499.8	1500	13	73.25	0.969	0.214	1.0	-0.22	2.74	1.00	0.00	0.16	111115
49	"16:42:27"	1348.5	0	11.6	0.164	248	5.19	2.37	27.88	6	1.42	1	2.84	28.74	27.88	28.93	399.68	383.36	12.998	19.109	24.03	35.34	499.8	1500	13	73.25	0.969	0.214	1.0	-0.22	2.74	1.00	0.00	0.16	111115
50	"16:42:28"	1349.0	0	11.6	0.164	248	5.19	2.37	27.88	6	1.42	1	2.84	28.74	27.88	28.93	399.69	383.39	12.997	19.110	24.03	35.33	499.8	1500	13	73.25	0.969	0.214	1.0	-0.22	2.74	1.00	0.00	0.16	111115
51	"16:42:28"	1349.5	0	11.6	0.164	248	5.19	2.37	27.88	6	1.42	1	2.84	28.74	27.88	28.93	399.69	383.42	12.996	19.111	24.03	35.33	499.8	1500	13	73.25	0.969	0.214	1.0	-0.22	2.74	1.00	0.00	0.16	111115
52	"16:42:29"	1350.0	0	11.6	0.164	248	5.19	2.37	27.88	6	1.42	1	2.84	28.74	27.88	28.93	399.70	383.43	12.997	19.111	24.03	35.33	499.8	1500	13	73.25	0.969	0.214	1.0	-0.22	2.74	1.00	0.00	0.16	111115
53	"16:42:29"	1350.5	0	11.6	0.164	248	5.19	2.37	27.88	6	1.42	1	2.84	28.74	27.88	28.93	399.74	383.43	12.996	19.112	24.02	35.33	499.8	1500	13	73.25	0.969	0.214	1.0	-0.22	2.74	1.00	0.00	0.16	111115
54	"16:42:30"	1351.0	0	11.6	0.164	248	5.2	2.37	27.88	6	1.42	1	2.84	28.74	27.88	28.93	399.78	383.43	12.995	19.115	24.02	35.34	499.8	1500	13	73.25	0.969	0.214	1.0	-0.22	2.74	1.00	0.00	0.16	111115
55	"16:42:30"	1351.5	0	11.7	0.164	247	5.2	2.37	27.89	6	1.42	1	2.84	28.74	27.89	28.94	399.81	383.41	12.993	19.115	24.02	35.33	499.8	1500	13	73.25	0.969	0.214	1.0	-0.22	2.74	1.00	0.00	0.16	111115
56	"16:42:31"	1352.0	0	11.7	0.164	247	5.2	2.37	27.89	6	1.42	1	2.84	28.75	27.89	28.94	399.82	383.40	12.993	19.117	24.01	35.33	499.8	1500	13	73.25	0.969	0.214	1.0	-0.22	2.74	1.00	0.00	0.16	111115
57	"16:42:31"	1352.5	0	11.7	0.164	247	5.2	2.37	27.89	6	1.42	1	2.84	28.75	27.89	28.94	399.83	383.41	12.993	19.117	24.01	35.33	499.8	1500	13	73.25	0.969	0.214	1.0	-0.22	2.74	1.00	0.00	0.16	111115
58	"16:42:32"	1353.0	0	11.7	0.164	247	5.2	2.37	27.90	6	1.42	1	2.84	28.75	27.90	28.93	399.78	383.39	12.992	19.118	24.01	35.33	499.8	1500	13	73.25	0.969	0.214	1.0	-0.22	2.74	1.00	0.00	0.16	111115
59	"16:42:32"	1353.5	0	11.7	0.164	247	5.2	2.37	27.90	6	1.42	1	2.84	28.75	27.90	28.94	399.79	383.41	12.992	19.120	24.01	35.33	499.9	1500	13	73.25	0.969	0.214	1.0	-0.22	2.74	1.00	0.00	0.16	111115
60	"16:42:33"	1354.0	0	11.7	0.164	247	5.21	2.37	27.90	6	1.42	1	2.84	28.75	27.90	28.94	399.80	383.39	12.991	19.122	24.01	35.34	499.9	1500	13	73.25	0.969	0.214	1.0	-0.22	2.74	1.00	0.00	0.16	111115
"16:42:38 Coolers: Tblock -> 34.00 C"
"16:45:40 Flow: Fixed -> 500 umol/s"
61	"16:46:12"	1574.5	0	11.1	0.149	242	5.46	2.7	30.83	6	1.42	1	2.84	33.11	30.83	34.02	400.94	385.14	17.703	24.101	25.51	34.73	499.8	1499	13	73.25	1.13	0.151	1.0	-0.22	2.74	1.00	0.00	0.16	111115
62	"16:46:13"	1574.5	0	11.1	0.149	242	5.46	2.7	30.83	6	1.42	1	2.84	33.11	30.83	34.02	400.94	385.14	17.703	24.101	25.51	34.73	499.8	1499	13	73.25	1.13	0.151	1.0	-0.22	2.74	1.00	0.00	0.16	111115
63	"16:46:13"	1575.0	0	11	0.149	242	5.46	2.7	30.84	6	1.42	1	2.84	33.11	30.84	34.02	400.92	385.13	17.701	24.101	25.50	34.73	499.8	1499	13	73.25	1.13	0.151	1.0	-0.22	2.74	1.00	0.00	0.16	111115
64	"16:46:14"	1575.5	0	11.1	0.149	242	5.46	2.7	30.84	6	1.42	1	2.84	33.11	30.84	34.02	400.92	385.12	17.700	24.100	25.50	34.72	499.8	1500	13	73.25	1.13	0.151	1.0	-0.22	2.74	1.00	0.00	0.16	111115
65	"16:46:14"	1576.0	0	11.1	0.149	242	5.46	2.71	30.84	6	1.42	1	2.84	33.12	30.84	34.02	400.96	385.14	17.700	24.098	25.50	34.72	499.8	1500	13	73.25	1.13	0.151	1.0	-0.22	2.74	1.00	0.00	0.16	111115
66	"16:46:15"	1576.5	0	11.1	0.149	242	5.46	2.71	30.84	6	1.42	1	2.84	33.12	30.84	34.02	401.00	385.17	17.700	24.097	25.50	34.71	499.8	1500	13	73.25	1.13	0.151	1.0	-0.22	2.74	1.00	0.00	0.16	111115
67	"16:46:15"	1577.0	0	11.1	0.149	241	5.46	2.71	30.85	6	1.42	1	2.84	33.12	30.85	34.02	401.08	385.21	17.699	24.098	25.49	34.71	499.9	1500	13	73.25	1.13	0.151	1.0	-0.22	2.74	1.00	0.00	0.16	111115
68	"16:46:16"	1577.5	0	11.2	0.149	241	5.46	2.71	30.85	6	1.42	1	2.84	33.12	30.85	34.02	401.15	385.24	17.699	24.098	25.49	34.70	499.9	1500	13	73.25	1.13	0.151	1.0	-0.22	2.74	1.00	0.00	0.16	111115
69	"16:46:16"	1578.0	0	11.2	0.149	240	5.47	2.71	30.86	6	1.42	1	2.84	33.12	30.86	34.02	401.22	385.20	17.697	24.099	25.49	34.70	499.9	1500	13	73.25	1.13	0.151	1.0	-0.22	2.74	1.00	0.00	0.16	111115
70	"16:46:17"	1578.5	0	11.3	0.149	239	5.47	2.71	30.86	6	1.42	1	2.84	33.12	30.86	34.02	401.26	385.21	17.697	24.098	25.48	34.70	499.9	1500	13	73.25	1.13	0.151	1.0	-0.22	2.74	1.00	0.00	0.16	111115
71	"16:46:17"	1579.0	0	11.3	0.149	239	5.47	2.71	30.87	6	1.42	1	2.84	33.12	30.87	34.02	401.31	385.26	17.696	24.099	25.48	34.70	499.9	1499	13	73.25	1.13	0.151	1.0	-0.22	2.74	1.00	0.00	0.16	111115
72	"16:46:18"	1579.5	0	11.3	0.149	239	5.47	2.71	30.87	6	1.42	1	2.84	33.13	30.87	34.02	401.36	385.28	17.696	24.100	25.48	34.70	499.9	1499	14	73.25	1.13	0.151	1.0	-0.22	2.74	1.00	0.00	0.16	111115
73	"16:46:18"	1580.0	0	11.3	0.149	239	5.47	2.71	30.88	6	1.42	1	2.84	33.13	30.88	34.02	401.43	385.28	17.695	24.101	25.48	34.70	499.9	1499	14	73.25	1.13	0.151	1.0	-0.22	2.74	1.00	0.00	0.16	111115
74	"16:46:19"	1580.5	0	11.4	0.149	238	5.47	2.71	30.88	6	1.42	1	2.84	33.13	30.88	34.02	401.49	385.30	17.696	24.102	25.47	34.70	499.9	1499	14	73.25	1.13	0.151	1.0	-0.22	2.74	1.00	0.00	0.16	111115
75	"16:46:19"	1581.0	0	11.4	0.149	238	5.47	2.72	30.89	6	1.42	1	2.84	33.13	30.89	34.02	401.52	385.32	17.696	24.101	25.47	34.69	499.9	1499	14	73.25	1.13	0.151	1.0	-0.22	2.74	1.00	0.00	0.16	111115
"16:46:28 Coolers: Tblock -> 39.00 C"
"16:51:32 Flow: Fixed -> 500 umol/s"
76	"16:52:03"	1926.0	0	9.4	0.106	218	4.64	3.14	34.25	6	1.42	1	2.84	37.62	34.25	39.09	399.47	386.04	25.660	31.059	28.82	34.88	500.0	1500	15	73.25	1.66	0.0519	1.0	-0.22	2.74	1.00	0.00	0.16	111115
77	"16:52:05"	1927.0	0	9.36	0.106	219	4.64	3.15	34.26	6	1.42	1	2.84	37.63	34.26	39.09	399.42	386.04	25.659	31.054	28.81	34.87	500.0	1500	15	73.25	1.66	0.0519	1.0	-0.22	2.74	1.00	0.00	0.16	111115
78	"16:52:05"	1927.5	0	9.3	0.106	219	4.64	3.15	34.26	6	1.42	1	2.84	37.63	34.26	39.09	399.37	386.06	25.659	31.051	28.81	34.87	500.0	1500	15	73.25	1.66	0.0519	1.0	-0.22	2.74	1.00	0.00	0.16	111115
79	"16:52:06"	1927.5	0	9.3	0.106	219	4.64	3.15	34.26	6	1.42	1	2.84	37.63	34.26	39.09	399.37	386.06	25.659	31.051	28.81	34.87	500.0	1500	15	73.25	1.66	0.0519	1.0	-0.22	2.74	1.00	0.00	0.16	111115
80	"16:52:06"	1928.0	0	9.31	0.106	219	4.64	3.15	34.27	6	1.42	1	2.84	37.63	34.27	39.09	399.39	386.07	25.659	31.051	28.81	34.86	499.9	1500	15	73.25	1.66	0.0519	1.0	-0.22	2.74	1.00	0.00	0.16	111115
81	"16:52:07"	1928.5	0	9.37	0.106	218	4.64	3.15	34.28	6	1.42	1	2.84	37.63	34.28	39.09	399.46	386.06	25.659	31.051	28.81	34.86	499.9	1500	15	73.25	1.66	0.0519	1.0	-0.22	2.74	1.00	0.00	0.16	111115
82	"16:52:07"	1929.0	0	9.39	0.106	218	4.63	3.15	34.28	6	1.42	1	2.84	37.63	34.28	39.09	399.47	386.04	25.658	31.047	28.80	34.85	499.9	1500	15	73.25	1.66	0.0519	1.0	-0.22	2.74	1.00	0.00	0.16	111115
83	"16:52:08"	1929.5	0	9.37	0.106	218	4.63	3.16	34.29	6	1.42	1	2.84	37.63	34.29	39.09	399.46	386.08	25.658	31.045	28.80	34.85	499.9	1500	15	73.25	1.66	0.0519	1.0	-0.22	2.74	1.00	0.00	0.16	111115
84	"16:52:08"	1930.0	0	9.36	0.106	218	4.63	3.16	34.29	6	1.42	1	2.84	37.63	34.29	39.09	399.46	386.09	25.658	31.043	28.80	34.85	499.9	1500	15	73.25	1.66	0.0519	1.0	-0.22	2.74	1.00	0.00	0.16	111115
85	"16:52:09"	1930.5	0	9.41	0.106	217	4.63	3.16	34.30	6	1.42	1	2.84	37.63	34.30	39.10	399.51	386.07	25.657	31.041	28.80	34.84	499.9	1500	15	73.25	1.66	0.0519	1.0	-0.22	2.74	1.00	0.00	0.16	111115
86	"16:52:09"	1931.0	0	9.4	0.105	217	4.63	3.16	34.30	6	1.42	1	2.84	37.64	34.30	39.10	399.50	386.07	25.658	31.040	28.80	34.84	499.9	1500	15	73.25	1.66	0.0519	1.0	-0.22	2.74	1.00	0.00	0.16	111115
87	"16:52:10"	1931.5	0	9.42	0.105	217	4.63	3.16	34.30	6	1.42	1	2.84	37.64	34.30	39.10	399.55	386.10	25.658	31.038	28.80	34.83	499.9	1500	15	73.25	1.66	0.0519	1.0	-0.22	2.74	1.00	0.00	0.16	111115
88	"16:52:10"	1932.0	0	9.4	0.105	217	4.62	3.16	34.29	6	1.42	1	2.84	37.64	34.29	39.09	399.53	386.11	25.659	31.035	28.80	34.83	499.9	1500	15	73.25	1.66	0.0519	1.0	-0.22	2.74	1.00	0.00	0.16	111115
89	"16:52:11"	1932.5	0	9.35	0.105	218	4.62	3.16	34.29	6	1.42	1	2.84	37.64	34.29	39.09	399.48	386.12	25.658	31.032	28.80	34.83	500.0	1500	15	73.25	1.66	0.0519	1.0	-0.22	2.74	1.00	0.00	0.16	111115
90	"16:52:11"	1933.0	0	9.33	0.105	218	4.62	3.16	34.28	6	1.42	1	2.84	37.64	34.28	39.09	399.48	386.15	25.658	31.032	28.80	34.83	499.9	1500	15	73.25	1.66	0.0519	1.0	-0.22	2.74	1.00	0.00	0.16	111115
"16:52:19 Coolers: Tblock -> 44.00 C"
"16:55:48 Flow: Fixed -> 500 umol/s"
"16:58:47 Flow: Fixed -> 500 umol/s"
91	"16:59:10"	2353.0	0	6.44	0.0668	207	3.54	3.71	37.75	6	1.42	1	2.84	42.03	37.75	43.98	399.89	390.51	34.861	38.937	30.93	34.55	500.0	1498	16	73.24	2.53	-0.0726	1.0	-0.22	2.74	1.00	0.00	0.16	111115
92	"16:59:11"	2353.0	0	6.44	0.0668	207	3.54	3.71	37.75	6	1.42	1	2.84	42.03	37.75	43.98	399.89	390.51	34.861	38.937	30.93	34.55	500.0	1498	16	73.24	2.53	-0.0726	1.0	-0.22	2.74	1.00	0.00	0.16	111115
93	"16:59:11"	2353.5	0	6.45	0.0667	207	3.53	3.72	37.75	6	1.42	1	2.84	42.03	37.75	43.98	399.90	390.50	34.860	38.934	30.93	34.54	500.0	1498	16	73.24	2.53	-0.0726	1.0	-0.22	2.74	1.00	0.00	0.16	111115
94	"16:59:12"	2354.0	0	6.43	0.0666	207	3.53	3.72	37.75	6	1.42	1	2.84	42.03	37.75	43.98	399.87	390.51	34.859	38.930	30.93	34.54	500.0	1499	16	73.24	2.53	-0.0726	1.0	-0.22	2.74	1.00	0.00	0.16	111115
95	"16:59:12"	2354.5	0	6.41	0.0665	207	3.53	3.72	37.77	6	1.42	1	2.84	42.03	37.77	43.98	399.88	390.53	34.859	38.931	30.93	34.54	500.0	1499	16	73.25	2.53	-0.0726	1.0	-0.22	2.74	1.00	0.00	0.16	111115
96	"16:59:13"	2355.0	0	6.44	0.0664	206	3.53	3.73	37.78	6	1.42	1	2.84	42.03	37.78	43.98	399.94	390.56	34.858	38.926	30.93	34.53	500.0	1499	16	73.25	2.53	-0.0726	1.0	-0.22	2.74	1.00	0.00	0.16	111115
97	"16:59:13"	2355.5	0	6.46	0.0663	206	3.53	3.73	37.78	6	1.42	1	2.84	42.03	37.78	43.98	399.98	390.57	34.857	38.924	30.92	34.53	499.9	1499	16	73.25	2.53	-0.0726	1.0	-0.22	2.74	1.00	0.00	0.16	111115
98	"16:59:14"	2356.0	0	6.47	0.0662	205	3.52	3.73	37.79	6	1.42	1	2.84	42.03	37.79	43.98	400.02	390.60	34.857	38.921	30.92	34.53	499.9	1500	16	73.25	2.53	-0.0726	0.7	-0.22	2.74	1.00	0.00	0.16	111115
99	"16:59:14"	2356.5	0	6.5	0.0661	204	3.52	3.73	37.80	6	1.42	1	2.84	42.03	37.80	43.98	400.06	390.61	34.858	38.918	30.92	34.53	499.9	1500	16	73.25	2.53	-0.0726	0.7	-0.22	2.74	1.00	0.00	0.16	111115
100	"16:59:15"	2357.0	0	6.49	0.066	204	3.52	3.74	37.80	6	1.42	1	2.84	42.03	37.80	43.98	400.11	390.67	34.858	38.916	30.92	34.52	499.9	1500	16	73.25	2.53	-0.0726	0.7	-0.22	2.74	1.00	0.00	0.16	111115
101	"16:59:15"	2357.5	0	6.48	0.066	205	3.52	3.74	37.80	6	1.42	1	2.84	42.03	37.80	43.98	400.15	390.73	34.858	38.914	30.92	34.52	499.9	1500	16	73.25	2.53	-0.0726	0.7	-0.22	2.74	1.00	0.00	0.16	111115
102	"16:59:16"	2358.0	0	6.49	0.0659	204	3.51	3.74	37.81	6	1.42	1	2.84	42.03	37.81	43.98	400.20	390.77	34.858	38.912	30.92	34.52	499.9	1500	16	73.25	2.53	-0.0726	0.7	-0.22	2.74	1.00	0.00	0.16	111115
103	"16:59:16"	2358.5	0	6.5	0.0658	204	3.51	3.74	37.81	6	1.42	1	2.84	42.03	37.81	43.98	400.21	390.76	34.857	38.906	30.92	34.51	499.9	1501	16	73.24	2.53	-0.0726	0.7	-0.22	2.74	1.00	0.00	0.16	111115
104	"16:59:17"	2359.0	0	6.47	0.0658	204	3.51	3.74	37.81	6	1.42	1	2.84	42.03	37.81	43.98	400.19	390.78	34.856	38.904	30.92	34.51	499.9	1500	16	73.24	2.53	-0.0726	0.7	-0.22	2.74	1.00	0.00	0.16	111115
105	"16:59:17"	2359.5	0	6.47	0.0657	204	3.51	3.74	37.82	6	1.42	1	2.84	42.03	37.82	43.98	400.17	390.75	34.857	38.902	30.91	34.50	499.9	1501	16	73.24	2.53	-0.0726	0.7	-0.22	2.74	1.00	0.00	0.16	111115
