"OPEN 6.3.2"
"Sun Feb  6 2106 00:46:10"
<open><version>"6.3.2"</version></open>
<open><configfile>"/User/Configs/UserPrefs/LED2x3.xml"</configfile></open>
<open><light><source>"6400-02 or -02B LED Source"</source><par_in>1<sensor>"SI-2503"<cal>-0.86<actinity>1.00</actinity><transm>1.00</transm></cal></sensor><transm>1</transm></par_in><par_out>1<sensor>"Q40491"<cal>6.5</cal></sensor></par_out></light></open>
<open><comps><file>"/User/Configs/Comps/StdComps_6.1"<header>""</header><extras></extras></file><energybal>no<f_parIn>1</f_parIn><f_parOut>0</f_parOut><alphaK>0.16</alphaK></energybal><bc_total>2.840<stomatal_ratio>1</stomatal_ratio><bc_oneside>1.420<type>2</type><table>"/Sys/Lib/StdBLCTable"</table><area>6</area><slope>-0.219565</slope><offset>2.73739</offset><fan>5</fan></bc_oneside></bc_total></comps></open>
<open><prompts><onlog>off</onlog><items>"Default (none)"</items></prompts></open>
<open><constants><oxygen>21 %</oxygen><bb_vapor>1.5</bb_vapor><bb_oxy>0.9</bb_oxy></constants></open>
<open><stability><items>"Std Stability"<items[1]><id>-2</id><size>15</size><pcv><onoff>0</onoff><value>1</value></pcv><std><onoff>0</onoff><value>1</value></std><slp><onoff>1</onoff><value>1</value></slp></items[1]><items[2]><id>-5</id><size>15</size><pcv><onoff>0</onoff><value>1</value></pcv><std><onoff>0</onoff><value>1</value></std><slp><onoff>1</onoff><value>1</value></slp></items[2]><items[3]><id>-7</id><size>15</size><pcv><onoff>0</onoff><value>1</value></pcv><std><onoff>0</onoff><value>1</value></std><slp><onoff>1</onoff><value>1</value></slp></items[3]></items></stability></open>
<open><log><format>"StdLogFmt_6.0"<items>{ -35 -21 -70 -69 -76 30 23 36 21 25 221 -33 111 -34 11 -9 -10 -8 -1 -2 -4 -5 -14 -15 -7 -12 -13 -11 -65 -66 -72 -18 -19 -77 -78 -79 -23  }<hdr>{  }</hdr></items></format><options><beep>on</beep><match>"never"<time>30</time><co2>100</co2><delta>10</delta></match><hdr>normal</hdr><rem>normal</rem><stab>no</stab><stats>no<mean>no</mean><file>no</file><period>15</period></stats><excel>yes</excel><controls>yes</controls><comm>no</comm></options><datafile>"/User/stm-as5"</datafile><button><action>"Normal Log"<code>" LogOneObsManual "</code></action></button><autoprog>"/User/Configs/AutoProgs/AutoLog2"<active>no</active></autoprog></log></open>
<open><a2d><avgtime>4.0 secs</avgtime><userchans><ch20>"Off"</ch20><ch21>"Off"</ch21><ch22>"Off"</ch22><ch23>"Off"</ch23></userchans></a2d></open>
<open><matching><type>0</type><disp>'a'</disp><settings>><CO2Limit>10.0</CO2Limit><H2OLimit>1.0</H2OLimit><MaxAutoTime>60</MaxAutoTime><AverageTime>10</AverageTime></settings></matching></open>
<li6400><factory><unit>"PSC-2470"</unit><serviced>"20 Apr 2015"</serviced><fuseaware>0</fuseaware><co2mixer>yes</co2mixer><co2><coeffs>{ 0 0.21905 1.42412e-05 2.84252e-08 -5.87781e-12 5.64561e-16  }</coeffs><dvdt>-3.6</dvdt><xs>{ 0.000524 -0.000211  }</xs></co2><h2o><coeffs>{ 0 0.005729 2.27444e-06 -1.41238e-11  }</coeffs><dvdt>-2.4</dvdt><xs>{ -0.000971 -0.0033  }</xs></h2o><flow>{ 0 0.3713  }</flow><press>{ 86.913 0.00551  }</press></factory></li6400>
<li6400><user><flow_zero>35.5</flow_zero><irga_zero><co2>113.5 -42.6<at>27.0751</at></co2><h2o>35.5 113.5<at>27.1372</at></h2o></irga_zero><irga_span><co2>{ 0.989946 0.991241  }</co2><h2o>{ 0.996267 0.997816  }</h2o></irga_span><irga_match><co2>{ -1.02808 1.59594  }</co2><h2o>{ -0.129204 0.000634416  }</h2o></irga_match><co2_mixer><pump_mv>4500</pump_mv><ppm>{ 2303.18 1102.68 434.338 264.42 121.423 71.172 50.8283 50.7911  }</ppm><mv>{ 5000 3000 1500 1000 500 300 200 100  }</mv></co2_mixer><parin_offset>-0.211894</parin_offset><led_cal><unit>"SI-2503"</unit><mv>{ 10 25 50 100 1000 2000 3000 4000 5000  }</mv><qntm>{ 1.81531 9.77453 25.1762 63.0399 817.066 1630.06 2397.63 3127.23 3814.78  }</qntm></led_cal><lcf_cal><unit>"LCF-0981"</unit><red><mv>{ 50 100 200 400 800 1500  }</mv><qntm>{ 64.6036 145.758 312.409 661.73 1377.94 2641.23  }</qntm></red><blue><mv>{ 100 500 1000 2000 3000 4000 5000  }</mv><qntm>{ 11.107 44.4539 81.9578 145.168 203.372 256.093 300.56  }</qntm></blue></lcf_cal></user></li6400>
"00:46:12 "
$STARTOFDATA$
"Obs"	"HHMMSS"	"YYYYMMDD"	"DOY"	"EBal?"	"Photo"	"Cond"	"Ci"	"Trmmol"	"VpdL"	"CTleaf"	"Area"	"BLC_1"	"StmRat"	"BLCond"	"Tair"	"Tleaf"	"TBlk"	"CO2R"	"CO2S"	"H2OR"	"H2OS"	"RH_R"	"RH_S"	"Flow"	"PARi"	"PARo"	"Press"	"CsMch"	"HsMch"	"StableF"	"BLCslope"	"BLCoffst"	"f_parin"	"f_parout"	"alphaK"	"Status"
"00:46:20 Coolers: Tblock -> 0.00 C"
"00:54:47 Coolers: Tblock -> 23.66 C"
"00:56:52 Flow: Fixed -> 500 umol/s"
1	"00:57:36"	21060206	1	0	3.2	0.0294	204	0.996	2.52	27.49	6	1.42	1	2.84	24.91	27.49	23.69	400.54	396.22	14.042	15.219	33.87	36.70	499.9	1500	0	76.26	3.01	0.427	0.7	-0.22	2.74	1.00	0.00	0.16	111115
2	"00:57:37"	21060206	1	0	3.2	0.0294	204	0.996	2.52	27.49	6	1.42	1	2.84	24.91	27.49	23.69	400.54	396.22	14.042	15.219	33.87	36.70	499.9	1500	0	76.26	3.01	0.427	0.7	-0.22	2.74	1.00	0.00	0.16	111115
3	"00:57:37"	21060206	1	0	3.2	0.0294	204	0.996	2.52	27.49	6	1.42	1	2.84	24.91	27.49	23.69	400.54	396.22	14.042	15.219	33.87	36.70	499.9	1500	0	76.26	3.01	0.427	0.7	-0.22	2.74	1.00	0.00	0.16	111115
4	"00:57:37"	21060206	1	0	3.1	0.0294	210	0.995	2.52	27.49	6	1.42	1	2.84	24.91	27.49	23.69	400.46	396.26	14.044	15.220	33.87	36.71	499.9	1500	0	76.26	3.01	0.427	0.7	-0.22	2.74	1.00	0.00	0.16	111115
5	"00:57:38"	21060206	1	0	3.02	0.0295	214	0.996	2.52	27.48	6	1.42	1	2.84	24.91	27.48	23.69	400.38	396.28	14.044	15.222	33.87	36.71	499.9	1500	0	76.26	3.01	0.427	0.7	-0.22	2.74	1.00	0.00	0.16	111115
6	"00:57:38"	21060206	1	0	2.94	0.0295	219	0.996	2.52	27.48	6	1.42	1	2.84	24.91	27.48	23.69	400.28	396.28	14.044	15.222	33.87	36.71	499.9	1501	0	76.26	3.01	0.427	0.7	-0.22	2.74	1.00	0.00	0.16	111115
7	"00:57:39"	21060206	1	0	2.9	0.0295	221	0.996	2.52	27.48	6	1.42	1	2.84	24.91	27.48	23.69	400.23	396.28	14.046	15.222	33.88	36.71	499.9	1501	0	76.26	3.01	0.427	0.7	-0.22	2.74	1.00	0.00	0.16	111115
8	"00:57:39"	21060206	1	0	2.85	0.0295	223	0.996	2.52	27.49	6	1.42	1	2.84	24.91	27.49	23.69	400.17	396.27	14.046	15.224	33.88	36.72	499.9	1501	0	76.26	3.01	0.427	0.7	-0.22	2.74	1.00	0.00	0.16	111115
9	"00:57:40"	21060206	1	0	2.78	0.0295	227	0.997	2.52	27.50	6	1.42	1	2.84	24.91	27.50	23.69	400.09	396.27	14.047	15.226	33.88	36.72	499.9	1501	0	76.26	3.01	0.427	0.7	-0.22	2.74	1.00	0.00	0.16	111115
10	"00:57:40"	21060206	1	0	2.79	0.0295	227	0.998	2.53	27.51	6	1.42	1	2.84	24.90	27.51	23.69	400.04	396.22	14.047	15.227	33.88	36.73	499.9	1501	0	76.26	3.01	0.427	0.7	-0.22	2.74	1.00	0.00	0.16	111115
11	"00:57:41"	21060206	1	0	2.76	0.0295	228	0.998	2.53	27.51	6	1.42	1	2.84	24.90	27.51	23.69	399.98	396.19	14.048	15.227	33.88	36.73	499.9	1501	0	76.26	3.01	0.427	0.7	-0.22	2.74	1.00	0.00	0.16	111115
12	"00:57:41"	21060206	1	0	2.75	0.0295	228	1	2.53	27.51	6	1.42	1	2.84	24.90	27.51	23.69	399.97	396.19	14.048	15.230	33.88	36.73	499.9	1501	0	76.26	3.01	0.427	0.7	-0.22	2.74	1.00	0.00	0.16	111115
13	"00:57:42"	21060206	1	0	2.78	0.0296	227	1	2.53	27.51	6	1.42	1	2.84	24.90	27.51	23.69	399.97	396.16	14.048	15.231	33.88	36.74	499.9	1501	0	76.26	3.01	0.427	1.0	-0.22	2.74	1.00	0.00	0.16	111115
14	"00:57:42"	21060206	1	0	2.82	0.0296	225	1	2.53	27.50	6	1.42	1	2.84	24.90	27.50	23.69	399.99	396.12	14.050	15.232	33.89	36.74	499.9	1500	0	76.26	3.01	0.427	1.0	-0.22	2.74	1.00	0.00	0.16	111115
15	"00:57:43"	21060206	1	0	2.82	0.0296	225	1	2.52	27.50	6	1.42	1	2.84	24.90	27.50	23.69	399.98	396.11	14.050	15.234	33.89	36.75	499.9	1500	0	76.26	3.01	0.427	1.0	-0.22	2.74	1.00	0.00	0.16	111115
"00:57:53 Coolers: Tblock -> 29.00 C"
"00:59:21 Flow: Fixed -> 500 umol/s"
16	"00:59:36"	21060206	1	0	3.35	0.0321	210	1.14	2.64	29.24	6	1.42	1	2.84	28.93	29.24	29.04	399.99	395.43	17.471	18.816	33.26	35.82	499.9	1500	0	76.26	1.95	0.355	1.0	-0.22	2.74	1.00	0.00	0.16	111115
17	"00:59:37"	21060206	1	0	3.35	0.0321	210	1.14	2.64	29.24	6	1.42	1	2.84	28.93	29.24	29.04	399.99	395.43	17.471	18.816	33.26	35.82	499.9	1500	0	76.26	1.95	0.355	1.0	-0.22	2.74	1.00	0.00	0.16	111115
18	"00:59:37"	21060206	1	0	3.29	0.0321	212	1.14	2.64	29.24	6	1.42	1	2.84	28.93	29.24	29.04	399.92	395.43	17.472	18.816	33.26	35.82	499.9	1500	0	76.26	1.95	0.355	1.0	-0.22	2.74	1.00	0.00	0.16	111115
19	"00:59:38"	21060206	1	0	3.28	0.0321	213	1.14	2.64	29.24	6	1.42	1	2.84	28.93	29.24	29.04	399.85	395.37	17.472	18.817	33.26	35.82	499.9	1500	0	76.26	1.95	0.355	1.0	-0.22	2.74	1.00	0.00	0.16	111115
20	"00:59:38"	21060206	1	0	3.24	0.0322	215	1.14	2.64	29.24	6	1.42	1	2.84	28.93	29.24	29.04	399.78	395.35	17.472	18.820	33.25	35.82	499.9	1500	0	76.26	1.95	0.355	1.0	-0.22	2.74	1.00	0.00	0.16	111115
21	"00:59:39"	21060206	1	0	3.19	0.0323	218	1.15	2.64	29.24	6	1.42	1	2.84	28.94	29.24	29.04	399.67	395.30	17.470	18.822	33.24	35.82	499.9	1500	0	76.26	1.95	0.355	1.0	-0.22	2.74	1.00	0.00	0.16	111115
22	"00:59:39"	21060206	1	0	3.08	0.0323	224	1.15	2.64	29.24	6	1.42	1	2.84	28.94	29.24	29.04	399.55	395.31	17.471	18.822	33.24	35.81	499.9	1500	0	76.26	1.95	0.355	1.0	-0.22	2.74	1.00	0.00	0.16	111115
23	"00:59:40"	21060206	1	0	3.05	0.0323	225	1.15	2.64	29.25	6	1.42	1	2.84	28.94	29.25	29.04	399.49	395.28	17.471	18.824	33.24	35.81	499.9	1500	0	76.26	1.95	0.355	1.0	-0.22	2.74	1.00	0.00	0.16	111115
24	"00:59:40"	21060206	1	0	3.05	0.0323	225	1.15	2.64	29.25	6	1.42	1	2.84	28.95	29.25	29.04	399.45	395.25	17.469	18.824	33.23	35.81	499.9	1500	0	76.26	1.95	0.355	1.0	-0.22	2.74	1.00	0.00	0.16	111115
25	"00:59:41"	21060206	1	0	3.05	0.0324	225	1.15	2.65	29.25	6	1.42	1	2.84	28.95	29.25	29.04	399.43	395.21	17.469	18.827	33.22	35.80	499.9	1500	0	76.26	1.95	0.355	1.0	-0.22	2.74	1.00	0.00	0.16	111115
26	"00:59:41"	21060206	1	0	3.09	0.0324	223	1.15	2.65	29.26	6	1.42	1	2.84	28.95	29.26	29.04	399.44	395.19	17.469	18.828	33.22	35.80	499.9	1500	0	76.26	1.95	0.355	0.7	-0.22	2.74	1.00	0.00	0.16	111115
27	"00:59:42"	21060206	1	0	3.06	0.0324	225	1.15	2.65	29.26	6	1.42	1	2.84	28.95	29.26	29.04	399.41	395.19	17.470	18.829	33.22	35.80	499.9	1500	0	76.26	1.95	0.355	0.7	-0.22	2.74	1.00	0.00	0.16	111115
28	"00:59:42"	21060206	1	0	3.04	0.0324	226	1.15	2.65	29.26	6	1.42	1	2.84	28.95	29.26	29.04	399.37	395.17	17.471	18.830	33.21	35.80	499.9	1500	0	76.26	1.95	0.355	0.7	-0.22	2.74	1.00	0.00	0.16	111115
29	"00:59:43"	21060206	1	0	3.03	0.0324	226	1.16	2.65	29.26	6	1.42	1	2.84	28.96	29.26	29.04	399.34	395.16	17.472	18.832	33.21	35.80	499.9	1500	0	76.26	1.95	0.355	0.7	-0.22	2.74	1.00	0.00	0.16	111115
30	"00:59:44"	21060206	1	0	3.09	0.0325	224	1.16	2.65	29.27	6	1.42	1	2.84	28.96	29.27	29.04	399.35	395.10	17.471	18.833	33.20	35.79	499.9	1500	0	76.26	1.95	0.355	0.7	-0.22	2.74	1.00	0.00	0.16	111115
"00:59:55 Coolers: Tblock -> 34.00 C"
"01:01:51 Flow: Fixed -> 500 umol/s"
31	"01:02:12"	21060206	1	0	3.38	0.0381	232	1.41	2.75	31.04	6	1.42	1	2.84	33.15	31.04	34.03	399.31	394.58	21.607	23.263	32.34	34.81	499.9	1500	0	76.25	1.25	0.282	0.7	-0.22	2.74	1.00	0.00	0.16	111115
32	"01:02:13"	21060206	1	0	3.36	0.0382	233	1.42	2.75	31.04	6	1.42	1	2.84	33.15	31.04	34.03	399.27	394.56	21.606	23.265	32.33	34.81	499.9	1500	0	76.25	1.25	0.282	0.7	-0.22	2.74	1.00	0.00	0.16	111115
33	"01:02:13"	21060206	1	0	3.34	0.0382	234	1.42	2.75	31.04	6	1.42	1	2.84	33.16	31.04	34.03	399.23	394.55	21.605	23.267	32.33	34.81	499.9	1500	0	76.25	1.25	0.282	0.7	-0.22	2.74	1.00	0.00	0.16	111115
34	"01:02:14"	21060206	1	0	3.34	0.0382	234	1.42	2.75	31.04	6	1.42	1	2.84	33.16	31.04	34.03	399.23	394.55	21.605	23.267	32.33	34.81	499.9	1500	0	76.25	1.25	0.282	0.7	-0.22	2.74	1.00	0.00	0.16	111115
35	"01:02:14"	21060206	1	0	3.29	0.0382	236	1.42	2.75	31.04	6	1.42	1	2.84	33.16	31.04	34.03	399.16	394.53	21.604	23.266	32.32	34.81	499.9	1500	0	76.25	1.25	0.282	0.7	-0.22	2.74	1.00	0.00	0.16	111115
36	"01:02:15"	21060206	1	0	3.26	0.0383	238	1.42	2.75	31.05	6	1.42	1	2.84	33.16	31.05	34.03	399.07	394.49	21.602	23.268	32.32	34.81	499.9	1500	0	76.25	1.25	0.282	0.7	-0.22	2.74	1.00	0.00	0.16	111115
37	"01:02:15"	21060206	1	0	3.2	0.0384	241	1.42	2.75	31.05	6	1.42	1	2.84	33.16	31.05	34.03	398.97	394.46	21.601	23.270	32.31	34.81	499.9	1500	0	76.25	1.25	0.282	0.7	-0.22	2.74	1.00	0.00	0.16	111115
38	"01:02:16"	21060206	1	0	3.2	0.0383	240	1.42	2.75	31.05	6	1.42	1	2.84	33.16	31.05	34.03	398.91	394.40	21.603	23.271	32.31	34.81	499.9	1500	0	76.25	1.25	0.282	0.7	-0.22	2.74	1.00	0.00	0.16	111115
39	"01:02:16"	21060206	1	0	3.17	0.0383	241	1.42	2.75	31.05	6	1.42	1	2.84	33.16	31.05	34.03	398.84	394.36	21.605	23.270	32.31	34.80	499.9	1500	0	76.25	1.25	0.282	0.7	-0.22	2.74	1.00	0.00	0.16	111115
40	"01:02:17"	21060206	1	0	3.17	0.0383	241	1.42	2.75	31.05	6	1.42	1	2.84	33.17	31.05	34.03	398.79	394.32	21.605	23.271	32.31	34.80	499.9	1500	0	76.25	1.25	0.282	0.7	-0.22	2.74	1.00	0.00	0.16	111115
41	"01:02:17"	21060206	1	0	3.17	0.0383	241	1.42	2.75	31.05	6	1.42	1	2.84	33.17	31.05	34.03	398.76	394.28	21.606	23.271	32.30	34.79	499.9	1500	0	76.25	1.25	0.282	0.7	-0.22	2.74	1.00	0.00	0.16	111115
42	"01:02:18"	21060206	1	0	3.18	0.0382	241	1.42	2.75	31.05	6	1.42	1	2.84	33.17	31.05	34.03	398.74	394.26	21.607	23.270	32.30	34.79	499.9	1500	0	76.25	1.25	0.282	0.7	-0.22	2.74	1.00	0.00	0.16	111115
43	"01:02:18"	21060206	1	0	3.25	0.0383	238	1.42	2.75	31.05	6	1.42	1	2.84	33.17	31.05	34.03	398.77	394.19	21.606	23.272	32.30	34.79	499.9	1500	0	76.25	1.25	0.282	0.7	-0.22	2.74	1.00	0.00	0.16	111115
44	"01:02:19"	21060206	1	0	3.34	0.0382	234	1.42	2.75	31.06	6	1.42	1	2.84	33.17	31.06	34.03	398.83	394.14	21.605	23.271	32.29	34.78	499.9	1500	0	76.25	1.25	0.282	0.7	-0.22	2.74	1.00	0.00	0.16	111115
45	"01:02:19"	21060206	1	0	3.43	0.0382	230	1.42	2.75	31.06	6	1.42	1	2.84	33.18	31.06	34.04	398.91	394.12	21.607	23.272	32.29	34.78	499.9	1500	0	76.25	1.25	0.282	0.7	-0.22	2.74	1.00	0.00	0.16	111115
"01:02:30 Coolers: Tblock -> 39.00 C"
"01:05:00 Flow: Fixed -> 500 umol/s"
46	"01:05:35"	21060206	1	0	3.98	0.0429	224	1.67	2.87	33.39	6	1.42	1	2.84	37.60	33.39	39.02	399.88	394.31	28.080	30.030	32.87	35.16	499.9	1500	0	76.25	0.795	0.168	0.7	-0.22	2.74	1.00	0.00	0.16	111115
47	"01:05:36"	21060206	1	0	3.98	0.0429	224	1.67	2.87	33.39	6	1.42	1	2.84	37.60	33.39	39.02	399.88	394.31	28.080	30.030	32.87	35.16	499.9	1500	0	76.25	0.795	0.168	0.7	-0.22	2.74	1.00	0.00	0.16	111115
48	"01:05:36"	21060206	1	0	3.98	0.0429	224	1.67	2.87	33.39	6	1.42	1	2.84	37.60	33.39	39.02	399.88	394.31	28.080	30.030	32.87	35.16	499.9	1500	0	76.25	0.795	0.168	0.7	-0.22	2.74	1.00	0.00	0.16	111115
49	"01:05:36"	21060206	1	0	3.99	0.043	224	1.68	2.87	33.39	6	1.42	1	2.84	37.60	33.39	39.02	399.89	394.30	28.079	30.032	32.87	35.15	499.9	1500	0	76.25	0.795	0.168	0.7	-0.22	2.74	1.00	0.00	0.16	111115
50	"01:05:37"	21060206	1	0	3.98	0.043	225	1.68	2.88	33.40	6	1.42	1	2.84	37.60	33.40	39.02	399.89	394.32	28.079	30.034	32.87	35.15	499.9	1500	0	76.25	0.795	0.168	0.7	-0.22	2.74	1.00	0.00	0.16	111115
51	"01:05:37"	21060206	1	0	3.95	0.043	226	1.68	2.88	33.40	6	1.42	1	2.84	37.60	33.40	39.02	399.88	394.33	28.078	30.034	32.86	35.15	499.9	1500	0	76.25	0.795	0.168	0.7	-0.22	2.74	1.00	0.00	0.16	111115
52	"01:05:38"	21060206	1	0	3.92	0.043	227	1.68	2.88	33.41	6	1.42	1	2.84	37.60	33.41	39.02	399.86	394.36	28.079	30.035	32.86	35.15	499.9	1500	0	76.25	0.795	0.168	0.7	-0.22	2.74	1.00	0.00	0.16	111115
53	"01:05:38"	21060206	1	0	3.88	0.043	228	1.68	2.88	33.41	6	1.42	1	2.84	37.61	33.41	39.02	399.85	394.39	28.080	30.036	32.85	35.14	499.9	1500	0	76.25	0.795	0.168	0.7	-0.22	2.74	1.00	0.00	0.16	111115
54	"01:05:39"	21060206	1	0	3.9	0.0429	227	1.68	2.88	33.41	6	1.42	1	2.84	37.61	33.41	39.02	399.87	394.39	28.082	30.037	32.85	35.14	499.9	1500	0	76.25	0.795	0.168	0.7	-0.22	2.74	1.00	0.00	0.16	111115
55	"01:05:39"	21060206	1	0	3.89	0.0429	228	1.68	2.88	33.42	6	1.42	1	2.84	37.61	33.42	39.02	399.87	394.41	28.083	30.040	32.85	35.14	499.9	1500	0	76.25	0.795	0.168	0.7	-0.22	2.74	1.00	0.00	0.16	111115
56	"01:05:40"	21060206	1	0	3.88	0.0429	228	1.68	2.89	33.43	6	1.42	1	2.84	37.61	33.43	39.02	399.88	394.42	28.085	30.043	32.85	35.14	499.9	1500	0	76.25	0.795	0.168	0.7	-0.22	2.74	1.00	0.00	0.16	111115
57	"01:05:41"	21060206	1	0	3.92	0.0429	227	1.68	2.89	33.44	6	1.42	1	2.84	37.61	33.44	39.02	399.91	394.41	28.087	30.045	32.85	35.14	499.9	1500	0	76.25	0.795	0.168	0.7	-0.22	2.74	1.00	0.00	0.16	111115
58	"01:05:41"	21060206	1	0	3.93	0.0428	226	1.68	2.89	33.44	6	1.42	1	2.84	37.62	33.44	39.02	399.92	394.40	28.088	30.045	32.84	35.13	499.9	1500	0	76.25	0.795	0.168	0.7	-0.22	2.74	1.00	0.00	0.16	111115
59	"01:05:42"	21060206	1	0	3.97	0.0429	225	1.68	2.89	33.45	6	1.42	1	2.84	37.62	33.45	39.02	399.96	394.41	28.090	30.051	32.84	35.14	499.9	1500	0	76.25	0.795	0.168	0.7	-0.22	2.74	1.00	0.00	0.16	111115
60	"01:05:42"	21060206	1	0	3.99	0.043	224	1.69	2.89	33.45	6	1.42	1	2.84	37.62	33.45	39.02	399.97	394.38	28.089	30.053	32.84	35.14	499.9	1500	0	76.25	0.795	0.168	0.7	-0.22	2.74	1.00	0.00	0.16	111115
"01:05:50 Coolers: Tblock -> 44.00 C"
"01:09:34 Flow: Fixed -> 500 umol/s"
61	"01:10:25"	21060206	1	0	3.87	0.0494	247	1.96	2.9	35.79	6	1.42	1	2.84	42.09	35.79	44.02	399.95	394.37	37.057	39.320	34.11	36.19	499.9	1500	0	76.24	0.908	0.0155	0.7	-0.22	2.74	1.00	0.00	0.16	111115
62	"01:10:26"	21060206	1	0	3.87	0.0494	247	1.96	2.9	35.79	6	1.42	1	2.84	42.09	35.79	44.02	399.95	394.37	37.057	39.320	34.11	36.19	499.9	1500	0	76.24	0.908	0.0155	0.7	-0.22	2.74	1.00	0.00	0.16	111115
63	"01:10:26"	21060206	1	0	3.84	0.0494	247	1.96	2.9	35.79	6	1.42	1	2.84	42.09	35.79	44.01	399.91	394.37	37.056	39.317	34.11	36.19	499.9	1500	0	76.24	0.908	0.0155	0.7	-0.22	2.74	1.00	0.00	0.16	111115
64	"01:10:27"	21060206	1	0	3.85	0.0494	247	1.96	2.9	35.79	6	1.42	1	2.84	42.09	35.79	44.02	399.93	394.39	37.059	39.319	34.11	36.19	499.9	1500	0	76.24	0.908	0.0155	0.7	-0.22	2.74	1.00	0.00	0.16	111115
65	"01:10:27"	21060206	1	0	3.81	0.0494	248	1.96	2.9	35.78	6	1.42	1	2.84	42.09	35.78	44.02	399.92	394.41	37.059	39.320	34.11	36.19	499.9	1500	0	76.24	0.908	0.0155	1.0	-0.22	2.74	1.00	0.00	0.16	111115
66	"01:10:28"	21060206	1	0	3.83	0.0494	248	1.96	2.9	35.78	6	1.42	1	2.84	42.09	35.78	44.02	399.92	394.40	37.060	39.320	34.11	36.19	499.9	1500	0	76.24	0.908	0.0155	1.0	-0.22	2.74	1.00	0.00	0.16	111115
67	"01:10:28"	21060206	1	0	3.88	0.0493	246	1.96	2.9	35.78	6	1.42	1	2.84	42.10	35.78	44.02	399.95	394.36	37.061	39.319	34.10	36.18	499.9	1500	0	76.24	0.908	0.0155	1.0	-0.22	2.74	1.00	0.00	0.16	111115
68	"01:10:29"	21060206	1	0	3.93	0.0493	244	1.96	2.9	35.79	6	1.42	1	2.84	42.10	35.79	44.02	399.99	394.35	37.061	39.319	34.10	36.18	499.9	1500	0	76.24	0.908	0.0155	1.0	-0.22	2.74	1.00	0.00	0.16	111115
69	"01:10:29"	21060206	1	0	3.93	0.0492	244	1.96	2.9	35.79	6	1.42	1	2.84	42.10	35.79	44.02	400.00	394.36	37.062	39.317	34.10	36.17	499.9	1500	0	76.24	0.908	0.0155	1.0	-0.22	2.74	1.00	0.00	0.16	111115
70	"01:10:30"	21060206	1	0	3.9	0.0492	245	1.95	2.9	35.79	6	1.42	1	2.84	42.10	35.79	44.02	399.98	394.37	37.062	39.316	34.10	36.17	499.9	1500	0	76.24	0.908	0.0155	1.0	-0.22	2.74	1.00	0.00	0.16	111115
71	"01:10:30"	21060206	1	0	3.93	0.0493	244	1.96	2.9	35.79	6	1.42	1	2.84	42.10	35.79	44.02	400.02	394.38	37.062	39.318	34.10	36.17	499.9	1500	0	76.24	0.908	0.0155	1.0	-0.22	2.74	1.00	0.00	0.16	111115
72	"01:10:31"	21060206	1	0	3.94	0.0493	244	1.96	2.9	35.80	6	1.42	1	2.84	42.10	35.80	44.02	400.02	394.36	37.060	39.319	34.09	36.17	499.9	1500	0	76.24	0.908	0.0155	1.0	-0.22	2.74	1.00	0.00	0.16	111115
73	"01:10:31"	21060206	1	0	3.96	0.0492	243	1.96	2.91	35.80	6	1.42	1	2.84	42.10	35.80	44.02	400.00	394.32	37.058	39.317	34.09	36.17	500.0	1500	0	76.24	0.908	0.0155	1.0	-0.22	2.74	1.00	0.00	0.16	111115
74	"01:10:32"	21060206	1	0	3.94	0.0491	244	1.96	2.91	35.81	6	1.42	1	2.84	42.10	35.81	44.02	399.98	394.33	37.060	39.317	34.09	36.17	499.9	1500	0	76.24	0.908	0.0155	1.0	-0.22	2.74	1.00	0.00	0.16	111115
75	"01:10:32"	21060206	1	0	3.91	0.0492	244	1.96	2.91	35.82	6	1.42	1	2.84	42.10	35.82	44.02	399.97	394.34	37.059	39.319	34.09	36.17	500.0	1500	0	76.24	0.908	0.0155	1.0	-0.22	2.74	1.00	0.00	0.16	111115
"01:10:45 Coolers: Tblock -> 49.00 C"
"01:16:16 Flow: Fixed -> 500 umol/s"
"01:17:21 Coolers: Tblock -> 47.11 C"
"01:19:26 Flow: Fixed -> 500 umol/s"
76	"01:19:53"	21060206	1	0	3.41	0.0519	265	2.19	3.07	37.55	6	1.42	1	2.84	45.07	37.55	47.14	399.87	394.74	42.497	45.010	33.49	35.47	499.9	1499	0	76.23	0.36	-0.0607	1.0	-0.22	2.74	1.00	0.00	0.16	111115
77	"01:19:54"	21060206	1	0	3.42	0.0519	265	2.19	3.07	37.55	6	1.42	1	2.84	45.07	37.55	47.14	399.86	394.71	42.500	45.012	33.49	35.47	499.9	1500	0	76.23	0.36	-0.0607	1.0	-0.22	2.74	1.00	0.00	0.16	111115
78	"01:19:54"	21060206	1	0	3.42	0.0519	265	2.19	3.07	37.55	6	1.42	1	2.84	45.07	37.55	47.14	399.86	394.71	42.500	45.012	33.49	35.47	499.9	1500	0	76.23	0.36	-0.0607	1.0	-0.22	2.74	1.00	0.00	0.16	111115
79	"01:19:54"	21060206	1	0	3.39	0.0518	266	2.19	3.06	37.55	6	1.42	1	2.84	45.07	37.55	47.14	399.80	394.70	42.502	45.012	33.49	35.47	499.9	1500	0	76.23	0.36	-0.0607	1.0	-0.22	2.74	1.00	0.00	0.16	111115
80	"01:19:55"	21060206	1	0	3.38	0.0518	266	2.19	3.07	37.55	6	1.42	1	2.84	45.07	37.55	47.14	399.79	394.70	42.504	45.014	33.49	35.47	499.9	1500	0	76.23	0.36	-0.0607	1.0	-0.22	2.74	1.00	0.00	0.16	111115
81	"01:19:56"	21060206	1	0	3.35	0.0518	267	2.19	3.07	37.56	6	1.42	1	2.84	45.07	37.56	47.14	399.77	394.70	42.504	45.016	33.49	35.47	499.9	1500	0	76.23	0.36	-0.0607	1.0	-0.22	2.74	1.00	0.00	0.16	111115
82	"01:19:56"	21060206	1	0	3.34	0.0518	267	2.19	3.07	37.56	6	1.42	1	2.84	45.07	37.56	47.14	399.78	394.74	42.507	45.018	33.49	35.47	499.9	1500	0	76.23	0.36	-0.0607	1.0	-0.22	2.74	1.00	0.00	0.16	111115
83	"01:19:57"	21060206	1	0	3.38	0.0519	266	2.19	3.07	37.56	6	1.42	1	2.84	45.07	37.56	47.14	399.80	394.70	42.506	45.021	33.49	35.47	499.9	1500	0	76.23	0.36	-0.0607	1.0	-0.22	2.74	1.00	0.00	0.16	111115
84	"01:19:57"	21060206	1	0	3.39	0.0518	266	2.19	3.07	37.56	6	1.42	1	2.84	45.07	37.56	47.14	399.79	394.68	42.508	45.020	33.49	35.47	499.9	1500	0	76.23	0.36	-0.0607	1.0	-0.22	2.74	1.00	0.00	0.16	111115
85	"01:19:58"	21060206	1	0	3.39	0.0518	265	2.19	3.07	37.57	6	1.42	1	2.84	45.07	37.57	47.14	399.78	394.67	42.510	45.020	33.49	35.47	499.9	1500	0	76.23	0.36	-0.0607	1.0	-0.22	2.74	1.00	0.00	0.16	111115
86	"01:19:58"	21060206	1	0	3.38	0.0518	266	2.19	3.07	37.57	6	1.42	1	2.84	45.07	37.57	47.14	399.79	394.69	42.513	45.026	33.49	35.47	499.9	1500	0	76.23	0.36	-0.0607	1.0	-0.22	2.74	1.00	0.00	0.16	111115
87	"01:19:59"	21060206	1	0	3.41	0.0518	265	2.19	3.07	37.58	6	1.42	1	2.84	45.07	37.58	47.14	399.82	394.69	42.515	45.028	33.50	35.48	499.9	1500	0	76.23	0.36	-0.0607	1.0	-0.22	2.74	1.00	0.00	0.16	111115
88	"01:19:59"	21060206	1	0	3.45	0.0518	264	2.19	3.07	37.58	6	1.42	1	2.84	45.07	37.58	47.13	399.85	394.67	42.517	45.030	33.50	35.48	499.9	1500	0	76.23	0.36	-0.0607	1.0	-0.22	2.74	1.00	0.00	0.16	111115
89	"01:20:00"	21060206	1	0	3.48	0.0518	263	2.19	3.07	37.57	6	1.42	1	2.84	45.07	37.57	47.13	399.86	394.64	42.517	45.032	33.50	35.48	499.9	1500	0	76.23	0.36	-0.0607	1.0	-0.22	2.74	1.00	0.00	0.16	111115
90	"01:20:00"	21060206	1	0	3.48	0.0518	263	2.19	3.07	37.57	6	1.42	1	2.84	45.07	37.57	47.13	399.84	394.63	42.517	45.032	33.50	35.48	499.9	1500	0	76.23	0.36	-0.0607	1.0	-0.22	2.74	1.00	0.00	0.16	111115
"01:20:15 Coolers: Tblock -> 50.00 C"
