"OPEN 6.2.4"
"Wed Jul  1 2015 11:22:54"
<open><version>"6.2.4"</version></open>
<open><configfile>"/User/Configs/UserPrefs/2x3 LED.xml"</configfile></open>
<open><light><source>"6400-02 or -02B LED Source"</source><par_in>1<sensor>"SI-3781"<cal>-0.93<actinity>1.00</actinity><transm>1.00</transm></cal></sensor><transm>1</transm></par_in><par_out>1<sensor>"Q49599"<cal>7.26</cal></sensor></par_out></light></open>
<open><comps><file>"/User/Configs/Comps/StdComps_6.2"<header>""</header><extras></extras></file><energybal>no<f_parIn>1</f_parIn><f_parOut>0</f_parOut><alphaK>0.16</alphaK></energybal><bc_total>2.840<stomatal_ratio>1</stomatal_ratio><bc_oneside>1.420<type>2</type><table>"/Sys/Lib/StdBLCTable"</table><area>6</area><slope>-0.219565</slope><offset>2.73739</offset><fan>5</fan></bc_oneside></bc_total></comps></open>
<open><prompts><onlog>off</onlog><items>"Default (none)"</items></prompts></open>
<open><constants><oxygen>21 %</oxygen><bb_vapor>1.5</bb_vapor><bb_oxy>0.9</bb_oxy></constants></open>
<open><stability><items>"Std Stability"<items[1]><id>-2</id><size>15</size><pcv><onoff>0</onoff><value>1</value></pcv><std><onoff>0</onoff><value>1</value></std><slp><onoff>1</onoff><value>1</value></slp></items[1]><items[2]><id>-5</id><size>15</size><pcv><onoff>0</onoff><value>1</value></pcv><std><onoff>0</onoff><value>1</value></std><slp><onoff>1</onoff><value>1</value></slp></items[2]><items[3]><id>-7</id><size>15</size><pcv><onoff>0</onoff><value>1</value></pcv><std><onoff>0</onoff><value>1</value></std><slp><onoff>1</onoff><value>1</value></slp></items[3]></items></stability></open>
<open><log><format>"StdLogFmt_6.0"<items>{ -35 -21 -36 -76 30 23 36 21 25 221 -33 111 -34 11 -9 -10 -8 -1 -2 -4 -5 -14 -15 -7 -12 -13 -11 -65 -66 -72 -18 -19 -77 -78 -79 -23  }<hdr>{  }</hdr></items></format><options><beep>on</beep><hdr>normal</hdr><rem>normal</rem><stab>no</stab><stats>no<mean>no</mean><file>no</file><period>15</period></stats><excel>yes</excel><controls>yes</controls><comm>no</comm></options><datafile>"/User/stm-pbcup2"</datafile><button><action>"Normal Log"<code>" LogOneObsManual "</code></action></button><autoprog>"/User/Configs/AutoProgs/AutoLog2"<active>no</active></autoprog></log></open>
<open><a2d><avgtime>4.0 secs</avgtime><userchans><ch20>"Off"</ch20><ch21>"Off"</ch21><ch22>"Off"</ch22><ch23>"Off"</ch23></userchans></a2d></open>
<open><matching><type>0</type><disp>'a'</disp><settings><CO2Limit>10.0</CO2Limit><H2OLimit>1.0</H2OLimit><MaxAutoTime>60</MaxAutoTime></settings></matching></open>
<li6400><factory><unit>"PSC-3840"</unit><serviced>"1 Jul 2013"</serviced><fuseaware>0</fuseaware><co2mixer>yes</co2mixer><co2><coeffs>{ 0 0.213319 2.22998e-05 2.13159e-08 -3.88664e-12 3.69888e-16  }</coeffs><dvdt>-4.7</dvdt><xs>{ 0.0009 -0.0002  }</xs></co2><h2o><coeffs>{ 0 0.00572751 2.23485e-06 -7.37877e-12  }</coeffs><dvdt>-1.7</dvdt><xs>{ 0.0009 -0.0028  }</xs></h2o><flow>{ 0 0.3568  }</flow><press>{ 88.437 0.00551  }</press></factory></li6400>
<li6400><user><flow_zero>-468.8</flow_zero><irga_zero><co2>429.7 390.6<at>17.6901</at></co2><h2o>78.1 156.2<at>17.1607</at></h2o></irga_zero><irga_span><co2>{ 0.99237 0.992833  }</co2><h2o>{ 1.00426 0.996799  }</h2o></irga_span><irga_match><co2>{ 0.368307 -2.04367  }</co2><h2o>{ 0.00477181 0.0332226  }</h2o></irga_match><co2_mixer><pump_mv>4500</pump_mv><ppm>{ 2287.2 1080.71 423.89 257.488 117.195 68.0056 44.5242 37.9628  }</ppm><mv>{ 5000 3000 1500 1000 500 300 200 100  }</mv></co2_mixer><parin_offset>0</parin_offset><led_cal><unit>"SI-3781"</unit><mv>{ 10 25 50 100 1000 2000 3000 4000 5000  }</mv><qntm>{ 4.69642 15.4417 35.4805 82.2863 972.665 1922.29 2824.32 3690.14 4518.2  }</qntm></led_cal><lcf_cal><unit>"unknown"</unit><red><mv>{ 50 100 500 1000 1500 5000  }</mv><qntm>{ 50 100 500 1000 2000 5000  }</qntm></red><blue><mv>{ 100 200 500 1000 2000 5000  }</mv><qntm>{ 10 20 50 100 200 500  }</qntm></blue></lcf_cal></user></li6400>
"11:22:55 "
$STARTOFDATA$
"Obs"	"HHMMSS"	"FTime"	"EBal?"	"Photo"	"Cond"	"Ci"	"Trmmol"	"VpdL"	"CTleaf"	"Area"	"BLC_1"	"StmRat"	"BLCond"	"Tair"	"Tleaf"	"TBlk"	"CO2R"	"CO2S"	"H2OR"	"H2OS"	"RH_R"	"RH_S"	"Flow"	"PARi"	"PARo"	"Press"	"CsMch"	"HsMch"	"StableF"	"BLCslope"	"BLCoffst"	"f_parin"	"f_parout"	"alphaK"	"Status"
"11:26:41 Flow: Fixed -> 500 umol/s"
"11:26:51 Coolers: Tblock -> 4.06 C"
"11:27:40 Flow: Fixed -> 500 umol/s"
1	"11:28:03"	311.5	0	11.6	0.25	295	3.83	1.12	12.84	6	1.42	1	2.84	6.75	12.84	4.15	399.37	383.70	0.731	5.301	5.06	36.70	499.9	1499	53	68.45	-2.41	0.232	1.0	-0.22	2.74	1.00	0.00	0.16	111115
2	"11:28:04"	311.5	0	11.6	0.25	295	3.83	1.12	12.84	6	1.42	1	2.84	6.75	12.84	4.15	399.37	383.70	0.731	5.301	5.06	36.70	499.9	1499	53	68.45	-2.41	0.232	1.0	-0.22	2.74	1.00	0.00	0.16	111115
3	"11:28:04"	312.0	0	11.6	0.25	295	3.83	1.12	12.84	6	1.42	1	2.84	6.75	12.84	4.15	399.37	383.70	0.731	5.301	5.06	36.70	499.9	1499	53	68.45	-2.41	0.232	1.0	-0.22	2.74	1.00	0.00	0.16	111115
4	"11:28:05"	312.5	0	11.6	0.25	295	3.83	1.12	12.84	6	1.42	1	2.84	6.75	12.84	4.15	399.39	383.69	0.731	5.302	5.06	36.71	499.9	1499	53	68.45	-2.41	0.232	1.0	-0.22	2.74	1.00	0.00	0.16	111115
5	"11:28:05"	313.0	0	11.6	0.25	295	3.83	1.12	12.84	6	1.42	1	2.84	6.75	12.84	4.15	399.39	383.72	0.731	5.302	5.06	36.71	499.9	1499	53	68.45	-2.41	0.232	1.0	-0.22	2.74	1.00	0.00	0.16	111115
6	"11:28:06"	313.5	0	11.6	0.25	295	3.83	1.12	12.84	6	1.42	1	2.84	6.75	12.84	4.15	399.38	383.71	0.731	5.303	5.06	36.72	499.9	1499	53	68.45	-2.41	0.232	1.0	-0.22	2.74	1.00	0.00	0.16	111115
7	"11:28:06"	314.0	0	11.6	0.25	295	3.83	1.12	12.84	6	1.42	1	2.84	6.75	12.84	4.15	399.37	383.72	0.731	5.304	5.06	36.72	499.9	1499	53	68.45	-2.41	0.232	1.0	-0.22	2.74	1.00	0.00	0.16	111115
8	"11:28:07"	314.5	0	11.6	0.25	295	3.83	1.12	12.84	6	1.42	1	2.84	6.75	12.84	4.15	399.35	383.67	0.731	5.305	5.06	36.73	499.9	1499	53	68.45	-2.41	0.232	1.0	-0.22	2.74	1.00	0.00	0.16	111115
9	"11:28:07"	315.0	0	11.6	0.25	295	3.83	1.12	12.84	6	1.42	1	2.84	6.75	12.84	4.15	399.36	383.69	0.731	5.306	5.06	36.74	499.9	1499	53	68.45	-2.41	0.232	1.0	-0.22	2.74	1.00	0.00	0.16	111115
10	"11:28:08"	315.5	0	11.6	0.251	295	3.83	1.12	12.83	6	1.42	1	2.84	6.75	12.83	4.15	399.35	383.66	0.731	5.305	5.06	36.74	499.9	1499	53	68.45	-2.41	0.232	1.0	-0.22	2.74	1.00	0.00	0.16	111115
11	"11:28:08"	316.0	0	11.6	0.251	295	3.83	1.12	12.83	6	1.42	1	2.84	6.75	12.83	4.15	399.36	383.68	0.730	5.306	5.06	36.74	499.9	1499	53	68.45	-2.41	0.232	1.0	-0.22	2.74	1.00	0.00	0.16	111115
12	"11:28:09"	316.5	0	11.5	0.251	295	3.83	1.12	12.83	6	1.42	1	2.84	6.75	12.83	4.15	399.32	383.69	0.730	5.305	5.05	36.74	499.9	1499	53	68.45	-2.41	0.232	1.0	-0.22	2.74	1.00	0.00	0.16	111115
13	"11:28:09"	317.0	0	11.5	0.251	296	3.83	1.12	12.83	6	1.42	1	2.84	6.75	12.83	4.15	399.31	383.69	0.730	5.305	5.05	36.74	500.0	1499	54	68.45	-2.41	0.232	1.0	-0.22	2.74	1.00	0.00	0.16	111115
14	"11:28:10"	317.5	0	11.5	0.251	296	3.83	1.12	12.82	6	1.42	1	2.84	6.74	12.82	4.14	399.32	383.70	0.731	5.305	5.06	36.75	500.0	1499	54	68.45	-2.41	0.232	1.0	-0.22	2.74	1.00	0.00	0.16	111115
15	"11:28:10"	318.0	0	11.6	0.251	296	3.83	1.12	12.82	6	1.42	1	2.84	6.74	12.82	4.14	399.31	383.68	0.730	5.305	5.06	36.74	499.9	1499	55	68.45	-2.41	0.232	1.0	-0.22	2.74	1.00	0.00	0.16	111115
"11:28:21 Coolers: Tblock -> 9.00 C"
"11:31:05 Flow: Fixed -> 500 umol/s"
16	"11:31:30"	519.0	0	12.6	0.26	290	4.35	1.23	14.89	6	1.42	1	2.84	10.63	14.89	9.03	401.19	384.02	1.686	6.869	8.98	36.58	500.0	1499	255	68.45	-2.85	0.214	1.0	-0.22	2.74	1.00	0.00	0.16	111115
17	"11:31:30"	519.0	0	12.6	0.26	290	4.35	1.23	14.89	6	1.42	1	2.84	10.63	14.89	9.03	401.19	384.02	1.686	6.869	8.98	36.58	500.0	1499	255	68.45	-2.85	0.214	1.0	-0.22	2.74	1.00	0.00	0.16	111115
18	"11:31:31"	519.5	0	12.6	0.26	291	4.35	1.23	14.89	6	1.42	1	2.84	10.63	14.89	9.03	401.16	384.03	1.686	6.869	8.98	36.58	500.0	1499	255	68.45	-2.85	0.214	1.0	-0.22	2.74	1.00	0.00	0.16	111115
19	"11:31:31"	520.0	0	12.6	0.26	291	4.35	1.23	14.89	6	1.42	1	2.84	10.63	14.89	9.03	401.21	384.04	1.685	6.871	8.97	36.58	499.9	1499	255	68.45	-2.85	0.214	1.0	-0.22	2.74	1.00	0.00	0.16	111115
20	"11:31:32"	520.5	0	12.6	0.26	291	4.35	1.23	14.89	6	1.42	1	2.84	10.63	14.89	9.03	401.18	384.05	1.685	6.871	8.97	36.58	499.9	1499	255	68.45	-2.85	0.214	1.0	-0.22	2.74	1.00	0.00	0.16	111115
21	"11:31:32"	521.0	0	12.6	0.26	291	4.35	1.23	14.89	6	1.42	1	2.84	10.63	14.89	9.03	401.20	384.06	1.685	6.873	8.97	36.59	499.9	1499	255	68.45	-2.85	0.214	1.0	-0.22	2.74	1.00	0.00	0.16	111115
22	"11:31:33"	521.5	0	12.6	0.26	291	4.35	1.23	14.89	6	1.42	1	2.84	10.64	14.89	9.03	401.15	384.07	1.686	6.873	8.97	36.58	499.9	1499	255	68.45	-2.85	0.214	1.0	-0.22	2.74	1.00	0.00	0.16	111115
23	"11:31:33"	522.0	0	12.6	0.261	291	4.36	1.23	14.90	6	1.42	1	2.84	10.64	14.90	9.04	401.18	384.05	1.685	6.877	8.97	36.60	499.9	1499	255	68.45	-2.85	0.214	1.0	-0.22	2.74	1.00	0.00	0.16	111115
24	"11:31:34"	522.5	0	12.6	0.261	291	4.36	1.23	14.90	6	1.42	1	2.84	10.64	14.90	9.04	401.17	384.06	1.686	6.879	8.97	36.60	499.9	1499	255	68.45	-2.85	0.214	1.0	-0.22	2.74	1.00	0.00	0.16	111115
25	"11:31:34"	523.0	0	12.6	0.261	291	4.36	1.23	14.90	6	1.42	1	2.84	10.64	14.90	9.04	401.20	384.06	1.687	6.882	8.97	36.62	499.9	1499	255	68.45	-2.85	0.214	1.0	-0.22	2.74	1.00	0.00	0.16	111115
26	"11:31:35"	523.5	0	12.6	0.261	291	4.36	1.23	14.90	6	1.42	1	2.84	10.64	14.90	9.04	401.24	384.06	1.686	6.886	8.97	36.63	500.0	1499	255	68.45	-2.85	0.214	1.0	-0.22	2.74	1.00	0.00	0.16	111115
27	"11:31:35"	524.0	0	12.6	0.261	291	4.36	1.23	14.90	6	1.42	1	2.84	10.65	14.90	9.04	401.20	384.08	1.687	6.887	8.98	36.63	500.0	1499	255	68.45	-2.85	0.214	1.0	-0.22	2.74	1.00	0.00	0.16	111115
28	"11:31:36"	524.5	0	12.6	0.261	291	4.36	1.23	14.90	6	1.42	1	2.84	10.65	14.90	9.04	401.24	384.08	1.688	6.889	8.98	36.64	500.0	1499	256	68.45	-2.85	0.214	1.0	-0.22	2.74	1.00	0.00	0.16	111115
29	"11:31:36"	525.0	0	12.6	0.261	291	4.36	1.23	14.90	6	1.42	1	2.84	10.65	14.90	9.04	401.23	384.10	1.688	6.890	8.98	36.64	500.0	1499	256	68.45	-2.85	0.214	1.0	-0.22	2.74	1.00	0.00	0.16	111115
30	"11:31:37"	525.5	0	12.6	0.261	291	4.37	1.23	14.91	6	1.42	1	2.84	10.65	14.91	9.04	401.23	384.08	1.689	6.892	8.98	36.65	500.0	1499	256	68.45	-2.85	0.214	1.0	-0.22	2.74	1.00	0.00	0.16	111115
"11:31:45 Coolers: Tblock -> 14.00 C"
"11:34:10 Flow: Fixed -> 500 umol/s"
31	"11:34:28"	696.5	0	13.2	0.269	286	4.97	1.36	17.45	6	1.42	1	2.84	14.85	17.45	14.11	399.56	381.43	3.506	9.410	14.16	38.01	499.9	1499	258	68.45	-2.79	0.211	1.0	-0.22	2.74	1.00	0.00	0.16	111115
32	"11:34:28"	696.5	0	13.2	0.269	286	4.97	1.36	17.45	6	1.42	1	2.84	14.85	17.45	14.11	399.56	381.43	3.506	9.410	14.16	38.01	499.9	1499	258	68.45	-2.79	0.211	1.0	-0.22	2.74	1.00	0.00	0.16	111115
33	"11:34:29"	696.5	0	13.2	0.269	286	4.97	1.36	17.45	6	1.42	1	2.84	14.85	17.45	14.11	399.56	381.43	3.506	9.410	14.16	38.01	499.9	1499	258	68.45	-2.79	0.211	1.0	-0.22	2.74	1.00	0.00	0.16	111115
34	"11:34:29"	697.0	0	13.2	0.269	286	4.97	1.36	17.46	6	1.42	1	2.84	14.85	17.46	14.11	399.58	381.46	3.506	9.413	14.16	38.01	499.9	1499	257	68.45	-2.79	0.211	1.0	-0.22	2.74	1.00	0.00	0.16	111115
35	"11:34:30"	697.5	0	13.2	0.269	286	4.97	1.36	17.46	6	1.42	1	2.84	14.85	17.46	14.11	399.56	381.45	3.506	9.416	14.16	38.02	499.9	1499	257	68.45	-2.79	0.211	1.0	-0.22	2.74	1.00	0.00	0.16	111115
36	"11:34:30"	698.0	0	13.2	0.269	286	4.97	1.36	17.46	6	1.42	1	2.84	14.85	17.46	14.11	399.58	381.44	3.507	9.419	14.16	38.03	499.9	1499	257	68.45	-2.79	0.211	1.0	-0.22	2.74	1.00	0.00	0.16	111115
37	"11:34:31"	698.5	0	13.3	0.269	286	4.98	1.36	17.46	6	1.42	1	2.84	14.86	17.46	14.11	399.57	381.39	3.507	9.421	14.16	38.03	500.0	1499	256	68.45	-2.79	0.211	1.0	-0.22	2.74	1.00	0.00	0.16	111115
38	"11:34:31"	699.0	0	13.2	0.269	286	4.98	1.36	17.47	6	1.42	1	2.84	14.86	17.47	14.11	399.58	381.41	3.508	9.425	14.16	38.04	500.0	1499	256	68.45	-2.79	0.211	1.0	-0.22	2.74	1.00	0.00	0.16	111115
39	"11:34:32"	699.5	0	13.2	0.269	286	4.98	1.36	17.47	6	1.42	1	2.84	14.86	17.47	14.11	399.57	381.43	3.509	9.427	14.16	38.05	500.0	1499	256	68.45	-2.79	0.211	1.0	-0.22	2.74	1.00	0.00	0.16	111115
40	"11:34:32"	700.0	0	13.2	0.269	286	4.98	1.36	17.47	6	1.42	1	2.84	14.86	17.47	14.11	399.57	381.43	3.510	9.429	14.16	38.05	500.0	1499	256	68.45	-2.79	0.211	1.0	-0.22	2.74	1.00	0.00	0.16	111115
41	"11:34:33"	700.5	0	13.2	0.27	286	4.98	1.36	17.47	6	1.42	1	2.84	14.86	17.47	14.11	399.59	381.42	3.510	9.430	14.16	38.05	500.0	1499	255	68.45	-2.79	0.211	1.0	-0.22	2.74	1.00	0.00	0.16	111115
42	"11:34:33"	701.0	0	13.3	0.269	286	4.98	1.36	17.48	6	1.42	1	2.84	14.87	17.48	14.11	399.60	381.39	3.510	9.432	14.16	38.05	500.0	1499	255	68.45	-2.79	0.211	1.0	-0.22	2.74	1.00	0.00	0.16	111115
43	"11:34:34"	701.5	0	13.3	0.27	285	4.98	1.36	17.48	6	1.42	1	2.84	14.87	17.48	14.11	399.61	381.39	3.511	9.434	14.16	38.06	499.9	1499	255	68.45	-2.79	0.211	1.0	-0.22	2.74	1.00	0.00	0.16	111115
44	"11:34:34"	702.0	0	13.3	0.27	285	4.99	1.36	17.48	6	1.42	1	2.84	14.87	17.48	14.11	399.63	381.38	3.510	9.437	14.16	38.06	500.0	1499	255	68.45	-2.79	0.211	1.0	-0.22	2.74	1.00	0.00	0.16	111115
45	"11:34:35"	702.5	0	13.3	0.27	286	4.99	1.36	17.49	6	1.42	1	2.84	14.87	17.49	14.11	399.61	381.42	3.511	9.440	14.16	38.07	500.0	1499	255	68.45	-2.79	0.211	1.0	-0.22	2.74	1.00	0.00	0.16	111115
"11:34:41 Coolers: Tblock -> 19.00 C"
"11:37:36 Flow: Fixed -> 500 umol/s"
46	"11:37:52"	900.5	0	13.9	0.273	280	6.02	1.62	20.25	6	1.42	1	2.84	19.23	20.25	18.99	400.39	380.97	4.070	11.214	12.45	34.31	499.9	1499	258	68.44	-2.65	0.186	1.0	-0.22	2.74	1.00	0.00	0.16	111115
47	"11:37:53"	900.5	0	13.9	0.273	280	6.02	1.62	20.25	6	1.42	1	2.84	19.23	20.25	18.99	400.39	380.97	4.070	11.214	12.45	34.31	499.9	1499	258	68.44	-2.65	0.186	1.0	-0.22	2.74	1.00	0.00	0.16	111115
48	"11:37:53"	901.0	0	13.9	0.273	280	6.02	1.62	20.25	6	1.42	1	2.84	19.23	20.25	18.99	400.40	380.96	4.070	11.216	12.45	34.31	499.9	1499	258	68.44	-2.65	0.186	1.0	-0.22	2.74	1.00	0.00	0.16	111115
49	"11:37:54"	901.5	0	13.9	0.273	281	6.02	1.62	20.25	6	1.42	1	2.84	19.23	20.25	18.99	400.39	381.00	4.070	11.219	12.45	34.32	499.9	1499	258	68.44	-2.65	0.186	1.0	-0.22	2.74	1.00	0.00	0.16	111115
50	"11:37:54"	902.0	0	13.8	0.273	281	6.03	1.62	20.26	6	1.42	1	2.84	19.24	20.26	18.99	400.39	381.02	4.070	11.221	12.45	34.32	499.9	1499	258	68.44	-2.65	0.186	1.0	-0.22	2.74	1.00	0.00	0.16	111115
51	"11:37:55"	902.5	0	13.9	0.273	280	6.03	1.62	20.26	6	1.42	1	2.84	19.24	20.26	18.99	400.42	380.99	4.070	11.223	12.45	34.32	499.9	1499	258	68.44	-2.65	0.186	1.0	-0.22	2.74	1.00	0.00	0.16	111115
52	"11:37:55"	903.0	0	13.9	0.273	280	6.03	1.62	20.26	6	1.42	1	2.84	19.24	20.26	18.99	400.44	380.99	4.070	11.224	12.45	34.32	499.9	1499	258	68.44	-2.65	0.186	1.0	-0.22	2.74	1.00	0.00	0.16	111115
53	"11:37:55"	903.5	0	13.9	0.273	280	6.03	1.62	20.26	6	1.42	1	2.84	19.24	20.26	18.99	400.40	380.98	4.070	11.224	12.44	34.32	499.9	1499	258	68.44	-2.65	0.186	1.0	-0.22	2.74	1.00	0.00	0.16	111115
54	"11:37:56"	904.0	0	13.9	0.273	280	6.03	1.62	20.27	6	1.42	1	2.84	19.24	20.27	18.99	400.37	380.96	4.069	11.225	12.44	34.32	499.9	1499	258	68.44	-2.65	0.186	1.0	-0.22	2.74	1.00	0.00	0.16	111115
55	"11:37:56"	904.5	0	13.9	0.273	280	6.03	1.62	20.27	6	1.42	1	2.84	19.24	20.27	18.99	400.37	380.96	4.068	11.226	12.44	34.32	499.9	1499	258	68.44	-2.65	0.186	1.0	-0.22	2.74	1.00	0.00	0.16	111115
56	"11:37:57"	905.0	0	13.9	0.273	280	6.03	1.62	20.27	6	1.42	1	2.84	19.24	20.27	18.99	400.36	380.91	4.067	11.227	12.43	34.32	499.9	1499	258	68.44	-2.65	0.186	1.0	-0.22	2.74	1.00	0.00	0.16	111115
57	"11:37:58"	905.5	0	14	0.273	280	6.03	1.62	20.28	6	1.42	1	2.84	19.25	20.28	18.99	400.41	380.86	4.065	11.225	12.42	34.31	500.0	1499	258	68.44	-2.65	0.186	1.0	-0.22	2.74	1.00	0.00	0.16	111115
58	"11:37:58"	906.0	0	14	0.273	279	6.04	1.62	20.28	6	1.42	1	2.84	19.25	20.28	18.99	400.42	380.84	4.064	11.225	12.42	34.31	500.0	1500	258	68.44	-2.65	0.186	1.0	-0.22	2.74	1.00	0.00	0.16	111115
59	"11:37:59"	906.5	0	14	0.273	280	6.04	1.62	20.28	6	1.42	1	2.84	19.25	20.28	18.99	400.39	380.85	4.062	11.225	12.41	34.30	500.0	1499	258	68.44	-2.65	0.186	1.0	-0.22	2.74	1.00	0.00	0.16	111115
60	"11:37:59"	907.0	0	13.9	0.273	280	6.04	1.62	20.29	6	1.42	1	2.84	19.25	20.29	18.99	400.37	380.87	4.061	11.226	12.41	34.31	500.0	1500	258	68.44	-2.65	0.186	0.7	-0.22	2.74	1.00	0.00	0.16	111115
"11:38:09 Coolers: Tblock -> 24.00 C"
"11:39:46 Flow: Fixed -> 500 umol/s"
61	"11:40:03"	1031.0	0	13.8	0.269	279	6.13	1.66	22.14	6	1.42	1	2.84	23.25	22.14	24.08	401.00	381.57	7.555	14.798	18.07	35.39	499.9	1499	259	68.44	-2.82	0.145	1.0	-0.22	2.74	1.00	0.00	0.16	111115
62	"11:40:03"	1031.0	0	13.8	0.269	279	6.13	1.66	22.14	6	1.42	1	2.84	23.25	22.14	24.08	401.00	381.57	7.555	14.798	18.07	35.39	499.9	1499	259	68.44	-2.82	0.145	1.0	-0.22	2.74	1.00	0.00	0.16	111115
63	"11:40:04"	1031.5	0	13.9	0.268	279	6.13	1.66	22.14	6	1.42	1	2.84	23.25	22.14	24.08	401.01	381.56	7.557	14.801	18.07	35.39	499.9	1499	259	68.44	-2.82	0.145	1.0	-0.22	2.74	1.00	0.00	0.16	111115
64	"11:40:04"	1032.0	0	13.9	0.269	279	6.13	1.66	22.14	6	1.42	1	2.84	23.25	22.14	24.08	401.01	381.53	7.559	14.805	18.07	35.39	499.9	1500	260	68.44	-2.82	0.145	1.0	-0.22	2.74	1.00	0.00	0.16	111115
65	"11:40:05"	1032.5	0	13.9	0.269	279	6.13	1.66	22.15	6	1.42	1	2.84	23.26	22.15	24.08	401.02	381.51	7.560	14.809	18.07	35.39	499.9	1500	260	68.44	-2.82	0.145	1.0	-0.22	2.74	1.00	0.00	0.16	111115
66	"11:40:05"	1033.0	0	13.9	0.268	279	6.13	1.66	22.15	6	1.42	1	2.84	23.26	22.15	24.08	401.01	381.55	7.564	14.811	18.07	35.39	499.9	1500	260	68.44	-2.82	0.145	1.0	-0.22	2.74	1.00	0.00	0.16	111115
67	"11:40:06"	1033.5	0	13.9	0.268	279	6.13	1.66	22.15	6	1.42	1	2.84	23.26	22.15	24.08	401.04	381.51	7.564	14.814	18.07	35.39	499.9	1500	259	68.44	-2.82	0.145	1.0	-0.22	2.74	1.00	0.00	0.16	111115
68	"11:40:06"	1034.0	0	13.9	0.268	279	6.13	1.67	22.16	6	1.42	1	2.84	23.26	22.16	24.08	401.04	381.54	7.566	14.814	18.07	35.39	499.9	1500	259	68.44	-2.82	0.145	1.0	-0.22	2.74	1.00	0.00	0.16	111115
69	"11:40:07"	1034.5	0	13.9	0.268	279	6.13	1.67	22.16	6	1.42	1	2.84	23.27	22.16	24.08	401.06	381.54	7.567	14.816	18.07	35.39	499.9	1500	259	68.44	-2.82	0.145	1.0	-0.22	2.74	1.00	0.00	0.16	111115
70	"11:40:07"	1035.0	0	13.9	0.268	279	6.13	1.67	22.17	6	1.42	1	2.84	23.27	22.17	24.08	401.10	381.59	7.568	14.819	18.07	35.39	499.9	1500	259	68.44	-2.82	0.145	1.0	-0.22	2.74	1.00	0.00	0.16	111115
71	"11:40:08"	1035.5	0	14	0.268	279	6.13	1.67	22.17	6	1.42	1	2.84	23.27	22.17	24.08	401.15	381.59	7.569	14.822	18.07	35.39	499.9	1500	258	68.44	-2.82	0.145	1.0	-0.22	2.74	1.00	0.00	0.16	111115
72	"11:40:08"	1036.0	0	14	0.268	278	6.13	1.67	22.18	6	1.42	1	2.84	23.28	22.18	24.08	401.19	381.61	7.569	14.823	18.07	35.38	499.9	1500	258	68.44	-2.82	0.145	1.0	-0.22	2.74	1.00	0.00	0.16	111115
73	"11:40:09"	1036.5	0	14	0.268	278	6.14	1.67	22.18	6	1.42	1	2.84	23.28	22.18	24.08	401.24	381.65	7.571	14.825	18.07	35.38	499.9	1500	258	68.44	-2.82	0.145	1.0	-0.22	2.74	1.00	0.00	0.16	111115
74	"11:40:09"	1037.0	0	14	0.268	278	6.14	1.67	22.18	6	1.42	1	2.84	23.28	22.18	24.07	401.25	381.65	7.570	14.827	18.06	35.38	499.9	1500	258	68.44	-2.82	0.145	1.0	-0.22	2.74	1.00	0.00	0.16	111115
75	"11:40:10"	1037.5	0	14	0.268	278	6.14	1.67	22.19	6	1.42	1	2.84	23.29	22.19	24.07	401.27	381.67	7.571	14.830	18.06	35.38	500.0	1500	258	68.44	-2.82	0.145	1.0	-0.22	2.74	1.00	0.00	0.16	111115
"11:40:21 Coolers: Tblock -> 29.00 C"
"11:42:20 Flow: Fixed -> 500 umol/s"
76	"11:42:40"	1188.0	0	13.6	0.256	276	6.29	1.77	24.36	6	1.42	1	2.84	27.38	24.36	28.96	399.96	380.79	11.398	18.805	21.32	35.17	499.9	1500	248	68.45	-2.64	0.083	1.0	-0.22	2.74	1.00	0.00	0.16	111115
77	"11:42:40"	1188.0	0	13.6	0.256	276	6.29	1.77	24.36	6	1.42	1	2.84	27.38	24.36	28.96	399.96	380.79	11.398	18.805	21.32	35.17	499.9	1500	248	68.45	-2.64	0.083	1.0	-0.22	2.74	1.00	0.00	0.16	111115
78	"11:42:40"	1188.5	0	13.6	0.256	276	6.29	1.77	24.37	6	1.42	1	2.84	27.38	24.37	28.96	399.96	380.78	11.397	18.808	21.31	35.17	499.9	1500	248	68.45	-2.64	0.083	1.0	-0.22	2.74	1.00	0.00	0.16	111115
79	"11:42:41"	1189.0	0	13.6	0.256	275	6.3	1.78	24.37	6	1.42	1	2.84	27.39	24.37	28.96	399.96	380.75	11.397	18.811	21.31	35.17	499.9	1500	248	68.45	-2.64	0.083	1.0	-0.22	2.74	1.00	0.00	0.16	111115
80	"11:42:41"	1189.5	0	13.6	0.256	275	6.3	1.78	24.38	6	1.42	1	2.84	27.39	24.38	28.96	399.98	380.73	11.397	18.814	21.30	35.17	499.8	1500	248	68.45	-2.64	0.083	1.0	-0.22	2.74	1.00	0.00	0.16	111115
81	"11:42:42"	1190.0	0	13.7	0.256	275	6.3	1.78	24.38	6	1.42	1	2.84	27.39	24.38	28.96	399.98	380.68	11.396	18.816	21.30	35.16	499.8	1500	248	68.45	-2.64	0.083	1.0	-0.22	2.74	1.00	0.00	0.16	111115
82	"11:42:42"	1190.0	0	13.7	0.256	275	6.3	1.78	24.38	6	1.42	1	2.84	27.39	24.38	28.96	399.98	380.68	11.396	18.816	21.30	35.16	499.8	1500	248	68.45	-2.64	0.083	1.0	-0.22	2.74	1.00	0.00	0.16	111115
83	"11:42:43"	1190.5	0	13.7	0.256	275	6.31	1.78	24.39	6	1.42	1	2.84	27.40	24.39	28.96	399.96	380.66	11.395	18.822	21.29	35.17	499.8	1500	248	68.45	-2.64	0.083	1.0	-0.22	2.74	1.00	0.00	0.16	111115
84	"11:42:43"	1191.0	0	13.7	0.256	275	6.31	1.78	24.39	6	1.42	1	2.84	27.40	24.39	28.96	399.92	380.64	11.395	18.826	21.28	35.16	499.8	1500	247	68.45	-2.64	0.083	1.0	-0.22	2.74	1.00	0.00	0.16	111115
85	"11:42:44"	1191.5	0	13.6	0.256	275	6.31	1.78	24.39	6	1.42	1	2.84	27.41	24.39	28.96	399.86	380.64	11.396	18.829	21.28	35.16	499.8	1500	247	68.45	-2.64	0.083	1.0	-0.22	2.74	1.00	0.00	0.16	111115
86	"11:42:44"	1192.0	0	13.6	0.256	275	6.31	1.78	24.40	6	1.42	1	2.84	27.41	24.40	28.96	399.82	380.59	11.396	18.830	21.28	35.16	499.8	1500	247	68.45	-2.64	0.083	1.0	-0.22	2.74	1.00	0.00	0.16	111115
87	"11:42:45"	1192.5	0	13.6	0.256	275	6.31	1.78	24.40	6	1.42	1	2.84	27.41	24.40	28.96	399.83	380.59	11.397	18.835	21.28	35.16	499.8	1500	247	68.45	-2.64	0.083	1.0	-0.22	2.74	1.00	0.00	0.16	111115
88	"11:42:45"	1193.0	0	13.6	0.256	275	6.32	1.78	24.41	6	1.42	1	2.84	27.41	24.41	28.96	399.82	380.59	11.397	18.840	21.27	35.16	499.8	1500	247	68.45	-2.64	0.083	1.0	-0.22	2.74	1.00	0.00	0.16	111115
89	"11:42:46"	1193.5	0	13.6	0.256	275	6.32	1.78	24.42	6	1.42	1	2.84	27.42	24.42	28.96	399.83	380.56	11.398	18.845	21.27	35.16	499.8	1500	246	68.45	-2.64	0.083	1.0	-0.22	2.74	1.00	0.00	0.16	111115
90	"11:42:46"	1194.0	0	13.6	0.256	275	6.33	1.78	24.42	6	1.42	1	2.84	27.42	24.42	28.96	399.85	380.59	11.401	18.850	21.27	35.17	499.9	1500	246	68.45	-2.64	0.083	1.0	-0.22	2.74	1.00	0.00	0.16	111115
"11:42:58 Coolers: Tblock -> 34.00 C"
"11:46:38 Flow: Fixed -> 500 umol/s"
91	"11:46:55"	1443.5	0	13.1	0.23	267	6.78	2.1	27.93	6	1.42	1	2.84	32.19	27.93	34.03	399.76	381.00	16.643	24.581	23.61	34.87	499.9	1501	148	68.45	-2.11	-0.00159	1.0	-0.22	2.74	1.00	0.00	0.16	111115
92	"11:46:55"	1443.5	0	13.1	0.23	267	6.78	2.1	27.93	6	1.42	1	2.84	32.19	27.93	34.03	399.76	381.00	16.643	24.581	23.61	34.87	499.9	1501	148	68.45	-2.11	-0.00159	1.0	-0.22	2.74	1.00	0.00	0.16	111115
93	"11:46:56"	1444.0	0	13.1	0.23	267	6.78	2.1	27.93	6	1.42	1	2.84	32.19	27.93	34.03	399.79	380.98	16.643	24.584	23.60	34.87	499.9	1501	148	68.45	-2.11	-0.00159	1.0	-0.22	2.74	1.00	0.00	0.16	111115
94	"11:46:56"	1444.0	0	13.1	0.23	267	6.78	2.1	27.93	6	1.42	1	2.84	32.19	27.93	34.03	399.79	380.98	16.643	24.584	23.60	34.87	499.9	1501	148	68.45	-2.11	-0.00159	1.0	-0.22	2.74	1.00	0.00	0.16	111115
95	"11:46:57"	1444.5	0	13.1	0.23	267	6.78	2.1	27.94	6	1.42	1	2.84	32.19	27.94	34.03	399.75	380.98	16.644	24.583	23.60	34.86	499.9	1501	148	68.45	-2.11	-0.00159	1.0	-0.22	2.74	1.00	0.00	0.16	111115
96	"11:46:57"	1445.0	0	13	0.23	268	6.78	2.1	27.94	6	1.42	1	2.84	32.19	27.94	34.03	399.76	381.01	16.645	24.586	23.60	34.86	499.8	1501	148	68.45	-2.11	-0.00159	1.0	-0.22	2.74	1.00	0.00	0.16	111115
97	"11:46:58"	1445.5	0	13	0.229	268	6.78	2.1	27.94	6	1.42	1	2.84	32.20	27.94	34.03	399.76	381.04	16.647	24.587	23.60	34.86	499.9	1501	147	68.45	-2.11	-0.00159	1.0	-0.22	2.74	1.00	0.00	0.16	111115
98	"11:46:58"	1446.0	0	13.1	0.229	267	6.78	2.1	27.94	6	1.42	1	2.84	32.20	27.94	34.03	399.83	381.03	16.648	24.589	23.60	34.85	499.9	1501	147	68.45	-2.11	-0.00159	1.0	-0.22	2.74	1.00	0.00	0.16	111115
99	"11:46:59"	1446.5	0	13.1	0.229	267	6.78	2.1	27.95	6	1.42	1	2.84	32.20	27.95	34.03	399.89	381.03	16.650	24.592	23.60	34.85	499.8	1501	147	68.45	-2.11	-0.00159	1.0	-0.22	2.74	1.00	0.00	0.16	111115
100	"11:46:59"	1447.0	0	13.2	0.229	266	6.78	2.1	27.95	6	1.42	1	2.84	32.20	27.95	34.03	399.93	381.04	16.651	24.591	23.60	34.85	499.8	1501	147	68.45	-2.11	-0.00159	1.0	-0.22	2.74	1.00	0.00	0.16	111115
101	"11:47:00"	1447.5	0	13.1	0.229	267	6.78	2.1	27.96	6	1.42	1	2.84	32.21	27.96	34.03	399.93	381.06	16.650	24.593	23.59	34.84	499.8	1501	147	68.45	-2.11	-0.00159	1.0	-0.22	2.74	1.00	0.00	0.16	111115
102	"11:47:00"	1448.0	0	13.1	0.229	267	6.78	2.1	27.96	6	1.42	1	2.84	32.21	27.96	34.03	399.92	381.12	16.653	24.593	23.59	34.84	499.8	1501	147	68.45	-2.11	-0.00159	1.0	-0.22	2.74	1.00	0.00	0.16	111115
103	"11:47:01"	1448.5	0	13	0.229	267	6.78	2.1	27.96	6	1.42	1	2.84	32.21	27.96	34.03	399.91	381.15	16.655	24.595	23.59	34.84	499.8	1501	147	68.45	-2.11	-0.00159	1.0	-0.22	2.74	1.00	0.00	0.16	111115
104	"11:47:01"	1449.0	0	13	0.229	267	6.78	2.1	27.97	6	1.42	1	2.84	32.21	27.97	34.03	399.87	381.15	16.656	24.595	23.59	34.83	499.9	1501	147	68.45	-2.11	-0.00159	1.0	-0.22	2.74	1.00	0.00	0.16	111115
105	"11:47:02"	1449.5	0	13	0.229	267	6.78	2.11	27.97	6	1.42	1	2.84	32.22	27.97	34.03	399.89	381.13	16.656	24.598	23.59	34.83	499.9	1501	147	68.45	-2.11	-0.00159	1.0	-0.22	2.74	1.00	0.00	0.16	111115
