"OPEN 6.2.4"
"Tue Jun 23 2015 11:13:03"
<open><version>"6.2.4"</version></open>
<open><configfile>"/User/Configs/UserPrefs/2x3 LED.xml"</configfile></open>
<open><light><source>"6400-02 or -02B LED Source"</source><par_in>1<sensor>"SI-3781"<cal>-0.93<actinity>1.00</actinity><transm>1.00</transm></cal></sensor><transm>1</transm></par_in><par_out>1<sensor>"Q49599"<cal>7.26</cal></sensor></par_out></light></open>
<open><comps><file>"/User/Configs/Comps/StdComps_6.2"<header>""</header><extras></extras></file><energybal>no<f_parIn>1</f_parIn><f_parOut>0</f_parOut><alphaK>0.16</alphaK></energybal><bc_total>2.840<stomatal_ratio>1</stomatal_ratio><bc_oneside>1.420<type>2</type><table>"/Sys/Lib/StdBLCTable"</table><area>6</area><slope>-0.219565</slope><offset>2.73739</offset><fan>5</fan></bc_oneside></bc_total></comps></open>
<open><prompts><onlog>off</onlog><items>"Default (none)"</items></prompts></open>
<open><constants><oxygen>21 %</oxygen><bb_vapor>1.5</bb_vapor><bb_oxy>0.9</bb_oxy></constants></open>
<open><stability><items>"Std Stability"<items[1]><id>-2</id><size>15</size><pcv><onoff>0</onoff><value>1</value></pcv><std><onoff>0</onoff><value>1</value></std><slp><onoff>1</onoff><value>1</value></slp></items[1]><items[2]><id>-5</id><size>15</size><pcv><onoff>0</onoff><value>1</value></pcv><std><onoff>0</onoff><value>1</value></std><slp><onoff>1</onoff><value>1</value></slp></items[2]><items[3]><id>-7</id><size>15</size><pcv><onoff>0</onoff><value>1</value></pcv><std><onoff>0</onoff><value>1</value></std><slp><onoff>1</onoff><value>1</value></slp></items[3]></items></stability></open>
<open><log><format>"StdLogFmt_6.0"<items>{ -35 -21 -36 -76 30 23 36 21 25 221 -33 111 -34 11 -9 -10 -8 -1 -2 -4 -5 -14 -15 -7 -12 -13 -11 -65 -66 -72 -18 -19 -77 -78 -79 -23  }<hdr>{  }</hdr></items></format><options><beep>on</beep><hdr>normal</hdr><rem>normal</rem><stab>no</stab><stats>no<mean>no</mean><file>no</file><period>15</period></stats><excel>yes</excel><controls>yes</controls><comm>no</comm></options><datafile>"/User/stm-abasa5"</datafile><button><action>"Normal Log"<code>" LogOneObsManual "</code></action></button><autoprog>"/User/Configs/AutoProgs/AutoLog2"<active>no</active></autoprog></log></open>
<open><a2d><avgtime>4.0 secs</avgtime><userchans><ch20>"Off"</ch20><ch21>"Off"</ch21><ch22>"Off"</ch22><ch23>"Off"</ch23></userchans></a2d></open>
<open><matching><type>0</type><disp>'a'</disp><settings><CO2Limit>10.0</CO2Limit><H2OLimit>1.0</H2OLimit><MaxAutoTime>60</MaxAutoTime></settings></matching></open>
<li6400><factory><unit>"PSC-3840"</unit><serviced>"1 Jul 2013"</serviced><fuseaware>0</fuseaware><co2mixer>yes</co2mixer><co2><coeffs>{ 0 0.213319 2.22998e-05 2.13159e-08 -3.88664e-12 3.69888e-16  }</coeffs><dvdt>-4.7</dvdt><xs>{ 0.0009 -0.0002  }</xs></co2><h2o><coeffs>{ 0 0.00572751 2.23485e-06 -7.37877e-12  }</coeffs><dvdt>-1.7</dvdt><xs>{ 0.0009 -0.0028  }</xs></h2o><flow>{ 0 0.3568  }</flow><press>{ 88.437 0.00551  }</press></factory></li6400>
<li6400><user><flow_zero>-468.8</flow_zero><irga_zero><co2>429.7 390.6<at>17.6901</at></co2><h2o>78.1 156.2<at>17.1607</at></h2o></irga_zero><irga_span><co2>{ 0.99237 0.992833  }</co2><h2o>{ 1.00426 0.996799  }</h2o></irga_span><irga_match><co2>{ 0.368307 -2.23333  }</co2><h2o>{ 0.00477181 -0.153003  }</h2o></irga_match><co2_mixer><pump_mv>4500</pump_mv><ppm>{ 2287.2 1080.71 423.89 257.488 117.195 68.0056 44.5242 37.9628  }</ppm><mv>{ 5000 3000 1500 1000 500 300 200 100  }</mv></co2_mixer><parin_offset>0</parin_offset><led_cal><unit>"SI-3781"</unit><mv>{ 10 25 50 100 1000 2000 3000 4000 5000  }</mv><qntm>{ 4.69642 15.4417 35.4805 82.2863 972.665 1922.29 2824.32 3690.14 4518.2  }</qntm></led_cal><lcf_cal><unit>"unknown"</unit><red><mv>{ 50 100 500 1000 1500 5000  }</mv><qntm>{ 50 100 500 1000 2000 5000  }</qntm></red><blue><mv>{ 100 200 500 1000 2000 5000  }</mv><qntm>{ 10 20 50 100 200 500  }</qntm></blue></lcf_cal></user></li6400>
"11:13:04 "
$STARTOFDATA$
"Obs"	"HHMMSS"	"FTime"	"EBal?"	"Photo"	"Cond"	"Ci"	"Trmmol"	"VpdL"	"CTleaf"	"Area"	"BLC_1"	"StmRat"	"BLCond"	"Tair"	"Tleaf"	"TBlk"	"CO2R"	"CO2S"	"H2OR"	"H2OS"	"RH_R"	"RH_S"	"Flow"	"PARi"	"PARo"	"Press"	"CsMch"	"HsMch"	"StableF"	"BLCslope"	"BLCoffst"	"f_parin"	"f_parout"	"alphaK"	"Status"
"11:13:12 Coolers: Tblock -> 0.00 C"
"11:32:36 Flow: Fixed -> 500 umol/s"
"11:32:59 Coolers: Tblock -> 14.69 C"
"11:42:37 Flow: Fixed -> 500 umol/s"
1	"11:42:58"	1821.0	0	22.5	0.508	278	8.59	1.49	19.62	6	1.42	1	2.84	16.90	19.62	14.91	400.67	369.80	0.310	10.509	1.22	41.49	499.9	1500	283	76.31	-1.8	0.226	1.0	-0.22	2.74	1.00	0.00	0.16	111115
2	"11:42:58"	1821.0	0	22.5	0.508	278	8.59	1.49	19.62	6	1.42	1	2.84	16.90	19.62	14.91	400.67	369.80	0.310	10.509	1.22	41.49	499.9	1500	283	76.31	-1.8	0.226	1.0	-0.22	2.74	1.00	0.00	0.16	111115
3	"11:42:58"	1821.5	0	22.6	0.508	278	8.59	1.49	19.62	6	1.42	1	2.84	16.90	19.62	14.91	400.69	369.77	0.309	10.508	1.22	41.49	499.9	1500	283	76.31	-1.8	0.226	1.0	-0.22	2.74	1.00	0.00	0.16	111115
4	"11:42:59"	1822.0	0	22.6	0.508	277	8.59	1.49	19.62	6	1.42	1	2.84	16.90	19.62	14.91	400.71	369.73	0.309	10.508	1.22	41.49	499.9	1500	283	76.31	-1.8	0.226	1.0	-0.22	2.74	1.00	0.00	0.16	111115
5	"11:42:59"	1822.5	0	22.7	0.508	277	8.59	1.49	19.62	6	1.42	1	2.84	16.90	19.62	14.91	400.73	369.73	0.310	10.509	1.22	41.49	499.9	1500	283	76.31	-1.8	0.226	1.0	-0.22	2.74	1.00	0.00	0.16	111115
6	"11:43:00"	1823.0	0	22.7	0.508	277	8.59	1.49	19.62	6	1.42	1	2.84	16.90	19.62	14.91	400.74	369.67	0.310	10.509	1.23	41.49	499.9	1500	283	76.31	-1.8	0.226	1.0	-0.22	2.74	1.00	0.00	0.16	111115
7	"11:43:00"	1823.5	0	22.7	0.508	277	8.59	1.49	19.62	6	1.42	1	2.84	16.90	19.62	14.91	400.74	369.62	0.311	10.508	1.23	41.49	499.9	1500	283	76.31	-1.8	0.226	1.0	-0.22	2.74	1.00	0.00	0.16	111115
8	"11:43:01"	1824.0	0	22.8	0.508	277	8.59	1.49	19.61	6	1.42	1	2.84	16.90	19.61	14.91	400.77	369.57	0.310	10.510	1.23	41.50	499.8	1500	283	76.31	-1.8	0.226	1.0	-0.22	2.74	1.00	0.00	0.16	111115
9	"11:43:01"	1824.5	0	22.9	0.508	276	8.59	1.49	19.61	6	1.42	1	2.84	16.90	19.61	14.91	400.77	369.52	0.310	10.509	1.22	41.49	499.8	1500	283	76.31	-1.8	0.226	1.0	-0.22	2.74	1.00	0.00	0.16	111115
10	"11:43:02"	1825.0	0	22.9	0.508	276	8.59	1.49	19.61	6	1.42	1	2.84	16.90	19.61	14.91	400.78	369.50	0.310	10.508	1.22	41.49	499.8	1500	283	76.31	-1.8	0.226	1.0	-0.22	2.74	1.00	0.00	0.16	111115
11	"11:43:03"	1825.5	0	22.9	0.508	276	8.59	1.49	19.62	6	1.42	1	2.84	16.90	19.62	14.91	400.83	369.57	0.311	10.509	1.23	41.49	499.8	1500	283	76.31	-1.8	0.226	1.0	-0.22	2.74	1.00	0.00	0.16	111115
12	"11:43:03"	1826.0	0	22.9	0.508	276	8.58	1.49	19.62	6	1.42	1	2.84	16.90	19.62	14.91	400.85	369.58	0.311	10.507	1.23	41.48	499.8	1500	283	76.31	-1.8	0.226	1.0	-0.22	2.74	1.00	0.00	0.16	111115
13	"11:43:04"	1826.5	0	22.8	0.507	276	8.58	1.49	19.62	6	1.42	1	2.84	16.90	19.62	14.91	400.85	369.62	0.310	10.501	1.22	41.46	499.8	1500	283	76.31	-1.8	0.226	1.0	-0.22	2.74	1.00	0.00	0.16	111115
14	"11:43:04"	1827.0	0	22.8	0.507	276	8.57	1.49	19.62	6	1.42	1	2.84	16.90	19.62	14.91	400.88	369.67	0.310	10.495	1.22	41.44	499.8	1500	283	76.31	-1.8	0.226	1.0	-0.22	2.74	1.00	0.00	0.16	111115
15	"11:43:05"	1827.5	0	22.8	0.506	276	8.57	1.49	19.62	6	1.42	1	2.84	16.90	19.62	14.91	400.94	369.74	0.309	10.490	1.22	41.42	499.8	1500	283	76.31	-1.8	0.226	1.0	-0.22	2.74	1.00	0.00	0.16	111115
"11:43:20 Coolers: Tblock -> 19.00 C"
"11:46:17 Flow: Fixed -> 500 umol/s"
"11:49:51 Flow: Fixed -> 500 umol/s"
16	"11:50:53"	2296.0	0	22.6	0.44	264	9.17	1.79	22.01	6	1.42	1	2.84	20.44	22.01	18.97	399.62	368.46	0.387	11.273	1.23	35.68	499.8	1500	284	76.31	-1.86	0.222	1.0	-0.22	2.74	1.00	0.00	0.16	111115
17	"11:50:53"	2296.0	0	22.6	0.44	264	9.17	1.79	22.01	6	1.42	1	2.84	20.44	22.01	18.97	399.62	368.46	0.387	11.273	1.23	35.68	499.8	1500	284	76.31	-1.86	0.222	1.0	-0.22	2.74	1.00	0.00	0.16	111115
18	"11:50:53"	2296.5	0	22.6	0.44	263	9.17	1.8	22.01	6	1.42	1	2.84	20.44	22.01	18.97	399.64	368.44	0.388	11.269	1.23	35.67	499.8	1500	284	76.31	-1.86	0.222	1.0	-0.22	2.74	1.00	0.00	0.16	111115
19	"11:50:54"	2297.0	0	22.6	0.439	263	9.16	1.8	22.01	6	1.42	1	2.84	20.44	22.01	18.97	399.63	368.43	0.388	11.264	1.23	35.66	499.8	1500	284	76.31	-1.86	0.222	1.0	-0.22	2.74	1.00	0.00	0.16	111115
20	"11:50:54"	2297.5	0	22.6	0.439	263	9.16	1.8	22.01	6	1.42	1	2.84	20.44	22.01	18.97	399.63	368.40	0.388	11.262	1.23	35.65	499.8	1500	284	76.31	-1.86	0.222	1.0	-0.22	2.74	1.00	0.00	0.16	111115
21	"11:50:55"	2298.0	0	22.7	0.439	263	9.16	1.8	22.01	6	1.42	1	2.84	20.44	22.01	18.97	399.64	368.39	0.388	11.262	1.23	35.65	499.8	1500	284	76.31	-1.86	0.222	1.0	-0.22	2.74	1.00	0.00	0.16	111115
22	"11:50:55"	2298.5	0	22.6	0.439	263	9.16	1.8	22.01	6	1.42	1	2.84	20.44	22.01	18.97	399.62	368.39	0.388	11.260	1.23	35.64	499.8	1500	284	76.31	-1.86	0.222	1.0	-0.22	2.74	1.00	0.00	0.16	111115
23	"11:50:56"	2299.0	0	22.6	0.439	263	9.16	1.8	22.01	6	1.42	1	2.84	20.44	22.01	18.97	399.62	368.43	0.388	11.259	1.23	35.63	499.8	1500	284	76.31	-1.86	0.222	1.0	-0.22	2.74	1.00	0.00	0.16	111115
24	"11:50:56"	2299.5	0	22.6	0.439	263	9.16	1.8	22.01	6	1.42	1	2.84	20.44	22.01	18.97	399.64	368.48	0.388	11.258	1.23	35.63	499.8	1500	284	76.31	-1.86	0.222	0.7	-0.22	2.74	1.00	0.00	0.16	111115
25	"11:50:57"	2300.0	0	22.5	0.439	264	9.16	1.8	22.01	6	1.42	1	2.84	20.44	22.01	18.97	399.65	368.55	0.388	11.259	1.23	35.63	499.8	1500	284	76.31	-1.86	0.222	1.0	-0.22	2.74	1.00	0.00	0.16	111115
26	"11:50:57"	2300.5	0	22.5	0.439	264	9.16	1.8	22.01	6	1.42	1	2.84	20.44	22.01	18.97	399.68	368.62	0.388	11.258	1.23	35.62	499.8	1500	284	76.31	-1.86	0.222	1.0	-0.22	2.74	1.00	0.00	0.16	111115
27	"11:50:58"	2301.0	0	22.4	0.439	264	9.16	1.8	22.02	6	1.42	1	2.84	20.44	22.02	18.97	399.66	368.68	0.387	11.257	1.22	35.62	499.9	1500	284	76.31	-1.86	0.222	1.0	-0.22	2.74	1.00	0.00	0.16	111115
28	"11:50:58"	2301.5	0	22.4	0.438	264	9.16	1.8	22.02	6	1.42	1	2.84	20.44	22.02	18.97	399.69	368.72	0.386	11.253	1.22	35.61	499.9	1500	284	76.31	-1.86	0.222	1.0	-0.22	2.74	1.00	0.00	0.16	111115
29	"11:50:59"	2302.0	0	22.4	0.438	264	9.15	1.8	22.02	6	1.42	1	2.84	20.44	22.02	18.97	399.70	368.77	0.386	11.248	1.22	35.59	499.9	1500	284	76.31	-1.86	0.222	1.0	-0.22	2.74	1.00	0.00	0.16	111115
30	"11:50:59"	2302.5	0	22.4	0.438	264	9.15	1.8	22.02	6	1.42	1	2.84	20.44	22.02	18.97	399.72	368.80	0.387	11.244	1.22	35.58	499.8	1500	284	76.31	-1.86	0.222	1.0	-0.22	2.74	1.00	0.00	0.16	111115
"11:51:13 Coolers: Tblock -> 24.00 C"
"11:54:34 Flow: Fixed -> 500 umol/s"
"11:58:08 Flow: Fixed -> 500 umol/s"
31	"12:00:11"	2854.0	0	21.6	0.339	243	8.63	2.11	25.14	6	1.42	1	2.84	24.79	25.14	24.05	398.99	369.21	4.112	14.321	9.99	34.81	499.8	1500	286	76.3	-1.81	0.226	1.0	-0.22	2.74	1.00	0.00	0.16	111115
32	"12:00:11"	2854.0	0	21.6	0.339	243	8.63	2.11	25.14	6	1.42	1	2.84	24.79	25.14	24.05	398.99	369.21	4.112	14.321	9.99	34.81	499.8	1500	286	76.3	-1.81	0.226	1.0	-0.22	2.74	1.00	0.00	0.16	111115
33	"12:00:11"	2854.0	0	21.6	0.339	243	8.63	2.11	25.14	6	1.42	1	2.84	24.79	25.14	24.05	398.99	369.21	4.112	14.321	9.99	34.81	499.8	1500	286	76.3	-1.81	0.226	1.0	-0.22	2.74	1.00	0.00	0.16	111115
34	"12:00:12"	2854.5	0	21.6	0.339	243	8.63	2.11	25.14	6	1.42	1	2.84	24.79	25.14	24.05	398.98	369.22	4.111	14.317	9.99	34.80	499.8	1500	286	76.3	-1.81	0.226	1.0	-0.22	2.74	1.00	0.00	0.16	111115
35	"12:00:12"	2855.0	0	21.6	0.339	243	8.63	2.11	25.14	6	1.42	1	2.84	24.79	25.14	24.05	398.97	369.25	4.110	14.316	9.99	34.79	499.8	1500	286	76.3	-1.81	0.226	1.0	-0.22	2.74	1.00	0.00	0.16	111115
36	"12:00:13"	2855.5	0	21.5	0.338	243	8.62	2.11	25.14	6	1.42	1	2.84	24.79	25.14	24.05	398.94	369.27	4.109	14.313	9.99	34.78	499.8	1500	286	76.3	-1.81	0.226	1.0	-0.22	2.74	1.00	0.00	0.16	111115
37	"12:00:13"	2856.0	0	21.5	0.338	243	8.62	2.11	25.14	6	1.42	1	2.84	24.79	25.14	24.05	398.95	369.30	4.109	14.310	9.99	34.78	499.8	1500	286	76.3	-1.81	0.226	1.0	-0.22	2.74	1.00	0.00	0.16	111115
38	"12:00:14"	2856.5	0	21.6	0.338	243	8.62	2.11	25.14	6	1.42	1	2.84	24.79	25.14	24.05	399.01	369.29	4.108	14.305	9.98	34.77	499.8	1500	286	76.3	-1.81	0.226	1.0	-0.22	2.74	1.00	0.00	0.16	111115
39	"12:00:15"	2857.0	0	21.6	0.338	243	8.61	2.11	25.14	6	1.42	1	2.84	24.79	25.14	24.05	399.06	369.32	4.107	14.301	9.98	34.76	499.8	1500	286	76.3	-1.81	0.226	1.0	-0.22	2.74	1.00	0.00	0.16	111115
40	"12:00:15"	2857.5	0	21.6	0.338	243	8.61	2.12	25.14	6	1.42	1	2.84	24.79	25.14	24.05	399.09	369.35	4.106	14.296	9.98	34.74	499.8	1500	286	76.3	-1.81	0.226	1.0	-0.22	2.74	1.00	0.00	0.16	111115
41	"12:00:16"	2858.0	0	21.6	0.338	243	8.61	2.12	25.14	6	1.42	1	2.84	24.79	25.14	24.05	399.16	369.41	4.106	14.290	9.98	34.73	499.8	1500	286	76.3	-1.81	0.226	1.0	-0.22	2.74	1.00	0.00	0.16	111115
42	"12:00:16"	2858.5	0	21.6	0.337	243	8.6	2.12	25.14	6	1.42	1	2.84	24.79	25.14	24.05	399.19	369.45	4.105	14.283	9.98	34.71	499.8	1500	286	76.3	-1.81	0.226	1.0	-0.22	2.74	1.00	0.00	0.16	111115
43	"12:00:17"	2859.0	0	21.6	0.337	243	8.6	2.12	25.14	6	1.42	1	2.84	24.79	25.14	24.05	399.24	369.47	4.105	14.278	9.98	34.70	499.8	1500	286	76.3	-1.81	0.226	1.0	-0.22	2.74	1.00	0.00	0.16	111115
44	"12:00:17"	2859.5	0	21.6	0.337	242	8.59	2.12	25.14	6	1.42	1	2.84	24.79	25.14	24.05	399.28	369.49	4.105	14.273	9.98	34.68	499.8	1500	286	76.3	-1.81	0.226	1.0	-0.22	2.74	1.00	0.00	0.16	111115
45	"12:00:18"	2860.0	0	21.6	0.336	242	8.59	2.12	25.14	6	1.42	1	2.84	24.79	25.14	24.05	399.31	369.53	4.104	14.267	9.97	34.67	499.8	1500	286	76.3	-1.81	0.226	0.7	-0.22	2.74	1.00	0.00	0.16	111115
"12:00:25 Coolers: Tblock -> 29.00 C"
"12:03:21 Flow: Fixed -> 500 umol/s"
46	"12:03:47"	3070.0	0	21.4	0.297	232	8	2.19	27.32	6	1.42	1	2.84	28.70	27.32	28.93	400.35	371.16	9.687	19.102	18.70	36.87	499.9	1499	286	76.3	-2.09	0.196	1.0	-0.22	2.74	1.00	0.00	0.16	111115
47	"12:03:47"	3070.0	0	21.4	0.297	232	8	2.19	27.32	6	1.42	1	2.84	28.70	27.32	28.93	400.35	371.16	9.687	19.102	18.70	36.87	499.9	1499	286	76.3	-2.09	0.196	1.0	-0.22	2.74	1.00	0.00	0.16	111115
48	"12:03:48"	3070.5	0	21.3	0.298	232	8	2.19	27.33	6	1.42	1	2.84	28.70	27.33	28.93	400.36	371.17	9.687	19.107	18.70	36.88	499.9	1499	286	76.3	-2.09	0.196	1.0	-0.22	2.74	1.00	0.00	0.16	111115
49	"12:03:48"	3071.0	0	21.3	0.298	232	8	2.19	27.33	6	1.42	1	2.84	28.70	27.33	28.93	400.35	371.18	9.686	19.110	18.69	36.88	499.9	1499	286	76.3	-2.09	0.196	1.0	-0.22	2.74	1.00	0.00	0.16	111115
50	"12:03:49"	3071.5	0	21.3	0.298	232	8.01	2.19	27.33	6	1.42	1	2.84	28.71	27.33	28.93	400.36	371.17	9.685	19.115	18.69	36.89	499.8	1499	286	76.3	-2.09	0.196	1.0	-0.22	2.74	1.00	0.00	0.16	111115
51	"12:03:49"	3072.0	0	21.3	0.298	232	8.01	2.19	27.33	6	1.42	1	2.84	28.71	27.33	28.93	400.37	371.19	9.685	19.118	18.69	36.89	499.8	1499	286	76.3	-2.09	0.196	1.0	-0.22	2.74	1.00	0.00	0.16	111115
52	"12:03:50"	3072.5	0	21.3	0.298	232	8.01	2.19	27.34	6	1.42	1	2.84	28.71	27.34	28.93	400.35	371.19	9.686	19.117	18.69	36.88	499.9	1499	286	76.3	-2.09	0.196	1.0	-0.22	2.74	1.00	0.00	0.16	111115
53	"12:03:50"	3073.0	0	21.4	0.298	232	8.01	2.19	27.34	6	1.42	1	2.84	28.71	27.34	28.93	400.35	371.15	9.686	19.116	18.69	36.88	499.8	1499	286	76.3	-2.09	0.196	1.0	-0.22	2.74	1.00	0.00	0.16	111115
54	"12:03:51"	3073.5	0	21.4	0.298	232	8.01	2.19	27.34	6	1.42	1	2.84	28.71	27.34	28.93	400.35	371.15	9.686	19.117	18.69	36.88	499.8	1499	285	76.3	-2.09	0.196	1.0	-0.22	2.74	1.00	0.00	0.16	111115
55	"12:03:51"	3074.0	0	21.4	0.297	232	8.01	2.19	27.34	6	1.42	1	2.84	28.71	27.34	28.93	400.35	371.15	9.685	19.115	18.68	36.87	499.8	1499	285	76.3	-2.09	0.196	1.0	-0.22	2.74	1.00	0.00	0.16	111115
56	"12:03:52"	3074.5	0	21.3	0.297	232	8.01	2.19	27.34	6	1.42	1	2.84	28.72	27.34	28.93	400.35	371.16	9.685	19.113	18.68	36.86	499.9	1499	286	76.3	-2.09	0.196	1.0	-0.22	2.74	1.00	0.00	0.16	111115
57	"12:03:53"	3075.0	0	21.4	0.297	232	8.01	2.19	27.35	6	1.42	1	2.84	28.72	27.35	28.93	400.36	371.15	9.685	19.113	18.68	36.86	499.9	1499	285	76.3	-2.09	0.196	1.0	-0.22	2.74	1.00	0.00	0.16	111115
58	"12:03:53"	3075.5	0	21.3	0.297	232	8.01	2.2	27.35	6	1.42	1	2.84	28.72	27.35	28.93	400.34	371.19	9.686	19.110	18.68	36.85	499.9	1499	286	76.3	-2.09	0.196	1.0	-0.22	2.74	1.00	0.00	0.16	111115
59	"12:03:54"	3076.0	0	21.3	0.297	232	8	2.2	27.35	6	1.42	1	2.84	28.72	27.35	28.93	400.33	371.20	9.685	19.107	18.68	36.85	499.9	1499	285	76.3	-2.09	0.196	1.0	-0.22	2.74	1.00	0.00	0.16	111115
60	"12:03:54"	3076.5	0	21.3	0.297	232	8.01	2.2	27.35	6	1.42	1	2.84	28.72	27.35	28.93	400.33	371.20	9.684	19.108	18.67	36.84	500.0	1499	286	76.3	-2.09	0.196	1.0	-0.22	2.74	1.00	0.00	0.16	111115
"12:04:05 Coolers: Tblock -> 34.00 C"
"12:08:07 Flow: Fixed -> 500 umol/s"
61	"12:08:19"	3341.5	0	20.3	0.244	215	7.59	2.47	30.27	6	1.42	1	2.84	33.09	30.27	34.00	400.89	373.12	15.403	24.297	23.14	36.50	499.8	1500	286	76.3	-2.14	0.153	1.0	-0.22	2.74	1.00	0.00	0.16	111115
62	"12:08:19"	3341.5	0	20.3	0.244	215	7.59	2.47	30.27	6	1.42	1	2.84	33.09	30.27	34.00	400.89	373.12	15.403	24.297	23.14	36.50	499.8	1500	286	76.3	-2.14	0.153	1.0	-0.22	2.74	1.00	0.00	0.16	111115
63	"12:08:19"	3342.0	0	20.3	0.244	215	7.59	2.47	30.27	6	1.42	1	2.84	33.10	30.27	34.01	400.87	373.15	15.404	24.294	23.14	36.49	499.8	1500	286	76.3	-2.14	0.153	1.0	-0.22	2.74	1.00	0.00	0.16	111115
64	"12:08:20"	3342.5	0	20.2	0.244	215	7.59	2.47	30.28	6	1.42	1	2.84	33.10	30.28	34.01	400.85	373.16	15.405	24.294	23.14	36.49	499.8	1500	286	76.3	-2.14	0.153	1.0	-0.22	2.74	1.00	0.00	0.16	111115
65	"12:08:20"	3343.0	0	20.2	0.244	215	7.59	2.47	30.28	6	1.42	1	2.84	33.10	30.28	34.01	400.80	373.15	15.404	24.295	23.13	36.49	499.8	1500	286	76.3	-2.14	0.153	1.0	-0.22	2.74	1.00	0.00	0.16	111115
66	"12:08:21"	3343.0	0	20.2	0.244	215	7.59	2.47	30.28	6	1.42	1	2.84	33.10	30.28	34.01	400.80	373.15	15.404	24.295	23.13	36.49	499.8	1500	286	76.3	-2.14	0.153	1.0	-0.22	2.74	1.00	0.00	0.16	111115
67	"12:08:21"	3343.5	0	20.2	0.244	215	7.59	2.48	30.28	6	1.42	1	2.84	33.10	30.28	34.01	400.82	373.15	15.404	24.297	23.13	36.49	499.8	1500	286	76.3	-2.14	0.153	0.7	-0.22	2.74	1.00	0.00	0.16	111115
68	"12:08:22"	3344.0	0	20.2	0.244	215	7.59	2.48	30.28	6	1.42	1	2.84	33.10	30.28	34.01	400.83	373.17	15.406	24.299	23.13	36.49	499.8	1500	286	76.3	-2.14	0.153	0.7	-0.22	2.74	1.00	0.00	0.16	111115
69	"12:08:22"	3344.5	0	20.2	0.244	215	7.59	2.48	30.28	6	1.42	1	2.84	33.10	30.28	34.01	400.85	373.17	15.406	24.300	23.13	36.49	499.8	1500	286	76.3	-2.14	0.153	0.7	-0.22	2.74	1.00	0.00	0.16	111115
70	"12:08:23"	3345.0	0	20.2	0.244	215	7.6	2.48	30.28	6	1.42	1	2.84	33.10	30.28	34.01	400.81	373.21	15.406	24.303	23.13	36.49	499.8	1500	286	76.3	-2.14	0.153	0.7	-0.22	2.74	1.00	0.00	0.16	111115
71	"12:08:23"	3345.5	0	20.1	0.244	216	7.6	2.48	30.29	6	1.42	1	2.84	33.10	30.29	34.01	400.79	373.23	15.406	24.307	23.13	36.49	499.8	1500	286	76.3	-2.14	0.153	0.7	-0.22	2.74	1.00	0.00	0.16	111115
72	"12:08:24"	3346.0	0	20.2	0.244	215	7.61	2.48	30.29	6	1.42	1	2.84	33.11	30.29	34.01	400.83	373.19	15.405	24.314	23.13	36.50	499.8	1500	286	76.3	-2.14	0.153	0.7	-0.22	2.74	1.00	0.00	0.16	111115
73	"12:08:24"	3346.5	0	20.2	0.244	215	7.61	2.48	30.29	6	1.42	1	2.84	33.11	30.29	34.01	400.83	373.17	15.404	24.318	23.13	36.51	499.8	1500	286	76.3	-2.14	0.153	0.7	-0.22	2.74	1.00	0.00	0.16	111115
74	"12:08:25"	3347.0	0	20.2	0.244	215	7.61	2.48	30.30	6	1.42	1	2.84	33.11	30.30	34.00	400.84	373.16	15.406	24.323	23.13	36.51	499.8	1500	286	76.3	-2.14	0.153	0.7	-0.22	2.74	1.00	0.00	0.16	111115
75	"12:08:25"	3347.5	0	20.2	0.244	215	7.62	2.48	30.30	6	1.42	1	2.84	33.11	30.30	34.00	400.84	373.15	15.406	24.325	23.13	36.52	499.8	1500	286	76.3	-2.14	0.153	0.7	-0.22	2.74	1.00	0.00	0.16	111115
"12:08:34 Coolers: Tblock -> 39.00 C"
"12:12:05 Flow: Fixed -> 500 umol/s"
76	"12:12:37"	3601.0	0	18.6	0.209	206	7.57	2.82	33.18	6	1.42	1	2.84	37.51	33.18	39.08	400.60	374.91	21.116	29.934	24.85	35.23	499.8	1501	286	76.3	-1.76	0.0521	1.0	-0.22	2.74	1.00	0.00	0.16	111115
77	"12:12:38"	3601.0	0	18.6	0.209	206	7.57	2.82	33.18	6	1.42	1	2.84	37.51	33.18	39.08	400.60	374.91	21.116	29.934	24.85	35.23	499.8	1501	286	76.3	-1.76	0.0521	1.0	-0.22	2.74	1.00	0.00	0.16	111115
78	"12:12:38"	3601.5	0	18.6	0.209	206	7.57	2.82	33.18	6	1.42	1	2.84	37.51	33.18	39.08	400.57	374.90	21.115	29.934	24.85	35.22	499.9	1501	286	76.3	-1.76	0.0521	1.0	-0.22	2.74	1.00	0.00	0.16	111115
79	"12:12:39"	3602.0	0	18.6	0.209	206	7.57	2.82	33.19	6	1.42	1	2.84	37.52	33.19	39.08	400.57	374.89	21.115	29.931	24.84	35.22	499.9	1501	286	76.3	-1.76	0.0521	1.0	-0.22	2.74	1.00	0.00	0.16	111115
80	"12:12:39"	3602.5	0	18.5	0.209	206	7.57	2.82	33.19	6	1.42	1	2.84	37.52	33.19	39.08	400.56	374.90	21.114	29.930	24.84	35.21	499.9	1501	286	76.3	-1.76	0.0521	1.0	-0.22	2.74	1.00	0.00	0.16	111115
81	"12:12:40"	3603.0	0	18.5	0.209	206	7.57	2.82	33.19	6	1.42	1	2.84	37.52	33.19	39.08	400.56	374.92	21.113	29.925	24.84	35.21	499.9	1501	286	76.3	-1.76	0.0521	1.0	-0.22	2.74	1.00	0.00	0.16	111115
82	"12:12:40"	3603.5	0	18.5	0.209	206	7.56	2.82	33.19	6	1.42	1	2.84	37.52	33.19	39.08	400.58	374.93	21.112	29.920	24.84	35.20	499.9	1501	287	76.3	-1.76	0.0521	1.0	-0.22	2.74	1.00	0.00	0.16	111115
83	"12:12:41"	3604.0	0	18.5	0.208	206	7.56	2.83	33.20	6	1.42	1	2.84	37.52	33.20	39.08	400.60	374.96	21.111	29.911	24.83	35.18	499.9	1501	287	76.3	-1.76	0.0521	1.0	-0.22	2.74	1.00	0.00	0.16	111115
84	"12:12:41"	3604.5	0	18.5	0.208	206	7.55	2.83	33.20	6	1.42	1	2.84	37.52	33.20	39.08	400.62	375.00	21.112	29.902	24.83	35.17	499.9	1501	287	76.3	-1.76	0.0521	1.0	-0.22	2.74	1.00	0.00	0.16	111115
85	"12:12:42"	3605.0	0	18.5	0.208	206	7.54	2.83	33.20	6	1.42	1	2.84	37.52	33.20	39.08	400.66	375.05	21.112	29.892	24.83	35.16	499.9	1501	287	76.3	-1.76	0.0521	1.0	-0.22	2.74	1.00	0.00	0.16	111115
86	"12:12:42"	3605.5	0	18.5	0.207	206	7.53	2.83	33.20	6	1.42	1	2.84	37.52	33.20	39.08	400.67	375.07	21.112	29.884	24.83	35.15	499.8	1501	287	76.3	-1.76	0.0521	1.0	-0.22	2.74	1.00	0.00	0.16	111115
87	"12:12:43"	3606.0	0	18.5	0.207	205	7.53	2.83	33.20	6	1.42	1	2.84	37.52	33.20	39.08	400.66	375.07	21.111	29.881	24.83	35.14	499.8	1501	287	76.3	-1.76	0.0521	1.0	-0.22	2.74	1.00	0.00	0.16	111115
88	"12:12:43"	3606.5	0	18.5	0.207	205	7.53	2.83	33.20	6	1.42	1	2.84	37.53	33.20	39.08	400.66	375.06	21.113	29.881	24.83	35.14	499.8	1501	287	76.3	-1.76	0.0521	1.0	-0.22	2.74	1.00	0.00	0.16	111115
89	"12:12:44"	3607.0	0	18.5	0.207	205	7.53	2.83	33.21	6	1.42	1	2.84	37.53	33.21	39.08	400.68	375.05	21.114	29.885	24.83	35.14	499.9	1501	287	76.3	-1.76	0.0521	1.0	-0.22	2.74	1.00	0.00	0.16	111115
90	"12:12:44"	3607.5	0	18.5	0.207	205	7.54	2.83	33.21	6	1.42	1	2.84	37.53	33.21	39.08	400.66	375.04	21.113	29.889	24.83	35.14	499.9	1501	287	76.3	-1.76	0.0521	0.7	-0.22	2.74	1.00	0.00	0.16	111115
"12:12:52 Coolers: Tblock -> 44.00 C"
"12:19:14 Flow: Fixed -> 500 umol/s"
"12:19:35 Flow: Fixed -> 500 umol/s"
91	"12:19:45"	4027.5	0	16.7	0.179	201	7.44	3.17	36.24	6	1.42	1	2.84	41.93	36.24	43.97	401.88	378.47	29.210	37.797	27.13	35.11	499.9	1500	289	76.29	-0.962	-0.0273	1.0	-0.22	2.74	1.00	0.00	0.16	111115
92	"12:19:45"	4027.5	0	16.7	0.179	201	7.44	3.17	36.24	6	1.42	1	2.84	41.93	36.24	43.97	401.88	378.47	29.210	37.797	27.13	35.11	499.9	1500	289	76.29	-0.962	-0.0273	1.0	-0.22	2.74	1.00	0.00	0.16	111115
93	"12:19:45"	4028.0	0	16.7	0.18	201	7.44	3.17	36.24	6	1.42	1	2.84	41.93	36.24	43.97	401.90	378.47	29.212	37.807	27.13	35.12	499.9	1500	289	76.29	-0.962	-0.0273	1.0	-0.22	2.74	1.00	0.00	0.16	111115
94	"12:19:46"	4028.5	0	16.7	0.18	202	7.45	3.17	36.25	6	1.42	1	2.84	41.93	36.25	43.97	401.92	378.48	29.213	37.821	27.13	35.13	499.9	1500	289	76.29	-0.962	-0.0273	1.0	-0.22	2.74	1.00	0.00	0.16	111115
95	"12:19:46"	4029.0	0	16.7	0.18	202	7.46	3.17	36.25	6	1.42	1	2.84	41.93	36.25	43.97	401.92	378.46	29.213	37.832	27.14	35.14	499.9	1500	289	76.29	-0.962	-0.0273	1.0	-0.22	2.74	1.00	0.00	0.16	111115
96	"12:19:47"	4029.5	0	16.7	0.18	202	7.48	3.17	36.26	6	1.42	1	2.84	41.93	36.26	43.97	401.89	378.45	29.213	37.848	27.13	35.16	499.9	1500	289	76.29	-0.962	-0.0273	1.0	-0.22	2.74	1.00	0.00	0.16	111115
97	"12:19:47"	4030.0	0	16.7	0.181	202	7.49	3.17	36.26	6	1.42	1	2.84	41.93	36.26	43.97	401.89	378.39	29.212	37.861	27.13	35.17	499.9	1500	289	76.29	-0.962	-0.0273	1.0	-0.22	2.74	1.00	0.00	0.16	111115
98	"12:19:48"	4030.5	0	16.7	0.181	202	7.5	3.17	36.26	6	1.42	1	2.84	41.93	36.26	43.97	401.83	378.36	29.212	37.873	27.13	35.18	499.8	1500	289	76.29	-0.962	-0.0273	1.0	-0.22	2.74	1.00	0.00	0.16	111115
99	"12:19:48"	4031.0	0	16.7	0.181	202	7.51	3.17	36.26	6	1.42	1	2.84	41.93	36.26	43.97	401.81	378.34	29.213	37.888	27.13	35.19	499.8	1500	289	76.29	-0.962	-0.0273	1.0	-0.22	2.74	1.00	0.00	0.16	111115
100	"12:19:49"	4031.5	0	16.7	0.182	203	7.52	3.16	36.26	6	1.42	1	2.84	41.93	36.26	43.97	401.82	378.35	29.216	37.901	27.13	35.20	499.9	1500	289	76.29	-0.962	-0.0273	1.0	-0.22	2.74	1.00	0.00	0.16	111115
101	"12:19:49"	4032.0	0	16.7	0.182	203	7.53	3.16	36.26	6	1.42	1	2.84	41.93	36.26	43.97	401.83	378.33	29.215	37.908	27.13	35.21	499.9	1500	289	76.29	-0.962	-0.0273	0.7	-0.22	2.74	1.00	0.00	0.16	111115
102	"12:19:50"	4032.5	0	16.7	0.182	203	7.53	3.16	36.27	6	1.42	1	2.84	41.93	36.27	43.97	401.84	378.32	29.215	37.908	27.13	35.21	499.8	1500	289	76.29	-0.962	-0.0273	0.7	-0.22	2.74	1.00	0.00	0.16	111115
103	"12:19:50"	4033.0	0	16.7	0.182	203	7.52	3.17	36.27	6	1.42	1	2.84	41.93	36.27	43.97	401.83	378.34	29.215	37.903	27.13	35.20	499.9	1500	289	76.29	-0.962	-0.0273	0.7	-0.22	2.74	1.00	0.00	0.16	111115
104	"12:19:51"	4033.5	0	16.7	0.181	202	7.51	3.16	36.26	6	1.42	1	2.84	41.93	36.26	43.97	401.84	378.34	29.217	37.893	27.13	35.19	499.9	1500	289	76.29	-0.962	-0.0273	0.7	-0.22	2.74	1.00	0.00	0.16	111115
105	"12:19:52"	4034.0	0	16.7	0.181	203	7.5	3.17	36.26	6	1.42	1	2.84	41.94	36.26	43.97	401.80	378.37	29.217	37.881	27.13	35.18	499.9	1500	288	76.29	-0.962	-0.0273	0.7	-0.22	2.74	1.00	0.00	0.16	111115
