"OPEN 6.3.2"
"Sun Feb  5 2106 23:58:44"
<open><version>"6.3.2"</version></open>
<open><configfile>"/User/Configs/UserPrefs/LED2x3.xml"</configfile></open>
<open><light><source>"6400-02 or -02B LED Source"</source><par_in>1<sensor>"SI-2503"<cal>-0.86<actinity>1.00</actinity><transm>1.00</transm></cal></sensor><transm>1</transm></par_in><par_out>1<sensor>"Q40491"<cal>6.5</cal></sensor></par_out></light></open>
<open><comps><file>"/User/Configs/Comps/StdComps_6.1"<header>""</header><extras></extras></file><energybal>no<f_parIn>1</f_parIn><f_parOut>0</f_parOut><alphaK>0.16</alphaK></energybal><bc_total>2.840<stomatal_ratio>1</stomatal_ratio><bc_oneside>1.420<type>2</type><table>"/Sys/Lib/StdBLCTable"</table><area>6</area><slope>-0.219565</slope><offset>2.73739</offset><fan>5</fan></bc_oneside></bc_total></comps></open>
<open><prompts><onlog>off</onlog><items>"Default (none)"</items></prompts></open>
<open><constants><oxygen>21 %</oxygen><bb_vapor>1.5</bb_vapor><bb_oxy>0.9</bb_oxy></constants></open>
<open><stability><items>"Std Stability"<items[1]><id>-2</id><size>15</size><pcv><onoff>0</onoff><value>1</value></pcv><std><onoff>0</onoff><value>1</value></std><slp><onoff>1</onoff><value>1</value></slp></items[1]><items[2]><id>-5</id><size>15</size><pcv><onoff>0</onoff><value>1</value></pcv><std><onoff>0</onoff><value>1</value></std><slp><onoff>1</onoff><value>1</value></slp></items[2]><items[3]><id>-7</id><size>15</size><pcv><onoff>0</onoff><value>1</value></pcv><std><onoff>0</onoff><value>1</value></std><slp><onoff>1</onoff><value>1</value></slp></items[3]></items></stability></open>
<open><log><format>"StdLogFmt_6.0"<items>{ -35 -21 -70 -69 -76 30 23 36 21 25 221 -33 111 -34 11 -9 -10 -8 -1 -2 -4 -5 -14 -15 -7 -12 -13 -11 -65 -66 -72 -18 -19 -77 -78 -79 -23  }<hdr>{  }</hdr></items></format><options><beep>on</beep><match>"never"<time>30</time><co2>100</co2><delta>10</delta></match><hdr>normal</hdr><rem>normal</rem><stab>no</stab><stats>no<mean>no</mean><file>no</file><period>15</period></stats><excel>yes</excel><controls>yes</controls><comm>no</comm></options><datafile>"/User/stm-as1"</datafile><button><action>"Normal Log"<code>" LogOneObsManual "</code></action></button><autoprog>"/User/Configs/AutoProgs/AutoLog2"<active>no</active></autoprog></log></open>
<open><a2d><avgtime>4.0 secs</avgtime><userchans><ch20>"Off"</ch20><ch21>"Off"</ch21><ch22>"Off"</ch22><ch23>"Off"</ch23></userchans></a2d></open>
<open><matching><type>0</type><disp>'a'</disp><settings>><CO2Limit>10.0</CO2Limit><H2OLimit>1.0</H2OLimit><MaxAutoTime>60</MaxAutoTime><AverageTime>10</AverageTime></settings></matching></open>
<li6400><factory><unit>"PSC-2470"</unit><serviced>"20 Apr 2015"</serviced><fuseaware>0</fuseaware><co2mixer>yes</co2mixer><co2><coeffs>{ 0 0.21905 1.42412e-05 2.84252e-08 -5.87781e-12 5.64561e-16  }</coeffs><dvdt>-3.6</dvdt><xs>{ 0.000524 -0.000211  }</xs></co2><h2o><coeffs>{ 0 0.005729 2.27444e-06 -1.41238e-11  }</coeffs><dvdt>-2.4</dvdt><xs>{ -0.000971 -0.0033  }</xs></h2o><flow>{ 0 0.3713  }</flow><press>{ 86.913 0.00551  }</press></factory></li6400>
<li6400><user><flow_zero>35.5</flow_zero><irga_zero><co2>113.5 -42.6<at>27.0751</at></co2><h2o>35.5 113.5<at>27.1372</at></h2o></irga_zero><irga_span><co2>{ 0.989946 0.991241  }</co2><h2o>{ 0.996267 0.997816  }</h2o></irga_span><irga_match><co2>{ -1.02808 1.52356  }</co2><h2o>{ -0.129204 0.319566  }</h2o></irga_match><co2_mixer><pump_mv>4500</pump_mv><ppm>{ 2303.18 1102.68 434.338 264.42 121.423 71.172 50.8283 50.7911  }</ppm><mv>{ 5000 3000 1500 1000 500 300 200 100  }</mv></co2_mixer><parin_offset>-0.211894</parin_offset><led_cal><unit>"SI-2503"</unit><mv>{ 10 25 50 100 1000 2000 3000 4000 5000  }</mv><qntm>{ 1.81531 9.77453 25.1762 63.0399 817.066 1630.06 2397.63 3127.23 3814.78  }</qntm></led_cal><lcf_cal><unit>"LCF-0981"</unit><red><mv>{ 50 100 200 400 800 1500  }</mv><qntm>{ 64.6036 145.758 312.409 661.73 1377.94 2641.23  }</qntm></red><blue><mv>{ 100 500 1000 2000 3000 4000 5000  }</mv><qntm>{ 11.107 44.4539 81.9578 145.168 203.372 256.093 300.56  }</qntm></blue></lcf_cal></user></li6400>
"23:59:03 almont 17 jun 15"
$STARTOFDATA$
"Obs"	"HHMMSS"	"YYYYMMDD"	"DOY"	"EBal?"	"Photo"	"Cond"	"Ci"	"Trmmol"	"VpdL"	"CTleaf"	"Area"	"BLC_1"	"StmRat"	"BLCond"	"Tair"	"Tleaf"	"TBlk"	"CO2R"	"CO2S"	"H2OR"	"H2OS"	"RH_R"	"RH_S"	"Flow"	"PARi"	"PARo"	"Press"	"CsMch"	"HsMch"	"StableF"	"BLCslope"	"BLCoffst"	"f_parin"	"f_parout"	"alphaK"	"Status"
1	"23:59:07"	21060205	1	0	2.25	0.0296	262	0.646	1.65	19.50	6	1.42	1	2.84	14.75	19.50	12.87	399.53	396.53	7.398	8.167	33.51	37.00	500.0	1497	1837	76.27	1.52	0.32	1.0	-0.22	2.74	1.00	0.00	0.16	111115
2	"23:59:07"	21060205	1	0	2.26	0.0295	261	0.646	1.65	19.50	6	1.42	1	2.84	14.75	19.50	12.87	399.56	396.54	7.398	8.166	33.51	36.99	500.0	1496	1837	76.27	1.52	0.32	1.0	-0.22	2.74	1.00	0.00	0.16	111115
3	"23:59:08"	21060205	1	0	2.26	0.0296	262	0.646	1.65	19.50	6	1.42	1	2.84	14.75	19.50	12.87	399.59	396.57	7.397	8.166	33.51	36.99	500.0	1495	1837	76.27	1.52	0.32	1.0	-0.22	2.74	1.00	0.00	0.16	111115
4	"23:59:08"	21060205	1	0	2.31	0.0296	259	0.646	1.65	19.50	6	1.42	1	2.84	14.75	19.50	12.87	399.65	396.56	7.397	8.165	33.50	36.99	500.0	1495	1838	76.27	1.52	0.32	1.0	-0.22	2.74	1.00	0.00	0.16	111115
5	"23:59:09"	21060205	1	0	2.31	0.0296	259	0.646	1.65	19.50	6	1.42	1	2.84	14.75	19.50	12.87	399.65	396.56	7.397	8.165	33.50	36.99	500.0	1495	1838	76.27	1.52	0.32	1.0	-0.22	2.74	1.00	0.00	0.16	111115
6	"23:59:09"	21060205	1	0	2.35	0.0296	257	0.646	1.65	19.50	6	1.42	1	2.84	14.75	19.50	12.87	399.72	396.60	7.396	8.165	33.50	36.98	500.0	1495	1838	76.27	1.52	0.32	1.0	-0.22	2.74	1.00	0.00	0.16	111115
7	"23:59:10"	21060205	1	0	2.4	0.0296	254	0.647	1.65	19.50	6	1.42	1	2.84	14.75	19.50	12.86	399.78	396.59	7.394	8.165	33.49	36.98	500.0	1495	1838	76.27	1.52	0.32	1.0	-0.22	2.74	1.00	0.00	0.16	111115
8	"23:59:10"	21060205	1	0	2.44	0.0297	252	0.649	1.65	19.50	6	1.42	1	2.84	14.75	19.50	12.86	399.84	396.60	7.393	8.165	33.49	36.98	500.0	1496	1838	76.27	1.52	0.32	1.0	-0.22	2.74	1.00	0.00	0.16	111115
9	"23:59:11"	21060205	1	0	2.48	0.0297	250	0.649	1.65	19.50	6	1.42	1	2.84	14.75	19.50	12.86	399.92	396.63	7.393	8.166	33.48	36.98	500.0	1496	1838	76.27	1.52	0.32	1.0	-0.22	2.74	1.00	0.00	0.16	111115
10	"23:59:11"	21060205	1	0	2.51	0.0297	249	0.648	1.65	19.50	6	1.42	1	2.84	14.75	19.50	12.86	400.00	396.68	7.393	8.165	33.48	36.98	500.0	1497	1837	76.27	1.52	0.32	1.0	-0.22	2.74	1.00	0.00	0.16	111115
11	"23:59:12"	21060205	1	0	2.53	0.0297	248	0.648	1.65	19.50	6	1.42	1	2.84	14.75	19.50	12.85	400.06	396.71	7.392	8.164	33.48	36.97	500.0	1497	1837	76.27	1.52	0.32	1.0	-0.22	2.74	1.00	0.00	0.16	111115
12	"23:59:12"	21060205	1	0	2.57	0.0296	245	0.647	1.65	19.51	6	1.42	1	2.84	14.75	19.51	12.85	400.13	396.74	7.391	8.162	33.47	36.96	500.0	1498	1837	76.27	1.52	0.32	1.0	-0.22	2.74	1.00	0.00	0.16	111115
13	"23:59:13"	21060205	1	0	2.61	0.0296	243	0.647	1.65	19.51	6	1.42	1	2.84	14.75	19.51	12.85	400.21	396.77	7.391	8.161	33.47	36.96	500.0	1498	1837	76.27	1.52	0.32	1.0	-0.22	2.74	1.00	0.00	0.16	111115
14	"23:59:13"	21060205	1	0	2.63	0.0296	242	0.647	1.65	19.51	6	1.42	1	2.84	14.75	19.51	12.85	400.29	396.82	7.391	8.161	33.47	36.96	500.0	1499	1837	76.27	1.52	0.32	1.0	-0.22	2.74	1.00	0.00	0.16	111115
15	"23:59:14"	21060205	1	0	2.66	0.0296	241	0.647	1.65	19.51	6	1.42	1	2.84	14.75	19.51	12.84	400.39	396.90	7.389	8.159	33.46	36.95	500.0	1500	1837	76.27	1.52	0.32	1.0	-0.22	2.74	1.00	0.00	0.16	111115
"23:59:58 Coolers: Tblock -> 17.70 C"
"00:03:22 Flow: Fixed -> 500 umol/s"
16	"00:03:24"	21060206	1	0	2.33	0.0291	255	0.665	1.72	21.18	6	1.42	1	2.84	18.74	21.18	17.74	399.88	396.76	9.705	10.495	34.11	36.89	499.8	1499	1855	76.27	1.14	0.311	1.0	-0.22	2.74	1.00	0.00	0.16	111115
17	"00:03:25"	21060206	1	0	2.34	0.0296	257	0.677	1.72	21.18	6	1.42	1	2.84	18.74	21.18	17.74	399.92	396.78	9.693	10.497	34.07	36.89	499.9	1499	1855	76.27	1.14	0.311	1.0	-0.22	2.74	1.00	0.00	0.16	111115
18	"00:03:25"	21060206	1	0	2.36	0.0299	257	0.684	1.72	21.18	6	1.42	1	2.84	18.74	21.18	17.74	399.93	396.76	9.684	10.497	34.04	36.89	499.9	1499	1855	76.27	1.14	0.311	1.0	-0.22	2.74	1.00	0.00	0.16	111115
19	"00:03:25"	21060206	1	0	2.36	0.0299	257	0.684	1.72	21.18	6	1.42	1	2.84	18.74	21.18	17.74	399.93	396.76	9.684	10.497	34.04	36.89	499.9	1499	1855	76.27	1.14	0.311	1.0	-0.22	2.74	1.00	0.00	0.16	111115
20	"00:03:26"	21060206	1	0	2.38	0.0301	257	0.688	1.72	21.18	6	1.42	1	2.84	18.74	21.18	17.74	399.95	396.76	9.679	10.496	34.01	36.89	499.9	1499	1855	76.27	1.14	0.311	1.0	-0.22	2.74	1.00	0.00	0.16	111115
21	"00:03:26"	21060206	1	0	2.4	0.0303	257	0.692	1.72	21.18	6	1.42	1	2.84	18.74	21.18	17.74	399.97	396.76	9.674	10.495	34.00	36.88	499.9	1499	1855	76.27	1.14	0.311	1.0	-0.22	2.74	1.00	0.00	0.16	111115
22	"00:03:27"	21060206	1	0	2.49	0.0314	256	0.716	1.72	21.18	6	1.42	1	2.84	18.75	21.18	17.74	400.08	396.75	9.646	10.496	33.90	36.89	500.0	1499	1855	76.27	1.14	0.311	1.0	-0.22	2.74	1.00	0.00	0.16	111115
23	"00:03:27"	21060206	1	0	2.48	0.0314	257	0.717	1.72	21.18	6	1.42	1	2.84	18.75	21.18	17.74	400.08	396.76	9.643	10.494	33.88	36.88	500.0	1499	1855	76.27	1.14	0.311	1.0	-0.22	2.74	1.00	0.00	0.16	111115
24	"00:03:28"	21060206	1	0	2.46	0.0315	258	0.719	1.72	21.18	6	1.42	1	2.84	18.75	21.18	17.74	400.05	396.76	9.641	10.495	33.88	36.88	500.0	1499	1855	76.27	1.14	0.311	1.0	-0.22	2.74	1.00	0.00	0.16	111115
25	"00:03:29"	21060206	1	0	2.46	0.0315	259	0.719	1.72	21.19	6	1.42	1	2.84	18.75	21.19	17.74	400.04	396.75	9.641	10.495	33.87	36.87	500.0	1499	1855	76.27	1.14	0.311	1.0	-0.22	2.74	1.00	0.00	0.16	111115
26	"00:03:29"	21060206	1	0	2.44	0.0315	259	0.72	1.72	21.19	6	1.42	1	2.84	18.75	21.19	17.74	400.02	396.75	9.640	10.494	33.87	36.87	500.0	1499	1855	76.27	1.14	0.311	1.0	-0.22	2.74	1.00	0.00	0.16	111115
27	"00:03:30"	21060206	1	0	2.43	0.0315	260	0.719	1.72	21.19	6	1.42	1	2.84	18.75	21.19	17.74	400.02	396.76	9.640	10.494	33.86	36.86	500.0	1499	1854	76.27	1.14	0.311	1.0	-0.22	2.74	1.00	0.00	0.16	111115
28	"00:03:30"	21060206	1	0	2.42	0.0315	261	0.721	1.72	21.19	6	1.42	1	2.84	18.75	21.19	17.74	400.00	396.75	9.639	10.495	33.86	36.87	500.0	1499	1854	76.27	1.14	0.311	1.0	-0.22	2.74	1.00	0.00	0.16	111115
29	"00:03:31"	21060206	1	0	2.4	0.0316	262	0.721	1.72	21.19	6	1.42	1	2.84	18.75	21.19	17.74	399.99	396.76	9.639	10.495	33.86	36.87	500.0	1499	1854	76.27	1.14	0.311	1.0	-0.22	2.74	1.00	0.00	0.16	111115
30	"00:03:31"	21060206	1	0	2.4	0.0316	262	0.722	1.73	21.19	6	1.42	1	2.84	18.75	21.19	17.74	399.98	396.76	9.639	10.495	33.86	36.86	500.0	1499	1854	76.27	1.14	0.311	1.0	-0.22	2.74	1.00	0.00	0.16	111115
"00:03:42 Coolers: Tblock -> 22.70 C"
"00:09:52 Flow: Fixed -> 500 umol/s"
31	"00:11:21"	21060206	1	0	2.95	0.0385	258	1.03	2.01	24.04	6	1.42	1	2.84	23.36	24.04	22.73	400.01	395.98	11.835	13.051	31.32	34.54	499.9	1499	1882	76.27	0.383	0.32	1.0	-0.22	2.74	1.00	0.00	0.16	111115
32	"00:11:22"	21060206	1	0	2.94	0.0384	258	1.03	2.01	24.05	6	1.42	1	2.84	23.36	24.05	22.73	399.98	395.96	11.835	13.050	31.32	34.53	499.9	1499	1882	76.27	0.383	0.32	1.0	-0.22	2.74	1.00	0.00	0.16	111115
33	"00:11:22"	21060206	1	0	2.92	0.0385	259	1.03	2.01	24.04	6	1.42	1	2.84	23.36	24.04	22.73	399.97	395.98	11.834	13.051	31.32	34.54	499.9	1499	1882	76.27	0.383	0.32	1.0	-0.22	2.74	1.00	0.00	0.16	111115
34	"00:11:23"	21060206	1	0	2.92	0.0385	259	1.03	2.01	24.04	6	1.42	1	2.84	23.36	24.04	22.73	399.97	395.98	11.834	13.051	31.32	34.54	499.9	1499	1882	76.27	0.383	0.32	1.0	-0.22	2.74	1.00	0.00	0.16	111115
35	"00:11:23"	21060206	1	0	2.95	0.0385	258	1.03	2.01	24.04	6	1.42	1	2.84	23.36	24.04	22.73	399.99	395.96	11.834	13.050	31.32	34.53	499.9	1499	1882	76.27	0.383	0.32	1.0	-0.22	2.74	1.00	0.00	0.16	111115
36	"00:11:24"	21060206	1	0	2.97	0.0385	257	1.03	2.01	24.05	6	1.42	1	2.84	23.36	24.05	22.73	400.00	395.95	11.833	13.050	31.31	34.53	499.9	1499	1882	76.27	0.383	0.32	1.0	-0.22	2.74	1.00	0.00	0.16	111115
37	"00:11:24"	21060206	1	0	2.94	0.0385	258	1.03	2.01	24.05	6	1.42	1	2.84	23.36	24.05	22.73	399.98	395.97	11.833	13.049	31.31	34.53	499.9	1499	1882	76.27	0.383	0.32	1.0	-0.22	2.74	1.00	0.00	0.16	111115
38	"00:11:25"	21060206	1	0	2.9	0.0385	260	1.03	2.01	24.05	6	1.42	1	2.84	23.36	24.05	22.72	399.98	396.01	11.833	13.051	31.31	34.53	499.9	1499	1882	76.27	0.383	0.32	1.0	-0.22	2.74	1.00	0.00	0.16	111115
39	"00:11:25"	21060206	1	0	2.9	0.0385	260	1.03	2.01	24.05	6	1.42	1	2.84	23.36	24.05	22.72	399.97	396.01	11.834	13.051	31.32	34.54	500.0	1499	1882	76.27	0.383	0.32	1.0	-0.22	2.74	1.00	0.00	0.16	111115
40	"00:11:26"	21060206	1	0	2.92	0.0385	259	1.03	2.01	24.05	6	1.42	1	2.84	23.36	24.05	22.72	399.98	395.99	11.834	13.051	31.31	34.53	500.0	1499	1882	76.27	0.383	0.32	1.0	-0.22	2.74	1.00	0.00	0.16	111115
41	"00:11:26"	21060206	1	0	2.92	0.0385	259	1.03	2.01	24.05	6	1.42	1	2.84	23.36	24.05	22.73	400.00	396.00	11.835	13.052	31.32	34.54	500.0	1499	1882	76.27	0.383	0.32	1.0	-0.22	2.74	1.00	0.00	0.16	111115
42	"00:11:27"	21060206	1	0	2.93	0.0385	259	1.03	2.01	24.05	6	1.42	1	2.84	23.36	24.05	22.73	399.99	395.99	11.834	13.052	31.31	34.54	500.0	1499	1882	76.27	0.383	0.32	1.0	-0.22	2.74	1.00	0.00	0.16	111115
43	"00:11:27"	21060206	1	0	2.9	0.0386	260	1.03	2.01	24.05	6	1.42	1	2.84	23.36	24.05	22.73	399.98	396.01	11.834	13.054	31.31	34.54	500.0	1499	1882	76.27	0.383	0.32	1.0	-0.22	2.74	1.00	0.00	0.16	111115
44	"00:11:28"	21060206	1	0	2.89	0.0386	261	1.03	2.01	24.05	6	1.42	1	2.84	23.36	24.05	22.73	399.97	396.01	11.835	13.053	31.31	34.54	500.0	1499	1883	76.27	0.383	0.32	1.0	-0.22	2.74	1.00	0.00	0.16	111115
45	"00:11:28"	21060206	1	0	2.9	0.0386	260	1.03	2.01	24.05	6	1.42	1	2.84	23.36	24.05	22.73	399.97	396.00	11.834	13.054	31.31	34.54	500.0	1499	1883	76.27	0.383	0.32	1.0	-0.22	2.74	1.00	0.00	0.16	111115
"00:11:43 Coolers: Tblock -> 27.70 C"
"00:16:00 Flow: Fixed -> 500 umol/s"
46	"00:17:46"	21060206	1	0	3.14	0.0427	261	1.22	2.15	26.51	6	1.42	1	2.84	27.62	26.51	27.71	400.01	395.66	16.017	17.458	32.91	35.87	499.9	1500	1905	76.26	0.0792	0.306	1.0	-0.22	2.74	1.00	0.00	0.16	111115
47	"00:17:47"	21060206	1	0	3.19	0.0427	259	1.22	2.15	26.51	6	1.42	1	2.84	27.62	26.51	27.72	400.05	395.64	16.016	17.457	32.90	35.87	499.9	1500	1905	76.26	0.0792	0.306	1.0	-0.22	2.74	1.00	0.00	0.16	111115
48	"00:17:47"	21060206	1	0	3.2	0.0426	259	1.22	2.15	26.51	6	1.42	1	2.84	27.62	26.51	27.72	400.06	395.64	16.017	17.456	32.90	35.86	499.9	1500	1904	76.26	0.0792	0.306	1.0	-0.22	2.74	1.00	0.00	0.16	111115
49	"00:17:48"	21060206	1	0	3.2	0.0426	259	1.22	2.15	26.51	6	1.42	1	2.84	27.62	26.51	27.72	400.06	395.64	16.017	17.456	32.90	35.86	499.9	1500	1904	76.26	0.0792	0.306	1.0	-0.22	2.74	1.00	0.00	0.16	111115
50	"00:17:48"	21060206	1	0	3.23	0.0426	258	1.22	2.15	26.51	6	1.42	1	2.84	27.62	26.51	27.72	400.08	395.63	16.015	17.455	32.90	35.86	499.9	1500	1904	76.26	0.0792	0.306	1.0	-0.22	2.74	1.00	0.00	0.16	111115
51	"00:17:49"	21060206	1	0	3.24	0.0426	257	1.22	2.15	26.52	6	1.42	1	2.84	27.62	26.52	27.71	400.10	395.63	16.016	17.456	32.90	35.86	499.9	1500	1905	76.26	0.0792	0.306	1.0	-0.22	2.74	1.00	0.00	0.16	111115
52	"00:17:49"	21060206	1	0	3.23	0.0427	258	1.22	2.15	26.52	6	1.42	1	2.84	27.62	26.52	27.71	400.11	395.65	16.015	17.456	32.90	35.86	499.9	1500	1905	76.27	0.0792	0.306	1.0	-0.22	2.74	1.00	0.00	0.16	111115
53	"00:17:50"	21060206	1	0	3.25	0.0426	257	1.22	2.15	26.52	6	1.42	1	2.84	27.63	26.52	27.71	400.12	395.64	16.014	17.454	32.89	35.85	499.9	1500	1905	76.26	0.0792	0.306	1.0	-0.22	2.74	1.00	0.00	0.16	111115
54	"00:17:50"	21060206	1	0	3.27	0.0426	256	1.22	2.15	26.52	6	1.42	1	2.84	27.63	26.52	27.71	400.14	395.64	16.014	17.454	32.90	35.85	499.9	1500	1906	76.26	0.0792	0.306	1.0	-0.22	2.74	1.00	0.00	0.16	111115
55	"00:17:51"	21060206	1	0	3.3	0.0425	255	1.22	2.15	26.52	6	1.42	1	2.84	27.63	26.52	27.71	400.15	395.61	16.015	17.453	32.90	35.85	499.9	1500	1906	76.27	0.0792	0.306	1.0	-0.22	2.74	1.00	0.00	0.16	111115
56	"00:17:51"	21060206	1	0	3.26	0.0425	256	1.22	2.15	26.52	6	1.42	1	2.84	27.63	26.52	27.71	400.12	395.64	16.015	17.453	32.89	35.85	499.9	1500	1906	76.27	0.0792	0.306	1.0	-0.22	2.74	1.00	0.00	0.16	111115
57	"00:17:52"	21060206	1	0	3.22	0.0425	258	1.22	2.15	26.52	6	1.42	1	2.84	27.63	26.52	27.71	400.09	395.64	16.015	17.453	32.89	35.85	499.9	1500	1906	76.26	0.0792	0.306	1.0	-0.22	2.74	1.00	0.00	0.16	111115
58	"00:17:52"	21060206	1	0	3.21	0.0426	258	1.22	2.15	26.52	6	1.42	1	2.84	27.63	26.52	27.71	400.09	395.66	16.016	17.454	32.89	35.85	499.9	1500	1906	76.26	0.0792	0.306	1.0	-0.22	2.74	1.00	0.00	0.16	111115
59	"00:17:53"	21060206	1	0	3.18	0.0426	259	1.22	2.15	26.52	6	1.42	1	2.84	27.63	26.52	27.71	400.06	395.66	16.016	17.454	32.89	35.85	499.9	1500	1906	76.26	0.0792	0.306	1.0	-0.22	2.74	1.00	0.00	0.16	111115
60	"00:17:53"	21060206	1	0	3.17	0.0426	260	1.22	2.15	26.52	6	1.42	1	2.84	27.63	26.52	27.71	400.04	395.66	16.015	17.455	32.89	35.85	499.9	1500	1906	76.27	0.0792	0.306	1.0	-0.22	2.74	1.00	0.00	0.16	111115
"00:18:09 Coolers: Tblock -> 32.70 C"
"00:26:36 Flow: Fixed -> 500 umol/s"
61	"00:28:53"	21060206	1	0	3.06	0.0369	243	1.31	2.63	30.18	6	1.42	1	2.84	32.36	30.18	32.74	399.93	395.64	20.378	21.913	31.90	34.30	500.0	1499	1941	76.27	0.22	0.323	1.0	-0.22	2.74	1.00	0.00	0.16	111115
62	"00:28:53"	21060206	1	0	3.05	0.0369	243	1.31	2.63	30.18	6	1.42	1	2.84	32.36	30.18	32.74	399.91	395.63	20.376	21.910	31.89	34.30	500.0	1499	1941	76.27	0.22	0.323	1.0	-0.22	2.74	1.00	0.00	0.16	111115
63	"00:28:53"	21060206	1	0	3.05	0.0369	243	1.31	2.63	30.18	6	1.42	1	2.84	32.36	30.18	32.74	399.91	395.63	20.376	21.910	31.89	34.30	500.0	1499	1941	76.27	0.22	0.323	1.0	-0.22	2.74	1.00	0.00	0.16	111115
64	"00:28:54"	21060206	1	0	3.08	0.0369	242	1.31	2.63	30.18	6	1.42	1	2.84	32.36	30.18	32.74	399.94	395.63	20.376	21.910	31.89	34.30	500.0	1499	1941	76.27	0.22	0.323	1.0	-0.22	2.74	1.00	0.00	0.16	111115
65	"00:28:54"	21060206	1	0	3.11	0.0369	241	1.31	2.63	30.17	6	1.42	1	2.84	32.36	30.17	32.74	399.96	395.61	20.376	21.910	31.89	34.30	500.0	1499	1941	76.27	0.22	0.323	1.0	-0.22	2.74	1.00	0.00	0.16	111115
66	"00:28:55"	21060206	1	0	3.09	0.0369	242	1.31	2.63	30.17	6	1.42	1	2.84	32.36	30.17	32.74	399.94	395.61	20.374	21.910	31.89	34.30	500.0	1499	1941	76.27	0.22	0.323	1.0	-0.22	2.74	1.00	0.00	0.16	111115
67	"00:28:55"	21060206	1	0	3.05	0.037	244	1.31	2.63	30.17	6	1.42	1	2.84	32.36	30.17	32.74	399.91	395.63	20.373	21.910	31.89	34.29	500.0	1499	1941	76.27	0.22	0.323	1.0	-0.22	2.74	1.00	0.00	0.16	111115
68	"00:28:56"	21060206	1	0	3.06	0.037	243	1.31	2.63	30.16	6	1.42	1	2.84	32.36	30.16	32.74	399.91	395.62	20.372	21.910	31.89	34.29	499.9	1499	1941	76.27	0.22	0.323	1.0	-0.22	2.74	1.00	0.00	0.16	111115
69	"00:28:56"	21060206	1	0	3.07	0.037	243	1.31	2.63	30.17	6	1.42	1	2.84	32.36	30.17	32.74	399.90	395.59	20.370	21.908	31.88	34.29	499.9	1499	1941	76.27	0.22	0.323	1.0	-0.22	2.74	1.00	0.00	0.16	111115
70	"00:28:57"	21060206	1	0	3.1	0.037	242	1.31	2.63	30.17	6	1.42	1	2.84	32.36	30.17	32.74	399.90	395.56	20.369	21.908	31.88	34.29	499.9	1499	1941	76.27	0.22	0.323	1.0	-0.22	2.74	1.00	0.00	0.16	111115
71	"00:28:57"	21060206	1	0	3.12	0.037	241	1.31	2.63	30.17	6	1.42	1	2.84	32.36	30.17	32.74	399.92	395.55	20.369	21.909	31.88	34.29	499.9	1499	1941	76.27	0.22	0.323	1.0	-0.22	2.74	1.00	0.00	0.16	111115
72	"00:28:58"	21060206	1	0	3.18	0.037	239	1.31	2.63	30.16	6	1.42	1	2.84	32.36	30.16	32.74	399.96	395.52	20.368	21.908	31.88	34.29	499.9	1499	1941	76.27	0.22	0.323	1.0	-0.22	2.74	1.00	0.00	0.16	111115
73	"00:28:58"	21060206	1	0	3.18	0.0371	239	1.31	2.63	30.17	6	1.42	1	2.84	32.36	30.17	32.74	399.97	395.54	20.367	21.908	31.88	34.29	499.9	1499	1941	76.27	0.22	0.323	1.0	-0.22	2.74	1.00	0.00	0.16	111115
74	"00:28:59"	21060206	1	0	3.2	0.0371	238	1.31	2.63	30.17	6	1.42	1	2.84	32.36	30.17	32.74	400.00	395.53	20.366	21.908	31.87	34.29	499.9	1499	1941	76.27	0.22	0.323	1.0	-0.22	2.74	1.00	0.00	0.16	111115
75	"00:29:00"	21060206	1	0	3.23	0.0371	236	1.31	2.63	30.17	6	1.42	1	2.84	32.36	30.17	32.74	400.01	395.51	20.365	21.907	31.87	34.28	499.9	1499	1942	76.27	0.22	0.323	0.7	-0.22	2.74	1.00	0.00	0.16	111115
"00:29:11 Coolers: Tblock -> 37.70 C"
"00:35:39 Flow: Fixed -> 500 umol/s"
76	"00:41:25"	21060206	1	0	3.21	0.0325	217	1.27	2.88	32.84	6	1.42	1	2.84	36.70	32.84	37.74	400.14	395.68	26.386	27.872	32.45	34.28	500.0	1500	1977	76.27	-0.903	0.256	1.0	-0.22	2.74	1.00	0.00	0.16	111115
77	"00:41:26"	21060206	1	0	3.22	0.0325	216	1.27	2.88	32.84	6	1.42	1	2.84	36.70	32.84	37.74	400.17	395.69	26.385	27.870	32.45	34.28	500.0	1500	1977	76.27	-0.903	0.256	1.0	-0.22	2.74	1.00	0.00	0.16	111115
78	"00:41:26"	21060206	1	0	3.22	0.0325	216	1.27	2.88	32.84	6	1.42	1	2.84	36.70	32.84	37.74	400.18	395.71	26.386	27.869	32.45	34.27	500.0	1500	1977	76.27	-0.903	0.256	1.0	-0.22	2.74	1.00	0.00	0.16	111115
79	"00:41:27"	21060206	1	0	3.24	0.0325	215	1.27	2.88	32.83	6	1.42	1	2.84	36.70	32.83	37.74	400.19	395.69	26.384	27.868	32.45	34.27	500.0	1500	1978	76.27	-0.903	0.256	1.0	-0.22	2.74	1.00	0.00	0.16	111115
80	"00:41:27"	21060206	1	0	3.2	0.0325	217	1.27	2.88	32.83	6	1.42	1	2.84	36.70	32.83	37.74	400.19	395.74	26.382	27.866	32.44	34.27	500.0	1500	1978	76.27	-0.903	0.256	1.0	-0.22	2.74	1.00	0.00	0.16	111115
81	"00:41:28"	21060206	1	0	3.2	0.0325	217	1.27	2.88	32.83	6	1.42	1	2.84	36.70	32.83	37.74	400.19	395.74	26.382	27.866	32.44	34.27	500.0	1500	1978	76.27	-0.903	0.256	1.0	-0.22	2.74	1.00	0.00	0.16	111115
82	"00:41:28"	21060206	1	0	3.18	0.0326	219	1.28	2.88	32.83	6	1.42	1	2.84	36.70	32.83	37.74	400.18	395.76	26.380	27.868	32.44	34.27	500.0	1500	1978	76.27	-0.903	0.256	1.0	-0.22	2.74	1.00	0.00	0.16	111115
83	"00:41:29"	21060206	1	0	3.15	0.0326	220	1.27	2.88	32.83	6	1.42	1	2.84	36.70	32.83	37.74	400.17	395.78	26.380	27.866	32.44	34.27	500.0	1500	1978	76.27	-0.903	0.256	1.0	-0.22	2.74	1.00	0.00	0.16	111115
84	"00:41:29"	21060206	1	0	3.14	0.0326	221	1.28	2.88	32.82	6	1.42	1	2.84	36.70	32.82	37.74	400.18	395.81	26.378	27.868	32.44	34.27	500.0	1500	1978	76.27	-0.903	0.256	1.0	-0.22	2.74	1.00	0.00	0.16	111115
85	"00:41:30"	21060206	1	0	3.15	0.0326	220	1.27	2.88	32.83	6	1.42	1	2.84	36.70	32.83	37.74	400.20	395.81	26.378	27.865	32.44	34.26	500.0	1500	1978	76.27	-0.903	0.256	1.0	-0.22	2.74	1.00	0.00	0.16	111115
86	"00:41:30"	21060206	1	0	3.17	0.0326	219	1.28	2.88	32.83	6	1.42	1	2.84	36.70	32.83	37.74	400.22	395.81	26.377	27.867	32.43	34.26	500.0	1500	1978	76.27	-0.903	0.256	1.0	-0.22	2.74	1.00	0.00	0.16	111115
87	"00:41:31"	21060206	1	0	3.19	0.0326	218	1.28	2.88	32.83	6	1.42	1	2.84	36.70	32.83	37.74	400.26	395.82	26.375	27.866	32.43	34.26	500.0	1500	1978	76.27	-0.903	0.256	1.0	-0.22	2.74	1.00	0.00	0.16	111115
88	"00:41:31"	21060206	1	0	3.22	0.0327	217	1.28	2.88	32.83	6	1.42	1	2.84	36.70	32.83	37.74	400.30	395.83	26.374	27.866	32.43	34.26	500.0	1500	1978	76.27	-0.903	0.256	1.0	-0.22	2.74	1.00	0.00	0.16	111115
89	"00:41:32"	21060206	1	0	3.28	0.0327	214	1.28	2.88	32.83	6	1.42	1	2.84	36.70	32.83	37.74	400.35	395.80	26.372	27.865	32.42	34.26	500.0	1500	1978	76.27	-0.903	0.256	1.0	-0.22	2.74	1.00	0.00	0.16	111115
90	"00:41:32"	21060206	1	0	3.33	0.0327	212	1.28	2.88	32.83	6	1.42	1	2.84	36.70	32.83	37.74	400.39	395.78	26.369	27.863	32.42	34.26	500.0	1500	1978	76.27	-0.903	0.256	1.0	-0.22	2.74	1.00	0.00	0.16	111115
"00:41:42 Coolers: Tblock -> 42.70 C"
"00:46:27 Flow: Fixed -> 500 umol/s"
"00:53:42 Flow: Fixed -> 500 umol/s"
91	"00:55:05"	21060206	1	0	2.56	0.0293	234	1.25	3.11	35.54	6	1.42	1	2.84	41.13	35.54	42.73	400.30	396.63	34.131	35.581	33.07	34.47	500.0	1500	2013	76.26	-0.915	0.179	1.0	-0.22	2.74	1.00	0.00	0.16	111115
92	"00:55:05"	21060206	1	0	2.53	0.0293	236	1.25	3.11	35.54	6	1.42	1	2.84	41.13	35.54	42.73	400.27	396.64	34.134	35.583	33.07	34.48	499.9	1500	2013	76.26	-0.915	0.179	1.0	-0.22	2.74	1.00	0.00	0.16	111115
93	"00:55:06"	21060206	1	0	2.51	0.0293	237	1.25	3.1	35.53	6	1.42	1	2.84	41.13	35.53	42.73	400.24	396.63	34.137	35.585	33.08	34.48	499.9	1500	2013	76.26	-0.915	0.179	1.0	-0.22	2.74	1.00	0.00	0.16	111115
94	"00:55:06"	21060206	1	0	2.51	0.0293	237	1.25	3.1	35.53	6	1.42	1	2.84	41.13	35.53	42.73	400.24	396.63	34.137	35.585	33.08	34.48	499.9	1500	2013	76.26	-0.915	0.179	1.0	-0.22	2.74	1.00	0.00	0.16	111115
95	"00:55:06"	21060206	1	0	2.51	0.0293	237	1.25	3.1	35.52	6	1.42	1	2.84	41.13	35.52	42.73	400.24	396.63	34.139	35.585	33.08	34.48	500.0	1500	2013	76.26	-0.915	0.179	1.0	-0.22	2.74	1.00	0.00	0.16	111115
96	"00:55:07"	21060206	1	0	2.51	0.0293	237	1.25	3.1	35.52	6	1.42	1	2.84	41.13	35.52	42.73	400.24	396.63	34.139	35.585	33.08	34.48	500.0	1500	2013	76.26	-0.915	0.179	1.0	-0.22	2.74	1.00	0.00	0.16	111115
97	"00:55:07"	21060206	1	0	2.51	0.0293	237	1.25	3.1	35.52	6	1.42	1	2.84	41.12	35.52	42.73	400.24	396.63	34.141	35.585	33.08	34.48	500.0	1500	2013	76.26	-0.915	0.179	1.0	-0.22	2.74	1.00	0.00	0.16	111115
98	"00:55:08"	21060206	1	0	2.49	0.0293	238	1.25	3.1	35.51	6	1.42	1	2.84	41.13	35.51	42.73	400.22	396.63	34.144	35.589	33.08	34.48	500.0	1500	2013	76.26	-0.915	0.179	1.0	-0.22	2.74	1.00	0.00	0.16	111115
99	"00:55:08"	21060206	1	0	2.46	0.0294	240	1.25	3.09	35.51	6	1.42	1	2.84	41.12	35.51	42.73	400.19	396.64	34.147	35.594	33.09	34.49	500.0	1500	2014	76.26	-0.915	0.179	1.0	-0.22	2.74	1.00	0.00	0.16	111115
100	"00:55:09"	21060206	1	0	2.48	0.0294	239	1.25	3.09	35.50	6	1.42	1	2.84	41.12	35.50	42.73	400.19	396.62	34.150	35.595	33.09	34.49	500.0	1500	2014	76.26	-0.915	0.179	1.0	-0.22	2.74	1.00	0.00	0.16	111115
101	"00:55:09"	21060206	1	0	2.54	0.0293	235	1.25	3.09	35.49	6	1.42	1	2.84	41.12	35.49	42.73	400.24	396.60	34.154	35.595	33.09	34.49	500.0	1500	2014	76.26	-0.915	0.179	1.0	-0.22	2.74	1.00	0.00	0.16	111115
102	"00:55:10"	21060206	1	0	2.56	0.0293	234	1.24	3.09	35.48	6	1.42	1	2.84	41.12	35.48	42.73	400.29	396.62	34.156	35.596	33.10	34.49	500.0	1500	2014	76.26	-0.915	0.179	1.0	-0.22	2.74	1.00	0.00	0.16	111115
103	"00:55:10"	21060206	1	0	2.58	0.0293	233	1.24	3.09	35.50	6	1.42	1	2.84	41.12	35.50	42.73	400.32	396.63	34.159	35.599	33.10	34.50	500.0	1500	2014	76.26	-0.915	0.179	1.0	-0.22	2.74	1.00	0.00	0.16	111115
104	"00:55:11"	21060206	1	0	2.57	0.0293	233	1.24	3.09	35.51	6	1.42	1	2.84	41.12	35.51	42.73	400.31	396.62	34.161	35.602	33.10	34.50	500.0	1500	2014	76.26	-0.915	0.179	1.0	-0.22	2.74	1.00	0.00	0.16	111115
105	"00:55:11"	21060206	1	0	2.6	0.0293	232	1.24	3.09	35.51	6	1.42	1	2.84	41.12	35.51	42.73	400.34	396.63	34.164	35.604	33.11	34.50	500.0	1500	2014	76.26	-0.915	0.179	1.0	-0.22	2.74	1.00	0.00	0.16	111115
"00:55:25 Coolers: Tblock -> 47.70 C"
"01:04:33 Coolers: Tblock -> 45.85 C"
"01:05:05 Flow: Fixed -> 500 umol/s"
"01:09:44 Coolers: Tblock -> 47.70 C"
"01:17:03 Coolers: Tblock -> 47.43 C"
"01:19:53 Flow: Fixed -> 500 umol/s"
"01:22:01 Flow: Fixed -> 500 umol/s"
"01:22:34 Flow: Fixed -> 500 umol/s"
106	"01:23:49"	21060206	1	0	2.39	0.0398	275	1.76	3.19	38.29	6	1.42	1	2.84	45.51	38.29	47.42	399.65	395.95	44.916	46.928	34.61	36.16	500.0	1500	2066	76.25	0.0831	0.055	1.0	-0.22	2.74	1.00	0.00	0.16	111115
107	"01:23:50"	21060206	1	0	2.36	0.0398	276	1.76	3.19	38.30	6	1.42	1	2.84	45.51	38.30	47.42	399.60	395.94	44.917	46.929	34.61	36.16	500.0	1500	2066	76.25	0.0831	0.055	1.0	-0.22	2.74	1.00	0.00	0.16	111115
108	"01:23:50"	21060206	1	0	2.36	0.0398	276	1.76	3.19	38.30	6	1.42	1	2.84	45.51	38.30	47.42	399.60	395.94	44.917	46.929	34.61	36.16	500.0	1500	2066	76.25	0.0831	0.055	1.0	-0.22	2.74	1.00	0.00	0.16	111115
109	"01:23:51"	21060206	1	0	2.33	0.0398	277	1.76	3.19	38.30	6	1.42	1	2.84	45.51	38.30	47.42	399.53	395.90	44.922	46.932	34.62	36.17	500.0	1500	2066	76.25	0.0831	0.055	1.0	-0.22	2.74	1.00	0.00	0.16	111115
110	"01:23:51"	21060206	1	0	2.22	0.0398	281	1.76	3.18	38.29	6	1.42	1	2.84	45.51	38.29	47.41	399.38	395.89	44.924	46.933	34.62	36.17	500.0	1500	2066	76.25	0.0831	0.055	1.0	-0.22	2.74	1.00	0.00	0.16	111115
111	"01:23:52"	21060206	1	0	2.08	0.0397	287	1.75	3.18	38.29	6	1.42	1	2.84	45.51	38.29	47.41	399.21	395.89	44.929	46.935	34.63	36.17	500.0	1500	2066	76.25	0.0831	0.055	1.0	-0.22	2.74	1.00	0.00	0.16	111115
112	"01:23:52"	21060206	1	0	1.96	0.0397	292	1.76	3.18	38.29	6	1.42	1	2.84	45.51	38.29	47.41	399.06	395.88	44.930	46.937	34.63	36.17	500.0	1500	2066	76.25	0.0831	0.055	1.0	-0.22	2.74	1.00	0.00	0.16	111115
113	"01:23:53"	21060206	1	0	1.86	0.0398	296	1.76	3.18	38.29	6	1.42	1	2.84	45.51	38.29	47.41	398.91	395.85	44.932	46.940	34.63	36.18	500.0	1500	2066	76.25	0.0831	0.055	1.0	-0.22	2.74	1.00	0.00	0.16	111115
114	"01:23:54"	21060206	1	0	1.77	0.0398	299	1.76	3.18	38.28	6	1.42	1	2.84	45.51	38.28	47.41	398.77	395.82	44.933	46.942	34.63	36.18	500.0	1500	2066	76.25	0.0831	0.055	1.0	-0.22	2.74	1.00	0.00	0.16	111115
115	"01:23:54"	21060206	1	0	1.74	0.0398	300	1.76	3.18	38.28	6	1.42	1	2.84	45.51	38.28	47.41	398.66	395.73	44.935	46.943	34.63	36.18	500.0	1500	2066	76.25	0.0831	0.055	0.7	-0.22	2.74	1.00	0.00	0.16	111115
116	"01:23:55"	21060206	1	0	1.81	0.0399	297	1.76	3.18	38.28	6	1.42	1	2.84	45.51	38.28	47.41	398.64	395.63	44.940	46.952	34.64	36.19	500.0	1500	2066	76.25	0.0831	0.055	0.7	-0.22	2.74	1.00	0.00	0.16	111115
117	"01:23:55"	21060206	1	0	1.88	0.0398	294	1.76	3.18	38.29	6	1.42	1	2.84	45.51	38.29	47.42	398.70	395.60	44.942	46.953	34.64	36.19	500.0	1500	2066	76.25	0.0831	0.055	0.7	-0.22	2.74	1.00	0.00	0.16	111115
118	"01:23:56"	21060206	1	0	1.99	0.0399	290	1.76	3.18	38.28	6	1.42	1	2.84	45.51	38.28	47.42	398.75	395.53	44.943	46.957	34.64	36.19	500.0	1500	2066	76.25	0.0831	0.055	0.7	-0.22	2.74	1.00	0.00	0.16	111115
119	"01:23:56"	21060206	1	0	2.06	0.04	288	1.76	3.18	38.28	6	1.42	1	2.84	45.51	38.28	47.42	398.79	395.48	44.946	46.961	34.64	36.19	500.0	1500	2066	76.25	0.0831	0.055	0.7	-0.22	2.74	1.00	0.00	0.16	111115
120	"01:23:57"	21060206	1	0	2.11	0.0399	286	1.76	3.18	38.27	6	1.42	1	2.84	45.51	38.27	47.42	398.84	395.48	44.950	46.962	34.64	36.19	500.0	1500	2066	76.25	0.0831	0.055	0.7	-0.22	2.74	1.00	0.00	0.16	111115
"OPEN 6.3.2"
"Sun Feb  5 2106 23:30:07"
<open><version>"6.3.2"</version></open>
<open><configfile>"/User/Configs/UserPrefs/LED2x3.xml"</configfile></open>
<open><light><source>"6400-02 or -02B LED Source"</source><par_in>1<sensor>"SI-2503"<cal>-0.86<actinity>1.00</actinity><transm>1.00</transm></cal></sensor><transm>1</transm></par_in><par_out>1<sensor>"Q40491"<cal>6.5</cal></sensor></par_out></light></open>
<open><comps><file>"/User/Configs/Comps/StdComps_6.1"<header>""</header><extras></extras></file><energybal>no<f_parIn>1</f_parIn><f_parOut>0</f_parOut><alphaK>0.16</alphaK></energybal><bc_total>2.840<stomatal_ratio>1</stomatal_ratio><bc_oneside>1.420<type>2</type><table>"/Sys/Lib/StdBLCTable"</table><area>6</area><slope>-0.219565</slope><offset>2.73739</offset><fan>5</fan></bc_oneside></bc_total></comps></open>
<open><prompts><onlog>off</onlog><items>"Default (none)"</items></prompts></open>
<open><constants><oxygen>21 %</oxygen><bb_vapor>1.5</bb_vapor><bb_oxy>0.9</bb_oxy></constants></open>
<open><stability><items>"Std Stability"<items[1]><id>-2</id><size>15</size><pcv><onoff>0</onoff><value>1</value></pcv><std><onoff>0</onoff><value>1</value></std><slp><onoff>1</onoff><value>1</value></slp></items[1]><items[2]><id>-5</id><size>15</size><pcv><onoff>0</onoff><value>1</value></pcv><std><onoff>0</onoff><value>1</value></std><slp><onoff>1</onoff><value>1</value></slp></items[2]><items[3]><id>-7</id><size>15</size><pcv><onoff>0</onoff><value>1</value></pcv><std><onoff>0</onoff><value>1</value></std><slp><onoff>1</onoff><value>1</value></slp></items[3]></items></stability></open>
<open><log><format>"StdLogFmt_6.0"<items>{ -35 -21 -70 -69 -76 30 23 36 21 25 221 -33 111 -34 11 -9 -10 -8 -1 -2 -4 -5 -14 -15 -7 -12 -13 -11 -65 -66 -72 -18 -19 -77 -78 -79 -23  }<hdr>{  }</hdr></items></format><options><beep>on</beep><match>"never"<time>30</time><co2>100</co2><delta>10</delta></match><hdr>normal</hdr><rem>normal</rem><stab>no</stab><stats>no<mean>no</mean><file>no</file><period>15</period></stats><excel>yes</excel><controls>yes</controls><comm>no</comm></options><datafile>"/User/stm-as1"</datafile><button><action>"Normal Log"<code>" LogOneObsManual "</code></action></button><autoprog>"/User/Configs/AutoProgs/AutoLog2"<active>no</active></autoprog></log></open>
<open><a2d><avgtime>4.0 secs</avgtime><userchans><ch20>"Off"</ch20><ch21>"Off"</ch21><ch22>"Off"</ch22><ch23>"Off"</ch23></userchans></a2d></open>
<open><matching><type>0</type><disp>'a'</disp><settings>><CO2Limit>10.0</CO2Limit><H2OLimit>1.0</H2OLimit><MaxAutoTime>60</MaxAutoTime><AverageTime>10</AverageTime></settings></matching></open>
<li6400><factory><unit>"PSC-2470"</unit><serviced>"20 Apr 2015"</serviced><fuseaware>0</fuseaware><co2mixer>yes</co2mixer><co2><coeffs>{ 0 0.21905 1.42412e-05 2.84252e-08 -5.87781e-12 5.64561e-16  }</coeffs><dvdt>-3.6</dvdt><xs>{ 0.000524 -0.000211  }</xs></co2><h2o><coeffs>{ 0 0.005729 2.27444e-06 -1.41238e-11  }</coeffs><dvdt>-2.4</dvdt><xs>{ -0.000971 -0.0033  }</xs></h2o><flow>{ 0 0.3713  }</flow><press>{ 86.913 0.00551  }</press></factory></li6400>
<li6400><user><flow_zero>35.5</flow_zero><irga_zero><co2>113.5 -42.6<at>27.0751</at></co2><h2o>35.5 113.5<at>27.1372</at></h2o></irga_zero><irga_span><co2>{ 0.989946 0.991241  }</co2><h2o>{ 0.996267 0.997816  }</h2o></irga_span><irga_match><co2>{ -1.02808 0.0830979  }</co2><h2o>{ -0.129204 0.0549579  }</h2o></irga_match><co2_mixer><pump_mv>4500</pump_mv><ppm>{ 2303.18 1102.68 434.338 264.42 121.423 71.172 50.8283 50.7911  }</ppm><mv>{ 5000 3000 1500 1000 500 300 200 100  }</mv></co2_mixer><parin_offset>-0.211894</parin_offset><led_cal><unit>"SI-2503"</unit><mv>{ 10 25 50 100 1000 2000 3000 4000 5000  }</mv><qntm>{ 1.81531 9.77453 25.1762 63.0399 817.066 1630.06 2397.63 3127.23 3814.78  }</qntm></led_cal><lcf_cal><unit>"LCF-0981"</unit><red><mv>{ 50 100 200 400 800 1500  }</mv><qntm>{ 64.6036 145.758 312.409 661.73 1377.94 2641.23  }</qntm></red><blue><mv>{ 100 500 1000 2000 3000 4000 5000  }</mv><qntm>{ 11.107 44.4539 81.9578 145.168 203.372 256.093 300.56  }</qntm></blue></lcf_cal></user></li6400>
"23:30:12 "
$STARTOFDATA$
"Obs"	"HHMMSS"	"YYYYMMDD"	"DOY"	"EBal?"	"Photo"	"Cond"	"Ci"	"Trmmol"	"VpdL"	"CTleaf"	"Area"	"BLC_1"	"StmRat"	"BLCond"	"Tair"	"Tleaf"	"TBlk"	"CO2R"	"CO2S"	"H2OR"	"H2OS"	"RH_R"	"RH_S"	"Flow"	"PARi"	"PARo"	"Press"	"CsMch"	"HsMch"	"StableF"	"BLCslope"	"BLCoffst"	"f_parin"	"f_parout"	"alphaK"	"Status"
