"OPEN 6.2.4"
"Mon Jun 22 2015 12:48:49"
<open><version>"6.2.4"</version></open>
<open><configfile>"/User/Configs/UserPrefs/2x3 LED.xml"</configfile></open>
<open><light><source>"6400-02 or -02B LED Source"</source><par_in>1<sensor>"SI-3781"<cal>-0.93<actinity>1.00</actinity><transm>1.00</transm></cal></sensor><transm>1</transm></par_in><par_out>1<sensor>"Q49599"<cal>7.26</cal></sensor></par_out></light></open>
<open><comps><file>"/User/Configs/Comps/StdComps_6.2"<header>""</header><extras></extras></file><energybal>no<f_parIn>1</f_parIn><f_parOut>0</f_parOut><alphaK>0.16</alphaK></energybal><bc_total>2.840<stomatal_ratio>1</stomatal_ratio><bc_oneside>1.420<type>2</type><table>"/Sys/Lib/StdBLCTable"</table><area>6</area><slope>-0.219565</slope><offset>2.73739</offset><fan>5</fan></bc_oneside></bc_total></comps></open>
<open><prompts><onlog>off</onlog><items>"Default (none)"</items></prompts></open>
<open><constants><oxygen>21 %</oxygen><bb_vapor>1.5</bb_vapor><bb_oxy>0.9</bb_oxy></constants></open>
<open><stability><items>"Std Stability"<items[1]><id>-2</id><size>15</size><pcv><onoff>0</onoff><value>1</value></pcv><std><onoff>0</onoff><value>1</value></std><slp><onoff>1</onoff><value>1</value></slp></items[1]><items[2]><id>-5</id><size>15</size><pcv><onoff>0</onoff><value>1</value></pcv><std><onoff>0</onoff><value>1</value></std><slp><onoff>1</onoff><value>1</value></slp></items[2]><items[3]><id>-7</id><size>15</size><pcv><onoff>0</onoff><value>1</value></pcv><std><onoff>0</onoff><value>1</value></std><slp><onoff>1</onoff><value>1</value></slp></items[3]></items></stability></open>
<open><log><format>"StdLogFmt_6.0"<items>{ -35 -21 -36 -76 30 23 36 21 25 221 -33 111 -34 11 -9 -10 -8 -1 -2 -4 -5 -14 -15 -7 -12 -13 -11 -65 -66 -72 -18 -19 -77 -78 -79 -23  }<hdr>{  }</hdr></items></format><options><beep>on</beep><hdr>normal</hdr><rem>normal</rem><stab>no</stab><stats>no<mean>no</mean><file>no</file><period>15</period></stats><excel>yes</excel><controls>yes</controls><comm>no</comm></options><datafile>"/User/stm-abasa3"</datafile><button><action>"Normal Log"<code>" LogOneObsManual "</code></action></button><autoprog>"/User/Configs/AutoProgs/AutoLog2"<active>no</active></autoprog></log></open>
<open><a2d><avgtime>4.0 secs</avgtime><userchans><ch20>"Off"</ch20><ch21>"Off"</ch21><ch22>"Off"</ch22><ch23>"Off"</ch23></userchans></a2d></open>
<open><matching><type>0</type><disp>'a'</disp><settings><CO2Limit>10.0</CO2Limit><H2OLimit>1.0</H2OLimit><MaxAutoTime>60</MaxAutoTime></settings></matching></open>
<li6400><factory><unit>"PSC-3840"</unit><serviced>"1 Jul 2013"</serviced><fuseaware>0</fuseaware><co2mixer>yes</co2mixer><co2><coeffs>{ 0 0.213319 2.22998e-05 2.13159e-08 -3.88664e-12 3.69888e-16  }</coeffs><dvdt>-4.7</dvdt><xs>{ 0.0009 -0.0002  }</xs></co2><h2o><coeffs>{ 0 0.00572751 2.23485e-06 -7.37877e-12  }</coeffs><dvdt>-1.7</dvdt><xs>{ 0.0009 -0.0028  }</xs></h2o><flow>{ 0 0.3568  }</flow><press>{ 88.437 0.00551  }</press></factory></li6400>
<li6400><user><flow_zero>-468.8</flow_zero><irga_zero><co2>429.7 390.6<at>17.6901</at></co2><h2o>78.1 156.2<at>17.1607</at></h2o></irga_zero><irga_span><co2>{ 0.99237 0.992833  }</co2><h2o>{ 1.00426 0.996799  }</h2o></irga_span><irga_match><co2>{ 0.368307 -0.332421  }</co2><h2o>{ 0.00477181 -0.0953327  }</h2o></irga_match><co2_mixer><pump_mv>4500</pump_mv><ppm>{ 2287.2 1080.71 423.89 257.488 117.195 68.0056 44.5242 37.9628  }</ppm><mv>{ 5000 3000 1500 1000 500 300 200 100  }</mv></co2_mixer><parin_offset>0</parin_offset><led_cal><unit>"SI-3781"</unit><mv>{ 10 25 50 100 1000 2000 3000 4000 5000  }</mv><qntm>{ 4.69642 15.4417 35.4805 82.2863 972.665 1922.29 2824.32 3690.14 4518.2  }</qntm></led_cal><lcf_cal><unit>"unknown"</unit><red><mv>{ 50 100 500 1000 1500 5000  }</mv><qntm>{ 50 100 500 1000 2000 5000  }</qntm></red><blue><mv>{ 100 200 500 1000 2000 5000  }</mv><qntm>{ 10 20 50 100 200 500  }</qntm></blue></lcf_cal></user></li6400>
"12:48:50 "
$STARTOFDATA$
"Obs"	"HHMMSS"	"FTime"	"EBal?"	"Photo"	"Cond"	"Ci"	"Trmmol"	"VpdL"	"CTleaf"	"Area"	"BLC_1"	"StmRat"	"BLCond"	"Tair"	"Tleaf"	"TBlk"	"CO2R"	"CO2S"	"H2OR"	"H2OS"	"RH_R"	"RH_S"	"Flow"	"PARi"	"PARo"	"Press"	"CsMch"	"HsMch"	"StableF"	"BLCslope"	"BLCoffst"	"f_parin"	"f_parout"	"alphaK"	"Status"
"12:49:01 Coolers: Tblock -> 0.00 C"
"12:49:04 CO2 Mixer -> OFF"
"12:57:39 CO2 Mixer: CO2R -> 400 uml"
"13:02:41 Coolers: Tblock -> 21.27 C"
"13:03:15 Flow: Fixed -> 500 umol/s"
1	"13:04:15"	930.0	0	21.5	0.343	245	9.58	2.32	25.69	6	1.42	1	2.84	23.27	25.69	21.26	401.59	371.48	1.768	13.118	4.69	34.82	499.8	1500	189	76.1	-0.413	0.305	1.0	-0.22	2.74	1.00	0.00	0.16	111115
2	"13:04:15"	930.0	0	21.5	0.343	245	9.58	2.32	25.69	6	1.42	1	2.84	23.27	25.69	21.26	401.59	371.48	1.768	13.118	4.69	34.82	499.8	1500	189	76.1	-0.413	0.305	1.0	-0.22	2.74	1.00	0.00	0.16	111115
3	"13:04:16"	930.5	0	21.5	0.343	246	9.58	2.31	25.69	6	1.42	1	2.84	23.27	25.69	21.26	401.54	371.46	1.766	13.114	4.69	34.82	499.9	1500	189	76.1	-0.413	0.305	1.0	-0.22	2.74	1.00	0.00	0.16	111115
4	"13:04:16"	931.0	0	21.5	0.343	246	9.58	2.31	25.69	6	1.42	1	2.84	23.27	25.69	21.26	401.51	371.45	1.763	13.111	4.68	34.81	499.8	1500	189	76.1	-0.413	0.305	1.0	-0.22	2.74	1.00	0.00	0.16	111115
5	"13:04:17"	931.5	0	21.5	0.343	246	9.58	2.31	25.68	6	1.42	1	2.84	23.27	25.68	21.26	401.46	371.42	1.760	13.107	4.67	34.80	499.8	1500	189	76.1	-0.413	0.305	1.0	-0.22	2.74	1.00	0.00	0.16	111115
6	"13:04:17"	932.0	0	21.4	0.343	246	9.58	2.31	25.68	6	1.42	1	2.84	23.27	25.68	21.26	401.36	371.43	1.758	13.106	4.67	34.80	499.8	1500	189	76.1	-0.413	0.305	1.0	-0.22	2.74	1.00	0.00	0.16	111115
7	"13:04:18"	932.5	0	21.3	0.343	247	9.58	2.31	25.68	6	1.42	1	2.84	23.27	25.68	21.26	401.25	371.39	1.756	13.104	4.66	34.79	499.9	1500	189	76.1	-0.413	0.305	1.0	-0.22	2.74	1.00	0.00	0.16	111115
8	"13:04:19"	933.0	0	21.3	0.343	247	9.58	2.31	25.67	6	1.42	1	2.84	23.27	25.67	21.26	401.19	371.38	1.754	13.103	4.66	34.79	499.9	1500	189	76.1	-0.413	0.305	1.0	-0.22	2.74	1.00	0.00	0.16	111115
9	"13:04:19"	933.5	0	21.3	0.344	247	9.58	2.31	25.67	6	1.42	1	2.84	23.27	25.67	21.26	401.19	371.37	1.752	13.101	4.65	34.79	499.8	1501	189	76.1	-0.413	0.305	1.0	-0.22	2.74	1.00	0.00	0.16	111115
10	"13:04:20"	934.0	0	21.3	0.344	247	9.58	2.31	25.66	6	1.42	1	2.84	23.27	25.66	21.26	401.19	371.40	1.750	13.098	4.65	34.78	499.8	1501	189	76.1	-0.413	0.305	1.0	-0.22	2.74	1.00	0.00	0.16	111115
11	"13:04:20"	934.5	0	21.3	0.344	247	9.58	2.31	25.66	6	1.42	1	2.84	23.27	25.66	21.27	401.21	371.40	1.747	13.096	4.64	34.78	499.8	1501	189	76.1	-0.413	0.305	1.0	-0.22	2.74	1.00	0.00	0.16	111115
12	"13:04:21"	935.5	0	21.3	0.344	247	9.58	2.31	25.65	6	1.42	1	2.84	23.26	25.65	21.27	401.27	371.39	1.743	13.094	4.63	34.78	499.8	1501	189	76.1	-0.413	0.305	1.0	-0.22	2.74	1.00	0.00	0.16	111115
13	"13:04:21"	936.0	0	21.4	0.344	247	9.58	2.31	25.64	6	1.42	1	2.84	23.26	25.64	21.27	401.27	371.35	1.741	13.090	4.62	34.77	499.8	1501	189	76.1	-0.413	0.305	1.0	-0.22	2.74	1.00	0.00	0.16	111115
14	"13:04:22"	936.5	0	21.3	0.345	247	9.58	2.31	25.63	6	1.42	1	2.84	23.26	25.63	21.27	401.22	371.36	1.738	13.088	4.62	34.77	499.8	1501	189	76.1	-0.413	0.305	1.0	-0.22	2.74	1.00	0.00	0.16	111115
15	"13:04:22"	937.0	0	21.2	0.345	247	9.58	2.3	25.62	6	1.42	1	2.84	23.26	25.62	21.27	401.07	371.32	1.736	13.086	4.61	34.76	499.8	1501	189	76.1	-0.413	0.305	1.0	-0.22	2.74	1.00	0.00	0.16	111115
"13:04:45 Coolers: Tblock -> 26.00 C"
"13:06:47 Flow: Fixed -> 500 umol/s"
"13:08:02 Flow: Fixed -> 500 umol/s"
16	"13:08:25"	1180.0	0	20.9	0.314	239	9.27	2.42	27.21	6	1.42	1	2.84	26.89	27.21	25.99	400.81	371.64	4.881	15.833	10.45	33.89	499.8	1500	192	76.1	-0.747	0.294	1.0	-0.22	2.74	1.00	0.00	0.16	111115
17	"13:08:25"	1180.0	0	20.9	0.314	239	9.27	2.42	27.21	6	1.42	1	2.84	26.89	27.21	25.99	400.81	371.64	4.881	15.833	10.45	33.89	499.8	1500	192	76.1	-0.747	0.294	1.0	-0.22	2.74	1.00	0.00	0.16	111115
18	"13:08:26"	1180.5	0	20.9	0.314	239	9.27	2.42	27.21	6	1.42	1	2.84	26.89	27.21	25.99	400.80	371.62	4.882	15.834	10.45	33.89	499.8	1500	192	76.1	-0.747	0.294	1.0	-0.22	2.74	1.00	0.00	0.16	111115
19	"13:08:26"	1181.0	0	20.9	0.314	239	9.27	2.42	27.21	6	1.42	1	2.84	26.89	27.21	25.99	400.82	371.65	4.883	15.836	10.45	33.89	499.8	1500	192	76.1	-0.747	0.294	1.0	-0.22	2.74	1.00	0.00	0.16	111115
20	"13:08:27"	1181.5	0	20.9	0.313	239	9.27	2.42	27.21	6	1.42	1	2.84	26.89	27.21	25.99	400.80	371.63	4.883	15.834	10.45	33.88	499.8	1500	192	76.1	-0.747	0.294	1.0	-0.22	2.74	1.00	0.00	0.16	111115
21	"13:08:27"	1182.0	0	20.9	0.313	239	9.27	2.42	27.22	6	1.42	1	2.84	26.89	27.22	25.99	400.82	371.63	4.883	15.834	10.45	33.88	499.8	1500	192	76.1	-0.747	0.294	1.0	-0.22	2.74	1.00	0.00	0.16	111115
22	"13:08:28"	1182.5	0	20.9	0.313	239	9.27	2.42	27.22	6	1.42	1	2.84	26.89	27.22	25.99	400.82	371.65	4.883	15.836	10.45	33.88	499.8	1500	192	76.1	-0.747	0.294	1.0	-0.22	2.74	1.00	0.00	0.16	111115
23	"13:08:28"	1183.0	0	20.9	0.313	239	9.27	2.42	27.22	6	1.42	1	2.84	26.89	27.22	25.99	400.86	371.67	4.883	15.839	10.45	33.89	499.8	1500	192	76.1	-0.747	0.294	1.0	-0.22	2.74	1.00	0.00	0.16	111115
24	"13:08:29"	1183.5	0	20.9	0.314	239	9.27	2.42	27.22	6	1.42	1	2.84	26.89	27.22	25.99	400.90	371.66	4.884	15.841	10.45	33.89	499.8	1500	192	76.1	-0.747	0.294	1.0	-0.22	2.74	1.00	0.00	0.16	111115
25	"13:08:29"	1184.0	0	21	0.314	239	9.28	2.42	27.22	6	1.42	1	2.84	26.89	27.22	25.99	400.93	371.64	4.883	15.842	10.45	33.89	499.8	1500	192	76.1	-0.747	0.294	1.0	-0.22	2.74	1.00	0.00	0.16	111115
26	"13:08:30"	1184.5	0	21	0.314	239	9.28	2.42	27.22	6	1.42	1	2.84	26.89	27.22	25.99	400.95	371.65	4.882	15.841	10.44	33.89	499.8	1500	192	76.1	-0.747	0.294	1.0	-0.22	2.74	1.00	0.00	0.16	111115
27	"13:08:30"	1185.0	0	21	0.313	239	9.28	2.42	27.22	6	1.42	1	2.84	26.89	27.22	25.99	400.94	371.65	4.882	15.840	10.44	33.89	499.8	1500	192	76.1	-0.747	0.294	1.0	-0.22	2.74	1.00	0.00	0.16	111115
28	"13:08:31"	1185.5	0	20.9	0.313	239	9.28	2.42	27.23	6	1.42	1	2.84	26.90	27.23	25.99	400.96	371.67	4.882	15.840	10.44	33.89	499.8	1500	192	76.1	-0.747	0.294	1.0	-0.22	2.74	1.00	0.00	0.16	111115
29	"13:08:31"	1186.0	0	21	0.313	239	9.28	2.42	27.23	6	1.42	1	2.84	26.90	27.23	25.99	400.97	371.67	4.882	15.839	10.44	33.88	499.9	1500	193	76.1	-0.747	0.294	1.0	-0.22	2.74	1.00	0.00	0.16	111115
30	"13:08:32"	1186.5	0	21	0.313	239	9.28	2.42	27.23	6	1.42	1	2.84	26.90	27.23	25.99	400.97	371.66	4.882	15.839	10.44	33.88	499.9	1500	192	76.1	-0.747	0.294	1.0	-0.22	2.74	1.00	0.00	0.16	111115
"13:08:41 Coolers: Tblock -> 31.00 C"
"13:11:15 Flow: Fixed -> 500 umol/s"
31	"13:11:52"	1387.5	0	19.8	0.275	231	8.68	2.53	29.80	6	1.42	1	2.84	31.08	29.80	31.07	399.97	372.35	11.879	22.069	19.94	37.05	499.9	1499	194	76.09	-0.773	0.291	0.7	-0.22	2.74	1.00	0.00	0.16	111115
32	"13:11:53"	1387.5	0	19.8	0.275	231	8.68	2.53	29.80	6	1.42	1	2.84	31.08	29.80	31.07	399.97	372.35	11.879	22.069	19.94	37.05	499.9	1499	194	76.09	-0.773	0.291	0.7	-0.22	2.74	1.00	0.00	0.16	111115
33	"13:11:53"	1388.0	0	19.8	0.275	231	8.68	2.53	29.80	6	1.42	1	2.84	31.08	29.80	31.07	399.96	372.36	11.879	22.072	19.94	37.05	499.9	1499	194	76.09	-0.773	0.291	0.7	-0.22	2.74	1.00	0.00	0.16	111115
34	"13:11:54"	1388.5	0	19.8	0.275	231	8.68	2.53	29.80	6	1.42	1	2.84	31.09	29.80	31.07	399.95	372.36	11.880	22.072	19.94	37.05	499.9	1499	194	76.09	-0.773	0.291	0.7	-0.22	2.74	1.00	0.00	0.16	111115
35	"13:11:54"	1389.0	0	19.8	0.275	231	8.69	2.53	29.81	6	1.42	1	2.84	31.09	29.81	31.07	399.99	372.34	11.882	22.078	19.94	37.05	499.8	1498	194	76.09	-0.773	0.291	0.7	-0.22	2.74	1.00	0.00	0.16	111115
36	"13:11:55"	1389.5	0	19.8	0.275	231	8.69	2.53	29.81	6	1.42	1	2.84	31.09	29.81	31.07	399.99	372.36	11.883	22.081	19.94	37.06	499.8	1498	194	76.09	-0.773	0.291	0.7	-0.22	2.74	1.00	0.00	0.16	111115
37	"13:11:55"	1390.0	0	19.8	0.275	231	8.69	2.53	29.81	6	1.42	1	2.84	31.09	29.81	31.07	400.04	372.40	11.885	22.084	19.94	37.06	499.8	1499	194	76.09	-0.773	0.291	0.7	-0.22	2.74	1.00	0.00	0.16	111115
38	"13:11:56"	1390.5	0	19.8	0.275	231	8.69	2.53	29.82	6	1.42	1	2.84	31.09	29.82	31.07	400.05	372.40	11.886	22.088	19.94	37.06	499.8	1499	194	76.09	-0.773	0.291	0.7	-0.22	2.74	1.00	0.00	0.16	111115
39	"13:11:56"	1391.0	0	19.8	0.275	231	8.69	2.54	29.82	6	1.42	1	2.84	31.09	29.82	31.07	400.07	372.41	11.887	22.091	19.94	37.06	499.9	1499	194	76.09	-0.773	0.291	0.7	-0.22	2.74	1.00	0.00	0.16	111115
40	"13:11:57"	1391.5	0	19.8	0.275	231	8.69	2.54	29.82	6	1.42	1	2.84	31.09	29.82	31.07	400.07	372.42	11.889	22.094	19.95	37.07	499.9	1499	194	76.09	-0.773	0.291	0.7	-0.22	2.74	1.00	0.00	0.16	111115
41	"13:11:57"	1392.0	0	19.8	0.275	231	8.7	2.54	29.83	6	1.42	1	2.84	31.10	29.83	31.07	400.09	372.42	11.891	22.097	19.95	37.07	499.9	1500	194	76.09	-0.773	0.291	0.7	-0.22	2.74	1.00	0.00	0.16	111115
42	"13:11:58"	1392.5	0	19.8	0.275	231	8.7	2.54	29.83	6	1.42	1	2.84	31.10	29.83	31.07	400.08	372.41	11.892	22.100	19.95	37.07	499.9	1500	194	76.09	-0.773	0.291	0.7	-0.22	2.74	1.00	0.00	0.16	111115
43	"13:11:58"	1393.0	0	19.8	0.275	231	8.7	2.54	29.84	6	1.42	1	2.84	31.10	29.84	31.07	400.06	372.44	11.894	22.102	19.95	37.07	500.0	1500	194	76.09	-0.773	0.291	0.7	-0.22	2.74	1.00	0.00	0.16	111115
44	"13:11:59"	1393.5	0	19.8	0.275	231	8.7	2.54	29.84	6	1.42	1	2.84	31.10	29.84	31.07	400.10	372.45	11.896	22.104	19.95	37.07	499.9	1500	194	76.09	-0.773	0.291	0.7	-0.22	2.74	1.00	0.00	0.16	111115
45	"13:11:59"	1394.0	0	19.8	0.275	231	8.7	2.54	29.84	6	1.42	1	2.84	31.10	29.84	31.07	400.10	372.45	11.898	22.107	19.95	37.07	499.9	1500	194	76.09	-0.773	0.291	0.7	-0.22	2.74	1.00	0.00	0.16	111115
"13:12:08 Coolers: Tblock -> 36.00 C"
"13:16:48 Flow: Fixed -> 500 umol/s"
46	"13:17:01"	1696.5	0	18	0.239	225	8.88	2.92	33.07	6	1.42	1	2.84	35.51	33.07	35.95	399.49	373.84	17.899	28.257	23.44	37.01	499.8	1499	198	76.1	-0.341	0.279	1.0	-0.22	2.74	1.00	0.00	0.16	111115
47	"13:17:01"	1697.0	0	18	0.239	225	8.88	2.92	33.07	6	1.42	1	2.84	35.51	33.07	35.95	399.49	373.85	17.902	28.261	23.44	37.01	499.9	1499	198	76.09	-0.341	0.279	1.0	-0.22	2.74	1.00	0.00	0.16	111115
48	"13:17:02"	1697.0	0	18	0.239	225	8.88	2.92	33.07	6	1.42	1	2.84	35.51	33.07	35.95	399.49	373.85	17.902	28.261	23.44	37.01	499.9	1499	198	76.09	-0.341	0.279	1.0	-0.22	2.74	1.00	0.00	0.16	111115
49	"13:17:02"	1697.5	0	18	0.239	225	8.88	2.92	33.07	6	1.42	1	2.84	35.51	33.07	35.95	399.50	373.85	17.903	28.264	23.45	37.02	499.9	1499	198	76.09	-0.341	0.279	1.0	-0.22	2.74	1.00	0.00	0.16	111115
50	"13:17:03"	1698.0	0	18	0.239	225	8.88	2.92	33.07	6	1.42	1	2.84	35.51	33.07	35.95	399.48	373.84	17.904	28.267	23.45	37.02	499.9	1499	198	76.09	-0.341	0.279	1.0	-0.22	2.74	1.00	0.00	0.16	111115
51	"13:17:03"	1698.5	0	18.1	0.239	225	8.89	2.92	33.07	6	1.42	1	2.84	35.51	33.07	35.95	399.50	373.83	17.906	28.270	23.45	37.02	499.9	1499	198	76.1	-0.341	0.279	1.0	-0.22	2.74	1.00	0.00	0.16	111115
52	"13:17:04"	1699.0	0	18.1	0.239	225	8.89	2.92	33.07	6	1.42	1	2.84	35.51	33.07	35.95	399.50	373.80	17.909	28.274	23.45	37.02	499.9	1499	198	76.1	-0.341	0.279	1.0	-0.22	2.74	1.00	0.00	0.16	111115
53	"13:17:04"	1699.5	0	18.1	0.239	225	8.89	2.92	33.07	6	1.42	1	2.84	35.52	33.07	35.95	399.48	373.76	17.910	28.274	23.45	37.02	499.9	1499	198	76.09	-0.341	0.279	1.0	-0.22	2.74	1.00	0.00	0.16	111115
54	"13:17:05"	1700.0	0	18.1	0.239	225	8.89	2.92	33.07	6	1.42	1	2.84	35.52	33.07	35.95	399.50	373.77	17.912	28.278	23.45	37.02	499.9	1499	198	76.09	-0.341	0.279	1.0	-0.22	2.74	1.00	0.00	0.16	111115
55	"13:17:05"	1700.5	0	18.1	0.239	225	8.89	2.92	33.07	6	1.42	1	2.84	35.52	33.07	35.95	399.52	373.78	17.915	28.281	23.45	37.03	499.9	1499	198	76.09	-0.341	0.279	1.0	-0.22	2.74	1.00	0.00	0.16	111115
56	"13:17:06"	1701.0	0	18.1	0.239	225	8.89	2.92	33.07	6	1.42	1	2.84	35.52	33.07	35.95	399.51	373.77	17.916	28.283	23.46	37.03	499.9	1499	198	76.09	-0.341	0.279	1.0	-0.22	2.74	1.00	0.00	0.16	111115
57	"13:17:06"	1701.5	0	18.1	0.239	225	8.89	2.92	33.07	6	1.42	1	2.84	35.52	33.07	35.95	399.51	373.76	17.919	28.285	23.46	37.03	499.9	1499	198	76.09	-0.341	0.279	1.0	-0.22	2.74	1.00	0.00	0.16	111115
58	"13:17:07"	1702.0	0	18.1	0.239	225	8.89	2.92	33.07	6	1.42	1	2.84	35.52	33.07	35.95	399.50	373.76	17.922	28.287	23.46	37.03	499.9	1499	198	76.1	-0.341	0.279	1.0	-0.22	2.74	1.00	0.00	0.16	111115
59	"13:17:07"	1702.5	0	18.1	0.239	225	8.89	2.92	33.07	6	1.42	1	2.84	35.52	33.07	35.95	399.47	373.77	17.924	28.289	23.46	37.03	499.9	1499	198	76.1	-0.341	0.279	1.0	-0.22	2.74	1.00	0.00	0.16	111115
60	"13:17:08"	1703.0	0	18.1	0.239	225	8.89	2.92	33.07	6	1.42	1	2.84	35.52	33.07	35.95	399.48	373.79	17.926	28.291	23.46	37.03	499.9	1499	199	76.1	-0.341	0.279	1.0	-0.22	2.74	1.00	0.00	0.16	111115
"13:17:18 Coolers: Tblock -> 41.00 C"
"13:19:42 Flow: Fixed -> 500 umol/s"
61	"13:19:55"	1869.5	0	17.4	0.224	223	8.88	3.08	35.11	6	1.42	1	2.84	39.59	35.11	41.03	400.90	376.02	23.953	34.244	25.13	35.93	499.9	1499	200	76.1	-0.183	0.193	1.0	-0.22	2.74	1.00	0.00	0.16	111115
62	"13:19:55"	1869.5	0	17.4	0.224	223	8.88	3.08	35.11	6	1.42	1	2.84	39.59	35.11	41.03	400.90	376.02	23.953	34.244	25.13	35.93	499.9	1499	200	76.1	-0.183	0.193	1.0	-0.22	2.74	1.00	0.00	0.16	111115
63	"13:19:55"	1870.0	0	17.4	0.224	223	8.88	3.08	35.11	6	1.42	1	2.84	39.59	35.11	41.03	400.97	376.04	23.956	34.248	25.13	35.93	499.9	1499	200	76.1	-0.183	0.193	1.0	-0.22	2.74	1.00	0.00	0.16	111115
64	"13:19:56"	1870.5	0	17.4	0.224	223	8.88	3.08	35.11	6	1.42	1	2.84	39.59	35.11	41.03	401.00	376.06	23.960	34.252	25.13	35.93	499.9	1499	200	76.1	-0.183	0.193	1.0	-0.22	2.74	1.00	0.00	0.16	111115
65	"13:19:56"	1871.0	0	17.4	0.224	223	8.88	3.08	35.12	6	1.42	1	2.84	39.60	35.12	41.04	400.97	376.06	23.963	34.257	25.13	35.93	499.9	1499	200	76.1	-0.183	0.193	1.0	-0.22	2.74	1.00	0.00	0.16	111115
66	"13:19:57"	1871.5	0	17.4	0.224	223	8.88	3.08	35.12	6	1.42	1	2.84	39.60	35.12	41.04	400.95	376.07	23.966	34.261	25.13	35.93	499.9	1499	200	76.1	-0.183	0.193	1.0	-0.22	2.74	1.00	0.00	0.16	111115
67	"13:19:57"	1872.0	0	17.4	0.224	223	8.88	3.08	35.13	6	1.42	1	2.84	39.60	35.13	41.04	400.95	376.07	23.969	34.266	25.13	35.93	499.9	1499	200	76.1	-0.183	0.193	1.0	-0.22	2.74	1.00	0.00	0.16	111115
68	"13:19:58"	1872.5	0	17.4	0.224	223	8.89	3.08	35.13	6	1.42	1	2.84	39.60	35.13	41.04	400.91	376.07	23.971	34.272	25.13	35.93	499.9	1499	200	76.1	-0.183	0.193	1.0	-0.22	2.74	1.00	0.00	0.16	111115
69	"13:19:58"	1873.0	0	17.3	0.224	223	8.89	3.08	35.14	6	1.42	1	2.84	39.61	35.14	41.04	400.86	376.04	23.974	34.274	25.13	35.93	499.9	1499	200	76.1	-0.183	0.193	1.0	-0.22	2.74	1.00	0.00	0.16	111115
70	"13:19:59"	1873.5	0	17.3	0.224	223	8.89	3.08	35.14	6	1.42	1	2.84	39.61	35.14	41.04	400.81	376.01	23.976	34.277	25.13	35.93	499.9	1499	200	76.1	-0.183	0.193	1.0	-0.22	2.74	1.00	0.00	0.16	111115
71	"13:19:59"	1874.0	0	17.3	0.224	224	8.89	3.09	35.15	6	1.42	1	2.84	39.61	35.15	41.04	400.76	376.00	23.979	34.282	25.13	35.93	499.9	1499	200	76.09	-0.183	0.193	1.0	-0.22	2.74	1.00	0.00	0.16	111115
72	"13:20:00"	1874.5	0	17.3	0.224	224	8.89	3.09	35.15	6	1.42	1	2.84	39.61	35.15	41.03	400.75	376.01	23.980	34.286	25.13	35.93	499.9	1499	200	76.09	-0.183	0.193	1.0	-0.22	2.74	1.00	0.00	0.16	111115
73	"13:20:01"	1875.0	0	17.3	0.224	224	8.89	3.09	35.15	6	1.42	1	2.84	39.61	35.15	41.03	400.76	376.02	23.982	34.289	25.13	35.93	499.9	1499	200	76.09	-0.183	0.193	1.0	-0.22	2.74	1.00	0.00	0.16	111115
74	"13:20:01"	1875.5	0	17.3	0.224	224	8.9	3.09	35.16	6	1.42	1	2.84	39.62	35.16	41.03	400.76	376.04	23.983	34.294	25.13	35.93	499.9	1499	200	76.09	-0.183	0.193	1.0	-0.22	2.74	1.00	0.00	0.16	111115
75	"13:20:02"	1876.0	0	17.2	0.224	224	8.9	3.09	35.16	6	1.42	1	2.84	39.62	35.16	41.03	400.75	376.04	23.984	34.300	25.12	35.93	499.9	1499	200	76.09	-0.183	0.193	1.0	-0.22	2.74	1.00	0.00	0.16	111115
"13:20:09 Coolers: Tblock -> 46.00 C"
"13:23:49 Flow: Fixed -> 500 umol/s"
76	"13:24:07"	2122.5	0	15.5	0.207	227	9.32	3.44	38.00	6	1.42	1	2.84	44.17	38.00	46.12	400.43	377.57	31.596	42.307	26.04	34.87	499.8	1499	203	76.1	-0.0591	0.123	1.0	-0.22	2.74	1.00	0.00	0.16	111115
77	"13:24:07"	2122.5	0	15.5	0.207	227	9.32	3.44	38.00	6	1.42	1	2.84	44.17	38.00	46.12	400.43	377.57	31.596	42.307	26.04	34.87	499.8	1499	203	76.1	-0.0591	0.123	1.0	-0.22	2.74	1.00	0.00	0.16	111115
78	"13:24:08"	2123.0	0	15.5	0.207	227	9.32	3.44	38.01	6	1.42	1	2.84	44.17	38.01	46.12	400.42	377.60	31.599	42.310	26.04	34.87	499.8	1499	203	76.1	-0.0591	0.123	1.0	-0.22	2.74	1.00	0.00	0.16	111115
79	"13:24:08"	2123.5	0	15.4	0.207	227	9.32	3.44	38.01	6	1.42	1	2.84	44.17	38.01	46.12	400.37	377.62	31.601	42.312	26.04	34.87	499.8	1499	203	76.1	-0.0591	0.123	1.0	-0.22	2.74	1.00	0.00	0.16	111115
80	"13:24:09"	2124.0	0	15.4	0.207	228	9.32	3.44	38.01	6	1.42	1	2.84	44.17	38.01	46.12	400.36	377.62	31.603	42.314	26.04	34.87	499.9	1499	203	76.1	-0.0591	0.123	1.0	-0.22	2.74	1.00	0.00	0.16	111115
81	"13:24:09"	2124.5	0	15.4	0.207	228	9.32	3.44	38.01	6	1.42	1	2.84	44.17	38.01	46.11	400.30	377.60	31.605	42.319	26.04	34.87	499.9	1499	203	76.1	-0.0591	0.123	1.0	-0.22	2.74	1.00	0.00	0.16	111115
82	"13:24:10"	2125.0	0	15.3	0.207	228	9.32	3.44	38.01	6	1.42	1	2.84	44.18	38.01	46.12	400.16	377.56	31.606	42.321	26.04	34.87	499.9	1499	203	76.1	-0.0591	0.123	0.7	-0.22	2.74	1.00	0.00	0.16	111115
83	"13:24:10"	2125.5	0	15.2	0.207	229	9.32	3.44	38.01	6	1.42	1	2.84	44.18	38.01	46.11	400.07	377.55	31.608	42.326	26.04	34.87	499.9	1499	203	76.1	-0.0591	0.123	0.7	-0.22	2.74	1.00	0.00	0.16	111115
84	"13:24:11"	2126.0	0	15.2	0.207	229	9.33	3.44	38.02	6	1.42	1	2.84	44.18	38.02	46.11	399.97	377.52	31.608	42.330	26.04	34.87	499.9	1499	203	76.1	-0.0591	0.123	0.7	-0.22	2.74	1.00	0.00	0.16	111115
85	"13:24:11"	2126.5	0	15.1	0.207	230	9.33	3.44	38.02	6	1.42	1	2.84	44.18	38.02	46.11	399.88	377.50	31.610	42.333	26.04	34.87	499.9	1499	203	76.1	-0.0591	0.123	0.7	-0.22	2.74	1.00	0.00	0.16	111115
86	"13:24:12"	2127.0	0	15.1	0.207	230	9.33	3.44	38.02	6	1.42	1	2.84	44.18	38.02	46.11	399.84	377.48	31.609	42.334	26.04	34.87	499.9	1499	203	76.1	-0.0591	0.123	0.7	-0.22	2.74	1.00	0.00	0.16	111115
87	"13:24:12"	2127.5	0	15.2	0.207	230	9.33	3.44	38.02	6	1.42	1	2.84	44.18	38.02	46.11	399.89	377.48	31.610	42.337	26.04	34.87	499.9	1499	203	76.1	-0.0591	0.123	0.7	-0.22	2.74	1.00	0.00	0.16	111115
88	"13:24:13"	2128.0	0	15.2	0.207	229	9.34	3.44	38.02	6	1.42	1	2.84	44.18	38.02	46.11	399.91	377.45	31.610	42.340	26.04	34.87	499.9	1499	203	76.1	-0.0591	0.123	0.7	-0.22	2.74	1.00	0.00	0.16	111115
89	"13:24:13"	2128.5	0	15.3	0.207	229	9.34	3.44	38.02	6	1.42	1	2.84	44.18	38.02	46.11	400.00	377.46	31.611	42.342	26.03	34.87	500.0	1499	203	76.1	-0.0591	0.123	0.7	-0.22	2.74	1.00	0.00	0.16	111115
90	"13:24:14"	2129.0	0	15.3	0.207	228	9.34	3.44	38.02	6	1.42	1	2.84	44.18	38.02	46.11	400.13	377.51	31.612	42.346	26.03	34.87	499.9	1499	203	76.1	-0.0591	0.123	0.7	-0.22	2.74	1.00	0.00	0.16	111115
"13:24:28 Coolers: Tblock -> 0.00 C"
"13:24:32 CO2 Mixer -> OFF"
