"OPEN 6.2.4"
"Fri Jun 26 2015 10:16:50"
<open><version>"6.2.4"</version></open>
<open><configfile>"/User/Configs/UserPrefs/2x3 LED.xml"</configfile></open>
<open><light><source>"6400-02 or -02B LED Source"</source><par_in>1<sensor>"SI-3781"<cal>-0.93<actinity>1.00</actinity><transm>1.00</transm></cal></sensor><transm>1</transm></par_in><par_out>1<sensor>"Q49599"<cal>7.26</cal></sensor></par_out></light></open>
<open><comps><file>"/User/Configs/Comps/StdComps_6.2"<header>""</header><extras></extras></file><energybal>no<f_parIn>1</f_parIn><f_parOut>0</f_parOut><alphaK>0.16</alphaK></energybal><bc_total>2.840<stomatal_ratio>1</stomatal_ratio><bc_oneside>1.420<type>2</type><table>"/Sys/Lib/StdBLCTable"</table><area>6</area><slope>-0.219565</slope><offset>2.73739</offset><fan>5</fan></bc_oneside></bc_total></comps></open>
<open><prompts><onlog>off</onlog><items>"Default (none)"</items></prompts></open>
<open><constants><oxygen>21 %</oxygen><bb_vapor>1.5</bb_vapor><bb_oxy>0.9</bb_oxy></constants></open>
<open><stability><items>"Std Stability"<items[1]><id>-2</id><size>15</size><pcv><onoff>0</onoff><value>1</value></pcv><std><onoff>0</onoff><value>1</value></std><slp><onoff>1</onoff><value>1</value></slp></items[1]><items[2]><id>-5</id><size>15</size><pcv><onoff>0</onoff><value>1</value></pcv><std><onoff>0</onoff><value>1</value></std><slp><onoff>1</onoff><value>1</value></slp></items[2]><items[3]><id>-7</id><size>15</size><pcv><onoff>0</onoff><value>1</value></pcv><std><onoff>0</onoff><value>1</value></std><slp><onoff>1</onoff><value>1</value></slp></items[3]></items></stability></open>
<open><log><format>"StdLogFmt_6.0"<items>{ -35 -21 -36 -76 30 23 36 21 25 221 -33 111 -34 11 -9 -10 -8 -1 -2 -4 -5 -14 -15 -7 -12 -13 -11 -65 -66 -72 -18 -19 -77 -78 -79 -23  }<hdr>{  }</hdr></items></format><options><beep>on</beep><hdr>normal</hdr><rem>normal</rem><stab>no</stab><stats>no<mean>no</mean><file>no</file><period>15</period></stats><excel>yes</excel><controls>yes</controls><comm>no</comm></options><datafile>"/User/stm-rpoga1"</datafile><button><action>"Normal Log"<code>" LogOneObsManual "</code></action></button><autoprog>"/User/Configs/AutoProgs/AutoLog2"<active>no</active></autoprog></log></open>
<open><a2d><avgtime>4.0 secs</avgtime><userchans><ch20>"Off"</ch20><ch21>"Off"</ch21><ch22>"Off"</ch22><ch23>"Off"</ch23></userchans></a2d></open>
<open><matching><type>0</type><disp>'a'</disp><settings><CO2Limit>10.0</CO2Limit><H2OLimit>1.0</H2OLimit><MaxAutoTime>60</MaxAutoTime></settings></matching></open>
<li6400><factory><unit>"PSC-3840"</unit><serviced>"1 Jul 2013"</serviced><fuseaware>0</fuseaware><co2mixer>yes</co2mixer><co2><coeffs>{ 0 0.213319 2.22998e-05 2.13159e-08 -3.88664e-12 3.69888e-16  }</coeffs><dvdt>-4.7</dvdt><xs>{ 0.0009 -0.0002  }</xs></co2><h2o><coeffs>{ 0 0.00572751 2.23485e-06 -7.37877e-12  }</coeffs><dvdt>-1.7</dvdt><xs>{ 0.0009 -0.0028  }</xs></h2o><flow>{ 0 0.3568  }</flow><press>{ 88.437 0.00551  }</press></factory></li6400>
<li6400><user><flow_zero>-468.8</flow_zero><irga_zero><co2>429.7 390.6<at>17.6901</at></co2><h2o>78.1 156.2<at>17.1607</at></h2o></irga_zero><irga_span><co2>{ 0.99237 0.992833  }</co2><h2o>{ 1.00426 0.996799  }</h2o></irga_span><irga_match><co2>{ 0.368307 -1.11697  }</co2><h2o>{ 0.00477181 0.0917815  }</h2o></irga_match><co2_mixer><pump_mv>4500</pump_mv><ppm>{ 2287.2 1080.71 423.89 257.488 117.195 68.0056 44.5242 37.9628  }</ppm><mv>{ 5000 3000 1500 1000 500 300 200 100  }</mv></co2_mixer><parin_offset>0</parin_offset><led_cal><unit>"SI-3781"</unit><mv>{ 10 25 50 100 1000 2000 3000 4000 5000  }</mv><qntm>{ 4.69642 15.4417 35.4805 82.2863 972.665 1922.29 2824.32 3690.14 4518.2  }</qntm></led_cal><lcf_cal><unit>"unknown"</unit><red><mv>{ 50 100 500 1000 1500 5000  }</mv><qntm>{ 50 100 500 1000 2000 5000  }</qntm></red><blue><mv>{ 100 200 500 1000 2000 5000  }</mv><qntm>{ 10 20 50 100 200 500  }</qntm></blue></lcf_cal></user></li6400>
"10:16:52 "
$STARTOFDATA$
"Obs"	"HHMMSS"	"FTime"	"EBal?"	"Photo"	"Cond"	"Ci"	"Trmmol"	"VpdL"	"CTleaf"	"Area"	"BLC_1"	"StmRat"	"BLCond"	"Tair"	"Tleaf"	"TBlk"	"CO2R"	"CO2S"	"H2OR"	"H2OS"	"RH_R"	"RH_S"	"Flow"	"PARi"	"PARo"	"Press"	"CsMch"	"HsMch"	"StableF"	"BLCslope"	"BLCoffst"	"f_parin"	"f_parout"	"alphaK"	"Status"
"10:18:55 CO2 Mixer: CO2R -> 400 uml"
"10:19:03 Coolers: Tblock -> 0.00 C"
"10:19:13 Lamp: ParIn ->  1500 uml"
"10:30:11 Coolers: Tblock -> 9.10 C"
"10:31:39 Flow: Fixed -> 500 umol/s"
1	"10:32:28"	951.5	0	14.4	0.485	317	6	1.05	13.61	6	1.42	1	2.84	11.26	13.61	9.23	399.65	379.65	-0.073	7.065	-0.40	38.63	500.8	1501	28	73.31	-1.01	0.24	1.0	-0.22	2.74	1.00	0.00	0.16	111115
2	"10:32:29"	951.5	0	14.4	0.485	317	6	1.05	13.61	6	1.42	1	2.84	11.26	13.61	9.23	399.65	379.65	-0.073	7.065	-0.40	38.63	500.8	1501	28	73.31	-1.01	0.24	1.0	-0.22	2.74	1.00	0.00	0.16	111115
3	"10:32:29"	952.0	0	14.4	0.485	317	6	1.05	13.61	6	1.42	1	2.84	11.26	13.61	9.22	399.70	379.66	-0.073	7.064	-0.40	38.63	500.8	1501	28	73.31	-1.01	0.24	1.0	-0.22	2.74	1.00	0.00	0.16	111115
4	"10:32:30"	952.5	0	14.4	0.486	317	6	1.05	13.60	6	1.42	1	2.84	11.26	13.60	9.22	399.68	379.65	-0.073	7.064	-0.40	38.62	500.8	1501	28	73.31	-1.01	0.24	1.0	-0.22	2.74	1.00	0.00	0.16	111115
5	"10:32:30"	953.0	0	14.4	0.486	317	6	1.05	13.60	6	1.42	1	2.84	11.26	13.60	9.22	399.68	379.66	-0.073	7.062	-0.40	38.62	500.8	1501	28	73.31	-1.01	0.24	1.0	-0.22	2.74	1.00	0.00	0.16	111115
6	"10:32:31"	953.5	0	14.4	0.486	317	6	1.05	13.60	6	1.42	1	2.84	11.26	13.60	9.22	399.66	379.65	-0.074	7.061	-0.40	38.61	500.8	1501	28	73.31	-1.01	0.24	1.0	-0.22	2.74	1.00	0.00	0.16	111115
7	"10:32:31"	954.0	0	14.4	0.486	317	6	1.04	13.59	6	1.42	1	2.84	11.26	13.59	9.22	399.64	379.68	-0.073	7.061	-0.40	38.61	500.8	1501	28	73.31	-1.01	0.24	1.0	-0.22	2.74	1.00	0.00	0.16	111115
8	"10:32:32"	954.5	0	14.3	0.486	318	6	1.04	13.59	6	1.42	1	2.84	11.26	13.59	9.22	399.60	379.68	-0.073	7.060	-0.40	38.61	500.8	1501	28	73.31	-1.01	0.24	1.0	-0.22	2.74	1.00	0.00	0.16	111115
9	"10:32:32"	955.0	0	14.3	0.485	318	5.99	1.04	13.59	6	1.42	1	2.84	11.26	13.59	9.23	399.60	379.69	-0.073	7.058	-0.40	38.59	500.8	1501	28	73.31	-1.01	0.24	1.0	-0.22	2.74	1.00	0.00	0.16	111115
10	"10:32:33"	955.5	0	14.4	0.485	317	5.99	1.05	13.59	6	1.42	1	2.84	11.26	13.59	9.23	399.63	379.66	-0.073	7.057	-0.40	38.59	500.8	1501	28	73.31	-1.01	0.24	1.0	-0.22	2.74	1.00	0.00	0.16	111115
11	"10:32:33"	956.0	0	14.4	0.485	317	5.99	1.04	13.59	6	1.42	1	2.84	11.26	13.59	9.23	399.63	379.66	-0.073	7.055	-0.40	38.58	500.8	1501	28	73.31	-1.01	0.24	1.0	-0.22	2.74	1.00	0.00	0.16	111115
12	"10:32:34"	956.5	0	14.4	0.485	317	5.99	1.04	13.59	6	1.42	1	2.84	11.26	13.59	9.23	399.65	379.68	-0.073	7.054	-0.40	38.57	500.8	1501	28	73.31	-1.01	0.24	1.0	-0.22	2.74	1.00	0.00	0.16	111115
13	"10:32:34"	957.0	0	14.4	0.486	317	5.99	1.04	13.58	6	1.42	1	2.84	11.26	13.58	9.23	399.71	379.69	-0.073	7.055	-0.40	38.58	500.8	1501	28	73.31	-1.01	0.24	1.0	-0.22	2.74	1.00	0.00	0.16	111115
14	"10:32:35"	957.5	0	14.5	0.486	317	5.99	1.04	13.58	6	1.42	1	2.84	11.26	13.58	9.23	399.80	379.70	-0.073	7.055	-0.40	38.58	500.9	1501	28	73.31	-1.01	0.24	1.0	-0.22	2.74	1.00	0.00	0.16	111115
15	"10:32:35"	958.0	0	14.6	0.486	317	5.99	1.04	13.58	6	1.42	1	2.84	11.26	13.58	9.23	399.87	379.70	-0.073	7.054	-0.40	38.57	500.9	1501	28	73.31	-1.01	0.24	1.0	-0.22	2.74	1.00	0.00	0.16	111115
"10:32:44 Coolers: Tblock -> 14.00 C"
"10:34:47 Flow: Fixed -> 500 umol/s"
"10:36:18 Flow: Fixed -> 500 umol/s"
16	"10:36:33"	1196.0	0	15.5	0.422	303	6.3	1.24	16.20	6	1.42	1	2.84	15.18	16.20	14.11	399.78	378.32	0.838	8.342	3.55	35.31	500.0	1500	29	73.31	-1.27	0.226	1.0	-0.22	2.74	1.00	0.00	0.16	111115
17	"10:36:34"	1196.0	0	15.5	0.422	303	6.3	1.24	16.20	6	1.42	1	2.84	15.18	16.20	14.11	399.78	378.32	0.838	8.342	3.55	35.31	500.0	1500	29	73.31	-1.27	0.226	1.0	-0.22	2.74	1.00	0.00	0.16	111115
18	"10:36:34"	1196.5	0	15.5	0.422	303	6.31	1.24	16.19	6	1.42	1	2.84	15.18	16.19	14.11	399.79	378.32	0.838	8.343	3.55	35.32	499.9	1500	29	73.31	-1.27	0.226	1.0	-0.22	2.74	1.00	0.00	0.16	111115
19	"10:36:35"	1197.0	0	15.5	0.423	303	6.31	1.24	16.19	6	1.42	1	2.84	15.19	16.19	14.11	399.80	378.32	0.837	8.342	3.54	35.31	499.9	1500	29	73.31	-1.27	0.226	1.0	-0.22	2.74	1.00	0.00	0.16	111115
20	"10:36:35"	1197.5	0	15.5	0.423	303	6.31	1.24	16.19	6	1.42	1	2.84	15.19	16.19	14.11	399.83	378.33	0.837	8.343	3.54	35.31	500.0	1500	29	73.31	-1.27	0.226	1.0	-0.22	2.74	1.00	0.00	0.16	111115
21	"10:36:36"	1198.0	0	15.6	0.422	303	6.31	1.24	16.20	6	1.42	1	2.84	15.19	16.20	14.11	399.84	378.31	0.836	8.343	3.54	35.31	500.0	1500	29	73.31	-1.27	0.226	1.0	-0.22	2.74	1.00	0.00	0.16	111115
22	"10:36:36"	1198.5	0	15.5	0.422	303	6.31	1.24	16.20	6	1.42	1	2.84	15.19	16.20	14.11	399.83	378.35	0.836	8.343	3.54	35.31	500.0	1500	29	73.31	-1.27	0.226	1.0	-0.22	2.74	1.00	0.00	0.16	111115
23	"10:36:37"	1199.0	0	15.5	0.423	303	6.31	1.24	16.20	6	1.42	1	2.84	15.19	16.20	14.11	399.85	378.33	0.835	8.345	3.53	35.31	499.9	1500	29	73.31	-1.27	0.226	1.0	-0.22	2.74	1.00	0.00	0.16	111115
24	"10:36:37"	1199.5	0	15.5	0.423	303	6.31	1.24	16.20	6	1.42	1	2.84	15.19	16.20	14.12	399.82	378.31	0.835	8.343	3.53	35.30	499.9	1500	29	73.31	-1.27	0.226	1.0	-0.22	2.74	1.00	0.00	0.16	111115
25	"10:36:38"	1200.0	0	15.5	0.422	303	6.31	1.24	16.20	6	1.42	1	2.84	15.19	16.20	14.12	399.81	378.30	0.834	8.342	3.53	35.30	499.9	1500	29	73.31	-1.27	0.226	1.0	-0.22	2.74	1.00	0.00	0.16	111115
26	"10:36:38"	1200.5	0	15.5	0.422	303	6.31	1.24	16.20	6	1.42	1	2.84	15.19	16.20	14.12	399.80	378.30	0.834	8.341	3.53	35.29	500.0	1500	29	73.31	-1.27	0.226	1.0	-0.22	2.74	1.00	0.00	0.16	111115
27	"10:36:39"	1201.0	0	15.5	0.422	303	6.31	1.24	16.20	6	1.42	1	2.84	15.19	16.20	14.12	399.80	378.30	0.833	8.340	3.52	35.29	500.0	1500	29	73.31	-1.27	0.226	1.0	-0.22	2.74	1.00	0.00	0.16	111115
28	"10:36:39"	1201.5	0	15.6	0.422	303	6.31	1.24	16.20	6	1.42	1	2.84	15.19	16.20	14.12	399.81	378.28	0.832	8.338	3.52	35.28	500.0	1500	29	73.31	-1.27	0.226	1.0	-0.22	2.74	1.00	0.00	0.16	111115
29	"10:36:40"	1202.5	0	15.5	0.422	303	6.31	1.24	16.20	6	1.42	1	2.84	15.19	16.20	14.11	399.79	378.29	0.831	8.337	3.52	35.27	500.0	1500	29	73.31	-1.27	0.226	1.0	-0.22	2.74	1.00	0.00	0.16	111115
30	"10:36:41"	1203.0	0	15.5	0.422	303	6.31	1.24	16.21	6	1.42	1	2.84	15.19	16.21	14.11	399.78	378.29	0.831	8.336	3.51	35.27	500.0	1500	29	73.31	-1.27	0.226	1.0	-0.22	2.74	1.00	0.00	0.16	111115
"10:36:47 Coolers: Tblock -> 19.00 C"
"10:39:40 Flow: Fixed -> 500 umol/s"
31	"10:40:31"	1434.5	0	16.5	0.363	286	6.54	1.46	19.36	6	1.42	1	2.84	19.36	19.36	19.00	399.87	377.10	3.113	10.879	10.12	35.36	499.9	1499	29	73.3	-1.22	0.207	1.0	-0.22	2.74	1.00	0.00	0.16	111115
32	"10:40:32"	1435.0	0	16.5	0.363	286	6.54	1.46	19.37	6	1.42	1	2.84	19.36	19.37	19.00	399.87	377.07	3.113	10.881	10.12	35.37	499.9	1499	29	73.3	-1.22	0.207	1.0	-0.22	2.74	1.00	0.00	0.16	111115
33	"10:40:32"	1435.0	0	16.5	0.363	286	6.54	1.46	19.37	6	1.42	1	2.84	19.36	19.37	19.00	399.87	377.07	3.113	10.881	10.12	35.37	499.9	1499	29	73.3	-1.22	0.207	1.0	-0.22	2.74	1.00	0.00	0.16	111115
34	"10:40:33"	1435.5	0	16.5	0.363	286	6.55	1.46	19.37	6	1.42	1	2.84	19.36	19.37	19.00	399.89	377.08	3.112	10.883	10.12	35.37	499.9	1499	29	73.3	-1.22	0.207	1.0	-0.22	2.74	1.00	0.00	0.16	111115
35	"10:40:33"	1436.0	0	16.6	0.363	286	6.55	1.46	19.37	6	1.42	1	2.84	19.36	19.37	19.00	399.93	377.09	3.112	10.885	10.12	35.38	499.9	1499	29	73.3	-1.22	0.207	1.0	-0.22	2.74	1.00	0.00	0.16	111115
36	"10:40:34"	1436.5	0	16.5	0.363	286	6.55	1.46	19.37	6	1.42	1	2.84	19.36	19.37	19.00	399.94	377.13	3.112	10.885	10.11	35.37	499.9	1499	29	73.3	-1.22	0.207	1.0	-0.22	2.74	1.00	0.00	0.16	111115
37	"10:40:34"	1437.0	0	16.6	0.363	286	6.55	1.46	19.37	6	1.42	1	2.84	19.36	19.37	19.00	399.98	377.14	3.112	10.886	10.11	35.37	499.9	1499	29	73.3	-1.22	0.207	1.0	-0.22	2.74	1.00	0.00	0.16	111115
38	"10:40:34"	1437.0	0	16.6	0.363	286	6.55	1.46	19.37	6	1.42	1	2.84	19.36	19.37	19.00	399.98	377.14	3.112	10.886	10.11	35.37	499.9	1499	29	73.3	-1.22	0.207	1.0	-0.22	2.74	1.00	0.00	0.16	111115
39	"10:40:35"	1437.5	0	16.6	0.363	286	6.55	1.46	19.37	6	1.42	1	2.84	19.37	19.37	19.00	399.98	377.13	3.111	10.886	10.11	35.37	499.9	1499	29	73.3	-1.22	0.207	1.0	-0.22	2.74	1.00	0.00	0.16	111115
40	"10:40:35"	1438.0	0	16.6	0.363	285	6.55	1.46	19.38	6	1.42	1	2.84	19.37	19.38	19.00	399.97	377.11	3.112	10.886	10.11	35.37	499.9	1499	29	73.3	-1.22	0.207	1.0	-0.22	2.74	1.00	0.00	0.16	111115
41	"10:40:36"	1438.5	0	16.6	0.363	285	6.55	1.46	19.38	6	1.42	1	2.84	19.37	19.38	19.00	399.99	377.11	3.112	10.887	10.11	35.37	499.9	1499	29	73.3	-1.22	0.207	1.0	-0.22	2.74	1.00	0.00	0.16	111115
42	"10:40:36"	1439.0	0	16.6	0.363	285	6.55	1.46	19.38	6	1.42	1	2.84	19.37	19.38	19.00	400.02	377.14	3.112	10.886	10.11	35.36	500.0	1499	29	73.3	-1.22	0.207	1.0	-0.22	2.74	1.00	0.00	0.16	111115
43	"10:40:37"	1439.5	0	16.6	0.363	285	6.55	1.46	19.38	6	1.42	1	2.84	19.37	19.38	19.00	400.01	377.12	3.112	10.885	10.11	35.35	500.0	1499	29	73.3	-1.22	0.207	1.0	-0.22	2.74	1.00	0.00	0.16	111115
44	"10:40:37"	1440.0	0	16.6	0.363	285	6.55	1.46	19.38	6	1.42	1	2.84	19.37	19.38	19.00	399.99	377.13	3.112	10.885	10.11	35.35	500.0	1499	29	73.3	-1.22	0.207	1.0	-0.22	2.74	1.00	0.00	0.16	111115
45	"10:40:38"	1440.5	0	16.6	0.363	285	6.55	1.46	19.39	6	1.42	1	2.84	19.37	19.39	19.00	399.95	377.09	3.112	10.886	10.11	35.35	500.0	1499	30	73.3	-1.22	0.207	1.0	-0.22	2.74	1.00	0.00	0.16	111115
"10:40:46 Coolers: Tblock -> 24.00 C"
"10:44:31 Flow: Fixed -> 500 umol/s"
"10:45:50 Flow: Fixed -> 500 umol/s"
46	"10:46:38"	1801.5	0	16.7	0.281	261	6.55	1.83	23.32	6	1.42	1	2.84	23.94	23.32	24.07	400.44	377.39	6.485	14.239	15.93	34.97	499.9	1499	30	73.3	-0.854	0.196	1.0	-0.22	2.74	1.00	0.00	0.16	111115
47	"10:46:38"	1801.5	0	16.7	0.281	261	6.55	1.83	23.32	6	1.42	1	2.84	23.94	23.32	24.07	400.44	377.39	6.485	14.239	15.93	34.97	499.9	1499	30	73.3	-0.854	0.196	1.0	-0.22	2.74	1.00	0.00	0.16	111115
48	"10:46:39"	1802.0	0	16.7	0.281	261	6.55	1.83	23.32	6	1.42	1	2.84	23.94	23.32	24.07	400.44	377.42	6.485	14.240	15.93	34.97	499.9	1499	30	73.3	-0.854	0.196	1.0	-0.22	2.74	1.00	0.00	0.16	111115
49	"10:46:39"	1802.5	0	16.7	0.281	261	6.56	1.83	23.32	6	1.42	1	2.84	23.94	23.32	24.07	400.43	377.42	6.485	14.240	15.92	34.97	499.9	1499	30	73.3	-0.854	0.196	1.0	-0.22	2.74	1.00	0.00	0.16	111115
50	"10:46:40"	1802.5	0	16.7	0.281	261	6.56	1.83	23.32	6	1.42	1	2.84	23.94	23.32	24.07	400.43	377.42	6.485	14.240	15.92	34.97	499.9	1499	30	73.3	-0.854	0.196	1.0	-0.22	2.74	1.00	0.00	0.16	111115
51	"10:46:40"	1803.0	0	16.7	0.281	261	6.56	1.83	23.32	6	1.42	1	2.84	23.95	23.32	24.07	400.44	377.41	6.485	14.242	15.93	34.97	499.9	1500	30	73.3	-0.854	0.196	1.0	-0.22	2.74	1.00	0.00	0.16	111115
52	"10:46:41"	1803.5	0	16.7	0.281	261	6.55	1.83	23.32	6	1.42	1	2.84	23.95	23.32	24.07	400.44	377.42	6.486	14.241	15.93	34.97	499.9	1499	30	73.3	-0.854	0.196	1.0	-0.22	2.74	1.00	0.00	0.16	111115
53	"10:46:41"	1804.0	0	16.7	0.281	261	6.55	1.83	23.32	6	1.42	1	2.84	23.95	23.32	24.07	400.43	377.41	6.486	14.240	15.93	34.97	499.9	1499	30	73.3	-0.854	0.196	1.0	-0.22	2.74	1.00	0.00	0.16	111115
54	"10:46:42"	1804.5	0	16.7	0.281	261	6.55	1.83	23.32	6	1.42	1	2.84	23.95	23.32	24.07	400.41	377.41	6.486	14.240	15.93	34.97	499.9	1499	30	73.3	-0.854	0.196	1.0	-0.22	2.74	1.00	0.00	0.16	111115
55	"10:46:42"	1805.0	0	16.7	0.281	261	6.55	1.83	23.32	6	1.42	1	2.84	23.95	23.32	24.07	400.37	377.40	6.486	14.240	15.93	34.97	499.9	1499	30	73.31	-0.854	0.196	1.0	-0.22	2.74	1.00	0.00	0.16	111115
56	"10:46:43"	1805.5	0	16.7	0.281	261	6.55	1.83	23.32	6	1.42	1	2.84	23.95	23.32	24.07	400.34	377.36	6.485	14.239	15.92	34.96	499.9	1499	30	73.31	-0.854	0.196	1.0	-0.22	2.74	1.00	0.00	0.16	111115
57	"10:46:43"	1806.0	0	16.7	0.28	261	6.55	1.83	23.32	6	1.42	1	2.84	23.95	23.32	24.07	400.33	377.32	6.485	14.239	15.92	34.96	499.9	1499	30	73.3	-0.854	0.196	1.0	-0.22	2.74	1.00	0.00	0.16	111115
58	"10:46:44"	1806.5	0	16.7	0.28	261	6.55	1.83	23.33	6	1.42	1	2.84	23.95	23.33	24.07	400.35	377.33	6.485	14.238	15.92	34.96	500.0	1499	30	73.3	-0.854	0.196	1.0	-0.22	2.74	1.00	0.00	0.16	111115
59	"10:46:44"	1807.0	0	16.7	0.28	261	6.55	1.83	23.33	6	1.42	1	2.84	23.95	23.33	24.08	400.38	377.32	6.484	14.236	15.92	34.96	500.0	1499	30	73.3	-0.854	0.196	1.0	-0.22	2.74	1.00	0.00	0.16	111115
60	"10:46:45"	1807.5	0	16.8	0.28	261	6.55	1.83	23.33	6	1.42	1	2.84	23.95	23.33	24.08	400.36	377.29	6.484	14.235	15.92	34.95	500.0	1499	30	73.3	-0.854	0.196	1.0	-0.22	2.74	1.00	0.00	0.16	111115
"10:46:50 Coolers: Tblock -> 29.00 C"
"10:50:06 Flow: Fixed -> 500 umol/s"
61	"10:50:48"	2051.5	0	16.5	0.234	242	6.41	2.1	26.31	6	1.42	1	2.84	28.05	26.31	28.95	399.76	377.10	10.669	18.223	20.56	35.11	499.9	1499	30	73.31	-0.792	0.143	1.0	-0.22	2.74	1.00	0.00	0.16	111115
62	"10:50:49"	2052.0	0	16.5	0.234	242	6.41	2.1	26.31	6	1.42	1	2.84	28.05	26.31	28.95	399.78	377.11	10.669	18.222	20.55	35.11	499.9	1499	30	73.3	-0.792	0.143	1.0	-0.22	2.74	1.00	0.00	0.16	111115
63	"10:50:49"	2052.0	0	16.5	0.234	242	6.41	2.1	26.31	6	1.42	1	2.84	28.05	26.31	28.95	399.78	377.11	10.669	18.222	20.55	35.11	499.9	1499	30	73.3	-0.792	0.143	1.0	-0.22	2.74	1.00	0.00	0.16	111115
64	"10:50:50"	2052.5	0	16.5	0.234	242	6.41	2.1	26.31	6	1.42	1	2.84	28.05	26.31	28.95	399.80	377.09	10.668	18.224	20.55	35.11	499.8	1499	30	73.31	-0.792	0.143	1.0	-0.22	2.74	1.00	0.00	0.16	111115
65	"10:50:50"	2053.0	0	16.5	0.234	242	6.41	2.1	26.31	6	1.42	1	2.84	28.05	26.31	28.95	399.80	377.11	10.668	18.224	20.55	35.10	499.8	1499	30	73.3	-0.792	0.143	1.0	-0.22	2.74	1.00	0.00	0.16	111115
66	"10:50:51"	2053.5	0	16.5	0.234	242	6.41	2.1	26.31	6	1.42	1	2.84	28.05	26.31	28.95	399.84	377.13	10.668	18.226	20.55	35.10	499.9	1499	30	73.3	-0.792	0.143	1.0	-0.22	2.74	1.00	0.00	0.16	111115
67	"10:50:51"	2054.0	0	16.5	0.234	242	6.41	2.1	26.31	6	1.42	1	2.84	28.05	26.31	28.95	399.84	377.13	10.668	18.227	20.55	35.10	499.8	1499	30	73.3	-0.792	0.143	1.0	-0.22	2.74	1.00	0.00	0.16	111115
68	"10:50:52"	2054.5	0	16.5	0.234	242	6.41	2.1	26.31	6	1.42	1	2.84	28.05	26.31	28.95	399.85	377.17	10.669	18.228	20.55	35.10	499.9	1499	30	73.3	-0.792	0.143	1.0	-0.22	2.74	1.00	0.00	0.16	111115
69	"10:50:52"	2055.0	0	16.5	0.234	242	6.41	2.1	26.31	6	1.42	1	2.84	28.05	26.31	28.95	399.83	377.16	10.669	18.226	20.55	35.10	499.9	1499	30	73.3	-0.792	0.143	1.0	-0.22	2.74	1.00	0.00	0.16	111115
70	"10:50:53"	2055.5	0	16.5	0.234	242	6.41	2.1	26.31	6	1.42	1	2.84	28.05	26.31	28.95	399.87	377.18	10.669	18.227	20.55	35.10	499.9	1499	31	73.3	-0.792	0.143	1.0	-0.22	2.74	1.00	0.00	0.16	111115
71	"10:50:53"	2056.0	0	16.5	0.234	242	6.42	2.1	26.31	6	1.42	1	2.84	28.06	26.31	28.95	399.88	377.20	10.670	18.229	20.54	35.10	499.9	1499	31	73.3	-0.792	0.143	1.0	-0.22	2.74	1.00	0.00	0.16	111115
72	"10:50:54"	2056.5	0	16.5	0.234	242	6.42	2.1	26.31	6	1.42	1	2.84	28.06	26.31	28.95	399.91	377.19	10.671	18.230	20.54	35.10	499.9	1499	31	73.3	-0.792	0.143	1.0	-0.22	2.74	1.00	0.00	0.16	111115
73	"10:50:54"	2057.0	0	16.5	0.235	242	6.42	2.1	26.31	6	1.42	1	2.84	28.06	26.31	28.95	399.92	377.19	10.672	18.232	20.55	35.10	499.9	1499	31	73.3	-0.792	0.143	1.0	-0.22	2.74	1.00	0.00	0.16	111115
74	"10:50:55"	2057.5	0	16.5	0.235	242	6.41	2.1	26.31	6	1.42	1	2.84	28.06	26.31	28.95	399.90	377.20	10.673	18.230	20.55	35.09	500.0	1499	31	73.3	-0.792	0.143	1.0	-0.22	2.74	1.00	0.00	0.16	111115
75	"10:50:55"	2058.0	0	16.5	0.235	242	6.42	2.1	26.31	6	1.42	1	2.84	28.06	26.31	28.95	399.91	377.19	10.673	18.231	20.54	35.10	500.0	1499	31	73.3	-0.792	0.143	1.0	-0.22	2.74	1.00	0.00	0.16	111115
"10:51:01 Coolers: Tblock -> 34.00 C"
"10:53:46 Flow: Fixed -> 500 umol/s"
"10:55:37 Flow: Fixed -> 500 umol/s"
76	"10:56:22"	2385.0	0	15.7	0.185	219	6.11	2.47	29.80	6	1.42	1	2.84	32.49	29.80	34.03	400.90	379.23	16.599	23.754	24.79	35.48	499.9	1500	31	73.3	-0.327	0.0773	1.0	-0.22	2.74	1.00	0.00	0.16	111115
77	"10:56:22"	2385.0	0	15.7	0.185	219	6.11	2.47	29.80	6	1.42	1	2.84	32.49	29.80	34.03	400.90	379.23	16.599	23.754	24.79	35.48	499.9	1500	31	73.3	-0.327	0.0773	1.0	-0.22	2.74	1.00	0.00	0.16	111115
78	"10:56:23"	2385.5	0	15.7	0.185	219	6.1	2.47	29.80	6	1.42	1	2.84	32.49	29.80	34.03	400.87	379.21	16.599	23.752	24.79	35.47	499.9	1500	31	73.3	-0.327	0.0773	1.0	-0.22	2.74	1.00	0.00	0.16	111115
79	"10:56:23"	2386.0	0	15.7	0.185	219	6.11	2.47	29.80	6	1.42	1	2.84	32.49	29.80	34.03	400.88	379.22	16.599	23.754	24.79	35.47	499.9	1500	31	73.3	-0.327	0.0773	1.0	-0.22	2.74	1.00	0.00	0.16	111115
80	"10:56:24"	2386.5	0	15.7	0.185	219	6.11	2.47	29.80	6	1.42	1	2.84	32.49	29.80	34.03	400.86	379.24	16.600	23.754	24.79	35.47	499.9	1500	31	73.3	-0.327	0.0773	1.0	-0.22	2.74	1.00	0.00	0.16	111115
81	"10:56:25"	2387.0	0	15.7	0.185	219	6.1	2.47	29.81	6	1.42	1	2.84	32.49	29.81	34.03	400.84	379.25	16.600	23.753	24.79	35.47	499.9	1500	31	73.3	-0.327	0.0773	1.0	-0.22	2.74	1.00	0.00	0.16	111115
82	"10:56:25"	2387.5	0	15.6	0.185	220	6.11	2.47	29.82	6	1.42	1	2.84	32.49	29.82	34.03	400.83	379.27	16.599	23.753	24.79	35.47	499.9	1500	31	73.3	-0.327	0.0773	1.0	-0.22	2.74	1.00	0.00	0.16	111115
83	"10:56:26"	2388.0	0	15.6	0.185	220	6.11	2.48	29.82	6	1.42	1	2.84	32.49	29.82	34.03	400.83	379.28	16.599	23.754	24.78	35.47	499.9	1500	31	73.3	-0.327	0.0773	1.0	-0.22	2.74	1.00	0.00	0.16	111115
84	"10:56:26"	2388.5	0	15.6	0.185	220	6.11	2.48	29.82	6	1.42	1	2.84	32.49	29.82	34.03	400.83	379.28	16.599	23.755	24.78	35.47	499.9	1500	31	73.3	-0.327	0.0773	1.0	-0.22	2.74	1.00	0.00	0.16	111115
85	"10:56:27"	2389.5	0	15.6	0.185	220	6.11	2.48	29.83	6	1.42	1	2.84	32.49	29.83	34.03	400.85	379.35	16.599	23.756	24.78	35.47	499.9	1500	31	73.3	-0.327	0.0773	1.0	-0.22	2.74	1.00	0.00	0.16	111115
86	"10:56:27"	2390.0	0	15.6	0.185	220	6.11	2.48	29.83	6	1.42	1	2.84	32.49	29.83	34.03	400.86	379.35	16.600	23.755	24.78	35.46	499.9	1500	31	73.3	-0.327	0.0773	1.0	-0.22	2.74	1.00	0.00	0.16	111115
87	"10:56:28"	2390.5	0	15.6	0.184	219	6.11	2.48	29.84	6	1.42	1	2.84	32.49	29.84	34.03	400.89	379.34	16.599	23.755	24.78	35.46	499.9	1501	31	73.3	-0.327	0.0773	0.7	-0.22	2.74	1.00	0.00	0.16	111115
88	"10:56:28"	2391.0	0	15.6	0.185	219	6.11	2.48	29.84	6	1.42	1	2.84	32.50	29.84	34.03	400.91	379.35	16.599	23.756	24.78	35.46	499.9	1501	31	73.3	-0.327	0.0773	0.7	-0.22	2.74	1.00	0.00	0.16	111115
89	"10:56:29"	2391.5	0	15.6	0.185	219	6.11	2.48	29.83	6	1.42	1	2.84	32.50	29.83	34.03	400.92	379.36	16.599	23.756	24.78	35.46	500.0	1501	31	73.3	-0.327	0.0773	0.7	-0.22	2.74	1.00	0.00	0.16	111115
90	"10:56:29"	2392.0	0	15.7	0.184	219	6.11	2.48	29.84	6	1.42	1	2.84	32.50	29.84	34.03	400.94	379.37	16.601	23.755	24.78	35.46	499.9	1501	31	73.3	-0.327	0.0773	0.7	-0.22	2.74	1.00	0.00	0.16	111115
"10:57:07 Coolers: Tblock -> 39.00 C"
"11:01:41 Flow: Fixed -> 500 umol/s"
"11:03:36 Flow: Fixed -> 500 umol/s"
91	"11:04:02"	2845.0	0	14.3	0.152	203	5.8	2.79	33.06	6	1.42	1	2.84	36.90	33.06	39.11	399.16	379.31	24.325	31.070	28.44	36.33	499.9	1500	31	73.3	0.186	-0.0333	1.0	-0.22	2.74	1.00	0.00	0.16	111115
92	"11:04:03"	2845.5	0	14.4	0.152	203	5.8	2.79	33.06	6	1.42	1	2.84	36.89	33.06	39.11	399.20	379.30	24.323	31.068	28.44	36.33	499.9	1500	31	73.3	0.186	-0.0333	1.0	-0.22	2.74	1.00	0.00	0.16	111115
93	"11:04:03"	2845.5	0	14.4	0.152	203	5.8	2.79	33.06	6	1.42	1	2.84	36.89	33.06	39.11	399.20	379.30	24.323	31.068	28.44	36.33	499.9	1500	31	73.3	0.186	-0.0333	1.0	-0.22	2.74	1.00	0.00	0.16	111115
94	"11:04:04"	2846.0	0	14.4	0.153	203	5.8	2.79	33.05	6	1.42	1	2.84	36.90	33.05	39.11	399.25	379.33	24.322	31.069	28.44	36.32	499.9	1500	31	73.3	0.186	-0.0333	1.0	-0.22	2.74	1.00	0.00	0.16	111115
95	"11:04:04"	2846.5	0	14.4	0.153	203	5.8	2.79	33.05	6	1.42	1	2.84	36.90	33.05	39.11	399.25	379.33	24.324	31.069	28.44	36.32	499.9	1500	31	73.3	0.186	-0.0333	1.0	-0.22	2.74	1.00	0.00	0.16	111115
96	"11:04:05"	2847.0	0	14.4	0.153	203	5.8	2.79	33.04	6	1.42	1	2.84	36.90	33.04	39.11	399.30	379.36	24.325	31.071	28.44	36.32	499.9	1500	31	73.3	0.186	-0.0333	1.0	-0.22	2.74	1.00	0.00	0.16	111115
97	"11:04:05"	2847.5	0	14.4	0.153	203	5.8	2.79	33.04	6	1.42	1	2.84	36.90	33.04	39.11	399.36	379.38	24.328	31.073	28.44	36.33	499.9	1500	31	73.3	0.186	-0.0333	1.0	-0.22	2.74	1.00	0.00	0.16	111115
98	"11:04:06"	2848.0	0	14.5	0.153	202	5.8	2.79	33.05	6	1.42	1	2.84	36.90	33.05	39.11	399.42	379.38	24.329	31.074	28.44	36.33	499.9	1500	31	73.3	0.186	-0.0333	1.0	-0.22	2.74	1.00	0.00	0.16	111115
99	"11:04:06"	2848.5	0	14.5	0.153	201	5.8	2.79	33.05	6	1.42	1	2.84	36.90	33.05	39.11	399.42	379.34	24.330	31.073	28.44	36.32	499.9	1500	31	73.3	0.186	-0.0333	1.0	-0.22	2.74	1.00	0.00	0.16	111115
100	"11:04:07"	2849.0	0	14.5	0.152	202	5.8	2.79	33.06	6	1.42	1	2.84	36.90	33.06	39.11	399.39	379.36	24.330	31.073	28.44	36.32	499.9	1500	31	73.3	0.186	-0.0333	1.0	-0.22	2.74	1.00	0.00	0.16	111115
101	"11:04:07"	2849.5	0	14.5	0.152	201	5.8	2.79	33.06	6	1.42	1	2.84	36.90	33.06	39.11	399.38	379.33	24.332	31.075	28.44	36.32	499.9	1500	31	73.3	0.186	-0.0333	1.0	-0.22	2.74	1.00	0.00	0.16	111115
102	"11:04:08"	2850.0	0	14.5	0.152	201	5.8	2.8	33.07	6	1.42	1	2.84	36.90	33.07	39.11	399.37	379.30	24.334	31.076	28.44	36.32	499.9	1500	31	73.3	0.186	-0.0333	1.0	-0.22	2.74	1.00	0.00	0.16	111115
103	"11:04:08"	2850.5	0	14.5	0.152	201	5.8	2.8	33.09	6	1.42	1	2.84	36.90	33.09	39.11	399.34	379.29	24.333	31.077	28.44	36.32	500.0	1500	31	73.3	0.186	-0.0333	1.0	-0.22	2.74	1.00	0.00	0.16	111115
104	"11:04:09"	2851.0	0	14.5	0.152	201	5.8	2.8	33.10	6	1.42	1	2.84	36.90	33.10	39.11	399.31	379.28	24.334	31.080	28.44	36.32	500.0	1500	31	73.3	0.186	-0.0333	1.0	-0.22	2.74	1.00	0.00	0.16	111115
105	"11:04:09"	2851.5	0	14.5	0.152	201	5.81	2.8	33.10	6	1.42	1	2.84	36.90	33.10	39.11	399.29	379.26	24.332	31.082	28.44	36.32	500.0	1500	31	73.3	0.186	-0.0333	1.0	-0.22	2.74	1.00	0.00	0.16	111115
