"OPEN 6.2.4"
"Sat Jun 27 2015 15:15:39"
<open><version>"6.2.4"</version></open>
<open><configfile>"/User/Configs/UserPrefs/2x3 LED.xml"</configfile></open>
<open><light><source>"6400-02 or -02B LED Source"</source><par_in>1<sensor>"SI-3781"<cal>-0.93<actinity>1.00</actinity><transm>1.00</transm></cal></sensor><transm>1</transm></par_in><par_out>1<sensor>"Q49599"<cal>7.26</cal></sensor></par_out></light></open>
<open><comps><file>"/User/Configs/Comps/StdComps_6.2"<header>""</header><extras></extras></file><energybal>no<f_parIn>1</f_parIn><f_parOut>0</f_parOut><alphaK>0.16</alphaK></energybal><bc_total>2.840<stomatal_ratio>1</stomatal_ratio><bc_oneside>1.420<type>2</type><table>"/Sys/Lib/StdBLCTable"</table><area>6</area><slope>-0.219565</slope><offset>2.73739</offset><fan>5</fan></bc_oneside></bc_total></comps></open>
<open><prompts><onlog>off</onlog><items>"Default (none)"</items></prompts></open>
<open><constants><oxygen>21 %</oxygen><bb_vapor>1.5</bb_vapor><bb_oxy>0.9</bb_oxy></constants></open>
<open><stability><items>"Std Stability"<items[1]><id>-2</id><size>15</size><pcv><onoff>0</onoff><value>1</value></pcv><std><onoff>0</onoff><value>1</value></std><slp><onoff>1</onoff><value>1</value></slp></items[1]><items[2]><id>-5</id><size>15</size><pcv><onoff>0</onoff><value>1</value></pcv><std><onoff>0</onoff><value>1</value></std><slp><onoff>1</onoff><value>1</value></slp></items[2]><items[3]><id>-7</id><size>15</size><pcv><onoff>0</onoff><value>1</value></pcv><std><onoff>0</onoff><value>1</value></std><slp><onoff>1</onoff><value>1</value></slp></items[3]></items></stability></open>
<open><log><format>"StdLogFmt_6.0"<items>{ -35 -21 -36 -76 30 23 36 21 25 221 -33 111 -34 11 -9 -10 -8 -1 -2 -4 -5 -14 -15 -7 -12 -13 -11 -65 -66 -72 -18 -19 -77 -78 -79 -23  }<hdr>{  }</hdr></items></format><options><beep>on</beep><hdr>normal</hdr><rem>normal</rem><stab>no</stab><stats>no<mean>no</mean><file>no</file><period>15</period></stats><excel>yes</excel><controls>yes</controls><comm>no</comm></options><datafile>"/User/stm-plipo2"</datafile><button><action>"Normal Log"<code>" LogOneObsManual "</code></action></button><autoprog>"/User/Configs/AutoProgs/AutoLog2"<active>no</active></autoprog></log></open>
<open><a2d><avgtime>4.0 secs</avgtime><userchans><ch20>"Off"</ch20><ch21>"Off"</ch21><ch22>"Off"</ch22><ch23>"Off"</ch23></userchans></a2d></open>
<open><matching><type>0</type><disp>'a'</disp><settings><CO2Limit>10.0</CO2Limit><H2OLimit>1.0</H2OLimit><MaxAutoTime>60</MaxAutoTime></settings></matching></open>
<li6400><factory><unit>"PSC-3840"</unit><serviced>"1 Jul 2013"</serviced><fuseaware>0</fuseaware><co2mixer>yes</co2mixer><co2><coeffs>{ 0 0.213319 2.22998e-05 2.13159e-08 -3.88664e-12 3.69888e-16  }</coeffs><dvdt>-4.7</dvdt><xs>{ 0.0009 -0.0002  }</xs></co2><h2o><coeffs>{ 0 0.00572751 2.23485e-06 -7.37877e-12  }</coeffs><dvdt>-1.7</dvdt><xs>{ 0.0009 -0.0028  }</xs></h2o><flow>{ 0 0.3568  }</flow><press>{ 88.437 0.00551  }</press></factory></li6400>
<li6400><user><flow_zero>-468.8</flow_zero><irga_zero><co2>429.7 390.6<at>17.6901</at></co2><h2o>78.1 156.2<at>17.1607</at></h2o></irga_zero><irga_span><co2>{ 0.99237 0.992833  }</co2><h2o>{ 1.00426 0.996799  }</h2o></irga_span><irga_match><co2>{ 0.368307 -0.61261  }</co2><h2o>{ 0.00477181 0.0817801  }</h2o></irga_match><co2_mixer><pump_mv>4500</pump_mv><ppm>{ 2287.2 1080.71 423.89 257.488 117.195 68.0056 44.5242 37.9628  }</ppm><mv>{ 5000 3000 1500 1000 500 300 200 100  }</mv></co2_mixer><parin_offset>0</parin_offset><led_cal><unit>"SI-3781"</unit><mv>{ 10 25 50 100 1000 2000 3000 4000 5000  }</mv><qntm>{ 4.69642 15.4417 35.4805 82.2863 972.665 1922.29 2824.32 3690.14 4518.2  }</qntm></led_cal><lcf_cal><unit>"unknown"</unit><red><mv>{ 50 100 500 1000 1500 5000  }</mv><qntm>{ 50 100 500 1000 2000 5000  }</qntm></red><blue><mv>{ 100 200 500 1000 2000 5000  }</mv><qntm>{ 10 20 50 100 200 500  }</qntm></blue></lcf_cal></user></li6400>
"15:15:41 "
$STARTOFDATA$
"Obs"	"HHMMSS"	"FTime"	"EBal?"	"Photo"	"Cond"	"Ci"	"Trmmol"	"VpdL"	"CTleaf"	"Area"	"BLC_1"	"StmRat"	"BLCond"	"Tair"	"Tleaf"	"TBlk"	"CO2R"	"CO2S"	"H2OR"	"H2OS"	"RH_R"	"RH_S"	"Flow"	"PARi"	"PARo"	"Press"	"CsMch"	"HsMch"	"StableF"	"BLCslope"	"BLCoffst"	"f_parin"	"f_parout"	"alphaK"	"Status"
"15:17:34 CO2 Mixer: CO2R -> 400 uml"
"15:17:42 Lamp: ParIn ->  1500 uml"
"15:17:48 Coolers: Tblock -> 0.00 C"
"15:34:14 Coolers: Tblock -> 8.00 C"
"15:36:03 Flow: Fixed -> 500 umol/s"
"15:37:46 Flow: Fixed -> 500 umol/s"
1	"15:38:14"	1395.0	0	8.03	0.104	252	1.94	1.34	15.97	6	1.42	1	2.84	10.70	15.97	8.03	399.26	388.71	4.586	6.903	24.96	37.57	499.8	1500	287	70.29	-0.791	0.379	1.0	-0.22	2.74	1.00	0.00	0.16	111115
2	"15:38:15"	1395.0	0	8.03	0.104	252	1.94	1.34	15.97	6	1.42	1	2.84	10.70	15.97	8.03	399.26	388.71	4.586	6.903	24.96	37.57	499.8	1500	287	70.29	-0.791	0.379	1.0	-0.22	2.74	1.00	0.00	0.16	111115
3	"15:38:15"	1395.5	0	7.99	0.104	252	1.94	1.34	15.98	6	1.42	1	2.84	10.70	15.98	8.03	399.22	388.72	4.588	6.902	24.96	37.56	499.8	1500	287	70.29	-0.791	0.379	1.0	-0.22	2.74	1.00	0.00	0.16	111115
4	"15:38:16"	1396.0	0	8.05	0.104	251	1.94	1.34	15.98	6	1.42	1	2.84	10.70	15.98	8.03	399.28	388.71	4.589	6.904	24.97	37.57	499.8	1500	288	70.29	-0.791	0.379	1.0	-0.22	2.74	1.00	0.00	0.16	111115
5	"15:38:16"	1396.5	0	8.07	0.104	251	1.94	1.34	15.98	6	1.42	1	2.84	10.70	15.98	8.03	399.30	388.70	4.589	6.905	24.97	37.58	499.8	1500	288	70.29	-0.791	0.379	1.0	-0.22	2.74	1.00	0.00	0.16	111115
6	"15:38:17"	1397.0	0	8.07	0.104	251	1.94	1.34	15.98	6	1.42	1	2.84	10.70	15.98	8.03	399.32	388.73	4.590	6.906	24.98	37.58	499.8	1500	289	70.29	-0.791	0.379	1.0	-0.22	2.74	1.00	0.00	0.16	111115
7	"15:38:17"	1397.5	0	8.11	0.104	250	1.94	1.34	15.98	6	1.42	1	2.84	10.70	15.98	8.03	399.37	388.73	4.591	6.906	24.98	37.58	499.9	1500	289	70.29	-0.791	0.379	1.0	-0.22	2.74	1.00	0.00	0.16	111115
8	"15:38:18"	1398.0	0	8.15	0.104	250	1.94	1.34	15.97	6	1.42	1	2.84	10.70	15.97	8.03	399.41	388.72	4.592	6.907	24.99	37.58	499.9	1500	289	70.29	-0.791	0.379	1.0	-0.22	2.74	1.00	0.00	0.16	111115
9	"15:38:18"	1398.5	0	8.14	0.104	250	1.94	1.34	15.97	6	1.42	1	2.84	10.70	15.97	8.03	399.44	388.75	4.594	6.908	25.00	37.59	499.8	1500	289	70.29	-0.791	0.379	1.0	-0.22	2.74	1.00	0.00	0.16	111115
10	"15:38:19"	1399.0	0	8.16	0.104	250	1.94	1.34	15.97	6	1.42	1	2.84	10.70	15.97	8.03	399.46	388.76	4.595	6.910	25.00	37.60	499.8	1500	289	70.29	-0.791	0.379	1.0	-0.22	2.74	1.00	0.00	0.16	111115
11	"15:38:19"	1399.5	0	8.18	0.104	249	1.94	1.34	15.97	6	1.42	1	2.84	10.70	15.97	8.03	399.50	388.77	4.595	6.911	25.00	37.61	499.9	1500	289	70.29	-0.791	0.379	0.7	-0.22	2.74	1.00	0.00	0.16	111115
12	"15:38:20"	1400.0	0	8.16	0.104	250	1.94	1.33	15.96	6	1.42	1	2.84	10.70	15.96	8.03	399.48	388.78	4.596	6.911	25.01	37.61	499.8	1500	289	70.29	-0.791	0.379	0.7	-0.22	2.74	1.00	0.00	0.16	111115
13	"15:38:20"	1400.5	0	8.16	0.104	250	1.94	1.33	15.97	6	1.42	1	2.84	10.70	15.97	8.03	399.50	388.80	4.597	6.911	25.01	37.61	499.8	1500	289	70.29	-0.791	0.379	0.7	-0.22	2.74	1.00	0.00	0.16	111115
14	"15:38:21"	1401.0	0	8.18	0.104	250	1.94	1.33	15.96	6	1.42	1	2.84	10.70	15.96	8.03	399.52	388.80	4.597	6.913	25.02	37.62	499.8	1500	289	70.29	-0.791	0.379	0.7	-0.22	2.74	1.00	0.00	0.16	111115
15	"15:38:21"	1401.5	0	8.18	0.104	250	1.94	1.33	15.96	6	1.42	1	2.84	10.70	15.96	8.03	399.54	388.82	4.598	6.913	25.02	37.62	499.9	1500	289	70.29	-0.791	0.379	0.7	-0.22	2.74	1.00	0.00	0.16	111115
"15:38:42 Coolers: Tblock -> 13.00 C"
"15:40:27 Flow: Fixed -> 500 umol/s"
"15:42:24 Flow: Fixed -> 500 umol/s"
"15:43:22 Flow: Fixed -> 500 umol/s"
16	"15:45:13"	1813.0	0	8.35	0.107	248	2.21	1.48	18.38	6	1.42	1	2.84	14.84	18.38	13.11	399.92	388.86	6.430	9.061	26.67	37.59	499.9	1499	283	70.29	-1.08	0.379	1.0	-0.22	2.74	1.00	0.00	0.16	111115
17	"15:45:14"	1813.0	0	8.35	0.107	248	2.21	1.48	18.38	6	1.42	1	2.84	14.84	18.38	13.11	399.92	388.86	6.430	9.061	26.67	37.59	499.9	1499	283	70.29	-1.08	0.379	1.0	-0.22	2.74	1.00	0.00	0.16	111115
18	"15:45:14"	1813.5	0	8.34	0.107	249	2.21	1.48	18.38	6	1.42	1	2.84	14.84	18.38	13.11	399.92	388.87	6.430	9.061	26.67	37.59	499.9	1499	283	70.29	-1.08	0.379	1.0	-0.22	2.74	1.00	0.00	0.16	111115
19	"15:45:15"	1814.0	0	8.39	0.107	248	2.21	1.48	18.38	6	1.42	1	2.84	14.85	18.38	13.11	399.94	388.84	6.430	9.063	26.67	37.60	499.9	1499	283	70.29	-1.08	0.379	1.0	-0.22	2.74	1.00	0.00	0.16	111115
20	"15:45:15"	1814.5	0	8.43	0.107	247	2.22	1.48	18.38	6	1.42	1	2.84	14.84	18.38	13.11	399.98	388.82	6.430	9.065	26.67	37.61	499.9	1499	283	70.29	-1.08	0.379	1.0	-0.22	2.74	1.00	0.00	0.16	111115
21	"15:45:16"	1815.0	0	8.41	0.107	248	2.22	1.49	18.39	6	1.42	1	2.84	14.84	18.39	13.11	399.96	388.83	6.431	9.066	26.68	37.61	499.8	1499	284	70.29	-1.08	0.379	1.0	-0.22	2.74	1.00	0.00	0.16	111115
22	"15:45:16"	1815.5	0	8.36	0.107	248	2.22	1.49	18.40	6	1.42	1	2.84	14.84	18.40	13.11	399.89	388.82	6.431	9.066	26.68	37.61	499.8	1499	284	70.29	-1.08	0.379	1.0	-0.22	2.74	1.00	0.00	0.16	111115
23	"15:45:17"	1816.0	0	8.32	0.106	249	2.22	1.49	18.41	6	1.42	1	2.84	14.85	18.41	13.10	399.82	388.80	6.432	9.067	26.68	37.61	499.8	1499	284	70.29	-1.08	0.379	1.0	-0.22	2.74	1.00	0.00	0.16	111115
24	"15:45:17"	1816.5	0	8.26	0.106	250	2.22	1.49	18.41	6	1.42	1	2.84	14.85	18.41	13.10	399.76	388.81	6.432	9.068	26.68	37.61	499.8	1499	284	70.29	-1.08	0.379	1.0	-0.22	2.74	1.00	0.00	0.16	111115
25	"15:45:18"	1817.0	0	8.22	0.107	250	2.22	1.49	18.40	6	1.42	1	2.84	14.84	18.40	13.10	399.73	388.83	6.431	9.069	26.68	37.62	499.8	1499	284	70.29	-1.08	0.379	1.0	-0.22	2.74	1.00	0.00	0.16	111115
26	"15:45:18"	1817.5	0	8.22	0.107	251	2.22	1.49	18.41	6	1.42	1	2.84	14.84	18.41	13.10	399.74	388.84	6.432	9.070	26.68	37.63	499.8	1499	284	70.29	-1.08	0.379	1.0	-0.22	2.74	1.00	0.00	0.16	111115
27	"15:45:19"	1818.0	0	8.17	0.107	251	2.22	1.49	18.41	6	1.42	1	2.84	14.84	18.41	13.10	399.72	388.88	6.434	9.070	26.69	37.63	499.8	1499	284	70.29	-1.08	0.379	1.0	-0.22	2.74	1.00	0.00	0.16	111115
28	"15:45:19"	1818.5	0	8.16	0.106	251	2.22	1.49	18.42	6	1.42	1	2.84	14.85	18.42	13.10	399.74	388.91	6.435	9.071	26.69	37.63	499.8	1499	284	70.29	-1.08	0.379	1.0	-0.22	2.74	1.00	0.00	0.16	111115
29	"15:45:20"	1819.0	0	8.2	0.107	251	2.22	1.49	18.41	6	1.42	1	2.84	14.85	18.41	13.10	399.77	388.89	6.435	9.072	26.69	37.63	499.8	1499	283	70.29	-1.08	0.379	1.0	-0.22	2.74	1.00	0.00	0.16	111115
30	"15:45:20"	1819.5	0	8.26	0.106	250	2.22	1.49	18.42	6	1.42	1	2.84	14.85	18.42	13.10	399.82	388.87	6.436	9.072	26.69	37.63	499.8	1499	283	70.29	-1.08	0.379	1.0	-0.22	2.74	1.00	0.00	0.16	111115
31	"15:45:21"	1820.0	0	8.26	0.106	250	2.22	1.49	18.41	6	1.42	1	2.84	14.85	18.41	13.10	399.86	388.90	6.437	9.073	26.70	37.63	499.8	1499	283	70.29	-1.08	0.379	1.0	-0.22	2.74	1.00	0.00	0.16	111115
"15:45:30 Coolers: Tblock -> 18.00 C"
"15:48:54 Flow: Fixed -> 500 umol/s"
32	"15:49:59"	2099.5	0	8.63	0.108	244	2.55	1.69	21.12	6	1.42	1	2.84	18.99	21.12	17.99	399.97	388.42	8.729	11.754	27.84	37.48	499.9	1500	281	70.28	-1.34	0.381	1.0	-0.22	2.74	1.00	0.00	0.16	111115
33	"15:50:00"	2099.5	0	8.63	0.108	244	2.55	1.69	21.12	6	1.42	1	2.84	18.99	21.12	17.99	399.97	388.42	8.729	11.754	27.84	37.48	499.9	1500	281	70.28	-1.34	0.381	1.0	-0.22	2.74	1.00	0.00	0.16	111115
34	"15:50:00"	2100.0	0	8.67	0.108	243	2.55	1.69	21.11	6	1.42	1	2.84	18.99	21.11	17.99	399.99	388.40	8.728	11.757	27.83	37.49	499.9	1500	281	70.28	-1.34	0.381	1.0	-0.22	2.74	1.00	0.00	0.16	111115
35	"15:50:01"	2100.5	0	8.62	0.108	244	2.55	1.69	21.11	6	1.42	1	2.84	18.99	21.11	17.99	399.96	388.42	8.731	11.757	27.84	37.49	499.9	1500	281	70.28	-1.34	0.381	1.0	-0.22	2.74	1.00	0.00	0.16	111115
36	"15:50:01"	2100.5	0	8.62	0.108	244	2.55	1.69	21.11	6	1.42	1	2.84	18.99	21.11	17.99	399.96	388.42	8.731	11.757	27.84	37.49	499.9	1500	281	70.28	-1.34	0.381	1.0	-0.22	2.74	1.00	0.00	0.16	111115
37	"15:50:01"	2101.0	0	8.57	0.108	244	2.55	1.69	21.11	6	1.42	1	2.84	18.99	21.11	17.98	399.91	388.43	8.732	11.755	27.84	37.48	499.8	1500	281	70.28	-1.34	0.381	1.0	-0.22	2.74	1.00	0.00	0.16	111115
38	"15:50:02"	2101.5	0	8.57	0.108	245	2.55	1.69	21.11	6	1.42	1	2.84	18.99	21.11	17.98	399.90	388.42	8.733	11.757	27.84	37.48	499.8	1500	280	70.28	-1.34	0.381	1.0	-0.22	2.74	1.00	0.00	0.16	111115
39	"15:50:02"	2102.0	0	8.58	0.108	245	2.55	1.69	21.11	6	1.42	1	2.84	18.99	21.11	17.98	399.88	388.40	8.733	11.761	27.84	37.49	499.8	1500	280	70.28	-1.34	0.381	1.0	-0.22	2.74	1.00	0.00	0.16	111115
40	"15:50:03"	2102.5	0	8.61	0.108	244	2.55	1.69	21.11	6	1.42	1	2.84	19.00	21.11	17.98	399.90	388.37	8.733	11.763	27.84	37.50	499.8	1500	280	70.28	-1.34	0.381	1.0	-0.22	2.74	1.00	0.00	0.16	111115
41	"15:50:03"	2103.0	0	8.53	0.108	245	2.55	1.69	21.12	6	1.42	1	2.84	19.00	21.12	17.98	399.83	388.40	8.735	11.762	27.84	37.49	499.9	1500	280	70.28	-1.34	0.381	1.0	-0.22	2.74	1.00	0.00	0.16	111115
42	"15:50:04"	2103.5	0	8.52	0.108	245	2.55	1.69	21.12	6	1.42	1	2.84	19.00	21.12	17.98	399.81	388.39	8.736	11.762	27.84	37.49	499.8	1500	280	70.28	-1.34	0.381	1.0	-0.22	2.74	1.00	0.00	0.16	111115
43	"15:50:04"	2104.0	0	8.53	0.108	245	2.55	1.69	21.12	6	1.42	1	2.84	19.00	21.12	17.98	399.81	388.38	8.737	11.764	27.85	37.49	499.8	1500	280	70.28	-1.34	0.381	1.0	-0.22	2.74	1.00	0.00	0.16	111115
44	"15:50:05"	2104.5	0	8.49	0.108	246	2.55	1.69	21.13	6	1.42	1	2.84	19.00	21.13	17.98	399.80	388.41	8.739	11.765	27.85	37.49	499.8	1500	280	70.28	-1.34	0.381	1.0	-0.22	2.74	1.00	0.00	0.16	111115
45	"15:50:05"	2105.0	0	8.48	0.108	246	2.55	1.69	21.13	6	1.42	1	2.84	19.00	21.13	17.98	399.82	388.45	8.740	11.766	27.85	37.49	499.8	1500	280	70.28	-1.34	0.381	1.0	-0.22	2.74	1.00	0.00	0.16	111115
46	"15:50:06"	2105.5	0	8.49	0.107	245	2.55	1.69	21.14	6	1.42	1	2.84	19.00	21.14	17.99	399.84	388.46	8.741	11.768	27.85	37.50	499.9	1500	280	70.28	-1.34	0.381	1.0	-0.22	2.74	1.00	0.00	0.16	111115
"15:50:13 Coolers: Tblock -> 23.00 C"
"15:52:31 Flow: Fixed -> 500 umol/s"
47	"15:53:40"	2320.5	0	8.38	0.106	244	2.86	1.92	23.78	6	1.42	1	2.84	23.28	23.78	23.07	400.75	389.35	11.329	14.717	27.77	36.07	499.8	1500	280	70.28	-1.21	0.355	1.0	-0.22	2.74	1.00	0.00	0.16	111115
48	"15:53:41"	2320.5	0	8.38	0.106	244	2.86	1.92	23.78	6	1.42	1	2.84	23.28	23.78	23.07	400.75	389.35	11.329	14.717	27.77	36.07	499.8	1500	280	70.28	-1.21	0.355	1.0	-0.22	2.74	1.00	0.00	0.16	111115
49	"15:53:41"	2320.5	0	8.38	0.106	244	2.86	1.92	23.78	6	1.42	1	2.84	23.28	23.78	23.07	400.75	389.35	11.329	14.717	27.77	36.07	499.8	1500	280	70.28	-1.21	0.355	1.0	-0.22	2.74	1.00	0.00	0.16	111115
50	"15:53:41"	2321.0	0	8.42	0.106	244	2.87	1.92	23.78	6	1.42	1	2.84	23.28	23.78	23.07	400.79	389.35	11.330	14.719	27.77	36.07	499.8	1500	280	70.28	-1.21	0.355	1.0	-0.22	2.74	1.00	0.00	0.16	111115
51	"15:53:42"	2321.5	0	8.35	0.106	245	2.87	1.92	23.78	6	1.42	1	2.84	23.28	23.78	23.07	400.76	389.39	11.331	14.720	27.77	36.07	499.8	1500	280	70.28	-1.21	0.355	1.0	-0.22	2.74	1.00	0.00	0.16	111115
52	"15:53:42"	2322.0	0	8.33	0.106	245	2.86	1.92	23.78	6	1.42	1	2.84	23.28	23.78	23.07	400.75	389.41	11.332	14.720	27.77	36.07	499.8	1500	280	70.28	-1.21	0.355	1.0	-0.22	2.74	1.00	0.00	0.16	111115
53	"15:53:43"	2322.5	0	8.36	0.106	245	2.87	1.92	23.78	6	1.42	1	2.84	23.28	23.78	23.07	400.76	389.38	11.332	14.721	27.77	36.07	499.8	1500	280	70.28	-1.21	0.355	1.0	-0.22	2.74	1.00	0.00	0.16	111115
54	"15:53:43"	2323.0	0	8.4	0.106	244	2.87	1.92	23.78	6	1.42	1	2.84	23.28	23.78	23.07	400.79	389.36	11.332	14.723	27.77	36.08	499.8	1500	280	70.28	-1.21	0.355	1.0	-0.22	2.74	1.00	0.00	0.16	111115
55	"15:53:44"	2323.5	0	8.36	0.106	244	2.87	1.92	23.78	6	1.42	1	2.84	23.28	23.78	23.07	400.76	389.38	11.334	14.723	27.77	36.08	499.8	1500	280	70.28	-1.21	0.355	0.7	-0.22	2.74	1.00	0.00	0.16	111115
56	"15:53:44"	2324.0	0	8.33	0.106	245	2.86	1.92	23.78	6	1.42	1	2.84	23.28	23.78	23.07	400.72	389.38	11.336	14.723	27.77	36.07	499.8	1500	280	70.28	-1.21	0.355	0.7	-0.22	2.74	1.00	0.00	0.16	111115
57	"15:53:45"	2324.5	0	8.32	0.106	245	2.86	1.92	23.79	6	1.42	1	2.84	23.29	23.79	23.07	400.71	389.38	11.337	14.725	27.77	36.07	499.8	1500	280	70.28	-1.21	0.355	0.7	-0.22	2.74	1.00	0.00	0.16	111115
58	"15:53:45"	2325.0	0	8.27	0.105	246	2.86	1.92	23.79	6	1.42	1	2.84	23.29	23.79	23.07	400.65	389.38	11.339	14.725	27.78	36.07	499.8	1500	280	70.28	-1.21	0.355	0.7	-0.22	2.74	1.00	0.00	0.16	111115
59	"15:53:46"	2325.5	0	8.3	0.105	245	2.86	1.92	23.79	6	1.42	1	2.84	23.29	23.79	23.07	400.63	389.32	11.340	14.725	27.78	36.07	499.8	1500	280	70.28	-1.21	0.355	0.7	-0.22	2.74	1.00	0.00	0.16	111115
60	"15:53:46"	2326.0	0	8.28	0.105	245	2.86	1.92	23.80	6	1.42	1	2.84	23.29	23.80	23.07	400.60	389.32	11.342	14.727	27.78	36.07	499.8	1500	280	70.28	-1.21	0.355	0.7	-0.22	2.74	1.00	0.00	0.16	111115
61	"15:53:47"	2326.5	0	8.26	0.105	246	2.86	1.92	23.80	6	1.42	1	2.84	23.29	23.80	23.07	400.58	389.33	11.343	14.728	27.78	36.07	499.8	1500	280	70.28	-1.21	0.355	0.7	-0.22	2.74	1.00	0.00	0.16	111115
"15:53:58 Coolers: Tblock -> 28.00 C"
"15:55:51 Flow: Fixed -> 500 umol/s"
62	"15:56:20"	2480.5	0	7.84	0.102	246	3.03	2.08	25.84	6	1.42	1	2.84	27.20	25.84	27.95	398.65	387.83	14.373	17.941	27.89	34.82	499.8	1500	278	70.28	-1.05	0.324	1.0	-0.22	2.74	1.00	0.00	0.16	111115
63	"15:56:21"	2480.5	0	7.84	0.102	246	3.03	2.08	25.84	6	1.42	1	2.84	27.20	25.84	27.95	398.65	387.83	14.373	17.941	27.89	34.82	499.8	1500	278	70.28	-1.05	0.324	1.0	-0.22	2.74	1.00	0.00	0.16	111115
64	"15:56:21"	2481.0	0	7.87	0.102	246	3.03	2.08	25.85	6	1.42	1	2.84	27.20	25.85	27.95	398.70	387.85	14.373	17.943	27.89	34.82	499.8	1500	278	70.28	-1.05	0.324	1.0	-0.22	2.74	1.00	0.00	0.16	111115
65	"15:56:22"	2481.5	0	7.88	0.102	245	3.03	2.08	25.85	6	1.42	1	2.84	27.20	25.85	27.95	398.72	387.85	14.374	17.945	27.89	34.81	499.9	1500	278	70.28	-1.05	0.324	1.0	-0.22	2.74	1.00	0.00	0.16	111115
66	"15:56:22"	2482.0	0	7.88	0.102	245	3.03	2.08	25.85	6	1.42	1	2.84	27.21	25.85	27.95	398.73	387.86	14.375	17.947	27.89	34.82	499.9	1500	278	70.28	-1.05	0.324	1.0	-0.22	2.74	1.00	0.00	0.16	111115
67	"15:56:23"	2482.5	0	7.88	0.102	246	3.03	2.08	25.86	6	1.42	1	2.84	27.21	25.86	27.95	398.73	387.86	14.376	17.949	27.88	34.81	499.8	1500	278	70.28	-1.05	0.324	1.0	-0.22	2.74	1.00	0.00	0.16	111115
68	"15:56:23"	2483.0	0	7.88	0.102	245	3.03	2.08	25.86	6	1.42	1	2.84	27.21	25.86	27.95	398.72	387.85	14.377	17.949	27.88	34.81	499.8	1500	278	70.27	-1.05	0.324	1.0	-0.22	2.74	1.00	0.00	0.16	111115
69	"15:56:24"	2483.5	0	7.87	0.102	245	3.03	2.09	25.86	6	1.42	1	2.84	27.21	25.86	27.95	398.74	387.88	14.379	17.951	27.88	34.81	499.8	1500	278	70.28	-1.05	0.324	1.0	-0.22	2.74	1.00	0.00	0.16	111115
70	"15:56:24"	2484.0	0	7.91	0.102	245	3.03	2.09	25.87	6	1.42	1	2.84	27.22	25.87	27.95	398.76	387.86	14.378	17.953	27.88	34.81	499.8	1500	278	70.28	-1.05	0.324	1.0	-0.22	2.74	1.00	0.00	0.16	111115
71	"15:56:25"	2484.5	0	7.89	0.102	245	3.03	2.09	25.87	6	1.42	1	2.84	27.22	25.87	27.95	398.79	387.91	14.380	17.956	27.88	34.81	499.8	1500	278	70.27	-1.05	0.324	1.0	-0.22	2.74	1.00	0.00	0.16	111115
72	"15:56:25"	2485.0	0	7.87	0.102	246	3.03	2.09	25.88	6	1.42	1	2.84	27.22	25.88	27.95	398.76	387.90	14.381	17.957	27.87	34.81	499.8	1500	278	70.27	-1.05	0.324	1.0	-0.22	2.74	1.00	0.00	0.16	111115
73	"15:56:26"	2485.5	0	7.85	0.102	246	3.03	2.09	25.88	6	1.42	1	2.84	27.22	25.88	27.95	398.77	387.92	14.382	17.958	27.88	34.81	499.8	1500	278	70.28	-1.05	0.324	1.0	-0.22	2.74	1.00	0.00	0.16	111115
74	"15:56:26"	2486.0	0	7.88	0.102	245	3.03	2.09	25.89	6	1.42	1	2.84	27.22	25.89	27.95	398.78	387.91	14.383	17.959	27.87	34.80	499.8	1500	278	70.27	-1.05	0.324	1.0	-0.22	2.74	1.00	0.00	0.16	111115
75	"15:56:27"	2486.5	0	7.91	0.102	245	3.04	2.09	25.89	6	1.42	1	2.84	27.22	25.89	27.95	398.84	387.93	14.383	17.962	27.87	34.81	499.8	1500	278	70.27	-1.05	0.324	1.0	-0.22	2.74	1.00	0.00	0.16	111115
76	"15:56:27"	2487.0	0	7.92	0.102	245	3.04	2.09	25.89	6	1.42	1	2.84	27.22	25.89	27.95	398.85	387.93	14.383	17.963	27.87	34.81	499.8	1500	278	70.28	-1.05	0.324	1.0	-0.22	2.74	1.00	0.00	0.16	111115
"15:56:41 Coolers: Tblock -> 33.00 C"
"15:59:29 Flow: Fixed -> 500 umol/s"
77	"16:00:19"	2719.5	0	7.58	0.0916	235	3.16	2.4	29.18	6	1.42	1	2.84	31.72	29.18	33.03	399.17	388.60	19.968	23.671	29.85	35.39	499.8	1499	277	70.28	-1.11	0.271	1.0	-0.22	2.74	1.00	0.00	0.16	111115
78	"16:00:19"	2719.5	0	7.58	0.0916	235	3.16	2.4	29.18	6	1.42	1	2.84	31.72	29.18	33.03	399.17	388.60	19.968	23.671	29.85	35.39	499.8	1499	277	70.28	-1.11	0.271	1.0	-0.22	2.74	1.00	0.00	0.16	111115
79	"16:00:20"	2720.0	0	7.57	0.0915	235	3.16	2.4	29.18	6	1.42	1	2.84	31.72	29.18	33.03	399.15	388.60	19.969	23.669	29.85	35.38	499.8	1499	277	70.28	-1.11	0.271	1.0	-0.22	2.74	1.00	0.00	0.16	111115
80	"16:00:20"	2720.5	0	7.6	0.0916	235	3.16	2.4	29.17	6	1.42	1	2.84	31.73	29.17	33.03	399.19	388.59	19.968	23.670	29.85	35.38	499.8	1499	277	70.28	-1.11	0.271	1.0	-0.22	2.74	1.00	0.00	0.16	111115
81	"16:00:21"	2721.0	0	7.63	0.0916	234	3.16	2.4	29.17	6	1.42	1	2.84	31.73	29.17	33.03	399.23	388.60	19.968	23.668	29.84	35.38	499.8	1499	277	70.28	-1.11	0.271	1.0	-0.22	2.74	1.00	0.00	0.16	111115
82	"16:00:22"	2721.5	0	7.64	0.0916	234	3.16	2.4	29.17	6	1.42	1	2.84	31.73	29.17	33.03	399.25	388.61	19.969	23.670	29.84	35.38	499.8	1499	277	70.28	-1.11	0.271	1.0	-0.22	2.74	1.00	0.00	0.16	111115
83	"16:00:22"	2722.0	0	7.65	0.0916	234	3.16	2.4	29.18	6	1.42	1	2.84	31.73	29.18	33.03	399.26	388.60	19.969	23.670	29.84	35.37	499.8	1499	277	70.28	-1.11	0.271	1.0	-0.22	2.74	1.00	0.00	0.16	111115
84	"16:00:23"	2722.5	0	7.67	0.0916	233	3.16	2.4	29.18	6	1.42	1	2.84	31.73	29.18	33.03	399.29	388.60	19.968	23.672	29.84	35.37	499.8	1499	277	70.28	-1.11	0.271	1.0	-0.22	2.74	1.00	0.00	0.16	111115
85	"16:00:23"	2723.0	0	7.7	0.0916	233	3.16	2.4	29.18	6	1.42	1	2.84	31.73	29.18	33.03	399.34	388.62	19.967	23.673	29.84	35.37	499.8	1499	277	70.28	-1.11	0.271	1.0	-0.22	2.74	1.00	0.00	0.16	111115
86	"16:00:24"	2723.5	0	7.75	0.0916	232	3.16	2.4	29.19	6	1.42	1	2.84	31.73	29.19	33.03	399.38	388.60	19.966	23.673	29.83	35.37	499.8	1499	277	70.27	-1.11	0.271	1.0	-0.22	2.74	1.00	0.00	0.16	111115
87	"16:00:24"	2724.0	0	7.78	0.0917	232	3.17	2.4	29.19	6	1.42	1	2.84	31.74	29.19	33.03	399.44	388.62	19.966	23.675	29.83	35.37	499.8	1499	277	70.27	-1.11	0.271	1.0	-0.22	2.74	1.00	0.00	0.16	111115
88	"16:00:25"	2724.5	0	7.81	0.0917	231	3.17	2.4	29.19	6	1.42	1	2.84	31.74	29.19	33.03	399.49	388.63	19.964	23.677	29.82	35.37	499.8	1499	277	70.27	-1.11	0.271	1.0	-0.22	2.74	1.00	0.00	0.16	111115
89	"16:00:25"	2725.0	0	7.8	0.0917	231	3.17	2.4	29.20	6	1.42	1	2.84	31.74	29.20	33.03	399.50	388.66	19.964	23.679	29.82	35.37	499.8	1499	277	70.27	-1.11	0.271	1.0	-0.22	2.74	1.00	0.00	0.16	111115
90	"16:00:26"	2725.5	0	7.78	0.0917	232	3.17	2.4	29.20	6	1.42	1	2.84	31.74	29.20	33.03	399.52	388.69	19.962	23.677	29.82	35.37	499.8	1499	277	70.27	-1.11	0.271	1.0	-0.22	2.74	1.00	0.00	0.16	111115
91	"16:00:26"	2726.0	0	7.8	0.0917	231	3.17	2.4	29.20	6	1.42	1	2.84	31.74	29.20	33.03	399.57	388.73	19.962	23.677	29.81	35.36	499.8	1499	277	70.27	-1.11	0.271	1.0	-0.22	2.74	1.00	0.00	0.16	111115
"16:00:42 Coolers: Tblock -> 38.00 C"
"16:07:52 Flow: Fixed -> 500 umol/s"
92	"16:08:58"	3238.0	0	6.58	0.0808	235	3.41	2.89	32.91	6	1.42	1	2.84	36.39	32.91	38.11	399.16	389.67	26.376	30.345	30.39	34.96	499.9	1499	263	70.27	-0.202	0.238	1.0	-0.22	2.74	1.00	0.00	0.16	111115
93	"16:08:58"	3238.0	0	6.58	0.0808	235	3.41	2.89	32.91	6	1.42	1	2.84	36.39	32.91	38.11	399.16	389.67	26.376	30.345	30.39	34.96	499.9	1499	263	70.27	-0.202	0.238	1.0	-0.22	2.74	1.00	0.00	0.16	111115
94	"16:08:58"	3238.5	0	6.56	0.081	235	3.41	2.89	32.88	6	1.42	1	2.84	36.39	32.88	38.11	399.17	389.70	26.375	30.343	30.39	34.96	499.9	1499	264	70.26	-0.202	0.238	1.0	-0.22	2.74	1.00	0.00	0.16	111115
95	"16:08:59"	3239.0	0	6.57	0.0812	236	3.41	2.88	32.86	6	1.42	1	2.84	36.39	32.86	38.11	399.20	389.71	26.373	30.344	30.39	34.96	499.9	1499	265	70.27	-0.202	0.238	1.0	-0.22	2.74	1.00	0.00	0.16	111115
96	"16:08:59"	3239.5	0	6.6	0.0813	235	3.41	2.88	32.86	6	1.42	1	2.84	36.39	32.86	38.11	399.19	389.67	26.371	30.344	30.38	34.96	499.8	1499	265	70.27	-0.202	0.238	1.0	-0.22	2.74	1.00	0.00	0.16	111115
97	"16:09:00"	3240.0	0	6.64	0.0814	234	3.41	2.88	32.85	6	1.42	1	2.84	36.39	32.85	38.11	399.22	389.65	26.370	30.345	30.38	34.96	499.8	1499	266	70.26	-0.202	0.238	1.0	-0.22	2.74	1.00	0.00	0.16	111115
98	"16:09:00"	3240.5	0	6.63	0.0815	235	3.41	2.87	32.83	6	1.42	1	2.84	36.39	32.83	38.11	399.23	389.68	26.371	30.342	30.38	34.96	499.8	1499	267	70.27	-0.202	0.238	1.0	-0.22	2.74	1.00	0.00	0.16	111115
99	"16:09:01"	3241.0	0	6.6	0.0815	236	3.41	2.87	32.82	6	1.42	1	2.84	36.39	32.82	38.11	399.20	389.68	26.370	30.340	30.38	34.96	499.8	1499	269	70.27	-0.202	0.238	1.0	-0.22	2.74	1.00	0.00	0.16	111115
100	"16:09:02"	3241.5	0	6.59	0.0817	236	3.41	2.87	32.80	6	1.42	1	2.84	36.39	32.80	38.11	399.19	389.68	26.369	30.338	30.38	34.95	499.8	1499	269	70.27	-0.202	0.238	1.0	-0.22	2.74	1.00	0.00	0.16	111115
101	"16:09:02"	3242.0	0	6.62	0.0819	236	3.41	2.86	32.79	6	1.42	1	2.84	36.39	32.79	38.11	399.15	389.60	26.364	30.337	30.37	34.95	499.8	1499	269	70.27	-0.202	0.238	1.0	-0.22	2.74	1.00	0.00	0.16	111115
102	"16:09:03"	3242.5	0	6.6	0.0819	236	3.41	2.86	32.79	6	1.42	1	2.84	36.39	32.79	38.11	399.12	389.59	26.363	30.335	30.37	34.95	499.8	1499	270	70.27	-0.202	0.238	1.0	-0.22	2.74	1.00	0.00	0.16	111115
103	"16:09:03"	3243.0	0	6.55	0.0818	237	3.41	2.86	32.79	6	1.42	1	2.84	36.39	32.79	38.11	399.08	389.62	26.363	30.332	30.37	34.94	499.8	1499	270	70.27	-0.202	0.238	1.0	-0.22	2.74	1.00	0.00	0.16	111115
104	"16:09:04"	3243.5	0	6.54	0.0818	237	3.41	2.86	32.78	6	1.42	1	2.84	36.39	32.78	38.11	399.08	389.63	26.362	30.331	30.37	34.94	499.8	1499	272	70.27	-0.202	0.238	1.0	-0.22	2.74	1.00	0.00	0.16	111115
105	"16:09:04"	3244.0	0	6.51	0.0819	238	3.41	2.86	32.77	6	1.42	1	2.84	36.39	32.77	38.11	399.06	389.64	26.358	30.326	30.37	34.94	499.8	1499	272	70.26	-0.202	0.238	1.0	-0.22	2.74	1.00	0.00	0.16	111115
106	"16:09:05"	3244.5	0	6.51	0.082	238	3.41	2.86	32.77	6	1.42	1	2.84	36.39	32.77	38.11	399.05	389.63	26.355	30.327	30.36	34.94	499.8	1499	272	70.26	-0.202	0.238	1.0	-0.22	2.74	1.00	0.00	0.16	111115
