"OPEN 6.2.4"
"Thr Jul  2 2015 11:06:34"
<open><version>"6.2.4"</version></open>
<open><configfile>"/User/Configs/UserPrefs/2x3 LED.xml"</configfile></open>
<open><light><source>"6400-02 or -02B LED Source"</source><par_in>1<sensor>"SI-3781"<cal>-0.93<actinity>1.00</actinity><transm>1.00</transm></cal></sensor><transm>1</transm></par_in><par_out>1<sensor>"Q49599"<cal>7.26</cal></sensor></par_out></light></open>
<open><comps><file>"/User/Configs/Comps/StdComps_6.2"<header>""</header><extras></extras></file><energybal>no<f_parIn>1</f_parIn><f_parOut>0</f_parOut><alphaK>0.16</alphaK></energybal><bc_total>2.840<stomatal_ratio>1</stomatal_ratio><bc_oneside>1.420<type>2</type><table>"/Sys/Lib/StdBLCTable"</table><area>6</area><slope>-0.219565</slope><offset>2.73739</offset><fan>5</fan></bc_oneside></bc_total></comps></open>
<open><prompts><onlog>off</onlog><items>"Default (none)"</items></prompts></open>
<open><constants><oxygen>21 %</oxygen><bb_vapor>1.5</bb_vapor><bb_oxy>0.9</bb_oxy></constants></open>
<open><stability><items>"Std Stability"<items[1]><id>-2</id><size>15</size><pcv><onoff>0</onoff><value>1</value></pcv><std><onoff>0</onoff><value>1</value></std><slp><onoff>1</onoff><value>1</value></slp></items[1]><items[2]><id>-5</id><size>15</size><pcv><onoff>0</onoff><value>1</value></pcv><std><onoff>0</onoff><value>1</value></std><slp><onoff>1</onoff><value>1</value></slp></items[2]><items[3]><id>-7</id><size>15</size><pcv><onoff>0</onoff><value>1</value></pcv><std><onoff>0</onoff><value>1</value></std><slp><onoff>1</onoff><value>1</value></slp></items[3]></items></stability></open>
<open><log><format>"StdLogFmt_6.0"<items>{ -35 -21 -36 -76 30 23 36 21 25 221 -33 111 -34 11 -9 -10 -8 -1 -2 -4 -5 -14 -15 -7 -12 -13 -11 -65 -66 -72 -18 -19 -77 -78 -79 -23  }<hdr>{  }</hdr></items></format><options><beep>on</beep><hdr>normal</hdr><rem>normal</rem><stab>no</stab><stats>no<mean>no</mean><file>no</file><period>15</period></stats><excel>yes</excel><controls>yes</controls><comm>no</comm></options><datafile>"/User/stm-pbvaoc3"</datafile><button><action>"Normal Log"<code>" LogOneObsManual "</code></action></button><autoprog>"/User/Configs/AutoProgs/AutoLog2"<active>no</active></autoprog></log></open>
<open><a2d><avgtime>4.0 secs</avgtime><userchans><ch20>"Off"</ch20><ch21>"Off"</ch21><ch22>"Off"</ch22><ch23>"Off"</ch23></userchans></a2d></open>
<open><matching><type>0</type><disp>'a'</disp><settings><CO2Limit>10.0</CO2Limit><H2OLimit>1.0</H2OLimit><MaxAutoTime>60</MaxAutoTime></settings></matching></open>
<li6400><factory><unit>"PSC-3840"</unit><serviced>"1 Jul 2013"</serviced><fuseaware>0</fuseaware><co2mixer>yes</co2mixer><co2><coeffs>{ 0 0.213319 2.22998e-05 2.13159e-08 -3.88664e-12 3.69888e-16  }</coeffs><dvdt>-4.7</dvdt><xs>{ 0.0009 -0.0002  }</xs></co2><h2o><coeffs>{ 0 0.00572751 2.23485e-06 -7.37877e-12  }</coeffs><dvdt>-1.7</dvdt><xs>{ 0.0009 -0.0028  }</xs></h2o><flow>{ 0 0.3568  }</flow><press>{ 88.437 0.00551  }</press></factory></li6400>
<li6400><user><flow_zero>-468.8</flow_zero><irga_zero><co2>429.7 390.6<at>17.6901</at></co2><h2o>78.1 156.2<at>17.1607</at></h2o></irga_zero><irga_span><co2>{ 0.99237 0.992833  }</co2><h2o>{ 1.00426 0.996799  }</h2o></irga_span><irga_match><co2>{ 0.368307 -0.45263  }</co2><h2o>{ 0.00477181 -0.00126138  }</h2o></irga_match><co2_mixer><pump_mv>4500</pump_mv><ppm>{ 2287.2 1080.71 423.89 257.488 117.195 68.0056 44.5242 37.9628  }</ppm><mv>{ 5000 3000 1500 1000 500 300 200 100  }</mv></co2_mixer><parin_offset>0</parin_offset><led_cal><unit>"SI-3781"</unit><mv>{ 10 25 50 100 1000 2000 3000 4000 5000  }</mv><qntm>{ 4.69642 15.4417 35.4805 82.2863 972.665 1922.29 2824.32 3690.14 4518.2  }</qntm></led_cal><lcf_cal><unit>"unknown"</unit><red><mv>{ 50 100 500 1000 1500 5000  }</mv><qntm>{ 50 100 500 1000 2000 5000  }</qntm></red><blue><mv>{ 100 200 500 1000 2000 5000  }</mv><qntm>{ 10 20 50 100 200 500  }</qntm></blue></lcf_cal></user></li6400>
"11:06:36 "
$STARTOFDATA$
"Obs"	"HHMMSS"	"FTime"	"EBal?"	"Photo"	"Cond"	"Ci"	"Trmmol"	"VpdL"	"CTleaf"	"Area"	"BLC_1"	"StmRat"	"BLCond"	"Tair"	"Tleaf"	"TBlk"	"CO2R"	"CO2S"	"H2OR"	"H2OS"	"RH_R"	"RH_S"	"Flow"	"PARi"	"PARo"	"Press"	"CsMch"	"HsMch"	"StableF"	"BLCslope"	"BLCoffst"	"f_parin"	"f_parout"	"alphaK"	"Status"
"11:27:36 Flow: Fixed -> 500 umol/s"
"11:31:22 Flow: Fixed -> 500 umol/s"
1	"11:31:51"	1531.0	0	16.7	0.46	304	5.5	0.937	11.71	6	1.42	1	2.84	7.32	11.71	4.87	400.12	377.58	-0.064	6.489	-0.43	43.18	500.0	1499	156	68.42	-0.613	0.26	1.0	-0.22	2.74	1.00	0.00	0.16	111115
2	"11:31:51"	1531.0	0	16.7	0.46	304	5.5	0.937	11.71	6	1.42	1	2.84	7.32	11.71	4.87	400.12	377.58	-0.064	6.489	-0.43	43.18	500.0	1499	156	68.42	-0.613	0.26	1.0	-0.22	2.74	1.00	0.00	0.16	111115
3	"11:31:51"	1531.5	0	16.7	0.459	304	5.5	0.938	11.73	6	1.42	1	2.84	7.32	11.73	4.87	400.11	377.57	-0.064	6.489	-0.43	43.17	500.0	1499	156	68.42	-0.613	0.26	1.0	-0.22	2.74	1.00	0.00	0.16	111115
4	"11:31:52"	1532.0	0	16.7	0.459	304	5.49	0.939	11.73	6	1.42	1	2.84	7.32	11.73	4.87	400.08	377.56	-0.064	6.487	-0.42	43.16	500.0	1499	156	68.42	-0.613	0.26	1.0	-0.22	2.74	1.00	0.00	0.16	111115
5	"11:31:52"	1532.5	0	16.7	0.458	304	5.49	0.94	11.74	6	1.42	1	2.84	7.32	11.74	4.87	400.05	377.55	-0.064	6.487	-0.42	43.16	500.0	1499	156	68.42	-0.613	0.26	1.0	-0.22	2.74	1.00	0.00	0.16	111115
6	"11:31:53"	1533.0	0	16.7	0.458	304	5.5	0.941	11.75	6	1.42	1	2.84	7.32	11.75	4.87	400.02	377.52	-0.064	6.488	-0.43	43.16	499.9	1500	156	68.42	-0.613	0.26	1.0	-0.22	2.74	1.00	0.00	0.16	111115
7	"11:31:53"	1533.5	0	16.6	0.458	304	5.5	0.941	11.76	6	1.42	1	2.84	7.33	11.76	4.87	399.96	377.53	-0.065	6.488	-0.43	43.16	499.9	1500	155	68.42	-0.613	0.26	1.0	-0.22	2.74	1.00	0.00	0.16	111115
8	"11:31:54"	1534.0	0	16.6	0.457	304	5.49	0.941	11.76	6	1.42	1	2.84	7.33	11.76	4.88	399.91	377.48	-0.065	6.487	-0.43	43.15	499.9	1500	155	68.42	-0.613	0.26	1.0	-0.22	2.74	1.00	0.00	0.16	111115
9	"11:31:54"	1534.5	0	16.6	0.458	304	5.49	0.941	11.75	6	1.42	1	2.84	7.33	11.75	4.88	399.86	377.45	-0.064	6.488	-0.43	43.15	499.9	1500	155	68.42	-0.613	0.26	1.0	-0.22	2.74	1.00	0.00	0.16	111115
10	"11:31:55"	1535.0	0	16.6	0.458	304	5.49	0.941	11.75	6	1.42	1	2.84	7.33	11.75	4.88	399.84	377.45	-0.063	6.487	-0.42	43.14	499.9	1500	155	68.42	-0.613	0.26	1.0	-0.22	2.74	1.00	0.00	0.16	111115
11	"11:31:56"	1535.5	0	16.5	0.458	304	5.49	0.94	11.74	6	1.42	1	2.84	7.33	11.74	4.88	399.81	377.46	-0.064	6.487	-0.42	43.14	499.9	1500	155	68.42	-0.613	0.26	1.0	-0.22	2.74	1.00	0.00	0.16	111115
12	"11:31:56"	1536.0	0	16.5	0.458	304	5.5	0.941	11.75	6	1.42	1	2.84	7.33	11.75	4.88	399.82	377.47	-0.064	6.489	-0.42	43.15	499.9	1500	155	68.42	-0.613	0.26	1.0	-0.22	2.74	1.00	0.00	0.16	111115
13	"11:31:57"	1536.5	0	16.6	0.458	304	5.5	0.941	11.75	6	1.42	1	2.84	7.33	11.75	4.88	399.85	377.49	-0.064	6.489	-0.42	43.15	499.9	1500	155	68.42	-0.613	0.26	1.0	-0.22	2.74	1.00	0.00	0.16	111115
14	"11:31:57"	1537.0	0	16.6	0.458	304	5.5	0.941	11.75	6	1.42	1	2.84	7.33	11.75	4.88	399.90	377.51	-0.064	6.488	-0.42	43.14	499.9	1499	155	68.42	-0.613	0.26	1.0	-0.22	2.74	1.00	0.00	0.16	111115
15	"11:31:58"	1537.5	0	16.6	0.458	304	5.49	0.941	11.75	6	1.42	1	2.84	7.33	11.75	4.88	399.96	377.51	-0.064	6.488	-0.42	43.13	500.0	1499	155	68.42	-0.613	0.26	1.0	-0.22	2.74	1.00	0.00	0.16	111115
"11:32:08 Lamp: ParIn ->  1500 uml"
"11:32:08 CO2 Mixer: CO2R -> 400 uml"
"11:32:08 Coolers: Tblock -> 0.00 C"
"11:32:08 Flow: Fixed -> 500 umol/s"
"11:32:11 Coolers: Tblock -> 10.00 C"
"11:33:37 Flow: Fixed -> 500 umol/s"
16	"11:34:12"	1672.5	0	17	0.437	298	5.92	1.05	13.27	6	1.42	1	2.84	11.09	13.27	10.01	399.82	376.78	-0.065	6.984	-0.33	36.05	500.0	1500	155	68.42	-0.789	0.237	0.7	-0.22	2.74	1.00	0.00	0.16	111115
17	"11:34:13"	1672.5	0	17	0.437	298	5.92	1.05	13.27	6	1.42	1	2.84	11.09	13.27	10.01	399.82	376.78	-0.065	6.984	-0.33	36.05	500.0	1500	155	68.42	-0.789	0.237	0.7	-0.22	2.74	1.00	0.00	0.16	111115
18	"11:34:13"	1673.0	0	17	0.437	298	5.92	1.05	13.28	6	1.42	1	2.84	11.09	13.28	10.01	399.84	376.80	-0.065	6.984	-0.33	36.04	500.0	1500	156	68.42	-0.789	0.237	0.7	-0.22	2.74	1.00	0.00	0.16	111115
19	"11:34:14"	1673.5	0	17	0.437	298	5.91	1.05	13.29	6	1.42	1	2.84	11.10	13.29	10.01	399.85	376.83	-0.064	6.984	-0.33	36.04	500.0	1500	156	68.42	-0.789	0.237	0.7	-0.22	2.74	1.00	0.00	0.16	111115
20	"11:34:14"	1674.0	0	17	0.436	298	5.92	1.05	13.29	6	1.42	1	2.84	11.10	13.29	10.01	399.90	376.82	-0.065	6.984	-0.33	36.04	500.0	1500	156	68.42	-0.789	0.237	0.7	-0.22	2.74	1.00	0.00	0.16	111115
21	"11:34:15"	1674.5	0	17	0.436	298	5.92	1.05	13.29	6	1.42	1	2.84	11.10	13.29	10.01	399.90	376.85	-0.065	6.985	-0.33	36.04	500.0	1500	155	68.42	-0.789	0.237	0.7	-0.22	2.74	1.00	0.00	0.16	111115
22	"11:34:15"	1675.0	0	17	0.437	298	5.92	1.05	13.29	6	1.42	1	2.84	11.10	13.29	10.01	399.89	376.85	-0.065	6.985	-0.33	36.03	500.0	1500	155	68.42	-0.789	0.237	0.7	-0.22	2.74	1.00	0.00	0.16	111115
23	"11:34:16"	1675.5	0	16.9	0.437	298	5.92	1.05	13.29	6	1.42	1	2.84	11.10	13.29	10.01	399.85	376.84	-0.065	6.984	-0.33	36.03	500.0	1500	155	68.42	-0.789	0.237	0.7	-0.22	2.74	1.00	0.00	0.16	111115
24	"11:34:16"	1676.0	0	16.9	0.437	298	5.91	1.05	13.28	6	1.42	1	2.84	11.10	13.28	10.01	399.85	376.86	-0.064	6.984	-0.33	36.03	500.0	1500	155	68.42	-0.789	0.237	0.7	-0.22	2.74	1.00	0.00	0.16	111115
25	"11:34:17"	1676.5	0	17	0.437	298	5.92	1.05	13.28	6	1.42	1	2.84	11.10	13.28	10.01	399.86	376.83	-0.065	6.986	-0.33	36.03	499.9	1500	154	68.42	-0.789	0.237	0.7	-0.22	2.74	1.00	0.00	0.16	111115
26	"11:34:17"	1677.0	0	16.9	0.437	298	5.92	1.05	13.28	6	1.42	1	2.84	11.10	13.28	10.01	399.85	376.84	-0.065	6.988	-0.33	36.04	499.9	1500	154	68.42	-0.789	0.237	1.0	-0.22	2.74	1.00	0.00	0.16	111115
27	"11:34:18"	1677.5	0	16.9	0.437	298	5.92	1.05	13.28	6	1.42	1	2.84	11.10	13.28	10.01	399.84	376.84	-0.065	6.988	-0.34	36.04	499.9	1500	154	68.42	-0.789	0.237	1.0	-0.22	2.74	1.00	0.00	0.16	111115
28	"11:34:18"	1678.0	0	16.9	0.438	299	5.92	1.05	13.28	6	1.42	1	2.84	11.11	13.28	10.01	399.82	376.84	-0.065	6.989	-0.34	36.04	499.9	1500	153	68.42	-0.789	0.237	1.0	-0.22	2.74	1.00	0.00	0.16	111115
29	"11:34:19"	1678.5	0	16.9	0.437	298	5.92	1.05	13.29	6	1.42	1	2.84	11.11	13.29	10.01	399.82	376.82	-0.065	6.990	-0.34	36.05	499.9	1500	153	68.42	-0.789	0.237	1.0	-0.22	2.74	1.00	0.00	0.16	111115
30	"11:34:19"	1679.0	0	16.9	0.437	298	5.92	1.05	13.29	6	1.42	1	2.84	11.11	13.29	10.01	399.82	376.82	-0.065	6.991	-0.34	36.04	499.9	1500	153	68.42	-0.789	0.237	1.0	-0.22	2.74	1.00	0.00	0.16	111115
"11:34:27 Coolers: Tblock -> 15.00 C"
"11:36:00 Flow: Fixed -> 500 umol/s"
31	"11:36:30"	1810.5	0	17.6	0.426	293	6.26	1.14	15.28	6	1.42	1	2.84	15.07	15.28	15.09	400.20	376.22	1.403	8.849	5.59	35.23	499.9	1500	146	68.42	-1.25	0.232	1.0	-0.22	2.74	1.00	0.00	0.16	111115
32	"11:36:31"	1810.5	0	17.6	0.426	293	6.26	1.14	15.28	6	1.42	1	2.84	15.07	15.28	15.09	400.20	376.22	1.403	8.849	5.59	35.23	499.9	1500	146	68.42	-1.25	0.232	1.0	-0.22	2.74	1.00	0.00	0.16	111115
33	"11:36:31"	1811.0	0	17.7	0.426	292	6.26	1.14	15.29	6	1.42	1	2.84	15.07	15.29	15.09	400.21	376.18	1.400	8.848	5.57	35.22	499.9	1500	146	68.42	-1.25	0.232	1.0	-0.22	2.74	1.00	0.00	0.16	111115
34	"11:36:32"	1811.5	0	17.7	0.425	292	6.26	1.14	15.29	6	1.42	1	2.84	15.07	15.29	15.09	400.24	376.16	1.396	8.848	5.56	35.21	499.9	1500	146	68.42	-1.25	0.232	1.0	-0.22	2.74	1.00	0.00	0.16	111115
35	"11:36:32"	1812.0	0	17.7	0.425	292	6.27	1.14	15.30	6	1.42	1	2.84	15.07	15.30	15.09	400.26	376.17	1.394	8.848	5.55	35.21	500.0	1500	146	68.42	-1.25	0.232	1.0	-0.22	2.74	1.00	0.00	0.16	111115
36	"11:36:33"	1812.5	0	17.7	0.425	292	6.27	1.14	15.30	6	1.42	1	2.84	15.07	15.30	15.09	400.29	376.18	1.391	8.847	5.53	35.20	499.9	1500	146	68.42	-1.25	0.232	1.0	-0.22	2.74	1.00	0.00	0.16	111115
37	"11:36:33"	1813.0	0	17.7	0.425	292	6.27	1.14	15.30	6	1.42	1	2.84	15.08	15.30	15.09	400.32	376.20	1.387	8.846	5.52	35.19	499.9	1500	145	68.41	-1.25	0.232	1.0	-0.22	2.74	1.00	0.00	0.16	111115
38	"11:36:34"	1813.5	0	17.8	0.426	292	6.27	1.14	15.30	6	1.42	1	2.84	15.08	15.30	15.09	400.37	376.20	1.385	8.847	5.51	35.19	499.9	1500	145	68.41	-1.25	0.232	1.0	-0.22	2.74	1.00	0.00	0.16	111115
39	"11:36:34"	1814.0	0	17.8	0.426	292	6.27	1.14	15.30	6	1.42	1	2.84	15.08	15.30	15.09	400.37	376.21	1.383	8.846	5.50	35.18	499.9	1500	145	68.41	-1.25	0.232	1.0	-0.22	2.74	1.00	0.00	0.16	111115
40	"11:36:35"	1814.5	0	17.8	0.426	292	6.28	1.14	15.31	6	1.42	1	2.84	15.08	15.31	15.09	400.39	376.20	1.379	8.846	5.49	35.18	499.9	1500	145	68.41	-1.25	0.232	1.0	-0.22	2.74	1.00	0.00	0.16	111115
41	"11:36:35"	1815.5	0	17.8	0.426	292	6.28	1.14	15.31	6	1.42	1	2.84	15.09	15.31	15.09	400.44	376.23	1.375	8.845	5.47	35.16	499.9	1500	145	68.41	-1.25	0.232	1.0	-0.22	2.74	1.00	0.00	0.16	111115
42	"11:36:36"	1815.5	0	17.8	0.426	292	6.28	1.14	15.31	6	1.42	1	2.84	15.09	15.31	15.09	400.44	376.23	1.375	8.845	5.47	35.16	499.9	1500	145	68.41	-1.25	0.232	1.0	-0.22	2.74	1.00	0.00	0.16	111115
43	"11:36:36"	1816.0	0	17.9	0.426	292	6.28	1.14	15.31	6	1.42	1	2.84	15.09	15.31	15.09	400.47	376.20	1.373	8.847	5.46	35.16	499.9	1500	145	68.41	-1.25	0.232	1.0	-0.22	2.74	1.00	0.00	0.16	111115
44	"11:36:37"	1816.5	0	17.9	0.426	292	6.29	1.14	15.31	6	1.42	1	2.84	15.09	15.31	15.09	400.46	376.19	1.371	8.848	5.45	35.16	499.9	1500	145	68.42	-1.25	0.232	1.0	-0.22	2.74	1.00	0.00	0.16	111115
45	"11:36:37"	1817.0	0	17.8	0.426	292	6.29	1.14	15.31	6	1.42	1	2.84	15.09	15.31	15.09	400.44	376.20	1.369	8.848	5.44	35.16	499.9	1500	145	68.42	-1.25	0.232	1.0	-0.22	2.74	1.00	0.00	0.16	111115
"11:36:46 Coolers: Tblock -> 20.00 C"
"11:39:07 Flow: Fixed -> 500 umol/s"
46	"11:39:34"	1995.0	0	18.1	0.397	284	6.41	1.23	17.74	6	1.42	1	2.84	19.13	17.74	19.98	399.09	374.54	4.155	11.757	12.79	36.19	499.9	1499	202	68.42	-1.3	0.207	1.0	-0.22	2.74	1.00	0.00	0.16	111115
47	"11:39:34"	1995.0	0	18.1	0.397	284	6.41	1.23	17.74	6	1.42	1	2.84	19.13	17.74	19.98	399.09	374.54	4.155	11.757	12.79	36.19	499.9	1499	202	68.42	-1.3	0.207	1.0	-0.22	2.74	1.00	0.00	0.16	111115
48	"11:39:35"	1995.5	0	18.1	0.397	283	6.41	1.23	17.74	6	1.42	1	2.84	19.13	17.74	19.98	399.14	374.54	4.154	11.758	12.79	36.19	499.9	1499	202	68.42	-1.3	0.207	1.0	-0.22	2.74	1.00	0.00	0.16	111115
49	"11:39:35"	1996.0	0	18.1	0.397	283	6.41	1.23	17.74	6	1.42	1	2.84	19.13	17.74	19.97	399.16	374.55	4.154	11.757	12.78	36.18	499.9	1499	203	68.42	-1.3	0.207	1.0	-0.22	2.74	1.00	0.00	0.16	111115
50	"11:39:36"	1996.5	0	18.1	0.397	283	6.41	1.23	17.75	6	1.42	1	2.84	19.13	17.75	19.97	399.22	374.56	4.154	11.757	12.78	36.18	499.9	1499	203	68.42	-1.3	0.207	1.0	-0.22	2.74	1.00	0.00	0.16	111115
51	"11:39:36"	1997.0	0	18.2	0.396	283	6.41	1.23	17.75	6	1.42	1	2.84	19.14	17.75	19.97	399.31	374.55	4.153	11.757	12.78	36.17	499.8	1499	204	68.42	-1.3	0.207	1.0	-0.22	2.74	1.00	0.00	0.16	111115
52	"11:39:37"	1997.5	0	18.2	0.396	283	6.41	1.23	17.75	6	1.42	1	2.84	19.14	17.75	19.97	399.37	374.60	4.154	11.759	12.78	36.17	499.9	1500	205	68.42	-1.3	0.207	1.0	-0.22	2.74	1.00	0.00	0.16	111115
53	"11:39:37"	1998.0	0	18.3	0.396	283	6.41	1.24	17.76	6	1.42	1	2.84	19.14	17.76	19.97	399.40	374.61	4.153	11.759	12.77	36.16	499.9	1500	206	68.42	-1.3	0.207	1.0	-0.22	2.74	1.00	0.00	0.16	111115
54	"11:39:38"	1998.5	0	18.3	0.396	282	6.41	1.24	17.76	6	1.42	1	2.84	19.14	17.76	19.97	399.46	374.64	4.153	11.760	12.77	36.16	499.8	1500	206	68.42	-1.3	0.207	1.0	-0.22	2.74	1.00	0.00	0.16	111115
55	"11:39:38"	1999.0	0	18.3	0.396	282	6.41	1.24	17.76	6	1.42	1	2.84	19.15	17.76	19.97	399.47	374.60	4.152	11.760	12.77	36.16	499.8	1500	207	68.42	-1.3	0.207	1.0	-0.22	2.74	1.00	0.00	0.16	111115
56	"11:39:39"	1999.5	0	18.3	0.396	282	6.41	1.24	17.77	6	1.42	1	2.84	19.15	17.77	19.98	399.45	374.58	4.152	11.761	12.76	36.15	499.9	1501	208	68.42	-1.3	0.207	1.0	-0.22	2.74	1.00	0.00	0.16	111115
57	"11:39:39"	2000.0	0	18.3	0.396	282	6.42	1.24	17.77	6	1.42	1	2.84	19.15	17.77	19.98	399.44	374.59	4.151	11.763	12.76	36.15	499.9	1501	208	68.42	-1.3	0.207	1.0	-0.22	2.74	1.00	0.00	0.16	111115
58	"11:39:40"	2000.5	0	18.3	0.396	282	6.42	1.24	17.78	6	1.42	1	2.84	19.15	17.78	19.98	399.40	374.59	4.151	11.763	12.76	36.15	499.9	1501	209	68.42	-1.3	0.207	1.0	-0.22	2.74	1.00	0.00	0.16	111115
59	"11:39:40"	2001.0	0	18.2	0.396	283	6.42	1.24	17.78	6	1.42	1	2.84	19.16	17.78	19.98	399.39	374.62	4.151	11.766	12.75	36.15	499.9	1501	210	68.42	-1.3	0.207	1.0	-0.22	2.74	1.00	0.00	0.16	111115
60	"11:39:41"	2001.5	0	18.3	0.396	282	6.42	1.24	17.79	6	1.42	1	2.84	19.16	17.79	19.98	399.38	374.58	4.150	11.766	12.75	36.15	499.9	1501	210	68.42	-1.3	0.207	1.0	-0.22	2.74	1.00	0.00	0.16	111115
"11:39:49 Coolers: Tblock -> 25.00 C"
"11:42:09 Flow: Fixed -> 500 umol/s"
61	"11:42:26"	2167.0	0	18.2	0.347	273	6.55	1.41	20.65	6	1.42	1	2.84	23.52	20.65	25.05	400.75	375.96	7.326	15.070	17.23	35.43	500.0	1499	177	68.42	-1.09	0.187	1.0	-0.22	2.74	1.00	0.00	0.16	111115
62	"11:42:27"	2167.0	0	18.2	0.347	273	6.55	1.41	20.65	6	1.42	1	2.84	23.52	20.65	25.05	400.75	375.96	7.326	15.070	17.23	35.43	500.0	1499	177	68.42	-1.09	0.187	1.0	-0.22	2.74	1.00	0.00	0.16	111115
63	"11:42:27"	2167.5	0	18.2	0.347	273	6.55	1.41	20.66	6	1.42	1	2.84	23.52	20.66	25.05	400.78	376.01	7.324	15.070	17.22	35.43	499.9	1499	175	68.42	-1.09	0.187	1.0	-0.22	2.74	1.00	0.00	0.16	111115
64	"11:42:28"	2168.0	0	18.2	0.347	272	6.56	1.41	20.67	6	1.42	1	2.84	23.53	20.67	25.05	400.86	376.05	7.323	15.072	17.21	35.42	500.0	1499	174	68.42	-1.09	0.187	1.0	-0.22	2.74	1.00	0.00	0.16	111115
65	"11:42:28"	2168.5	0	18.2	0.347	272	6.56	1.41	20.67	6	1.42	1	2.84	23.53	20.67	25.05	400.88	376.07	7.322	15.073	17.21	35.42	500.0	1499	172	68.42	-1.09	0.187	1.0	-0.22	2.74	1.00	0.00	0.16	111115
66	"11:42:29"	2169.0	0	18.2	0.347	272	6.56	1.42	20.68	6	1.42	1	2.84	23.53	20.68	25.05	400.91	376.07	7.321	15.074	17.20	35.41	500.0	1499	170	68.42	-1.09	0.187	1.0	-0.22	2.74	1.00	0.00	0.16	111115
67	"11:42:29"	2169.5	0	18.2	0.347	272	6.56	1.42	20.68	6	1.42	1	2.84	23.54	20.68	25.05	400.92	376.07	7.320	15.075	17.19	35.41	500.0	1499	169	68.42	-1.09	0.187	1.0	-0.22	2.74	1.00	0.00	0.16	111115
68	"11:42:30"	2170.0	0	18.2	0.347	272	6.56	1.42	20.68	6	1.42	1	2.84	23.54	20.68	25.05	400.88	376.05	7.318	15.075	17.19	35.41	499.9	1499	167	68.42	-1.09	0.187	1.0	-0.22	2.74	1.00	0.00	0.16	111115
69	"11:42:30"	2170.5	0	18.2	0.347	272	6.57	1.42	20.69	6	1.42	1	2.84	23.54	20.69	25.05	400.87	376.03	7.318	15.078	17.18	35.40	499.9	1499	166	68.42	-1.09	0.187	1.0	-0.22	2.74	1.00	0.00	0.16	111115
70	"11:42:31"	2171.0	0	18.2	0.347	272	6.57	1.42	20.70	6	1.42	1	2.84	23.55	20.70	25.05	400.87	376.05	7.317	15.080	17.18	35.40	499.9	1499	164	68.42	-1.09	0.187	1.0	-0.22	2.74	1.00	0.00	0.16	111115
71	"11:42:31"	2171.5	0	18.2	0.347	272	6.57	1.42	20.70	6	1.42	1	2.84	23.55	20.70	25.05	400.84	376.03	7.316	15.082	17.17	35.40	499.9	1499	163	68.42	-1.09	0.187	1.0	-0.22	2.74	1.00	0.00	0.16	111115
72	"11:42:32"	2172.0	0	18.2	0.346	272	6.57	1.42	20.71	6	1.42	1	2.84	23.55	20.71	25.05	400.78	375.99	7.316	15.084	17.17	35.39	499.9	1499	163	68.42	-1.09	0.187	1.0	-0.22	2.74	1.00	0.00	0.16	111115
73	"11:42:32"	2172.5	0	18.1	0.346	272	6.57	1.42	20.71	6	1.42	1	2.84	23.56	20.71	25.05	400.75	376.00	7.315	15.084	17.16	35.39	499.9	1499	162	68.42	-1.09	0.187	1.0	-0.22	2.74	1.00	0.00	0.16	111115
74	"11:42:33"	2173.0	0	18.2	0.346	272	6.57	1.42	20.72	6	1.42	1	2.84	23.56	20.72	25.05	400.75	375.97	7.315	15.084	17.16	35.38	499.9	1499	162	68.42	-1.09	0.187	1.0	-0.22	2.74	1.00	0.00	0.16	111115
75	"11:42:33"	2173.5	0	18.2	0.346	272	6.58	1.42	20.73	6	1.42	1	2.84	23.56	20.73	25.05	400.77	375.98	7.314	15.086	17.15	35.38	499.9	1499	162	68.42	-1.09	0.187	1.0	-0.22	2.74	1.00	0.00	0.16	111115
"11:42:42 Coolers: Tblock -> 30.00 C"
"11:45:57 Flow: Fixed -> 500 umol/s"
76	"11:46:34"	2414.5	0	16.7	0.143	162	6.1	2.93	30.15	6	1.42	1	2.84	28.32	30.15	30.12	398.97	376.12	12.784	19.955	22.62	35.31	499.9	1500	189	68.42	-0.621	0.145	0.7	-0.22	2.74	1.00	0.00	0.16	111115
77	"11:46:34"	2414.5	0	16.7	0.143	162	6.1	2.93	30.15	6	1.42	1	2.84	28.32	30.15	30.12	398.97	376.12	12.784	19.955	22.62	35.31	499.9	1500	189	68.42	-0.621	0.145	0.7	-0.22	2.74	1.00	0.00	0.16	111115
78	"11:46:35"	2415.0	0	16.8	0.143	162	6.1	2.93	30.15	6	1.42	1	2.84	28.32	30.15	30.12	399.02	376.16	12.783	19.958	22.62	35.31	499.9	1500	189	68.42	-0.621	0.145	0.7	-0.22	2.74	1.00	0.00	0.16	111115
79	"11:46:35"	2415.0	0	16.8	0.143	162	6.1	2.93	30.15	6	1.42	1	2.84	28.32	30.15	30.12	399.02	376.16	12.783	19.958	22.62	35.31	499.9	1500	189	68.42	-0.621	0.145	0.7	-0.22	2.74	1.00	0.00	0.16	111115
80	"11:46:36"	2415.5	0	16.7	0.143	162	6.1	2.93	30.15	6	1.42	1	2.84	28.33	30.15	30.12	399.03	376.18	12.785	19.959	22.62	35.31	499.9	1500	189	68.42	-0.621	0.145	0.7	-0.22	2.74	1.00	0.00	0.16	111115
81	"11:46:36"	2416.0	0	16.7	0.143	162	6.1	2.93	30.15	6	1.42	1	2.84	28.33	30.15	30.12	399.01	376.15	12.785	19.959	22.61	35.30	499.9	1500	188	68.42	-0.621	0.145	0.7	-0.22	2.74	1.00	0.00	0.16	111115
82	"11:46:37"	2416.5	0	16.7	0.143	162	6.1	2.93	30.15	6	1.42	1	2.84	28.33	30.15	30.12	399.00	376.15	12.785	19.959	22.61	35.30	499.9	1500	188	68.42	-0.621	0.145	0.7	-0.22	2.74	1.00	0.00	0.16	111115
83	"11:46:37"	2417.0	0	16.7	0.143	162	6.1	2.93	30.15	6	1.42	1	2.84	28.33	30.15	30.13	398.99	376.15	12.787	19.959	22.61	35.29	499.9	1500	187	68.42	-0.621	0.145	1.0	-0.22	2.74	1.00	0.00	0.16	111115
84	"11:46:38"	2417.5	0	16.7	0.143	162	6.1	2.93	30.15	6	1.42	1	2.84	28.34	30.15	30.13	398.99	376.16	12.787	19.958	22.61	35.29	499.9	1500	186	68.42	-0.621	0.145	1.0	-0.22	2.74	1.00	0.00	0.16	111115
85	"11:46:38"	2418.0	0	16.7	0.143	162	6.1	2.93	30.15	6	1.42	1	2.84	28.34	30.15	30.13	399.00	376.15	12.786	19.958	22.60	35.28	499.9	1500	185	68.42	-0.621	0.145	1.0	-0.22	2.74	1.00	0.00	0.16	111115
86	"11:46:39"	2418.5	0	16.8	0.143	162	6.1	2.93	30.14	6	1.42	1	2.84	28.34	30.14	30.13	399.03	376.16	12.788	19.959	22.60	35.28	499.9	1500	185	68.42	-0.621	0.145	1.0	-0.22	2.74	1.00	0.00	0.16	111115
87	"11:46:39"	2419.0	0	16.7	0.143	162	6.09	2.93	30.14	6	1.42	1	2.84	28.34	30.14	30.13	399.01	376.18	12.790	19.955	22.61	35.27	499.9	1500	184	68.42	-0.621	0.145	1.0	-0.22	2.74	1.00	0.00	0.16	111115
88	"11:46:40"	2419.5	0	16.7	0.143	162	6.09	2.93	30.14	6	1.42	1	2.84	28.34	30.14	30.13	399.02	376.18	12.790	19.955	22.60	35.27	499.9	1500	183	68.42	-0.621	0.145	1.0	-0.22	2.74	1.00	0.00	0.16	111115
89	"11:46:40"	2420.0	0	16.7	0.143	162	6.09	2.93	30.14	6	1.42	1	2.84	28.34	30.14	30.13	399.05	376.20	12.791	19.954	22.60	35.26	499.9	1500	181	68.42	-0.621	0.145	1.0	-0.22	2.74	1.00	0.00	0.16	111115
90	"11:46:41"	2420.5	0	16.8	0.143	162	6.09	2.93	30.14	6	1.42	1	2.84	28.35	30.14	30.13	399.06	376.19	12.791	19.953	22.60	35.26	499.9	1500	180	68.42	-0.621	0.145	1.0	-0.22	2.74	1.00	0.00	0.16	111115
"11:47:24 Coolers: Tblock -> 35.00 C"
"11:52:31 Flow: Fixed -> 500 umol/s"
91	"11:52:59"	2799.0	0	14.5	0.0914	96.6	5.31	3.88	35.09	6	1.42	1	2.84	32.91	35.09	35.01	400.80	380.93	20.076	26.281	27.33	35.78	499.9	1502	236	68.42	-0.0823	0.0904	1.0	-0.22	2.74	1.00	0.00	0.16	111115
92	"11:52:59"	2799.0	0	14.5	0.0914	96.6	5.31	3.88	35.09	6	1.42	1	2.84	32.91	35.09	35.01	400.80	380.93	20.076	26.281	27.33	35.78	499.9	1502	236	68.42	-0.0823	0.0904	1.0	-0.22	2.74	1.00	0.00	0.16	111115
93	"11:52:59"	2799.5	0	14.5	0.0914	97.4	5.31	3.88	35.09	6	1.42	1	2.84	32.91	35.09	35.01	400.73	380.91	20.077	26.282	27.33	35.78	499.9	1501	233	68.42	-0.0823	0.0904	1.0	-0.22	2.74	1.00	0.00	0.16	111115
94	"11:53:00"	2800.0	0	14.5	0.0915	97.6	5.31	3.88	35.09	6	1.42	1	2.84	32.91	35.09	35.01	400.72	380.89	20.077	26.288	27.33	35.78	499.9	1501	227	68.42	-0.0823	0.0904	1.0	-0.22	2.74	1.00	0.00	0.16	111115
95	"11:53:00"	2800.5	0	14.5	0.0915	97.7	5.32	3.88	35.09	6	1.42	1	2.84	32.91	35.09	35.01	400.72	380.89	20.078	26.291	27.33	35.79	499.9	1501	218	68.42	-0.0823	0.0904	1.0	-0.22	2.74	1.00	0.00	0.16	111115
96	"11:53:01"	2801.0	0	14.5	0.0916	97.7	5.32	3.88	35.09	6	1.42	1	2.84	32.91	35.09	35.01	400.75	380.90	20.078	26.295	27.33	35.79	499.9	1500	204	68.42	-0.0823	0.0904	1.0	-0.22	2.74	1.00	0.00	0.16	111115
97	"11:53:01"	2801.5	0	14.5	0.0916	98	5.32	3.88	35.09	6	1.42	1	2.84	32.91	35.09	35.01	400.75	380.92	20.080	26.296	27.33	35.79	499.9	1500	187	68.42	-0.0823	0.0904	1.0	-0.22	2.74	1.00	0.00	0.16	111115
98	"11:53:02"	2802.0	0	14.5	0.0917	97.6	5.32	3.88	35.09	6	1.42	1	2.84	32.91	35.09	35.01	400.77	380.91	20.079	26.298	27.33	35.79	499.9	1500	169	68.42	-0.0823	0.0904	1.0	-0.22	2.74	1.00	0.00	0.16	111115
99	"11:53:02"	2802.5	0	14.6	0.0917	96.3	5.32	3.88	35.08	6	1.42	1	2.84	32.91	35.08	35.01	400.85	380.89	20.080	26.300	27.33	35.79	499.9	1499	151	68.42	-0.0823	0.0904	1.0	-0.22	2.74	1.00	0.00	0.16	111115
100	"11:53:03"	2803.0	0	14.6	0.0917	96.1	5.32	3.87	35.08	6	1.42	1	2.84	32.91	35.08	35.01	400.88	380.91	20.083	26.301	27.33	35.79	499.9	1499	134	68.42	-0.0823	0.0904	1.0	-0.22	2.74	1.00	0.00	0.16	111115
101	"11:53:04"	2803.5	0	14.6	0.0917	95.4	5.32	3.87	35.08	6	1.42	1	2.84	32.91	35.08	35.01	400.92	380.91	20.085	26.302	27.33	35.79	499.9	1499	118	68.42	-0.0823	0.0904	1.0	-0.22	2.74	1.00	0.00	0.16	111115
102	"11:53:04"	2804.0	0	14.6	0.0916	95.7	5.32	3.87	35.08	6	1.42	1	2.84	32.92	35.08	35.01	400.92	380.94	20.089	26.301	27.33	35.79	499.9	1499	106	68.41	-0.0823	0.0904	1.0	-0.22	2.74	1.00	0.00	0.16	111115
103	"11:53:05"	2804.5	0	14.6	0.0916	95.3	5.31	3.87	35.08	6	1.42	1	2.84	32.92	35.08	35.01	400.94	380.94	20.092	26.302	27.34	35.78	499.9	1499	96	68.42	-0.0823	0.0904	1.0	-0.22	2.74	1.00	0.00	0.16	111115
104	"11:53:05"	2805.0	0	14.6	0.0915	96.3	5.31	3.87	35.08	6	1.42	1	2.84	32.92	35.08	35.01	400.90	380.98	20.096	26.299	27.34	35.78	499.8	1499	90	68.42	-0.0823	0.0904	1.0	-0.22	2.74	1.00	0.00	0.16	111115
105	"11:53:06"	2805.5	0	14.6	0.0915	95.7	5.31	3.87	35.08	6	1.42	1	2.84	32.92	35.08	35.01	400.94	380.98	20.097	26.299	27.34	35.77	499.8	1499	86	68.42	-0.0823	0.0904	1.0	-0.22	2.74	1.00	0.00	0.16	111115
