"OPEN 6.2.4"
"Sat Jun 27 2015 16:31:17"
<open><version>"6.2.4"</version></open>
<open><configfile>"/User/Configs/UserPrefs/2x3 LED.xml"</configfile></open>
<open><light><source>"6400-02 or -02B LED Source"</source><par_in>1<sensor>"SI-3781"<cal>-0.93<actinity>1.00</actinity><transm>1.00</transm></cal></sensor><transm>1</transm></par_in><par_out>1<sensor>"Q49599"<cal>7.26</cal></sensor></par_out></light></open>
<open><comps><file>"/User/Configs/Comps/StdComps_6.2"<header>""</header><extras></extras></file><energybal>no<f_parIn>1</f_parIn><f_parOut>0</f_parOut><alphaK>0.16</alphaK></energybal><bc_total>2.840<stomatal_ratio>1</stomatal_ratio><bc_oneside>1.420<type>2</type><table>"/Sys/Lib/StdBLCTable"</table><area>6</area><slope>-0.219565</slope><offset>2.73739</offset><fan>5</fan></bc_oneside></bc_total></comps></open>
<open><prompts><onlog>off</onlog><items>"Default (none)"</items></prompts></open>
<open><constants><oxygen>21 %</oxygen><bb_vapor>1.5</bb_vapor><bb_oxy>0.9</bb_oxy></constants></open>
<open><stability><items>"Std Stability"<items[1]><id>-2</id><size>15</size><pcv><onoff>0</onoff><value>1</value></pcv><std><onoff>0</onoff><value>1</value></std><slp><onoff>1</onoff><value>1</value></slp></items[1]><items[2]><id>-5</id><size>15</size><pcv><onoff>0</onoff><value>1</value></pcv><std><onoff>0</onoff><value>1</value></std><slp><onoff>1</onoff><value>1</value></slp></items[2]><items[3]><id>-7</id><size>15</size><pcv><onoff>0</onoff><value>1</value></pcv><std><onoff>0</onoff><value>1</value></std><slp><onoff>1</onoff><value>1</value></slp></items[3]></items></stability></open>
<open><log><format>"StdLogFmt_6.0"<items>{ -35 -21 -36 -76 30 23 36 21 25 221 -33 111 -34 11 -9 -10 -8 -1 -2 -4 -5 -14 -15 -7 -12 -13 -11 -65 -66 -72 -18 -19 -77 -78 -79 -23  }<hdr>{  }</hdr></items></format><options><beep>on</beep><hdr>normal</hdr><rem>normal</rem><stab>no</stab><stats>no<mean>no</mean><file>no</file><period>15</period></stats><excel>yes</excel><controls>yes</controls><comm>no</comm></options><datafile>"/User/stm-pdeba2"</datafile><button><action>"Normal Log"<code>" LogOneObsManual "</code></action></button><autoprog>"/User/Configs/AutoProgs/AutoLog2"<active>no</active></autoprog></log></open>
<open><a2d><avgtime>4.0 secs</avgtime><userchans><ch20>"Off"</ch20><ch21>"Off"</ch21><ch22>"Off"</ch22><ch23>"Off"</ch23></userchans></a2d></open>
<open><matching><type>0</type><disp>'a'</disp><settings><CO2Limit>10.0</CO2Limit><H2OLimit>1.0</H2OLimit><MaxAutoTime>60</MaxAutoTime></settings></matching></open>
<li6400><factory><unit>"PSC-3840"</unit><serviced>"1 Jul 2013"</serviced><fuseaware>0</fuseaware><co2mixer>yes</co2mixer><co2><coeffs>{ 0 0.213319 2.22998e-05 2.13159e-08 -3.88664e-12 3.69888e-16  }</coeffs><dvdt>-4.7</dvdt><xs>{ 0.0009 -0.0002  }</xs></co2><h2o><coeffs>{ 0 0.00572751 2.23485e-06 -7.37877e-12  }</coeffs><dvdt>-1.7</dvdt><xs>{ 0.0009 -0.0028  }</xs></h2o><flow>{ 0 0.3568  }</flow><press>{ 88.437 0.00551  }</press></factory></li6400>
<li6400><user><flow_zero>-468.8</flow_zero><irga_zero><co2>429.7 390.6<at>17.6901</at></co2><h2o>78.1 156.2<at>17.1607</at></h2o></irga_zero><irga_span><co2>{ 0.99237 0.992833  }</co2><h2o>{ 1.00426 0.996799  }</h2o></irga_span><irga_match><co2>{ 0.368307 -0.20221  }</co2><h2o>{ 0.00477181 0.23776  }</h2o></irga_match><co2_mixer><pump_mv>4500</pump_mv><ppm>{ 2287.2 1080.71 423.89 257.488 117.195 68.0056 44.5242 37.9628  }</ppm><mv>{ 5000 3000 1500 1000 500 300 200 100  }</mv></co2_mixer><parin_offset>0</parin_offset><led_cal><unit>"SI-3781"</unit><mv>{ 10 25 50 100 1000 2000 3000 4000 5000  }</mv><qntm>{ 4.69642 15.4417 35.4805 82.2863 972.665 1922.29 2824.32 3690.14 4518.2  }</qntm></led_cal><lcf_cal><unit>"unknown"</unit><red><mv>{ 50 100 500 1000 1500 5000  }</mv><qntm>{ 50 100 500 1000 2000 5000  }</qntm></red><blue><mv>{ 100 200 500 1000 2000 5000  }</mv><qntm>{ 10 20 50 100 200 500  }</qntm></blue></lcf_cal></user></li6400>
"16:31:18 "
$STARTOFDATA$
"Obs"	"HHMMSS"	"FTime"	"EBal?"	"Photo"	"Cond"	"Ci"	"Trmmol"	"VpdL"	"CTleaf"	"Area"	"BLC_1"	"StmRat"	"BLCond"	"Tair"	"Tleaf"	"TBlk"	"CO2R"	"CO2S"	"H2OR"	"H2OS"	"RH_R"	"RH_S"	"Flow"	"PARi"	"PARo"	"Press"	"CsMch"	"HsMch"	"StableF"	"BLCslope"	"BLCoffst"	"f_parin"	"f_parout"	"alphaK"	"Status"
"16:36:39 Coolers: Tblock -> 7.38 C"
"16:37:55 Flow: Fixed -> 500 umol/s"
"16:38:15 Flow: Fixed -> 500 umol/s"
"16:40:39 Flow: Fixed -> 500 umol/s"
1	"16:40:46"	583.0	0	11.5	0.183	267	3.44	1.38	15.98	6	1.42	1	2.84	10.08	15.98	7.43	399.07	383.63	2.169	6.267	12.30	35.53	499.9	1499	157	70.25	-0.866	0.351	1.0	-0.22	2.74	1.00	0.00	0.16	111115
2	"16:40:46"	583.0	0	11.5	0.183	267	3.44	1.38	15.98	6	1.42	1	2.84	10.08	15.98	7.43	399.07	383.63	2.169	6.267	12.30	35.53	499.9	1499	157	70.25	-0.866	0.351	1.0	-0.22	2.74	1.00	0.00	0.16	111115
3	"16:40:47"	583.5	0	11.5	0.183	267	3.44	1.38	15.98	6	1.42	1	2.84	10.08	15.98	7.43	399.04	383.65	2.168	6.266	12.29	35.53	499.9	1499	157	70.25	-0.866	0.351	1.0	-0.22	2.74	1.00	0.00	0.16	111115
4	"16:40:47"	584.0	0	11.5	0.183	267	3.44	1.38	15.98	6	1.42	1	2.84	10.08	15.98	7.43	399.04	383.63	2.168	6.267	12.29	35.53	499.8	1499	155	70.25	-0.866	0.351	1.0	-0.22	2.74	1.00	0.00	0.16	111115
5	"16:40:48"	584.5	0	11.5	0.183	267	3.44	1.38	15.98	6	1.42	1	2.84	10.08	15.98	7.43	399.04	383.64	2.167	6.266	12.28	35.52	499.8	1499	154	70.25	-0.866	0.351	1.0	-0.22	2.74	1.00	0.00	0.16	111115
6	"16:40:48"	585.0	0	11.5	0.183	267	3.44	1.38	15.98	6	1.42	1	2.84	10.08	15.98	7.43	399.00	383.62	2.166	6.265	12.28	35.52	499.8	1499	154	70.25	-0.866	0.351	1.0	-0.22	2.74	1.00	0.00	0.16	111115
7	"16:40:49"	585.5	0	11.4	0.183	267	3.43	1.38	15.99	6	1.42	1	2.84	10.08	15.99	7.43	398.92	383.60	2.165	6.262	12.28	35.50	499.8	1499	155	70.25	-0.866	0.351	1.0	-0.22	2.74	1.00	0.00	0.16	111115
8	"16:40:49"	586.0	0	11.4	0.182	267	3.43	1.38	16.00	6	1.42	1	2.84	10.08	16.00	7.43	398.90	383.57	2.164	6.261	12.27	35.50	499.8	1499	153	70.25	-0.866	0.351	1.0	-0.22	2.74	1.00	0.00	0.16	111115
9	"16:40:50"	586.5	0	11.4	0.182	268	3.43	1.38	16.00	6	1.42	1	2.84	10.08	16.00	7.43	398.82	383.56	2.163	6.261	12.26	35.49	499.8	1499	153	70.25	-0.866	0.351	1.0	-0.22	2.74	1.00	0.00	0.16	111115
10	"16:40:50"	587.0	0	11.4	0.182	268	3.43	1.39	16.00	6	1.42	1	2.84	10.08	16.00	7.44	398.78	383.51	2.162	6.260	12.26	35.49	499.8	1499	153	70.25	-0.866	0.351	1.0	-0.22	2.74	1.00	0.00	0.16	111115
11	"16:40:51"	587.5	0	11.4	0.182	268	3.44	1.39	16.01	6	1.42	1	2.84	10.08	16.01	7.44	398.75	383.50	2.161	6.260	12.25	35.49	499.8	1499	152	70.25	-0.866	0.351	1.0	-0.22	2.74	1.00	0.00	0.16	111115
12	"16:40:51"	588.0	0	11.4	0.182	268	3.44	1.39	16.00	6	1.42	1	2.84	10.08	16.00	7.44	398.70	383.48	2.160	6.259	12.24	35.48	499.8	1499	153	70.25	-0.866	0.351	1.0	-0.22	2.74	1.00	0.00	0.16	111115
13	"16:40:52"	588.5	0	11.3	0.182	268	3.44	1.39	16.00	6	1.42	1	2.84	10.08	16.00	7.44	398.69	383.49	2.160	6.260	12.24	35.49	499.8	1499	154	70.25	-0.866	0.351	1.0	-0.22	2.74	1.00	0.00	0.16	111115
14	"16:40:52"	589.0	0	11.4	0.182	268	3.44	1.39	16.01	6	1.42	1	2.84	10.08	16.01	7.44	398.71	383.48	2.158	6.260	12.24	35.48	499.8	1499	154	70.25	-0.866	0.351	1.0	-0.22	2.74	1.00	0.00	0.16	111115
15	"16:40:53"	589.5	0	11.4	0.183	267	3.44	1.39	16.01	6	1.42	1	2.84	10.08	16.01	7.44	398.77	383.47	2.157	6.261	12.23	35.49	499.8	1499	154	70.25	-0.866	0.351	0.7	-0.22	2.74	1.00	0.00	0.16	111115
"16:41:11 Coolers: Tblock -> 12.00 C"
"16:44:09 Flow: Fixed -> 500 umol/s"
16	"16:45:18"	855.5	0	12.1	0.189	264	3.67	1.43	17.43	6	1.42	1	2.84	13.76	17.43	11.94	399.59	383.33	3.759	8.129	16.72	36.16	499.9	1499	143	70.25	-1.32	0.353	1.0	-0.22	2.74	1.00	0.00	0.16	111115
17	"16:45:18"	855.5	0	12.1	0.189	264	3.67	1.43	17.43	6	1.42	1	2.84	13.76	17.43	11.94	399.59	383.33	3.759	8.129	16.72	36.16	499.9	1499	143	70.25	-1.32	0.353	1.0	-0.22	2.74	1.00	0.00	0.16	111115
18	"16:45:19"	856.0	0	12.2	0.189	264	3.67	1.43	17.43	6	1.42	1	2.84	13.76	17.43	11.93	399.59	383.30	3.758	8.130	16.72	36.16	499.9	1499	144	70.25	-1.32	0.353	1.0	-0.22	2.74	1.00	0.00	0.16	111115
19	"16:45:19"	856.0	0	12.2	0.189	264	3.67	1.43	17.43	6	1.42	1	2.84	13.76	17.43	11.93	399.59	383.30	3.758	8.130	16.72	36.16	499.9	1499	144	70.25	-1.32	0.353	1.0	-0.22	2.74	1.00	0.00	0.16	111115
20	"16:45:20"	856.5	0	12.2	0.189	264	3.67	1.43	17.43	6	1.42	1	2.84	13.76	17.43	11.94	399.60	383.29	3.758	8.130	16.72	36.16	499.8	1499	146	70.25	-1.32	0.353	1.0	-0.22	2.74	1.00	0.00	0.16	111115
21	"16:45:20"	857.0	0	12.1	0.19	264	3.67	1.43	17.42	6	1.42	1	2.84	13.76	17.42	11.93	399.54	383.30	3.758	8.130	16.72	36.16	499.8	1499	147	70.25	-1.32	0.353	1.0	-0.22	2.74	1.00	0.00	0.16	111115
22	"16:45:21"	857.5	0	12.1	0.19	265	3.67	1.42	17.41	6	1.42	1	2.84	13.76	17.41	11.94	399.52	383.30	3.758	8.131	16.71	36.16	499.8	1499	147	70.25	-1.32	0.353	1.0	-0.22	2.74	1.00	0.00	0.16	111115
23	"16:45:21"	858.0	0	12.1	0.19	265	3.67	1.42	17.41	6	1.42	1	2.84	13.76	17.41	11.94	399.51	383.28	3.757	8.132	16.71	36.16	499.8	1499	146	70.25	-1.32	0.353	1.0	-0.22	2.74	1.00	0.00	0.16	111115
24	"16:45:22"	858.5	0	12.1	0.19	265	3.68	1.42	17.41	6	1.42	1	2.84	13.76	17.41	11.94	399.51	383.25	3.756	8.134	16.70	36.17	499.7	1499	144	70.25	-1.32	0.353	1.0	-0.22	2.74	1.00	0.00	0.16	111115
25	"16:45:22"	859.0	0	12.1	0.19	265	3.68	1.42	17.42	6	1.42	1	2.84	13.76	17.42	11.94	399.48	383.28	3.756	8.135	16.70	36.17	499.7	1499	141	70.25	-1.32	0.353	1.0	-0.22	2.74	1.00	0.00	0.16	111115
26	"16:45:23"	859.5	0	12.1	0.19	265	3.68	1.43	17.42	6	1.42	1	2.84	13.76	17.42	11.94	399.47	383.28	3.757	8.136	16.70	36.17	499.8	1499	138	70.25	-1.32	0.353	1.0	-0.22	2.74	1.00	0.00	0.16	111115
27	"16:45:23"	860.0	0	12	0.19	265	3.68	1.43	17.43	6	1.42	1	2.84	13.77	17.43	11.94	399.43	383.29	3.756	8.134	16.70	36.16	499.7	1499	136	70.25	-1.32	0.353	1.0	-0.22	2.74	1.00	0.00	0.16	111115
28	"16:45:24"	860.5	0	12	0.189	265	3.68	1.43	17.44	6	1.42	1	2.84	13.77	17.44	11.94	399.44	383.32	3.756	8.133	16.70	36.16	499.7	1499	132	70.25	-1.32	0.353	1.0	-0.22	2.74	1.00	0.00	0.16	111115
29	"16:45:24"	861.0	0	12.1	0.189	265	3.68	1.43	17.46	6	1.42	1	2.84	13.77	17.46	11.94	399.52	383.33	3.756	8.134	16.69	36.16	499.8	1499	129	70.25	-1.32	0.353	1.0	-0.22	2.74	1.00	0.00	0.16	111115
30	"16:45:25"	861.5	0	12.1	0.189	264	3.68	1.43	17.47	6	1.42	1	2.84	13.77	17.47	11.93	399.55	383.29	3.754	8.134	16.69	36.15	499.8	1499	130	70.25	-1.32	0.353	1.0	-0.22	2.74	1.00	0.00	0.16	111115
"16:45:36 Coolers: Tblock -> 17.00 C"
"16:48:58 Flow: Fixed -> 500 umol/s"
31	"16:50:16"	1153.0	0	12.2	0.18	257	4.14	1.68	20.56	6	1.42	1	2.84	18.17	20.56	17.01	400.36	383.80	5.711	10.626	19.16	35.65	499.8	1500	156	70.24	-0.723	0.336	1.0	-0.22	2.74	1.00	0.00	0.16	111115
32	"16:50:16"	1153.0	0	12.2	0.18	257	4.14	1.68	20.56	6	1.42	1	2.84	18.17	20.56	17.01	400.36	383.80	5.711	10.626	19.16	35.65	499.8	1500	156	70.24	-0.723	0.336	1.0	-0.22	2.74	1.00	0.00	0.16	111115
33	"16:50:17"	1153.5	0	12.2	0.18	257	4.14	1.68	20.55	6	1.42	1	2.84	18.17	20.55	17.01	400.33	383.76	5.711	10.626	19.16	35.66	499.8	1500	158	70.24	-0.723	0.336	1.0	-0.22	2.74	1.00	0.00	0.16	111115
34	"16:50:17"	1154.0	0	12.1	0.18	258	4.14	1.68	20.55	6	1.42	1	2.84	18.17	20.55	17.01	400.28	383.83	5.711	10.625	19.16	35.65	499.8	1501	159	70.24	-0.723	0.336	1.0	-0.22	2.74	1.00	0.00	0.16	111115
35	"16:50:17"	1154.5	0	12.1	0.179	258	4.13	1.68	20.55	6	1.42	1	2.84	18.17	20.55	17.01	400.24	383.87	5.712	10.623	19.16	35.64	499.8	1501	158	70.24	-0.723	0.336	1.0	-0.22	2.74	1.00	0.00	0.16	111115
36	"16:50:18"	1155.0	0	12	0.179	258	4.13	1.68	20.55	6	1.42	1	2.84	18.17	20.55	17.01	400.25	383.88	5.713	10.621	19.17	35.63	499.8	1501	158	70.24	-0.723	0.336	1.0	-0.22	2.74	1.00	0.00	0.16	111115
37	"16:50:18"	1155.5	0	12.1	0.179	258	4.13	1.68	20.55	6	1.42	1	2.84	18.17	20.55	17.01	400.25	383.87	5.713	10.621	19.16	35.63	499.8	1501	159	70.24	-0.723	0.336	1.0	-0.22	2.74	1.00	0.00	0.16	111115
38	"16:50:19"	1156.0	0	12.1	0.179	258	4.13	1.68	20.55	6	1.42	1	2.84	18.17	20.55	17.01	400.26	383.89	5.713	10.622	19.16	35.63	499.9	1501	159	70.24	-0.723	0.336	1.0	-0.22	2.74	1.00	0.00	0.16	111115
39	"16:50:20"	1156.5	0	12	0.179	258	4.13	1.68	20.56	6	1.42	1	2.84	18.18	20.56	17.01	400.25	383.89	5.713	10.622	19.16	35.63	499.9	1501	158	70.24	-0.723	0.336	1.0	-0.22	2.74	1.00	0.00	0.16	111115
40	"16:50:20"	1157.0	0	12.1	0.179	257	4.14	1.68	20.57	6	1.42	1	2.84	18.18	20.57	17.01	400.29	383.85	5.711	10.622	19.15	35.62	499.9	1501	158	70.24	-0.723	0.336	1.0	-0.22	2.74	1.00	0.00	0.16	111115
41	"16:50:21"	1157.5	0	12.1	0.179	257	4.14	1.69	20.58	6	1.42	1	2.84	18.18	20.58	17.01	400.34	383.86	5.709	10.624	19.15	35.63	499.9	1501	156	70.24	-0.723	0.336	1.0	-0.22	2.74	1.00	0.00	0.16	111115
42	"16:50:21"	1158.0	0	12.2	0.179	257	4.14	1.69	20.58	6	1.42	1	2.84	18.18	20.58	17.01	400.36	383.82	5.708	10.626	19.14	35.63	499.9	1501	156	70.24	-0.723	0.336	1.0	-0.22	2.74	1.00	0.00	0.16	111115
43	"16:50:22"	1158.5	0	12.2	0.179	256	4.14	1.69	20.58	6	1.42	1	2.84	18.18	20.58	17.01	400.40	383.81	5.707	10.627	19.13	35.63	499.9	1501	157	70.24	-0.723	0.336	1.0	-0.22	2.74	1.00	0.00	0.16	111115
44	"16:50:22"	1159.0	0	12.3	0.18	256	4.15	1.69	20.58	6	1.42	1	2.84	18.18	20.58	17.01	400.44	383.78	5.705	10.628	19.13	35.64	499.9	1501	157	70.24	-0.723	0.336	1.0	-0.22	2.74	1.00	0.00	0.16	111115
45	"16:50:23"	1159.5	0	12.3	0.179	255	4.15	1.69	20.58	6	1.42	1	2.84	18.18	20.58	17.01	400.49	383.76	5.706	10.628	19.13	35.64	499.9	1501	156	70.24	-0.723	0.336	1.0	-0.22	2.74	1.00	0.00	0.16	111115
"16:50:35 Coolers: Tblock -> 22.00 C"
"16:52:49 Flow: Fixed -> 500 umol/s"
46	"16:53:29"	1347.5	0	12.1	0.166	248	4.25	1.85	22.87	6	1.42	1	2.84	22.27	22.87	22.09	400.65	384.16	8.396	13.429	21.86	34.97	499.8	1499	54	70.23	-0.975	0.334	1.0	-0.22	2.74	1.00	0.00	0.16	111115
47	"16:53:30"	1347.5	0	12.1	0.166	248	4.25	1.85	22.87	6	1.42	1	2.84	22.27	22.87	22.09	400.65	384.16	8.396	13.429	21.86	34.97	499.8	1499	54	70.23	-0.975	0.334	1.0	-0.22	2.74	1.00	0.00	0.16	111115
48	"16:53:30"	1348.0	0	12.2	0.166	247	4.25	1.85	22.87	6	1.42	1	2.84	22.27	22.87	22.09	400.72	384.14	8.395	13.431	21.86	34.97	499.9	1499	46	70.23	-0.975	0.334	1.0	-0.22	2.74	1.00	0.00	0.16	111115
49	"16:53:31"	1348.5	0	12.2	0.166	247	4.25	1.85	22.87	6	1.42	1	2.84	22.27	22.87	22.09	400.73	384.16	8.395	13.431	21.86	34.97	499.9	1499	40	70.23	-0.975	0.334	1.0	-0.22	2.74	1.00	0.00	0.16	111115
50	"16:53:31"	1349.0	0	12.2	0.166	248	4.25	1.85	22.86	6	1.42	1	2.84	22.27	22.86	22.09	400.73	384.17	8.393	13.430	21.85	34.96	499.8	1499	34	70.23	-0.975	0.334	1.0	-0.22	2.74	1.00	0.00	0.16	111115
51	"16:53:32"	1349.5	0	12.2	0.166	247	4.25	1.85	22.86	6	1.42	1	2.84	22.27	22.86	22.09	400.75	384.12	8.392	13.430	21.85	34.96	499.8	1499	30	70.23	-0.975	0.334	1.0	-0.22	2.74	1.00	0.00	0.16	111115
52	"16:53:32"	1350.0	0	12.2	0.166	248	4.25	1.85	22.86	6	1.42	1	2.84	22.27	22.86	22.09	400.72	384.16	8.392	13.429	21.84	34.96	499.9	1499	28	70.23	-0.975	0.334	1.0	-0.22	2.74	1.00	0.00	0.16	111115
53	"16:53:33"	1350.5	0	12.2	0.166	247	4.26	1.85	22.86	6	1.42	1	2.84	22.28	22.86	22.09	400.74	384.16	8.391	13.431	21.84	34.96	499.9	1499	26	70.23	-0.975	0.334	1.0	-0.22	2.74	1.00	0.00	0.16	111115
54	"16:53:33"	1351.0	0	12.1	0.166	248	4.25	1.85	22.87	6	1.42	1	2.84	22.28	22.87	22.09	400.70	384.16	8.391	13.430	21.84	34.95	499.9	1499	24	70.23	-0.975	0.334	1.0	-0.22	2.74	1.00	0.00	0.16	111115
55	"16:53:34"	1351.5	0	12.2	0.166	247	4.25	1.85	22.87	6	1.42	1	2.84	22.28	22.87	22.09	400.68	384.13	8.392	13.430	21.84	34.95	499.9	1499	23	70.23	-0.975	0.334	1.0	-0.22	2.74	1.00	0.00	0.16	111115
56	"16:53:34"	1352.0	0	12.1	0.166	248	4.25	1.85	22.87	6	1.42	1	2.84	22.28	22.87	22.09	400.60	384.14	8.391	13.429	21.84	34.95	499.8	1499	23	70.23	-0.975	0.334	1.0	-0.22	2.74	1.00	0.00	0.16	111115
57	"16:53:35"	1352.5	0	12	0.166	249	4.25	1.85	22.87	6	1.42	1	2.84	22.28	22.87	22.09	400.53	384.12	8.391	13.428	21.84	34.95	499.8	1499	23	70.23	-0.975	0.334	1.0	-0.22	2.74	1.00	0.00	0.16	111115
58	"16:53:35"	1353.0	0	12.1	0.166	248	4.25	1.86	22.88	6	1.42	1	2.84	22.28	22.88	22.09	400.54	384.10	8.392	13.428	21.84	34.94	499.9	1499	22	70.23	-0.975	0.334	1.0	-0.22	2.74	1.00	0.00	0.16	111115
59	"16:53:36"	1353.5	0	12	0.166	248	4.25	1.86	22.88	6	1.42	1	2.84	22.28	22.88	22.09	400.54	384.12	8.393	13.427	21.84	34.94	499.8	1499	22	70.23	-0.975	0.334	1.0	-0.22	2.74	1.00	0.00	0.16	111115
60	"16:53:36"	1354.0	0	12.1	0.166	248	4.25	1.86	22.88	6	1.42	1	2.84	22.28	22.88	22.09	400.55	384.06	8.392	13.429	21.84	34.94	499.8	1498	22	70.23	-0.975	0.334	1.0	-0.22	2.74	1.00	0.00	0.16	111115
"16:53:50 Coolers: Tblock -> 27.00 C"
"16:56:07 Flow: Fixed -> 500 umol/s"
61	"16:57:04"	1562.0	0	11.8	0.158	245	4.22	1.92	24.75	6	1.42	1	2.84	26.12	24.75	26.98	400.22	384.14	12.255	17.234	25.33	35.62	499.8	1501	160	70.24	-1.07	0.284	0.7	-0.22	2.74	1.00	0.00	0.16	111115
62	"16:57:04"	1562.0	0	11.8	0.158	245	4.22	1.92	24.75	6	1.42	1	2.84	26.12	24.75	26.98	400.22	384.14	12.255	17.234	25.33	35.62	499.8	1501	160	70.24	-1.07	0.284	0.7	-0.22	2.74	1.00	0.00	0.16	111115
63	"16:57:04"	1562.0	0	11.8	0.158	245	4.22	1.92	24.75	6	1.42	1	2.84	26.12	24.75	26.98	400.22	384.14	12.255	17.234	25.33	35.62	499.8	1501	160	70.24	-1.07	0.284	0.7	-0.22	2.74	1.00	0.00	0.16	111115
64	"16:57:05"	1562.5	0	11.8	0.158	245	4.22	1.92	24.75	6	1.42	1	2.84	26.12	24.75	26.98	400.20	384.12	12.254	17.236	25.32	35.62	499.8	1500	162	70.24	-1.07	0.284	1.0	-0.22	2.74	1.00	0.00	0.16	111115
65	"16:57:05"	1563.0	0	11.8	0.158	245	4.23	1.92	24.76	6	1.42	1	2.84	26.13	24.76	26.98	400.23	384.13	12.253	17.239	25.32	35.62	499.8	1500	166	70.24	-1.07	0.284	1.0	-0.22	2.74	1.00	0.00	0.16	111115
66	"16:57:06"	1563.5	0	11.7	0.158	246	4.23	1.92	24.76	6	1.42	1	2.84	26.13	24.76	26.98	400.18	384.18	12.253	17.239	25.31	35.61	499.8	1500	168	70.24	-1.07	0.284	1.0	-0.22	2.74	1.00	0.00	0.16	111115
67	"16:57:06"	1564.0	0	11.6	0.158	247	4.22	1.92	24.76	6	1.42	1	2.84	26.13	24.76	26.98	400.11	384.21	12.253	17.237	25.31	35.60	499.8	1500	171	70.24	-1.07	0.284	1.0	-0.22	2.74	1.00	0.00	0.16	111115
68	"16:57:07"	1564.5	0	11.7	0.158	246	4.23	1.92	24.76	6	1.42	1	2.84	26.13	24.76	26.98	400.14	384.18	12.252	17.237	25.31	35.60	499.7	1500	171	70.24	-1.07	0.284	1.0	-0.22	2.74	1.00	0.00	0.16	111115
69	"16:57:07"	1565.0	0	11.7	0.158	246	4.23	1.93	24.77	6	1.42	1	2.84	26.13	24.77	26.98	400.17	384.20	12.250	17.239	25.30	35.60	499.7	1500	169	70.24	-1.07	0.284	1.0	-0.22	2.74	1.00	0.00	0.16	111115
70	"16:57:08"	1565.5	0	11.7	0.158	246	4.23	1.93	24.77	6	1.42	1	2.84	26.13	24.77	26.98	400.18	384.19	12.249	17.241	25.30	35.60	499.7	1500	170	70.24	-1.07	0.284	1.0	-0.22	2.74	1.00	0.00	0.16	111115
71	"16:57:08"	1566.0	0	11.7	0.158	246	4.23	1.93	24.77	6	1.42	1	2.84	26.14	24.77	26.98	400.18	384.20	12.248	17.241	25.29	35.60	499.7	1500	172	70.24	-1.07	0.284	1.0	-0.22	2.74	1.00	0.00	0.16	111115
72	"16:57:09"	1566.5	0	11.7	0.158	246	4.23	1.93	24.78	6	1.42	1	2.84	26.14	24.78	26.98	400.19	384.21	12.248	17.240	25.29	35.59	499.7	1500	172	70.24	-1.07	0.284	1.0	-0.22	2.74	1.00	0.00	0.16	111115
73	"16:57:09"	1567.0	0	11.7	0.158	246	4.23	1.93	24.78	6	1.42	1	2.84	26.14	24.78	26.98	400.17	384.23	12.249	17.239	25.29	35.59	499.7	1500	172	70.24	-1.07	0.284	1.0	-0.22	2.74	1.00	0.00	0.16	111115
74	"16:57:10"	1567.5	0	11.7	0.158	245	4.23	1.93	24.79	6	1.42	1	2.84	26.14	24.79	26.98	400.22	384.19	12.248	17.242	25.28	35.59	499.8	1500	172	70.24	-1.07	0.284	1.0	-0.22	2.74	1.00	0.00	0.16	111115
75	"16:57:10"	1568.0	0	11.7	0.158	245	4.24	1.93	24.79	6	1.42	1	2.84	26.14	24.79	26.98	400.23	384.19	12.247	17.246	25.28	35.60	499.8	1500	173	70.24	-1.07	0.284	1.0	-0.22	2.74	1.00	0.00	0.16	111115
"16:57:21 Coolers: Tblock -> 32.00 C"
"17:00:00 Flow: Fixed -> 500 umol/s"
76	"17:00:44"	1781.5	0	11.5	0.141	232	4.48	2.26	27.97	6	1.42	1	2.84	30.59	27.97	32.06	400.58	384.69	16.511	21.776	26.31	34.70	499.9	1499	140	70.23	-1.22	0.243	1.0	-0.22	2.74	1.00	0.00	0.16	111115
77	"17:00:44"	1781.5	0	11.5	0.141	232	4.48	2.26	27.97	6	1.42	1	2.84	30.59	27.97	32.06	400.58	384.69	16.511	21.776	26.31	34.70	499.9	1499	140	70.23	-1.22	0.243	1.0	-0.22	2.74	1.00	0.00	0.16	111115
78	"17:00:45"	1782.0	0	11.6	0.141	231	4.48	2.26	27.97	6	1.42	1	2.84	30.59	27.97	32.06	400.61	384.66	16.511	21.776	26.30	34.69	499.9	1499	144	70.23	-1.22	0.243	1.0	-0.22	2.74	1.00	0.00	0.16	111115
79	"17:00:45"	1782.5	0	11.5	0.141	232	4.48	2.26	27.97	6	1.42	1	2.84	30.60	27.97	32.06	400.53	384.67	16.511	21.775	26.30	34.69	499.9	1499	139	70.23	-1.22	0.243	1.0	-0.22	2.74	1.00	0.00	0.16	111115
80	"17:00:46"	1783.0	0	11.5	0.141	232	4.48	2.26	27.98	6	1.42	1	2.84	30.60	27.98	32.06	400.48	384.63	16.512	21.776	26.30	34.69	499.9	1499	143	70.23	-1.22	0.243	1.0	-0.22	2.74	1.00	0.00	0.16	111115
81	"17:00:46"	1783.5	0	11.4	0.141	233	4.48	2.26	27.98	6	1.42	1	2.84	30.60	27.98	32.06	400.41	384.61	16.510	21.776	26.30	34.68	499.9	1499	148	70.23	-1.22	0.243	1.0	-0.22	2.74	1.00	0.00	0.16	111115
82	"17:00:47"	1784.0	0	11.4	0.141	233	4.49	2.26	27.98	6	1.42	1	2.84	30.60	27.98	32.06	400.36	384.57	16.509	21.779	26.29	34.68	499.9	1499	150	70.23	-1.22	0.243	1.0	-0.22	2.74	1.00	0.00	0.16	111115
83	"17:00:47"	1784.5	0	11.4	0.141	233	4.49	2.26	27.98	6	1.42	1	2.84	30.60	27.98	32.06	400.30	384.56	16.510	21.780	26.29	34.68	499.8	1499	151	70.23	-1.22	0.243	1.0	-0.22	2.74	1.00	0.00	0.16	111115
84	"17:00:48"	1785.0	0	11.3	0.141	234	4.49	2.26	27.99	6	1.42	1	2.84	30.60	27.99	32.06	400.25	384.56	16.510	21.781	26.29	34.68	499.8	1499	151	70.23	-1.22	0.243	1.0	-0.22	2.74	1.00	0.00	0.16	111115
85	"17:00:48"	1785.5	0	11.3	0.141	234	4.49	2.26	27.99	6	1.42	1	2.84	30.61	27.99	32.06	400.22	384.58	16.510	21.782	26.28	34.68	499.8	1499	152	70.23	-1.22	0.243	1.0	-0.22	2.74	1.00	0.00	0.16	111115
86	"17:00:49"	1786.0	0	11.3	0.141	234	4.49	2.26	28.00	6	1.42	1	2.84	30.61	28.00	32.06	400.23	384.59	16.509	21.783	26.28	34.68	499.8	1499	153	70.23	-1.22	0.243	1.0	-0.22	2.74	1.00	0.00	0.16	111115
87	"17:00:49"	1786.5	0	11.3	0.141	234	4.49	2.27	28.00	6	1.42	1	2.84	30.61	28.00	32.06	400.29	384.60	16.507	21.785	26.28	34.68	499.7	1499	159	70.23	-1.22	0.243	1.0	-0.22	2.74	1.00	0.00	0.16	111115
88	"17:00:50"	1787.0	0	11.4	0.141	233	4.49	2.27	28.01	6	1.42	1	2.84	30.61	28.01	32.06	400.41	384.62	16.506	21.785	26.27	34.67	499.7	1499	162	70.23	-1.22	0.243	1.0	-0.22	2.74	1.00	0.00	0.16	111115
89	"17:00:50"	1787.5	0	11.5	0.14	232	4.49	2.27	28.02	6	1.42	1	2.84	30.61	28.02	32.06	400.48	384.64	16.506	21.785	26.27	34.67	499.7	1499	164	70.23	-1.22	0.243	1.0	-0.22	2.74	1.00	0.00	0.16	111115
90	"17:00:51"	1788.0	0	11.5	0.14	232	4.49	2.27	28.02	6	1.42	1	2.84	30.62	28.02	32.06	400.55	384.70	16.506	21.783	26.26	34.66	499.7	1499	163	70.23	-1.22	0.243	1.0	-0.22	2.74	1.00	0.00	0.16	111115
"17:01:09 Coolers: Tblock -> 37.00 C"
"17:05:48 Flow: Fixed -> 500 umol/s"
91	"17:06:27"	2124.5	0	10.2	0.118	222	4.49	2.65	31.52	6	1.42	1	2.84	35.06	31.52	36.94	399.38	385.03	23.133	28.376	28.67	35.16	499.7	1499	155	70.23	-0.658	0.191	1.0	-0.22	2.74	1.00	0.00	0.16	111115
92	"17:06:27"	2124.5	0	10.2	0.118	222	4.49	2.65	31.52	6	1.42	1	2.84	35.06	31.52	36.94	399.38	385.03	23.133	28.376	28.67	35.16	499.7	1499	155	70.23	-0.658	0.191	1.0	-0.22	2.74	1.00	0.00	0.16	111115
93	"17:06:28"	2124.5	0	10.2	0.118	222	4.49	2.65	31.52	6	1.42	1	2.84	35.06	31.52	36.94	399.38	385.03	23.133	28.376	28.67	35.16	499.7	1499	155	70.23	-0.658	0.191	1.0	-0.22	2.74	1.00	0.00	0.16	111115
94	"17:06:28"	2125.0	0	10.3	0.118	222	4.5	2.65	31.52	6	1.42	1	2.84	35.06	31.52	36.94	399.42	385.01	23.132	28.379	28.66	35.17	499.7	1499	156	70.23	-0.658	0.191	1.0	-0.22	2.74	1.00	0.00	0.16	111115
95	"17:06:29"	2125.5	0	10.3	0.118	222	4.5	2.66	31.53	6	1.42	1	2.84	35.06	31.53	36.94	399.40	385.01	23.132	28.379	28.66	35.17	499.7	1499	156	70.23	-0.658	0.191	1.0	-0.22	2.74	1.00	0.00	0.16	111115
96	"17:06:29"	2126.0	0	10.2	0.118	222	4.5	2.66	31.53	6	1.42	1	2.84	35.06	31.53	36.94	399.37	384.99	23.131	28.378	28.66	35.16	499.7	1499	156	70.23	-0.658	0.191	1.0	-0.22	2.74	1.00	0.00	0.16	111115
97	"17:06:30"	2126.5	0	10.3	0.118	222	4.5	2.66	31.53	6	1.42	1	2.84	35.06	31.53	36.94	399.36	384.97	23.131	28.379	28.66	35.16	499.7	1499	159	70.23	-0.658	0.191	1.0	-0.22	2.74	1.00	0.00	0.16	111115
98	"17:06:30"	2127.0	0	10.2	0.118	222	4.5	2.66	31.53	6	1.42	1	2.84	35.06	31.53	36.94	399.33	384.99	23.131	28.377	28.66	35.16	499.7	1499	161	70.23	-0.658	0.191	1.0	-0.22	2.74	1.00	0.00	0.16	111115
99	"17:06:31"	2127.5	0	10.2	0.118	223	4.5	2.66	31.53	6	1.42	1	2.84	35.06	31.53	36.94	399.33	385.02	23.132	28.378	28.66	35.16	499.7	1499	162	70.23	-0.658	0.191	1.0	-0.22	2.74	1.00	0.00	0.16	111115
100	"17:06:31"	2128.0	0	10.2	0.118	222	4.5	2.66	31.53	6	1.42	1	2.84	35.07	31.53	36.94	399.35	385.02	23.132	28.380	28.66	35.16	499.7	1499	163	70.23	-0.658	0.191	1.0	-0.22	2.74	1.00	0.00	0.16	111115
101	"17:06:32"	2128.5	0	10.2	0.118	222	4.5	2.66	31.53	6	1.42	1	2.84	35.07	31.53	36.94	399.39	385.03	23.132	28.381	28.66	35.16	499.7	1499	163	70.23	-0.658	0.191	1.0	-0.22	2.74	1.00	0.00	0.16	111115
102	"17:06:32"	2129.0	0	10.2	0.118	223	4.5	2.66	31.53	6	1.42	1	2.84	35.07	31.53	36.94	399.39	385.06	23.134	28.380	28.66	35.16	499.8	1499	163	70.23	-0.658	0.191	1.0	-0.22	2.74	1.00	0.00	0.16	111115
103	"17:06:33"	2129.5	0	10.2	0.118	223	4.5	2.66	31.53	6	1.42	1	2.84	35.07	31.53	36.94	399.36	385.08	23.134	28.378	28.66	35.15	499.8	1499	166	70.23	-0.658	0.191	1.0	-0.22	2.74	1.00	0.00	0.16	111115
104	"17:06:33"	2130.0	0	10.2	0.118	223	4.5	2.66	31.53	6	1.42	1	2.84	35.07	31.53	36.94	399.37	385.08	23.134	28.377	28.65	35.15	499.8	1499	167	70.23	-0.658	0.191	1.0	-0.22	2.74	1.00	0.00	0.16	111115
105	"17:06:34"	2130.5	0	10.2	0.118	222	4.5	2.66	31.53	6	1.42	1	2.84	35.07	31.53	36.94	399.42	385.09	23.135	28.379	28.65	35.15	499.8	1499	166	70.23	-0.658	0.191	1.0	-0.22	2.74	1.00	0.00	0.16	111115
"17:06:42 Coolers: Tblock -> 42.00 C"
