"OPEN 6.2.4"
"Sun Jun 28 2015 12:50:49"
<open><version>"6.2.4"</version></open>
<open><configfile>"/User/Configs/UserPrefs/2x3 LED.xml"</configfile></open>
<open><light><source>"6400-02 or -02B LED Source"</source><par_in>1<sensor>"SI-3781"<cal>-0.93<actinity>1.00</actinity><transm>1.00</transm></cal></sensor><transm>1</transm></par_in><par_out>1<sensor>"Q49599"<cal>7.26</cal></sensor></par_out></light></open>
<open><comps><file>"/User/Configs/Comps/StdComps_6.2"<header>""</header><extras></extras></file><energybal>no<f_parIn>1</f_parIn><f_parOut>0</f_parOut><alphaK>0.16</alphaK></energybal><bc_total>2.840<stomatal_ratio>1</stomatal_ratio><bc_oneside>1.420<type>2</type><table>"/Sys/Lib/StdBLCTable"</table><area>6</area><slope>-0.219565</slope><offset>2.73739</offset><fan>5</fan></bc_oneside></bc_total></comps></open>
<open><prompts><onlog>off</onlog><items>"Default (none)"</items></prompts></open>
<open><constants><oxygen>21 %</oxygen><bb_vapor>1.5</bb_vapor><bb_oxy>0.9</bb_oxy></constants></open>
<open><stability><items>"Std Stability"<items[1]><id>-2</id><size>15</size><pcv><onoff>0</onoff><value>1</value></pcv><std><onoff>0</onoff><value>1</value></std><slp><onoff>1</onoff><value>1</value></slp></items[1]><items[2]><id>-5</id><size>15</size><pcv><onoff>0</onoff><value>1</value></pcv><std><onoff>0</onoff><value>1</value></std><slp><onoff>1</onoff><value>1</value></slp></items[2]><items[3]><id>-7</id><size>15</size><pcv><onoff>0</onoff><value>1</value></pcv><std><onoff>0</onoff><value>1</value></std><slp><onoff>1</onoff><value>1</value></slp></items[3]></items></stability></open>
<open><log><format>"StdLogFmt_6.0"<items>{ -35 -21 -36 -76 30 23 36 21 25 221 -33 111 -34 11 -9 -10 -8 -1 -2 -4 -5 -14 -15 -7 -12 -13 -11 -65 -66 -72 -18 -19 -77 -78 -79 -23  }<hdr>{  }</hdr></items></format><options><beep>on</beep><hdr>normal</hdr><rem>normal</rem><stab>no</stab><stats>no<mean>no</mean><file>no</file><period>15</period></stats><excel>yes</excel><controls>yes</controls><comm>no</comm></options><datafile>"/User/stm-pvaoc2"</datafile><button><action>"Normal Log"<code>" LogOneObsManual "</code></action></button><autoprog>"/User/Configs/AutoProgs/AutoLog2"<active>no</active></autoprog></log></open>
<open><a2d><avgtime>4.0 secs</avgtime><userchans><ch20>"Off"</ch20><ch21>"Off"</ch21><ch22>"Off"</ch22><ch23>"Off"</ch23></userchans></a2d></open>
<open><matching><type>0</type><disp>'a'</disp><settings><CO2Limit>10.0</CO2Limit><H2OLimit>1.0</H2OLimit><MaxAutoTime>60</MaxAutoTime></settings></matching></open>
<li6400><factory><unit>"PSC-3840"</unit><serviced>"1 Jul 2013"</serviced><fuseaware>0</fuseaware><co2mixer>yes</co2mixer><co2><coeffs>{ 0 0.213319 2.22998e-05 2.13159e-08 -3.88664e-12 3.69888e-16  }</coeffs><dvdt>-4.7</dvdt><xs>{ 0.0009 -0.0002  }</xs></co2><h2o><coeffs>{ 0 0.00572751 2.23485e-06 -7.37877e-12  }</coeffs><dvdt>-1.7</dvdt><xs>{ 0.0009 -0.0028  }</xs></h2o><flow>{ 0 0.3568  }</flow><press>{ 88.437 0.00551  }</press></factory></li6400>
<li6400><user><flow_zero>-468.8</flow_zero><irga_zero><co2>429.7 390.6<at>17.6901</at></co2><h2o>78.1 156.2<at>17.1607</at></h2o></irga_zero><irga_span><co2>{ 0.99237 0.992833  }</co2><h2o>{ 1.00426 0.996799  }</h2o></irga_span><irga_match><co2>{ 0.368307 -2.27957  }</co2><h2o>{ 0.00477181 0.165169  }</h2o></irga_match><co2_mixer><pump_mv>4500</pump_mv><ppm>{ 2287.2 1080.71 423.89 257.488 117.195 68.0056 44.5242 37.9628  }</ppm><mv>{ 5000 3000 1500 1000 500 300 200 100  }</mv></co2_mixer><parin_offset>0</parin_offset><led_cal><unit>"SI-3781"</unit><mv>{ 10 25 50 100 1000 2000 3000 4000 5000  }</mv><qntm>{ 4.69642 15.4417 35.4805 82.2863 972.665 1922.29 2824.32 3690.14 4518.2  }</qntm></led_cal><lcf_cal><unit>"unknown"</unit><red><mv>{ 50 100 500 1000 1500 5000  }</mv><qntm>{ 50 100 500 1000 2000 5000  }</qntm></red><blue><mv>{ 100 200 500 1000 2000 5000  }</mv><qntm>{ 10 20 50 100 200 500  }</qntm></blue></lcf_cal></user></li6400>
"12:50:50 "
$STARTOFDATA$
"Obs"	"HHMMSS"	"FTime"	"EBal?"	"Photo"	"Cond"	"Ci"	"Trmmol"	"VpdL"	"CTleaf"	"Area"	"BLC_1"	"StmRat"	"BLCond"	"Tair"	"Tleaf"	"TBlk"	"CO2R"	"CO2S"	"H2OR"	"H2OS"	"RH_R"	"RH_S"	"Flow"	"PARi"	"PARo"	"Press"	"CsMch"	"HsMch"	"StableF"	"BLCslope"	"BLCoffst"	"f_parin"	"f_parout"	"alphaK"	"Status"
"12:53:57 CO2 Mixer: CO2R -> 400 uml"
"12:54:04 Coolers: Tblock -> 0.00 C"
"12:54:13 Lamp: ParIn ->  1500 uml"
"13:15:36 Coolers: Tblock -> 7.27 C"
"13:18:47 Flow: Fixed -> 500 umol/s"
1	"13:20:15"	1783.5	0	11.9	0.198	269	3.62	1.35	15.69	6	1.42	1	2.84	9.69	15.69	7.25	397.76	381.39	1.823	6.242	10.62	36.35	488.1	1499	332	70.28	-0.779	0.317	1.0	-0.22	2.74	1.00	0.00	0.16	111215
2	"13:20:15"	1783.5	0	11.9	0.198	269	3.62	1.35	15.69	6	1.42	1	2.84	9.69	15.69	7.25	397.76	381.39	1.823	6.242	10.62	36.35	488.1	1499	332	70.28	-0.779	0.317	1.0	-0.22	2.74	1.00	0.00	0.16	111215
3	"13:20:15"	1784.0	0	11.9	0.198	270	3.62	1.35	15.69	6	1.42	1	2.84	9.69	15.69	7.26	397.63	381.35	1.824	6.242	10.62	36.35	488.1	1499	332	70.28	-0.779	0.317	1.0	-0.22	2.74	1.00	0.00	0.16	111215
4	"13:20:16"	1784.5	0	11.9	0.198	270	3.62	1.35	15.70	6	1.42	1	2.84	9.69	15.70	7.25	397.58	381.32	1.824	6.242	10.62	36.35	488.1	1499	332	70.28	-0.779	0.317	1.0	-0.22	2.74	1.00	0.00	0.16	111215
5	"13:20:16"	1785.0	0	11.9	0.198	270	3.62	1.35	15.69	6	1.42	1	2.84	9.69	15.69	7.26	397.60	381.31	1.826	6.243	10.63	36.36	488.1	1499	331	70.28	-0.779	0.317	0.7	-0.22	2.74	1.00	0.00	0.16	111215
6	"13:20:17"	1785.5	0	11.9	0.198	269	3.62	1.35	15.69	6	1.42	1	2.84	9.69	15.69	7.25	397.63	381.31	1.826	6.244	10.63	36.36	488.1	1499	331	70.28	-0.779	0.317	0.7	-0.22	2.74	1.00	0.00	0.16	111215
7	"13:20:17"	1786.0	0	11.9	0.198	269	3.62	1.35	15.69	6	1.42	1	2.84	9.69	15.69	7.25	397.65	381.31	1.827	6.244	10.64	36.36	488.0	1499	331	70.28	-0.779	0.317	0.7	-0.22	2.74	1.00	0.00	0.16	111215
8	"13:20:18"	1786.5	0	11.9	0.198	269	3.62	1.35	15.69	6	1.42	1	2.84	9.69	15.69	7.25	397.69	381.33	1.828	6.245	10.64	36.37	488.0	1499	331	70.28	-0.779	0.317	0.7	-0.22	2.74	1.00	0.00	0.16	111215
9	"13:20:18"	1787.0	0	11.9	0.198	269	3.61	1.35	15.69	6	1.42	1	2.84	9.69	15.69	7.26	397.70	381.35	1.828	6.245	10.65	36.37	488.0	1499	331	70.28	-0.779	0.317	0.7	-0.22	2.74	1.00	0.00	0.16	111215
10	"13:20:19"	1787.5	0	11.9	0.198	269	3.61	1.35	15.69	6	1.42	1	2.84	9.69	15.69	7.26	397.76	381.40	1.829	6.244	10.65	36.36	487.9	1499	331	70.28	-0.779	0.317	0.7	-0.22	2.74	1.00	0.00	0.16	111215
11	"13:20:19"	1788.0	0	12	0.198	269	3.61	1.35	15.69	6	1.42	1	2.84	9.69	15.69	7.26	397.87	381.45	1.831	6.245	10.66	36.36	487.9	1499	331	70.28	-0.779	0.317	0.7	-0.22	2.74	1.00	0.00	0.16	111215
12	"13:20:20"	1788.5	0	12.1	0.198	268	3.61	1.35	15.69	6	1.42	1	2.84	9.69	15.69	7.26	398.05	381.53	1.831	6.246	10.66	36.37	487.9	1499	331	70.28	-0.779	0.317	0.7	-0.22	2.74	1.00	0.00	0.16	111215
13	"13:20:20"	1789.0	0	12.1	0.198	268	3.61	1.35	15.69	6	1.42	1	2.84	9.69	15.69	7.26	398.20	381.59	1.831	6.246	10.66	36.37	487.9	1499	331	70.28	-0.779	0.317	0.7	-0.22	2.74	1.00	0.00	0.16	111215
14	"13:20:21"	1789.5	0	12.3	0.198	267	3.61	1.35	15.69	6	1.42	1	2.84	9.69	15.69	7.26	398.42	381.65	1.831	6.246	10.67	36.37	488.0	1499	331	70.28	-0.779	0.317	0.7	-0.22	2.74	1.00	0.00	0.16	111215
15	"13:20:22"	1790.0	0	12.4	0.198	266	3.61	1.35	15.69	6	1.42	1	2.84	9.69	15.69	7.26	398.64	381.71	1.831	6.248	10.66	36.38	488.0	1499	331	70.28	-0.779	0.317	0.7	-0.22	2.74	1.00	0.00	0.16	111215
"13:20:39 Coolers: Tblock -> 12.00 C"
"13:23:42 Flow: Fixed -> 500 umol/s"
"13:24:50 Flow: Fixed -> 500 umol/s"
16	"13:25:45"	2113.5	0	12.8	0.193	258	4.05	1.55	18.52	6	1.42	1	2.84	13.73	18.52	11.94	399.69	382.03	3.480	8.423	15.51	37.54	487.9	1499	234	70.28	-1.14	0.322	0.7	-0.22	2.74	1.00	0.00	0.16	111215
17	"13:25:45"	2113.5	0	12.8	0.193	258	4.05	1.55	18.52	6	1.42	1	2.84	13.73	18.52	11.94	399.69	382.03	3.480	8.423	15.51	37.54	487.9	1499	234	70.28	-1.14	0.322	0.7	-0.22	2.74	1.00	0.00	0.16	111215
18	"13:25:46"	2114.0	0	12.8	0.193	258	4.05	1.55	18.51	6	1.42	1	2.84	13.73	18.51	11.94	399.68	382.01	3.480	8.423	15.51	37.55	487.9	1499	223	70.28	-1.14	0.322	0.7	-0.22	2.74	1.00	0.00	0.16	111215
19	"13:25:46"	2114.0	0	12.8	0.193	258	4.05	1.55	18.51	6	1.42	1	2.84	13.73	18.51	11.94	399.68	382.01	3.480	8.423	15.51	37.55	487.9	1499	223	70.28	-1.14	0.322	0.7	-0.22	2.74	1.00	0.00	0.16	111215
20	"13:25:47"	2114.5	0	12.9	0.193	258	4.05	1.55	18.51	6	1.42	1	2.84	13.73	18.51	11.94	399.65	381.94	3.480	8.423	15.51	37.54	487.8	1499	212	70.28	-1.14	0.322	0.7	-0.22	2.74	1.00	0.00	0.16	111215
21	"13:25:47"	2115.0	0	12.9	0.193	258	4.05	1.55	18.51	6	1.42	1	2.84	13.73	18.51	11.94	399.63	381.91	3.479	8.422	15.51	37.54	487.8	1499	200	70.28	-1.14	0.322	1.0	-0.22	2.74	1.00	0.00	0.16	111215
22	"13:25:48"	2115.5	0	12.8	0.193	258	4.05	1.55	18.51	6	1.42	1	2.84	13.73	18.51	11.94	399.56	381.89	3.479	8.421	15.51	37.53	487.8	1499	189	70.28	-1.14	0.322	1.0	-0.22	2.74	1.00	0.00	0.16	111215
23	"13:25:48"	2116.0	0	12.8	0.193	258	4.05	1.55	18.51	6	1.42	1	2.84	13.73	18.51	11.94	399.47	381.85	3.479	8.421	15.51	37.53	487.8	1499	179	70.28	-1.14	0.322	1.0	-0.22	2.74	1.00	0.00	0.16	111215
24	"13:25:49"	2116.5	0	12.7	0.193	258	4.05	1.55	18.51	6	1.42	1	2.84	13.73	18.51	11.94	399.37	381.79	3.479	8.420	15.51	37.53	487.8	1498	168	70.28	-1.14	0.322	1.0	-0.22	2.74	1.00	0.00	0.16	111215
25	"13:25:49"	2117.0	0	12.7	0.193	259	4.05	1.55	18.51	6	1.42	1	2.84	13.73	18.51	11.94	399.29	381.77	3.479	8.421	15.51	37.53	487.8	1498	159	70.28	-1.14	0.322	1.0	-0.22	2.74	1.00	0.00	0.16	111215
26	"13:25:50"	2117.5	0	12.7	0.193	259	4.05	1.55	18.51	6	1.42	1	2.84	13.73	18.51	11.94	399.26	381.76	3.479	8.421	15.51	37.54	487.8	1498	150	70.28	-1.14	0.322	0.7	-0.22	2.74	1.00	0.00	0.16	111215
27	"13:25:50"	2118.0	0	12.7	0.193	259	4.05	1.55	18.51	6	1.42	1	2.84	13.73	18.51	11.94	399.23	381.74	3.479	8.421	15.51	37.53	487.8	1498	142	70.28	-1.14	0.322	0.7	-0.22	2.74	1.00	0.00	0.16	111215
28	"13:25:51"	2118.5	0	12.7	0.193	259	4.05	1.55	18.51	6	1.42	1	2.84	13.73	18.51	11.94	399.24	381.76	3.479	8.420	15.50	37.53	487.8	1498	135	70.28	-1.14	0.322	0.7	-0.22	2.74	1.00	0.00	0.16	111215
29	"13:25:51"	2119.0	0	12.7	0.193	259	4.05	1.55	18.51	6	1.42	1	2.84	13.73	18.51	11.94	399.31	381.78	3.478	8.420	15.50	37.53	487.8	1498	129	70.28	-1.14	0.322	0.7	-0.22	2.74	1.00	0.00	0.16	111215
30	"13:25:52"	2119.5	0	12.8	0.193	258	4.05	1.55	18.51	6	1.42	1	2.84	13.73	18.51	11.94	399.43	381.82	3.478	8.422	15.50	37.53	487.8	1498	124	70.28	-1.14	0.322	0.7	-0.22	2.74	1.00	0.00	0.16	111215
"13:26:03 Coolers: Tblock -> 17.00 C"
"13:29:30 Flow: Fixed -> 500 umol/s"
"13:32:01 Flow: Fixed -> 500 umol/s"
31	"13:32:58"	2547.5	0	12.7	0.179	252	3.93	1.6	20.00	6	1.42	1	2.84	17.75	20.00	17.03	400.89	383.47	5.850	10.611	20.16	36.57	489.8	1500	348	70.27	-1.23	0.317	1.0	-0.22	2.74	1.00	0.00	0.16	111215
32	"13:32:59"	2547.5	0	12.7	0.179	252	3.93	1.6	20.00	6	1.42	1	2.84	17.75	20.00	17.03	400.89	383.47	5.850	10.611	20.16	36.57	489.8	1500	348	70.27	-1.23	0.317	1.0	-0.22	2.74	1.00	0.00	0.16	111215
33	"13:32:59"	2548.0	0	12.8	0.179	252	3.93	1.6	20.01	6	1.42	1	2.84	17.75	20.01	17.03	401.02	383.55	5.851	10.610	20.17	36.56	489.8	1500	348	70.27	-1.23	0.317	1.0	-0.22	2.74	1.00	0.00	0.16	111215
34	"13:33:00"	2548.5	0	12.8	0.179	251	3.93	1.6	20.01	6	1.42	1	2.84	17.75	20.01	17.03	401.13	383.56	5.852	10.611	20.17	36.57	489.8	1500	347	70.27	-1.23	0.317	1.0	-0.22	2.74	1.00	0.00	0.16	111215
35	"13:33:00"	2549.0	0	12.8	0.179	251	3.92	1.6	20.01	6	1.42	1	2.84	17.75	20.01	17.03	401.20	383.64	5.856	10.612	20.18	36.57	489.8	1500	347	70.27	-1.23	0.317	1.0	-0.22	2.74	1.00	0.00	0.16	111215
36	"13:33:01"	2549.5	0	12.8	0.179	252	3.92	1.6	20.01	6	1.42	1	2.84	17.75	20.01	17.03	401.19	383.71	5.858	10.613	20.19	36.57	489.7	1500	347	70.27	-1.23	0.317	1.0	-0.22	2.74	1.00	0.00	0.16	111215
37	"13:33:01"	2550.0	0	12.7	0.179	253	3.92	1.6	20.01	6	1.42	1	2.84	17.75	20.01	17.03	401.10	383.75	5.860	10.614	20.19	36.57	489.7	1500	347	70.27	-1.23	0.317	0.7	-0.22	2.74	1.00	0.00	0.16	111215
38	"13:33:02"	2550.5	0	12.6	0.179	253	3.92	1.6	20.01	6	1.42	1	2.84	17.75	20.01	17.03	401.07	383.80	5.863	10.615	20.20	36.58	489.7	1500	347	70.27	-1.23	0.317	0.7	-0.22	2.74	1.00	0.00	0.16	111215
39	"13:33:02"	2551.0	0	12.6	0.179	253	3.92	1.6	20.01	6	1.42	1	2.84	17.75	20.01	17.03	401.05	383.81	5.866	10.618	20.21	36.58	489.7	1500	346	70.27	-1.23	0.317	0.7	-0.22	2.74	1.00	0.00	0.16	111215
40	"13:33:03"	2551.5	0	12.6	0.179	253	3.92	1.6	20.01	6	1.42	1	2.84	17.75	20.01	17.03	401.09	383.84	5.870	10.619	20.22	36.59	489.7	1500	346	70.27	-1.23	0.317	0.7	-0.22	2.74	1.00	0.00	0.16	111215
41	"13:33:03"	2552.0	0	12.6	0.179	253	3.92	1.6	20.01	6	1.42	1	2.84	17.76	20.01	17.03	401.13	383.83	5.872	10.623	20.23	36.60	489.7	1500	346	70.27	-1.23	0.317	0.7	-0.22	2.74	1.00	0.00	0.16	111215
42	"13:33:04"	2552.5	0	12.6	0.179	253	3.92	1.6	20.01	6	1.42	1	2.84	17.76	20.01	17.03	401.12	383.84	5.874	10.625	20.23	36.60	489.7	1500	346	70.27	-1.23	0.317	0.7	-0.22	2.74	1.00	0.00	0.16	111215
43	"13:33:04"	2553.0	0	12.6	0.179	253	3.92	1.6	20.01	6	1.42	1	2.84	17.76	20.01	17.03	401.07	383.78	5.875	10.626	20.24	36.60	489.8	1500	345	70.27	-1.23	0.317	0.7	-0.22	2.74	1.00	0.00	0.16	111215
44	"13:33:05"	2553.5	0	12.6	0.179	253	3.92	1.6	20.01	6	1.42	1	2.84	17.76	20.01	17.03	401.00	383.73	5.876	10.629	20.24	36.61	489.8	1500	345	70.27	-1.23	0.317	0.7	-0.22	2.74	1.00	0.00	0.16	111215
45	"13:33:05"	2554.0	0	12.6	0.179	253	3.92	1.6	20.01	6	1.42	1	2.84	17.76	20.01	17.03	400.92	383.68	5.877	10.630	20.25	36.61	489.8	1500	345	70.27	-1.23	0.317	0.7	-0.22	2.74	1.00	0.00	0.16	111215
"13:33:15 Coolers: Tblock -> 22.00 C"
"13:36:57 Flow: Fixed -> 500 umol/s"
46	"13:38:11"	2860.0	0	13	0.174	242	4.77	1.99	23.78	6	1.42	1	2.84	22.45	23.78	22.10	400.12	382.03	8.062	13.817	20.77	35.60	490.4	1500	121	70.27	-1.47	0.297	0.7	-0.22	2.74	1.00	0.00	0.16	111215
47	"13:38:12"	2860.0	0	13	0.174	242	4.77	1.99	23.78	6	1.42	1	2.84	22.45	23.78	22.10	400.12	382.03	8.062	13.817	20.77	35.60	490.4	1500	121	70.27	-1.47	0.297	0.7	-0.22	2.74	1.00	0.00	0.16	111215
48	"13:38:12"	2860.5	0	12.9	0.174	243	4.77	1.99	23.78	6	1.42	1	2.84	22.45	23.78	22.10	400.17	382.12	8.063	13.815	20.77	35.59	490.3	1500	115	70.27	-1.47	0.297	0.7	-0.22	2.74	1.00	0.00	0.16	111215
49	"13:38:13"	2861.0	0	12.8	0.174	244	4.77	1.99	23.79	6	1.42	1	2.84	22.45	23.79	22.10	400.12	382.21	8.064	13.815	20.77	35.59	490.3	1500	111	70.27	-1.47	0.297	0.7	-0.22	2.74	1.00	0.00	0.16	111215
50	"13:38:13"	2861.5	0	12.8	0.174	244	4.77	1.99	23.79	6	1.42	1	2.84	22.45	23.79	22.10	400.11	382.27	8.065	13.816	20.77	35.59	490.3	1500	108	70.27	-1.47	0.297	0.7	-0.22	2.74	1.00	0.00	0.16	111215
51	"13:38:14"	2862.0	0	12.8	0.174	244	4.77	1.99	23.79	6	1.42	1	2.84	22.45	23.79	22.10	400.19	382.32	8.063	13.816	20.77	35.59	490.3	1500	106	70.27	-1.47	0.297	0.7	-0.22	2.74	1.00	0.00	0.16	111215
52	"13:38:14"	2862.5	0	12.8	0.174	244	4.77	1.99	23.79	6	1.42	1	2.84	22.46	23.79	22.10	400.32	382.38	8.063	13.815	20.77	35.58	490.2	1500	104	70.27	-1.47	0.297	0.7	-0.22	2.74	1.00	0.00	0.16	111215
53	"13:38:15"	2863.0	0	12.9	0.174	243	4.77	1.99	23.79	6	1.42	1	2.84	22.46	23.79	22.10	400.47	382.41	8.062	13.816	20.77	35.59	490.2	1500	102	70.27	-1.47	0.297	0.7	-0.22	2.74	1.00	0.00	0.16	111215
54	"13:38:15"	2863.5	0	13	0.174	243	4.77	1.99	23.79	6	1.42	1	2.84	22.46	23.79	22.10	400.54	382.45	8.061	13.817	20.76	35.59	490.2	1500	100	70.27	-1.47	0.297	0.7	-0.22	2.74	1.00	0.00	0.16	111215
55	"13:38:16"	2864.0	0	12.9	0.174	243	4.77	1.99	23.79	6	1.42	1	2.84	22.46	23.79	22.10	400.53	382.48	8.062	13.819	20.76	35.59	490.2	1500	98	70.27	-1.47	0.297	1.0	-0.22	2.74	1.00	0.00	0.16	111215
56	"13:38:16"	2864.5	0	12.9	0.174	243	4.77	1.99	23.79	6	1.42	1	2.84	22.46	23.79	22.10	400.51	382.51	8.061	13.821	20.76	35.60	490.2	1500	95	70.27	-1.47	0.297	1.0	-0.22	2.74	1.00	0.00	0.16	111215
57	"13:38:17"	2865.0	0	13	0.174	243	4.77	1.99	23.80	6	1.42	1	2.84	22.46	23.80	22.10	400.62	382.51	8.060	13.823	20.76	35.60	490.3	1500	93	70.27	-1.47	0.297	1.0	-0.22	2.74	1.00	0.00	0.16	111215
58	"13:38:17"	2865.5	0	13	0.174	242	4.78	1.99	23.80	6	1.42	1	2.84	22.46	23.80	22.10	400.70	382.50	8.058	13.824	20.75	35.60	490.3	1500	91	70.27	-1.47	0.297	1.0	-0.22	2.74	1.00	0.00	0.16	111215
59	"13:38:18"	2866.0	0	13.1	0.174	242	4.78	1.99	23.80	6	1.42	1	2.84	22.46	23.80	22.10	400.72	382.46	8.058	13.827	20.75	35.61	490.3	1499	89	70.27	-1.47	0.297	1.0	-0.22	2.74	1.00	0.00	0.16	111215
60	"13:38:18"	2866.5	0	13.1	0.174	241	4.78	1.99	23.80	6	1.42	1	2.84	22.46	23.80	22.10	400.67	382.39	8.057	13.829	20.75	35.61	490.3	1499	88	70.27	-1.47	0.297	0.7	-0.22	2.74	1.00	0.00	0.16	111215
"13:38:30 Coolers: Tblock -> 27.00 C"
"13:40:15 Flow: Fixed -> 500 umol/s"
61	"13:41:05"	3033.5	0	12.2	0.169	245	4.89	2.09	25.76	6	1.42	1	2.84	26.41	25.76	26.98	398.62	381.43	11.803	17.667	23.99	35.91	491.5	1498	358	70.27	-1.4	0.256	0.7	-0.22	2.74	1.00	0.00	0.16	111215
62	"13:41:05"	3033.5	0	12.2	0.169	245	4.89	2.09	25.76	6	1.42	1	2.84	26.41	25.76	26.98	398.62	381.43	11.803	17.667	23.99	35.91	491.5	1498	358	70.27	-1.4	0.256	0.7	-0.22	2.74	1.00	0.00	0.16	111215
63	"13:41:05"	3034.0	0	12.2	0.169	245	4.89	2.09	25.76	6	1.42	1	2.84	26.41	25.76	26.98	398.62	381.46	11.805	17.668	23.99	35.91	491.5	1498	358	70.27	-1.4	0.256	0.7	-0.22	2.74	1.00	0.00	0.16	111215
64	"13:41:06"	3034.5	0	12.2	0.169	244	4.89	2.09	25.77	6	1.42	1	2.84	26.41	25.77	26.98	398.71	381.48	11.805	17.671	23.99	35.91	491.5	1498	359	70.27	-1.4	0.256	0.7	-0.22	2.74	1.00	0.00	0.16	111215
65	"13:41:06"	3035.0	0	12.3	0.169	244	4.89	2.09	25.77	6	1.42	1	2.84	26.41	25.77	26.98	398.86	381.53	11.806	17.675	23.99	35.92	491.4	1499	359	70.27	-1.4	0.256	0.7	-0.22	2.74	1.00	0.00	0.16	111215
66	"13:41:07"	3035.5	0	12.4	0.169	243	4.9	2.09	25.78	6	1.42	1	2.84	26.42	25.78	26.98	399.01	381.62	11.806	17.679	23.99	35.92	491.4	1499	359	70.26	-1.4	0.256	0.7	-0.22	2.74	1.00	0.00	0.16	111215
67	"13:41:07"	3036.0	0	12.4	0.169	243	4.9	2.09	25.78	6	1.42	1	2.84	26.42	25.78	26.98	399.14	381.69	11.806	17.681	23.98	35.92	491.4	1499	359	70.27	-1.4	0.256	0.7	-0.22	2.74	1.00	0.00	0.16	111215
68	"13:41:08"	3036.5	0	12.5	0.169	243	4.9	2.09	25.78	6	1.42	1	2.84	26.42	25.78	26.98	399.29	381.79	11.807	17.685	23.98	35.92	491.4	1499	359	70.27	-1.4	0.256	0.7	-0.22	2.74	1.00	0.00	0.16	111215
69	"13:41:09"	3037.0	0	12.6	0.169	241	4.9	2.09	25.79	6	1.42	1	2.84	26.42	25.79	26.98	399.53	381.84	11.806	17.688	23.98	35.92	491.4	1500	359	70.26	-1.4	0.256	0.7	-0.22	2.74	1.00	0.00	0.16	111215
70	"13:41:09"	3037.5	0	12.7	0.169	240	4.91	2.09	25.79	6	1.42	1	2.84	26.43	25.79	26.98	399.77	381.96	11.807	17.691	23.98	35.93	491.4	1500	359	70.27	-1.4	0.256	0.7	-0.22	2.74	1.00	0.00	0.16	111215
71	"13:41:10"	3038.0	0	12.8	0.169	239	4.91	2.09	25.80	6	1.42	1	2.84	26.43	25.80	26.98	399.92	382.00	11.807	17.693	23.97	35.93	491.4	1500	360	70.27	-1.4	0.256	0.7	-0.22	2.74	1.00	0.00	0.16	111215
72	"13:41:10"	3038.5	0	12.8	0.169	239	4.91	2.09	25.80	6	1.42	1	2.84	26.43	25.80	26.98	400.02	382.04	11.809	17.696	23.97	35.93	491.4	1501	360	70.26	-1.4	0.256	0.7	-0.22	2.74	1.00	0.00	0.16	111215
73	"13:41:11"	3039.0	0	12.8	0.169	239	4.91	2.09	25.81	6	1.42	1	2.84	26.43	25.81	26.98	400.03	382.06	11.809	17.697	23.97	35.92	491.4	1501	360	70.26	-1.4	0.256	1.0	-0.22	2.74	1.00	0.00	0.16	111215
74	"13:41:11"	3039.5	0	12.9	0.169	239	4.91	2.09	25.81	6	1.42	1	2.84	26.43	25.81	26.99	400.06	382.03	11.809	17.701	23.97	35.93	491.4	1501	360	70.27	-1.4	0.256	1.0	-0.22	2.74	1.00	0.00	0.16	111215
75	"13:41:12"	3040.0	0	12.9	0.169	239	4.91	2.09	25.82	6	1.42	1	2.84	26.44	25.82	26.99	400.00	382.00	11.810	17.703	23.97	35.93	491.4	1501	360	70.26	-1.4	0.256	1.0	-0.22	2.74	1.00	0.00	0.16	111215
"13:41:32 Coolers: Tblock -> 32.00 C"
"13:44:41 Flow: Fixed -> 500 umol/s"
76	"13:45:35"	3304.0	0	11.8	0.162	244	5.2	2.29	28.31	6	1.42	1	2.84	30.82	28.31	32.06	399.18	382.42	16.210	22.397	25.51	35.25	493.0	1501	99	70.26	-0.963	0.196	1.0	-0.22	2.74	1.00	0.00	0.16	111215
77	"13:45:36"	3304.0	0	11.8	0.162	244	5.2	2.29	28.31	6	1.42	1	2.84	30.82	28.31	32.06	399.18	382.42	16.210	22.397	25.51	35.25	493.0	1501	99	70.26	-0.963	0.196	1.0	-0.22	2.74	1.00	0.00	0.16	111215
78	"13:45:36"	3304.5	0	11.6	0.162	245	5.2	2.29	28.31	6	1.42	1	2.84	30.82	28.31	32.06	398.95	382.37	16.210	22.400	25.51	35.25	493.0	1501	99	70.26	-0.963	0.196	0.7	-0.22	2.74	1.00	0.00	0.16	111215
79	"13:45:37"	3304.5	0	11.6	0.162	245	5.2	2.29	28.31	6	1.42	1	2.84	30.82	28.31	32.06	398.95	382.37	16.210	22.400	25.51	35.25	493.0	1501	99	70.26	-0.963	0.196	0.7	-0.22	2.74	1.00	0.00	0.16	111215
80	"13:45:37"	3305.0	0	11.5	0.162	246	5.21	2.29	28.31	6	1.42	1	2.84	30.82	28.31	32.06	398.76	382.32	16.208	22.401	25.50	35.25	493.0	1501	99	70.26	-0.963	0.196	0.7	-0.22	2.74	1.00	0.00	0.16	111215
81	"13:45:38"	3305.5	0	11.4	0.162	247	5.21	2.29	28.31	6	1.42	1	2.84	30.82	28.31	32.06	398.67	382.32	16.207	22.402	25.50	35.25	493.0	1501	99	70.26	-0.963	0.196	0.7	-0.22	2.74	1.00	0.00	0.16	111215
82	"13:45:38"	3306.0	0	11.5	0.162	247	5.21	2.29	28.31	6	1.42	1	2.84	30.82	28.31	32.06	398.72	382.32	16.206	22.400	25.50	35.25	492.9	1501	99	70.26	-0.963	0.196	0.7	-0.22	2.74	1.00	0.00	0.16	111215
83	"13:45:39"	3306.5	0	11.6	0.162	245	5.21	2.29	28.31	6	1.42	1	2.84	30.82	28.31	32.06	398.89	382.34	16.204	22.401	25.50	35.25	492.9	1501	99	70.26	-0.963	0.196	0.7	-0.22	2.74	1.00	0.00	0.16	111215
84	"13:45:39"	3307.0	0	11.8	0.162	243	5.21	2.29	28.31	6	1.42	1	2.84	30.82	28.31	32.06	399.14	382.33	16.203	22.399	25.49	35.24	492.9	1501	99	70.26	-0.963	0.196	0.7	-0.22	2.74	1.00	0.00	0.16	111215
85	"13:45:40"	3307.5	0	12	0.162	242	5.21	2.29	28.31	6	1.42	1	2.84	30.82	28.31	32.06	399.32	382.33	16.202	22.398	25.49	35.24	492.9	1501	99	70.26	-0.963	0.196	0.7	-0.22	2.74	1.00	0.00	0.16	111215
86	"13:45:40"	3308.0	0	12	0.162	242	5.21	2.29	28.31	6	1.42	1	2.84	30.82	28.31	32.06	399.37	382.37	16.202	22.397	25.49	35.24	493.0	1501	99	70.26	-0.963	0.196	0.7	-0.22	2.74	1.00	0.00	0.16	111215
87	"13:45:41"	3308.5	0	12	0.162	241	5.21	2.29	28.31	6	1.42	1	2.84	30.82	28.31	32.06	399.43	382.38	16.200	22.395	25.49	35.24	493.0	1501	99	70.26	-0.963	0.196	0.7	-0.22	2.74	1.00	0.00	0.16	111215
88	"13:45:41"	3309.0	0	12.1	0.162	241	5.21	2.29	28.31	6	1.42	1	2.84	30.82	28.31	32.06	399.52	382.39	16.201	22.394	25.49	35.24	493.0	1501	99	70.26	-0.963	0.196	0.7	-0.22	2.74	1.00	0.00	0.16	111215
89	"13:45:42"	3309.5	0	12.1	0.162	240	5.21	2.29	28.31	6	1.42	1	2.84	30.82	28.31	32.06	399.59	382.43	16.200	22.394	25.49	35.23	493.0	1501	99	70.26	-0.963	0.196	0.7	-0.22	2.74	1.00	0.00	0.16	111215
90	"13:45:42"	3310.0	0	12.1	0.162	240	5.2	2.29	28.31	6	1.42	1	2.84	30.82	28.31	32.06	399.62	382.45	16.200	22.393	25.49	35.23	492.9	1501	99	70.26	-0.963	0.196	0.7	-0.22	2.74	1.00	0.00	0.16	111215
"13:46:02 Coolers: Tblock -> 37.00 C"
"13:49:52 Flow: Fixed -> 500 umol/s"
91	"13:51:11"	3640.0	0	10.8	0.151	245	5.55	2.59	31.38	6	1.42	1	2.84	35.28	31.38	36.94	399.23	383.60	22.298	28.835	27.31	35.32	495.1	1500	389	70.26	-0.505	0.103	0.7	-0.22	2.74	1.00	0.00	0.16	111215
92	"13:51:12"	3640.0	0	10.8	0.151	245	5.55	2.59	31.38	6	1.42	1	2.84	35.28	31.38	36.94	399.23	383.60	22.298	28.835	27.31	35.32	495.1	1500	389	70.26	-0.505	0.103	0.7	-0.22	2.74	1.00	0.00	0.16	111215
93	"13:51:12"	3640.0	0	10.8	0.151	245	5.55	2.59	31.38	6	1.42	1	2.84	35.28	31.38	36.94	399.23	383.60	22.298	28.835	27.31	35.32	495.1	1500	389	70.26	-0.505	0.103	0.7	-0.22	2.74	1.00	0.00	0.16	111215
94	"13:51:13"	3640.5	0	10.9	0.151	244	5.56	2.59	31.39	6	1.42	1	2.84	35.28	31.39	36.94	399.40	383.61	22.298	28.837	27.31	35.32	495.0	1500	387	70.26	-0.505	0.103	0.7	-0.22	2.74	1.00	0.00	0.16	111215
95	"13:51:13"	3641.0	0	10.9	0.151	244	5.55	2.59	31.39	6	1.42	1	2.84	35.28	31.39	36.94	399.46	383.68	22.297	28.836	27.31	35.32	495.0	1500	384	70.26	-0.505	0.103	0.7	-0.22	2.74	1.00	0.00	0.16	111215
96	"13:51:14"	3641.5	0	10.8	0.151	245	5.55	2.59	31.39	6	1.42	1	2.84	35.28	31.39	36.94	399.50	383.76	22.299	28.838	27.31	35.32	495.0	1500	382	70.26	-0.505	0.103	0.7	-0.22	2.74	1.00	0.00	0.16	111215
97	"13:51:14"	3642.0	0	10.9	0.151	244	5.55	2.59	31.39	6	1.42	1	2.84	35.28	31.39	36.94	399.62	383.86	22.301	28.840	27.31	35.32	495.0	1500	378	70.26	-0.505	0.103	0.7	-0.22	2.74	1.00	0.00	0.16	111215
98	"13:51:15"	3642.5	0	11	0.151	243	5.56	2.59	31.39	6	1.42	1	2.84	35.28	31.39	36.94	399.92	383.95	22.302	28.843	27.31	35.32	494.9	1500	375	70.26	-0.505	0.103	0.7	-0.22	2.74	1.00	0.00	0.16	111215
99	"13:51:15"	3643.0	0	11.2	0.151	241	5.56	2.59	31.39	6	1.42	1	2.84	35.28	31.39	36.94	400.21	384.05	22.303	28.846	27.31	35.32	494.8	1500	370	70.26	-0.505	0.103	1.0	-0.22	2.74	1.00	0.00	0.16	111215
100	"13:51:16"	3643.5	0	11.3	0.151	240	5.55	2.59	31.39	6	1.42	1	2.84	35.28	31.39	36.94	400.42	384.11	22.305	28.847	27.31	35.32	494.8	1500	365	70.26	-0.505	0.103	1.0	-0.22	2.74	1.00	0.00	0.16	111215
101	"13:51:16"	3644.0	0	11.3	0.151	240	5.56	2.59	31.40	6	1.42	1	2.84	35.29	31.40	36.94	400.55	384.20	22.307	28.850	27.31	35.32	494.8	1500	360	70.26	-0.505	0.103	1.0	-0.22	2.74	1.00	0.00	0.16	111215
102	"13:51:17"	3644.5	0	11.3	0.151	240	5.56	2.59	31.40	6	1.42	1	2.84	35.29	31.40	36.94	400.60	384.28	22.308	28.853	27.31	35.32	494.8	1500	354	70.26	-0.505	0.103	0.7	-0.22	2.74	1.00	0.00	0.16	111215
103	"13:51:17"	3645.0	0	11.4	0.151	240	5.56	2.59	31.40	6	1.42	1	2.84	35.29	31.40	36.94	400.68	384.31	22.309	28.856	27.31	35.33	494.8	1500	348	70.26	-0.505	0.103	0.7	-0.22	2.74	1.00	0.00	0.16	111215
104	"13:51:18"	3645.5	0	11.4	0.151	239	5.56	2.59	31.40	6	1.42	1	2.84	35.29	31.40	36.94	400.81	384.34	22.309	28.857	27.31	35.32	494.8	1499	342	70.26	-0.505	0.103	0.7	-0.22	2.74	1.00	0.00	0.16	111215
105	"13:51:18"	3646.0	0	11.5	0.151	238	5.56	2.59	31.40	6	1.42	1	2.84	35.29	31.40	36.94	400.89	384.35	22.309	28.859	27.31	35.33	494.7	1499	336	70.26	-0.505	0.103	0.7	-0.22	2.74	1.00	0.00	0.16	111215
