"OPEN 6.2.4"
"Mon Jun 29 2015 12:42:22"
<open><version>"6.2.4"</version></open>
<open><configfile>"/User/Configs/UserPrefs/2x3 LED.xml"</configfile></open>
<open><light><source>"6400-02 or -02B LED Source"</source><par_in>1<sensor>"SI-3781"<cal>-0.93<actinity>1.00</actinity><transm>1.00</transm></cal></sensor><transm>1</transm></par_in><par_out>1<sensor>"Q49599"<cal>7.26</cal></sensor></par_out></light></open>
<open><comps><file>"/User/Configs/Comps/StdComps_6.2"<header>""</header><extras></extras></file><energybal>no<f_parIn>1</f_parIn><f_parOut>0</f_parOut><alphaK>0.16</alphaK></energybal><bc_total>2.840<stomatal_ratio>1</stomatal_ratio><bc_oneside>1.420<type>2</type><table>"/Sys/Lib/StdBLCTable"</table><area>6</area><slope>-0.219565</slope><offset>2.73739</offset><fan>5</fan></bc_oneside></bc_total></comps></open>
<open><prompts><onlog>off</onlog><items>"Default (none)"</items></prompts></open>
<open><constants><oxygen>21 %</oxygen><bb_vapor>1.5</bb_vapor><bb_oxy>0.9</bb_oxy></constants></open>
<open><stability><items>"Std Stability"<items[1]><id>-2</id><size>15</size><pcv><onoff>0</onoff><value>1</value></pcv><std><onoff>0</onoff><value>1</value></std><slp><onoff>1</onoff><value>1</value></slp></items[1]><items[2]><id>-5</id><size>15</size><pcv><onoff>0</onoff><value>1</value></pcv><std><onoff>0</onoff><value>1</value></std><slp><onoff>1</onoff><value>1</value></slp></items[2]><items[3]><id>-7</id><size>15</size><pcv><onoff>0</onoff><value>1</value></pcv><std><onoff>0</onoff><value>1</value></std><slp><onoff>1</onoff><value>1</value></slp></items[3]></items></stability></open>
<open><log><format>"StdLogFmt_6.0"<items>{ -35 -21 -36 -76 30 23 36 21 25 221 -33 111 -34 11 -9 -10 -8 -1 -2 -4 -5 -14 -15 -7 -12 -13 -11 -65 -66 -72 -18 -19 -77 -78 -79 -23  }<hdr>{  }</hdr></items></format><options><beep>on</beep><hdr>normal</hdr><rem>normal</rem><stab>no</stab><stats>no<mean>no</mean><file>no</file><period>15</period></stats><excel>yes</excel><controls>yes</controls><comm>no</comm></options><datafile>"/User/stm-pcup3"</datafile><button><action>"Normal Log"<code>" LogOneObsManual "</code></action></button><autoprog>"/User/Configs/AutoProgs/AutoLog2"<active>no</active></autoprog></log></open>
<open><a2d><avgtime>4.0 secs</avgtime><userchans><ch20>"Off"</ch20><ch21>"Off"</ch21><ch22>"Off"</ch22><ch23>"Off"</ch23></userchans></a2d></open>
<open><matching><type>0</type><disp>'a'</disp><settings><CO2Limit>10.0</CO2Limit><H2OLimit>1.0</H2OLimit><MaxAutoTime>60</MaxAutoTime></settings></matching></open>
<li6400><factory><unit>"PSC-3840"</unit><serviced>"1 Jul 2013"</serviced><fuseaware>0</fuseaware><co2mixer>yes</co2mixer><co2><coeffs>{ 0 0.213319 2.22998e-05 2.13159e-08 -3.88664e-12 3.69888e-16  }</coeffs><dvdt>-4.7</dvdt><xs>{ 0.0009 -0.0002  }</xs></co2><h2o><coeffs>{ 0 0.00572751 2.23485e-06 -7.37877e-12  }</coeffs><dvdt>-1.7</dvdt><xs>{ 0.0009 -0.0028  }</xs></h2o><flow>{ 0 0.3568  }</flow><press>{ 88.437 0.00551  }</press></factory></li6400>
<li6400><user><flow_zero>-468.8</flow_zero><irga_zero><co2>429.7 390.6<at>17.6901</at></co2><h2o>78.1 156.2<at>17.1607</at></h2o></irga_zero><irga_span><co2>{ 0.99237 0.992833  }</co2><h2o>{ 1.00426 0.996799  }</h2o></irga_span><irga_match><co2>{ 0.368307 -0.502773  }</co2><h2o>{ 0.00477181 0.237352  }</h2o></irga_match><co2_mixer><pump_mv>4500</pump_mv><ppm>{ 2287.2 1080.71 423.89 257.488 117.195 68.0056 44.5242 37.9628  }</ppm><mv>{ 5000 3000 1500 1000 500 300 200 100  }</mv></co2_mixer><parin_offset>0</parin_offset><led_cal><unit>"SI-3781"</unit><mv>{ 10 25 50 100 1000 2000 3000 4000 5000  }</mv><qntm>{ 4.69642 15.4417 35.4805 82.2863 972.665 1922.29 2824.32 3690.14 4518.2  }</qntm></led_cal><lcf_cal><unit>"unknown"</unit><red><mv>{ 50 100 500 1000 1500 5000  }</mv><qntm>{ 50 100 500 1000 2000 5000  }</qntm></red><blue><mv>{ 100 200 500 1000 2000 5000  }</mv><qntm>{ 10 20 50 100 200 500  }</qntm></blue></lcf_cal></user></li6400>
"12:42:23 "
$STARTOFDATA$
"Obs"	"HHMMSS"	"FTime"	"EBal?"	"Photo"	"Cond"	"Ci"	"Trmmol"	"VpdL"	"CTleaf"	"Area"	"BLC_1"	"StmRat"	"BLCond"	"Tair"	"Tleaf"	"TBlk"	"CO2R"	"CO2S"	"H2OR"	"H2OS"	"RH_R"	"RH_S"	"Flow"	"PARi"	"PARo"	"Press"	"CsMch"	"HsMch"	"StableF"	"BLCslope"	"BLCoffst"	"f_parin"	"f_parout"	"alphaK"	"Status"
"12:44:50 Coolers: Tblock -> 4.81 C"
"12:45:22 Flow: Fixed -> 500 umol/s"
1	"12:46:03"	224.5	0	13.6	0.275	286	4.65	1.28	14.71	6	1.42	1	2.84	7.98	14.71	5.19	399.41	380.96	0.094	5.648	0.62	36.89	499.9	1500	49	70.23	-0.642	0.236	1.0	-0.22	2.74	1.00	0.00	0.16	111115
2	"12:46:03"	224.5	0	13.6	0.275	286	4.65	1.28	14.71	6	1.42	1	2.84	7.98	14.71	5.19	399.41	380.96	0.094	5.648	0.62	36.89	499.9	1500	49	70.23	-0.642	0.236	1.0	-0.22	2.74	1.00	0.00	0.16	111115
3	"12:46:04"	225.0	0	13.6	0.275	286	4.65	1.28	14.71	6	1.42	1	2.84	7.98	14.71	5.19	399.40	380.97	0.094	5.648	0.61	36.88	499.9	1500	49	70.23	-0.642	0.236	1.0	-0.22	2.74	1.00	0.00	0.16	111115
4	"12:46:04"	225.5	0	13.6	0.275	285	4.65	1.28	14.71	6	1.42	1	2.84	7.98	14.71	5.19	399.42	380.95	0.095	5.646	0.62	36.87	499.9	1500	49	70.23	-0.642	0.236	1.0	-0.22	2.74	1.00	0.00	0.16	111115
5	"12:46:05"	226.0	0	13.6	0.275	285	4.65	1.28	14.71	6	1.42	1	2.84	7.98	14.71	5.19	399.45	380.97	0.095	5.647	0.62	36.87	499.9	1500	49	70.23	-0.642	0.236	1.0	-0.22	2.74	1.00	0.00	0.16	111115
6	"12:46:05"	226.5	0	13.7	0.275	285	4.65	1.28	14.71	6	1.42	1	2.84	7.99	14.71	5.20	399.53	381.00	0.096	5.647	0.62	36.87	499.9	1500	49	70.23	-0.642	0.236	1.0	-0.22	2.74	1.00	0.00	0.16	111115
7	"12:46:06"	227.0	0	13.7	0.275	285	4.65	1.28	14.70	6	1.42	1	2.84	7.99	14.70	5.20	399.56	380.98	0.096	5.646	0.62	36.86	499.9	1500	49	70.23	-0.642	0.236	1.0	-0.22	2.74	1.00	0.00	0.16	111115
8	"12:46:06"	227.5	0	13.7	0.275	285	4.65	1.28	14.70	6	1.42	1	2.84	7.99	14.70	5.20	399.62	381.01	0.096	5.647	0.63	36.86	499.9	1500	49	70.23	-0.642	0.236	1.0	-0.22	2.74	1.00	0.00	0.16	111115
9	"12:46:07"	228.0	0	13.8	0.275	285	4.65	1.28	14.70	6	1.42	1	2.84	7.99	14.70	5.20	399.70	381.04	0.096	5.648	0.63	36.86	499.9	1500	49	70.23	-0.642	0.236	1.0	-0.22	2.74	1.00	0.00	0.16	111115
10	"12:46:07"	228.5	0	13.8	0.276	284	4.65	1.28	14.70	6	1.42	1	2.84	7.99	14.70	5.20	399.78	381.08	0.097	5.648	0.63	36.86	499.9	1500	50	70.23	-0.642	0.236	1.0	-0.22	2.74	1.00	0.00	0.16	111115
11	"12:46:08"	229.0	0	13.9	0.276	284	4.65	1.28	14.70	6	1.42	1	2.84	7.99	14.70	5.21	399.86	381.08	0.097	5.649	0.64	36.86	499.9	1500	50	70.23	-0.642	0.236	1.0	-0.22	2.74	1.00	0.00	0.16	111115
12	"12:46:08"	229.5	0	13.9	0.276	284	4.65	1.28	14.70	6	1.42	1	2.84	7.99	14.70	5.21	399.89	381.13	0.098	5.649	0.64	36.86	499.9	1500	50	70.23	-0.642	0.236	1.0	-0.22	2.74	1.00	0.00	0.16	111115
13	"12:46:09"	230.0	0	13.9	0.275	284	4.65	1.28	14.70	6	1.42	1	2.84	8.00	14.70	5.21	399.91	381.13	0.098	5.649	0.64	36.85	499.9	1500	50	70.23	-0.642	0.236	1.0	-0.22	2.74	1.00	0.00	0.16	111115
14	"12:46:09"	230.5	0	13.9	0.275	284	4.65	1.28	14.70	6	1.42	1	2.84	8.00	14.70	5.21	399.96	381.09	0.098	5.650	0.64	36.86	499.9	1500	50	70.23	-0.642	0.236	1.0	-0.22	2.74	1.00	0.00	0.16	111115
15	"12:46:10"	231.0	0	14	0.276	284	4.65	1.28	14.70	6	1.42	1	2.84	8.00	14.70	5.21	400.01	381.12	0.098	5.651	0.64	36.86	499.9	1500	50	70.23	-0.642	0.236	1.0	-0.22	2.74	1.00	0.00	0.16	111115
"12:46:17 Coolers: Tblock -> 10.00 C"
"12:47:58 Flow: Fixed -> 500 umol/s"
16	"12:48:44"	385.5	0	14.3	0.273	279	4.93	1.37	16.52	6	1.42	1	2.84	11.78	16.52	9.98	399.89	380.48	1.479	7.356	7.49	37.25	499.8	1501	56	70.23	-1.38	0.224	1.0	-0.22	2.74	1.00	0.00	0.16	111115
17	"12:48:44"	385.5	0	14.3	0.273	279	4.93	1.37	16.52	6	1.42	1	2.84	11.78	16.52	9.98	399.89	380.48	1.479	7.356	7.49	37.25	499.8	1501	56	70.23	-1.38	0.224	1.0	-0.22	2.74	1.00	0.00	0.16	111115
18	"12:48:45"	386.0	0	14.3	0.273	279	4.93	1.37	16.52	6	1.42	1	2.84	11.78	16.52	9.98	399.95	380.50	1.480	7.357	7.49	37.25	499.8	1501	56	70.23	-1.38	0.224	1.0	-0.22	2.74	1.00	0.00	0.16	111115
19	"12:48:45"	386.5	0	14.4	0.273	279	4.93	1.37	16.52	6	1.42	1	2.84	11.78	16.52	9.98	400.01	380.52	1.481	7.358	7.50	37.25	499.8	1501	56	70.23	-1.38	0.224	1.0	-0.22	2.74	1.00	0.00	0.16	111115
20	"12:48:46"	387.0	0	14.4	0.273	279	4.93	1.37	16.52	6	1.42	1	2.84	11.78	16.52	9.98	400.07	380.55	1.482	7.359	7.50	37.26	499.8	1501	56	70.23	-1.38	0.224	1.0	-0.22	2.74	1.00	0.00	0.16	111115
21	"12:48:46"	387.5	0	14.4	0.273	279	4.93	1.37	16.52	6	1.42	1	2.84	11.78	16.52	9.98	400.07	380.57	1.483	7.360	7.51	37.26	499.8	1501	56	70.23	-1.38	0.224	1.0	-0.22	2.74	1.00	0.00	0.16	111115
22	"12:48:47"	388.0	0	14.4	0.273	279	4.93	1.37	16.52	6	1.42	1	2.84	11.78	16.52	9.98	400.03	380.55	1.483	7.361	7.51	37.26	499.8	1501	56	70.23	-1.38	0.224	1.0	-0.22	2.74	1.00	0.00	0.16	111115
23	"12:48:47"	388.5	0	14.3	0.272	279	4.93	1.37	16.52	6	1.42	1	2.84	11.78	16.52	9.98	399.97	380.54	1.484	7.361	7.52	37.27	499.8	1501	56	70.23	-1.38	0.224	1.0	-0.22	2.74	1.00	0.00	0.16	111115
24	"12:48:48"	389.0	0	14.2	0.272	280	4.93	1.37	16.52	6	1.42	1	2.84	11.78	16.52	9.98	399.88	380.58	1.486	7.361	7.52	37.26	499.8	1501	56	70.23	-1.38	0.224	1.0	-0.22	2.74	1.00	0.00	0.16	111115
25	"12:48:48"	389.5	0	14.2	0.272	280	4.93	1.37	16.53	6	1.42	1	2.84	11.78	16.53	9.98	399.83	380.59	1.487	7.361	7.53	37.26	499.8	1501	56	70.23	-1.38	0.224	1.0	-0.22	2.74	1.00	0.00	0.16	111115
26	"12:48:49"	390.0	0	14.1	0.272	280	4.93	1.37	16.53	6	1.42	1	2.84	11.78	16.53	9.98	399.81	380.59	1.488	7.362	7.53	37.27	499.8	1501	56	70.23	-1.38	0.224	1.0	-0.22	2.74	1.00	0.00	0.16	111115
27	"12:48:49"	390.5	0	14.1	0.272	280	4.93	1.37	16.54	6	1.42	1	2.84	11.78	16.54	9.99	399.82	380.58	1.489	7.364	7.54	37.28	499.9	1501	56	70.23	-1.38	0.224	1.0	-0.22	2.74	1.00	0.00	0.16	111115
28	"12:48:50"	391.0	0	14.1	0.272	280	4.93	1.37	16.54	6	1.42	1	2.84	11.78	16.54	9.99	399.82	380.60	1.489	7.365	7.54	37.28	499.9	1501	56	70.23	-1.38	0.224	1.0	-0.22	2.74	1.00	0.00	0.16	111115
29	"12:48:50"	391.5	0	14.1	0.272	280	4.93	1.37	16.54	6	1.42	1	2.84	11.78	16.54	9.99	399.82	380.59	1.490	7.366	7.54	37.29	499.9	1501	57	70.23	-1.38	0.224	1.0	-0.22	2.74	1.00	0.00	0.16	111115
30	"12:48:51"	392.0	0	14.2	0.272	280	4.93	1.37	16.54	6	1.42	1	2.84	11.78	16.54	9.99	399.86	380.59	1.490	7.368	7.54	37.30	499.9	1501	57	70.23	-1.38	0.224	1.0	-0.22	2.74	1.00	0.00	0.16	111115
"12:49:02 Coolers: Tblock -> 15.00 C"
"12:52:06 Flow: Fixed -> 500 umol/s"
31	"12:52:53"	635.0	0	14.3	0.263	275	4.97	1.42	18.05	6	1.42	1	2.84	15.69	18.05	15.07	399.25	379.83	3.474	9.378	13.64	36.82	499.9	1500	38	70.23	-1.41	0.222	1.0	-0.22	2.74	1.00	0.00	0.16	111115
32	"12:52:53"	635.0	0	14.3	0.263	275	4.97	1.42	18.05	6	1.42	1	2.84	15.69	18.05	15.07	399.25	379.83	3.474	9.378	13.64	36.82	499.9	1500	38	70.23	-1.41	0.222	1.0	-0.22	2.74	1.00	0.00	0.16	111115
33	"12:52:54"	635.5	0	14.3	0.263	275	4.96	1.42	18.05	6	1.42	1	2.84	15.69	18.05	15.07	399.26	379.81	3.476	9.379	13.65	36.83	499.9	1500	38	70.23	-1.41	0.222	1.0	-0.22	2.74	1.00	0.00	0.16	111115
34	"12:52:54"	636.0	0	14.3	0.263	275	4.96	1.42	18.04	6	1.42	1	2.84	15.69	18.04	15.07	399.25	379.84	3.477	9.378	13.65	36.83	499.9	1500	38	70.23	-1.41	0.222	1.0	-0.22	2.74	1.00	0.00	0.16	111115
35	"12:52:55"	636.5	0	14.3	0.263	276	4.96	1.42	18.05	6	1.42	1	2.84	15.69	18.05	15.07	399.20	379.83	3.479	9.377	13.66	36.82	499.9	1500	38	70.23	-1.41	0.222	1.0	-0.22	2.74	1.00	0.00	0.16	111115
36	"12:52:55"	637.0	0	14.3	0.263	276	4.96	1.42	18.04	6	1.42	1	2.84	15.69	18.04	15.07	399.16	379.79	3.481	9.377	13.67	36.82	499.9	1500	38	70.23	-1.41	0.222	1.0	-0.22	2.74	1.00	0.00	0.16	111115
37	"12:52:56"	637.5	0	14.2	0.263	276	4.96	1.42	18.04	6	1.42	1	2.84	15.69	18.04	15.07	399.09	379.82	3.484	9.377	13.68	36.82	499.8	1500	38	70.23	-1.41	0.222	1.0	-0.22	2.74	1.00	0.00	0.16	111115
38	"12:52:56"	638.0	0	14.2	0.263	276	4.96	1.42	18.04	6	1.42	1	2.84	15.69	18.04	15.07	399.05	379.80	3.485	9.378	13.68	36.82	499.8	1500	38	70.23	-1.41	0.222	1.0	-0.22	2.74	1.00	0.00	0.16	111115
39	"12:52:57"	638.5	0	14.1	0.263	276	4.95	1.42	18.04	6	1.42	1	2.84	15.69	18.04	15.07	399.02	379.81	3.486	9.377	13.69	36.82	499.8	1500	38	70.23	-1.41	0.222	1.0	-0.22	2.74	1.00	0.00	0.16	111115
40	"12:52:57"	639.0	0	14.1	0.263	277	4.95	1.42	18.04	6	1.42	1	2.84	15.69	18.04	15.07	398.99	379.85	3.488	9.377	13.69	36.82	499.9	1500	38	70.23	-1.41	0.222	1.0	-0.22	2.74	1.00	0.00	0.16	111115
41	"12:52:58"	639.5	0	14	0.263	277	4.95	1.42	18.04	6	1.42	1	2.84	15.69	18.04	15.07	398.98	379.86	3.489	9.377	13.70	36.82	499.8	1500	38	70.23	-1.41	0.222	1.0	-0.22	2.74	1.00	0.00	0.16	111115
42	"12:52:58"	640.0	0	14	0.263	277	4.95	1.42	18.04	6	1.42	1	2.84	15.69	18.04	15.07	398.98	379.86	3.490	9.378	13.70	36.82	499.9	1500	38	70.23	-1.41	0.222	1.0	-0.22	2.74	1.00	0.00	0.16	111115
43	"12:52:59"	640.5	0	14.1	0.263	277	4.95	1.42	18.04	6	1.42	1	2.84	15.69	18.04	15.07	399.03	379.87	3.492	9.380	13.71	36.83	499.9	1500	38	70.23	-1.41	0.222	1.0	-0.22	2.74	1.00	0.00	0.16	111115
44	"12:52:59"	641.0	0	14	0.263	277	4.95	1.42	18.04	6	1.42	1	2.84	15.69	18.04	15.07	399.01	379.89	3.492	9.379	13.71	36.82	499.9	1500	38	70.23	-1.41	0.222	1.0	-0.22	2.74	1.00	0.00	0.16	111115
45	"12:53:00"	641.5	0	14.1	0.263	277	4.95	1.42	18.03	6	1.42	1	2.84	15.69	18.03	15.07	399.05	379.88	3.491	9.380	13.71	36.83	499.9	1500	38	70.23	-1.41	0.222	1.0	-0.22	2.74	1.00	0.00	0.16	111115
"12:53:10 Coolers: Tblock -> 20.00 C"
"12:54:51 Flow: Fixed -> 500 umol/s"
46	"12:56:08"	829.5	0	14.1	0.257	275	4.96	1.45	19.46	6	1.42	1	2.84	19.49	19.46	19.96	399.08	379.95	5.850	11.732	18.07	36.24	500.0	1500	36	70.24	-1.7	0.195	1.0	-0.22	2.74	1.00	0.00	0.16	111115
47	"12:56:09"	829.5	0	14.1	0.257	275	4.96	1.45	19.46	6	1.42	1	2.84	19.49	19.46	19.96	399.08	379.95	5.850	11.732	18.07	36.24	500.0	1500	36	70.24	-1.7	0.195	1.0	-0.22	2.74	1.00	0.00	0.16	111115
48	"12:56:09"	830.0	0	14.1	0.257	274	4.96	1.45	19.46	6	1.42	1	2.84	19.49	19.46	19.96	399.11	379.93	5.850	11.731	18.07	36.24	499.9	1500	37	70.24	-1.7	0.195	1.0	-0.22	2.74	1.00	0.00	0.16	111115
49	"12:56:10"	830.5	0	14.1	0.257	275	4.96	1.45	19.47	6	1.42	1	2.84	19.49	19.47	19.96	399.06	379.92	5.848	11.732	18.06	36.24	499.9	1500	37	70.24	-1.7	0.195	1.0	-0.22	2.74	1.00	0.00	0.16	111115
50	"12:56:10"	831.0	0	14	0.257	275	4.96	1.45	19.47	6	1.42	1	2.84	19.49	19.47	19.96	399.08	379.96	5.848	11.731	18.06	36.24	499.9	1500	36	70.24	-1.7	0.195	1.0	-0.22	2.74	1.00	0.00	0.16	111115
51	"12:56:11"	831.5	0	14.1	0.257	274	4.96	1.45	19.47	6	1.42	1	2.84	19.50	19.47	19.96	399.09	379.90	5.845	11.731	18.05	36.23	499.8	1500	36	70.24	-1.7	0.195	1.0	-0.22	2.74	1.00	0.00	0.16	111115
52	"12:56:11"	832.0	0	14.1	0.257	274	4.97	1.45	19.46	6	1.42	1	2.84	19.50	19.46	19.96	399.13	379.89	5.843	11.734	18.04	36.24	499.8	1500	36	70.24	-1.7	0.195	1.0	-0.22	2.74	1.00	0.00	0.16	111115
53	"12:56:12"	832.5	0	14.2	0.257	274	4.97	1.45	19.46	6	1.42	1	2.84	19.50	19.46	19.96	399.16	379.90	5.843	11.735	18.04	36.24	499.8	1500	37	70.24	-1.7	0.195	1.0	-0.22	2.74	1.00	0.00	0.16	111115
54	"12:56:12"	833.0	0	14.1	0.257	274	4.97	1.45	19.46	6	1.42	1	2.84	19.50	19.46	19.97	399.18	379.94	5.844	11.735	18.04	36.23	499.9	1500	37	70.24	-1.7	0.195	1.0	-0.22	2.74	1.00	0.00	0.16	111115
55	"12:56:13"	833.5	0	14.2	0.258	274	4.97	1.44	19.46	6	1.42	1	2.84	19.50	19.46	19.97	399.21	379.94	5.845	11.737	18.05	36.24	499.9	1500	37	70.24	-1.7	0.195	1.0	-0.22	2.74	1.00	0.00	0.16	111115
56	"12:56:13"	834.0	0	14.1	0.258	274	4.97	1.44	19.46	6	1.42	1	2.84	19.50	19.46	19.97	399.20	379.97	5.845	11.736	18.04	36.23	499.9	1500	37	70.24	-1.7	0.195	1.0	-0.22	2.74	1.00	0.00	0.16	111115
57	"12:56:13"	834.5	0	14.1	0.258	274	4.97	1.44	19.46	6	1.42	1	2.84	19.50	19.46	19.97	399.22	379.99	5.846	11.738	18.05	36.24	499.9	1500	37	70.24	-1.7	0.195	1.0	-0.22	2.74	1.00	0.00	0.16	111115
58	"12:56:14"	835.0	0	14.1	0.258	275	4.97	1.44	19.46	6	1.42	1	2.84	19.50	19.46	19.97	399.17	379.99	5.846	11.739	18.05	36.24	500.0	1500	37	70.24	-1.7	0.195	1.0	-0.22	2.74	1.00	0.00	0.16	111115
59	"12:56:14"	835.5	0	14.1	0.258	275	4.97	1.44	19.46	6	1.42	1	2.84	19.50	19.46	19.97	399.18	380.02	5.848	11.739	18.05	36.23	500.0	1500	37	70.24	-1.7	0.195	1.0	-0.22	2.74	1.00	0.00	0.16	111115
60	"12:56:15"	836.0	0	14	0.258	275	4.97	1.44	19.46	6	1.42	1	2.84	19.51	19.46	19.97	399.19	380.07	5.849	11.737	18.05	36.23	500.0	1500	37	70.24	-1.7	0.195	1.0	-0.22	2.74	1.00	0.00	0.16	111115
"12:56:29 Coolers: Tblock -> 25.00 C"
"12:58:49 Flow: Fixed -> 500 umol/s"
"12:59:24 Lamp: ParIn ->  1500 uml"
"12:59:24 CO2 Mixer: CO2R -> 400 uml"
"12:59:24 Coolers: Tblock -> 25.00 C"
"12:59:24 Flow: Fixed -> 500 umol/s"
61	"12:59:30"	1032.0	0	14	0.248	273	5.03	1.51	21.34	6	1.42	1	2.84	23.67	21.34	25.04	400.74	381.63	8.865	14.812	21.20	35.43	499.9	1501	35	70.24	-2.15	0.146	1.0	-0.22	2.74	1.00	0.00	0.16	111115
62	"12:59:31"	1032.0	0	14	0.248	273	5.03	1.51	21.34	6	1.42	1	2.84	23.67	21.34	25.04	400.74	381.63	8.865	14.812	21.20	35.43	499.9	1501	35	70.24	-2.15	0.146	1.0	-0.22	2.74	1.00	0.00	0.16	111115
63	"12:59:31"	1032.5	0	14	0.248	273	5.03	1.51	21.35	6	1.42	1	2.84	23.67	21.35	25.04	400.69	381.54	8.863	14.815	21.20	35.43	499.9	1501	35	70.24	-2.15	0.146	0.7	-0.22	2.74	1.00	0.00	0.16	111115
64	"12:59:32"	1033.0	0	14	0.248	273	5.04	1.51	21.35	6	1.42	1	2.84	23.68	21.35	25.04	400.60	381.46	8.862	14.819	21.19	35.44	499.9	1501	35	70.24	-2.15	0.146	0.7	-0.22	2.74	1.00	0.00	0.16	111115
65	"12:59:32"	1033.5	0	13.9	0.249	274	5.04	1.51	21.35	6	1.42	1	2.84	23.68	21.35	25.04	400.49	381.45	8.862	14.822	21.19	35.44	499.9	1501	35	70.24	-2.15	0.146	0.7	-0.22	2.74	1.00	0.00	0.16	111115
66	"12:59:33"	1034.0	0	13.9	0.249	274	5.04	1.51	21.36	6	1.42	1	2.84	23.68	21.36	25.04	400.38	381.41	8.861	14.822	21.19	35.44	499.9	1501	35	70.24	-2.15	0.146	0.7	-0.22	2.74	1.00	0.00	0.16	111115
67	"12:59:33"	1034.5	0	13.9	0.248	274	5.04	1.51	21.36	6	1.42	1	2.84	23.68	21.36	25.04	400.31	381.37	8.862	14.823	21.18	35.44	499.9	1501	35	70.24	-2.15	0.146	0.7	-0.22	2.74	1.00	0.00	0.16	111115
68	"12:59:34"	1035.0	0	13.9	0.249	274	5.05	1.51	21.36	6	1.42	1	2.84	23.68	21.36	25.04	400.26	381.28	8.860	14.826	21.18	35.44	499.9	1501	35	70.24	-2.15	0.146	0.7	-0.22	2.74	1.00	0.00	0.16	111115
69	"12:59:34"	1035.5	0	13.9	0.249	274	5.05	1.51	21.36	6	1.42	1	2.84	23.68	21.36	25.04	400.22	381.23	8.858	14.828	21.17	35.44	499.9	1501	35	70.24	-2.15	0.146	0.7	-0.22	2.74	1.00	0.00	0.16	111115
70	"12:59:35"	1036.0	0	13.9	0.249	274	5.05	1.51	21.36	6	1.42	1	2.84	23.69	21.36	25.04	400.16	381.18	8.856	14.830	21.17	35.44	499.9	1501	35	70.24	-2.15	0.146	0.7	-0.22	2.74	1.00	0.00	0.16	111115
71	"12:59:35"	1036.5	0	13.9	0.249	274	5.05	1.51	21.37	6	1.42	1	2.84	23.69	21.37	25.04	400.10	381.14	8.856	14.829	21.16	35.44	499.9	1501	35	70.24	-2.15	0.146	0.7	-0.22	2.74	1.00	0.00	0.16	111115
72	"12:59:36"	1037.0	0	13.9	0.249	274	5.05	1.51	21.37	6	1.42	1	2.84	23.69	21.37	25.04	400.06	381.09	8.855	14.826	21.16	35.43	499.9	1501	35	70.24	-2.15	0.146	0.7	-0.22	2.74	1.00	0.00	0.16	111115
73	"12:59:36"	1037.5	0	13.9	0.249	274	5.05	1.51	21.37	6	1.42	1	2.84	23.69	21.37	25.04	400.06	381.07	8.853	14.828	21.15	35.43	499.9	1501	35	70.24	-2.15	0.146	0.7	-0.22	2.74	1.00	0.00	0.16	111115
74	"12:59:37"	1038.0	0	14	0.249	273	5.06	1.51	21.37	6	1.42	1	2.84	23.69	21.37	25.04	400.08	381.02	8.852	14.830	21.15	35.43	499.9	1501	35	70.24	-2.15	0.146	0.7	-0.22	2.74	1.00	0.00	0.16	111115
75	"12:59:37"	1038.5	0	13.9	0.249	273	5.06	1.51	21.38	6	1.42	1	2.84	23.69	21.38	25.04	400.02	381.00	8.850	14.832	21.14	35.43	499.9	1501	35	70.24	-2.15	0.146	0.7	-0.22	2.74	1.00	0.00	0.16	111115
"13:00:00 Coolers: Tblock -> 30.00 C"
"13:03:26 Flow: Fixed -> 500 umol/s"
"13:04:27 Flow: Fixed -> 500 umol/s"
76	"13:04:57"	1359.0	0	13.7	0.226	263	5.86	1.9	25.56	6	1.42	1	2.84	28.64	25.56	30.12	399.44	380.36	12.876	19.767	22.96	35.25	500.0	1498	74	70.23	-1.69	0.103	1.0	-0.22	2.74	1.00	0.00	0.16	111115
77	"13:04:57"	1359.0	0	13.7	0.226	263	5.86	1.9	25.56	6	1.42	1	2.84	28.64	25.56	30.12	399.44	380.36	12.876	19.767	22.96	35.25	500.0	1498	74	70.23	-1.69	0.103	1.0	-0.22	2.74	1.00	0.00	0.16	111115
78	"13:04:58"	1359.5	0	13.7	0.226	263	5.86	1.9	25.56	6	1.42	1	2.84	28.64	25.56	30.12	399.43	380.37	12.877	19.767	22.96	35.25	500.0	1498	73	70.23	-1.69	0.103	1.0	-0.22	2.74	1.00	0.00	0.16	111115
79	"13:04:58"	1360.0	0	13.6	0.226	263	5.85	1.9	25.56	6	1.42	1	2.84	28.64	25.56	30.12	399.43	380.38	12.880	19.767	22.96	35.24	500.0	1498	72	70.23	-1.69	0.103	1.0	-0.22	2.74	1.00	0.00	0.16	111115
80	"13:04:59"	1360.5	0	13.7	0.226	263	5.85	1.9	25.56	6	1.42	1	2.84	28.64	25.56	30.12	399.45	380.39	12.881	19.768	22.97	35.25	499.9	1499	71	70.23	-1.69	0.103	1.0	-0.22	2.74	1.00	0.00	0.16	111115
81	"13:04:59"	1361.0	0	13.7	0.226	263	5.85	1.9	25.56	6	1.42	1	2.84	28.64	25.56	30.12	399.51	380.40	12.882	19.769	22.97	35.24	499.9	1499	71	70.23	-1.69	0.103	1.0	-0.22	2.74	1.00	0.00	0.16	111115
82	"13:05:00"	1361.5	0	13.7	0.226	263	5.85	1.9	25.56	6	1.42	1	2.84	28.64	25.56	30.12	399.53	380.43	12.883	19.769	22.97	35.24	499.9	1499	70	70.23	-1.69	0.103	1.0	-0.22	2.74	1.00	0.00	0.16	111115
83	"13:05:00"	1362.0	0	13.7	0.226	263	5.85	1.9	25.56	6	1.42	1	2.84	28.64	25.56	30.12	399.55	380.47	12.884	19.767	22.97	35.24	499.8	1499	69	70.23	-1.69	0.103	1.0	-0.22	2.74	1.00	0.00	0.16	111115
84	"13:05:01"	1362.5	0	13.7	0.226	263	5.85	1.9	25.56	6	1.42	1	2.84	28.64	25.56	30.12	399.60	380.50	12.886	19.769	22.97	35.24	499.8	1499	69	70.23	-1.69	0.103	1.0	-0.22	2.74	1.00	0.00	0.16	111115
85	"13:05:01"	1363.0	0	13.7	0.226	263	5.85	1.9	25.56	6	1.42	1	2.84	28.65	25.56	30.12	399.66	380.54	12.888	19.770	22.97	35.24	499.8	1500	69	70.23	-1.69	0.103	1.0	-0.22	2.74	1.00	0.00	0.16	111115
86	"13:05:02"	1363.5	0	13.7	0.226	263	5.85	1.9	25.56	6	1.42	1	2.84	28.65	25.56	30.12	399.72	380.58	12.889	19.771	22.97	35.24	499.9	1500	69	70.23	-1.69	0.103	1.0	-0.22	2.74	1.00	0.00	0.16	111115
87	"13:05:02"	1364.0	0	13.7	0.226	263	5.85	1.9	25.56	6	1.42	1	2.84	28.65	25.56	30.12	399.79	380.64	12.890	19.773	22.97	35.24	499.9	1500	68	70.23	-1.69	0.103	1.0	-0.22	2.74	1.00	0.00	0.16	111115
88	"13:05:03"	1364.5	0	13.7	0.226	263	5.85	1.9	25.56	6	1.42	1	2.84	28.65	25.56	30.12	399.82	380.67	12.892	19.773	22.97	35.23	499.9	1500	68	70.23	-1.69	0.103	1.0	-0.22	2.74	1.00	0.00	0.16	111115
89	"13:05:03"	1365.0	0	13.7	0.226	263	5.85	1.9	25.56	6	1.42	1	2.84	28.65	25.56	30.12	399.80	380.70	12.893	19.774	22.97	35.23	500.0	1500	68	70.23	-1.69	0.103	1.0	-0.22	2.74	1.00	0.00	0.16	111115
90	"13:05:04"	1365.5	0	13.7	0.226	263	5.85	1.9	25.57	6	1.42	1	2.84	28.65	25.57	30.12	399.82	380.72	12.895	19.776	22.97	35.23	500.0	1500	68	70.23	-1.69	0.103	1.0	-0.22	2.74	1.00	0.00	0.16	111115
"13:05:17 Coolers: Tblock -> 35.00 C"
"13:10:33 Flow: Fixed -> 500 umol/s"
"13:11:34 Flow: Fixed -> 500 umol/s"
91	"13:12:04"	1786.0	0	12.7	0.189	252	5.45	2.07	28.18	6	1.42	1	2.84	32.92	28.18	35.00	398.78	381.03	18.720	25.093	26.13	35.03	499.9	1500	36	70.23	-1.27	0.027	1.0	-0.22	2.74	1.00	0.00	0.16	111115
92	"13:12:05"	1786.0	0	12.7	0.189	252	5.45	2.07	28.18	6	1.42	1	2.84	32.92	28.18	35.00	398.78	381.03	18.720	25.093	26.13	35.03	499.9	1500	36	70.23	-1.27	0.027	1.0	-0.22	2.74	1.00	0.00	0.16	111115
93	"13:12:05"	1786.5	0	12.7	0.189	252	5.44	2.07	28.17	6	1.42	1	2.84	32.92	28.17	35.00	398.77	381.03	18.718	25.089	26.13	35.02	499.9	1500	36	70.23	-1.27	0.027	1.0	-0.22	2.74	1.00	0.00	0.16	111115
94	"13:12:06"	1787.0	0	12.7	0.189	252	5.44	2.07	28.17	6	1.42	1	2.84	32.93	28.17	35.00	398.75	381.02	18.717	25.089	26.13	35.02	499.9	1500	36	70.23	-1.27	0.027	1.0	-0.22	2.74	1.00	0.00	0.16	111115
95	"13:12:06"	1787.5	0	12.7	0.189	252	5.45	2.07	28.17	6	1.42	1	2.84	32.93	28.17	35.00	398.71	381.02	18.716	25.088	26.12	35.02	499.9	1501	36	70.23	-1.27	0.027	1.0	-0.22	2.74	1.00	0.00	0.16	111115
96	"13:12:07"	1788.0	0	12.7	0.189	252	5.44	2.07	28.17	6	1.42	1	2.84	32.93	28.17	35.00	398.75	381.04	18.716	25.087	26.12	35.02	499.8	1501	36	70.23	-1.27	0.027	1.0	-0.22	2.74	1.00	0.00	0.16	111115
97	"13:12:07"	1788.5	0	12.7	0.189	252	5.44	2.07	28.17	6	1.42	1	2.84	32.93	28.17	35.00	398.73	381.05	18.715	25.084	26.12	35.01	499.8	1501	36	70.23	-1.27	0.027	1.0	-0.22	2.74	1.00	0.00	0.16	111115
98	"13:12:08"	1789.0	0	12.7	0.189	252	5.44	2.07	28.17	6	1.42	1	2.84	32.93	28.17	35.00	398.74	381.04	18.714	25.083	26.12	35.01	499.8	1501	36	70.23	-1.27	0.027	1.0	-0.22	2.74	1.00	0.00	0.16	111115
99	"13:12:08"	1789.5	0	12.7	0.189	252	5.44	2.07	28.17	6	1.42	1	2.84	32.93	28.17	35.00	398.77	381.05	18.713	25.083	26.12	35.01	499.8	1501	36	70.23	-1.27	0.027	1.0	-0.22	2.74	1.00	0.00	0.16	111115
100	"13:12:09"	1790.0	0	12.7	0.189	252	5.44	2.07	28.16	6	1.42	1	2.84	32.93	28.16	35.00	398.77	381.05	18.711	25.083	26.11	35.01	499.8	1501	36	70.23	-1.27	0.027	1.0	-0.22	2.74	1.00	0.00	0.16	111115
101	"13:12:09"	1790.5	0	12.7	0.189	252	5.45	2.07	28.16	6	1.42	1	2.84	32.93	28.16	35.01	398.76	381.04	18.709	25.082	26.11	35.00	499.8	1501	36	70.23	-1.27	0.027	1.0	-0.22	2.74	1.00	0.00	0.16	111115
102	"13:12:10"	1791.0	0	12.7	0.189	252	5.44	2.07	28.16	6	1.42	1	2.84	32.93	28.16	35.01	398.78	381.07	18.709	25.080	26.11	35.00	499.8	1501	36	70.23	-1.27	0.027	1.0	-0.22	2.74	1.00	0.00	0.16	111115
103	"13:12:10"	1791.5	0	12.7	0.189	252	5.44	2.07	28.17	6	1.42	1	2.84	32.93	28.17	35.01	398.80	381.06	18.708	25.077	26.11	35.00	499.8	1501	36	70.23	-1.27	0.027	1.0	-0.22	2.74	1.00	0.00	0.16	111115
104	"13:12:11"	1792.0	0	12.7	0.189	252	5.45	2.07	28.17	6	1.42	1	2.84	32.93	28.17	35.01	398.79	381.03	18.705	25.077	26.11	35.00	499.9	1501	36	70.23	-1.27	0.027	1.0	-0.22	2.74	1.00	0.00	0.16	111115
105	"13:12:11"	1792.5	0	12.8	0.189	251	5.45	2.07	28.17	6	1.42	1	2.84	32.93	28.17	35.01	398.84	381.01	18.701	25.079	26.10	35.00	499.9	1501	36	70.23	-1.27	0.027	1.0	-0.22	2.74	1.00	0.00	0.16	111115
