"OPEN 6.2.4"
"Thr Jul  2 2015 12:03:36"
<open><version>"6.2.4"</version></open>
<open><configfile>"/User/Configs/UserPrefs/2x3 LED.xml"</configfile></open>
<open><light><source>"6400-02 or -02B LED Source"</source><par_in>1<sensor>"SI-3781"<cal>-0.93<actinity>1.00</actinity><transm>1.00</transm></cal></sensor><transm>1</transm></par_in><par_out>1<sensor>"Q49599"<cal>7.26</cal></sensor></par_out></light></open>
<open><comps><file>"/User/Configs/Comps/StdComps_6.2"<header>""</header><extras></extras></file><energybal>no<f_parIn>1</f_parIn><f_parOut>0</f_parOut><alphaK>0.16</alphaK></energybal><bc_total>2.840<stomatal_ratio>1</stomatal_ratio><bc_oneside>1.420<type>2</type><table>"/Sys/Lib/StdBLCTable"</table><area>6</area><slope>-0.219565</slope><offset>2.73739</offset><fan>5</fan></bc_oneside></bc_total></comps></open>
<open><prompts><onlog>off</onlog><items>"Default (none)"</items></prompts></open>
<open><constants><oxygen>21 %</oxygen><bb_vapor>1.5</bb_vapor><bb_oxy>0.9</bb_oxy></constants></open>
<open><stability><items>"Std Stability"<items[1]><id>-2</id><size>15</size><pcv><onoff>0</onoff><value>1</value></pcv><std><onoff>0</onoff><value>1</value></std><slp><onoff>1</onoff><value>1</value></slp></items[1]><items[2]><id>-5</id><size>15</size><pcv><onoff>0</onoff><value>1</value></pcv><std><onoff>0</onoff><value>1</value></std><slp><onoff>1</onoff><value>1</value></slp></items[2]><items[3]><id>-7</id><size>15</size><pcv><onoff>0</onoff><value>1</value></pcv><std><onoff>0</onoff><value>1</value></std><slp><onoff>1</onoff><value>1</value></slp></items[3]></items></stability></open>
<open><log><format>"StdLogFmt_6.0"<items>{ -35 -21 -36 -76 30 23 36 21 25 221 -33 111 -34 11 -9 -10 -8 -1 -2 -4 -5 -14 -15 -7 -12 -13 -11 -65 -66 -72 -18 -19 -77 -78 -79 -23  }<hdr>{  }</hdr></items></format><options><beep>on</beep><hdr>normal</hdr><rem>normal</rem><stab>no</stab><stats>no<mean>no</mean><file>no</file><period>15</period></stats><excel>yes</excel><controls>yes</controls><comm>no</comm></options><datafile>"/User/stm-pbchan2"</datafile><button><action>"Normal Log"<code>" LogOneObsManual "</code></action></button><autoprog>"/User/Configs/AutoProgs/AutoLog2"<active>no</active></autoprog></log></open>
<open><a2d><avgtime>4.0 secs</avgtime><userchans><ch20>"Off"</ch20><ch21>"Off"</ch21><ch22>"Off"</ch22><ch23>"Off"</ch23></userchans></a2d></open>
<open><matching><type>0</type><disp>'a'</disp><settings><CO2Limit>10.0</CO2Limit><H2OLimit>1.0</H2OLimit><MaxAutoTime>60</MaxAutoTime></settings></matching></open>
<li6400><factory><unit>"PSC-3840"</unit><serviced>"1 Jul 2013"</serviced><fuseaware>0</fuseaware><co2mixer>yes</co2mixer><co2><coeffs>{ 0 0.213319 2.22998e-05 2.13159e-08 -3.88664e-12 3.69888e-16  }</coeffs><dvdt>-4.7</dvdt><xs>{ 0.0009 -0.0002  }</xs></co2><h2o><coeffs>{ 0 0.00572751 2.23485e-06 -7.37877e-12  }</coeffs><dvdt>-1.7</dvdt><xs>{ 0.0009 -0.0028  }</xs></h2o><flow>{ 0 0.3568  }</flow><press>{ 88.437 0.00551  }</press></factory></li6400>
<li6400><user><flow_zero>-468.8</flow_zero><irga_zero><co2>429.7 390.6<at>17.6901</at></co2><h2o>78.1 156.2<at>17.1607</at></h2o></irga_zero><irga_span><co2>{ 0.99237 0.992833  }</co2><h2o>{ 1.00426 0.996799  }</h2o></irga_span><irga_match><co2>{ 0.368307 -0.082269  }</co2><h2o>{ 0.00477181 0.0903934  }</h2o></irga_match><co2_mixer><pump_mv>4500</pump_mv><ppm>{ 2287.2 1080.71 423.89 257.488 117.195 68.0056 44.5242 37.9628  }</ppm><mv>{ 5000 3000 1500 1000 500 300 200 100  }</mv></co2_mixer><parin_offset>0</parin_offset><led_cal><unit>"SI-3781"</unit><mv>{ 10 25 50 100 1000 2000 3000 4000 5000  }</mv><qntm>{ 4.69642 15.4417 35.4805 82.2863 972.665 1922.29 2824.32 3690.14 4518.2  }</qntm></led_cal><lcf_cal><unit>"unknown"</unit><red><mv>{ 50 100 500 1000 1500 5000  }</mv><qntm>{ 50 100 500 1000 2000 5000  }</qntm></red><blue><mv>{ 100 200 500 1000 2000 5000  }</mv><qntm>{ 10 20 50 100 200 500  }</qntm></blue></lcf_cal></user></li6400>
"12:03:37 "
$STARTOFDATA$
"Obs"	"HHMMSS"	"FTime"	"EBal?"	"Photo"	"Cond"	"Ci"	"Trmmol"	"VpdL"	"CTleaf"	"Area"	"BLC_1"	"StmRat"	"BLCond"	"Tair"	"Tleaf"	"TBlk"	"CO2R"	"CO2S"	"H2OR"	"H2OS"	"RH_R"	"RH_S"	"Flow"	"PARi"	"PARo"	"Press"	"CsMch"	"HsMch"	"StableF"	"BLCslope"	"BLCoffst"	"f_parin"	"f_parout"	"alphaK"	"Status"
"12:17:10 Coolers: Tblock -> 3.50 C"
"12:17:48 Flow: Fixed -> 500 umol/s"
1	"12:18:24"	897.0	0	18.6	0.707	318	6.08	0.726	9.89	6	1.42	1	2.84	5.84	9.89	3.56	400.35	375.25	0.029	7.275	0.21	53.62	499.9	1499	41	68.42	-0.233	0.255	0.7	-0.22	2.74	1.00	0.00	0.16	111115
2	"12:18:24"	897.0	0	18.6	0.707	318	6.08	0.726	9.89	6	1.42	1	2.84	5.84	9.89	3.56	400.35	375.25	0.029	7.275	0.21	53.62	499.9	1499	41	68.42	-0.233	0.255	0.7	-0.22	2.74	1.00	0.00	0.16	111115
3	"12:18:25"	897.5	0	18.6	0.707	318	6.08	0.726	9.90	6	1.42	1	2.84	5.84	9.90	3.56	400.34	375.25	0.029	7.275	0.21	53.62	499.9	1499	41	68.42	-0.233	0.255	0.7	-0.22	2.74	1.00	0.00	0.16	111115
4	"12:18:25"	898.0	0	18.6	0.707	318	6.08	0.726	9.89	6	1.42	1	2.84	5.84	9.89	3.56	400.34	375.27	0.028	7.274	0.20	53.61	499.9	1499	41	68.42	-0.233	0.255	0.7	-0.22	2.74	1.00	0.00	0.16	111115
5	"12:18:26"	898.5	0	18.6	0.707	318	6.08	0.726	9.89	6	1.42	1	2.84	5.84	9.89	3.56	400.36	375.26	0.028	7.273	0.21	53.60	500.0	1499	41	68.42	-0.233	0.255	0.7	-0.22	2.74	1.00	0.00	0.16	111115
6	"12:18:26"	899.0	0	18.6	0.707	318	6.08	0.726	9.89	6	1.42	1	2.84	5.84	9.89	3.56	400.37	375.28	0.028	7.272	0.20	53.60	500.0	1499	41	68.42	-0.233	0.255	0.7	-0.22	2.74	1.00	0.00	0.16	111115
7	"12:18:27"	899.5	0	18.6	0.707	318	6.08	0.726	9.89	6	1.42	1	2.84	5.84	9.89	3.56	400.38	375.31	0.027	7.271	0.20	53.59	500.0	1499	41	68.42	-0.233	0.255	0.7	-0.22	2.74	1.00	0.00	0.16	111115
8	"12:18:27"	900.0	0	18.6	0.707	318	6.08	0.726	9.89	6	1.42	1	2.84	5.84	9.89	3.56	400.37	375.30	0.027	7.270	0.20	53.59	500.0	1499	41	68.42	-0.233	0.255	0.7	-0.22	2.74	1.00	0.00	0.16	111115
9	"12:18:28"	900.5	0	18.6	0.707	319	6.08	0.725	9.88	6	1.42	1	2.84	5.84	9.88	3.56	400.34	375.31	0.026	7.269	0.19	53.58	500.0	1499	41	68.42	-0.233	0.255	0.7	-0.22	2.74	1.00	0.00	0.16	111115
10	"12:18:28"	901.0	0	18.6	0.707	319	6.08	0.725	9.88	6	1.42	1	2.84	5.83	9.88	3.56	400.31	375.30	0.026	7.267	0.20	53.57	500.0	1499	41	68.42	-0.233	0.255	0.7	-0.22	2.74	1.00	0.00	0.16	111115
11	"12:18:29"	901.5	0	18.6	0.707	319	6.08	0.725	9.87	6	1.42	1	2.84	5.83	9.87	3.56	400.28	375.28	0.027	7.266	0.20	53.56	499.9	1499	41	68.42	-0.233	0.255	0.7	-0.22	2.74	1.00	0.00	0.16	111115
12	"12:18:29"	902.0	0	18.6	0.707	318	6.08	0.725	9.87	6	1.42	1	2.84	5.83	9.87	3.56	400.28	375.23	0.027	7.266	0.20	53.57	499.9	1499	41	68.42	-0.233	0.255	0.7	-0.22	2.74	1.00	0.00	0.16	111115
"12:18:37 Coolers: Tblock -> 8.00 C"
"12:20:02 Flow: Fixed -> 500 umol/s"
13	"12:20:18"	1010.0	0	19.5	0.667	310	6.45	0.806	11.18	6	1.42	1	2.84	9.06	11.18	8.06	398.96	372.71	0.024	7.707	0.14	45.57	499.9	1499	43	68.42	-0.819	0.229	1.0	-0.22	2.74	1.00	0.00	0.16	111115
14	"12:20:18"	1010.0	0	19.5	0.667	310	6.45	0.806	11.18	6	1.42	1	2.84	9.06	11.18	8.06	398.96	372.71	0.024	7.707	0.14	45.57	499.9	1499	43	68.42	-0.819	0.229	1.0	-0.22	2.74	1.00	0.00	0.16	111115
15	"12:20:19"	1010.5	0	19.5	0.667	310	6.45	0.806	11.18	6	1.42	1	2.84	9.06	11.18	8.06	398.93	372.69	0.024	7.708	0.14	45.56	499.9	1499	43	68.42	-0.819	0.229	0.7	-0.22	2.74	1.00	0.00	0.16	111115
16	"12:20:19"	1011.0	0	19.5	0.667	310	6.45	0.806	11.18	6	1.42	1	2.84	9.07	11.18	8.06	398.92	372.67	0.025	7.708	0.15	45.56	499.9	1499	43	68.42	-0.819	0.229	0.7	-0.22	2.74	1.00	0.00	0.16	111115
17	"12:20:20"	1011.5	0	19.5	0.667	310	6.45	0.806	11.19	6	1.42	1	2.84	9.07	11.19	8.06	398.99	372.70	0.025	7.709	0.15	45.56	499.9	1499	43	68.42	-0.819	0.229	0.7	-0.22	2.74	1.00	0.00	0.16	111115
18	"12:20:20"	1012.0	0	19.5	0.667	310	6.45	0.807	11.19	6	1.42	1	2.84	9.07	11.19	8.06	399.00	372.70	0.026	7.710	0.15	45.56	499.9	1499	43	68.42	-0.819	0.229	0.7	-0.22	2.74	1.00	0.00	0.16	111115
19	"12:20:21"	1012.5	0	19.5	0.667	310	6.45	0.807	11.19	6	1.42	1	2.84	9.07	11.19	8.06	399.01	372.73	0.026	7.711	0.15	45.55	499.9	1499	43	68.42	-0.819	0.229	0.7	-0.22	2.74	1.00	0.00	0.16	111115
20	"12:20:21"	1013.0	0	19.5	0.666	310	6.45	0.807	11.19	6	1.42	1	2.84	9.08	11.19	8.06	399.00	372.75	0.026	7.711	0.15	45.55	499.9	1499	44	68.42	-0.819	0.229	1.0	-0.22	2.74	1.00	0.00	0.16	111115
21	"12:20:22"	1013.5	0	19.5	0.667	310	6.46	0.807	11.19	6	1.42	1	2.84	9.08	11.19	8.06	399.04	372.74	0.026	7.714	0.15	45.56	499.9	1499	44	68.42	-0.819	0.229	1.0	-0.22	2.74	1.00	0.00	0.16	111115
22	"12:20:22"	1014.0	0	19.5	0.667	310	6.46	0.806	11.19	6	1.42	1	2.84	9.08	11.19	8.06	399.07	372.73	0.026	7.716	0.15	45.57	499.9	1499	44	68.42	-0.819	0.229	1.0	-0.22	2.74	1.00	0.00	0.16	111115
23	"12:20:23"	1014.5	0	19.6	0.668	310	6.46	0.807	11.20	6	1.42	1	2.84	9.08	11.20	8.06	399.09	372.72	0.025	7.718	0.15	45.57	499.9	1499	44	68.42	-0.819	0.229	1.0	-0.22	2.74	1.00	0.00	0.16	111115
24	"12:20:23"	1015.0	0	19.5	0.667	310	6.46	0.807	11.20	6	1.42	1	2.84	9.08	11.20	8.06	399.09	372.74	0.025	7.719	0.15	45.57	499.9	1499	44	68.42	-0.819	0.229	1.0	-0.22	2.74	1.00	0.00	0.16	111115
25	"12:20:24"	1015.5	0	19.5	0.668	310	6.46	0.807	11.20	6	1.42	1	2.84	9.09	11.20	8.06	399.08	372.73	0.024	7.720	0.14	45.57	500.0	1499	44	68.42	-0.819	0.229	1.0	-0.22	2.74	1.00	0.00	0.16	111115
26	"12:20:24"	1016.0	0	19.6	0.668	310	6.46	0.807	11.20	6	1.42	1	2.84	9.09	11.20	8.06	399.08	372.71	0.024	7.720	0.14	45.57	500.0	1499	44	68.42	-0.819	0.229	1.0	-0.22	2.74	1.00	0.00	0.16	111115
27	"12:20:25"	1016.5	0	19.6	0.668	310	6.46	0.807	11.20	6	1.42	1	2.84	9.09	11.20	8.06	399.09	372.72	0.024	7.721	0.14	45.57	500.0	1499	44	68.42	-0.819	0.229	1.0	-0.22	2.74	1.00	0.00	0.16	111115
"12:20:33 Coolers: Tblock -> 13.00 C"
"12:22:14 Flow: Fixed -> 500 umol/s"
"12:23:29 Flow: Fixed -> 500 umol/s"
28	"12:23:35"	1208.5	0	21.1	0.617	299	7.24	0.961	13.48	6	1.42	1	2.84	13.22	13.48	13.14	399.43	370.91	0.014	8.621	0.06	38.67	500.0	1499	210	68.42	-0.985	0.215	0.7	-0.22	2.74	1.00	0.00	0.16	111115
29	"12:23:36"	1208.5	0	21.1	0.617	299	7.24	0.961	13.48	6	1.42	1	2.84	13.22	13.48	13.14	399.43	370.91	0.014	8.621	0.06	38.67	500.0	1499	210	68.42	-0.985	0.215	0.7	-0.22	2.74	1.00	0.00	0.16	111115
30	"12:23:36"	1209.0	0	21	0.617	299	7.24	0.962	13.48	6	1.42	1	2.84	13.23	13.48	13.14	399.37	370.89	0.013	8.621	0.06	38.66	499.9	1499	209	68.42	-0.985	0.215	0.7	-0.22	2.74	1.00	0.00	0.16	111115
31	"12:23:37"	1209.5	0	21	0.617	299	7.24	0.962	13.49	6	1.42	1	2.84	13.23	13.49	13.14	399.37	370.89	0.012	8.623	0.06	38.66	499.9	1500	209	68.42	-0.985	0.215	0.7	-0.22	2.74	1.00	0.00	0.16	111115
32	"12:23:37"	1210.0	0	21.1	0.617	299	7.24	0.962	13.49	6	1.42	1	2.84	13.23	13.49	13.14	399.36	370.83	0.012	8.626	0.05	38.67	499.9	1500	208	68.42	-0.985	0.215	0.7	-0.22	2.74	1.00	0.00	0.16	111115
33	"12:23:38"	1210.5	0	21.1	0.617	298	7.24	0.962	13.49	6	1.42	1	2.84	13.23	13.49	13.14	399.36	370.81	0.012	8.628	0.05	38.68	499.9	1500	208	68.42	-0.985	0.215	0.7	-0.22	2.74	1.00	0.00	0.16	111115
34	"12:23:38"	1211.0	0	21.1	0.617	298	7.24	0.962	13.50	6	1.42	1	2.84	13.24	13.50	13.14	399.37	370.82	0.012	8.629	0.05	38.68	499.9	1500	208	68.42	-0.985	0.215	0.7	-0.22	2.74	1.00	0.00	0.16	111115
35	"12:23:39"	1211.5	0	21.1	0.617	298	7.24	0.963	13.50	6	1.42	1	2.84	13.24	13.50	13.14	399.38	370.82	0.011	8.629	0.05	38.67	499.9	1500	208	68.42	-0.985	0.215	0.7	-0.22	2.74	1.00	0.00	0.16	111115
36	"12:23:39"	1212.0	0	21.1	0.617	298	7.24	0.963	13.50	6	1.42	1	2.84	13.24	13.50	13.14	399.39	370.84	0.011	8.630	0.05	38.67	499.9	1500	209	68.42	-0.985	0.215	0.7	-0.22	2.74	1.00	0.00	0.16	111115
37	"12:23:40"	1212.5	0	21.1	0.617	298	7.24	0.963	13.51	6	1.42	1	2.84	13.24	13.51	13.14	399.41	370.83	0.011	8.631	0.05	38.67	499.8	1500	209	68.42	-0.985	0.215	0.7	-0.22	2.74	1.00	0.00	0.16	111115
38	"12:23:40"	1213.0	0	21.1	0.617	298	7.25	0.963	13.51	6	1.42	1	2.84	13.24	13.51	13.14	399.45	370.84	0.010	8.634	0.05	38.67	499.9	1500	210	68.42	-0.985	0.215	0.7	-0.22	2.74	1.00	0.00	0.16	111115
39	"12:23:41"	1213.5	0	21.1	0.617	298	7.25	0.964	13.51	6	1.42	1	2.84	13.25	13.51	13.14	399.44	370.87	0.010	8.636	0.05	38.68	499.9	1500	211	68.42	-0.985	0.215	0.7	-0.22	2.74	1.00	0.00	0.16	111115
40	"12:23:41"	1214.0	0	21.1	0.616	298	7.25	0.964	13.52	6	1.42	1	2.84	13.25	13.52	13.14	399.44	370.89	0.010	8.636	0.05	38.68	499.9	1500	212	68.42	-0.985	0.215	0.7	-0.22	2.74	1.00	0.00	0.16	111115
41	"12:23:42"	1214.5	0	21.1	0.616	299	7.25	0.964	13.52	6	1.42	1	2.84	13.25	13.52	13.14	399.45	370.93	0.010	8.638	0.05	38.68	499.9	1500	213	68.42	-0.985	0.215	0.7	-0.22	2.74	1.00	0.00	0.16	111115
42	"12:23:42"	1215.0	0	21.1	0.616	298	7.25	0.965	13.53	6	1.42	1	2.84	13.25	13.53	13.14	399.47	370.89	0.011	8.641	0.05	38.69	499.9	1500	214	68.42	-0.985	0.215	0.7	-0.22	2.74	1.00	0.00	0.16	111115
"12:23:51 Coolers: Tblock -> 18.00 C"
"12:27:43 Flow: Fixed -> 500 umol/s"
43	"12:27:59"	1472.0	0	23	0.535	280	8.38	1.25	17.46	6	1.42	1	2.84	17.93	17.46	18.02	400.89	369.57	1.058	11.005	3.51	36.51	499.9	1500	162	68.41	-0.635	0.197	1.0	-0.22	2.74	1.00	0.00	0.16	111115
44	"12:27:59"	1472.0	0	23	0.535	280	8.38	1.25	17.46	6	1.42	1	2.84	17.93	17.46	18.02	400.89	369.57	1.058	11.005	3.51	36.51	499.9	1500	162	68.41	-0.635	0.197	1.0	-0.22	2.74	1.00	0.00	0.16	111115
45	"12:28:00"	1472.5	0	23	0.535	280	8.38	1.25	17.46	6	1.42	1	2.84	17.93	17.46	18.02	400.91	369.53	1.057	11.006	3.51	36.51	500.0	1500	162	68.41	-0.635	0.197	1.0	-0.22	2.74	1.00	0.00	0.16	111115
46	"12:28:00"	1473.0	0	23	0.534	280	8.38	1.25	17.46	6	1.42	1	2.84	17.93	17.46	18.02	400.91	369.53	1.056	11.004	3.50	36.50	499.9	1500	162	68.41	-0.635	0.197	1.0	-0.22	2.74	1.00	0.00	0.16	111115
47	"12:28:01"	1473.5	0	23.1	0.534	280	8.38	1.25	17.46	6	1.42	1	2.84	17.94	17.46	18.02	400.92	369.54	1.056	11.004	3.50	36.49	499.9	1500	162	68.41	-0.635	0.197	1.0	-0.22	2.74	1.00	0.00	0.16	111115
48	"12:28:01"	1474.0	0	23	0.534	280	8.38	1.25	17.46	6	1.42	1	2.84	17.94	17.46	18.02	400.93	369.55	1.054	11.004	3.50	36.49	499.9	1500	161	68.41	-0.635	0.197	1.0	-0.22	2.74	1.00	0.00	0.16	111115
49	"12:28:02"	1474.5	0	23	0.534	280	8.38	1.25	17.47	6	1.42	1	2.84	17.94	17.47	18.02	400.91	369.59	1.054	11.005	3.49	36.49	499.9	1500	161	68.41	-0.635	0.197	1.0	-0.22	2.74	1.00	0.00	0.16	111115
50	"12:28:02"	1475.0	0	23	0.534	280	8.39	1.25	17.47	6	1.42	1	2.84	17.94	17.47	18.02	400.90	369.59	1.054	11.007	3.49	36.49	499.9	1500	162	68.41	-0.635	0.197	1.0	-0.22	2.74	1.00	0.00	0.16	111115
51	"12:28:03"	1475.5	0	23	0.534	280	8.39	1.25	17.47	6	1.42	1	2.84	17.94	17.47	18.02	400.88	369.58	1.053	11.008	3.49	36.49	499.9	1500	162	68.41	-0.635	0.197	1.0	-0.22	2.74	1.00	0.00	0.16	111115
52	"12:28:03"	1476.0	0	23	0.534	280	8.39	1.25	17.48	6	1.42	1	2.84	17.95	17.48	18.02	400.85	369.58	1.052	11.010	3.49	36.49	499.9	1500	162	68.41	-0.635	0.197	1.0	-0.22	2.74	1.00	0.00	0.16	111115
53	"12:28:04"	1476.5	0	22.9	0.534	280	8.39	1.25	17.48	6	1.42	1	2.84	17.95	17.48	18.02	400.86	369.63	1.052	11.010	3.49	36.49	499.9	1500	163	68.41	-0.635	0.197	1.0	-0.22	2.74	1.00	0.00	0.16	111115
54	"12:28:04"	1477.0	0	22.9	0.534	280	8.39	1.25	17.49	6	1.42	1	2.84	17.95	17.49	18.02	400.89	369.64	1.051	11.013	3.48	36.49	499.9	1500	163	68.41	-0.635	0.197	1.0	-0.22	2.74	1.00	0.00	0.16	111115
55	"12:28:05"	1477.5	0	22.9	0.534	280	8.4	1.25	17.49	6	1.42	1	2.84	17.95	17.49	18.02	400.92	369.69	1.050	11.015	3.48	36.50	500.0	1500	164	68.41	-0.635	0.197	1.0	-0.22	2.74	1.00	0.00	0.16	111115
56	"12:28:05"	1478.0	0	22.9	0.534	281	8.4	1.25	17.49	6	1.42	1	2.84	17.95	17.49	18.02	400.94	369.72	1.049	11.015	3.48	36.49	499.9	1500	164	68.41	-0.635	0.197	1.0	-0.22	2.74	1.00	0.00	0.16	111115
57	"12:28:06"	1478.5	0	23	0.534	280	8.4	1.25	17.50	6	1.42	1	2.84	17.96	17.50	18.02	401.01	369.72	1.048	11.015	3.47	36.49	500.0	1500	164	68.41	-0.635	0.197	1.0	-0.22	2.74	1.00	0.00	0.16	111115
"12:28:18 Coolers: Tblock -> 23.00 C"
"12:31:47 Flow: Fixed -> 500 umol/s"
58	"12:32:07"	1720.5	0	22.9	0.435	264	8.1	1.43	20.55	6	1.42	1	2.84	22.34	20.55	23.10	400.65	369.57	4.959	14.543	12.52	36.72	499.9	1499	51	68.41	-0.485	0.176	1.0	-0.22	2.74	1.00	0.00	0.16	111115
59	"12:32:08"	1720.5	0	22.9	0.435	264	8.1	1.43	20.55	6	1.42	1	2.84	22.34	20.55	23.10	400.65	369.57	4.959	14.543	12.52	36.72	499.9	1499	51	68.41	-0.485	0.176	1.0	-0.22	2.74	1.00	0.00	0.16	111115
60	"12:32:08"	1721.0	0	22.9	0.435	264	8.1	1.43	20.55	6	1.42	1	2.84	22.35	20.55	23.10	400.60	369.55	4.958	14.540	12.52	36.71	499.9	1499	51	68.41	-0.485	0.176	1.0	-0.22	2.74	1.00	0.00	0.16	111115
61	"12:32:09"	1721.5	0	22.8	0.435	264	8.1	1.43	20.55	6	1.42	1	2.84	22.35	20.55	23.10	400.58	369.57	4.957	14.537	12.51	36.70	500.0	1499	51	68.41	-0.485	0.176	1.0	-0.22	2.74	1.00	0.00	0.16	111115
62	"12:32:09"	1722.0	0	22.9	0.434	264	8.1	1.43	20.55	6	1.42	1	2.84	22.35	20.55	23.10	400.60	369.57	4.957	14.534	12.51	36.69	500.0	1499	51	68.41	-0.485	0.176	1.0	-0.22	2.74	1.00	0.00	0.16	111115
63	"12:32:10"	1722.5	0	22.9	0.434	264	8.1	1.43	20.55	6	1.42	1	2.84	22.35	20.55	23.10	400.63	369.58	4.956	14.532	12.51	36.68	500.0	1499	51	68.41	-0.485	0.176	1.0	-0.22	2.74	1.00	0.00	0.16	111115
64	"12:32:10"	1723.0	0	22.9	0.434	264	8.09	1.43	20.55	6	1.42	1	2.84	22.35	20.55	23.10	400.65	369.61	4.955	14.529	12.51	36.67	500.0	1499	51	68.41	-0.485	0.176	1.0	-0.22	2.74	1.00	0.00	0.16	111115
65	"12:32:10"	1723.0	0	22.9	0.434	264	8.09	1.43	20.55	6	1.42	1	2.84	22.35	20.55	23.10	400.65	369.61	4.955	14.529	12.51	36.67	500.0	1499	51	68.41	-0.485	0.176	1.0	-0.22	2.74	1.00	0.00	0.16	111115
66	"12:32:11"	1723.5	0	22.9	0.434	263	8.09	1.43	20.55	6	1.42	1	2.84	22.35	20.55	23.10	400.69	369.60	4.954	14.525	12.50	36.66	499.9	1499	51	68.41	-0.485	0.176	1.0	-0.22	2.74	1.00	0.00	0.16	111115
67	"12:32:11"	1724.0	0	22.9	0.434	263	8.09	1.43	20.55	6	1.42	1	2.84	22.35	20.55	23.10	400.71	369.62	4.954	14.523	12.50	36.65	499.9	1499	51	68.41	-0.485	0.176	1.0	-0.22	2.74	1.00	0.00	0.16	111115
68	"12:32:12"	1724.5	0	22.9	0.433	263	8.09	1.43	20.55	6	1.42	1	2.84	22.35	20.55	23.10	400.73	369.66	4.954	14.521	12.50	36.64	499.9	1499	51	68.41	-0.485	0.176	1.0	-0.22	2.74	1.00	0.00	0.16	111115
69	"12:32:12"	1725.0	0	22.9	0.433	263	8.09	1.44	20.56	6	1.42	1	2.84	22.35	20.56	23.10	400.75	369.68	4.954	14.520	12.50	36.64	499.9	1499	51	68.41	-0.485	0.176	1.0	-0.22	2.74	1.00	0.00	0.16	111115
70	"12:32:13"	1725.5	0	22.9	0.433	263	8.09	1.44	20.56	6	1.42	1	2.84	22.35	20.56	23.10	400.79	369.69	4.954	14.517	12.50	36.63	499.9	1499	52	68.41	-0.485	0.176	1.0	-0.22	2.74	1.00	0.00	0.16	111115
71	"12:32:13"	1726.0	0	23	0.433	263	8.09	1.44	20.56	6	1.42	1	2.84	22.35	20.56	23.10	400.84	369.70	4.953	14.516	12.50	36.63	499.9	1499	52	68.41	-0.485	0.176	1.0	-0.22	2.74	1.00	0.00	0.16	111115
72	"12:32:14"	1726.5	0	23	0.432	263	8.08	1.44	20.56	6	1.42	1	2.84	22.35	20.56	23.10	400.87	369.73	4.952	14.512	12.50	36.62	499.9	1499	52	68.41	-0.485	0.176	1.0	-0.22	2.74	1.00	0.00	0.16	111115
"12:32:32 Coolers: Tblock -> 28.00 C"
"12:35:49 Flow: Fixed -> 500 umol/s"
"12:36:59 Flow: Fixed -> 500 umol/s"
73	"12:37:17"	2030.0	0	20.5	0.261	224	6.11	1.69	23.61	6	1.42	1	2.84	26.47	23.61	27.98	399.45	372.07	10.809	18.010	21.31	35.51	499.9	1499	115	68.41	-0.8	0.164	1.0	-0.22	2.74	1.00	0.00	0.16	111115
74	"12:37:17"	2030.0	0	20.5	0.261	224	6.11	1.69	23.61	6	1.42	1	2.84	26.47	23.61	27.98	399.45	372.07	10.809	18.010	21.31	35.51	499.9	1499	115	68.41	-0.8	0.164	1.0	-0.22	2.74	1.00	0.00	0.16	111115
75	"12:37:18"	2030.0	0	20.5	0.261	224	6.11	1.69	23.61	6	1.42	1	2.84	26.47	23.61	27.98	399.45	372.07	10.809	18.010	21.31	35.51	499.9	1499	115	68.41	-0.8	0.164	1.0	-0.22	2.74	1.00	0.00	0.16	111115
76	"12:37:18"	2030.5	0	20.5	0.261	224	6.11	1.69	23.61	6	1.42	1	2.84	26.47	23.61	27.98	399.44	372.09	10.810	18.008	21.31	35.51	499.9	1499	119	68.41	-0.8	0.164	1.0	-0.22	2.74	1.00	0.00	0.16	111115
77	"12:37:19"	2031.0	0	20.5	0.261	225	6.1	1.69	23.61	6	1.42	1	2.84	26.47	23.61	27.98	399.42	372.13	10.810	18.004	21.32	35.50	499.9	1500	124	68.41	-0.8	0.164	1.0	-0.22	2.74	1.00	0.00	0.16	111115
78	"12:37:19"	2031.5	0	20.4	0.261	225	6.1	1.69	23.61	6	1.42	1	2.84	26.47	23.61	27.98	399.39	372.21	10.812	18.002	21.32	35.50	499.9	1500	130	68.41	-0.8	0.164	1.0	-0.22	2.74	1.00	0.00	0.16	111115
79	"12:37:20"	2032.0	0	20.4	0.261	225	6.1	1.7	23.62	6	1.42	1	2.84	26.47	23.62	27.98	399.45	372.20	10.811	18.000	21.32	35.49	499.9	1500	135	68.41	-0.8	0.164	1.0	-0.22	2.74	1.00	0.00	0.16	111115
80	"12:37:20"	2032.5	0	20.5	0.26	225	6.1	1.7	23.62	6	1.42	1	2.84	26.47	23.62	27.98	399.49	372.22	10.811	17.996	21.32	35.48	499.9	1500	140	68.41	-0.8	0.164	1.0	-0.22	2.74	1.00	0.00	0.16	111115
81	"12:37:21"	2033.0	0	20.4	0.26	225	6.1	1.7	23.62	6	1.42	1	2.84	26.47	23.62	27.98	399.50	372.24	10.812	17.995	21.31	35.48	499.9	1500	145	68.41	-0.8	0.164	0.7	-0.22	2.74	1.00	0.00	0.16	111115
82	"12:37:21"	2033.5	0	20.4	0.26	225	6.1	1.7	23.62	6	1.42	1	2.84	26.48	23.62	27.98	399.51	372.29	10.813	17.996	21.31	35.47	500.0	1500	150	68.41	-0.8	0.164	0.7	-0.22	2.74	1.00	0.00	0.16	111115
83	"12:37:22"	2034.0	0	20.4	0.26	225	6.1	1.7	23.62	6	1.42	1	2.84	26.48	23.62	27.98	399.52	372.30	10.813	17.997	21.31	35.47	500.0	1500	155	68.41	-0.8	0.164	0.7	-0.22	2.74	1.00	0.00	0.16	111115
84	"12:37:22"	2034.5	0	20.4	0.26	225	6.1	1.7	23.63	6	1.42	1	2.84	26.48	23.63	27.98	399.52	372.30	10.811	17.994	21.31	35.46	500.0	1500	158	68.41	-0.8	0.164	0.7	-0.22	2.74	1.00	0.00	0.16	111115
85	"12:37:23"	2035.0	0	20.4	0.26	225	6.09	1.7	23.63	6	1.42	1	2.84	26.48	23.63	27.98	399.53	372.32	10.811	17.993	21.31	35.46	500.0	1500	160	68.41	-0.8	0.164	0.7	-0.22	2.74	1.00	0.00	0.16	111115
86	"12:37:23"	2035.5	0	20.4	0.26	224	6.09	1.7	23.63	6	1.42	1	2.84	26.48	23.63	27.98	399.56	372.30	10.811	17.989	21.30	35.45	500.0	1500	160	68.41	-0.8	0.164	0.7	-0.22	2.74	1.00	0.00	0.16	111115
87	"12:37:24"	2036.0	0	20.4	0.259	225	6.09	1.7	23.64	6	1.42	1	2.84	26.49	23.64	27.98	399.54	372.33	10.811	17.987	21.30	35.44	499.9	1500	158	68.41	-0.8	0.164	0.7	-0.22	2.74	1.00	0.00	0.16	111115
"12:37:38 Coolers: Tblock -> 33.00 C"
"12:42:57 Flow: Fixed -> 500 umol/s"
88	"12:43:14"	2387.0	0	17.4	0.178	200	4.9	1.92	26.78	6	1.42	1	2.84	30.79	26.78	33.06	400.99	377.93	17.767	23.512	27.27	36.09	500.0	1500	43	68.41	-0.323	0.112	1.0	-0.22	2.74	1.00	0.00	0.16	111115
89	"12:43:15"	2387.0	0	17.4	0.178	200	4.9	1.92	26.78	6	1.42	1	2.84	30.79	26.78	33.06	400.99	377.93	17.767	23.512	27.27	36.09	500.0	1500	43	68.41	-0.323	0.112	1.0	-0.22	2.74	1.00	0.00	0.16	111115
90	"12:43:15"	2387.5	0	17.4	0.178	200	4.9	1.92	26.78	6	1.42	1	2.84	30.79	26.78	33.06	400.96	377.91	17.767	23.512	27.27	36.09	500.0	1500	43	68.41	-0.323	0.112	1.0	-0.22	2.74	1.00	0.00	0.16	111115
91	"12:43:16"	2388.0	0	17.4	0.178	200	4.9	1.93	26.78	6	1.42	1	2.84	30.79	26.78	33.06	400.95	377.90	17.766	23.512	27.27	36.09	500.0	1500	43	68.41	-0.323	0.112	1.0	-0.22	2.74	1.00	0.00	0.16	111115
92	"12:43:16"	2388.5	0	17.3	0.178	200	4.9	1.93	26.78	6	1.42	1	2.84	30.79	26.78	33.06	400.92	377.90	17.764	23.509	27.27	36.08	499.9	1500	43	68.41	-0.323	0.112	1.0	-0.22	2.74	1.00	0.00	0.16	111115
93	"12:43:17"	2389.0	0	17.3	0.178	200	4.9	1.93	26.78	6	1.42	1	2.84	30.79	26.78	33.06	400.93	377.90	17.763	23.509	27.26	36.08	499.9	1500	43	68.41	-0.323	0.112	1.0	-0.22	2.74	1.00	0.00	0.16	111115
94	"12:43:17"	2389.5	0	17.4	0.178	200	4.9	1.93	26.78	6	1.42	1	2.84	30.79	26.78	33.06	400.93	377.86	17.762	23.509	27.26	36.08	499.9	1500	43	68.41	-0.323	0.112	1.0	-0.22	2.74	1.00	0.00	0.16	111115
95	"12:43:18"	2390.0	0	17.4	0.178	200	4.9	1.93	26.78	6	1.42	1	2.84	30.79	26.78	33.06	400.92	377.84	17.761	23.508	27.26	36.08	499.9	1500	43	68.41	-0.323	0.112	1.0	-0.22	2.74	1.00	0.00	0.16	111115
96	"12:43:18"	2390.5	0	17.4	0.178	200	4.9	1.92	26.78	6	1.42	1	2.84	30.79	26.78	33.06	400.92	377.87	17.759	23.507	27.25	36.07	499.9	1500	43	68.41	-0.323	0.112	1.0	-0.22	2.74	1.00	0.00	0.16	111115
97	"12:43:19"	2391.0	0	17.4	0.178	200	4.91	1.92	26.78	6	1.42	1	2.84	30.79	26.78	33.06	400.94	377.88	17.757	23.506	27.25	36.07	499.9	1500	43	68.41	-0.323	0.112	1.0	-0.22	2.74	1.00	0.00	0.16	111115
98	"12:43:19"	2391.5	0	17.4	0.178	200	4.9	1.92	26.78	6	1.42	1	2.84	30.79	26.78	33.06	400.97	377.92	17.756	23.504	27.25	36.07	499.9	1500	43	68.41	-0.323	0.112	1.0	-0.22	2.74	1.00	0.00	0.16	111115
99	"12:43:20"	2392.0	0	17.3	0.178	200	4.9	1.92	26.78	6	1.42	1	2.84	30.79	26.78	33.06	400.99	377.95	17.756	23.503	27.24	36.06	499.9	1500	44	68.41	-0.323	0.112	1.0	-0.22	2.74	1.00	0.00	0.16	111115
100	"12:43:20"	2392.5	0	17.3	0.178	201	4.9	1.92	26.78	6	1.42	1	2.84	30.79	26.78	33.06	401.01	377.97	17.756	23.503	27.24	36.06	499.9	1500	44	68.41	-0.323	0.112	1.0	-0.22	2.74	1.00	0.00	0.16	111115
101	"12:43:21"	2393.0	0	17.3	0.178	201	4.9	1.93	26.78	6	1.42	1	2.84	30.80	26.78	33.06	401.00	377.97	17.754	23.501	27.24	36.06	499.9	1500	44	68.41	-0.323	0.112	1.0	-0.22	2.74	1.00	0.00	0.16	111115
102	"12:43:21"	2393.5	0	17.3	0.178	201	4.9	1.93	26.78	6	1.42	1	2.84	30.80	26.78	33.06	400.99	377.97	17.753	23.500	27.24	36.05	499.9	1500	44	68.41	-0.323	0.112	1.0	-0.22	2.74	1.00	0.00	0.16	111115
