"OPEN 6.2.4"
"Fri Jun 26 2015 13:36:07"
<open><version>"6.2.4"</version></open>
<open><configfile>"/User/Configs/UserPrefs/2x3 LED.xml"</configfile></open>
<open><light><source>"6400-02 or -02B LED Source"</source><par_in>1<sensor>"SI-3781"<cal>-0.93<actinity>1.00</actinity><transm>1.00</transm></cal></sensor><transm>1</transm></par_in><par_out>1<sensor>"Q49599"<cal>7.26</cal></sensor></par_out></light></open>
<open><comps><file>"/User/Configs/Comps/StdComps_6.2"<header>""</header><extras></extras></file><energybal>no<f_parIn>1</f_parIn><f_parOut>0</f_parOut><alphaK>0.16</alphaK></energybal><bc_total>2.840<stomatal_ratio>1</stomatal_ratio><bc_oneside>1.420<type>2</type><table>"/Sys/Lib/StdBLCTable"</table><area>6</area><slope>-0.219565</slope><offset>2.73739</offset><fan>5</fan></bc_oneside></bc_total></comps></open>
<open><prompts><onlog>off</onlog><items>"Default (none)"</items></prompts></open>
<open><constants><oxygen>21 %</oxygen><bb_vapor>1.5</bb_vapor><bb_oxy>0.9</bb_oxy></constants></open>
<open><stability><items>"Std Stability"<items[1]><id>-2</id><size>15</size><pcv><onoff>0</onoff><value>1</value></pcv><std><onoff>0</onoff><value>1</value></std><slp><onoff>1</onoff><value>1</value></slp></items[1]><items[2]><id>-5</id><size>15</size><pcv><onoff>0</onoff><value>1</value></pcv><std><onoff>0</onoff><value>1</value></std><slp><onoff>1</onoff><value>1</value></slp></items[2]><items[3]><id>-7</id><size>15</size><pcv><onoff>0</onoff><value>1</value></pcv><std><onoff>0</onoff><value>1</value></std><slp><onoff>1</onoff><value>1</value></slp></items[3]></items></stability></open>
<open><log><format>"StdLogFmt_6.0"<items>{ -35 -21 -36 -76 30 23 36 21 25 221 -33 111 -34 11 -9 -10 -8 -1 -2 -4 -5 -14 -15 -7 -12 -13 -11 -65 -66 -72 -18 -19 -77 -78 -79 -23  }<hdr>{  }</hdr></items></format><options><beep>on</beep><hdr>normal</hdr><rem>normal</rem><stab>no</stab><stats>no<mean>no</mean><file>no</file><period>15</period></stats><excel>yes</excel><controls>yes</controls><comm>no</comm></options><datafile>"/User/stm-rpoga2"</datafile><button><action>"Normal Log"<code>" LogOneObsManual "</code></action></button><autoprog>"/User/Configs/AutoProgs/AutoLog2"<active>no</active></autoprog></log></open>
<open><a2d><avgtime>4.0 secs</avgtime><userchans><ch20>"Off"</ch20><ch21>"Off"</ch21><ch22>"Off"</ch22><ch23>"Off"</ch23></userchans></a2d></open>
<open><matching><type>0</type><disp>'a'</disp><settings><CO2Limit>10.0</CO2Limit><H2OLimit>1.0</H2OLimit><MaxAutoTime>60</MaxAutoTime></settings></matching></open>
<li6400><factory><unit>"PSC-3840"</unit><serviced>"1 Jul 2013"</serviced><fuseaware>0</fuseaware><co2mixer>yes</co2mixer><co2><coeffs>{ 0 0.213319 2.22998e-05 2.13159e-08 -3.88664e-12 3.69888e-16  }</coeffs><dvdt>-4.7</dvdt><xs>{ 0.0009 -0.0002  }</xs></co2><h2o><coeffs>{ 0 0.00572751 2.23485e-06 -7.37877e-12  }</coeffs><dvdt>-1.7</dvdt><xs>{ 0.0009 -0.0028  }</xs></h2o><flow>{ 0 0.3568  }</flow><press>{ 88.437 0.00551  }</press></factory></li6400>
<li6400><user><flow_zero>-468.8</flow_zero><irga_zero><co2>429.7 390.6<at>17.6901</at></co2><h2o>78.1 156.2<at>17.1607</at></h2o></irga_zero><irga_span><co2>{ 0.99237 0.992833  }</co2><h2o>{ 1.00426 0.996799  }</h2o></irga_span><irga_match><co2>{ 0.368307 0.716736  }</co2><h2o>{ 0.00477181 0.287399  }</h2o></irga_match><co2_mixer><pump_mv>4500</pump_mv><ppm>{ 2287.2 1080.71 423.89 257.488 117.195 68.0056 44.5242 37.9628  }</ppm><mv>{ 5000 3000 1500 1000 500 300 200 100  }</mv></co2_mixer><parin_offset>0</parin_offset><led_cal><unit>"SI-3781"</unit><mv>{ 10 25 50 100 1000 2000 3000 4000 5000  }</mv><qntm>{ 4.69642 15.4417 35.4805 82.2863 972.665 1922.29 2824.32 3690.14 4518.2  }</qntm></led_cal><lcf_cal><unit>"unknown"</unit><red><mv>{ 50 100 500 1000 1500 5000  }</mv><qntm>{ 50 100 500 1000 2000 5000  }</qntm></red><blue><mv>{ 100 200 500 1000 2000 5000  }</mv><qntm>{ 10 20 50 100 200 500  }</qntm></blue></lcf_cal></user></li6400>
"13:36:09 "
$STARTOFDATA$
"Obs"	"HHMMSS"	"FTime"	"EBal?"	"Photo"	"Cond"	"Ci"	"Trmmol"	"VpdL"	"CTleaf"	"Area"	"BLC_1"	"StmRat"	"BLCond"	"Tair"	"Tleaf"	"TBlk"	"CO2R"	"CO2S"	"H2OR"	"H2OS"	"RH_R"	"RH_S"	"Flow"	"PARi"	"PARo"	"Press"	"CsMch"	"HsMch"	"StableF"	"BLCslope"	"BLCoffst"	"f_parin"	"f_parout"	"alphaK"	"Status"
"13:43:43 Coolers: Tblock -> 9.71 C"
"13:46:41 Flow: Fixed -> 500 umol/s"
1	"13:47:31"	686.5	0	15.7	0.261	265	4.49	1.35	16.48	6	1.42	1	2.84	12.51	16.48	9.80	398.98	378.11	1.835	7.189	9.24	36.19	499.9	1499	187	73.28	0.483	0.309	1.0	-0.22	2.74	1.00	0.00	0.16	111115
2	"13:47:31"	686.5	0	15.7	0.261	265	4.49	1.35	16.48	6	1.42	1	2.84	12.51	16.48	9.80	398.98	378.11	1.835	7.189	9.24	36.19	499.9	1499	187	73.28	0.483	0.309	1.0	-0.22	2.74	1.00	0.00	0.16	111115
3	"13:47:31"	687.0	0	15.7	0.261	265	4.49	1.35	16.48	6	1.42	1	2.84	12.51	16.48	9.80	398.99	378.10	1.834	7.189	9.23	36.19	499.9	1499	187	73.28	0.483	0.309	1.0	-0.22	2.74	1.00	0.00	0.16	111115
4	"13:47:32"	687.5	0	15.7	0.261	265	4.49	1.35	16.48	6	1.42	1	2.84	12.51	16.48	9.80	398.95	378.09	1.833	7.190	9.23	36.20	499.9	1499	187	73.28	0.483	0.309	1.0	-0.22	2.74	1.00	0.00	0.16	111115
5	"13:47:32"	688.0	0	15.7	0.261	265	4.49	1.35	16.47	6	1.42	1	2.84	12.51	16.47	9.80	398.95	378.08	1.833	7.190	9.23	36.19	499.9	1499	187	73.28	0.483	0.309	1.0	-0.22	2.74	1.00	0.00	0.16	111115
6	"13:47:33"	688.5	0	15.7	0.262	265	4.5	1.35	16.47	6	1.42	1	2.84	12.51	16.47	9.80	398.96	378.06	1.833	7.190	9.23	36.20	499.9	1499	187	73.28	0.483	0.309	0.7	-0.22	2.74	1.00	0.00	0.16	111115
7	"13:47:33"	689.0	0	15.7	0.262	265	4.5	1.35	16.47	6	1.42	1	2.84	12.51	16.47	9.80	398.96	378.05	1.832	7.191	9.22	36.20	499.8	1499	187	73.28	0.483	0.309	0.7	-0.22	2.74	1.00	0.00	0.16	111115
8	"13:47:34"	689.5	0	15.7	0.262	265	4.5	1.35	16.47	6	1.42	1	2.84	12.51	16.47	9.80	398.94	378.01	1.832	7.192	9.22	36.20	499.8	1499	187	73.28	0.483	0.309	0.7	-0.22	2.74	1.00	0.00	0.16	111115
9	"13:47:34"	690.0	0	15.8	0.262	264	4.5	1.35	16.47	6	1.42	1	2.84	12.51	16.47	9.80	398.94	377.97	1.831	7.192	9.22	36.20	499.8	1499	187	73.28	0.483	0.309	0.7	-0.22	2.74	1.00	0.00	0.16	111115
10	"13:47:35"	690.5	0	15.8	0.262	264	4.5	1.35	16.47	6	1.42	1	2.84	12.51	16.47	9.80	398.93	377.97	1.831	7.193	9.22	36.20	499.8	1499	187	73.28	0.483	0.309	0.7	-0.22	2.74	1.00	0.00	0.16	111115
11	"13:47:35"	691.0	0	15.8	0.262	264	4.5	1.35	16.48	6	1.42	1	2.84	12.51	16.48	9.80	398.91	377.95	1.831	7.195	9.22	36.21	499.8	1499	187	73.28	0.483	0.309	0.7	-0.22	2.74	1.00	0.00	0.16	111115
12	"13:47:36"	691.5	0	15.7	0.262	265	4.5	1.35	16.48	6	1.42	1	2.84	12.51	16.48	9.80	398.89	377.95	1.832	7.196	9.22	36.22	499.8	1499	187	73.28	0.483	0.309	0.7	-0.22	2.74	1.00	0.00	0.16	111115
13	"13:47:36"	692.0	0	15.7	0.262	265	4.5	1.35	16.48	6	1.42	1	2.84	12.51	16.48	9.79	398.85	377.92	1.831	7.197	9.21	36.22	499.9	1499	187	73.28	0.483	0.309	0.7	-0.22	2.74	1.00	0.00	0.16	111115
14	"13:47:37"	692.5	0	15.7	0.262	265	4.51	1.35	16.48	6	1.42	1	2.84	12.52	16.48	9.79	398.85	377.91	1.830	7.199	9.21	36.23	499.9	1499	187	73.28	0.483	0.309	0.7	-0.22	2.74	1.00	0.00	0.16	111115
15	"13:47:37"	693.0	0	15.7	0.262	265	4.51	1.35	16.48	6	1.42	1	2.84	12.51	16.48	9.79	398.86	377.93	1.830	7.200	9.21	36.23	499.9	1499	187	73.28	0.483	0.309	0.7	-0.22	2.74	1.00	0.00	0.16	111115
"13:47:45 Coolers: Tblock -> 15.00 C"
"13:50:44 Flow: Fixed -> 500 umol/s"
16	"13:51:27"	922.5	0	16.5	0.269	262	5.17	1.51	18.89	6	1.42	1	2.84	16.61	18.89	15.07	400.71	378.55	3.141	9.288	12.13	35.87	499.9	1500	184	73.27	-0.175	0.296	1.0	-0.22	2.74	1.00	0.00	0.16	111115
17	"13:51:27"	922.5	0	16.5	0.269	262	5.17	1.51	18.89	6	1.42	1	2.84	16.61	18.89	15.07	400.71	378.55	3.141	9.288	12.13	35.87	499.9	1500	184	73.27	-0.175	0.296	1.0	-0.22	2.74	1.00	0.00	0.16	111115
18	"13:51:27"	923.0	0	16.5	0.269	262	5.17	1.51	18.89	6	1.42	1	2.84	16.61	18.89	15.07	400.70	378.56	3.141	9.290	12.13	35.87	499.9	1501	184	73.27	-0.175	0.296	1.0	-0.22	2.74	1.00	0.00	0.16	111115
19	"13:51:28"	923.5	0	16.5	0.269	262	5.17	1.51	18.90	6	1.42	1	2.84	16.62	18.90	15.07	400.72	378.56	3.141	9.290	12.13	35.87	499.9	1500	184	73.27	-0.175	0.296	1.0	-0.22	2.74	1.00	0.00	0.16	111115
20	"13:51:28"	924.0	0	16.5	0.269	262	5.17	1.51	18.90	6	1.42	1	2.84	16.62	18.90	15.07	400.74	378.55	3.140	9.291	12.12	35.87	499.9	1501	184	73.27	-0.175	0.296	1.0	-0.22	2.74	1.00	0.00	0.16	111115
21	"13:51:29"	924.5	0	16.5	0.269	262	5.17	1.51	18.90	6	1.42	1	2.84	16.62	18.90	15.07	400.75	378.55	3.139	9.291	12.12	35.87	499.9	1501	184	73.26	-0.175	0.296	1.0	-0.22	2.74	1.00	0.00	0.16	111115
22	"13:51:29"	925.0	0	16.6	0.27	262	5.17	1.51	18.89	6	1.42	1	2.84	16.62	18.89	15.07	400.77	378.54	3.139	9.292	12.12	35.87	499.9	1501	184	73.26	-0.175	0.296	1.0	-0.22	2.74	1.00	0.00	0.16	111115
23	"13:51:30"	925.5	0	16.6	0.27	261	5.18	1.51	18.89	6	1.42	1	2.84	16.62	18.89	15.07	400.79	378.52	3.138	9.293	12.11	35.87	499.9	1501	184	73.26	-0.175	0.296	1.0	-0.22	2.74	1.00	0.00	0.16	111115
24	"13:51:30"	926.0	0	16.7	0.27	261	5.18	1.51	18.89	6	1.42	1	2.84	16.62	18.89	15.07	400.85	378.50	3.138	9.294	12.11	35.87	499.9	1501	184	73.27	-0.175	0.296	1.0	-0.22	2.74	1.00	0.00	0.16	111115
25	"13:51:31"	926.5	0	16.7	0.27	261	5.18	1.51	18.90	6	1.42	1	2.84	16.62	18.90	15.07	400.88	378.53	3.137	9.294	12.11	35.87	499.8	1501	184	73.26	-0.175	0.296	1.0	-0.22	2.74	1.00	0.00	0.16	111115
26	"13:51:32"	927.0	0	16.7	0.27	261	5.18	1.51	18.90	6	1.42	1	2.84	16.62	18.90	15.07	400.90	378.54	3.136	9.294	12.10	35.86	499.8	1501	184	73.26	-0.175	0.296	1.0	-0.22	2.74	1.00	0.00	0.16	111115
27	"13:51:32"	927.5	0	16.7	0.27	261	5.18	1.51	18.90	6	1.42	1	2.84	16.62	18.90	15.07	400.91	378.53	3.136	9.295	12.10	35.86	499.8	1501	184	73.26	-0.175	0.296	1.0	-0.22	2.74	1.00	0.00	0.16	111115
28	"13:51:33"	928.0	0	16.7	0.27	261	5.18	1.51	18.90	6	1.42	1	2.84	16.63	18.90	15.07	400.94	378.55	3.135	9.295	12.10	35.86	499.9	1501	184	73.26	-0.175	0.296	1.0	-0.22	2.74	1.00	0.00	0.16	111115
29	"13:51:33"	928.5	0	16.7	0.27	260	5.18	1.51	18.90	6	1.42	1	2.84	16.63	18.90	15.07	400.99	378.54	3.135	9.296	12.10	35.86	499.9	1501	184	73.26	-0.175	0.296	1.0	-0.22	2.74	1.00	0.00	0.16	111115
30	"13:51:34"	929.0	0	16.8	0.27	260	5.18	1.51	18.90	6	1.42	1	2.84	16.63	18.90	15.07	401.00	378.53	3.135	9.296	12.09	35.86	499.9	1501	184	73.26	-0.175	0.296	1.0	-0.22	2.74	1.00	0.00	0.16	111115
"13:51:39 Coolers: Tblock -> 20.00 C"
"13:53:35 Flow: Fixed -> 500 umol/s"
"13:54:34 Flow: Fixed -> 500 umol/s"
31	"13:55:19"	1155.0	0	16.5	0.238	246	5.46	1.78	22.00	6	1.42	1	2.84	20.76	22.00	19.95	399.93	377.66	5.443	11.923	16.21	35.51	499.8	1499	182	73.27	-0.212	0.281	1.0	-0.22	2.74	1.00	0.00	0.16	111115
32	"13:55:19"	1155.0	0	16.5	0.238	246	5.46	1.78	22.00	6	1.42	1	2.84	20.76	22.00	19.95	399.93	377.66	5.443	11.923	16.21	35.51	499.8	1499	182	73.27	-0.212	0.281	1.0	-0.22	2.74	1.00	0.00	0.16	111115
33	"13:55:20"	1155.0	0	16.5	0.238	246	5.46	1.78	22.00	6	1.42	1	2.84	20.76	22.00	19.95	399.93	377.66	5.443	11.923	16.21	35.51	499.8	1499	182	73.27	-0.212	0.281	1.0	-0.22	2.74	1.00	0.00	0.16	111115
34	"13:55:20"	1155.5	0	16.5	0.238	246	5.46	1.78	22.01	6	1.42	1	2.84	20.76	22.01	19.95	399.91	377.65	5.442	11.922	16.21	35.51	499.8	1499	181	73.27	-0.212	0.281	1.0	-0.22	2.74	1.00	0.00	0.16	111115
35	"13:55:21"	1156.0	0	16.5	0.238	247	5.46	1.78	22.01	6	1.42	1	2.84	20.77	22.01	19.95	399.92	377.68	5.442	11.923	16.21	35.51	499.8	1499	182	73.27	-0.212	0.281	1.0	-0.22	2.74	1.00	0.00	0.16	111115
36	"13:55:21"	1156.5	0	16.4	0.238	247	5.46	1.78	22.01	6	1.42	1	2.84	20.77	22.01	19.95	399.91	377.72	5.442	11.922	16.21	35.50	499.8	1499	182	73.27	-0.212	0.281	1.0	-0.22	2.74	1.00	0.00	0.16	111115
37	"13:55:22"	1157.0	0	16.4	0.238	247	5.46	1.78	22.01	6	1.42	1	2.84	20.77	22.01	19.95	399.93	377.74	5.443	11.923	16.21	35.50	499.8	1499	182	73.27	-0.212	0.281	1.0	-0.22	2.74	1.00	0.00	0.16	111115
38	"13:55:22"	1157.5	0	16.4	0.238	247	5.46	1.78	22.01	6	1.42	1	2.84	20.77	22.01	19.95	399.96	377.79	5.443	11.923	16.21	35.50	499.8	1499	182	73.27	-0.212	0.281	1.0	-0.22	2.74	1.00	0.00	0.16	111115
39	"13:55:23"	1158.0	0	16.4	0.237	247	5.46	1.78	22.02	6	1.42	1	2.84	20.77	22.02	19.95	400.02	377.82	5.443	11.923	16.20	35.49	499.8	1499	182	73.27	-0.212	0.281	1.0	-0.22	2.74	1.00	0.00	0.16	111115
40	"13:55:23"	1158.5	0	16.4	0.237	247	5.46	1.78	22.02	6	1.42	1	2.84	20.77	22.02	19.95	400.03	377.84	5.442	11.922	16.20	35.49	499.9	1499	182	73.27	-0.212	0.281	1.0	-0.22	2.74	1.00	0.00	0.16	111115
41	"13:55:24"	1159.0	0	16.4	0.237	247	5.46	1.79	22.03	6	1.42	1	2.84	20.77	22.03	19.95	400.04	377.85	5.442	11.922	16.20	35.49	499.9	1499	182	73.27	-0.212	0.281	1.0	-0.22	2.74	1.00	0.00	0.16	111115
42	"13:55:24"	1159.5	0	16.4	0.237	247	5.46	1.79	22.04	6	1.42	1	2.84	20.78	22.04	19.95	400.04	377.89	5.443	11.921	16.20	35.48	499.9	1499	182	73.27	-0.212	0.281	1.0	-0.22	2.74	1.00	0.00	0.16	111115
43	"13:55:25"	1160.0	0	16.4	0.237	247	5.46	1.79	22.04	6	1.42	1	2.84	20.78	22.04	19.95	400.05	377.88	5.442	11.920	16.20	35.48	499.9	1499	182	73.27	-0.212	0.281	1.0	-0.22	2.74	1.00	0.00	0.16	111115
44	"13:55:25"	1160.5	0	16.4	0.237	247	5.46	1.79	22.05	6	1.42	1	2.84	20.78	22.05	19.95	400.05	377.89	5.442	11.918	16.20	35.47	499.9	1499	182	73.27	-0.212	0.281	1.0	-0.22	2.74	1.00	0.00	0.16	111115
45	"13:55:26"	1161.0	0	16.4	0.236	247	5.46	1.79	22.06	6	1.42	1	2.84	20.78	22.06	19.95	400.00	377.86	5.441	11.915	16.19	35.46	499.9	1499	182	73.27	-0.212	0.281	1.0	-0.22	2.74	1.00	0.00	0.16	111115
"OPEN 6.2.4"
"Fri Jun 26 2015 13:57:36"
<open><version>"6.2.4"</version></open>
<open><configfile>"/User/Configs/UserPrefs/2x3 LED.xml"</configfile></open>
<open><light><source>"6400-02 or -02B LED Source"</source><par_in>1<sensor>"SI-3781"<cal>-0.93<actinity>1.00</actinity><transm>1.00</transm></cal></sensor><transm>1</transm></par_in><par_out>1<sensor>"Q49599"<cal>7.26</cal></sensor></par_out></light></open>
<open><comps><file>"/User/Configs/Comps/StdComps_6.2"<header>""</header><extras></extras></file><energybal>no<f_parIn>1</f_parIn><f_parOut>0</f_parOut><alphaK>0.16</alphaK></energybal><bc_total>2.840<stomatal_ratio>1</stomatal_ratio><bc_oneside>1.420<type>2</type><table>"/Sys/Lib/StdBLCTable"</table><area>6</area><slope>-0.219565</slope><offset>2.73739</offset><fan>5</fan></bc_oneside></bc_total></comps></open>
<open><prompts><onlog>off</onlog><items>"Default (none)"</items></prompts></open>
<open><constants><oxygen>21 %</oxygen><bb_vapor>1.5</bb_vapor><bb_oxy>0.9</bb_oxy></constants></open>
<open><stability><items>"Std Stability"<items[1]><id>-2</id><size>15</size><pcv><onoff>0</onoff><value>1</value></pcv><std><onoff>0</onoff><value>1</value></std><slp><onoff>1</onoff><value>1</value></slp></items[1]><items[2]><id>-5</id><size>15</size><pcv><onoff>0</onoff><value>1</value></pcv><std><onoff>0</onoff><value>1</value></std><slp><onoff>1</onoff><value>1</value></slp></items[2]><items[3]><id>-7</id><size>15</size><pcv><onoff>0</onoff><value>1</value></pcv><std><onoff>0</onoff><value>1</value></std><slp><onoff>1</onoff><value>1</value></slp></items[3]></items></stability></open>
<open><log><format>"StdLogFmt_6.0"<items>{ -35 -21 -36 -76 30 23 36 21 25 221 -33 111 -34 11 -9 -10 -8 -1 -2 -4 -5 -14 -15 -7 -12 -13 -11 -65 -66 -72 -18 -19 -77 -78 -79 -23  }<hdr>{  }</hdr></items></format><options><beep>on</beep><hdr>normal</hdr><rem>normal</rem><stab>no</stab><stats>no<mean>no</mean><file>no</file><period>15</period></stats><excel>yes</excel><controls>yes</controls><comm>no</comm></options><datafile>"/User/stm-rpoga2"</datafile><button><action>"Normal Log"<code>" LogOneObsManual "</code></action></button><autoprog>"/User/Configs/AutoProgs/AutoLog2"<active>no</active></autoprog></log></open>
<open><a2d><avgtime>4.0 secs</avgtime><userchans><ch20>"Off"</ch20><ch21>"Off"</ch21><ch22>"Off"</ch22><ch23>"Off"</ch23></userchans></a2d></open>
<open><matching><type>0</type><disp>'a'</disp><settings><CO2Limit>10.0</CO2Limit><H2OLimit>1.0</H2OLimit><MaxAutoTime>60</MaxAutoTime></settings></matching></open>
<li6400><factory><unit>"PSC-3840"</unit><serviced>"1 Jul 2013"</serviced><fuseaware>0</fuseaware><co2mixer>yes</co2mixer><co2><coeffs>{ 0 0.213319 2.22998e-05 2.13159e-08 -3.88664e-12 3.69888e-16  }</coeffs><dvdt>-4.7</dvdt><xs>{ 0.0009 -0.0002  }</xs></co2><h2o><coeffs>{ 0 0.00572751 2.23485e-06 -7.37877e-12  }</coeffs><dvdt>-1.7</dvdt><xs>{ 0.0009 -0.0028  }</xs></h2o><flow>{ 0 0.3568  }</flow><press>{ 88.437 0.00551  }</press></factory></li6400>
<li6400><user><flow_zero>-468.8</flow_zero><irga_zero><co2>429.7 390.6<at>17.6901</at></co2><h2o>78.1 156.2<at>17.1607</at></h2o></irga_zero><irga_span><co2>{ 0.99237 0.992833  }</co2><h2o>{ 1.00426 0.996799  }</h2o></irga_span><irga_match><co2>{ 0.368307 -0.212219  }</co2><h2o>{ 0.00477181 0.28126  }</h2o></irga_match><co2_mixer><pump_mv>4500</pump_mv><ppm>{ 2287.2 1080.71 423.89 257.488 117.195 68.0056 44.5242 37.9628  }</ppm><mv>{ 5000 3000 1500 1000 500 300 200 100  }</mv></co2_mixer><parin_offset>0</parin_offset><led_cal><unit>"SI-3781"</unit><mv>{ 10 25 50 100 1000 2000 3000 4000 5000  }</mv><qntm>{ 4.69642 15.4417 35.4805 82.2863 972.665 1922.29 2824.32 3690.14 4518.2  }</qntm></led_cal><lcf_cal><unit>"unknown"</unit><red><mv>{ 50 100 500 1000 1500 5000  }</mv><qntm>{ 50 100 500 1000 2000 5000  }</qntm></red><blue><mv>{ 100 200 500 1000 2000 5000  }</mv><qntm>{ 10 20 50 100 200 500  }</qntm></blue></lcf_cal></user></li6400>
"13:57:38 "
$STARTOFDATA$
"Obs"	"HHMMSS"	"FTime"	"EBal?"	"Photo"	"Cond"	"Ci"	"Trmmol"	"VpdL"	"CTleaf"	"Area"	"BLC_1"	"StmRat"	"BLCond"	"Tair"	"Tleaf"	"TBlk"	"CO2R"	"CO2S"	"H2OR"	"H2OS"	"RH_R"	"RH_S"	"Flow"	"PARi"	"PARo"	"Press"	"CsMch"	"HsMch"	"StableF"	"BLCslope"	"BLCoffst"	"f_parin"	"f_parout"	"alphaK"	"Status"
"13:58:24 CO2 Mixer: CO2R -> 400 uml"
"13:58:33 Coolers: Tblock -> 25.00 C"
"13:58:54 Lamp: ParIn ->  1500 uml"
"14:01:25 Flow: Fixed -> 500 umol/s"
"14:03:32 Flow: Fixed -> 500 umol/s"
1	"14:03:53"	396.5	0	12	0.129	215	3.88	2.24	25.93	6	1.42	1	2.84	25.33	25.93	25.02	401.04	384.86	10.748	15.338	24.28	34.65	499.8	1499	177	73.27	0.365	0.299	1.0	-0.22	2.74	1.00	0.00	0.16	111115
2	"14:03:53"	396.5	0	12	0.129	215	3.88	2.24	25.93	6	1.42	1	2.84	25.33	25.93	25.02	401.04	384.86	10.748	15.338	24.28	34.65	499.8	1499	177	73.27	0.365	0.299	1.0	-0.22	2.74	1.00	0.00	0.16	111115
3	"14:03:54"	397.0	0	12	0.129	215	3.88	2.24	25.93	6	1.42	1	2.84	25.33	25.93	25.02	401.05	384.86	10.748	15.336	24.28	34.65	499.8	1499	177	73.27	0.365	0.299	1.0	-0.22	2.74	1.00	0.00	0.16	111115
4	"14:03:54"	397.5	0	12	0.129	215	3.88	2.24	25.94	6	1.42	1	2.84	25.33	25.94	25.02	401.06	384.86	10.748	15.336	24.29	34.65	499.8	1499	177	73.27	0.365	0.299	1.0	-0.22	2.74	1.00	0.00	0.16	111115
5	"14:03:55"	398.0	0	12	0.129	215	3.88	2.24	25.93	6	1.42	1	2.84	25.33	25.93	25.02	401.05	384.85	10.749	15.336	24.29	34.65	499.8	1499	177	73.27	0.365	0.299	1.0	-0.22	2.74	1.00	0.00	0.16	111115
6	"14:03:55"	398.5	0	12	0.129	215	3.88	2.24	25.93	6	1.42	1	2.84	25.33	25.93	25.02	401.07	384.86	10.749	15.337	24.29	34.65	499.8	1499	177	73.27	0.365	0.299	1.0	-0.22	2.74	1.00	0.00	0.16	111115
7	"14:03:56"	399.0	0	12	0.129	215	3.88	2.24	25.93	6	1.42	1	2.84	25.33	25.93	25.02	401.08	384.88	10.748	15.337	24.29	34.65	499.8	1499	177	73.27	0.365	0.299	1.0	-0.22	2.74	1.00	0.00	0.16	111115
8	"14:03:56"	399.5	0	12	0.129	215	3.88	2.24	25.93	6	1.42	1	2.84	25.33	25.93	25.02	401.08	384.89	10.748	15.338	24.29	34.66	499.8	1499	177	73.27	0.365	0.299	1.0	-0.22	2.74	1.00	0.00	0.16	111115
9	"14:03:57"	400.0	0	12	0.129	215	3.88	2.24	25.94	6	1.42	1	2.84	25.33	25.94	25.02	401.06	384.88	10.749	15.337	24.29	34.66	499.8	1499	176	73.27	0.365	0.299	1.0	-0.22	2.74	1.00	0.00	0.16	111115
10	"14:03:57"	400.5	0	12	0.129	215	3.88	2.24	25.94	6	1.42	1	2.84	25.33	25.94	25.02	401.04	384.88	10.749	15.337	24.29	34.66	499.8	1499	177	73.27	0.365	0.299	1.0	-0.22	2.74	1.00	0.00	0.16	111115
11	"14:03:58"	401.0	0	12	0.129	215	3.88	2.24	25.94	6	1.42	1	2.84	25.33	25.94	25.02	401.04	384.88	10.748	15.337	24.29	34.66	499.8	1500	177	73.27	0.365	0.299	1.0	-0.22	2.74	1.00	0.00	0.16	111115
12	"14:03:58"	401.5	0	12	0.129	215	3.88	2.24	25.94	6	1.42	1	2.84	25.33	25.94	25.02	401.05	384.87	10.748	15.337	24.29	34.65	499.8	1500	177	73.27	0.365	0.299	1.0	-0.22	2.74	1.00	0.00	0.16	111115
13	"14:03:59"	402.0	0	12	0.129	215	3.88	2.24	25.94	6	1.42	1	2.84	25.33	25.94	25.02	401.04	384.85	10.748	15.337	24.29	34.65	499.8	1500	177	73.27	0.365	0.299	1.0	-0.22	2.74	1.00	0.00	0.16	111115
14	"14:03:59"	402.5	0	12	0.129	215	3.88	2.24	25.93	6	1.42	1	2.84	25.33	25.93	25.02	401.06	384.84	10.748	15.336	24.29	34.65	499.8	1500	177	73.27	0.365	0.299	1.0	-0.22	2.74	1.00	0.00	0.16	111115
15	"14:03:59"	403.0	0	12	0.129	215	3.88	2.24	25.93	6	1.42	1	2.84	25.33	25.93	25.02	401.06	384.83	10.748	15.336	24.29	34.65	499.8	1499	177	73.27	0.365	0.299	1.0	-0.22	2.74	1.00	0.00	0.16	111115
"14:04:05 Coolers: Tblock -> 30.00 C"
"14:06:51 Flow: Fixed -> 500 umol/s"
16	"14:07:39"	622.5	0	11.8	0.12	205	4.04	2.48	28.58	6	1.42	1	2.84	29.49	28.58	30.11	401.14	385.12	14.962	19.710	26.49	34.90	499.8	1500	175	73.26	0.237	0.253	1.0	-0.22	2.74	1.00	0.00	0.16	111115
17	"14:07:39"	622.5	0	11.8	0.12	205	4.04	2.48	28.58	6	1.42	1	2.84	29.49	28.58	30.11	401.14	385.12	14.962	19.710	26.49	34.90	499.8	1500	175	73.26	0.237	0.253	1.0	-0.22	2.74	1.00	0.00	0.16	111115
18	"14:07:40"	623.0	0	11.7	0.12	206	4.04	2.48	28.58	6	1.42	1	2.84	29.49	28.58	30.11	401.09	385.13	14.962	19.712	26.49	34.90	499.9	1500	175	73.26	0.237	0.253	1.0	-0.22	2.74	1.00	0.00	0.16	111115
19	"14:07:40"	623.5	0	11.7	0.12	206	4.04	2.48	28.59	6	1.42	1	2.84	29.50	28.59	30.11	401.07	385.10	14.962	19.713	26.49	34.90	499.9	1500	175	73.26	0.237	0.253	1.0	-0.22	2.74	1.00	0.00	0.16	111115
20	"14:07:41"	624.0	0	11.8	0.12	205	4.04	2.48	28.59	6	1.42	1	2.84	29.50	28.59	30.11	401.05	385.04	14.961	19.713	26.48	34.90	499.9	1500	175	73.26	0.237	0.253	1.0	-0.22	2.74	1.00	0.00	0.16	111115
21	"14:07:41"	624.5	0	11.8	0.12	206	4.04	2.48	28.59	6	1.42	1	2.84	29.50	28.59	30.11	401.03	385.05	14.961	19.715	26.48	34.90	499.9	1500	175	73.26	0.237	0.253	1.0	-0.22	2.74	1.00	0.00	0.16	111115
22	"14:07:42"	625.0	0	11.8	0.12	205	4.04	2.48	28.59	6	1.42	1	2.84	29.50	28.59	30.11	401.06	385.02	14.960	19.716	26.48	34.90	499.9	1500	175	73.26	0.237	0.253	1.0	-0.22	2.74	1.00	0.00	0.16	111115
23	"14:07:42"	625.5	0	11.8	0.12	205	4.04	2.48	28.59	6	1.42	1	2.84	29.50	28.59	30.11	401.05	384.99	14.960	19.717	26.48	34.90	499.8	1500	175	73.26	0.237	0.253	1.0	-0.22	2.74	1.00	0.00	0.16	111115
24	"14:07:43"	626.0	0	11.9	0.12	204	4.04	2.48	28.59	6	1.42	1	2.84	29.50	28.59	30.11	401.10	384.96	14.960	19.716	26.48	34.90	499.8	1500	175	73.26	0.237	0.253	1.0	-0.22	2.74	1.00	0.00	0.16	111115
25	"14:07:43"	626.5	0	11.9	0.12	204	4.04	2.48	28.59	6	1.42	1	2.84	29.50	28.59	30.11	401.13	384.99	14.960	19.715	26.48	34.89	499.8	1500	175	73.26	0.237	0.253	1.0	-0.22	2.74	1.00	0.00	0.16	111115
26	"14:07:44"	627.0	0	11.9	0.12	203	4.04	2.48	28.60	6	1.42	1	2.84	29.50	28.60	30.11	401.17	385.00	14.959	19.714	26.47	34.89	499.8	1500	175	73.26	0.237	0.253	1.0	-0.22	2.74	1.00	0.00	0.16	111115
27	"14:07:44"	627.5	0	12	0.12	203	4.04	2.48	28.60	6	1.42	1	2.84	29.50	28.60	30.11	401.21	384.98	14.959	19.715	26.47	34.89	499.8	1500	175	73.26	0.237	0.253	1.0	-0.22	2.74	1.00	0.00	0.16	111115
28	"14:07:45"	628.0	0	12	0.12	203	4.04	2.49	28.60	6	1.42	1	2.84	29.50	28.60	30.11	401.23	385.01	14.959	19.716	26.47	34.89	499.8	1500	175	73.26	0.237	0.253	1.0	-0.22	2.74	1.00	0.00	0.16	111115
29	"14:07:45"	628.5	0	12	0.12	202	4.04	2.49	28.60	6	1.42	1	2.84	29.50	28.60	30.11	401.28	385.03	14.959	19.716	26.47	34.88	499.8	1500	175	73.26	0.237	0.253	1.0	-0.22	2.74	1.00	0.00	0.16	111115
30	"14:07:46"	629.0	0	12	0.12	203	4.04	2.49	28.60	6	1.42	1	2.84	29.50	28.60	30.11	401.28	385.05	14.960	19.717	26.47	34.88	499.8	1500	175	73.26	0.237	0.253	1.0	-0.22	2.74	1.00	0.00	0.16	111115
"14:07:54 Coolers: Tblock -> 35.00 C"
"14:12:17 Flow: Fixed -> 500 umol/s"
31	"14:12:51"	935.0	0	11	0.11	199	4.34	2.87	31.73	6	1.42	1	2.84	33.70	31.73	35.00	399.17	383.94	19.921	24.999	27.78	34.86	499.8	1500	171	73.26	0.985	0.202	1.0	-0.22	2.74	1.00	0.00	0.16	111115
32	"14:12:51"	935.0	0	11	0.11	199	4.34	2.87	31.73	6	1.42	1	2.84	33.70	31.73	35.00	399.17	383.94	19.921	24.999	27.78	34.86	499.8	1500	171	73.26	0.985	0.202	1.0	-0.22	2.74	1.00	0.00	0.16	111115
33	"14:12:52"	935.5	0	11	0.11	200	4.34	2.87	31.73	6	1.42	1	2.84	33.70	31.73	35.00	399.16	383.97	19.921	24.998	27.78	34.86	499.8	1500	171	73.26	0.985	0.202	1.0	-0.22	2.74	1.00	0.00	0.16	111115
34	"14:12:52"	936.0	0	11	0.11	199	4.34	2.87	31.73	6	1.42	1	2.84	33.70	31.73	35.00	399.17	383.96	19.922	25.000	27.77	34.86	499.8	1500	171	73.26	0.985	0.202	1.0	-0.22	2.74	1.00	0.00	0.16	111115
35	"14:12:53"	936.5	0	11	0.11	199	4.34	2.87	31.73	6	1.42	1	2.84	33.70	31.73	35.00	399.18	383.95	19.923	25.002	27.77	34.86	499.8	1500	171	73.26	0.985	0.202	1.0	-0.22	2.74	1.00	0.00	0.16	111115
36	"14:12:53"	937.0	0	11	0.11	199	4.34	2.87	31.73	6	1.42	1	2.84	33.70	31.73	35.00	399.18	383.94	19.924	25.003	27.77	34.85	499.8	1500	171	73.26	0.985	0.202	1.0	-0.22	2.74	1.00	0.00	0.16	111115
37	"14:12:54"	937.5	0	11	0.11	199	4.34	2.87	31.73	6	1.42	1	2.84	33.71	31.73	35.00	399.16	383.96	19.925	25.003	27.77	34.85	499.8	1500	171	73.26	0.985	0.202	1.0	-0.22	2.74	1.00	0.00	0.16	111115
38	"14:12:54"	938.0	0	11	0.11	199	4.34	2.87	31.73	6	1.42	1	2.84	33.71	31.73	35.00	399.15	383.94	19.925	25.003	27.77	34.85	499.9	1500	171	73.26	0.985	0.202	1.0	-0.22	2.74	1.00	0.00	0.16	111115
39	"14:12:55"	938.5	0	11	0.11	200	4.34	2.87	31.73	6	1.42	1	2.84	33.71	31.73	35.00	399.13	383.96	19.925	25.002	27.77	34.85	499.9	1501	171	73.26	0.985	0.202	1.0	-0.22	2.74	1.00	0.00	0.16	111115
40	"14:12:55"	939.0	0	11	0.11	200	4.34	2.87	31.73	6	1.42	1	2.84	33.71	31.73	35.00	399.13	383.95	19.925	25.002	27.77	34.85	499.9	1501	171	73.26	0.985	0.202	1.0	-0.22	2.74	1.00	0.00	0.16	111115
41	"14:12:56"	939.5	0	11	0.11	199	4.34	2.87	31.73	6	1.42	1	2.84	33.71	31.73	35.00	399.15	383.92	19.925	25.001	27.77	34.84	499.9	1500	171	73.26	0.985	0.202	1.0	-0.22	2.74	1.00	0.00	0.16	111115
42	"14:12:56"	940.0	0	11	0.11	199	4.34	2.87	31.74	6	1.42	1	2.84	33.71	31.74	35.00	399.16	383.94	19.925	25.000	27.77	34.84	499.9	1500	171	73.26	0.985	0.202	1.0	-0.22	2.74	1.00	0.00	0.16	111115
43	"14:12:57"	940.5	0	11	0.11	199	4.34	2.87	31.74	6	1.42	1	2.84	33.71	31.74	35.00	399.17	383.98	19.925	25.000	27.77	34.84	499.9	1501	171	73.26	0.985	0.202	1.0	-0.22	2.74	1.00	0.00	0.16	111115
44	"14:12:57"	941.0	0	11	0.11	199	4.34	2.88	31.74	6	1.42	1	2.84	33.71	31.74	35.00	399.21	383.99	19.924	24.999	27.76	34.83	499.9	1500	172	73.26	0.985	0.202	1.0	-0.22	2.74	1.00	0.00	0.16	111115
45	"14:12:58"	941.5	0	11	0.11	199	4.34	2.88	31.75	6	1.42	1	2.84	33.71	31.75	35.00	399.25	384.00	19.924	24.999	27.76	34.83	499.9	1500	172	73.26	0.985	0.202	1.0	-0.22	2.74	1.00	0.00	0.16	111115
"14:13:07 Coolers: Tblock -> 40.00 C"
"14:18:22 Flow: Fixed -> 500 umol/s"
46	"14:18:41"	1284.5	0	9.56	0.091	192	4.15	3.26	34.84	6	1.42	1	2.84	38.11	34.84	40.07	399.69	386.30	27.156	31.972	29.70	34.97	499.9	1499	167	73.26	0.93	0.109	1.0	-0.22	2.74	1.00	0.00	0.16	111115
47	"14:18:41"	1284.5	0	9.56	0.091	192	4.15	3.26	34.84	6	1.42	1	2.84	38.11	34.84	40.07	399.69	386.30	27.156	31.972	29.70	34.97	499.9	1499	167	73.26	0.93	0.109	1.0	-0.22	2.74	1.00	0.00	0.16	111115
48	"14:18:42"	1285.0	0	9.57	0.0914	193	4.14	3.24	34.78	6	1.42	1	2.84	38.11	34.78	40.07	399.70	386.29	27.155	31.963	29.70	34.96	499.9	1500	167	73.26	0.93	0.109	1.0	-0.22	2.74	1.00	0.00	0.16	111115
49	"14:18:42"	1285.5	0	9.55	0.0918	194	4.13	3.22	34.71	6	1.42	1	2.84	38.11	34.71	40.07	399.69	386.31	27.156	31.954	29.70	34.95	499.8	1500	167	73.26	0.93	0.109	1.0	-0.22	2.74	1.00	0.00	0.16	111115
50	"14:18:43"	1286.0	0	9.54	0.0923	195	4.12	3.2	34.64	6	1.42	1	2.84	38.11	34.64	40.07	399.69	386.33	27.153	31.943	29.70	34.94	499.8	1500	167	73.26	0.93	0.109	1.0	-0.22	2.74	1.00	0.00	0.16	111115
51	"14:18:43"	1286.5	0	9.54	0.0927	196	4.11	3.18	34.57	6	1.42	1	2.84	38.11	34.57	40.07	399.69	386.34	27.152	31.930	29.70	34.93	499.8	1500	167	73.26	0.93	0.109	1.0	-0.22	2.74	1.00	0.00	0.16	111115
52	"14:18:44"	1287.0	0	9.54	0.0931	197	4.1	3.15	34.50	6	1.42	1	2.84	38.11	34.50	40.07	399.71	386.36	27.151	31.919	29.70	34.92	499.8	1500	167	73.26	0.93	0.109	1.0	-0.22	2.74	1.00	0.00	0.16	111115
53	"14:18:44"	1287.5	0	9.55	0.0936	198	4.09	3.13	34.42	6	1.42	1	2.84	38.11	34.42	40.07	399.75	386.38	27.151	31.910	29.70	34.91	499.8	1500	167	73.26	0.93	0.109	1.0	-0.22	2.74	1.00	0.00	0.16	111115
54	"14:18:45"	1288.0	0	9.51	0.0939	199	4.09	3.12	34.37	6	1.42	1	2.84	38.11	34.37	40.07	399.72	386.41	27.151	31.903	29.71	34.90	499.8	1499	167	73.26	0.93	0.109	1.0	-0.22	2.74	1.00	0.00	0.16	111115
55	"14:18:45"	1288.5	0	9.5	0.0941	199	4.09	3.11	34.35	6	1.42	1	2.84	38.11	34.35	40.07	399.72	386.41	27.147	31.897	29.70	34.90	499.7	1499	167	73.26	0.93	0.109	1.0	-0.22	2.74	1.00	0.00	0.16	111115
56	"14:18:46"	1289.0	0	9.5	0.0941	199	4.08	3.11	34.34	6	1.42	1	2.84	38.10	34.34	40.07	399.70	386.41	27.145	31.891	29.70	34.90	499.7	1499	167	73.26	0.93	0.109	1.0	-0.22	2.74	1.00	0.00	0.16	111115
57	"14:18:46"	1289.5	0	9.49	0.0941	200	4.08	3.11	34.33	6	1.42	1	2.84	38.10	34.33	40.07	399.71	386.42	27.143	31.885	29.70	34.89	499.7	1499	167	73.26	0.93	0.109	1.0	-0.22	2.74	1.00	0.00	0.16	111115
58	"14:18:47"	1290.0	0	9.46	0.0941	200	4.08	3.1	34.32	6	1.42	1	2.84	38.10	34.32	40.07	399.68	386.43	27.142	31.881	29.70	34.89	499.7	1499	167	73.26	0.93	0.109	1.0	-0.22	2.74	1.00	0.00	0.16	111115
59	"14:18:47"	1290.5	0	9.46	0.0943	200	4.07	3.1	34.30	6	1.42	1	2.84	38.10	34.30	40.07	399.70	386.45	27.142	31.878	29.70	34.88	499.8	1499	167	73.26	0.93	0.109	1.0	-0.22	2.74	1.00	0.00	0.16	111115
60	"14:18:48"	1291.0	0	9.48	0.0943	200	4.07	3.09	34.29	6	1.42	1	2.84	38.10	34.29	40.07	399.70	386.43	27.140	31.873	29.70	34.88	499.8	1499	167	73.26	0.93	0.109	0.7	-0.22	2.74	1.00	0.00	0.16	111115
