"OPEN 6.2.4"
"Mon Jun 29 2015 13:20:06"
<open><version>"6.2.4"</version></open>
<open><configfile>"/User/Configs/UserPrefs/2x3 LED.xml"</configfile></open>
<open><light><source>"6400-02 or -02B LED Source"</source><par_in>1<sensor>"SI-3781"<cal>-0.93<actinity>1.00</actinity><transm>1.00</transm></cal></sensor><transm>1</transm></par_in><par_out>1<sensor>"Q49599"<cal>7.26</cal></sensor></par_out></light></open>
<open><comps><file>"/User/Configs/Comps/StdComps_6.2"<header>""</header><extras></extras></file><energybal>no<f_parIn>1</f_parIn><f_parOut>0</f_parOut><alphaK>0.16</alphaK></energybal><bc_total>2.840<stomatal_ratio>1</stomatal_ratio><bc_oneside>1.420<type>2</type><table>"/Sys/Lib/StdBLCTable"</table><area>6</area><slope>-0.219565</slope><offset>2.73739</offset><fan>5</fan></bc_oneside></bc_total></comps></open>
<open><prompts><onlog>off</onlog><items>"Default (none)"</items></prompts></open>
<open><constants><oxygen>21 %</oxygen><bb_vapor>1.5</bb_vapor><bb_oxy>0.9</bb_oxy></constants></open>
<open><stability><items>"Std Stability"<items[1]><id>-2</id><size>15</size><pcv><onoff>0</onoff><value>1</value></pcv><std><onoff>0</onoff><value>1</value></std><slp><onoff>1</onoff><value>1</value></slp></items[1]><items[2]><id>-5</id><size>15</size><pcv><onoff>0</onoff><value>1</value></pcv><std><onoff>0</onoff><value>1</value></std><slp><onoff>1</onoff><value>1</value></slp></items[2]><items[3]><id>-7</id><size>15</size><pcv><onoff>0</onoff><value>1</value></pcv><std><onoff>0</onoff><value>1</value></std><slp><onoff>1</onoff><value>1</value></slp></items[3]></items></stability></open>
<open><log><format>"StdLogFmt_6.0"<items>{ -35 -21 -36 -76 30 23 36 21 25 221 -33 111 -34 11 -9 -10 -8 -1 -2 -4 -5 -14 -15 -7 -12 -13 -11 -65 -66 -72 -18 -19 -77 -78 -79 -23  }<hdr>{  }</hdr></items></format><options><beep>on</beep><hdr>normal</hdr><rem>normal</rem><stab>no</stab><stats>no<mean>no</mean><file>no</file><period>15</period></stats><excel>yes</excel><controls>yes</controls><comm>no</comm></options><datafile>"/User/stm-plipo7"</datafile><button><action>"Normal Log"<code>" LogOneObsManual "</code></action></button><autoprog>"/User/Configs/AutoProgs/AutoLog2"<active>no</active></autoprog></log></open>
<open><a2d><avgtime>4.0 secs</avgtime><userchans><ch20>"Off"</ch20><ch21>"Off"</ch21><ch22>"Off"</ch22><ch23>"Off"</ch23></userchans></a2d></open>
<open><matching><type>0</type><disp>'a'</disp><settings><CO2Limit>10.0</CO2Limit><H2OLimit>1.0</H2OLimit><MaxAutoTime>60</MaxAutoTime></settings></matching></open>
<li6400><factory><unit>"PSC-3840"</unit><serviced>"1 Jul 2013"</serviced><fuseaware>0</fuseaware><co2mixer>yes</co2mixer><co2><coeffs>{ 0 0.213319 2.22998e-05 2.13159e-08 -3.88664e-12 3.69888e-16  }</coeffs><dvdt>-4.7</dvdt><xs>{ 0.0009 -0.0002  }</xs></co2><h2o><coeffs>{ 0 0.00572751 2.23485e-06 -7.37877e-12  }</coeffs><dvdt>-1.7</dvdt><xs>{ 0.0009 -0.0028  }</xs></h2o><flow>{ 0 0.3568  }</flow><press>{ 88.437 0.00551  }</press></factory></li6400>
<li6400><user><flow_zero>-468.8</flow_zero><irga_zero><co2>429.7 390.6<at>17.6901</at></co2><h2o>78.1 156.2<at>17.1607</at></h2o></irga_zero><irga_span><co2>{ 0.99237 0.992833  }</co2><h2o>{ 1.00426 0.996799  }</h2o></irga_span><irga_match><co2>{ 0.368307 -1.27346  }</co2><h2o>{ 0.00477181 0.0270223  }</h2o></irga_match><co2_mixer><pump_mv>4500</pump_mv><ppm>{ 2287.2 1080.71 423.89 257.488 117.195 68.0056 44.5242 37.9628  }</ppm><mv>{ 5000 3000 1500 1000 500 300 200 100  }</mv></co2_mixer><parin_offset>0</parin_offset><led_cal><unit>"SI-3781"</unit><mv>{ 10 25 50 100 1000 2000 3000 4000 5000  }</mv><qntm>{ 4.69642 15.4417 35.4805 82.2863 972.665 1922.29 2824.32 3690.14 4518.2  }</qntm></led_cal><lcf_cal><unit>"unknown"</unit><red><mv>{ 50 100 500 1000 1500 5000  }</mv><qntm>{ 50 100 500 1000 2000 5000  }</qntm></red><blue><mv>{ 100 200 500 1000 2000 5000  }</mv><qntm>{ 10 20 50 100 200 500  }</qntm></blue></lcf_cal></user></li6400>
"13:20:08 "
$STARTOFDATA$
"Obs"	"HHMMSS"	"FTime"	"EBal?"	"Photo"	"Cond"	"Ci"	"Trmmol"	"VpdL"	"CTleaf"	"Area"	"BLC_1"	"StmRat"	"BLCond"	"Tair"	"Tleaf"	"TBlk"	"CO2R"	"CO2S"	"H2OR"	"H2OS"	"RH_R"	"RH_S"	"Flow"	"PARi"	"PARo"	"Press"	"CsMch"	"HsMch"	"StableF"	"BLCslope"	"BLCoffst"	"f_parin"	"f_parout"	"alphaK"	"Status"
"13:22:27 CO2 Mixer: CO2R -> 400 uml"
"13:22:35 Coolers: Tblock -> 0.00 C"
"13:22:42 Lamp: ParIn ->  1500 uml"
"13:28:01 Lamp: Off"
"13:32:19 Lamp: ParIn ->  1500 uml"
"13:35:45 Coolers: Tblock -> 4.28 C"
"13:40:02 Flow: Fixed -> 500 umol/s"
"13:41:57 Flow: Fixed -> 500 umol/s"
1	"13:42:18"	1338.5	0	7.75	0.196	314	2.69	1.02	11.88	6	1.42	1	2.84	7.28	11.88	4.69	399.95	389.39	2.147	5.361	14.71	36.72	499.9	1500	108	70.21	-1.92	0.247	1.0	-0.22	2.74	1.00	0.00	0.16	111115
2	"13:42:18"	1338.5	0	7.75	0.196	314	2.69	1.02	11.88	6	1.42	1	2.84	7.28	11.88	4.69	399.95	389.39	2.147	5.361	14.71	36.72	499.9	1500	108	70.21	-1.92	0.247	1.0	-0.22	2.74	1.00	0.00	0.16	111115
3	"13:42:18"	1339.0	0	7.8	0.196	314	2.69	1.02	11.88	6	1.42	1	2.84	7.28	11.88	4.69	400.00	389.37	2.147	5.360	14.70	36.72	499.9	1500	109	70.21	-1.92	0.247	1.0	-0.22	2.74	1.00	0.00	0.16	111115
4	"13:42:19"	1339.5	0	7.82	0.196	313	2.69	1.02	11.87	6	1.42	1	2.84	7.28	11.87	4.69	400.04	389.39	2.147	5.360	14.70	36.72	499.9	1500	109	70.21	-1.92	0.247	1.0	-0.22	2.74	1.00	0.00	0.16	111115
5	"13:42:19"	1340.0	0	7.83	0.196	313	2.69	1.02	11.87	6	1.42	1	2.84	7.27	11.87	4.69	400.07	389.41	2.147	5.358	14.71	36.71	499.9	1500	109	70.21	-1.92	0.247	1.0	-0.22	2.74	1.00	0.00	0.16	111115
6	"13:42:20"	1340.5	0	7.84	0.195	313	2.69	1.02	11.86	6	1.42	1	2.84	7.27	11.86	4.69	400.13	389.46	2.148	5.357	14.71	36.70	499.9	1500	110	70.21	-1.92	0.247	1.0	-0.22	2.74	1.00	0.00	0.16	111115
7	"13:42:20"	1341.0	0	7.9	0.195	313	2.69	1.02	11.87	6	1.42	1	2.84	7.27	11.87	4.69	400.21	389.48	2.148	5.357	14.72	36.71	499.9	1500	110	70.21	-1.92	0.247	1.0	-0.22	2.74	1.00	0.00	0.16	111115
8	"13:42:21"	1341.5	0	7.89	0.195	313	2.69	1.02	11.86	6	1.42	1	2.84	7.27	11.86	4.69	400.21	389.49	2.148	5.356	14.72	36.70	499.9	1500	112	70.21	-1.92	0.247	1.0	-0.22	2.74	1.00	0.00	0.16	111115
9	"13:42:21"	1342.0	0	7.84	0.195	313	2.68	1.02	11.87	6	1.42	1	2.84	7.27	11.87	4.69	400.20	389.54	2.150	5.354	14.73	36.69	499.9	1500	114	70.21	-1.92	0.247	1.0	-0.22	2.74	1.00	0.00	0.16	111115
10	"13:42:22"	1342.5	0	7.84	0.195	313	2.68	1.02	11.87	6	1.42	1	2.84	7.27	11.87	4.69	400.23	389.56	2.152	5.354	14.75	36.69	499.9	1500	117	70.21	-1.92	0.247	1.0	-0.22	2.74	1.00	0.00	0.16	111115
11	"13:42:23"	1343.0	0	7.8	0.195	314	2.68	1.02	11.87	6	1.42	1	2.84	7.27	11.87	4.69	400.18	389.57	2.152	5.354	14.75	36.69	499.9	1500	121	70.21	-1.92	0.247	1.0	-0.22	2.74	1.00	0.00	0.16	111115
12	"13:42:23"	1343.5	0	7.78	0.195	314	2.68	1.02	11.87	6	1.42	1	2.84	7.27	11.87	4.69	400.17	389.58	2.153	5.353	14.76	36.69	499.9	1501	126	70.21	-1.92	0.247	1.0	-0.22	2.74	1.00	0.00	0.16	111115
13	"13:42:24"	1344.0	0	7.75	0.195	314	2.68	1.02	11.88	6	1.42	1	2.84	7.27	11.88	4.68	400.17	389.61	2.154	5.354	14.77	36.70	499.9	1501	131	70.21	-1.92	0.247	1.0	-0.22	2.74	1.00	0.00	0.16	111115
14	"13:42:24"	1344.5	0	7.73	0.194	314	2.68	1.02	11.90	6	1.42	1	2.84	7.27	11.90	4.68	400.15	389.61	2.156	5.354	14.78	36.70	499.9	1501	136	70.21	-1.92	0.247	1.0	-0.22	2.74	1.00	0.00	0.16	111115
15	"13:42:25"	1345.0	0	7.72	0.194	314	2.68	1.02	11.90	6	1.42	1	2.84	7.26	11.90	4.68	400.16	389.63	2.157	5.354	14.78	36.71	499.9	1501	139	70.21	-1.92	0.247	1.0	-0.22	2.74	1.00	0.00	0.16	111115
"13:42:42 Coolers: Tblock -> 9.00 C"
"13:44:43 Flow: Fixed -> 500 umol/s"
16	"13:45:08"	1508.5	0	8.32	0.191	306	2.78	1.08	13.29	6	1.42	1	2.84	10.45	13.29	9.03	399.60	388.32	3.154	6.470	17.43	35.76	499.9	1501	79	70.21	-2.6	0.254	1.0	-0.22	2.74	1.00	0.00	0.16	111115
17	"13:45:09"	1509.0	0	8.33	0.191	306	2.78	1.08	13.29	6	1.42	1	2.84	10.46	13.29	9.02	399.59	388.30	3.154	6.470	17.43	35.75	499.9	1501	80	70.21	-2.6	0.254	1.0	-0.22	2.74	1.00	0.00	0.16	111115
18	"13:45:09"	1509.5	0	8.31	0.191	306	2.78	1.08	13.29	6	1.42	1	2.84	10.46	13.29	9.02	399.57	388.31	3.154	6.470	17.43	35.75	499.9	1501	80	70.21	-2.6	0.254	1.0	-0.22	2.74	1.00	0.00	0.16	111115
19	"13:45:09"	1509.5	0	8.31	0.191	306	2.78	1.08	13.29	6	1.42	1	2.84	10.46	13.29	9.02	399.57	388.31	3.154	6.470	17.43	35.75	499.9	1501	80	70.21	-2.6	0.254	1.0	-0.22	2.74	1.00	0.00	0.16	111115
20	"13:45:10"	1510.0	0	8.28	0.19	306	2.78	1.08	13.30	6	1.42	1	2.84	10.46	13.30	9.03	399.55	388.31	3.155	6.469	17.43	35.74	499.9	1501	81	70.21	-2.6	0.254	1.0	-0.22	2.74	1.00	0.00	0.16	111115
21	"13:45:10"	1510.5	0	8.27	0.19	306	2.78	1.08	13.30	6	1.42	1	2.84	10.46	13.30	9.02	399.55	388.32	3.155	6.469	17.43	35.74	499.9	1501	82	70.21	-2.6	0.254	1.0	-0.22	2.74	1.00	0.00	0.16	111115
22	"13:45:11"	1511.0	0	8.25	0.19	306	2.78	1.08	13.30	6	1.42	1	2.84	10.46	13.30	9.02	399.56	388.36	3.156	6.468	17.43	35.73	499.9	1501	82	70.21	-2.6	0.254	1.0	-0.22	2.74	1.00	0.00	0.16	111115
23	"13:45:11"	1511.5	0	8.25	0.19	306	2.78	1.08	13.30	6	1.42	1	2.84	10.46	13.30	9.02	399.56	388.36	3.155	6.466	17.43	35.72	499.9	1501	84	70.21	-2.6	0.254	1.0	-0.22	2.74	1.00	0.00	0.16	111115
24	"13:45:12"	1512.0	0	8.22	0.19	307	2.77	1.08	13.29	6	1.42	1	2.84	10.46	13.29	9.02	399.51	388.35	3.155	6.464	17.43	35.71	499.9	1501	89	70.21	-2.6	0.254	1.0	-0.22	2.74	1.00	0.00	0.16	111115
25	"13:45:12"	1512.5	0	8.2	0.19	307	2.77	1.08	13.30	6	1.42	1	2.84	10.46	13.30	9.02	399.47	388.33	3.154	6.463	17.42	35.70	499.9	1501	99	70.21	-2.6	0.254	1.0	-0.22	2.74	1.00	0.00	0.16	111115
26	"13:45:13"	1513.0	0	8.18	0.19	307	2.77	1.08	13.30	6	1.42	1	2.84	10.46	13.30	9.02	399.46	388.35	3.153	6.462	17.42	35.69	499.9	1501	118	70.21	-2.6	0.254	1.0	-0.22	2.74	1.00	0.00	0.16	111115
27	"13:45:13"	1513.5	0	8.15	0.19	307	2.77	1.08	13.30	6	1.42	1	2.84	10.46	13.30	9.02	399.44	388.37	3.153	6.459	17.41	35.67	499.9	1501	143	70.21	-2.6	0.254	1.0	-0.22	2.74	1.00	0.00	0.16	111115
28	"13:45:14"	1514.0	0	8.14	0.19	307	2.77	1.08	13.29	6	1.42	1	2.84	10.46	13.29	9.02	399.45	388.40	3.152	6.457	17.41	35.66	499.9	1501	175	70.21	-2.6	0.254	1.0	-0.22	2.74	1.00	0.00	0.16	111115
29	"13:45:14"	1514.5	0	8.12	0.19	307	2.77	1.08	13.29	6	1.42	1	2.84	10.46	13.29	9.02	399.45	388.42	3.152	6.456	17.41	35.66	499.9	1501	209	70.21	-2.6	0.254	1.0	-0.22	2.74	1.00	0.00	0.16	111115
30	"13:45:15"	1515.0	0	8.13	0.19	307	2.77	1.08	13.28	6	1.42	1	2.84	10.46	13.28	9.02	399.45	388.40	3.151	6.455	17.40	35.65	499.9	1502	244	70.21	-2.6	0.254	1.0	-0.22	2.74	1.00	0.00	0.16	111115
"13:45:25 Coolers: Tblock -> 14.00 C"
"13:47:34 Flow: Fixed -> 500 umol/s"
"13:48:57 Flow: Fixed -> 500 umol/s"
"13:50:06 Flow: Fixed -> 500 umol/s"
31	"13:50:18"	1819.0	0	8.97	0.142	273	2.48	1.26	16.59	6	1.42	1	2.84	14.93	16.59	14.10	399.43	387.51	6.064	9.017	24.99	37.16	499.9	1500	79	70.21	-2.85	0.262	1.0	-0.22	2.74	1.00	0.00	0.16	111115
32	"13:50:19"	1819.0	0	8.97	0.142	273	2.48	1.26	16.59	6	1.42	1	2.84	14.93	16.59	14.10	399.43	387.51	6.064	9.017	24.99	37.16	499.9	1500	79	70.21	-2.85	0.262	1.0	-0.22	2.74	1.00	0.00	0.16	111115
33	"13:50:19"	1819.5	0	8.99	0.143	273	2.48	1.26	16.59	6	1.42	1	2.84	14.93	16.59	14.10	399.43	387.49	6.061	9.015	24.98	37.15	499.9	1500	79	70.21	-2.85	0.262	1.0	-0.22	2.74	1.00	0.00	0.16	111115
34	"13:50:20"	1820.0	0	8.97	0.142	273	2.48	1.26	16.59	6	1.42	1	2.84	14.93	16.59	14.10	399.42	387.50	6.060	9.014	24.97	37.14	499.9	1500	78	70.21	-2.85	0.262	1.0	-0.22	2.74	1.00	0.00	0.16	111115
35	"13:50:20"	1820.5	0	8.93	0.142	273	2.48	1.26	16.59	6	1.42	1	2.84	14.93	16.59	14.10	399.40	387.53	6.059	9.013	24.96	37.14	499.9	1500	78	70.21	-2.85	0.262	1.0	-0.22	2.74	1.00	0.00	0.16	111115
36	"13:50:20"	1820.5	0	8.93	0.142	273	2.48	1.26	16.59	6	1.42	1	2.84	14.93	16.59	14.10	399.40	387.53	6.059	9.013	24.96	37.14	499.9	1500	78	70.21	-2.85	0.262	1.0	-0.22	2.74	1.00	0.00	0.16	111115
37	"13:50:21"	1821.0	0	8.89	0.142	274	2.48	1.26	16.60	6	1.42	1	2.84	14.93	16.60	14.10	399.38	387.55	6.056	9.011	24.95	37.12	499.9	1500	78	70.22	-2.85	0.262	1.0	-0.22	2.74	1.00	0.00	0.16	111115
38	"13:50:21"	1821.5	0	8.91	0.142	273	2.48	1.26	16.60	6	1.42	1	2.84	14.94	16.60	14.10	399.39	387.54	6.053	9.009	24.94	37.12	499.8	1500	78	70.22	-2.85	0.262	0.7	-0.22	2.74	1.00	0.00	0.16	111115
39	"13:50:22"	1822.0	0	8.92	0.142	273	2.48	1.26	16.61	6	1.42	1	2.84	14.94	16.61	14.10	399.40	387.53	6.051	9.007	24.93	37.11	499.8	1500	78	70.22	-2.85	0.262	0.7	-0.22	2.74	1.00	0.00	0.16	111115
40	"13:50:22"	1822.5	0	8.92	0.142	273	2.48	1.27	16.61	6	1.42	1	2.84	14.94	16.61	14.10	399.41	387.55	6.048	9.004	24.92	37.09	499.8	1500	78	70.22	-2.85	0.262	0.7	-0.22	2.74	1.00	0.00	0.16	111115
41	"13:50:23"	1823.0	0	8.93	0.142	273	2.49	1.27	16.62	6	1.42	1	2.84	14.94	16.62	14.10	399.40	387.52	6.046	9.003	24.90	37.09	499.8	1500	78	70.22	-2.85	0.262	0.7	-0.22	2.74	1.00	0.00	0.16	111115
42	"13:50:23"	1823.5	0	8.92	0.142	273	2.49	1.27	16.62	6	1.42	1	2.84	14.94	16.62	14.10	399.40	387.53	6.043	9.001	24.89	37.08	499.8	1500	77	70.22	-2.85	0.262	0.7	-0.22	2.74	1.00	0.00	0.16	111115
43	"13:50:24"	1824.0	0	8.94	0.142	273	2.49	1.27	16.62	6	1.42	1	2.84	14.94	16.62	14.10	399.43	387.53	6.041	8.999	24.88	37.07	499.8	1500	77	70.22	-2.85	0.262	0.7	-0.22	2.74	1.00	0.00	0.16	111115
44	"13:50:24"	1824.5	0	8.93	0.142	273	2.49	1.27	16.62	6	1.42	1	2.84	14.94	16.62	14.10	399.43	387.56	6.039	8.997	24.88	37.06	499.9	1500	77	70.22	-2.85	0.262	1.0	-0.22	2.74	1.00	0.00	0.16	111115
45	"13:50:25"	1825.0	0	8.93	0.142	273	2.49	1.27	16.62	6	1.42	1	2.84	14.94	16.62	14.10	399.44	387.56	6.037	8.993	24.87	37.05	499.9	1500	77	70.22	-2.85	0.262	1.0	-0.22	2.74	1.00	0.00	0.16	111115
"13:50:35 Coolers: Tblock -> 19.00 C"
"13:52:28 Flow: Fixed -> 500 umol/s"
46	"13:52:55"	1976.0	0	8.85	0.133	267	2.46	1.34	18.19	6	1.42	1	2.84	18.70	18.19	18.99	399.27	387.51	7.902	10.826	25.64	35.13	500.0	1499	46	70.22	-3.16	0.238	1.0	-0.22	2.74	1.00	0.00	0.16	111115
47	"13:52:55"	1976.0	0	8.85	0.133	267	2.46	1.34	18.19	6	1.42	1	2.84	18.70	18.19	18.99	399.27	387.51	7.902	10.826	25.64	35.13	500.0	1499	46	70.22	-3.16	0.238	1.0	-0.22	2.74	1.00	0.00	0.16	111115
48	"13:52:56"	1976.5	0	8.84	0.133	267	2.46	1.34	18.19	6	1.42	1	2.84	18.70	18.19	18.99	399.28	387.53	7.904	10.828	25.65	35.14	500.0	1499	46	70.22	-3.16	0.238	1.0	-0.22	2.74	1.00	0.00	0.16	111115
49	"13:52:56"	1976.5	0	8.84	0.133	267	2.46	1.34	18.19	6	1.42	1	2.84	18.70	18.19	18.99	399.28	387.53	7.904	10.828	25.65	35.14	500.0	1499	46	70.22	-3.16	0.238	1.0	-0.22	2.74	1.00	0.00	0.16	111115
50	"13:52:57"	1977.0	0	8.86	0.133	266	2.46	1.34	18.19	6	1.42	1	2.84	18.70	18.19	18.99	399.29	387.51	7.904	10.829	25.65	35.14	500.0	1499	46	70.22	-3.16	0.238	1.0	-0.22	2.74	1.00	0.00	0.16	111115
51	"13:52:57"	1977.5	0	8.86	0.133	266	2.46	1.34	18.20	6	1.42	1	2.84	18.70	18.20	18.99	399.28	387.51	7.905	10.829	25.65	35.14	499.9	1499	46	70.22	-3.16	0.238	1.0	-0.22	2.74	1.00	0.00	0.16	111115
52	"13:52:58"	1978.0	0	8.85	0.133	267	2.46	1.34	18.20	6	1.42	1	2.84	18.70	18.20	18.99	399.26	387.50	7.904	10.830	25.64	35.13	499.9	1499	45	70.22	-3.16	0.238	1.0	-0.22	2.74	1.00	0.00	0.16	111115
53	"13:52:58"	1978.5	0	8.8	0.133	267	2.46	1.34	18.20	6	1.42	1	2.84	18.70	18.20	18.99	399.23	387.52	7.904	10.830	25.64	35.13	499.9	1499	45	70.22	-3.16	0.238	1.0	-0.22	2.74	1.00	0.00	0.16	111115
54	"13:52:59"	1979.0	0	8.77	0.133	267	2.46	1.34	18.19	6	1.42	1	2.84	18.70	18.19	18.99	399.21	387.53	7.904	10.830	25.64	35.13	499.9	1500	45	70.22	-3.16	0.238	1.0	-0.22	2.74	1.00	0.00	0.16	111115
55	"13:52:59"	1979.5	0	8.79	0.133	267	2.46	1.34	18.20	6	1.42	1	2.84	18.71	18.20	18.99	399.21	387.51	7.903	10.829	25.63	35.12	499.9	1500	45	70.22	-3.16	0.238	1.0	-0.22	2.74	1.00	0.00	0.16	111115
56	"13:53:00"	1980.0	0	8.81	0.133	267	2.47	1.34	18.20	6	1.42	1	2.84	18.71	18.20	18.99	399.23	387.51	7.903	10.830	25.63	35.12	499.9	1500	45	70.22	-3.16	0.238	1.0	-0.22	2.74	1.00	0.00	0.16	111115
57	"13:53:00"	1980.5	0	8.84	0.133	267	2.46	1.34	18.20	6	1.42	1	2.84	18.71	18.20	18.99	399.26	387.51	7.903	10.829	25.63	35.11	499.9	1500	45	70.22	-3.16	0.238	1.0	-0.22	2.74	1.00	0.00	0.16	111115
58	"13:53:01"	1981.0	0	8.83	0.133	267	2.46	1.34	18.20	6	1.42	1	2.84	18.71	18.20	18.99	399.31	387.57	7.903	10.829	25.62	35.11	499.9	1500	45	70.22	-3.16	0.238	1.0	-0.22	2.74	1.00	0.00	0.16	111115
59	"13:53:01"	1981.5	0	8.82	0.133	267	2.46	1.34	18.20	6	1.42	1	2.84	18.71	18.20	18.99	399.32	387.59	7.902	10.829	25.62	35.11	499.9	1500	45	70.22	-3.16	0.238	1.0	-0.22	2.74	1.00	0.00	0.16	111115
60	"13:53:02"	1982.0	0	8.83	0.133	267	2.46	1.34	18.20	6	1.42	1	2.84	18.71	18.20	18.99	399.35	387.61	7.902	10.827	25.62	35.10	500.0	1500	45	70.22	-3.16	0.238	1.0	-0.22	2.74	1.00	0.00	0.16	111115
"13:53:14 Coolers: Tblock -> 24.00 C"
"13:56:06 Flow: Fixed -> 500 umol/s"
61	"13:56:38"	2199.0	0	8.62	0.115	253	2.37	1.48	20.97	6	1.42	1	2.84	23.04	20.97	24.07	399.55	388.10	11.672	14.480	28.99	35.97	499.9	1499	333	70.22	-3.43	0.198	1.0	-0.22	2.74	1.00	0.00	0.16	111115
62	"13:56:39"	2199.0	0	8.62	0.115	253	2.37	1.48	20.97	6	1.42	1	2.84	23.04	20.97	24.07	399.55	388.10	11.672	14.480	28.99	35.97	499.9	1499	333	70.22	-3.43	0.198	1.0	-0.22	2.74	1.00	0.00	0.16	111115
63	"13:56:39"	2199.5	0	8.57	0.115	253	2.37	1.48	20.98	6	1.42	1	2.84	23.04	20.98	24.07	399.54	388.15	11.675	14.483	29.00	35.97	499.9	1499	333	70.22	-3.43	0.198	1.0	-0.22	2.74	1.00	0.00	0.16	111115
64	"13:56:40"	2200.0	0	8.57	0.115	253	2.37	1.48	20.98	6	1.42	1	2.84	23.05	20.98	24.07	399.51	388.11	11.678	14.486	29.00	35.97	499.9	1499	333	70.22	-3.43	0.198	1.0	-0.22	2.74	1.00	0.00	0.16	111115
65	"13:56:40"	2200.5	0	8.53	0.115	254	2.38	1.48	20.98	6	1.42	1	2.84	23.05	20.98	24.07	399.50	388.16	11.679	14.489	29.00	35.97	500.0	1499	333	70.22	-3.43	0.198	1.0	-0.22	2.74	1.00	0.00	0.16	111115
66	"13:56:41"	2201.0	0	8.54	0.115	254	2.38	1.48	20.99	6	1.42	1	2.84	23.05	20.99	24.07	399.52	388.16	11.679	14.491	28.99	35.97	499.9	1499	332	70.22	-3.43	0.198	1.0	-0.22	2.74	1.00	0.00	0.16	111115
67	"13:56:41"	2201.5	0	8.55	0.115	254	2.38	1.48	20.99	6	1.42	1	2.84	23.05	20.99	24.07	399.55	388.18	11.680	14.492	28.99	35.97	499.9	1499	332	70.22	-3.43	0.198	1.0	-0.22	2.74	1.00	0.00	0.16	111115
68	"13:56:42"	2202.0	0	8.61	0.115	253	2.38	1.48	21.00	6	1.42	1	2.84	23.05	21.00	24.07	399.58	388.14	11.680	14.495	28.99	35.98	499.9	1499	332	70.22	-3.43	0.198	1.0	-0.22	2.74	1.00	0.00	0.16	111115
69	"13:56:42"	2202.5	0	8.67	0.115	252	2.38	1.48	21.00	6	1.42	1	2.84	23.06	21.00	24.07	399.65	388.14	11.679	14.500	28.98	35.98	499.9	1499	332	70.22	-3.43	0.198	1.0	-0.22	2.74	1.00	0.00	0.16	111115
70	"13:56:43"	2203.0	0	8.66	0.115	252	2.39	1.48	21.01	6	1.42	1	2.84	23.06	21.01	24.07	399.67	388.17	11.680	14.501	28.98	35.98	499.9	1499	332	70.22	-3.43	0.198	1.0	-0.22	2.74	1.00	0.00	0.16	111115
71	"13:56:43"	2203.5	0	8.69	0.115	252	2.39	1.48	21.02	6	1.42	1	2.84	23.06	21.02	24.07	399.68	388.13	11.679	14.502	28.97	35.97	499.9	1499	332	70.22	-3.43	0.198	1.0	-0.22	2.74	1.00	0.00	0.16	111115
72	"13:56:44"	2204.0	0	8.69	0.115	252	2.39	1.48	21.03	6	1.42	1	2.84	23.07	21.03	24.07	399.70	388.15	11.678	14.506	28.97	35.98	499.9	1499	332	70.22	-3.43	0.198	1.0	-0.22	2.74	1.00	0.00	0.16	111115
73	"13:56:44"	2204.5	0	8.7	0.115	252	2.39	1.48	21.03	6	1.42	1	2.84	23.07	21.03	24.07	399.68	388.12	11.677	14.509	28.96	35.98	499.9	1499	332	70.22	-3.43	0.198	1.0	-0.22	2.74	1.00	0.00	0.16	111115
74	"13:56:45"	2205.0	0	8.64	0.115	253	2.4	1.48	21.04	6	1.42	1	2.84	23.07	21.04	24.07	399.64	388.16	11.677	14.511	28.96	35.99	500.0	1499	332	70.22	-3.43	0.198	1.0	-0.22	2.74	1.00	0.00	0.16	111115
75	"13:56:45"	2205.5	0	8.64	0.115	253	2.4	1.48	21.05	6	1.42	1	2.84	23.07	21.05	24.08	399.64	388.16	11.677	14.513	28.95	35.98	500.0	1499	332	70.22	-3.43	0.198	1.0	-0.22	2.74	1.00	0.00	0.16	111115
"13:56:59 Coolers: Tblock -> 29.00 C"
"13:59:38 Flow: Fixed -> 500 umol/s"
"14:00:48 Flow: Fixed -> 500 umol/s"
"14:01:55 Flow: Fixed -> 500 umol/s"
76	"14:02:33"	2553.5	0	9.29	0.123	247	3.36	1.93	25.60	6	1.42	1	2.84	27.87	25.60	28.94	398.88	386.17	15.463	19.415	28.83	36.19	499.9	1501	75	70.22	-2.98	0.172	1.0	-0.22	2.74	1.00	0.00	0.16	111115
77	"14:02:33"	2553.5	0	9.29	0.123	247	3.36	1.93	25.60	6	1.42	1	2.84	27.87	25.60	28.94	398.88	386.17	15.463	19.415	28.83	36.19	499.9	1501	75	70.22	-2.98	0.172	1.0	-0.22	2.74	1.00	0.00	0.16	111115
78	"14:02:33"	2554.0	0	9.32	0.123	246	3.36	1.93	25.60	6	1.42	1	2.84	27.87	25.60	28.94	398.91	386.17	15.463	19.415	28.82	36.19	499.9	1501	75	70.22	-2.98	0.172	1.0	-0.22	2.74	1.00	0.00	0.16	111115
79	"14:02:34"	2554.5	0	9.32	0.123	246	3.36	1.93	25.60	6	1.42	1	2.84	27.87	25.60	28.94	398.95	386.21	15.463	19.415	28.82	36.19	499.9	1501	75	70.22	-2.98	0.172	1.0	-0.22	2.74	1.00	0.00	0.16	111115
80	"14:02:34"	2555.0	0	9.31	0.123	246	3.36	1.93	25.60	6	1.42	1	2.84	27.87	25.60	28.94	398.96	386.23	15.463	19.416	28.82	36.19	499.9	1501	75	70.22	-2.98	0.172	1.0	-0.22	2.74	1.00	0.00	0.16	111115
81	"14:02:35"	2555.5	0	9.29	0.123	247	3.36	1.93	25.60	6	1.42	1	2.84	27.87	25.60	28.94	398.95	386.24	15.464	19.414	28.82	36.19	499.8	1501	75	70.22	-2.98	0.172	1.0	-0.22	2.74	1.00	0.00	0.16	111115
82	"14:02:35"	2556.0	0	9.31	0.123	246	3.36	1.93	25.61	6	1.42	1	2.84	27.88	25.61	28.94	398.97	386.25	15.465	19.416	28.82	36.19	499.8	1501	75	70.22	-2.98	0.172	1.0	-0.22	2.74	1.00	0.00	0.16	111115
83	"14:02:36"	2556.5	0	9.32	0.123	246	3.36	1.93	25.61	6	1.42	1	2.84	27.88	25.61	28.94	399.01	386.27	15.468	19.418	28.83	36.19	499.9	1501	75	70.22	-2.98	0.172	1.0	-0.22	2.74	1.00	0.00	0.16	111115
84	"14:02:36"	2557.0	0	9.3	0.123	246	3.36	1.93	25.61	6	1.42	1	2.84	27.88	25.61	28.94	399.00	386.28	15.467	19.418	28.83	36.19	499.9	1501	75	70.22	-2.98	0.172	1.0	-0.22	2.74	1.00	0.00	0.16	111115
85	"14:02:37"	2557.5	0	9.32	0.123	246	3.36	1.93	25.61	6	1.42	1	2.84	27.88	25.61	28.94	399.02	386.28	15.470	19.420	28.83	36.19	499.9	1501	75	70.22	-2.98	0.172	1.0	-0.22	2.74	1.00	0.00	0.16	111115
86	"14:02:37"	2558.0	0	9.35	0.123	246	3.36	1.93	25.60	6	1.42	1	2.84	27.88	25.60	28.95	399.06	386.28	15.472	19.423	28.83	36.20	499.9	1501	75	70.22	-2.98	0.172	1.0	-0.22	2.74	1.00	0.00	0.16	111115
87	"14:02:38"	2558.5	0	9.35	0.123	246	3.36	1.93	25.59	6	1.42	1	2.84	27.88	25.59	28.95	399.06	386.28	15.474	19.425	28.84	36.20	499.9	1501	75	70.22	-2.98	0.172	1.0	-0.22	2.74	1.00	0.00	0.16	111115
88	"14:02:39"	2560.0	0	9.29	0.124	248	3.36	1.92	25.54	6	1.42	1	2.84	27.88	25.54	28.95	398.96	386.25	15.478	19.434	28.84	36.21	499.9	1501	75	70.22	-2.98	0.172	1.0	-0.22	2.74	1.00	0.00	0.16	111115
89	"14:02:39"	2560.0	0	9.29	0.124	248	3.36	1.92	25.54	6	1.42	1	2.84	27.88	25.54	28.95	398.96	386.25	15.478	19.434	28.84	36.21	499.9	1501	75	70.22	-2.98	0.172	1.0	-0.22	2.74	1.00	0.00	0.16	111115
90	"14:02:40"	2560.5	0	9.28	0.124	248	3.36	1.92	25.53	6	1.42	1	2.84	27.88	25.53	28.95	398.92	386.22	15.477	19.438	28.84	36.21	499.9	1501	75	70.22	-2.98	0.172	1.0	-0.22	2.74	1.00	0.00	0.16	111115
"14:03:01 Coolers: Tblock -> 34.00 C"
"14:08:28 Flow: Fixed -> 500 umol/s"
91	"14:08:54"	2934.5	0	8.75	0.121	253	3.66	2.12	28.30	6	1.42	1	2.84	32.27	28.30	34.02	401.02	388.80	20.497	24.779	29.68	35.88	499.9	1499	73	70.21	-2.09	0.0641	1.0	-0.22	2.74	1.00	0.00	0.16	111115
92	"14:08:54"	2934.5	0	8.75	0.121	253	3.66	2.12	28.30	6	1.42	1	2.84	32.27	28.30	34.02	401.02	388.80	20.497	24.779	29.68	35.88	499.9	1499	73	70.21	-2.09	0.0641	1.0	-0.22	2.74	1.00	0.00	0.16	111115
93	"14:08:55"	2935.0	0	8.75	0.121	253	3.66	2.12	28.30	6	1.42	1	2.84	32.27	28.30	34.02	401.01	388.79	20.497	24.780	29.68	35.88	499.9	1500	73	70.21	-2.09	0.0641	1.0	-0.22	2.74	1.00	0.00	0.16	111115
94	"14:08:55"	2935.5	0	8.75	0.121	253	3.66	2.12	28.29	6	1.42	1	2.84	32.27	28.29	34.02	401.02	388.80	20.498	24.780	29.68	35.88	499.9	1500	73	70.21	-2.09	0.0641	1.0	-0.22	2.74	1.00	0.00	0.16	111115
95	"14:08:56"	2936.0	0	8.76	0.121	253	3.66	2.12	28.29	6	1.42	1	2.84	32.27	28.29	34.02	401.03	388.81	20.498	24.778	29.68	35.88	499.9	1500	73	70.21	-2.09	0.0641	1.0	-0.22	2.74	1.00	0.00	0.16	111115
96	"14:08:56"	2936.5	0	8.79	0.121	253	3.66	2.12	28.29	6	1.42	1	2.84	32.27	28.29	34.02	401.03	388.77	20.497	24.779	29.68	35.88	499.8	1500	73	70.21	-2.09	0.0641	1.0	-0.22	2.74	1.00	0.00	0.16	111115
97	"14:08:57"	2937.0	0	8.84	0.121	252	3.66	2.12	28.29	6	1.42	1	2.84	32.27	28.29	34.02	401.08	388.76	20.495	24.783	29.68	35.89	499.8	1500	74	70.21	-2.09	0.0641	1.0	-0.22	2.74	1.00	0.00	0.16	111115
98	"14:08:57"	2937.5	0	8.85	0.121	252	3.66	2.12	28.29	6	1.42	1	2.84	32.27	28.29	34.02	401.10	388.76	20.496	24.782	29.68	35.88	499.8	1500	74	70.21	-2.09	0.0641	1.0	-0.22	2.74	1.00	0.00	0.16	111115
99	"14:08:58"	2938.0	0	8.87	0.121	252	3.66	2.12	28.29	6	1.42	1	2.84	32.27	28.29	34.02	401.12	388.76	20.496	24.783	29.68	35.88	499.8	1500	74	70.21	-2.09	0.0641	1.0	-0.22	2.74	1.00	0.00	0.16	111115
100	"14:08:59"	2938.5	0	8.85	0.122	252	3.66	2.12	28.28	6	1.42	1	2.84	32.27	28.28	34.02	401.13	388.80	20.497	24.783	29.68	35.88	499.8	1500	74	70.21	-2.09	0.0641	1.0	-0.22	2.74	1.00	0.00	0.16	111115
101	"14:08:59"	2939.0	0	8.91	0.122	251	3.66	2.12	28.28	6	1.42	1	2.84	32.27	28.28	34.02	401.17	388.77	20.497	24.785	29.68	35.89	499.8	1500	74	70.21	-2.09	0.0641	1.0	-0.22	2.74	1.00	0.00	0.16	111115
102	"14:09:00"	2939.5	0	8.94	0.122	251	3.66	2.12	28.29	6	1.42	1	2.84	32.27	28.29	34.02	401.19	388.74	20.497	24.788	29.68	35.89	499.8	1500	74	70.21	-2.09	0.0641	1.0	-0.22	2.74	1.00	0.00	0.16	111115
103	"14:09:00"	2940.0	0	8.92	0.121	251	3.66	2.12	28.29	6	1.42	1	2.84	32.27	28.29	34.02	401.17	388.74	20.498	24.787	29.68	35.89	499.8	1500	74	70.21	-2.09	0.0641	1.0	-0.22	2.74	1.00	0.00	0.16	111115
104	"14:09:01"	2940.5	0	8.9	0.121	251	3.66	2.12	28.29	6	1.42	1	2.84	32.27	28.29	34.02	401.18	388.79	20.501	24.786	29.69	35.89	499.8	1500	74	70.21	-2.09	0.0641	1.0	-0.22	2.74	1.00	0.00	0.16	111115
105	"14:09:01"	2941.0	0	8.91	0.121	251	3.66	2.12	28.28	6	1.42	1	2.84	32.27	28.28	34.02	401.18	388.78	20.503	24.783	29.69	35.89	499.8	1500	74	70.21	-2.09	0.0641	1.0	-0.22	2.74	1.00	0.00	0.16	111115
"14:09:19 Coolers: Tblock -> 39.00 C"
"14:11:50 Flow: Fixed -> 500 umol/s"
"14:14:17 Flow: Fixed -> 500 umol/s"
"14:16:41 Coolers: Tblock -> 37.21 C"
"14:17:08 Flow: Fixed -> 500 umol/s"
106	"14:17:46"	3466.5	0	8.99	0.121	249	3.71	2.15	29.46	6	1.42	1	2.84	34.85	29.46	37.14	401.16	388.64	23.933	28.260	30.00	35.42	499.8	1500	71	70.22	-2.24	-0.00976	1.0	-0.22	2.74	1.00	0.00	0.16	111115
107	"14:17:46"	3467.5	0	9.04	0.121	249	3.71	2.15	29.46	6	1.42	1	2.84	34.85	29.46	37.14	401.27	388.69	23.932	28.259	30.00	35.42	499.9	1500	71	70.22	-2.24	-0.00976	1.0	-0.22	2.74	1.00	0.00	0.16	111115
108	"14:17:47"	3467.5	0	9.04	0.121	249	3.71	2.15	29.46	6	1.42	1	2.84	34.85	29.46	37.14	401.27	388.69	23.932	28.259	30.00	35.42	499.9	1500	71	70.22	-2.24	-0.00976	1.0	-0.22	2.74	1.00	0.00	0.16	111115
109	"14:17:47"	3468.0	0	9.05	0.121	248	3.71	2.15	29.47	6	1.42	1	2.84	34.85	29.47	37.14	401.31	388.72	23.930	28.257	30.00	35.42	499.8	1500	71	70.22	-2.24	-0.00976	1.0	-0.22	2.74	1.00	0.00	0.16	111115
110	"14:17:48"	3468.0	0	9.05	0.121	248	3.71	2.15	29.47	6	1.42	1	2.84	34.85	29.47	37.14	401.31	388.72	23.930	28.257	30.00	35.42	499.8	1500	71	70.22	-2.24	-0.00976	1.0	-0.22	2.74	1.00	0.00	0.16	111115
111	"14:17:48"	3468.5	0	9.02	0.121	249	3.71	2.15	29.47	6	1.42	1	2.84	34.85	29.47	37.14	401.31	388.75	23.930	28.258	30.00	35.42	499.8	1500	71	70.22	-2.24	-0.00976	1.0	-0.22	2.74	1.00	0.00	0.16	111115
112	"14:17:49"	3469.0	0	9.01	0.121	249	3.71	2.15	29.47	6	1.42	1	2.84	34.85	29.47	37.14	401.32	388.76	23.929	28.256	29.99	35.42	499.8	1500	71	70.22	-2.24	-0.00976	1.0	-0.22	2.74	1.00	0.00	0.16	111115
113	"14:17:49"	3469.5	0	8.99	0.121	249	3.71	2.15	29.47	6	1.42	1	2.84	34.85	29.47	37.14	401.32	388.80	23.927	28.256	29.99	35.42	499.8	1500	71	70.22	-2.24	-0.00976	1.0	-0.22	2.74	1.00	0.00	0.16	111115
114	"14:17:50"	3470.0	0	9.02	0.121	249	3.71	2.15	29.47	6	1.42	1	2.84	34.85	29.47	37.14	401.37	388.81	23.926	28.258	29.99	35.42	499.8	1500	71	70.22	-2.24	-0.00976	1.0	-0.22	2.74	1.00	0.00	0.16	111115
115	"14:17:50"	3470.5	0	9.04	0.121	249	3.71	2.15	29.47	6	1.42	1	2.84	34.85	29.47	37.14	401.38	388.80	23.925	28.255	29.99	35.42	499.8	1500	71	70.22	-2.24	-0.00976	1.0	-0.22	2.74	1.00	0.00	0.16	111115
116	"14:17:51"	3471.0	0	8.99	0.121	249	3.71	2.15	29.46	6	1.42	1	2.84	34.85	29.46	37.14	401.33	388.81	23.924	28.253	29.99	35.41	499.8	1500	71	70.22	-2.24	-0.00976	1.0	-0.22	2.74	1.00	0.00	0.16	111115
117	"14:17:51"	3471.5	0	8.94	0.121	250	3.71	2.15	29.46	6	1.42	1	2.84	34.85	29.46	37.14	401.29	388.83	23.924	28.251	29.99	35.41	499.8	1500	71	70.22	-2.24	-0.00976	1.0	-0.22	2.74	1.00	0.00	0.16	111115
118	"14:17:52"	3472.0	0	8.93	0.121	250	3.71	2.15	29.47	6	1.42	1	2.84	34.85	29.47	37.14	401.29	388.83	23.925	28.250	29.99	35.41	499.9	1500	71	70.22	-2.24	-0.00976	1.0	-0.22	2.74	1.00	0.00	0.16	111115
119	"14:17:52"	3472.5	0	8.96	0.121	250	3.71	2.15	29.47	6	1.42	1	2.84	34.85	29.47	37.14	401.31	388.83	23.925	28.249	29.98	35.40	499.9	1500	72	70.22	-2.24	-0.00976	1.0	-0.22	2.74	1.00	0.00	0.16	111115
120	"14:17:53"	3473.0	0	8.96	0.121	249	3.71	2.15	29.47	6	1.42	1	2.84	34.85	29.47	37.14	401.32	388.83	23.925	28.249	29.98	35.40	499.9	1500	72	70.22	-2.24	-0.00976	1.0	-0.22	2.74	1.00	0.00	0.16	111115
"14:18:17 Coolers: Tblock -> 42.00 C"
"14:21:23 Flow: Fixed -> 500 umol/s"
