"OPEN 6.2.4"
"Sat Jun 27 2015 09:49:35"
<open><version>"6.2.4"</version></open>
<open><configfile>"/User/Configs/UserPrefs/2x3 LED.xml"</configfile></open>
<open><light><source>"6400-02 or -02B LED Source"</source><par_in>1<sensor>"SI-3781"<cal>-0.93<actinity>1.00</actinity><transm>1.00</transm></cal></sensor><transm>1</transm></par_in><par_out>1<sensor>"Q49599"<cal>7.26</cal></sensor></par_out></light></open>
<open><comps><file>"/User/Configs/Comps/StdComps_6.2"<header>""</header><extras></extras></file><energybal>no<f_parIn>1</f_parIn><f_parOut>0</f_parOut><alphaK>0.16</alphaK></energybal><bc_total>2.840<stomatal_ratio>1</stomatal_ratio><bc_oneside>1.420<type>2</type><table>"/Sys/Lib/StdBLCTable"</table><area>6</area><slope>-0.219565</slope><offset>2.73739</offset><fan>5</fan></bc_oneside></bc_total></comps></open>
<open><prompts><onlog>off</onlog><items>"Default (none)"</items></prompts></open>
<open><constants><oxygen>21 %</oxygen><bb_vapor>1.5</bb_vapor><bb_oxy>0.9</bb_oxy></constants></open>
<open><stability><items>"Std Stability"<items[1]><id>-2</id><size>15</size><pcv><onoff>0</onoff><value>1</value></pcv><std><onoff>0</onoff><value>1</value></std><slp><onoff>1</onoff><value>1</value></slp></items[1]><items[2]><id>-5</id><size>15</size><pcv><onoff>0</onoff><value>1</value></pcv><std><onoff>0</onoff><value>1</value></std><slp><onoff>1</onoff><value>1</value></slp></items[2]><items[3]><id>-7</id><size>15</size><pcv><onoff>0</onoff><value>1</value></pcv><std><onoff>0</onoff><value>1</value></std><slp><onoff>1</onoff><value>1</value></slp></items[3]></items></stability></open>
<open><log><format>"StdLogFmt_6.0"<items>{ -35 -21 -36 -76 30 23 36 21 25 221 -33 111 -34 11 -9 -10 -8 -1 -2 -4 -5 -14 -15 -7 -12 -13 -11 -65 -66 -72 -18 -19 -77 -78 -79 -23  }<hdr>{  }</hdr></items></format><options><beep>on</beep><hdr>normal</hdr><rem>normal</rem><stab>no</stab><stats>no<mean>no</mean><file>no</file><period>15</period></stats><excel>yes</excel><controls>yes</controls><comm>no</comm></options><datafile>"/User/stm-rcup4"</datafile><button><action>"Normal Log"<code>" LogOneObsManual "</code></action></button><autoprog>"/User/Configs/AutoProgs/AutoLog2"<active>no</active></autoprog></log></open>
<open><a2d><avgtime>4.0 secs</avgtime><userchans><ch20>"Off"</ch20><ch21>"Off"</ch21><ch22>"Off"</ch22><ch23>"Off"</ch23></userchans></a2d></open>
<open><matching><type>0</type><disp>'a'</disp><settings><CO2Limit>10.0</CO2Limit><H2OLimit>1.0</H2OLimit><MaxAutoTime>60</MaxAutoTime></settings></matching></open>
<li6400><factory><unit>"PSC-3840"</unit><serviced>"1 Jul 2013"</serviced><fuseaware>0</fuseaware><co2mixer>yes</co2mixer><co2><coeffs>{ 0 0.213319 2.22998e-05 2.13159e-08 -3.88664e-12 3.69888e-16  }</coeffs><dvdt>-4.7</dvdt><xs>{ 0.0009 -0.0002  }</xs></co2><h2o><coeffs>{ 0 0.00572751 2.23485e-06 -7.37877e-12  }</coeffs><dvdt>-1.7</dvdt><xs>{ 0.0009 -0.0028  }</xs></h2o><flow>{ 0 0.3568  }</flow><press>{ 88.437 0.00551  }</press></factory></li6400>
<li6400><user><flow_zero>-468.8</flow_zero><irga_zero><co2>429.7 390.6<at>17.6901</at></co2><h2o>78.1 156.2<at>17.1607</at></h2o></irga_zero><irga_span><co2>{ 0.99237 0.992833  }</co2><h2o>{ 1.00426 0.996799  }</h2o></irga_span><irga_match><co2>{ 0.368307 2.53198  }</co2><h2o>{ 0.00477181 -0.0725763  }</h2o></irga_match><co2_mixer><pump_mv>4500</pump_mv><ppm>{ 2287.2 1080.71 423.89 257.488 117.195 68.0056 44.5242 37.9628  }</ppm><mv>{ 5000 3000 1500 1000 500 300 200 100  }</mv></co2_mixer><parin_offset>0</parin_offset><led_cal><unit>"SI-3781"</unit><mv>{ 10 25 50 100 1000 2000 3000 4000 5000  }</mv><qntm>{ 4.69642 15.4417 35.4805 82.2863 972.665 1922.29 2824.32 3690.14 4518.2  }</qntm></led_cal><lcf_cal><unit>"unknown"</unit><red><mv>{ 50 100 500 1000 1500 5000  }</mv><qntm>{ 50 100 500 1000 2000 5000  }</qntm></red><blue><mv>{ 100 200 500 1000 2000 5000  }</mv><qntm>{ 10 20 50 100 200 500  }</qntm></blue></lcf_cal></user></li6400>
"09:49:36 "
$STARTOFDATA$
"Obs"	"HHMMSS"	"FTime"	"EBal?"	"Photo"	"Cond"	"Ci"	"Trmmol"	"VpdL"	"CTleaf"	"Area"	"BLC_1"	"StmRat"	"BLCond"	"Tair"	"Tleaf"	"TBlk"	"CO2R"	"CO2S"	"H2OR"	"H2OS"	"RH_R"	"RH_S"	"Flow"	"PARi"	"PARo"	"Press"	"CsMch"	"HsMch"	"StableF"	"BLCslope"	"BLCoffst"	"f_parin"	"f_parout"	"alphaK"	"Status"
"09:50:35 CO2 Mixer: CO2R -> 400 uml"
"09:50:43 Coolers: Tblock -> 0.00 C"
"09:50:51 Lamp: ParIn ->  1500 uml"
"10:01:58 Coolers: Tblock -> 5.19 C"
"10:03:16 Flow: Fixed -> 500 umol/s"
"10:04:07 Flow: Fixed -> 500 umol/s"
1	"10:05:27"	959.5	0	10.6	0.336	324	3.9	0.942	11.01	6	1.42	1	2.84	7.78	11.01	5.33	401.10	386.56	0.467	5.125	3.23	35.48	499.9	1499	12	73.45	-2.48	0.231	0.7	-0.22	2.74	1.00	0.00	0.16	111115
2	"10:05:27"	959.5	0	10.6	0.336	324	3.9	0.942	11.01	6	1.42	1	2.84	7.78	11.01	5.33	401.10	386.56	0.467	5.125	3.23	35.48	499.9	1499	12	73.45	-2.48	0.231	0.7	-0.22	2.74	1.00	0.00	0.16	111115
3	"10:05:28"	960.0	0	10.7	0.337	324	3.91	0.941	11.01	6	1.42	1	2.84	7.78	11.01	5.32	401.13	386.53	0.465	5.131	3.22	35.52	499.9	1499	12	73.45	-2.48	0.231	0.7	-0.22	2.74	1.00	0.00	0.16	111115
4	"10:05:28"	960.5	0	10.8	0.337	323	3.9	0.942	11.01	6	1.42	1	2.84	7.78	11.01	5.33	401.20	386.43	0.466	5.128	3.23	35.50	499.9	1499	12	73.45	-2.48	0.231	0.7	-0.22	2.74	1.00	0.00	0.16	111115
5	"10:05:29"	961.0	0	10.7	0.336	323	3.9	0.942	11.01	6	1.42	1	2.84	7.78	11.01	5.33	401.17	386.52	0.466	5.126	3.23	35.49	499.9	1499	12	73.45	-2.48	0.231	0.7	-0.22	2.74	1.00	0.00	0.16	111115
6	"10:05:29"	961.5	0	10.7	0.337	323	3.91	0.942	11.02	6	1.42	1	2.84	7.78	11.02	5.33	401.21	386.51	0.466	5.129	3.22	35.51	500.0	1499	12	73.45	-2.48	0.231	1.0	-0.22	2.74	1.00	0.00	0.16	111115
7	"10:05:30"	962.0	0	10.7	0.336	323	3.9	0.942	11.02	6	1.42	1	2.84	7.78	11.02	5.33	401.18	386.51	0.466	5.127	3.23	35.49	500.0	1499	12	73.45	-2.48	0.231	1.0	-0.22	2.74	1.00	0.00	0.16	111115
8	"10:05:30"	962.5	0	10.7	0.336	323	3.9	0.942	11.01	6	1.42	1	2.84	7.78	11.01	5.33	401.20	386.56	0.467	5.126	3.23	35.48	500.0	1499	12	73.45	-2.48	0.231	1.0	-0.22	2.74	1.00	0.00	0.16	111115
9	"10:05:31"	963.0	0	10.7	0.336	323	3.9	0.942	11.01	6	1.42	1	2.84	7.78	11.01	5.33	401.24	386.63	0.467	5.126	3.23	35.48	500.0	1499	12	73.45	-2.48	0.231	1.0	-0.22	2.74	1.00	0.00	0.16	111115
10	"10:05:31"	963.5	0	10.7	0.337	323	3.91	0.942	11.02	6	1.42	1	2.84	7.78	11.02	5.33	401.29	386.59	0.466	5.130	3.22	35.51	500.1	1499	12	73.45	-2.48	0.231	1.0	-0.22	2.74	1.00	0.00	0.16	111115
11	"10:05:32"	964.0	0	10.8	0.336	323	3.9	0.943	11.02	6	1.42	1	2.84	7.78	11.02	5.33	401.34	386.60	0.467	5.125	3.24	35.48	500.1	1499	12	73.45	-2.48	0.231	1.0	-0.22	2.74	1.00	0.00	0.16	111115
12	"10:05:32"	964.5	0	10.7	0.337	323	3.91	0.942	11.02	6	1.42	1	2.84	7.78	11.02	5.33	401.34	386.64	0.466	5.130	3.22	35.51	500.1	1499	12	73.45	-2.48	0.231	1.0	-0.22	2.74	1.00	0.00	0.16	111115
13	"10:05:33"	965.0	0	10.8	0.336	323	3.9	0.943	11.02	6	1.42	1	2.84	7.78	11.02	5.33	401.39	386.59	0.467	5.126	3.24	35.49	500.1	1499	12	73.45	-2.48	0.231	0.7	-0.22	2.74	1.00	0.00	0.16	111115
14	"10:05:33"	965.5	0	10.7	0.336	323	3.9	0.943	11.02	6	1.42	1	2.84	7.78	11.02	5.33	401.35	386.68	0.467	5.127	3.23	35.49	500.1	1499	12	73.45	-2.48	0.231	0.7	-0.22	2.74	1.00	0.00	0.16	111115
15	"10:05:34"	966.0	0	10.8	0.336	323	3.9	0.943	11.02	6	1.42	1	2.84	7.78	11.02	5.33	401.39	386.64	0.467	5.128	3.23	35.50	500.0	1499	12	73.45	-2.48	0.231	0.7	-0.22	2.74	1.00	0.00	0.16	111115
"10:05:43 Coolers: Tblock -> 10.00 C"
"10:08:04 Flow: Fixed -> 500 umol/s"
"10:08:46 Flow: Fixed -> 500 umol/s"
16	"10:09:06"	1179.0	0	11.2	0.32	317	4.12	1.04	13.17	6	1.42	1	2.84	11.37	13.17	10.02	401.28	385.96	1.650	6.565	8.98	35.70	500.0	1501	12	73.45	-2.76	0.228	1.0	-0.22	2.74	1.00	0.00	0.16	111115
17	"10:09:07"	1179.0	0	11.2	0.32	317	4.12	1.04	13.17	6	1.42	1	2.84	11.37	13.17	10.02	401.28	385.96	1.650	6.565	8.98	35.70	500.0	1501	12	73.45	-2.76	0.228	1.0	-0.22	2.74	1.00	0.00	0.16	111115
18	"10:09:07"	1179.0	0	11.2	0.32	317	4.12	1.04	13.17	6	1.42	1	2.84	11.37	13.17	10.02	401.28	385.96	1.650	6.565	8.98	35.70	500.0	1501	12	73.45	-2.76	0.228	1.0	-0.22	2.74	1.00	0.00	0.16	111115
19	"10:09:07"	1179.5	0	11.2	0.32	317	4.12	1.04	13.17	6	1.42	1	2.84	11.37	13.17	10.02	401.29	385.95	1.651	6.566	8.98	35.71	500.0	1501	12	73.45	-2.76	0.228	1.0	-0.22	2.74	1.00	0.00	0.16	111115
20	"10:09:08"	1180.0	0	11.2	0.32	317	4.12	1.04	13.17	6	1.42	1	2.84	11.37	13.17	10.02	401.27	385.97	1.652	6.565	8.98	35.70	500.0	1501	12	73.45	-2.76	0.228	1.0	-0.22	2.74	1.00	0.00	0.16	111115
21	"10:09:08"	1180.5	0	11.1	0.32	317	4.12	1.04	13.17	6	1.42	1	2.84	11.38	13.17	10.02	401.26	385.98	1.652	6.566	8.99	35.71	500.0	1501	12	73.45	-2.76	0.228	1.0	-0.22	2.74	1.00	0.00	0.16	111115
22	"10:09:09"	1181.0	0	11.2	0.32	317	4.12	1.04	13.17	6	1.42	1	2.84	11.38	13.17	10.02	401.28	385.97	1.653	6.567	8.99	35.71	500.0	1501	12	73.45	-2.76	0.228	1.0	-0.22	2.74	1.00	0.00	0.16	111115
23	"10:09:09"	1181.5	0	11.2	0.32	317	4.12	1.04	13.18	6	1.42	1	2.84	11.38	13.18	10.02	401.27	385.98	1.653	6.569	8.99	35.72	499.9	1501	12	73.45	-2.76	0.228	1.0	-0.22	2.74	1.00	0.00	0.16	111115
24	"10:09:10"	1182.0	0	11.2	0.32	317	4.12	1.04	13.18	6	1.42	1	2.84	11.38	13.18	10.02	401.29	385.97	1.653	6.569	8.99	35.72	500.0	1501	12	73.45	-2.76	0.228	1.0	-0.22	2.74	1.00	0.00	0.16	111115
25	"10:09:10"	1182.5	0	11.2	0.32	317	4.12	1.04	13.18	6	1.42	1	2.84	11.38	13.18	10.02	401.28	385.96	1.654	6.571	8.99	35.72	500.0	1501	12	73.45	-2.76	0.228	1.0	-0.22	2.74	1.00	0.00	0.16	111115
26	"10:09:11"	1183.0	0	11.1	0.32	317	4.12	1.04	13.19	6	1.42	1	2.84	11.38	13.19	10.02	401.26	385.97	1.654	6.571	8.99	35.72	500.0	1501	12	73.45	-2.76	0.228	1.0	-0.22	2.74	1.00	0.00	0.16	111115
27	"10:09:11"	1183.5	0	11.1	0.32	317	4.12	1.04	13.19	6	1.42	1	2.84	11.38	13.19	10.02	401.23	386.02	1.654	6.571	8.99	35.72	500.0	1501	12	73.45	-2.76	0.228	1.0	-0.22	2.74	1.00	0.00	0.16	111115
28	"10:09:12"	1184.0	0	11.1	0.32	317	4.12	1.04	13.19	6	1.42	1	2.84	11.38	13.19	10.02	401.22	386.03	1.654	6.571	8.99	35.72	500.0	1501	12	73.45	-2.76	0.228	1.0	-0.22	2.74	1.00	0.00	0.16	111115
29	"10:09:12"	1184.5	0	11.1	0.32	317	4.12	1.04	13.19	6	1.42	1	2.84	11.38	13.19	10.02	401.23	386.01	1.653	6.571	8.99	35.72	500.0	1501	12	73.45	-2.76	0.228	1.0	-0.22	2.74	1.00	0.00	0.16	111115
30	"10:09:13"	1185.0	0	11.1	0.32	317	4.13	1.04	13.19	6	1.42	1	2.84	11.38	13.19	10.02	401.27	386.00	1.653	6.572	8.98	35.72	500.0	1501	12	73.45	-2.76	0.228	1.0	-0.22	2.74	1.00	0.00	0.16	111115
"10:09:18 Coolers: Tblock -> 15.00 C"
"10:12:17 Flow: Fixed -> 500 umol/s"
"10:14:14 Flow: Fixed -> 500 umol/s"
31	"10:14:57"	1529.5	0	11.8	0.301	307	4.55	1.21	16.22	6	1.42	1	2.84	15.61	16.22	15.10	400.85	384.57	3.326	8.745	13.73	36.10	499.9	1500	12	73.45	-2.6	0.22	1.0	-0.22	2.74	1.00	0.00	0.16	111115
32	"10:14:57"	1529.5	0	11.8	0.301	307	4.55	1.21	16.22	6	1.42	1	2.84	15.61	16.22	15.10	400.85	384.57	3.326	8.745	13.73	36.10	499.9	1500	12	73.45	-2.6	0.22	1.0	-0.22	2.74	1.00	0.00	0.16	111115
33	"10:14:58"	1530.0	0	11.9	0.301	307	4.55	1.21	16.22	6	1.42	1	2.84	15.61	16.22	15.10	400.91	384.57	3.326	8.745	13.73	36.10	499.9	1500	12	73.45	-2.6	0.22	1.0	-0.22	2.74	1.00	0.00	0.16	111115
34	"10:14:58"	1530.5	0	11.9	0.301	307	4.55	1.21	16.22	6	1.42	1	2.84	15.61	16.22	15.10	400.95	384.59	3.327	8.745	13.73	36.10	499.9	1500	12	73.45	-2.6	0.22	1.0	-0.22	2.74	1.00	0.00	0.16	111115
35	"10:14:59"	1531.0	0	11.9	0.301	307	4.55	1.21	16.22	6	1.42	1	2.84	15.61	16.22	15.10	400.96	384.62	3.328	8.745	13.74	36.09	499.9	1500	12	73.45	-2.6	0.22	1.0	-0.22	2.74	1.00	0.00	0.16	111115
36	"10:14:59"	1531.5	0	11.9	0.301	307	4.55	1.21	16.22	6	1.42	1	2.84	15.61	16.22	15.10	400.95	384.63	3.329	8.746	13.74	36.10	500.0	1500	12	73.45	-2.6	0.22	1.0	-0.22	2.74	1.00	0.00	0.16	111115
37	"10:15:00"	1532.0	0	11.9	0.301	307	4.55	1.21	16.22	6	1.42	1	2.84	15.61	16.22	15.10	400.97	384.64	3.329	8.747	13.74	36.10	500.0	1500	12	73.45	-2.6	0.22	1.0	-0.22	2.74	1.00	0.00	0.16	111115
38	"10:15:00"	1532.5	0	11.9	0.301	307	4.56	1.21	16.22	6	1.42	1	2.84	15.61	16.22	15.10	401.00	384.64	3.330	8.749	13.74	36.11	500.0	1500	12	73.45	-2.6	0.22	1.0	-0.22	2.74	1.00	0.00	0.16	111115
39	"10:15:01"	1533.0	0	11.9	0.301	307	4.56	1.21	16.22	6	1.42	1	2.84	15.61	16.22	15.10	401.00	384.65	3.330	8.750	13.74	36.11	500.0	1500	12	73.45	-2.6	0.22	1.0	-0.22	2.74	1.00	0.00	0.16	111115
40	"10:15:01"	1533.5	0	11.9	0.301	307	4.56	1.21	16.22	6	1.42	1	2.84	15.61	16.22	15.10	401.00	384.63	3.330	8.751	13.74	36.11	500.1	1500	12	73.45	-2.6	0.22	1.0	-0.22	2.74	1.00	0.00	0.16	111115
41	"10:15:02"	1534.0	0	11.9	0.301	307	4.56	1.21	16.22	6	1.42	1	2.84	15.61	16.22	15.10	400.96	384.63	3.331	8.749	13.74	36.10	500.1	1500	12	73.45	-2.6	0.22	1.0	-0.22	2.74	1.00	0.00	0.16	111115
42	"10:15:02"	1534.5	0	11.8	0.301	307	4.56	1.21	16.22	6	1.42	1	2.84	15.61	16.22	15.10	400.93	384.63	3.331	8.750	13.75	36.11	500.1	1500	12	73.45	-2.6	0.22	1.0	-0.22	2.74	1.00	0.00	0.16	111115
43	"10:15:03"	1535.0	0	11.8	0.301	307	4.56	1.21	16.23	6	1.42	1	2.84	15.61	16.23	15.10	400.89	384.63	3.331	8.751	13.75	36.11	500.1	1500	12	73.45	-2.6	0.22	1.0	-0.22	2.74	1.00	0.00	0.16	111115
44	"10:15:03"	1535.5	0	11.8	0.301	307	4.56	1.21	16.23	6	1.42	1	2.84	15.61	16.23	15.10	400.92	384.65	3.331	8.752	13.74	36.11	500.1	1500	12	73.45	-2.6	0.22	1.0	-0.22	2.74	1.00	0.00	0.16	111115
45	"10:15:04"	1536.0	0	11.8	0.301	307	4.56	1.21	16.23	6	1.42	1	2.84	15.61	16.23	15.10	400.89	384.65	3.330	8.752	13.74	36.11	500.1	1500	12	73.45	-2.6	0.22	1.0	-0.22	2.74	1.00	0.00	0.16	111115
"10:15:09 Coolers: Tblock -> 20.00 C"
"10:17:38 Flow: Fixed -> 500 umol/s"
"10:19:06 Flow: Fixed -> 500 umol/s"
46	"10:19:42"	1815.0	0	12.2	0.28	296	5	1.41	19.19	6	1.42	1	2.84	19.69	19.19	19.98	399.65	382.67	5.236	11.170	16.71	35.64	500.0	1500	12	73.45	-2.66	0.207	1.0	-0.22	2.74	1.00	0.00	0.16	111115
47	"10:19:42"	1815.0	0	12.2	0.28	296	5	1.41	19.19	6	1.42	1	2.84	19.69	19.19	19.98	399.65	382.67	5.236	11.170	16.71	35.64	500.0	1500	12	73.45	-2.66	0.207	1.0	-0.22	2.74	1.00	0.00	0.16	111115
48	"10:19:43"	1815.5	0	12.2	0.28	297	5	1.41	19.19	6	1.42	1	2.84	19.69	19.19	19.98	399.64	382.72	5.236	11.173	16.71	35.65	500.0	1500	12	73.45	-2.66	0.207	1.0	-0.22	2.74	1.00	0.00	0.16	111115
49	"10:19:43"	1816.0	0	12.1	0.28	297	5	1.41	19.19	6	1.42	1	2.84	19.69	19.19	19.98	399.62	382.77	5.236	11.174	16.71	35.65	499.9	1500	12	73.45	-2.66	0.207	1.0	-0.22	2.74	1.00	0.00	0.16	111115
50	"10:19:44"	1816.5	0	12.2	0.281	297	5.01	1.41	19.19	6	1.42	1	2.84	19.69	19.19	19.98	399.65	382.70	5.235	11.178	16.70	35.66	499.9	1500	12	73.45	-2.66	0.207	1.0	-0.22	2.74	1.00	0.00	0.16	111115
51	"10:19:44"	1817.0	0	12.3	0.281	296	5.01	1.41	19.19	6	1.42	1	2.84	19.69	19.19	19.98	399.70	382.68	5.236	11.180	16.70	35.66	500.0	1500	12	73.45	-2.66	0.207	1.0	-0.22	2.74	1.00	0.00	0.16	111115
52	"10:19:45"	1817.5	0	12.3	0.281	296	5.01	1.41	19.19	6	1.42	1	2.84	19.70	19.19	19.98	399.73	382.68	5.236	11.181	16.70	35.66	500.0	1500	11	73.45	-2.66	0.207	1.0	-0.22	2.74	1.00	0.00	0.16	111115
53	"10:19:45"	1818.0	0	12.3	0.281	296	5.01	1.41	19.19	6	1.42	1	2.84	19.70	19.19	19.98	399.77	382.72	5.236	11.183	16.70	35.67	500.0	1500	11	73.45	-2.66	0.207	1.0	-0.22	2.74	1.00	0.00	0.16	111115
54	"10:19:46"	1818.5	0	12.3	0.281	296	5.01	1.41	19.19	6	1.42	1	2.84	19.70	19.19	19.99	399.77	382.74	5.238	11.185	16.70	35.67	500.0	1500	11	73.45	-2.66	0.207	1.0	-0.22	2.74	1.00	0.00	0.16	111115
55	"10:19:46"	1819.0	0	12.3	0.281	296	5.01	1.41	19.19	6	1.42	1	2.84	19.70	19.19	19.99	399.77	382.71	5.239	11.187	16.71	35.67	500.0	1500	11	73.45	-2.66	0.207	1.0	-0.22	2.74	1.00	0.00	0.16	111115
56	"10:19:47"	1819.5	0	12.3	0.281	296	5.01	1.41	19.20	6	1.42	1	2.84	19.70	19.20	19.99	399.78	382.68	5.239	11.187	16.71	35.67	500.0	1500	11	73.45	-2.66	0.207	1.0	-0.22	2.74	1.00	0.00	0.16	111115
57	"10:19:47"	1820.0	0	12.4	0.281	296	5.01	1.41	19.20	6	1.42	1	2.84	19.70	19.20	19.99	399.82	382.69	5.240	11.187	16.70	35.67	500.1	1500	11	73.45	-2.66	0.207	1.0	-0.22	2.74	1.00	0.00	0.16	111115
58	"10:19:48"	1820.5	0	12.3	0.281	296	5.01	1.41	19.20	6	1.42	1	2.84	19.70	19.20	19.99	399.82	382.74	5.241	11.187	16.71	35.66	500.1	1500	11	73.45	-2.66	0.207	1.0	-0.22	2.74	1.00	0.00	0.16	111115
59	"10:19:48"	1821.0	0	12.3	0.281	296	5.01	1.41	19.21	6	1.42	1	2.84	19.70	19.21	19.99	399.84	382.73	5.240	11.188	16.70	35.67	500.1	1500	11	73.45	-2.66	0.207	1.0	-0.22	2.74	1.00	0.00	0.16	111115
60	"10:19:49"	1821.5	0	12.3	0.28	296	5.01	1.41	19.21	6	1.42	1	2.84	19.70	19.21	19.98	399.79	382.74	5.241	11.188	16.71	35.66	500.0	1500	11	73.45	-2.66	0.207	1.0	-0.22	2.74	1.00	0.00	0.16	111115
"10:19:54 Coolers: Tblock -> 25.00 C"
"10:22:25 Flow: Fixed -> 500 umol/s"
"10:24:13 Flow: Fixed -> 500 umol/s"
61	"10:24:38"	2110.5	0	12.4	0.254	286	5.53	1.7	22.75	6	1.42	1	2.84	24.21	22.75	25.05	399.74	382.36	8.161	14.703	19.76	35.60	499.9	1500	11	73.44	-2.61	0.169	1.0	-0.22	2.74	1.00	0.00	0.16	111115
62	"10:24:38"	2110.5	0	12.4	0.254	286	5.53	1.7	22.75	6	1.42	1	2.84	24.21	22.75	25.05	399.74	382.36	8.161	14.703	19.76	35.60	499.9	1500	11	73.44	-2.61	0.169	1.0	-0.22	2.74	1.00	0.00	0.16	111115
63	"10:24:39"	2111.0	0	12.4	0.254	286	5.53	1.7	22.75	6	1.42	1	2.84	24.21	22.75	25.05	399.73	382.34	8.161	14.703	19.76	35.60	499.9	1500	11	73.44	-2.61	0.169	1.0	-0.22	2.74	1.00	0.00	0.16	111115
64	"10:24:39"	2111.0	0	12.4	0.254	286	5.53	1.7	22.75	6	1.42	1	2.84	24.21	22.75	25.05	399.73	382.34	8.161	14.703	19.76	35.60	499.9	1500	11	73.44	-2.61	0.169	1.0	-0.22	2.74	1.00	0.00	0.16	111115
65	"10:24:40"	2111.5	0	12.4	0.254	286	5.53	1.7	22.75	6	1.42	1	2.84	24.21	22.75	25.05	399.78	382.34	8.162	14.704	19.76	35.60	499.9	1500	11	73.44	-2.61	0.169	1.0	-0.22	2.74	1.00	0.00	0.16	111115
66	"10:24:40"	2112.0	0	12.4	0.254	285	5.53	1.7	22.75	6	1.42	1	2.84	24.21	22.75	25.05	399.82	382.35	8.162	14.707	19.76	35.60	499.9	1499	12	73.44	-2.61	0.169	1.0	-0.22	2.74	1.00	0.00	0.16	111115
67	"10:24:41"	2112.5	0	12.4	0.254	285	5.53	1.7	22.75	6	1.42	1	2.84	24.22	22.75	25.05	399.84	382.36	8.164	14.709	19.76	35.61	499.9	1499	12	73.44	-2.61	0.169	1.0	-0.22	2.74	1.00	0.00	0.16	111115
68	"10:24:41"	2113.0	0	12.4	0.254	285	5.53	1.7	22.75	6	1.42	1	2.84	24.22	22.75	25.05	399.80	382.33	8.164	14.709	19.76	35.60	499.9	1499	12	73.44	-2.61	0.169	1.0	-0.22	2.74	1.00	0.00	0.16	111115
69	"10:24:42"	2113.5	0	12.4	0.254	285	5.54	1.7	22.75	6	1.42	1	2.84	24.22	22.75	25.05	399.80	382.33	8.164	14.710	19.76	35.60	499.9	1499	12	73.44	-2.61	0.169	1.0	-0.22	2.74	1.00	0.00	0.16	111115
70	"10:24:42"	2114.0	0	12.5	0.254	285	5.53	1.7	22.75	6	1.42	1	2.84	24.22	22.75	25.05	399.82	382.30	8.164	14.709	19.76	35.60	499.9	1499	12	73.44	-2.61	0.169	1.0	-0.22	2.74	1.00	0.00	0.16	111115
71	"10:24:43"	2114.5	0	12.5	0.254	285	5.53	1.7	22.75	6	1.42	1	2.84	24.22	22.75	25.05	399.81	382.30	8.166	14.707	19.76	35.60	499.9	1499	12	73.44	-2.61	0.169	1.0	-0.22	2.74	1.00	0.00	0.16	111115
72	"10:24:43"	2115.0	0	12.5	0.254	285	5.53	1.7	22.76	6	1.42	1	2.84	24.22	22.76	25.05	399.87	382.31	8.166	14.711	19.76	35.60	499.9	1499	12	73.44	-2.61	0.169	1.0	-0.22	2.74	1.00	0.00	0.16	111115
73	"10:24:44"	2115.5	0	12.5	0.254	285	5.53	1.7	22.76	6	1.42	1	2.84	24.22	22.76	25.05	399.86	382.32	8.166	14.710	19.76	35.60	499.9	1499	12	73.44	-2.61	0.169	1.0	-0.22	2.74	1.00	0.00	0.16	111115
74	"10:24:44"	2116.0	0	12.5	0.254	285	5.54	1.7	22.76	6	1.42	1	2.84	24.22	22.76	25.05	399.84	382.32	8.165	14.712	19.76	35.60	500.0	1499	12	73.44	-2.61	0.169	1.0	-0.22	2.74	1.00	0.00	0.16	111115
75	"10:24:45"	2116.5	0	12.5	0.254	285	5.54	1.7	22.76	6	1.42	1	2.84	24.22	22.76	25.05	399.85	382.28	8.166	14.711	19.76	35.60	500.0	1499	12	73.44	-2.61	0.169	1.0	-0.22	2.74	1.00	0.00	0.16	111115
"10:24:51 Coolers: Tblock -> 30.00 C"
"10:29:00 Flow: Fixed -> 500 umol/s"
76	"10:29:23"	2396.0	0	12.3	0.231	276	5.95	1.98	25.95	6	1.42	1	2.84	28.60	25.95	30.14	399.65	382.10	11.829	18.840	22.10	35.20	499.9	1499	12	73.44	-2.46	0.11	1.0	-0.22	2.74	1.00	0.00	0.16	111115
77	"10:29:24"	2396.0	0	12.3	0.231	276	5.95	1.98	25.95	6	1.42	1	2.84	28.60	25.95	30.14	399.65	382.10	11.829	18.840	22.10	35.20	499.9	1499	12	73.44	-2.46	0.11	1.0	-0.22	2.74	1.00	0.00	0.16	111115
78	"10:29:24"	2396.5	0	12.4	0.231	276	5.95	1.98	25.95	6	1.42	1	2.84	28.60	25.95	30.13	399.68	382.06	11.829	18.841	22.10	35.20	499.9	1499	12	73.44	-2.46	0.11	1.0	-0.22	2.74	1.00	0.00	0.16	111115
79	"10:29:25"	2397.0	0	12.4	0.231	276	5.96	1.98	25.96	6	1.42	1	2.84	28.61	25.96	30.14	399.66	382.08	11.828	18.843	22.10	35.20	499.9	1499	12	73.44	-2.46	0.11	1.0	-0.22	2.74	1.00	0.00	0.16	111115
80	"10:29:25"	2397.5	0	12.4	0.231	276	5.96	1.98	25.96	6	1.42	1	2.84	28.61	25.96	30.14	399.65	382.08	11.829	18.846	22.10	35.20	499.9	1499	12	73.44	-2.46	0.11	1.0	-0.22	2.74	1.00	0.00	0.16	111115
81	"10:29:26"	2398.0	0	12.4	0.231	276	5.96	1.98	25.96	6	1.42	1	2.84	28.61	25.96	30.14	399.66	382.06	11.829	18.848	22.10	35.21	499.9	1499	12	73.44	-2.46	0.11	1.0	-0.22	2.74	1.00	0.00	0.16	111115
82	"10:29:26"	2398.5	0	12.4	0.231	276	5.96	1.98	25.96	6	1.42	1	2.84	28.61	25.96	30.14	399.63	382.06	11.830	18.848	22.10	35.21	499.9	1499	12	73.44	-2.46	0.11	1.0	-0.22	2.74	1.00	0.00	0.16	111115
83	"10:29:27"	2399.0	0	12.4	0.231	276	5.96	1.98	25.96	6	1.42	1	2.84	28.61	25.96	30.14	399.63	382.05	11.830	18.851	22.10	35.21	499.9	1499	12	73.44	-2.46	0.11	1.0	-0.22	2.74	1.00	0.00	0.16	111115
84	"10:29:27"	2399.5	0	12.4	0.231	276	5.96	1.98	25.96	6	1.42	1	2.84	28.61	25.96	30.13	399.66	382.05	11.830	18.852	22.10	35.21	499.9	1499	12	73.44	-2.46	0.11	1.0	-0.22	2.74	1.00	0.00	0.16	111115
85	"10:29:28"	2400.0	0	12.4	0.231	276	5.97	1.98	25.96	6	1.42	1	2.84	28.61	25.96	30.13	399.68	382.04	11.829	18.854	22.09	35.22	499.9	1499	12	73.44	-2.46	0.11	1.0	-0.22	2.74	1.00	0.00	0.16	111115
86	"10:29:28"	2400.5	0	12.4	0.231	276	5.97	1.98	25.96	6	1.42	1	2.84	28.61	25.96	30.13	399.69	382.07	11.829	18.854	22.09	35.21	499.9	1499	12	73.44	-2.46	0.11	1.0	-0.22	2.74	1.00	0.00	0.16	111115
87	"10:29:29"	2401.0	0	12.4	0.231	276	5.96	1.98	25.96	6	1.42	1	2.84	28.61	25.96	30.13	399.71	382.08	11.831	18.853	22.09	35.21	499.9	1499	12	73.44	-2.46	0.11	1.0	-0.22	2.74	1.00	0.00	0.16	111115
88	"10:29:29"	2401.5	0	12.4	0.231	275	5.96	1.98	25.96	6	1.42	1	2.84	28.61	25.96	30.13	399.71	382.05	11.832	18.854	22.10	35.21	499.9	1499	12	73.44	-2.46	0.11	1.0	-0.22	2.74	1.00	0.00	0.16	111115
89	"10:29:30"	2402.0	0	12.4	0.231	276	5.96	1.98	25.96	6	1.42	1	2.84	28.61	25.96	30.13	399.71	382.06	11.832	18.854	22.10	35.21	499.9	1499	11	73.44	-2.46	0.11	1.0	-0.22	2.74	1.00	0.00	0.16	111115
90	"10:29:31"	2402.5	0	12.4	0.231	276	5.96	1.98	25.97	6	1.42	1	2.84	28.61	25.97	30.13	399.72	382.08	11.833	18.857	22.10	35.21	499.9	1499	11	73.44	-2.46	0.11	1.0	-0.22	2.74	1.00	0.00	0.16	111115
"10:29:36 Coolers: Tblock -> 35.00 C"
"10:35:35 Flow: Fixed -> 500 umol/s"
"10:36:46 Flow: Fixed -> 500 umol/s"
91	"10:37:50"	2902.5	0	12.1	0.208	267	6.59	2.4	29.70	6	1.42	1	2.84	33.09	29.70	35.02	400.15	382.65	16.699	24.417	24.15	35.30	499.9	1499	12	73.44	-2.16	0.0101	1.0	-0.22	2.74	1.00	0.00	0.16	111115
92	"10:37:50"	2902.5	0	12.1	0.208	267	6.59	2.4	29.70	6	1.42	1	2.84	33.09	29.70	35.02	400.15	382.65	16.699	24.417	24.15	35.30	499.9	1499	12	73.44	-2.16	0.0101	1.0	-0.22	2.74	1.00	0.00	0.16	111115
93	"10:37:51"	2903.0	0	12	0.208	267	6.6	2.4	29.70	6	1.42	1	2.84	33.10	29.70	35.02	400.13	382.64	16.697	24.422	24.14	35.31	499.9	1499	12	73.44	-2.16	0.0101	1.0	-0.22	2.74	1.00	0.00	0.16	111115
94	"10:37:51"	2903.5	0	12.1	0.208	266	6.6	2.4	29.71	6	1.42	1	2.84	33.10	29.71	35.02	400.17	382.62	16.700	24.422	24.14	35.31	499.9	1499	12	73.44	-2.16	0.0101	1.0	-0.22	2.74	1.00	0.00	0.16	111115
95	"10:37:52"	2904.0	0	12.2	0.208	266	6.6	2.4	29.71	6	1.42	1	2.84	33.10	29.71	35.02	400.18	382.56	16.700	24.422	24.14	35.31	499.9	1499	12	73.44	-2.16	0.0101	1.0	-0.22	2.74	1.00	0.00	0.16	111115
96	"10:37:52"	2904.5	0	12.2	0.208	266	6.6	2.4	29.71	6	1.42	1	2.84	33.10	29.71	35.02	400.21	382.56	16.699	24.424	24.14	35.31	499.9	1499	12	73.44	-2.16	0.0101	1.0	-0.22	2.74	1.00	0.00	0.16	111115
97	"10:37:53"	2905.0	0	12.3	0.208	265	6.6	2.39	29.70	6	1.42	1	2.84	33.10	29.70	35.02	400.24	382.47	16.696	24.427	24.14	35.32	499.9	1499	12	73.44	-2.16	0.0101	1.0	-0.22	2.74	1.00	0.00	0.16	111115
98	"10:37:53"	2905.5	0	12.4	0.208	264	6.6	2.4	29.71	6	1.42	1	2.84	33.10	29.71	35.02	400.28	382.40	16.698	24.425	24.14	35.31	499.9	1499	12	73.44	-2.16	0.0101	1.0	-0.22	2.74	1.00	0.00	0.16	111115
99	"10:37:54"	2906.0	0	12.4	0.208	264	6.59	2.4	29.71	6	1.42	1	2.84	33.10	29.71	35.02	400.30	382.39	16.700	24.421	24.14	35.30	499.9	1499	12	73.44	-2.16	0.0101	1.0	-0.22	2.74	1.00	0.00	0.16	111115
100	"10:37:54"	2906.5	0	12.4	0.208	264	6.59	2.4	29.70	6	1.42	1	2.84	33.10	29.70	35.02	400.30	382.43	16.700	24.420	24.14	35.30	499.9	1499	12	73.44	-2.16	0.0101	1.0	-0.22	2.74	1.00	0.00	0.16	111115
101	"10:37:55"	2907.0	0	12.4	0.208	264	6.59	2.39	29.70	6	1.42	1	2.84	33.10	29.70	35.02	400.32	382.46	16.703	24.424	24.14	35.30	499.9	1499	12	73.44	-2.16	0.0101	1.0	-0.22	2.74	1.00	0.00	0.16	111115
102	"10:37:55"	2907.5	0	12.4	0.208	264	6.6	2.39	29.70	6	1.42	1	2.84	33.10	29.70	35.02	400.34	382.41	16.701	24.429	24.14	35.31	499.9	1499	12	73.44	-2.16	0.0101	1.0	-0.22	2.74	1.00	0.00	0.16	111115
103	"10:37:56"	2908.0	0	12.5	0.208	263	6.6	2.39	29.71	6	1.42	1	2.84	33.10	29.71	35.02	400.36	382.34	16.701	24.431	24.14	35.31	499.9	1499	12	73.44	-2.16	0.0101	1.0	-0.22	2.74	1.00	0.00	0.16	111115
104	"10:37:56"	2908.5	0	12.5	0.208	263	6.6	2.4	29.72	6	1.42	1	2.84	33.10	29.72	35.02	400.36	382.35	16.702	24.432	24.14	35.31	499.9	1499	12	73.44	-2.16	0.0101	1.0	-0.22	2.74	1.00	0.00	0.16	111115
105	"10:37:57"	2909.0	0	12.4	0.208	263	6.6	2.4	29.72	6	1.42	1	2.84	33.10	29.72	35.02	400.36	382.40	16.704	24.433	24.14	35.31	499.9	1499	12	73.44	-2.16	0.0101	1.0	-0.22	2.74	1.00	0.00	0.16	111115
"10:38:40 Flow: Fixed -> 500 umol/s"
106	"10:39:18"	2991.0	0	12.3	0.208	265	6.69	2.43	29.89	6	1.42	1	2.84	33.16	29.89	35.02	400.15	382.36	16.761	24.588	24.14	35.42	499.9	1501	12	73.44	-2.04	0.0372	1.0	-0.22	2.74	1.00	0.00	0.16	111115
107	"10:39:18"	2991.0	0	12.3	0.208	265	6.69	2.43	29.89	6	1.42	1	2.84	33.16	29.89	35.02	400.15	382.36	16.761	24.588	24.14	35.42	499.9	1501	12	73.44	-2.04	0.0372	1.0	-0.22	2.74	1.00	0.00	0.16	111115
108	"10:39:19"	2991.5	0	12.4	0.208	264	6.69	2.43	29.89	6	1.42	1	2.84	33.16	29.89	35.02	400.24	382.33	16.762	24.592	24.14	35.42	499.9	1501	12	73.44	-2.04	0.0372	1.0	-0.22	2.74	1.00	0.00	0.16	111115
109	"10:39:20"	2992.0	0	12.4	0.208	264	6.68	2.43	29.88	6	1.42	1	2.84	33.16	29.88	35.02	400.24	382.33	16.764	24.588	24.15	35.42	499.9	1501	12	73.44	-2.04	0.0372	1.0	-0.22	2.74	1.00	0.00	0.16	111115
110	"10:39:20"	2992.5	0	12.3	0.208	264	6.68	2.43	29.88	6	1.42	1	2.84	33.16	29.88	35.02	400.23	382.36	16.765	24.587	24.15	35.41	499.9	1501	12	73.44	-2.04	0.0372	1.0	-0.22	2.74	1.00	0.00	0.16	111115
111	"10:39:21"	2993.0	0	12.3	0.208	265	6.68	2.43	29.88	6	1.42	1	2.84	33.16	29.88	35.02	400.20	382.42	16.765	24.587	24.15	35.41	499.9	1501	12	73.44	-2.04	0.0372	1.0	-0.22	2.74	1.00	0.00	0.16	111115
112	"10:39:21"	2993.5	0	12.2	0.208	265	6.69	2.43	29.88	6	1.42	1	2.84	33.17	29.88	35.02	400.17	382.44	16.764	24.591	24.14	35.42	499.9	1501	12	73.44	-2.04	0.0372	1.0	-0.22	2.74	1.00	0.00	0.16	111115
113	"10:39:22"	2994.0	0	12.3	0.209	265	6.69	2.43	29.88	6	1.42	1	2.84	33.17	29.88	35.02	400.19	382.40	16.763	24.599	24.14	35.42	499.9	1501	12	73.44	-2.04	0.0372	1.0	-0.22	2.74	1.00	0.00	0.16	111115
114	"10:39:22"	2994.5	0	12.4	0.209	264	6.69	2.42	29.88	6	1.42	1	2.84	33.17	29.88	35.02	400.25	382.33	16.763	24.599	24.14	35.42	499.9	1501	12	73.44	-2.04	0.0372	1.0	-0.22	2.74	1.00	0.00	0.16	111115
115	"10:39:23"	2995.0	0	12.4	0.209	264	6.69	2.42	29.88	6	1.42	1	2.84	33.17	29.88	35.02	400.25	382.34	16.765	24.594	24.14	35.42	499.9	1501	12	73.44	-2.04	0.0372	1.0	-0.22	2.74	1.00	0.00	0.16	111115
116	"10:39:23"	2995.5	0	12.3	0.209	265	6.68	2.42	29.87	6	1.42	1	2.84	33.17	29.87	35.02	400.18	382.39	16.765	24.592	24.14	35.41	499.9	1501	12	73.44	-2.04	0.0372	1.0	-0.22	2.74	1.00	0.00	0.16	111115
117	"10:39:24"	2996.0	0	12.3	0.209	265	6.69	2.42	29.87	6	1.42	1	2.84	33.17	29.87	35.02	400.19	382.41	16.765	24.594	24.14	35.41	499.9	1501	12	73.44	-2.04	0.0372	1.0	-0.22	2.74	1.00	0.00	0.16	111115
118	"10:39:25"	2997.0	0	12.3	0.209	264	6.69	2.42	29.88	6	1.42	1	2.84	33.17	29.88	35.02	400.26	382.41	16.765	24.599	24.14	35.42	499.9	1501	12	73.44	-2.04	0.0372	1.0	-0.22	2.74	1.00	0.00	0.16	111115
119	"10:39:25"	2997.5	0	12.3	0.209	264	6.69	2.42	29.88	6	1.42	1	2.84	33.17	29.88	35.02	400.27	382.41	16.767	24.597	24.14	35.42	499.9	1501	12	73.44	-2.04	0.0372	1.0	-0.22	2.74	1.00	0.00	0.16	111115
120	"10:39:26"	2998.0	0	12.4	0.208	264	6.69	2.43	29.88	6	1.42	1	2.84	33.17	29.88	35.02	400.30	382.40	16.768	24.596	24.14	35.41	499.9	1501	12	73.44	-2.04	0.0372	1.0	-0.22	2.74	1.00	0.00	0.16	111115
"10:39:31 Coolers: Tblock -> 40.00 C"
"10:45:35 Flow: Fixed -> 500 umol/s"
"10:46:02 Flow: Fixed -> 500 umol/s"
121	"10:46:57"	3450.5	0	12	0.2	262	6.96	2.61	31.45	6	1.42	1	2.84	35.41	31.45	37.65	400.37	382.74	19.310	27.437	24.54	34.86	499.9	1501	12	73.43	-1.52	-0.0187	1.0	-0.22	2.74	1.00	0.00	0.16	111115
122	"10:46:57"	3450.5	0	12	0.2	262	6.96	2.61	31.45	6	1.42	1	2.84	35.41	31.45	37.65	400.37	382.74	19.310	27.437	24.54	34.86	499.9	1501	12	73.43	-1.52	-0.0187	1.0	-0.22	2.74	1.00	0.00	0.16	111115
123	"10:46:58"	3450.5	0	12	0.2	262	6.96	2.61	31.45	6	1.42	1	2.84	35.41	31.45	37.65	400.37	382.74	19.310	27.437	24.54	34.86	499.9	1501	12	73.43	-1.52	-0.0187	1.0	-0.22	2.74	1.00	0.00	0.16	111115
124	"10:46:58"	3451.0	0	12	0.2	262	6.96	2.62	31.45	6	1.42	1	2.84	35.41	31.45	37.65	400.37	382.74	19.309	27.437	24.53	34.86	499.9	1501	12	73.43	-1.52	-0.0187	1.0	-0.22	2.74	1.00	0.00	0.16	111115
125	"10:46:59"	3451.5	0	12	0.2	262	6.96	2.62	31.46	6	1.42	1	2.84	35.42	31.46	37.66	400.35	382.77	19.310	27.438	24.53	34.86	499.9	1501	12	73.43	-1.52	-0.0187	1.0	-0.22	2.74	1.00	0.00	0.16	111115
126	"10:46:59"	3452.0	0	11.9	0.2	262	6.96	2.62	31.46	6	1.42	1	2.84	35.42	31.46	37.66	400.31	382.78	19.311	27.440	24.53	34.86	499.8	1500	12	73.43	-1.52	-0.0187	1.0	-0.22	2.74	1.00	0.00	0.16	111115
127	"10:47:00"	3452.5	0	11.9	0.2	263	6.97	2.62	31.46	6	1.42	1	2.84	35.42	31.46	37.66	400.31	382.80	19.311	27.444	24.53	34.86	499.8	1501	12	73.43	-1.52	-0.0187	1.0	-0.22	2.74	1.00	0.00	0.16	111115
128	"10:47:00"	3453.0	0	11.9	0.2	263	6.97	2.62	31.47	6	1.42	1	2.84	35.42	31.47	37.66	400.32	382.81	19.312	27.447	24.53	34.86	499.8	1501	12	73.43	-1.52	-0.0187	1.0	-0.22	2.74	1.00	0.00	0.16	111115
129	"10:47:01"	3453.5	0	11.9	0.2	263	6.97	2.62	31.47	6	1.42	1	2.84	35.42	31.47	37.66	400.28	382.81	19.312	27.448	24.53	34.86	499.8	1501	12	73.43	-1.52	-0.0187	1.0	-0.22	2.74	1.00	0.00	0.16	111115
130	"10:47:01"	3454.0	0	11.9	0.2	263	6.97	2.62	31.47	6	1.42	1	2.84	35.42	31.47	37.67	400.26	382.81	19.313	27.450	24.53	34.86	499.8	1501	12	73.43	-1.52	-0.0187	1.0	-0.22	2.74	1.00	0.00	0.16	111115
131	"10:47:02"	3454.5	0	11.8	0.2	263	6.97	2.62	31.47	6	1.42	1	2.84	35.43	31.47	37.67	400.25	382.82	19.315	27.450	24.53	34.86	499.8	1501	12	73.43	-1.52	-0.0187	1.0	-0.22	2.74	1.00	0.00	0.16	111115
132	"10:47:02"	3455.0	0	11.8	0.2	263	6.97	2.62	31.47	6	1.42	1	2.84	35.43	31.47	37.67	400.22	382.81	19.316	27.450	24.52	34.85	499.8	1501	12	73.43	-1.52	-0.0187	1.0	-0.22	2.74	1.00	0.00	0.16	111115
133	"10:47:03"	3455.5	0	11.9	0.2	263	6.97	2.62	31.47	6	1.42	1	2.84	35.43	31.47	37.67	400.23	382.80	19.317	27.451	24.52	34.85	499.8	1501	12	73.43	-1.52	-0.0187	1.0	-0.22	2.74	1.00	0.00	0.16	111115
134	"10:47:03"	3456.0	0	11.9	0.2	263	6.97	2.62	31.47	6	1.42	1	2.84	35.43	31.47	37.67	400.27	382.79	19.317	27.452	24.52	34.85	499.9	1501	12	73.43	-1.52	-0.0187	1.0	-0.22	2.74	1.00	0.00	0.16	111115
135	"10:47:04"	3456.5	0	11.9	0.2	263	6.97	2.62	31.46	6	1.42	1	2.84	35.43	31.46	37.67	400.30	382.80	19.318	27.451	24.52	34.84	499.9	1501	12	73.43	-1.52	-0.0187	1.0	-0.22	2.74	1.00	0.00	0.16	111115
