"OPEN 6.2.4"
"Wed Jun 24 2015 11:52:29"
<open><version>"6.2.4"</version></open>
<open><configfile>"/User/Configs/UserPrefs/2x3 LED.xml"</configfile></open>
<open><light><source>"6400-02 or -02B LED Source"</source><par_in>1<sensor>"SI-3781"<cal>-0.93<actinity>1.00</actinity><transm>1.00</transm></cal></sensor><transm>1</transm></par_in><par_out>1<sensor>"Q49599"<cal>7.26</cal></sensor></par_out></light></open>
<open><comps><file>"/User/Configs/Comps/StdComps_6.2"<header>""</header><extras></extras></file><energybal>no<f_parIn>1</f_parIn><f_parOut>0</f_parOut><alphaK>0.16</alphaK></energybal><bc_total>2.840<stomatal_ratio>1</stomatal_ratio><bc_oneside>1.420<type>2</type><table>"/Sys/Lib/StdBLCTable"</table><area>6</area><slope>-0.219565</slope><offset>2.73739</offset><fan>5</fan></bc_oneside></bc_total></comps></open>
<open><prompts><onlog>off</onlog><items>"Default (none)"</items></prompts></open>
<open><constants><oxygen>21 %</oxygen><bb_vapor>1.5</bb_vapor><bb_oxy>0.9</bb_oxy></constants></open>
<open><stability><items>"Std Stability"<items[1]><id>-2</id><size>15</size><pcv><onoff>0</onoff><value>1</value></pcv><std><onoff>0</onoff><value>1</value></std><slp><onoff>1</onoff><value>1</value></slp></items[1]><items[2]><id>-5</id><size>15</size><pcv><onoff>0</onoff><value>1</value></pcv><std><onoff>0</onoff><value>1</value></std><slp><onoff>1</onoff><value>1</value></slp></items[2]><items[3]><id>-7</id><size>15</size><pcv><onoff>0</onoff><value>1</value></pcv><std><onoff>0</onoff><value>1</value></std><slp><onoff>1</onoff><value>1</value></slp></items[3]></items></stability></open>
<open><log><format>"StdLogFmt_6.0"<items>{ -35 -21 -36 -76 30 23 36 21 25 221 -33 111 -34 11 -9 -10 -8 -1 -2 -4 -5 -14 -15 -7 -12 -13 -11 -65 -66 -72 -18 -19 -77 -78 -79 -23  }<hdr>{  }</hdr></items></format><options><beep>on</beep><hdr>normal</hdr><rem>normal</rem><stab>no</stab><stats>no<mean>no</mean><file>no</file><period>15</period></stats><excel>yes</excel><controls>yes</controls><comm>no</comm></options><datafile>"/User/stm-rartr3"</datafile><button><action>"Normal Log"<code>" LogOneObsManual "</code></action></button><autoprog>"/User/Configs/AutoProgs/AutoLog2"<active>no</active></autoprog></log></open>
<open><a2d><avgtime>4.0 secs</avgtime><userchans><ch20>"Off"</ch20><ch21>"Off"</ch21><ch22>"Off"</ch22><ch23>"Off"</ch23></userchans></a2d></open>
<open><matching><type>0</type><disp>'a'</disp><settings><CO2Limit>10.0</CO2Limit><H2OLimit>1.0</H2OLimit><MaxAutoTime>60</MaxAutoTime></settings></matching></open>
<li6400><factory><unit>"PSC-3840"</unit><serviced>"1 Jul 2013"</serviced><fuseaware>0</fuseaware><co2mixer>yes</co2mixer><co2><coeffs>{ 0 0.213319 2.22998e-05 2.13159e-08 -3.88664e-12 3.69888e-16  }</coeffs><dvdt>-4.7</dvdt><xs>{ 0.0009 -0.0002  }</xs></co2><h2o><coeffs>{ 0 0.00572751 2.23485e-06 -7.37877e-12  }</coeffs><dvdt>-1.7</dvdt><xs>{ 0.0009 -0.0028  }</xs></h2o><flow>{ 0 0.3568  }</flow><press>{ 88.437 0.00551  }</press></factory></li6400>
<li6400><user><flow_zero>-468.8</flow_zero><irga_zero><co2>429.7 390.6<at>17.6901</at></co2><h2o>78.1 156.2<at>17.1607</at></h2o></irga_zero><irga_span><co2>{ 0.99237 0.992833  }</co2><h2o>{ 1.00426 0.996799  }</h2o></irga_span><irga_match><co2>{ 0.368307 -2.10381  }</co2><h2o>{ 0.00477181 -0.06342  }</h2o></irga_match><co2_mixer><pump_mv>4500</pump_mv><ppm>{ 2287.2 1080.71 423.89 257.488 117.195 68.0056 44.5242 37.9628  }</ppm><mv>{ 5000 3000 1500 1000 500 300 200 100  }</mv></co2_mixer><parin_offset>0</parin_offset><led_cal><unit>"SI-3781"</unit><mv>{ 10 25 50 100 1000 2000 3000 4000 5000  }</mv><qntm>{ 4.69642 15.4417 35.4805 82.2863 972.665 1922.29 2824.32 3690.14 4518.2  }</qntm></led_cal><lcf_cal><unit>"unknown"</unit><red><mv>{ 50 100 500 1000 1500 5000  }</mv><qntm>{ 50 100 500 1000 2000 5000  }</qntm></red><blue><mv>{ 100 200 500 1000 2000 5000  }</mv><qntm>{ 10 20 50 100 200 500  }</qntm></blue></lcf_cal></user></li6400>
"11:52:31 "
$STARTOFDATA$
"Obs"	"HHMMSS"	"FTime"	"EBal?"	"Photo"	"Cond"	"Ci"	"Trmmol"	"VpdL"	"CTleaf"	"Area"	"BLC_1"	"StmRat"	"BLCond"	"Tair"	"Tleaf"	"TBlk"	"CO2R"	"CO2S"	"H2OR"	"H2OS"	"RH_R"	"RH_S"	"Flow"	"PARi"	"PARo"	"Press"	"CsMch"	"HsMch"	"StableF"	"BLCslope"	"BLCoffst"	"f_parin"	"f_parout"	"alphaK"	"Status"
"11:52:38 CO2 Mixer: CO2R -> 400 uml"
"11:52:46 Coolers: Tblock -> 0.00 C"
"11:52:54 Lamp: ParIn ->  1500 uml"
"12:02:02 Flow: Fixed -> 500 umol/s"
"12:09:50 Coolers: Tblock -> 16.72 C"
"12:10:30 Flow: Fixed -> 500 umol/s"
1	"12:11:04"	1121.0	0	3.76	0.0592	277	1.55	1.91	22.46	6	1.42	1	2.84	18.76	22.46	16.80	400.03	394.78	9.334	11.174	31.47	37.67	499.8	1499	285	73.23	-2.25	0.343	1.0	-0.22	2.74	1.00	0.00	0.16	111115
2	"12:11:04"	1121.0	0	3.76	0.0592	277	1.55	1.91	22.46	6	1.42	1	2.84	18.76	22.46	16.80	400.03	394.78	9.334	11.174	31.47	37.67	499.8	1499	285	73.23	-2.25	0.343	1.0	-0.22	2.74	1.00	0.00	0.16	111115
3	"12:11:04"	1121.5	0	3.83	0.0592	275	1.55	1.91	22.46	6	1.42	1	2.84	18.76	22.46	16.80	400.11	394.78	9.334	11.175	31.47	37.67	499.8	1499	286	73.24	-2.25	0.343	1.0	-0.22	2.74	1.00	0.00	0.16	111115
4	"12:11:05"	1122.0	0	3.87	0.0591	274	1.55	1.91	22.47	6	1.42	1	2.84	18.76	22.47	16.80	400.20	394.82	9.334	11.173	31.47	37.67	499.8	1498	286	73.24	-2.25	0.343	1.0	-0.22	2.74	1.00	0.00	0.16	111115
5	"12:11:05"	1122.5	0	3.89	0.059	273	1.55	1.91	22.47	6	1.42	1	2.84	18.76	22.47	16.80	400.24	394.84	9.336	11.174	31.48	37.68	499.8	1498	286	73.24	-2.25	0.343	1.0	-0.22	2.74	1.00	0.00	0.16	111115
6	"12:11:06"	1123.0	0	3.92	0.059	272	1.55	1.91	22.47	6	1.42	1	2.84	18.76	22.47	16.80	400.27	394.83	9.335	11.172	31.48	37.67	499.8	1499	286	73.24	-2.25	0.343	1.0	-0.22	2.74	1.00	0.00	0.16	111115
7	"12:11:07"	1123.5	0	3.93	0.059	272	1.55	1.91	22.47	6	1.42	1	2.84	18.76	22.47	16.80	400.32	394.87	9.336	11.171	31.48	37.67	499.8	1498	286	73.24	-2.25	0.343	1.0	-0.22	2.74	1.00	0.00	0.16	111115
8	"12:11:07"	1124.0	0	3.92	0.059	273	1.55	1.91	22.47	6	1.42	1	2.84	18.76	22.47	16.80	400.33	394.90	9.335	11.171	31.48	37.67	499.8	1498	286	73.24	-2.25	0.343	1.0	-0.22	2.74	1.00	0.00	0.16	111115
9	"12:11:08"	1124.5	0	3.92	0.059	272	1.55	1.91	22.46	6	1.42	1	2.84	18.75	22.46	16.80	400.34	394.90	9.336	11.171	31.48	37.67	499.8	1499	286	73.24	-2.25	0.343	1.0	-0.22	2.74	1.00	0.00	0.16	111115
10	"12:11:08"	1125.0	0	3.91	0.059	273	1.55	1.91	22.47	6	1.42	1	2.84	18.75	22.47	16.80	400.37	394.95	9.336	11.172	31.49	37.68	499.8	1499	286	73.24	-2.25	0.343	1.0	-0.22	2.74	1.00	0.00	0.16	111115
11	"12:11:09"	1125.5	0	3.89	0.059	273	1.55	1.91	22.47	6	1.42	1	2.84	18.75	22.47	16.80	400.36	394.97	9.337	11.172	31.49	37.68	499.9	1499	286	73.24	-2.25	0.343	1.0	-0.22	2.74	1.00	0.00	0.16	111115
12	"12:11:09"	1126.0	0	3.92	0.059	272	1.55	1.91	22.47	6	1.42	1	2.84	18.75	22.47	16.80	400.37	394.93	9.337	11.172	31.49	37.68	499.8	1500	287	73.24	-2.25	0.343	1.0	-0.22	2.74	1.00	0.00	0.16	111115
13	"12:11:10"	1126.5	0	3.92	0.0591	273	1.55	1.91	22.46	6	1.42	1	2.84	18.75	22.46	16.80	400.38	394.93	9.337	11.174	31.49	37.69	499.9	1500	287	73.24	-2.25	0.343	1.0	-0.22	2.74	1.00	0.00	0.16	111115
14	"12:11:10"	1127.0	0	3.9	0.0591	273	1.55	1.91	22.47	6	1.42	1	2.84	18.75	22.47	16.80	400.35	394.93	9.338	11.175	31.49	37.69	499.9	1500	287	73.24	-2.25	0.343	1.0	-0.22	2.74	1.00	0.00	0.16	111115
15	"12:11:11"	1127.5	0	3.88	0.0591	274	1.55	1.91	22.47	6	1.42	1	2.84	18.75	22.47	16.80	400.30	394.91	9.338	11.176	31.50	37.70	499.9	1500	288	73.24	-2.25	0.343	1.0	-0.22	2.74	1.00	0.00	0.16	111115
"12:11:20 Coolers: Tblock -> 21.00 C"
"12:13:48 Flow: Fixed -> 500 umol/s"
"12:17:18 Flow: Fixed -> 500 umol/s"
16	"12:18:58"	1595.5	0	4.27	0.0504	242	1.5	2.16	24.79	6	1.42	1	2.84	22.40	24.79	21.12	400.46	394.63	11.665	13.441	31.43	36.21	499.8	1500	307	73.24	-2.67	0.336	0.7	-0.22	2.74	1.00	0.00	0.16	111115
17	"12:18:59"	1595.5	0	4.27	0.0504	242	1.5	2.16	24.79	6	1.42	1	2.84	22.40	24.79	21.12	400.46	394.63	11.665	13.441	31.43	36.21	499.8	1500	307	73.24	-2.67	0.336	0.7	-0.22	2.74	1.00	0.00	0.16	111115
18	"12:18:59"	1596.0	0	4.29	0.0503	241	1.5	2.16	24.79	6	1.42	1	2.84	22.40	24.79	21.12	400.46	394.60	11.666	13.441	31.43	36.21	499.9	1500	307	73.24	-2.67	0.336	0.7	-0.22	2.74	1.00	0.00	0.16	111115
19	"12:19:00"	1596.5	0	4.3	0.0504	240	1.5	2.15	24.79	6	1.42	1	2.84	22.40	24.79	21.12	400.43	394.56	11.668	13.442	31.43	36.21	499.9	1500	307	73.24	-2.67	0.336	0.7	-0.22	2.74	1.00	0.00	0.16	111115
20	"12:19:00"	1597.0	0	4.26	0.0503	242	1.5	2.15	24.79	6	1.42	1	2.84	22.40	24.79	21.12	400.36	394.54	11.668	13.442	31.43	36.21	499.9	1500	307	73.24	-2.67	0.336	0.7	-0.22	2.74	1.00	0.00	0.16	111115
21	"12:19:01"	1597.5	0	4.2	0.0503	244	1.5	2.16	24.79	6	1.42	1	2.84	22.40	24.79	21.12	400.28	394.53	11.669	13.443	31.43	36.21	499.9	1500	307	73.24	-2.67	0.336	0.7	-0.22	2.74	1.00	0.00	0.16	111115
22	"12:19:01"	1598.0	0	4.14	0.0503	245	1.5	2.15	24.78	6	1.42	1	2.84	22.40	24.78	21.12	400.16	394.47	11.669	13.442	31.43	36.21	499.8	1500	307	73.24	-2.67	0.336	0.7	-0.22	2.74	1.00	0.00	0.16	111115
23	"12:19:02"	1598.5	0	4.09	0.0503	247	1.5	2.15	24.78	6	1.42	1	2.84	22.40	24.78	21.12	400.05	394.43	11.670	13.442	31.44	36.21	499.8	1500	307	73.24	-2.67	0.336	0.7	-0.22	2.74	1.00	0.00	0.16	111115
24	"12:19:02"	1599.0	0	4.02	0.0502	249	1.49	2.16	24.79	6	1.42	1	2.84	22.40	24.79	21.12	399.93	394.40	11.672	13.439	31.44	36.20	499.8	1500	307	73.24	-2.67	0.336	0.7	-0.22	2.74	1.00	0.00	0.16	111115
25	"12:19:03"	1599.5	0	4.01	0.0502	249	1.49	2.15	24.78	6	1.42	1	2.84	22.40	24.78	21.12	399.86	394.34	11.672	13.440	31.44	36.20	499.8	1500	307	73.24	-2.67	0.336	1.0	-0.22	2.74	1.00	0.00	0.16	111115
26	"12:19:03"	1600.0	0	4.01	0.0502	249	1.49	2.15	24.77	6	1.42	1	2.84	22.40	24.77	21.12	399.83	394.31	11.673	13.441	31.44	36.21	499.8	1501	307	73.24	-2.67	0.336	1.0	-0.22	2.74	1.00	0.00	0.16	111115
27	"12:19:04"	1600.5	0	4.02	0.0502	249	1.49	2.15	24.77	6	1.42	1	2.84	22.40	24.77	21.12	399.83	394.30	11.673	13.440	31.44	36.20	499.8	1501	307	73.24	-2.67	0.336	1.0	-0.22	2.74	1.00	0.00	0.16	111115
28	"12:19:04"	1601.0	0	4.05	0.0501	248	1.49	2.15	24.78	6	1.42	1	2.84	22.40	24.78	21.12	399.88	394.31	11.674	13.439	31.45	36.20	499.8	1501	307	73.24	-2.67	0.336	1.0	-0.22	2.74	1.00	0.00	0.16	111115
29	"12:19:05"	1601.5	0	4.06	0.0501	247	1.49	2.15	24.78	6	1.42	1	2.84	22.40	24.78	21.12	399.89	394.31	11.675	13.439	31.45	36.20	499.8	1501	307	73.24	-2.67	0.336	1.0	-0.22	2.74	1.00	0.00	0.16	111115
30	"12:19:05"	1602.0	0	4.1	0.0501	246	1.49	2.15	24.78	6	1.42	1	2.84	22.40	24.78	21.12	399.91	394.29	11.676	13.438	31.45	36.20	499.9	1501	307	73.24	-2.67	0.336	1.0	-0.22	2.74	1.00	0.00	0.16	111115
"12:19:14 Coolers: Tblock -> 26.00 C"
"12:21:42 Flow: Fixed -> 500 umol/s"
"12:24:29 Flow: Fixed -> 500 umol/s"
31	"12:26:01"	2018.5	0	3.92	0.0412	225	1.37	2.38	27.44	6	1.42	1	2.84	26.56	27.44	26.01	400.71	395.36	16.038	17.650	33.68	37.06	499.9	1499	298	73.22	-2.47	0.326	1.0	-0.22	2.74	1.00	0.00	0.16	111115
32	"12:26:01"	2018.5	0	3.92	0.0412	225	1.37	2.38	27.44	6	1.42	1	2.84	26.56	27.44	26.01	400.71	395.36	16.038	17.650	33.68	37.06	499.9	1499	298	73.22	-2.47	0.326	1.0	-0.22	2.74	1.00	0.00	0.16	111115
33	"12:26:02"	2018.5	0	3.92	0.0412	225	1.37	2.38	27.44	6	1.42	1	2.84	26.56	27.44	26.01	400.71	395.36	16.038	17.650	33.68	37.06	499.9	1499	298	73.22	-2.47	0.326	1.0	-0.22	2.74	1.00	0.00	0.16	111115
34	"12:26:02"	2019.0	0	3.88	0.0412	226	1.37	2.38	27.44	6	1.42	1	2.84	26.56	27.44	26.01	400.64	395.34	16.040	17.651	33.68	37.06	499.9	1499	298	73.22	-2.47	0.326	1.0	-0.22	2.74	1.00	0.00	0.16	111115
35	"12:26:03"	2019.5	0	3.87	0.0412	226	1.37	2.38	27.44	6	1.42	1	2.84	26.56	27.44	26.01	400.64	395.34	16.043	17.654	33.69	37.07	499.9	1499	298	73.22	-2.47	0.326	1.0	-0.22	2.74	1.00	0.00	0.16	111115
36	"12:26:03"	2020.0	0	3.86	0.0412	227	1.36	2.38	27.44	6	1.42	1	2.84	26.56	27.44	26.01	400.59	395.31	16.045	17.655	33.69	37.07	499.9	1499	298	73.22	-2.47	0.326	1.0	-0.22	2.74	1.00	0.00	0.16	111115
37	"12:26:04"	2020.5	0	3.86	0.0412	227	1.37	2.38	27.44	6	1.42	1	2.84	26.56	27.44	26.01	400.57	395.28	16.046	17.657	33.69	37.07	499.9	1499	298	73.22	-2.47	0.326	1.0	-0.22	2.74	1.00	0.00	0.16	111115
38	"12:26:04"	2021.0	0	3.85	0.0412	227	1.37	2.38	27.44	6	1.42	1	2.84	26.56	27.44	26.01	400.56	395.28	16.048	17.658	33.70	37.08	499.8	1498	298	73.22	-2.47	0.326	1.0	-0.22	2.74	1.00	0.00	0.16	111115
39	"12:26:05"	2021.5	0	3.87	0.0412	226	1.37	2.38	27.44	6	1.42	1	2.84	26.56	27.44	26.01	400.60	395.31	16.048	17.659	33.70	37.08	499.8	1499	298	73.22	-2.47	0.326	1.0	-0.22	2.74	1.00	0.00	0.16	111115
40	"12:26:05"	2022.0	0	3.86	0.0412	227	1.37	2.38	27.44	6	1.42	1	2.84	26.56	27.44	26.01	400.61	395.32	16.051	17.661	33.70	37.08	499.8	1499	298	73.22	-2.47	0.326	1.0	-0.22	2.74	1.00	0.00	0.16	111115
41	"12:26:06"	2022.5	0	3.85	0.0412	227	1.36	2.38	27.44	6	1.42	1	2.84	26.56	27.44	26.01	400.62	395.35	16.052	17.662	33.70	37.08	499.8	1499	298	73.22	-2.47	0.326	1.0	-0.22	2.74	1.00	0.00	0.16	111115
42	"12:26:06"	2023.0	0	3.92	0.0411	224	1.36	2.38	27.44	6	1.42	1	2.84	26.56	27.44	26.01	400.73	395.37	16.055	17.664	33.71	37.08	499.8	1499	298	73.22	-2.47	0.326	1.0	-0.22	2.74	1.00	0.00	0.16	111115
43	"12:26:07"	2023.5	0	3.97	0.0411	223	1.36	2.38	27.44	6	1.42	1	2.84	26.56	27.44	26.01	400.77	395.37	16.056	17.664	33.71	37.08	499.9	1499	298	73.22	-2.47	0.326	1.0	-0.22	2.74	1.00	0.00	0.16	111115
44	"12:26:07"	2024.0	0	3.97	0.0411	222	1.36	2.38	27.44	6	1.42	1	2.84	26.56	27.44	26.01	400.80	395.38	16.057	17.665	33.71	37.08	499.9	1499	298	73.22	-2.47	0.326	1.0	-0.22	2.74	1.00	0.00	0.16	111115
45	"12:26:08"	2024.5	0	3.97	0.0411	222	1.36	2.38	27.44	6	1.42	1	2.84	26.56	27.44	26.01	400.81	395.40	16.059	17.668	33.71	37.09	499.9	1499	298	73.22	-2.47	0.326	1.0	-0.22	2.74	1.00	0.00	0.16	111115
"12:26:19 Coolers: Tblock -> 31.00 C"
"12:32:48 Flow: Fixed -> 500 umol/s"
"12:34:15 Flow: Fixed -> 500 umol/s"
46	"12:35:51"	2609.0	0	3.65	0.0353	210	1.32	2.65	30.37	6	1.42	1	2.84	30.97	30.37	31.08	400.68	395.68	21.695	23.237	35.28	37.78	499.9	1499	265	73.22	-2.33	0.294	1.0	-0.22	2.74	1.00	0.00	0.16	111115
47	"12:35:51"	2609.0	0	3.65	0.0353	210	1.32	2.65	30.37	6	1.42	1	2.84	30.97	30.37	31.08	400.68	395.68	21.695	23.237	35.28	37.78	499.9	1499	265	73.22	-2.33	0.294	1.0	-0.22	2.74	1.00	0.00	0.16	111115
48	"12:35:52"	2609.5	0	3.67	0.0353	209	1.32	2.65	30.37	6	1.42	1	2.84	30.97	30.37	31.08	400.69	395.66	21.697	23.240	35.28	37.79	499.9	1500	265	73.22	-2.33	0.294	1.0	-0.22	2.74	1.00	0.00	0.16	111115
49	"12:35:52"	2610.0	0	3.68	0.0353	209	1.32	2.65	30.37	6	1.42	1	2.84	30.97	30.37	31.08	400.70	395.66	21.700	23.244	35.28	37.80	499.9	1499	266	73.22	-2.33	0.294	1.0	-0.22	2.74	1.00	0.00	0.16	111115
50	"12:35:53"	2610.5	0	3.61	0.0353	212	1.31	2.65	30.36	6	1.42	1	2.84	30.97	30.36	31.09	400.67	395.71	21.705	23.245	35.29	37.79	499.9	1499	266	73.22	-2.33	0.294	1.0	-0.22	2.74	1.00	0.00	0.16	111115
51	"12:35:53"	2611.0	0	3.63	0.0353	211	1.32	2.65	30.36	6	1.42	1	2.84	30.97	30.36	31.09	400.67	395.69	21.705	23.249	35.29	37.80	499.8	1499	267	73.22	-2.33	0.294	1.0	-0.22	2.74	1.00	0.00	0.16	111115
52	"12:35:54"	2611.5	0	3.65	0.0354	211	1.32	2.65	30.36	6	1.42	1	2.84	30.97	30.36	31.09	400.68	395.67	21.707	23.254	35.29	37.81	499.8	1500	267	73.22	-2.33	0.294	1.0	-0.22	2.74	1.00	0.00	0.16	111115
53	"12:35:54"	2612.0	0	3.63	0.0354	212	1.32	2.65	30.36	6	1.42	1	2.84	30.97	30.36	31.09	400.63	395.65	21.711	23.257	35.30	37.81	499.8	1500	268	73.22	-2.33	0.294	1.0	-0.22	2.74	1.00	0.00	0.16	111115
54	"12:35:55"	2612.5	0	3.64	0.0354	211	1.32	2.65	30.36	6	1.42	1	2.84	30.97	30.36	31.09	400.65	395.65	21.714	23.259	35.30	37.82	499.8	1499	268	73.22	-2.33	0.294	1.0	-0.22	2.74	1.00	0.00	0.16	111115
55	"12:35:55"	2613.0	0	3.65	0.0354	211	1.32	2.65	30.36	6	1.42	1	2.84	30.97	30.36	31.09	400.66	395.65	21.716	23.262	35.31	37.82	499.8	1500	268	73.22	-2.33	0.294	1.0	-0.22	2.74	1.00	0.00	0.16	111115
56	"12:35:56"	2613.5	0	3.65	0.0354	211	1.32	2.65	30.36	6	1.42	1	2.84	30.97	30.36	31.09	400.69	395.68	21.720	23.266	35.31	37.82	499.8	1499	268	73.22	-2.33	0.294	1.0	-0.22	2.74	1.00	0.00	0.16	111115
57	"12:35:56"	2614.0	0	3.65	0.0354	211	1.32	2.65	30.37	6	1.42	1	2.84	30.97	30.37	31.09	400.70	395.70	21.719	23.266	35.31	37.82	499.8	1499	268	73.22	-2.33	0.294	1.0	-0.22	2.74	1.00	0.00	0.16	111115
58	"12:35:57"	2614.5	0	3.62	0.0354	212	1.32	2.65	30.37	6	1.42	1	2.84	30.97	30.37	31.09	400.68	395.71	21.722	23.269	35.31	37.83	499.9	1500	268	73.22	-2.33	0.294	0.7	-0.22	2.74	1.00	0.00	0.16	111115
59	"12:35:58"	2615.0	0	3.53	0.0354	216	1.32	2.65	30.37	6	1.42	1	2.84	30.97	30.37	31.09	400.64	395.78	21.725	23.271	35.32	37.83	499.9	1500	268	73.22	-2.33	0.294	0.7	-0.22	2.74	1.00	0.00	0.16	111115
60	"12:35:58"	2615.5	0	3.52	0.0354	217	1.32	2.65	30.37	6	1.42	1	2.84	30.97	30.37	31.09	400.63	395.79	21.727	23.272	35.32	37.83	499.9	1499	268	73.22	-2.33	0.294	0.7	-0.22	2.74	1.00	0.00	0.16	111115
"12:36:04 Coolers: Tblock -> 36.00 C"
"12:40:01 Flow: Fixed -> 500 umol/s"
61	"12:41:47"	2964.5	0	3.36	0.0353	220	1.42	2.85	32.27	6	1.42	1	2.84	34.88	32.27	35.97	398.86	394.15	25.632	27.294	33.45	35.62	499.9	1499	267	73.22	-2.03	0.204	1.0	-0.22	2.74	1.00	0.00	0.16	111115
62	"12:41:47"	2964.5	0	3.36	0.0353	220	1.42	2.85	32.27	6	1.42	1	2.84	34.88	32.27	35.97	398.86	394.15	25.632	27.294	33.45	35.62	499.9	1499	267	73.22	-2.03	0.204	1.0	-0.22	2.74	1.00	0.00	0.16	111115
63	"12:41:47"	2965.0	0	3.34	0.0352	220	1.42	2.85	32.27	6	1.42	1	2.84	34.88	32.27	35.97	398.81	394.12	25.635	27.291	33.45	35.61	499.9	1499	268	73.22	-2.03	0.204	1.0	-0.22	2.74	1.00	0.00	0.16	111115
64	"12:41:48"	2965.5	0	3.27	0.0351	223	1.42	2.85	32.27	6	1.42	1	2.84	34.88	32.27	35.97	398.76	394.17	25.636	27.289	33.45	35.61	499.9	1499	270	73.22	-2.03	0.204	1.0	-0.22	2.74	1.00	0.00	0.16	111115
65	"12:41:48"	2966.0	0	3.19	0.0351	227	1.41	2.84	32.25	6	1.42	1	2.84	34.88	32.25	35.97	398.71	394.21	25.638	27.286	33.46	35.61	499.9	1499	272	73.22	-2.03	0.204	1.0	-0.22	2.74	1.00	0.00	0.16	111115
66	"12:41:49"	2966.5	0	3.22	0.035	225	1.41	2.84	32.24	6	1.42	1	2.84	34.88	32.24	35.97	398.70	394.17	25.639	27.284	33.46	35.61	499.9	1499	274	73.22	-2.03	0.204	1.0	-0.22	2.74	1.00	0.00	0.16	111115
67	"12:41:49"	2967.0	0	3.21	0.0351	226	1.41	2.84	32.22	6	1.42	1	2.84	34.88	32.22	35.97	398.70	394.18	25.640	27.286	33.46	35.61	499.9	1499	277	73.22	-2.03	0.204	1.0	-0.22	2.74	1.00	0.00	0.16	111115
68	"12:41:50"	2967.5	0	3.22	0.0352	226	1.41	2.83	32.21	6	1.42	1	2.84	34.88	32.21	35.97	398.72	394.18	25.641	27.288	33.47	35.62	499.9	1499	279	73.22	-2.03	0.204	1.0	-0.22	2.74	1.00	0.00	0.16	111115
69	"12:41:50"	2968.0	0	3.27	0.0352	224	1.41	2.83	32.21	6	1.42	1	2.84	34.88	32.21	35.97	398.77	394.18	25.643	27.290	33.47	35.62	499.9	1499	281	73.22	-2.03	0.204	1.0	-0.22	2.74	1.00	0.00	0.16	111115
70	"12:41:51"	2968.5	0	3.33	0.0354	222	1.42	2.83	32.20	6	1.42	1	2.84	34.88	32.20	35.97	398.82	394.16	25.641	27.296	33.47	35.63	499.8	1499	283	73.22	-2.03	0.204	1.0	-0.22	2.74	1.00	0.00	0.16	111115
71	"12:41:51"	2969.0	0	3.38	0.0355	220	1.42	2.83	32.21	6	1.42	1	2.84	34.88	32.21	35.97	398.89	394.15	25.642	27.301	33.47	35.63	499.8	1499	285	73.22	-2.03	0.204	1.0	-0.22	2.74	1.00	0.00	0.16	111115
72	"12:41:52"	2969.5	0	3.48	0.0356	216	1.42	2.83	32.19	6	1.42	1	2.84	34.88	32.19	35.97	398.94	394.08	25.642	27.306	33.47	35.64	499.8	1500	286	73.22	-2.03	0.204	1.0	-0.22	2.74	1.00	0.00	0.16	111115
73	"12:41:52"	2970.0	0	3.55	0.0356	213	1.43	2.83	32.21	6	1.42	1	2.84	34.88	32.21	35.97	398.99	394.06	25.643	27.310	33.47	35.65	499.9	1500	287	73.22	-2.03	0.204	1.0	-0.22	2.74	1.00	0.00	0.16	111115
74	"12:41:53"	2970.5	0	3.54	0.0356	214	1.43	2.84	32.23	6	1.42	1	2.84	34.87	32.23	35.97	399.01	394.09	25.644	27.314	33.48	35.66	499.9	1500	287	73.22	-2.03	0.204	1.0	-0.22	2.74	1.00	0.00	0.16	111115
75	"12:41:53"	2971.0	0	3.49	0.0355	215	1.43	2.84	32.24	6	1.42	1	2.84	34.87	32.24	35.97	398.96	394.10	25.647	27.312	33.48	35.66	499.9	1500	287	73.22	-2.03	0.204	1.0	-0.22	2.74	1.00	0.00	0.16	111115
"12:42:04 Coolers: Tblock -> 41.00 C"
"12:45:08 Flow: Fixed -> 500 umol/s"
"12:47:20 Flow: Fixed -> 500 umol/s"
76	"12:48:37"	3375.0	0	3.13	0.0357	229	1.66	3.25	35.32	6	1.42	1	2.84	39.37	35.32	41.05	399.58	395.03	32.242	34.161	32.94	34.90	499.9	1500	298	73.22	-1.7	0.0939	1.0	-0.22	2.74	1.00	0.00	0.16	111115
77	"12:48:38"	3375.5	0	3.19	0.0357	227	1.66	3.25	35.32	6	1.42	1	2.84	39.37	35.32	41.05	399.63	395.02	32.243	34.162	32.94	34.90	499.9	1500	298	73.22	-1.7	0.0939	1.0	-0.22	2.74	1.00	0.00	0.16	111115
78	"12:48:38"	3375.5	0	3.19	0.0357	227	1.66	3.25	35.32	6	1.42	1	2.84	39.37	35.32	41.05	399.63	395.02	32.243	34.162	32.94	34.90	499.9	1500	298	73.22	-1.7	0.0939	1.0	-0.22	2.74	1.00	0.00	0.16	111115
79	"12:48:38"	3376.0	0	3.21	0.0357	227	1.66	3.24	35.30	6	1.42	1	2.84	39.37	35.30	41.05	399.63	395.00	32.242	34.161	32.94	34.90	499.9	1500	298	73.22	-1.7	0.0939	1.0	-0.22	2.74	1.00	0.00	0.16	111115
80	"12:48:39"	3376.5	0	3.19	0.0357	227	1.65	3.24	35.29	6	1.42	1	2.84	39.37	35.29	41.05	399.66	395.05	32.246	34.163	32.94	34.90	499.9	1500	298	73.22	-1.7	0.0939	1.0	-0.22	2.74	1.00	0.00	0.16	111115
81	"12:48:39"	3377.0	0	3.19	0.0357	227	1.65	3.24	35.28	6	1.42	1	2.84	39.37	35.28	41.05	399.65	395.04	32.247	34.162	32.94	34.90	499.9	1500	297	73.22	-1.7	0.0939	1.0	-0.22	2.74	1.00	0.00	0.16	111115
82	"12:48:40"	3377.5	0	3.21	0.0358	227	1.65	3.23	35.26	6	1.42	1	2.84	39.37	35.26	41.05	399.67	395.03	32.248	34.163	32.94	34.90	499.9	1500	297	73.22	-1.7	0.0939	1.0	-0.22	2.74	1.00	0.00	0.16	111115
83	"12:48:40"	3378.0	0	3.2	0.0358	227	1.65	3.22	35.25	6	1.42	1	2.84	39.37	35.25	41.05	399.65	395.02	32.248	34.162	32.94	34.90	499.9	1500	297	73.22	-1.7	0.0939	1.0	-0.22	2.74	1.00	0.00	0.16	111115
84	"12:48:41"	3378.5	0	3.2	0.0358	227	1.65	3.23	35.25	6	1.42	1	2.84	39.37	35.25	41.05	399.65	395.02	32.246	34.161	32.94	34.90	499.9	1500	297	73.22	-1.7	0.0939	1.0	-0.22	2.74	1.00	0.00	0.16	111115
85	"12:48:41"	3379.0	0	3.18	0.0358	228	1.65	3.22	35.24	6	1.42	1	2.84	39.37	35.24	41.05	399.64	395.04	32.246	34.160	32.94	34.89	499.9	1500	297	73.22	-1.7	0.0939	1.0	-0.22	2.74	1.00	0.00	0.16	111115
86	"12:48:42"	3379.5	0	3.15	0.0359	230	1.65	3.22	35.23	6	1.42	1	2.84	39.37	35.23	41.05	399.63	395.07	32.245	34.160	32.93	34.89	499.9	1500	297	73.22	-1.7	0.0939	1.0	-0.22	2.74	1.00	0.00	0.16	111115
87	"12:48:42"	3380.0	0	3.14	0.036	231	1.65	3.22	35.22	6	1.42	1	2.84	39.37	35.22	41.05	399.65	395.10	32.247	34.163	32.94	34.90	499.9	1500	297	73.22	-1.7	0.0939	1.0	-0.22	2.74	1.00	0.00	0.16	111115
88	"12:48:43"	3380.5	0	3.19	0.036	229	1.65	3.22	35.23	6	1.42	1	2.84	39.37	35.23	41.05	399.68	395.07	32.244	34.163	32.94	34.90	499.9	1500	297	73.22	-1.7	0.0939	1.0	-0.22	2.74	1.00	0.00	0.16	111115
89	"12:48:44"	3381.0	0	3.2	0.0361	228	1.66	3.22	35.22	6	1.42	1	2.84	39.37	35.22	41.05	399.72	395.09	32.244	34.165	32.94	34.90	499.9	1500	297	73.22	-1.7	0.0939	1.0	-0.22	2.74	1.00	0.00	0.16	111115
90	"12:48:44"	3381.5	0	3.21	0.0361	228	1.66	3.22	35.23	6	1.42	1	2.84	39.37	35.23	41.05	399.75	395.11	32.244	34.169	32.93	34.90	499.9	1500	298	73.22	-1.7	0.0939	1.0	-0.22	2.74	1.00	0.00	0.16	111115
"12:48:53 Coolers: Tblock -> 46.00 C"
"12:54:24 Flow: Fixed -> 500 umol/s"
"12:57:09 Flow: Fixed -> 500 umol/s"
91	"12:58:57"	3994.5	0	2.67	0.038	256	1.88	3.43	37.93	6	1.42	1	2.84	43.83	37.93	46.13	399.79	395.69	41.564	43.726	33.55	35.29	499.9	1500	259	73.22	-0.743	-0.0542	1.0	-0.22	2.74	1.00	0.00	0.16	111115
92	"12:58:57"	3994.5	0	2.67	0.038	256	1.88	3.43	37.93	6	1.42	1	2.84	43.83	37.93	46.13	399.79	395.69	41.564	43.726	33.55	35.29	499.9	1500	259	73.22	-0.743	-0.0542	1.0	-0.22	2.74	1.00	0.00	0.16	111115
93	"12:58:58"	3995.0	0	2.73	0.0381	253	1.88	3.43	37.92	6	1.42	1	2.84	43.83	37.92	46.13	399.83	395.65	41.564	43.726	33.55	35.29	499.9	1500	260	73.22	-0.743	-0.0542	1.0	-0.22	2.74	1.00	0.00	0.16	111115
94	"12:58:58"	3995.5	0	2.7	0.038	255	1.89	3.43	37.93	6	1.42	1	2.84	43.83	37.93	46.13	399.81	395.67	41.564	43.728	33.55	35.29	499.9	1501	261	73.22	-0.743	-0.0542	1.0	-0.22	2.74	1.00	0.00	0.16	111115
95	"12:58:59"	3996.0	0	2.68	0.038	255	1.89	3.43	37.94	6	1.42	1	2.84	43.83	37.94	46.13	399.78	395.67	41.564	43.729	33.55	35.30	499.9	1501	261	73.22	-0.743	-0.0542	1.0	-0.22	2.74	1.00	0.00	0.16	111115
96	"12:58:59"	3996.5	0	2.62	0.0381	258	1.89	3.44	37.95	6	1.42	1	2.84	43.83	37.95	46.13	399.74	395.69	41.563	43.732	33.54	35.30	499.9	1501	262	73.22	-0.743	-0.0542	1.0	-0.22	2.74	1.00	0.00	0.16	111115
97	"12:59:00"	3997.0	0	2.58	0.0382	260	1.89	3.43	37.93	6	1.42	1	2.84	43.83	37.93	46.13	399.70	395.70	41.562	43.735	33.54	35.30	499.9	1501	262	73.22	-0.743	-0.0542	1.0	-0.22	2.74	1.00	0.00	0.16	111115
98	"12:59:00"	3997.5	0	2.59	0.0383	260	1.89	3.42	37.91	6	1.42	1	2.84	43.83	37.91	46.13	399.66	395.66	41.562	43.734	33.54	35.30	499.9	1501	261	73.22	-0.743	-0.0542	1.0	-0.22	2.74	1.00	0.00	0.16	111115
99	"12:59:01"	3998.0	0	2.53	0.0383	263	1.89	3.42	37.91	6	1.42	1	2.84	43.83	37.91	46.13	399.59	395.66	41.561	43.735	33.54	35.30	499.9	1501	261	73.22	-0.743	-0.0542	1.0	-0.22	2.74	1.00	0.00	0.16	111115
100	"12:59:01"	3998.5	0	2.52	0.0383	263	1.89	3.43	37.92	6	1.42	1	2.84	43.83	37.92	46.13	399.57	395.65	41.559	43.734	33.54	35.30	499.9	1501	261	73.22	-0.743	-0.0542	1.0	-0.22	2.74	1.00	0.00	0.16	111115
101	"12:59:02"	3999.0	0	2.52	0.0384	263	1.9	3.42	37.89	6	1.42	1	2.84	43.83	37.89	46.13	399.59	395.66	41.558	43.736	33.54	35.30	499.9	1501	261	73.22	-0.743	-0.0542	1.0	-0.22	2.74	1.00	0.00	0.16	111115
102	"12:59:02"	3999.5	0	2.59	0.0386	261	1.9	3.4	37.85	6	1.42	1	2.84	43.83	37.85	46.13	399.63	395.63	41.558	43.735	33.54	35.30	499.9	1501	261	73.22	-0.743	-0.0542	1.0	-0.22	2.74	1.00	0.00	0.16	111115
103	"12:59:03"	4000.0	0	2.62	0.0386	260	1.9	3.4	37.84	6	1.42	1	2.84	43.83	37.84	46.12	399.66	395.61	41.556	43.733	33.54	35.30	499.9	1501	262	73.22	-0.743	-0.0542	1.0	-0.22	2.74	1.00	0.00	0.16	111115
104	"12:59:03"	4000.5	0	2.64	0.0385	259	1.9	3.41	37.86	6	1.42	1	2.84	43.83	37.86	46.12	399.66	395.59	41.555	43.731	33.55	35.30	499.9	1501	262	73.22	-0.743	-0.0542	1.0	-0.22	2.74	1.00	0.00	0.16	111115
105	"12:59:04"	4001.0	0	2.66	0.0384	257	1.89	3.42	37.89	6	1.42	1	2.84	43.82	37.89	46.12	399.67	395.58	41.556	43.728	33.55	35.30	499.9	1501	263	73.22	-0.743	-0.0542	1.0	-0.22	2.74	1.00	0.00	0.16	111115
