"OPEN 6.2.4"
"Thr Jun 25 2015 11:11:31"
<open><version>"6.2.4"</version></open>
<open><configfile>"/User/Configs/UserPrefs/2x3 LED.xml"</configfile></open>
<open><light><source>"6400-02 or -02B LED Source"</source><par_in>1<sensor>"SI-3781"<cal>-0.93<actinity>1.00</actinity><transm>1.00</transm></cal></sensor><transm>1</transm></par_in><par_out>1<sensor>"Q49599"<cal>7.26</cal></sensor></par_out></light></open>
<open><comps><file>"/User/Configs/Comps/StdComps_6.2"<header>""</header><extras></extras></file><energybal>no<f_parIn>1</f_parIn><f_parOut>0</f_parOut><alphaK>0.16</alphaK></energybal><bc_total>2.840<stomatal_ratio>1</stomatal_ratio><bc_oneside>1.420<type>2</type><table>"/Sys/Lib/StdBLCTable"</table><area>6</area><slope>-0.219565</slope><offset>2.73739</offset><fan>5</fan></bc_oneside></bc_total></comps></open>
<open><prompts><onlog>off</onlog><items>"Default (none)"</items></prompts></open>
<open><constants><oxygen>21 %</oxygen><bb_vapor>1.5</bb_vapor><bb_oxy>0.9</bb_oxy></constants></open>
<open><stability><items>"Std Stability"<items[1]><id>-2</id><size>15</size><pcv><onoff>0</onoff><value>1</value></pcv><std><onoff>0</onoff><value>1</value></std><slp><onoff>1</onoff><value>1</value></slp></items[1]><items[2]><id>-5</id><size>15</size><pcv><onoff>0</onoff><value>1</value></pcv><std><onoff>0</onoff><value>1</value></std><slp><onoff>1</onoff><value>1</value></slp></items[2]><items[3]><id>-7</id><size>15</size><pcv><onoff>0</onoff><value>1</value></pcv><std><onoff>0</onoff><value>1</value></std><slp><onoff>1</onoff><value>1</value></slp></items[3]></items></stability></open>
<open><log><format>"StdLogFmt_6.0"<items>{ -35 -21 -36 -76 30 23 36 21 25 221 -33 111 -34 11 -9 -10 -8 -1 -2 -4 -5 -14 -15 -7 -12 -13 -11 -65 -66 -72 -18 -19 -77 -78 -79 -23  }<hdr>{  }</hdr></items></format><options><beep>on</beep><hdr>normal</hdr><rem>normal</rem><stab>no</stab><stats>no<mean>no</mean><file>no</file><period>15</period></stats><excel>yes</excel><controls>yes</controls><comm>no</comm></options><datafile>"/User/stm-rvaoc1"</datafile><button><action>"Normal Log"<code>" LogOneObsManual "</code></action></button><autoprog>"/User/Configs/AutoProgs/AutoLog2"<active>no</active></autoprog></log></open>
<open><a2d><avgtime>4.0 secs</avgtime><userchans><ch20>"Off"</ch20><ch21>"Off"</ch21><ch22>"Off"</ch22><ch23>"Off"</ch23></userchans></a2d></open>
<open><matching><type>0</type><disp>'a'</disp><settings><CO2Limit>10.0</CO2Limit><H2OLimit>1.0</H2OLimit><MaxAutoTime>60</MaxAutoTime></settings></matching></open>
<li6400><factory><unit>"PSC-3840"</unit><serviced>"1 Jul 2013"</serviced><fuseaware>0</fuseaware><co2mixer>yes</co2mixer><co2><coeffs>{ 0 0.213319 2.22998e-05 2.13159e-08 -3.88664e-12 3.69888e-16  }</coeffs><dvdt>-4.7</dvdt><xs>{ 0.0009 -0.0002  }</xs></co2><h2o><coeffs>{ 0 0.00572751 2.23485e-06 -7.37877e-12  }</coeffs><dvdt>-1.7</dvdt><xs>{ 0.0009 -0.0028  }</xs></h2o><flow>{ 0 0.3568  }</flow><press>{ 88.437 0.00551  }</press></factory></li6400>
<li6400><user><flow_zero>-468.8</flow_zero><irga_zero><co2>429.7 390.6<at>17.6901</at></co2><h2o>78.1 156.2<at>17.1607</at></h2o></irga_zero><irga_span><co2>{ 0.99237 0.992833  }</co2><h2o>{ 1.00426 0.996799  }</h2o></irga_span><irga_match><co2>{ 0.368307 -2.82067  }</co2><h2o>{ 0.00477181 -0.0130951  }</h2o></irga_match><co2_mixer><pump_mv>4500</pump_mv><ppm>{ 2287.2 1080.71 423.89 257.488 117.195 68.0056 44.5242 37.9628  }</ppm><mv>{ 5000 3000 1500 1000 500 300 200 100  }</mv></co2_mixer><parin_offset>0</parin_offset><led_cal><unit>"SI-3781"</unit><mv>{ 10 25 50 100 1000 2000 3000 4000 5000  }</mv><qntm>{ 4.69642 15.4417 35.4805 82.2863 972.665 1922.29 2824.32 3690.14 4518.2  }</qntm></led_cal><lcf_cal><unit>"unknown"</unit><red><mv>{ 50 100 500 1000 1500 5000  }</mv><qntm>{ 50 100 500 1000 2000 5000  }</qntm></red><blue><mv>{ 100 200 500 1000 2000 5000  }</mv><qntm>{ 10 20 50 100 200 500  }</qntm></blue></lcf_cal></user></li6400>
"11:11:32 "
$STARTOFDATA$
"Obs"	"HHMMSS"	"FTime"	"EBal?"	"Photo"	"Cond"	"Ci"	"Trmmol"	"VpdL"	"CTleaf"	"Area"	"BLC_1"	"StmRat"	"BLCond"	"Tair"	"Tleaf"	"TBlk"	"CO2R"	"CO2S"	"H2OR"	"H2OS"	"RH_R"	"RH_S"	"Flow"	"PARi"	"PARo"	"Press"	"CsMch"	"HsMch"	"StableF"	"BLCslope"	"BLCoffst"	"f_parin"	"f_parout"	"alphaK"	"Status"
"11:16:37 Coolers: Tblock -> 0.00 C"
"11:16:41 CO2 Mixer: CO2R -> 400 uml"
"11:16:50 Lamp: ParIn ->  1500 uml"
"11:24:35 Flow: Fixed -> 500 umol/s"
"11:29:11 Coolers: Tblock -> 11.84 C"
"11:30:17 Flow: Fixed -> 500 umol/s"
"11:33:48 Flow: Fixed -> 500 umol/s"
1	"11:34:22"	1386.5	0	16	0.282	270	5.07	1.42	17.29	6	1.42	1	2.84	14.11	17.29	12.06	400.12	378.67	1.562	7.601	7.09	34.48	499.9	1500	16	73.33	-1.7	0.255	0.7	-0.22	2.74	1.00	0.00	0.16	111115
2	"11:34:22"	1386.5	0	16	0.282	270	5.07	1.42	17.29	6	1.42	1	2.84	14.11	17.29	12.06	400.12	378.67	1.562	7.601	7.09	34.48	499.9	1500	16	73.33	-1.7	0.255	0.7	-0.22	2.74	1.00	0.00	0.16	111115
3	"11:34:23"	1387.0	0	16	0.282	270	5.06	1.42	17.28	6	1.42	1	2.84	14.11	17.28	12.06	400.16	378.67	1.565	7.597	7.10	34.46	499.9	1500	16	73.33	-1.7	0.255	0.7	-0.22	2.74	1.00	0.00	0.16	111115
4	"11:34:23"	1387.5	0	16	0.282	270	5.06	1.42	17.28	6	1.42	1	2.84	14.12	17.28	12.06	400.20	378.68	1.567	7.596	7.11	34.46	499.9	1499	16	73.33	-1.7	0.255	0.7	-0.22	2.74	1.00	0.00	0.16	111115
5	"11:34:24"	1388.0	0	16	0.282	270	5.06	1.42	17.28	6	1.42	1	2.84	14.11	17.28	12.06	400.24	378.69	1.568	7.596	7.11	34.46	499.9	1499	16	73.33	-1.7	0.255	0.7	-0.22	2.74	1.00	0.00	0.16	111115
6	"11:34:24"	1388.5	0	16.1	0.282	270	5.06	1.42	17.27	6	1.42	1	2.84	14.11	17.27	12.06	400.26	378.66	1.567	7.597	7.11	34.47	499.9	1499	16	73.33	-1.7	0.255	0.7	-0.22	2.74	1.00	0.00	0.16	111115
7	"11:34:25"	1389.0	0	16.1	0.282	270	5.07	1.42	17.27	6	1.42	1	2.84	14.11	17.27	12.06	400.26	378.65	1.567	7.600	7.11	34.48	499.9	1499	16	73.33	-1.7	0.255	0.7	-0.22	2.74	1.00	0.00	0.16	111115
8	"11:34:25"	1389.5	0	16.1	0.283	270	5.07	1.42	17.27	6	1.42	1	2.84	14.11	17.27	12.06	400.26	378.63	1.565	7.601	7.10	34.49	499.9	1499	16	73.33	-1.7	0.255	0.7	-0.22	2.74	1.00	0.00	0.16	111115
9	"11:34:26"	1390.0	0	16.1	0.282	270	5.07	1.42	17.28	6	1.42	1	2.84	14.12	17.28	12.06	400.24	378.60	1.564	7.601	7.09	34.48	500.0	1499	16	73.33	-1.7	0.255	0.7	-0.22	2.74	1.00	0.00	0.16	111115
10	"11:34:26"	1390.5	0	16.1	0.282	269	5.07	1.42	17.28	6	1.42	1	2.84	14.12	17.28	12.06	400.23	378.57	1.562	7.600	7.09	34.48	500.0	1499	16	73.33	-1.7	0.255	0.7	-0.22	2.74	1.00	0.00	0.16	111115
11	"11:34:27"	1391.0	0	16.1	0.283	269	5.07	1.42	17.28	6	1.42	1	2.84	14.12	17.28	12.06	400.19	378.55	1.560	7.601	7.08	34.48	500.0	1499	16	73.33	-1.7	0.255	0.7	-0.22	2.74	1.00	0.00	0.16	111115
12	"11:34:27"	1391.5	0	16.1	0.283	269	5.07	1.42	17.29	6	1.42	1	2.84	14.12	17.29	12.06	400.19	378.54	1.559	7.601	7.07	34.48	500.0	1499	16	73.33	-1.7	0.255	0.7	-0.22	2.74	1.00	0.00	0.16	111115
13	"11:34:28"	1392.0	0	16.1	0.282	269	5.07	1.42	17.29	6	1.42	1	2.84	14.12	17.29	12.06	400.17	378.51	1.558	7.600	7.07	34.48	500.0	1499	16	73.33	-1.7	0.255	0.7	-0.22	2.74	1.00	0.00	0.16	111115
14	"11:34:28"	1392.5	0	16.1	0.282	269	5.07	1.42	17.30	6	1.42	1	2.84	14.12	17.30	12.06	400.17	378.53	1.557	7.594	7.07	34.45	499.9	1499	16	73.33	-1.7	0.255	0.7	-0.22	2.74	1.00	0.00	0.16	111115
15	"11:34:29"	1393.0	0	16.1	0.281	269	5.06	1.43	17.30	6	1.42	1	2.84	14.12	17.30	12.06	400.16	378.57	1.557	7.585	7.06	34.41	499.9	1499	16	73.33	-1.7	0.255	0.7	-0.22	2.74	1.00	0.00	0.16	111115
"11:34:38 Coolers: Tblock -> 17.00 C"
"11:39:48 Flow: Fixed -> 500 umol/s"
"11:40:36 Flow: Fixed -> 500 umol/s"
"11:40:56 Flow: Fixed -> 500 umol/s"
16	"11:42:34"	1878.5	0	15.3	0.235	257	4.89	1.61	20.23	6	1.42	1	2.84	18.24	20.23	17.04	400.92	380.27	4.640	10.451	16.19	36.45	499.9	1500	17	73.33	-1.91	0.237	0.7	-0.22	2.74	1.00	0.00	0.16	111115
17	"11:42:35"	1878.5	0	15.3	0.235	257	4.89	1.61	20.23	6	1.42	1	2.84	18.24	20.23	17.04	400.92	380.27	4.640	10.451	16.19	36.45	499.9	1500	17	73.33	-1.91	0.237	0.7	-0.22	2.74	1.00	0.00	0.16	111115
18	"11:42:35"	1879.0	0	15.3	0.236	258	4.9	1.61	20.24	6	1.42	1	2.84	18.24	20.24	17.04	400.92	380.28	4.640	10.464	16.18	36.49	499.9	1500	17	73.33	-1.91	0.237	0.7	-0.22	2.74	1.00	0.00	0.16	111115
19	"11:42:36"	1879.5	0	15.3	0.237	258	4.92	1.61	20.23	6	1.42	1	2.84	18.24	20.23	17.04	400.88	380.27	4.640	10.478	16.18	36.54	499.9	1501	17	73.33	-1.91	0.237	0.7	-0.22	2.74	1.00	0.00	0.16	111115
20	"11:42:36"	1880.0	0	15.3	0.238	259	4.93	1.61	20.23	6	1.42	1	2.84	18.24	20.23	17.04	400.87	380.29	4.640	10.492	16.18	36.59	499.9	1501	17	73.33	-1.91	0.237	0.7	-0.22	2.74	1.00	0.00	0.16	111115
21	"11:42:37"	1880.5	0	15.3	0.238	259	4.94	1.61	20.23	6	1.42	1	2.84	18.24	20.23	17.04	400.88	380.29	4.639	10.502	16.18	36.63	499.9	1501	17	73.33	-1.91	0.237	1.0	-0.22	2.74	1.00	0.00	0.16	111115
22	"11:42:37"	1881.0	0	15.3	0.239	259	4.95	1.61	20.23	6	1.42	1	2.84	18.24	20.23	17.04	400.91	380.27	4.638	10.511	16.17	36.66	499.9	1501	17	73.33	-1.91	0.237	1.0	-0.22	2.74	1.00	0.00	0.16	111115
23	"11:42:38"	1881.5	0	15.3	0.24	259	4.96	1.61	20.23	6	1.42	1	2.84	18.24	20.23	17.04	400.94	380.27	4.636	10.522	16.17	36.69	499.9	1501	17	73.33	-1.91	0.237	1.0	-0.22	2.74	1.00	0.00	0.16	111115
24	"11:42:38"	1882.0	0	15.4	0.24	259	4.97	1.61	20.23	6	1.42	1	2.84	18.24	20.23	17.04	401.00	380.27	4.634	10.531	16.16	36.72	499.9	1501	17	73.33	-1.91	0.237	1.0	-0.22	2.74	1.00	0.00	0.16	111115
25	"11:42:39"	1882.5	0	15.4	0.24	259	4.97	1.61	20.23	6	1.42	1	2.84	18.24	20.23	17.04	401.03	380.26	4.632	10.533	16.15	36.73	499.9	1501	17	73.33	-1.91	0.237	1.0	-0.22	2.74	1.00	0.00	0.16	111115
26	"11:42:39"	1883.0	0	15.4	0.241	259	4.97	1.61	20.23	6	1.42	1	2.84	18.24	20.23	17.04	401.07	380.27	4.629	10.535	16.14	36.74	499.9	1501	17	73.33	-1.91	0.237	1.0	-0.22	2.74	1.00	0.00	0.16	111115
27	"11:42:40"	1883.5	0	15.5	0.241	259	4.98	1.61	20.23	6	1.42	1	2.84	18.24	20.23	17.04	401.12	380.29	4.627	10.535	16.13	36.74	499.9	1501	17	73.33	-1.91	0.237	1.0	-0.22	2.74	1.00	0.00	0.16	111115
28	"11:42:40"	1884.0	0	15.5	0.241	259	4.97	1.61	20.23	6	1.42	1	2.84	18.24	20.23	17.04	401.14	380.31	4.623	10.529	16.12	36.72	499.9	1501	17	73.33	-1.91	0.237	1.0	-0.22	2.74	1.00	0.00	0.16	111115
29	"11:42:41"	1884.5	0	15.5	0.24	259	4.97	1.61	20.23	6	1.42	1	2.84	18.24	20.23	17.04	401.16	380.35	4.621	10.519	16.11	36.68	499.9	1501	17	73.33	-1.91	0.237	1.0	-0.22	2.74	1.00	0.00	0.16	111115
30	"11:42:41"	1885.0	0	15.4	0.239	259	4.96	1.61	20.24	6	1.42	1	2.84	18.24	20.24	17.04	401.18	380.41	4.620	10.506	16.11	36.64	499.9	1501	17	73.33	-1.91	0.237	1.0	-0.22	2.74	1.00	0.00	0.16	111115
"11:42:50 Coolers: Tblock -> 22.00 C"
"11:46:02 Flow: Fixed -> 500 umol/s"
"11:47:36 Flow: Fixed -> 500 umol/s"
31	"11:48:58"	2263.5	0	15.9	0.228	246	5.47	1.85	23.37	6	1.42	1	2.84	22.58	23.37	22.12	399.71	378.12	7.628	14.097	20.35	37.61	499.9	1500	17	73.33	-2.19	0.208	0.7	-0.22	2.74	1.00	0.00	0.16	111115
32	"11:48:59"	2263.5	0	15.9	0.228	246	5.47	1.85	23.37	6	1.42	1	2.84	22.58	23.37	22.12	399.71	378.12	7.628	14.097	20.35	37.61	499.9	1500	17	73.33	-2.19	0.208	0.7	-0.22	2.74	1.00	0.00	0.16	111115
33	"11:48:59"	2264.0	0	16	0.228	245	5.47	1.85	23.37	6	1.42	1	2.84	22.58	23.37	22.12	399.74	378.10	7.624	14.092	20.34	37.60	499.9	1500	17	73.33	-2.19	0.208	0.7	-0.22	2.74	1.00	0.00	0.16	111115
34	"11:49:00"	2264.5	0	16	0.228	245	5.46	1.85	23.37	6	1.42	1	2.84	22.58	23.37	22.12	399.78	378.13	7.620	14.085	20.33	37.58	499.9	1500	17	73.33	-2.19	0.208	0.7	-0.22	2.74	1.00	0.00	0.16	111115
35	"11:49:00"	2265.0	0	16	0.227	245	5.46	1.85	23.37	6	1.42	1	2.84	22.58	23.37	22.12	399.83	378.14	7.617	14.077	20.32	37.55	499.9	1500	17	73.33	-2.19	0.208	0.7	-0.22	2.74	1.00	0.00	0.16	111115
36	"11:49:01"	2265.5	0	16	0.227	245	5.46	1.85	23.37	6	1.42	1	2.84	22.58	23.37	22.12	399.87	378.18	7.613	14.076	20.31	37.55	499.8	1500	17	73.33	-2.19	0.208	0.7	-0.22	2.74	1.00	0.00	0.16	111115
37	"11:49:01"	2266.0	0	16	0.228	245	5.47	1.85	23.37	6	1.42	1	2.84	22.58	23.37	22.12	399.90	378.19	7.609	14.080	20.30	37.56	499.9	1500	17	73.33	-2.19	0.208	0.7	-0.22	2.74	1.00	0.00	0.16	111115
38	"11:49:01"	2266.0	0	16	0.228	245	5.47	1.85	23.37	6	1.42	1	2.84	22.58	23.37	22.12	399.90	378.19	7.609	14.080	20.30	37.56	499.9	1500	17	73.33	-2.19	0.208	0.7	-0.22	2.74	1.00	0.00	0.16	111115
39	"11:49:02"	2266.5	0	16	0.228	245	5.48	1.85	23.37	6	1.42	1	2.84	22.58	23.37	22.12	399.94	378.22	7.607	14.091	20.29	37.59	499.9	1500	17	73.33	-2.19	0.208	0.7	-0.22	2.74	1.00	0.00	0.16	111115
40	"11:49:02"	2267.0	0	16	0.229	246	5.5	1.85	23.37	6	1.42	1	2.84	22.58	23.37	22.12	399.94	378.20	7.605	14.107	20.28	37.63	499.9	1500	17	73.33	-2.19	0.208	0.7	-0.22	2.74	1.00	0.00	0.16	111115
41	"11:49:03"	2267.5	0	16.1	0.23	246	5.51	1.85	23.37	6	1.42	1	2.84	22.58	23.37	22.12	399.95	378.16	7.602	14.124	20.28	37.67	499.9	1500	17	73.33	-2.19	0.208	1.0	-0.22	2.74	1.00	0.00	0.16	111115
42	"11:49:03"	2268.0	0	16.1	0.231	246	5.53	1.85	23.37	6	1.42	1	2.84	22.58	23.37	22.12	399.95	378.15	7.601	14.140	20.27	37.71	500.0	1500	17	73.33	-2.19	0.208	1.0	-0.22	2.74	1.00	0.00	0.16	111115
43	"11:49:04"	2268.5	0	16.1	0.232	246	5.54	1.85	23.37	6	1.42	1	2.84	22.59	23.37	22.12	399.94	378.11	7.601	14.153	20.27	37.74	500.0	1500	17	73.33	-2.19	0.208	1.0	-0.22	2.74	1.00	0.00	0.16	111115
44	"11:49:04"	2269.0	0	16.1	0.232	247	5.55	1.85	23.37	6	1.42	1	2.84	22.59	23.37	22.12	399.92	378.10	7.600	14.165	20.27	37.77	500.0	1500	17	73.33	-2.19	0.208	1.0	-0.22	2.74	1.00	0.00	0.16	111115
45	"11:49:05"	2269.5	0	16.1	0.233	247	5.56	1.85	23.38	6	1.42	1	2.84	22.59	23.38	22.12	399.87	378.03	7.601	14.175	20.27	37.80	500.0	1500	17	73.33	-2.19	0.208	1.0	-0.22	2.74	1.00	0.00	0.16	111115
"11:49:13 Coolers: Tblock -> 27.00 C"
"11:51:54 Flow: Fixed -> 500 umol/s"
"11:53:56 Flow: Fixed -> 500 umol/s"
46	"11:55:39"	2663.5	0	16	0.217	237	6.28	2.21	26.60	6	1.42	1	2.84	26.88	26.60	27.00	400.14	378.10	10.087	17.495	20.80	36.09	499.9	1499	18	73.32	-2.22	0.146	1.0	-0.22	2.74	1.00	0.00	0.16	111115
47	"11:55:39"	2663.5	0	16	0.217	237	6.28	2.21	26.60	6	1.42	1	2.84	26.88	26.60	27.00	400.14	378.10	10.087	17.495	20.80	36.09	499.9	1499	18	73.32	-2.22	0.146	1.0	-0.22	2.74	1.00	0.00	0.16	111115
48	"11:55:40"	2664.0	0	15.9	0.216	237	6.28	2.21	26.60	6	1.42	1	2.84	26.89	26.60	26.99	400.10	378.13	10.087	17.489	20.80	36.07	499.9	1499	18	73.32	-2.22	0.146	1.0	-0.22	2.74	1.00	0.00	0.16	111115
49	"11:55:40"	2664.5	0	15.9	0.216	237	6.27	2.21	26.60	6	1.42	1	2.84	26.89	26.60	27.00	400.09	378.14	10.087	17.486	20.80	36.06	499.8	1499	18	73.32	-2.22	0.146	1.0	-0.22	2.74	1.00	0.00	0.16	111115
50	"11:55:41"	2665.0	0	15.9	0.216	237	6.27	2.21	26.60	6	1.42	1	2.84	26.89	26.60	27.00	400.07	378.12	10.088	17.486	20.81	36.07	499.8	1499	18	73.32	-2.22	0.146	1.0	-0.22	2.74	1.00	0.00	0.16	111115
51	"11:55:41"	2665.0	0	15.9	0.216	237	6.27	2.21	26.60	6	1.42	1	2.84	26.89	26.60	27.00	400.07	378.12	10.088	17.486	20.81	36.07	499.8	1499	18	73.32	-2.22	0.146	1.0	-0.22	2.74	1.00	0.00	0.16	111115
52	"11:55:42"	2665.5	0	15.9	0.216	238	6.27	2.21	26.60	6	1.42	1	2.84	26.89	26.60	27.00	400.01	378.10	10.087	17.489	20.80	36.07	499.8	1499	18	73.32	-2.22	0.146	1.0	-0.22	2.74	1.00	0.00	0.16	111115
53	"11:55:42"	2666.0	0	15.9	0.217	238	6.28	2.21	26.60	6	1.42	1	2.84	26.89	26.60	27.00	400.02	378.11	10.088	17.496	20.81	36.08	499.8	1499	18	73.32	-2.22	0.146	1.0	-0.22	2.74	1.00	0.00	0.16	111115
54	"11:55:43"	2666.5	0	15.9	0.217	238	6.29	2.21	26.61	6	1.42	1	2.84	26.89	26.61	27.00	400.02	378.08	10.089	17.507	20.81	36.10	499.9	1499	18	73.32	-2.22	0.146	1.0	-0.22	2.74	1.00	0.00	0.16	111115
55	"11:55:43"	2667.0	0	15.9	0.218	238	6.3	2.21	26.61	6	1.42	1	2.84	26.89	26.61	27.00	400.01	378.06	10.089	17.521	20.81	36.13	499.9	1499	18	73.32	-2.22	0.146	1.0	-0.22	2.74	1.00	0.00	0.16	111115
56	"11:55:44"	2667.5	0	15.9	0.218	238	6.32	2.21	26.61	6	1.42	1	2.84	26.89	26.61	27.00	400.02	378.01	10.088	17.538	20.80	36.17	499.9	1499	18	73.32	-2.22	0.146	1.0	-0.22	2.74	1.00	0.00	0.16	111115
57	"11:55:44"	2668.0	0	16	0.219	238	6.33	2.21	26.61	6	1.42	1	2.84	26.89	26.61	27.00	400.04	377.99	10.088	17.555	20.80	36.20	499.9	1499	18	73.32	-2.22	0.146	1.0	-0.22	2.74	1.00	0.00	0.16	111115
58	"11:55:45"	2668.5	0	16	0.219	238	6.34	2.21	26.61	6	1.42	1	2.84	26.89	26.61	27.00	400.04	377.98	10.087	17.565	20.80	36.22	499.9	1499	18	73.32	-2.22	0.146	1.0	-0.22	2.74	1.00	0.00	0.16	111115
59	"11:55:45"	2669.0	0	16	0.22	239	6.35	2.21	26.61	6	1.42	1	2.84	26.89	26.61	27.00	400.09	378.01	10.087	17.575	20.80	36.24	499.9	1499	18	73.32	-2.22	0.146	1.0	-0.22	2.74	1.00	0.00	0.16	111115
60	"11:55:46"	2669.5	0	16	0.22	239	6.36	2.21	26.61	6	1.42	1	2.84	26.89	26.61	27.00	400.15	378.05	10.088	17.583	20.80	36.25	500.0	1499	18	73.32	-2.22	0.146	1.0	-0.22	2.74	1.00	0.00	0.16	111115
"11:55:52 Coolers: Tblock -> 32.00 C"
"11:59:47 Flow: Fixed -> 500 umol/s"
"12:02:00 Flow: Fixed -> 500 umol/s"
"12:03:29 Flow: Fixed -> 500 umol/s"
"12:04:24 Flow: Fixed -> 500 umol/s"
61	"12:05:40"	3265.0	0	15.5	0.159	193	6.79	3.17	32.25	6	1.42	1	2.84	31.43	32.25	32.08	399.55	377.83	14.907	22.869	23.64	36.26	499.8	1500	19	73.32	-1.62	0.0841	1.0	-0.22	2.74	1.00	0.00	0.16	111115
62	"12:05:41"	3265.5	0	15.5	0.159	193	6.8	3.17	32.25	6	1.42	1	2.84	31.43	32.25	32.08	399.53	377.82	14.907	22.878	23.63	36.27	499.8	1499	19	73.32	-1.62	0.0841	1.0	-0.22	2.74	1.00	0.00	0.16	111115
63	"12:05:41"	3265.5	0	15.5	0.159	193	6.8	3.17	32.25	6	1.42	1	2.84	31.43	32.25	32.08	399.53	377.82	14.907	22.878	23.63	36.27	499.8	1499	19	73.32	-1.62	0.0841	1.0	-0.22	2.74	1.00	0.00	0.16	111115
64	"12:05:41"	3266.0	0	15.5	0.159	193	6.8	3.17	32.25	6	1.42	1	2.84	31.44	32.25	32.08	399.55	377.80	14.907	22.888	23.63	36.29	499.8	1499	19	73.32	-1.62	0.0841	1.0	-0.22	2.74	1.00	0.00	0.16	111115
65	"12:05:42"	3266.5	0	15.6	0.159	193	6.81	3.16	32.25	6	1.42	1	2.84	31.44	32.25	32.08	399.54	377.76	14.906	22.897	23.63	36.30	499.8	1500	19	73.32	-1.62	0.0841	1.0	-0.22	2.74	1.00	0.00	0.16	111115
66	"12:05:42"	3267.0	0	15.6	0.16	193	6.82	3.16	32.25	6	1.42	1	2.84	31.44	32.25	32.08	399.54	377.72	14.906	22.907	23.63	36.31	499.8	1500	19	73.32	-1.62	0.0841	1.0	-0.22	2.74	1.00	0.00	0.16	111115
67	"12:05:43"	3267.5	0	15.7	0.16	192	6.83	3.16	32.25	6	1.42	1	2.84	31.44	32.25	32.08	399.61	377.67	14.906	22.914	23.63	36.32	499.8	1500	19	73.32	-1.62	0.0841	1.0	-0.22	2.74	1.00	0.00	0.16	111115
68	"12:05:43"	3268.0	0	15.7	0.16	193	6.83	3.16	32.25	6	1.42	1	2.84	31.44	32.25	32.08	399.61	377.67	14.907	22.919	23.63	36.33	499.8	1500	19	73.32	-1.62	0.0841	1.0	-0.22	2.74	1.00	0.00	0.16	111115
69	"12:05:44"	3268.5	0	15.7	0.16	192	6.83	3.16	32.24	6	1.42	1	2.84	31.44	32.24	32.08	399.63	377.63	14.907	22.919	23.63	36.33	499.8	1500	19	73.32	-1.62	0.0841	1.0	-0.22	2.74	1.00	0.00	0.16	111115
70	"12:05:44"	3269.0	0	15.8	0.16	192	6.83	3.16	32.24	6	1.42	1	2.84	31.44	32.24	32.08	399.62	377.61	14.906	22.916	23.63	36.33	499.9	1500	19	73.32	-1.62	0.0841	1.0	-0.22	2.74	1.00	0.00	0.16	111115
71	"12:05:45"	3269.5	0	15.8	0.16	192	6.83	3.16	32.24	6	1.42	1	2.84	31.44	32.24	32.08	399.61	377.60	14.906	22.913	23.63	36.32	499.9	1500	19	73.32	-1.62	0.0841	1.0	-0.22	2.74	1.00	0.00	0.16	111115
72	"12:05:45"	3270.0	0	15.8	0.16	191	6.82	3.16	32.24	6	1.42	1	2.84	31.44	32.24	32.07	399.62	377.58	14.908	22.908	23.63	36.31	499.9	1500	19	73.32	-1.62	0.0841	1.0	-0.22	2.74	1.00	0.00	0.16	111115
73	"12:05:46"	3270.5	0	15.7	0.16	192	6.82	3.16	32.24	6	1.42	1	2.84	31.44	32.24	32.08	399.58	377.60	14.908	22.904	23.63	36.31	499.9	1500	19	73.32	-1.62	0.0841	1.0	-0.22	2.74	1.00	0.00	0.16	111115
74	"12:05:46"	3271.0	0	15.8	0.159	191	6.82	3.16	32.24	6	1.42	1	2.84	31.44	32.24	32.08	399.62	377.61	14.910	22.902	23.63	36.30	499.9	1500	19	73.32	-1.62	0.0841	1.0	-0.22	2.74	1.00	0.00	0.16	111115
75	"12:05:47"	3271.5	0	15.7	0.16	192	6.82	3.16	32.24	6	1.42	1	2.84	31.44	32.24	32.08	399.63	377.66	14.912	22.905	23.63	36.30	499.9	1500	19	73.32	-1.62	0.0841	1.0	-0.22	2.74	1.00	0.00	0.16	111115
"12:05:55 Coolers: Tblock -> 37.00 C"
"12:08:52 Flow: Fixed -> 500 umol/s"
"12:12:09 Flow: Fixed -> 500 umol/s"
76	"12:12:45"	3689.0	0	15.7	0.13	152	7.49	4.15	37.11	6	1.42	1	2.84	35.78	37.11	36.96	399.98	377.80	21.142	29.862	26.29	37.13	499.9	1501	19	73.31	-1.48	-0.0542	1.0	-0.22	2.74	1.00	0.00	0.16	111115
77	"12:12:45"	3689.0	0	15.7	0.13	152	7.49	4.15	37.11	6	1.42	1	2.84	35.78	37.11	36.96	399.98	377.80	21.142	29.862	26.29	37.13	499.9	1501	19	73.31	-1.48	-0.0542	1.0	-0.22	2.74	1.00	0.00	0.16	111115
78	"12:12:45"	3689.5	0	15.7	0.131	153	7.51	4.15	37.11	6	1.42	1	2.84	35.78	37.11	36.96	400.01	377.79	21.141	29.888	26.29	37.16	499.9	1501	19	73.31	-1.48	-0.0542	1.0	-0.22	2.74	1.00	0.00	0.16	111115
79	"12:12:46"	3690.0	0	15.7	0.131	154	7.53	4.15	37.11	6	1.42	1	2.84	35.78	37.11	36.96	400.02	377.79	21.141	29.912	26.29	37.19	499.9	1501	19	73.31	-1.48	-0.0542	0.7	-0.22	2.74	1.00	0.00	0.16	111115
80	"12:12:46"	3690.5	0	15.7	0.131	154	7.55	4.15	37.11	6	1.42	1	2.84	35.78	37.11	36.96	400.05	377.79	21.142	29.927	26.29	37.21	499.9	1501	19	73.31	-1.48	-0.0542	0.7	-0.22	2.74	1.00	0.00	0.16	111115
81	"12:12:47"	3691.0	0	15.7	0.132	154	7.56	4.15	37.11	6	1.42	1	2.84	35.78	37.11	36.96	400.09	377.77	21.142	29.942	26.29	37.23	499.8	1501	19	73.31	-1.48	-0.0542	0.7	-0.22	2.74	1.00	0.00	0.16	111115
82	"12:12:47"	3691.5	0	15.8	0.132	154	7.57	4.15	37.11	6	1.42	1	2.84	35.78	37.11	36.96	400.13	377.78	21.143	29.957	26.29	37.25	499.9	1501	19	73.31	-1.48	-0.0542	0.7	-0.22	2.74	1.00	0.00	0.16	111115
83	"12:12:48"	3692.0	0	15.8	0.132	154	7.58	4.14	37.11	6	1.42	1	2.84	35.78	37.11	36.96	400.16	377.77	21.145	29.973	26.29	37.27	499.9	1501	19	73.31	-1.48	-0.0542	0.7	-0.22	2.74	1.00	0.00	0.16	111115
84	"12:12:48"	3692.5	0	15.8	0.133	154	7.6	4.14	37.10	6	1.42	1	2.84	35.78	37.10	36.96	400.20	377.74	21.146	29.996	26.29	37.29	499.9	1501	19	73.31	-1.48	-0.0542	0.7	-0.22	2.74	1.00	0.00	0.16	111115
85	"12:12:49"	3693.0	0	15.9	0.133	154	7.62	4.14	37.10	6	1.42	1	2.84	35.78	37.10	36.96	400.24	377.72	21.146	30.022	26.29	37.32	499.9	1501	19	73.31	-1.48	-0.0542	0.7	-0.22	2.74	1.00	0.00	0.16	111115
86	"12:12:49"	3693.5	0	15.9	0.134	154	7.65	4.14	37.10	6	1.42	1	2.84	35.78	37.10	36.96	400.26	377.68	21.147	30.053	26.29	37.36	499.9	1501	19	73.31	-1.48	-0.0542	0.7	-0.22	2.74	1.00	0.00	0.16	111115
87	"12:12:50"	3694.0	0	15.9	0.134	155	7.68	4.13	37.10	6	1.42	1	2.84	35.78	37.10	36.96	400.27	377.65	21.149	30.086	26.29	37.40	499.9	1501	19	73.31	-1.48	-0.0542	0.3	-0.22	2.74	1.00	0.00	0.16	111115
88	"12:12:50"	3694.5	0	16	0.135	155	7.71	4.13	37.10	6	1.42	1	2.84	35.78	37.10	36.96	400.28	377.63	21.149	30.122	26.29	37.44	499.9	1501	19	73.31	-1.48	-0.0542	0.3	-0.22	2.74	1.00	0.00	0.16	111115
89	"12:12:51"	3695.0	0	16	0.135	156	7.73	4.13	37.10	6	1.42	1	2.84	35.78	37.10	36.96	400.26	377.60	21.150	30.152	26.29	37.48	500.0	1501	19	73.31	-1.48	-0.0542	0.3	-0.22	2.74	1.00	0.00	0.16	111115
90	"12:12:51"	3695.5	0	16	0.136	157	7.75	4.13	37.10	6	1.42	1	2.84	35.78	37.10	36.96	400.24	377.58	21.150	30.173	26.29	37.51	500.0	1501	19	73.31	-1.48	-0.0542	0.3	-0.22	2.74	1.00	0.00	0.16	111115
"12:13:02 Coolers: Tblock -> 42.00 C"
"12:15:54 Flow: Fixed -> 500 umol/s"
"12:18:41 Flow: Fixed -> 500 umol/s"
"12:20:51 Flow: Fixed -> 500 umol/s"
"12:23:02 Flow: Fixed -> 500 umol/s"
"12:26:42 Flow: Fixed -> 500 umol/s"
"12:28:24 Flow: Fixed -> 500 umol/s"
"12:28:45 Flow: Fixed -> 500 umol/s"
91	"12:30:50"	4775.0	0	15	0.12	138	9.39	5.52	42.08	6	1.42	1	2.84	40.43	42.08	42.04	400.17	377.90	26.803	37.651	25.89	36.37	500.0	1500	36	73.3	-0.0981	-0.166	0.3	-0.22	2.74	1.00	0.00	0.16	111115
92	"12:30:50"	4775.0	0	15	0.12	138	9.39	5.52	42.08	6	1.42	1	2.84	40.43	42.08	42.04	400.17	377.90	26.803	37.651	25.89	36.37	500.0	1500	36	73.3	-0.0981	-0.166	0.3	-0.22	2.74	1.00	0.00	0.16	111115
93	"12:30:51"	4775.5	0	15	0.126	147	9.38	5.29	41.54	6	1.42	1	2.84	40.43	41.54	42.04	400.15	377.91	26.804	37.636	25.89	36.36	500.0	1500	36	73.29	-0.0981	-0.166	0.3	-0.22	2.74	1.00	0.00	0.16	111115
94	"12:30:51"	4776.0	0	15	0.133	160	9.35	5	40.84	6	1.42	1	2.84	40.43	40.84	42.04	400.11	377.92	26.805	37.607	25.89	36.33	500.0	1500	36	73.3	-0.0981	-0.166	0.3	-0.22	2.74	1.00	0.00	0.16	111115
95	"12:30:52"	4776.5	0	14.9	0.141	172	9.32	4.72	40.14	6	1.42	1	2.84	40.43	40.14	42.04	400.04	377.95	26.805	37.564	25.89	36.29	500.0	1500	36	73.29	-0.0981	-0.166	0.7	-0.22	2.74	1.00	0.00	0.16	111115
96	"12:30:52"	4777.0	0	14.9	0.15	183	9.27	4.45	39.44	6	1.42	1	2.84	40.44	39.44	42.04	400.03	377.96	26.806	37.515	25.89	36.24	500.0	1500	36	73.29	-0.0981	-0.166	0.7	-0.22	2.74	1.00	0.00	0.16	111115
97	"12:30:53"	4777.5	0	14.8	0.159	194	9.22	4.19	38.74	6	1.42	1	2.84	40.44	38.74	42.04	400.02	378.02	26.805	37.454	25.89	36.18	499.9	1500	36	73.29	-0.0981	-0.166	1.0	-0.22	2.74	1.00	0.00	0.16	111115
98	"12:30:53"	4778.0	0	14.8	0.169	204	9.16	3.93	38.05	6	1.42	1	2.84	40.44	38.05	42.04	400.04	378.09	26.807	37.389	25.89	36.11	500.0	1500	36	73.29	-0.0981	-0.166	1.0	-0.22	2.74	1.00	0.00	0.16	111115
99	"12:30:54"	4778.5	0	14.8	0.18	214	9.11	3.69	37.35	6	1.42	1	2.84	40.44	37.35	42.04	400.05	378.12	26.807	37.330	25.89	36.05	499.9	1500	36	73.29	-0.0981	-0.166	1.0	-0.22	2.74	1.00	0.00	0.16	111115
100	"12:30:54"	4779.0	0	14.8	0.193	224	9.06	3.45	36.65	6	1.42	1	2.84	40.44	36.65	42.04	400.06	378.20	26.807	37.271	25.89	35.99	499.9	1500	36	73.29	-0.0981	-0.166	1.0	-0.22	2.74	1.00	0.00	0.16	111115
101	"12:30:55"	4779.5	0	14.8	0.195	226	9	3.4	36.49	6	1.42	1	2.84	40.44	36.49	42.04	400.08	378.28	26.808	37.213	25.89	35.94	499.9	1500	36	73.29	-0.0981	-0.166	1.0	-0.22	2.74	1.00	0.00	0.16	111115
102	"12:30:55"	4780.0	0	14.8	0.194	226	8.96	3.41	36.48	6	1.42	1	2.84	40.44	36.48	42.04	400.13	378.36	26.808	37.164	25.89	35.89	499.9	1500	36	73.29	-0.0981	-0.166	0.7	-0.22	2.74	1.00	0.00	0.16	111115
103	"12:30:56"	4780.5	0	14.8	0.193	225	8.93	3.41	36.49	6	1.42	1	2.84	40.44	36.49	42.04	400.17	378.37	26.809	37.132	25.89	35.86	499.9	1500	36	73.29	-0.0981	-0.166	0.3	-0.22	2.74	1.00	0.00	0.16	111115
104	"12:30:56"	4781.0	0	14.8	0.192	225	8.92	3.41	36.50	6	1.42	1	2.84	40.44	36.50	42.04	400.19	378.43	26.808	37.117	25.89	35.84	499.9	1500	36	73.29	-0.0981	-0.166	0.3	-0.22	2.74	1.00	0.00	0.16	111115
105	"12:30:57"	4782.5	0	14.8	0.192	224	8.9	3.41	36.49	6	1.42	1	2.84	40.44	36.49	42.04	400.29	378.47	26.811	37.094	25.89	35.82	500.0	1500	36	73.3	-0.0981	-0.166	0.3	-0.22	2.74	1.00	0.00	0.16	111115
106	"12:31:27"	4812.0	0	15	0.202	229	9.26	3.38	36.48	6	1.42	1	2.84	40.45	36.48	42.03	400.11	377.92	26.833	37.528	25.90	36.23	499.9	1500	38	73.29	-0.0981	-0.166	0.7	-0.22	2.74	1.00	0.00	0.16	111115
107	"12:31:28"	4812.5	0	15	0.202	228	9.27	3.38	36.48	6	1.42	1	2.84	40.45	36.48	42.04	400.14	377.87	26.833	37.539	25.90	36.24	499.9	1500	38	73.29	-0.0981	-0.166	0.7	-0.22	2.74	1.00	0.00	0.16	111115
108	"12:31:28"	4812.5	0	15	0.202	228	9.27	3.38	36.48	6	1.42	1	2.84	40.45	36.48	42.04	400.14	377.87	26.833	37.539	25.90	36.24	499.9	1500	38	73.29	-0.0981	-0.166	0.7	-0.22	2.74	1.00	0.00	0.16	111115
109	"12:31:29"	4813.0	0	15	0.203	228	9.28	3.38	36.49	6	1.42	1	2.84	40.45	36.49	42.04	400.15	377.89	26.836	37.552	25.91	36.25	499.9	1500	38	73.29	-0.0981	-0.166	1.0	-0.22	2.74	1.00	0.00	0.16	111115
110	"12:31:29"	4813.5	0	15.1	0.203	228	9.28	3.38	36.49	6	1.42	1	2.84	40.45	36.49	42.04	400.16	377.88	26.839	37.564	25.91	36.27	499.9	1500	38	73.29	-0.0981	-0.166	1.0	-0.22	2.74	1.00	0.00	0.16	111115
111	"12:31:30"	4814.0	0	15.1	0.203	228	9.3	3.38	36.49	6	1.42	1	2.84	40.45	36.49	42.04	400.15	377.85	26.840	37.587	25.91	36.29	499.9	1500	38	73.29	-0.0981	-0.166	1.0	-0.22	2.74	1.00	0.00	0.16	111115
112	"12:31:30"	4814.5	0	15.1	0.204	229	9.33	3.38	36.49	6	1.42	1	2.84	40.45	36.49	42.04	400.16	377.83	26.841	37.614	25.91	36.31	499.9	1500	38	73.29	-0.0981	-0.166	1.0	-0.22	2.74	1.00	0.00	0.16	111115
113	"12:31:31"	4815.5	0	15.1	0.205	230	9.37	3.37	36.49	6	1.42	1	2.84	40.45	36.49	42.04	400.14	377.82	26.841	37.666	25.91	36.36	499.9	1500	38	73.29	-0.0981	-0.166	1.0	-0.22	2.74	1.00	0.00	0.16	111115
114	"12:31:31"	4816.0	0	15	0.206	230	9.4	3.37	36.49	6	1.42	1	2.84	40.45	36.49	42.04	400.13	377.82	26.842	37.697	25.91	36.39	499.9	1500	38	73.29	-0.0981	-0.166	1.0	-0.22	2.74	1.00	0.00	0.16	111115
115	"12:31:32"	4816.5	0	15	0.207	231	9.43	3.37	36.49	6	1.42	1	2.84	40.45	36.49	42.04	400.13	377.82	26.842	37.729	25.91	36.42	499.9	1500	38	73.29	-0.0981	-0.166	1.0	-0.22	2.74	1.00	0.00	0.16	111115
116	"12:31:33"	4817.0	0	15	0.208	231	9.46	3.36	36.49	6	1.42	1	2.84	40.45	36.49	42.04	400.13	377.80	26.842	37.764	25.91	36.46	499.9	1500	38	73.29	-0.0981	-0.166	0.7	-0.22	2.74	1.00	0.00	0.16	111115
117	"12:31:33"	4817.5	0	15	0.209	232	9.49	3.36	36.48	6	1.42	1	2.84	40.45	36.48	42.04	400.11	377.76	26.840	37.801	25.91	36.49	499.9	1500	38	73.29	-0.0981	-0.166	0.7	-0.22	2.74	1.00	0.00	0.16	111115
118	"12:31:34"	4818.0	0	15.1	0.21	232	9.52	3.36	36.48	6	1.42	1	2.84	40.45	36.48	42.04	400.13	377.75	26.841	37.836	25.91	36.53	500.0	1500	38	73.29	-0.0981	-0.166	0.3	-0.22	2.74	1.00	0.00	0.16	111115
119	"12:31:34"	4819.0	0	15	0.211	233	9.59	3.35	36.49	6	1.42	1	2.84	40.45	36.49	42.04	400.09	377.71	26.843	37.909	25.91	36.59	500.0	1500	38	73.29	-0.0981	-0.166	0.3	-0.22	2.74	1.00	0.00	0.16	111115
120	"12:31:35"	4819.5	0	15	0.212	234	9.61	3.35	36.49	6	1.42	1	2.84	40.45	36.49	42.04	400.06	377.70	26.842	37.941	25.91	36.62	500.0	1500	38	73.29	-0.0981	-0.166	0.3	-0.22	2.74	1.00	0.00	0.16	111115
