"OPEN 6.2.4"
"Mon Jun 22 2015 13:49:33"
<open><version>"6.2.4"</version></open>
<open><configfile>"/User/Configs/UserPrefs/2x3 LED.xml"</configfile></open>
<open><light><source>"6400-02 or -02B LED Source"</source><par_in>1<sensor>"SI-3781"<cal>-0.93<actinity>1.00</actinity><transm>1.00</transm></cal></sensor><transm>1</transm></par_in><par_out>1<sensor>"Q49599"<cal>7.26</cal></sensor></par_out></light></open>
<open><comps><file>"/User/Configs/Comps/StdComps_6.2"<header>""</header><extras></extras></file><energybal>no<f_parIn>1</f_parIn><f_parOut>0</f_parOut><alphaK>0.16</alphaK></energybal><bc_total>2.840<stomatal_ratio>1</stomatal_ratio><bc_oneside>1.420<type>2</type><table>"/Sys/Lib/StdBLCTable"</table><area>6</area><slope>-0.219565</slope><offset>2.73739</offset><fan>5</fan></bc_oneside></bc_total></comps></open>
<open><prompts><onlog>off</onlog><items>"Default (none)"</items></prompts></open>
<open><constants><oxygen>21 %</oxygen><bb_vapor>1.5</bb_vapor><bb_oxy>0.9</bb_oxy></constants></open>
<open><stability><items>"Std Stability"<items[1]><id>-2</id><size>15</size><pcv><onoff>0</onoff><value>1</value></pcv><std><onoff>0</onoff><value>1</value></std><slp><onoff>1</onoff><value>1</value></slp></items[1]><items[2]><id>-5</id><size>15</size><pcv><onoff>0</onoff><value>1</value></pcv><std><onoff>0</onoff><value>1</value></std><slp><onoff>1</onoff><value>1</value></slp></items[2]><items[3]><id>-7</id><size>15</size><pcv><onoff>0</onoff><value>1</value></pcv><std><onoff>0</onoff><value>1</value></std><slp><onoff>1</onoff><value>1</value></slp></items[3]></items></stability></open>
<open><log><format>"StdLogFmt_6.0"<items>{ -35 -21 -36 -76 30 23 36 21 25 221 -33 111 -34 11 -9 -10 -8 -1 -2 -4 -5 -14 -15 -7 -12 -13 -11 -65 -66 -72 -18 -19 -77 -78 -79 -23  }<hdr>{  }</hdr></items></format><options><beep>on</beep><hdr>normal</hdr><rem>normal</rem><stab>no</stab><stats>no<mean>no</mean><file>no</file><period>15</period></stats><excel>yes</excel><controls>yes</controls><comm>no</comm></options><datafile>"/User/stm-as6"</datafile><button><action>"Normal Log"<code>" LogOneObsManual "</code></action></button><autoprog>"/User/Configs/AutoProgs/AutoLog2"<active>no</active></autoprog></log></open>
<open><a2d><avgtime>4.0 secs</avgtime><userchans><ch20>"Off"</ch20><ch21>"Off"</ch21><ch22>"Off"</ch22><ch23>"Off"</ch23></userchans></a2d></open>
<open><matching><type>0</type><disp>'a'</disp><settings><CO2Limit>10.0</CO2Limit><H2OLimit>1.0</H2OLimit><MaxAutoTime>60</MaxAutoTime></settings></matching></open>
<li6400><factory><unit>"PSC-3840"</unit><serviced>"1 Jul 2013"</serviced><fuseaware>0</fuseaware><co2mixer>yes</co2mixer><co2><coeffs>{ 0 0.213319 2.22998e-05 2.13159e-08 -3.88664e-12 3.69888e-16  }</coeffs><dvdt>-4.7</dvdt><xs>{ 0.0009 -0.0002  }</xs></co2><h2o><coeffs>{ 0 0.00572751 2.23485e-06 -7.37877e-12  }</coeffs><dvdt>-1.7</dvdt><xs>{ 0.0009 -0.0028  }</xs></h2o><flow>{ 0 0.3568  }</flow><press>{ 88.437 0.00551  }</press></factory></li6400>
<li6400><user><flow_zero>-468.8</flow_zero><irga_zero><co2>429.7 390.6<at>17.6901</at></co2><h2o>78.1 156.2<at>17.1607</at></h2o></irga_zero><irga_span><co2>{ 0.99237 0.992833  }</co2><h2o>{ 1.00426 0.996799  }</h2o></irga_span><irga_match><co2>{ 0.368307 -0.0590754  }</co2><h2o>{ 0.00477181 0.122888  }</h2o></irga_match><co2_mixer><pump_mv>4500</pump_mv><ppm>{ 2287.2 1080.71 423.89 257.488 117.195 68.0056 44.5242 37.9628  }</ppm><mv>{ 5000 3000 1500 1000 500 300 200 100  }</mv></co2_mixer><parin_offset>0</parin_offset><led_cal><unit>"SI-3781"</unit><mv>{ 10 25 50 100 1000 2000 3000 4000 5000  }</mv><qntm>{ 4.69642 15.4417 35.4805 82.2863 972.665 1922.29 2824.32 3690.14 4518.2  }</qntm></led_cal><lcf_cal><unit>"unknown"</unit><red><mv>{ 50 100 500 1000 1500 5000  }</mv><qntm>{ 50 100 500 1000 2000 5000  }</qntm></red><blue><mv>{ 100 200 500 1000 2000 5000  }</mv><qntm>{ 10 20 50 100 200 500  }</qntm></blue></lcf_cal></user></li6400>
"13:49:35 "
$STARTOFDATA$
"Obs"	"HHMMSS"	"FTime"	"EBal?"	"Photo"	"Cond"	"Ci"	"Trmmol"	"VpdL"	"CTleaf"	"Area"	"BLC_1"	"StmRat"	"BLCond"	"Tair"	"Tleaf"	"TBlk"	"CO2R"	"CO2S"	"H2OR"	"H2OS"	"RH_R"	"RH_S"	"Flow"	"PARi"	"PARo"	"Press"	"CsMch"	"HsMch"	"StableF"	"BLCslope"	"BLCoffst"	"f_parin"	"f_parout"	"alphaK"	"Status"
"13:50:38 CO2 Mixer: CO2R -> 400 uml"
"13:50:46 Coolers: Tblock -> 22.70 C"
"13:57:16 Flow: Fixed -> 500 umol/s"
"13:57:44 Flow: Fixed -> 500 umol/s"
"14:00:10 Flow: Fixed -> 500 umol/s"
1	"14:01:40"	730.5	0	0.958	0.0106	235	0.402	2.81	28.26	6	1.42	1	2.84	24.62	28.26	22.69	400.95	399.61	13.248	13.724	32.42	33.58	499.9	1500	264	76.05	1.57	0.419	1.0	-0.22	2.74	1.00	0.00	0.16	111115
2	"14:01:41"	730.5	0	0.958	0.0106	235	0.402	2.81	28.26	6	1.42	1	2.84	24.62	28.26	22.69	400.95	399.61	13.248	13.724	32.42	33.58	499.9	1500	264	76.05	1.57	0.419	1.0	-0.22	2.74	1.00	0.00	0.16	111115
3	"14:01:41"	731.0	0	0.959	0.0106	234	0.402	2.81	28.27	6	1.42	1	2.84	24.62	28.27	22.70	400.95	399.60	13.249	13.724	32.42	33.58	499.9	1500	264	76.05	1.57	0.419	1.0	-0.22	2.74	1.00	0.00	0.16	111115
4	"14:01:42"	731.0	0	0.959	0.0106	234	0.402	2.81	28.27	6	1.42	1	2.84	24.62	28.27	22.70	400.95	399.60	13.249	13.724	32.42	33.58	499.9	1500	264	76.05	1.57	0.419	1.0	-0.22	2.74	1.00	0.00	0.16	111115
5	"14:01:42"	731.5	0	0.981	0.0106	232	0.404	2.81	28.28	6	1.42	1	2.84	24.62	28.28	22.70	400.95	399.58	13.248	13.726	32.41	33.58	499.9	1500	263	76.05	1.57	0.419	1.0	-0.22	2.74	1.00	0.00	0.16	111115
6	"14:01:43"	732.0	0	1.02	0.0107	227	0.407	2.81	28.27	6	1.42	1	2.84	24.62	28.27	22.70	400.99	399.57	13.247	13.729	32.41	33.59	499.9	1500	263	76.05	1.57	0.419	1.0	-0.22	2.74	1.00	0.00	0.16	111115
7	"14:01:43"	732.5	0	0.984	0.0107	233	0.407	2.81	28.27	6	1.42	1	2.84	24.62	28.27	22.70	400.98	399.60	13.247	13.729	32.41	33.59	499.8	1501	262	76.05	1.57	0.419	1.0	-0.22	2.74	1.00	0.00	0.16	111115
8	"14:01:44"	733.0	0	0.962	0.0107	236	0.407	2.81	28.28	6	1.42	1	2.84	24.62	28.28	22.70	400.97	399.62	13.245	13.728	32.41	33.59	499.8	1500	261	76.05	1.57	0.419	1.0	-0.22	2.74	1.00	0.00	0.16	111115
9	"14:01:44"	733.5	0	0.959	0.0107	237	0.408	2.81	28.27	6	1.42	1	2.84	24.62	28.27	22.70	400.96	399.62	13.245	13.728	32.41	33.59	499.8	1500	260	76.06	1.57	0.419	1.0	-0.22	2.74	1.00	0.00	0.16	111115
10	"14:01:45"	734.0	0	1.03	0.0108	228	0.411	2.81	28.26	6	1.42	1	2.84	24.62	28.26	22.70	401.01	399.58	13.244	13.730	32.40	33.59	499.8	1500	259	76.05	1.57	0.419	0.7	-0.22	2.74	1.00	0.00	0.16	111115
11	"14:01:45"	734.5	0	1.02	0.0109	229	0.413	2.81	28.26	6	1.42	1	2.84	24.62	28.26	22.70	401.01	399.58	13.242	13.731	32.40	33.60	499.8	1500	258	76.06	1.57	0.419	0.7	-0.22	2.74	1.00	0.00	0.16	111115
12	"14:01:46"	735.0	0	1.08	0.0109	222	0.415	2.81	28.25	6	1.42	1	2.84	24.62	28.25	22.70	401.04	399.55	13.240	13.732	32.40	33.60	499.8	1500	257	76.06	1.57	0.419	0.7	-0.22	2.74	1.00	0.00	0.16	111115
13	"14:01:46"	735.5	0	1.07	0.0109	223	0.414	2.8	28.24	6	1.42	1	2.84	24.62	28.24	22.70	401.05	399.56	13.240	13.730	32.40	33.60	499.8	1500	257	76.06	1.57	0.419	0.7	-0.22	2.74	1.00	0.00	0.16	111115
14	"14:01:47"	736.0	0	1.11	0.0109	218	0.414	2.8	28.24	6	1.42	1	2.84	24.62	28.24	22.70	401.07	399.54	13.239	13.729	32.39	33.59	499.8	1500	257	76.06	1.57	0.419	0.7	-0.22	2.74	1.00	0.00	0.16	111115
15	"14:01:47"	736.5	0	1.12	0.0109	216	0.413	2.8	28.24	6	1.42	1	2.84	24.62	28.24	22.70	401.08	399.54	13.238	13.728	32.39	33.59	499.8	1500	258	76.06	1.57	0.419	1.0	-0.22	2.74	1.00	0.00	0.16	111115
"14:02:04 Coolers: Tblock -> 28.00 C"
"14:04:06 Flow: Fixed -> 500 umol/s"
16	"14:04:47"	917.0	0	1.23	0.00963	175	0.383	2.92	30.21	6	1.42	1	2.84	28.69	30.21	27.94	399.77	398.11	17.891	18.342	34.44	35.31	499.8	1500	243	76.05	0.956	0.387	1.0	-0.22	2.74	1.00	0.00	0.16	111115
17	"14:04:47"	917.0	0	1.23	0.00963	175	0.383	2.92	30.21	6	1.42	1	2.84	28.69	30.21	27.94	399.77	398.11	17.891	18.342	34.44	35.31	499.8	1500	243	76.05	0.956	0.387	1.0	-0.22	2.74	1.00	0.00	0.16	111115
18	"14:04:48"	917.5	0	1.26	0.00963	171	0.383	2.92	30.22	6	1.42	1	2.84	28.69	30.22	27.94	399.77	398.08	17.890	18.341	34.44	35.31	499.8	1500	247	76.05	0.956	0.387	1.0	-0.22	2.74	1.00	0.00	0.16	111115
19	"14:04:48"	918.0	0	1.26	0.00965	170	0.384	2.92	30.22	6	1.42	1	2.84	28.69	30.22	27.94	399.79	398.08	17.891	18.343	34.44	35.31	499.8	1500	249	76.05	0.956	0.387	1.0	-0.22	2.74	1.00	0.00	0.16	111115
20	"14:04:49"	918.5	0	1.27	0.00966	168	0.384	2.92	30.22	6	1.42	1	2.84	28.69	30.22	27.94	399.77	398.05	17.890	18.343	34.43	35.31	499.8	1500	251	76.05	0.956	0.387	1.0	-0.22	2.74	1.00	0.00	0.16	111115
21	"14:04:49"	919.0	0	1.26	0.00964	170	0.383	2.92	30.22	6	1.42	1	2.84	28.70	30.22	27.94	399.77	398.07	17.892	18.344	34.44	35.31	499.8	1500	254	76.05	0.956	0.387	1.0	-0.22	2.74	1.00	0.00	0.16	111115
22	"14:04:50"	919.5	0	1.25	0.00965	172	0.384	2.92	30.22	6	1.42	1	2.84	28.70	30.22	27.94	399.75	398.06	17.892	18.344	34.43	35.31	499.8	1500	255	76.05	0.956	0.387	1.0	-0.22	2.74	1.00	0.00	0.16	111115
23	"14:04:50"	920.0	0	1.25	0.00964	172	0.384	2.92	30.22	6	1.42	1	2.84	28.70	30.22	27.94	399.72	398.03	17.891	18.343	34.43	35.30	499.8	1500	254	76.05	0.956	0.387	1.0	-0.22	2.74	1.00	0.00	0.16	111115
24	"14:04:51"	920.5	0	1.2	0.00961	179	0.382	2.92	30.23	6	1.42	1	2.84	28.70	30.23	27.94	399.67	398.04	17.892	18.342	34.43	35.30	499.8	1500	251	76.05	0.956	0.387	1.0	-0.22	2.74	1.00	0.00	0.16	111115
25	"14:04:51"	921.0	0	1.17	0.00953	182	0.379	2.92	30.24	6	1.42	1	2.84	28.70	30.24	27.94	399.66	398.07	17.893	18.340	34.43	35.29	499.8	1500	251	76.05	0.956	0.387	1.0	-0.22	2.74	1.00	0.00	0.16	111115
26	"14:04:52"	921.5	0	1.16	0.00943	182	0.376	2.92	30.24	6	1.42	1	2.84	28.70	30.24	27.94	399.67	398.10	17.895	18.338	34.43	35.28	499.8	1500	250	76.05	0.956	0.387	1.0	-0.22	2.74	1.00	0.00	0.16	111115
27	"14:04:52"	922.0	0	1.13	0.00933	185	0.372	2.92	30.24	6	1.42	1	2.84	28.70	30.24	27.94	399.68	398.15	17.896	18.334	34.43	35.27	499.8	1500	249	76.05	0.956	0.387	1.0	-0.22	2.74	1.00	0.00	0.16	111115
28	"14:04:53"	922.5	0	1.08	0.00924	192	0.368	2.93	30.24	6	1.42	1	2.84	28.70	30.24	27.94	399.69	398.21	17.897	18.331	34.43	35.27	499.8	1500	249	76.05	0.956	0.387	1.0	-0.22	2.74	1.00	0.00	0.16	111115
29	"14:04:53"	923.0	0	1.05	0.00919	196	0.366	2.93	30.24	6	1.42	1	2.84	28.70	30.24	27.94	399.67	398.24	17.897	18.329	34.43	35.26	499.8	1500	248	76.05	0.956	0.387	1.0	-0.22	2.74	1.00	0.00	0.16	111115
30	"14:04:54"	923.5	0	1.04	0.00911	196	0.363	2.93	30.24	6	1.42	1	2.84	28.71	30.24	27.94	399.65	398.23	17.899	18.326	34.43	35.25	499.8	1500	246	76.05	0.956	0.387	1.0	-0.22	2.74	1.00	0.00	0.16	111115
"14:05:03 Coolers: Tblock -> 33.00 C"
"14:06:28 Flow: Fixed -> 500 umol/s"
31	"14:06:44"	1034.0	0	0.908	0.00857	208	0.351	2.99	31.94	6	1.42	1	2.84	32.54	31.94	33.03	399.52	398.26	22.830	23.242	35.27	35.91	499.8	1499	254	76.05	0.99	0.331	1.0	-0.22	2.74	1.00	0.00	0.16	111115
32	"14:06:45"	1034.0	0	0.908	0.00857	208	0.351	2.99	31.94	6	1.42	1	2.84	32.54	31.94	33.03	399.52	398.26	22.830	23.242	35.27	35.91	499.8	1499	254	76.05	0.99	0.331	1.0	-0.22	2.74	1.00	0.00	0.16	111115
33	"14:06:45"	1034.5	0	0.8	0.00853	227	0.35	2.99	31.94	6	1.42	1	2.84	32.54	31.94	33.03	399.42	398.29	22.828	23.238	35.26	35.90	499.9	1499	252	76.05	0.99	0.331	1.0	-0.22	2.74	1.00	0.00	0.16	111115
34	"14:06:46"	1035.0	0	0.736	0.00847	238	0.347	2.99	31.95	6	1.42	1	2.84	32.54	31.95	33.03	399.35	398.30	22.826	23.234	35.25	35.88	499.8	1499	251	76.05	0.99	0.331	1.0	-0.22	2.74	1.00	0.00	0.16	111115
35	"14:06:46"	1035.5	0	0.72	0.00851	242	0.349	2.99	31.95	6	1.42	1	2.84	32.55	31.95	33.03	399.33	398.30	22.824	23.234	35.24	35.87	499.8	1499	250	76.05	0.99	0.331	1.0	-0.22	2.74	1.00	0.00	0.16	111115
36	"14:06:47"	1036.0	0	0.712	0.00857	244	0.352	3	31.96	6	1.42	1	2.84	32.55	31.96	33.03	399.34	398.32	22.821	23.234	35.23	35.87	499.8	1499	250	76.05	0.99	0.331	1.0	-0.22	2.74	1.00	0.00	0.16	111115
37	"14:06:48"	1037.0	0	0.77	0.00874	236	0.359	3	31.96	6	1.42	1	2.84	32.56	31.96	33.03	399.41	398.32	22.816	23.238	35.21	35.86	499.9	1499	251	76.05	0.99	0.331	1.0	-0.22	2.74	1.00	0.00	0.16	111115
38	"14:06:48"	1037.5	0	0.807	0.00884	231	0.363	3	31.97	6	1.42	1	2.84	32.56	31.97	33.03	399.45	398.31	22.815	23.240	35.20	35.86	499.9	1499	251	76.05	0.99	0.331	1.0	-0.22	2.74	1.00	0.00	0.16	111115
39	"14:06:49"	1038.0	0	0.86	0.00893	223	0.367	3	31.98	6	1.42	1	2.84	32.56	31.98	33.03	399.51	398.30	22.812	23.243	35.19	35.86	499.9	1499	251	76.05	0.99	0.331	1.0	-0.22	2.74	1.00	0.00	0.16	111115
40	"14:06:49"	1038.5	0	0.897	0.00897	217	0.369	3	31.98	6	1.42	1	2.84	32.57	31.98	33.03	399.51	398.26	22.811	23.243	35.18	35.85	499.9	1499	251	76.05	0.99	0.331	1.0	-0.22	2.74	1.00	0.00	0.16	111115
41	"14:06:50"	1039.0	0	0.896	0.00905	219	0.372	3	31.98	6	1.42	1	2.84	32.57	31.98	33.03	399.51	398.26	22.810	23.247	35.18	35.85	499.9	1499	252	76.05	0.99	0.331	0.7	-0.22	2.74	1.00	0.00	0.16	111115
42	"14:06:51"	1039.5	0	0.916	0.00906	216	0.373	3	31.99	6	1.42	1	2.84	32.57	31.99	33.03	399.51	398.23	22.810	23.246	35.17	35.84	499.9	1499	252	76.05	0.99	0.331	0.7	-0.22	2.74	1.00	0.00	0.16	111115
43	"14:06:51"	1040.5	0	0.9	0.00905	218	0.373	3.01	32.00	6	1.42	1	2.84	32.58	32.00	33.03	399.47	398.21	22.806	23.243	35.15	35.83	499.9	1499	248	76.05	0.99	0.331	0.7	-0.22	2.74	1.00	0.00	0.16	111115
44	"14:06:52"	1041.0	0	0.876	0.00898	221	0.37	3.01	32.01	6	1.42	1	2.84	32.58	32.01	33.03	399.48	398.25	22.807	23.242	35.15	35.82	499.9	1499	248	76.05	0.99	0.331	0.7	-0.22	2.74	1.00	0.00	0.16	111115
45	"14:06:52"	1041.5	0	0.894	0.00895	218	0.369	3.01	32.01	6	1.42	1	2.84	32.58	32.01	33.03	399.48	398.23	22.807	23.239	35.14	35.81	499.9	1499	247	76.05	0.99	0.331	0.7	-0.22	2.74	1.00	0.00	0.16	111115
"14:07:02 Coolers: Tblock -> 38.00 C"
"14:09:04 Flow: Fixed -> 500 umol/s"
46	"14:09:22"	1193.0	0	0.825	0.0083	216	0.389	3.39	34.67	6	1.42	1	2.84	36.91	34.67	38.10	400.04	398.86	27.840	28.294	33.74	34.29	499.9	1500	255	76.05	0.754	0.274	1.0	-0.22	2.74	1.00	0.00	0.16	111115
47	"14:09:23"	1193.0	0	0.825	0.0083	216	0.389	3.39	34.67	6	1.42	1	2.84	36.91	34.67	38.10	400.04	398.86	27.840	28.294	33.74	34.29	499.9	1500	255	76.05	0.754	0.274	1.0	-0.22	2.74	1.00	0.00	0.16	111115
48	"14:09:23"	1193.0	0	0.825	0.0083	216	0.389	3.39	34.67	6	1.42	1	2.84	36.91	34.67	38.10	400.04	398.86	27.840	28.294	33.74	34.29	499.9	1500	255	76.05	0.754	0.274	1.0	-0.22	2.74	1.00	0.00	0.16	111115
49	"14:09:23"	1193.5	0	0.871	0.00826	207	0.387	3.39	34.67	6	1.42	1	2.84	36.92	34.67	38.10	400.06	398.83	27.840	28.291	33.73	34.28	499.9	1500	255	76.05	0.754	0.274	1.0	-0.22	2.74	1.00	0.00	0.16	111115
50	"14:09:24"	1194.0	0	0.841	0.00827	213	0.388	3.4	34.67	6	1.42	1	2.84	36.92	34.67	38.10	400.03	398.84	27.839	28.291	33.73	34.27	499.9	1500	255	76.05	0.754	0.274	1.0	-0.22	2.74	1.00	0.00	0.16	111115
51	"14:09:24"	1194.5	0	0.822	0.00826	216	0.387	3.4	34.68	6	1.42	1	2.84	36.92	34.68	38.10	400.00	398.83	27.838	28.289	33.72	34.27	499.9	1500	255	76.05	0.754	0.274	1.0	-0.22	2.74	1.00	0.00	0.16	111115
52	"14:09:25"	1195.0	0	0.773	0.00827	225	0.388	3.4	34.68	6	1.42	1	2.84	36.92	34.68	38.10	399.98	398.86	27.838	28.290	33.71	34.26	499.9	1500	255	76.05	0.754	0.274	1.0	-0.22	2.74	1.00	0.00	0.16	111115
53	"14:09:25"	1195.5	0	0.747	0.00826	230	0.388	3.4	34.68	6	1.42	1	2.84	36.93	34.68	38.10	399.93	398.84	27.836	28.288	33.71	34.25	499.9	1500	255	76.05	0.754	0.274	1.0	-0.22	2.74	1.00	0.00	0.16	111115
54	"14:09:26"	1196.0	0	0.755	0.00822	228	0.386	3.4	34.68	6	1.42	1	2.84	36.93	34.68	38.10	399.89	398.80	27.836	28.286	33.70	34.25	499.9	1500	255	76.05	0.754	0.274	1.0	-0.22	2.74	1.00	0.00	0.16	111115
55	"14:09:26"	1196.5	0	0.739	0.00824	231	0.387	3.4	34.69	6	1.42	1	2.84	36.93	34.69	38.10	399.84	398.77	27.834	28.286	33.70	34.24	499.9	1500	254	76.05	0.754	0.274	1.0	-0.22	2.74	1.00	0.00	0.16	111115
56	"14:09:27"	1197.0	0	0.685	0.00828	242	0.389	3.4	34.69	6	1.42	1	2.84	36.93	34.69	38.10	399.74	398.73	27.831	28.284	33.69	34.24	499.8	1500	254	76.05	0.754	0.274	1.0	-0.22	2.74	1.00	0.00	0.16	111115
57	"14:09:28"	1197.5	0	0.68	0.00831	243	0.391	3.4	34.69	6	1.42	1	2.84	36.94	34.69	38.10	399.69	398.69	27.829	28.285	33.68	34.23	499.8	1500	254	76.05	0.754	0.274	1.0	-0.22	2.74	1.00	0.00	0.16	111115
58	"14:09:28"	1198.5	0	0.764	0.0083	227	0.39	3.41	34.71	6	1.42	1	2.84	36.94	34.71	38.10	399.75	398.65	27.829	28.284	33.67	34.22	499.8	1500	254	76.05	0.754	0.274	0.7	-0.22	2.74	1.00	0.00	0.16	111115
59	"14:09:29"	1199.0	0	0.791	0.00827	222	0.389	3.41	34.71	6	1.42	1	2.84	36.94	34.71	38.10	399.75	398.61	27.828	28.282	33.67	34.22	499.8	1500	253	76.05	0.754	0.274	0.7	-0.22	2.74	1.00	0.00	0.16	111115
60	"14:09:29"	1199.5	0	0.821	0.00828	216	0.39	3.41	34.71	6	1.42	1	2.84	36.95	34.71	38.10	399.78	398.61	27.828	28.283	33.67	34.22	499.8	1500	253	76.05	0.754	0.274	0.7	-0.22	2.74	1.00	0.00	0.16	111115
"14:09:49 Coolers: Tblock -> 43.00 C"
"14:15:15 Flow: Fixed -> 500 umol/s"
61	"14:15:40"	1571.0	0	0.418	0.0043	215	0.252	4.18	38.72	6	1.42	1	2.84	41.64	38.72	42.98	400.18	399.56	35.763	36.055	33.61	33.88	499.9	1500	240	76.03	2.08	0.25	1.0	-0.22	2.74	1.00	0.00	0.16	111115
62	"14:15:41"	1571.0	0	0.418	0.0043	215	0.252	4.18	38.72	6	1.42	1	2.84	41.64	38.72	42.98	400.18	399.56	35.763	36.055	33.61	33.88	499.9	1500	240	76.03	2.08	0.25	1.0	-0.22	2.74	1.00	0.00	0.16	111115
63	"14:15:41"	1571.5	0	0.432	0.00429	210	0.252	4.18	38.73	6	1.42	1	2.84	41.64	38.73	42.98	400.20	399.56	35.762	36.053	33.61	33.88	499.9	1500	233	76.03	2.08	0.25	1.0	-0.22	2.74	1.00	0.00	0.16	111115
64	"14:15:42"	1572.0	0	0.434	0.00426	208	0.25	4.18	38.73	6	1.42	1	2.84	41.65	38.73	42.98	400.25	399.60	35.763	36.053	33.61	33.88	499.8	1500	230	76.03	2.08	0.25	1.0	-0.22	2.74	1.00	0.00	0.16	111115
65	"14:15:42"	1572.5	0	0.449	0.00427	203	0.251	4.18	38.73	6	1.42	1	2.84	41.65	38.73	42.98	400.25	399.60	35.764	36.054	33.60	33.88	499.9	1500	227	76.03	2.08	0.25	1.0	-0.22	2.74	1.00	0.00	0.16	111115
66	"14:15:43"	1573.0	0	0.429	0.00427	210	0.251	4.18	38.72	6	1.42	1	2.84	41.65	38.72	42.98	400.25	399.62	35.766	36.056	33.60	33.88	499.9	1500	224	76.03	2.08	0.25	1.0	-0.22	2.74	1.00	0.00	0.16	111115
67	"14:15:43"	1573.5	0	0.359	0.00425	234	0.249	4.18	38.72	6	1.42	1	2.84	41.65	38.72	42.98	400.21	399.66	35.765	36.054	33.60	33.87	499.9	1500	223	76.03	2.08	0.25	1.0	-0.22	2.74	1.00	0.00	0.16	111115
68	"14:15:44"	1574.0	0	0.332	0.00425	244	0.249	4.18	38.73	6	1.42	1	2.84	41.65	38.73	42.98	400.21	399.69	35.766	36.054	33.60	33.87	499.9	1500	223	76.03	2.08	0.25	1.0	-0.22	2.74	1.00	0.00	0.16	111115
69	"14:15:44"	1574.5	0	0.339	0.00425	242	0.25	4.18	38.73	6	1.42	1	2.84	41.65	38.73	42.98	400.21	399.69	35.765	36.054	33.60	33.87	499.9	1500	219	76.03	2.08	0.25	1.0	-0.22	2.74	1.00	0.00	0.16	111115
70	"14:15:45"	1575.0	0	0.327	0.00424	246	0.249	4.18	38.73	6	1.42	1	2.84	41.65	38.73	42.98	400.21	399.70	35.766	36.054	33.60	33.87	499.9	1500	218	76.03	2.08	0.25	1.0	-0.22	2.74	1.00	0.00	0.16	111115
71	"14:15:46"	1575.5	0	0.291	0.00424	259	0.249	4.18	38.73	6	1.42	1	2.84	41.65	38.73	42.98	400.17	399.70	35.767	36.055	33.60	33.87	499.9	1500	221	76.03	2.08	0.25	1.0	-0.22	2.74	1.00	0.00	0.16	111115
72	"14:15:46"	1576.0	0	0.272	0.00426	266	0.25	4.18	38.73	6	1.42	1	2.84	41.65	38.73	42.98	400.13	399.68	35.768	36.057	33.60	33.87	499.9	1500	220	76.03	2.08	0.25	1.0	-0.22	2.74	1.00	0.00	0.16	111115
73	"14:15:47"	1577.0	0	0.254	0.00425	272	0.249	4.19	38.74	6	1.42	1	2.84	41.65	38.74	42.98	400.05	399.63	35.765	36.054	33.60	33.87	499.9	1500	219	76.03	2.08	0.25	1.0	-0.22	2.74	1.00	0.00	0.16	111115
74	"14:15:47"	1577.5	0	0.284	0.00422	261	0.248	4.19	38.74	6	1.42	1	2.84	41.65	38.74	42.98	400.04	399.58	35.768	36.055	33.60	33.87	499.9	1500	214	76.03	2.08	0.25	1.0	-0.22	2.74	1.00	0.00	0.16	111115
75	"14:15:48"	1578.0	0	0.3	0.00425	256	0.249	4.19	38.74	6	1.42	1	2.84	41.65	38.74	42.98	400.02	399.54	35.766	36.055	33.60	33.87	500.0	1500	212	76.03	2.08	0.25	1.0	-0.22	2.74	1.00	0.00	0.16	111115
