"OPEN 6.2.4"
"Thr Jun 25 2015 09:43:10"
<open><version>"6.2.4"</version></open>
<open><configfile>"/User/Configs/UserPrefs/2x3 LED.xml"</configfile></open>
<open><light><source>"6400-02 or -02B LED Source"</source><par_in>1<sensor>"SI-3781"<cal>-0.93<actinity>1.00</actinity><transm>1.00</transm></cal></sensor><transm>1</transm></par_in><par_out>1<sensor>"Q49599"<cal>7.26</cal></sensor></par_out></light></open>
<open><comps><file>"/User/Configs/Comps/StdComps_6.2"<header>""</header><extras></extras></file><energybal>no<f_parIn>1</f_parIn><f_parOut>0</f_parOut><alphaK>0.16</alphaK></energybal><bc_total>2.840<stomatal_ratio>1</stomatal_ratio><bc_oneside>1.420<type>2</type><table>"/Sys/Lib/StdBLCTable"</table><area>6</area><slope>-0.219565</slope><offset>2.73739</offset><fan>5</fan></bc_oneside></bc_total></comps></open>
<open><prompts><onlog>off</onlog><items>"Default (none)"</items></prompts></open>
<open><constants><oxygen>21 %</oxygen><bb_vapor>1.5</bb_vapor><bb_oxy>0.9</bb_oxy></constants></open>
<open><stability><items>"Std Stability"<items[1]><id>-2</id><size>15</size><pcv><onoff>0</onoff><value>1</value></pcv><std><onoff>0</onoff><value>1</value></std><slp><onoff>1</onoff><value>1</value></slp></items[1]><items[2]><id>-5</id><size>15</size><pcv><onoff>0</onoff><value>1</value></pcv><std><onoff>0</onoff><value>1</value></std><slp><onoff>1</onoff><value>1</value></slp></items[2]><items[3]><id>-7</id><size>15</size><pcv><onoff>0</onoff><value>1</value></pcv><std><onoff>0</onoff><value>1</value></std><slp><onoff>1</onoff><value>1</value></slp></items[3]></items></stability></open>
<open><log><format>"StdLogFmt_6.0"<items>{ -35 -21 -36 -76 30 23 36 21 25 221 -33 111 -34 11 -9 -10 -8 -1 -2 -4 -5 -14 -15 -7 -12 -13 -11 -65 -66 -72 -18 -19 -77 -78 -79 -23  }<hdr>{  }</hdr></items></format><options><beep>on</beep><hdr>normal</hdr><rem>normal</rem><stab>no</stab><stats>no<mean>no</mean><file>no</file><period>15</period></stats><excel>yes</excel><controls>yes</controls><comm>no</comm></options><datafile>"/User/stm-rcup1"</datafile><button><action>"Normal Log"<code>" LogOneObsManual "</code></action></button><autoprog>"/User/Configs/AutoProgs/AutoLog2"<active>no</active></autoprog></log></open>
<open><a2d><avgtime>4.0 secs</avgtime><userchans><ch20>"Off"</ch20><ch21>"Off"</ch21><ch22>"Off"</ch22><ch23>"Off"</ch23></userchans></a2d></open>
<open><matching><type>0</type><disp>'a'</disp><settings><CO2Limit>10.0</CO2Limit><H2OLimit>1.0</H2OLimit><MaxAutoTime>60</MaxAutoTime></settings></matching></open>
<li6400><factory><unit>"PSC-3840"</unit><serviced>"1 Jul 2013"</serviced><fuseaware>0</fuseaware><co2mixer>yes</co2mixer><co2><coeffs>{ 0 0.213319 2.22998e-05 2.13159e-08 -3.88664e-12 3.69888e-16  }</coeffs><dvdt>-4.7</dvdt><xs>{ 0.0009 -0.0002  }</xs></co2><h2o><coeffs>{ 0 0.00572751 2.23485e-06 -7.37877e-12  }</coeffs><dvdt>-1.7</dvdt><xs>{ 0.0009 -0.0028  }</xs></h2o><flow>{ 0 0.3568  }</flow><press>{ 88.437 0.00551  }</press></factory></li6400>
<li6400><user><flow_zero>-468.8</flow_zero><irga_zero><co2>429.7 390.6<at>17.6901</at></co2><h2o>78.1 156.2<at>17.1607</at></h2o></irga_zero><irga_span><co2>{ 0.99237 0.992833  }</co2><h2o>{ 1.00426 0.996799  }</h2o></irga_span><irga_match><co2>{ 0.368307 -0.829518  }</co2><h2o>{ 0.00477181 -0.253503  }</h2o></irga_match><co2_mixer><pump_mv>4500</pump_mv><ppm>{ 2287.2 1080.71 423.89 257.488 117.195 68.0056 44.5242 37.9628  }</ppm><mv>{ 5000 3000 1500 1000 500 300 200 100  }</mv></co2_mixer><parin_offset>0</parin_offset><led_cal><unit>"SI-3781"</unit><mv>{ 10 25 50 100 1000 2000 3000 4000 5000  }</mv><qntm>{ 4.69642 15.4417 35.4805 82.2863 972.665 1922.29 2824.32 3690.14 4518.2  }</qntm></led_cal><lcf_cal><unit>"unknown"</unit><red><mv>{ 50 100 500 1000 1500 5000  }</mv><qntm>{ 50 100 500 1000 2000 5000  }</qntm></red><blue><mv>{ 100 200 500 1000 2000 5000  }</mv><qntm>{ 10 20 50 100 200 500  }</qntm></blue></lcf_cal></user></li6400>
"09:43:11 "
$STARTOFDATA$
"Obs"	"HHMMSS"	"FTime"	"EBal?"	"Photo"	"Cond"	"Ci"	"Trmmol"	"VpdL"	"CTleaf"	"Area"	"BLC_1"	"StmRat"	"BLCond"	"Tair"	"Tleaf"	"TBlk"	"CO2R"	"CO2S"	"H2OR"	"H2OS"	"RH_R"	"RH_S"	"Flow"	"PARi"	"PARo"	"Press"	"CsMch"	"HsMch"	"StableF"	"BLCslope"	"BLCoffst"	"f_parin"	"f_parout"	"alphaK"	"Status"
"09:46:14 CO2 Mixer: CO2R -> 400 uml"
"09:46:21 Coolers: Tblock -> 0.00 C"
"09:46:28 Lamp: ParIn ->  1500 uml"
"09:59:14 Coolers: Tblock -> 4.47 C"
"10:00:01 Flow: Fixed -> 500 umol/s"
1	"10:01:34"	1115.5	0	11.4	0.277	308	3.45	0.992	11.24	6	1.42	1	2.84	6.73	11.24	4.54	401.59	386.33	0.606	4.725	4.50	35.12	500.0	1500	68	73.37	-3.67	0.208	1.0	-0.22	2.74	1.00	0.00	0.16	111115
2	"10:01:35"	1115.5	0	11.4	0.277	308	3.45	0.992	11.24	6	1.42	1	2.84	6.73	11.24	4.54	401.59	386.33	0.606	4.725	4.50	35.12	500.0	1500	68	73.37	-3.67	0.208	1.0	-0.22	2.74	1.00	0.00	0.16	111115
3	"10:01:35"	1116.0	0	11.4	0.277	308	3.45	0.991	11.24	6	1.42	1	2.84	6.73	11.24	4.54	401.63	386.36	0.604	4.728	4.49	35.14	500.0	1500	68	73.37	-3.67	0.208	1.0	-0.22	2.74	1.00	0.00	0.16	111115
4	"10:01:36"	1116.5	0	11.4	0.277	308	3.45	0.992	11.23	6	1.42	1	2.84	6.73	11.23	4.54	401.64	386.40	0.604	4.722	4.49	35.09	500.0	1500	69	73.37	-3.67	0.208	1.0	-0.22	2.74	1.00	0.00	0.16	111115
5	"10:01:36"	1117.0	0	11.5	0.277	307	3.45	0.992	11.23	6	1.42	1	2.84	6.73	11.23	4.54	401.68	386.30	0.602	4.723	4.48	35.10	500.0	1500	69	73.37	-3.67	0.208	1.0	-0.22	2.74	1.00	0.00	0.16	111115
6	"10:01:37"	1117.5	0	11.4	0.277	308	3.45	0.992	11.23	6	1.42	1	2.84	6.73	11.23	4.54	401.62	386.34	0.602	4.722	4.47	35.09	499.9	1500	69	73.37	-3.67	0.208	1.0	-0.22	2.74	1.00	0.00	0.16	111115
7	"10:01:37"	1118.0	0	11.4	0.276	307	3.44	0.992	11.23	6	1.42	1	2.84	6.73	11.23	4.54	401.53	386.26	0.602	4.716	4.47	35.05	500.0	1500	68	73.37	-3.67	0.208	1.0	-0.22	2.74	1.00	0.00	0.16	111115
8	"10:01:38"	1118.5	0	11.3	0.277	308	3.45	0.992	11.23	6	1.42	1	2.84	6.73	11.23	4.54	401.35	386.20	0.601	4.717	4.46	35.05	500.0	1500	68	73.37	-3.67	0.208	1.0	-0.22	2.74	1.00	0.00	0.16	111115
9	"10:01:38"	1119.0	0	11.1	0.276	309	3.44	0.992	11.23	6	1.42	1	2.84	6.73	11.23	4.54	401.11	386.19	0.601	4.713	4.47	35.03	500.0	1500	69	73.37	-3.67	0.208	1.0	-0.22	2.74	1.00	0.00	0.16	111115
10	"10:01:39"	1119.5	0	11.1	0.277	309	3.45	0.992	11.23	6	1.42	1	2.84	6.73	11.23	4.54	400.95	386.02	0.599	4.715	4.45	35.04	500.0	1500	69	73.37	-3.67	0.208	1.0	-0.22	2.74	1.00	0.00	0.16	111115
11	"10:01:39"	1120.0	0	10.9	0.277	310	3.45	0.992	11.23	6	1.42	1	2.84	6.73	11.23	4.54	400.69	386.01	0.599	4.714	4.45	35.04	500.0	1500	69	73.37	-3.67	0.208	1.0	-0.22	2.74	1.00	0.00	0.16	111115
12	"10:01:40"	1120.5	0	10.9	0.277	310	3.45	0.992	11.23	6	1.42	1	2.84	6.73	11.23	4.54	400.52	385.86	0.598	4.714	4.44	35.04	500.1	1500	69	73.37	-3.67	0.208	1.0	-0.22	2.74	1.00	0.00	0.16	111115
13	"10:01:40"	1121.5	0	10.8	0.277	311	3.45	0.992	11.23	6	1.42	1	2.84	6.73	11.23	4.54	400.20	385.69	0.596	4.713	4.43	35.03	500.1	1500	69	73.37	-3.67	0.208	0.7	-0.22	2.74	1.00	0.00	0.16	111115
14	"10:01:41"	1122.0	0	10.8	0.277	310	3.45	0.992	11.23	6	1.42	1	2.84	6.73	11.23	4.54	400.10	385.52	0.595	4.716	4.42	35.05	500.1	1500	69	73.37	-3.67	0.208	0.7	-0.22	2.74	1.00	0.00	0.16	111115
15	"10:01:41"	1122.5	0	10.7	0.277	311	3.45	0.992	11.23	6	1.42	1	2.84	6.72	11.23	4.54	399.98	385.60	0.594	4.714	4.42	35.04	500.1	1500	69	73.37	-3.67	0.208	0.7	-0.22	2.74	1.00	0.00	0.16	111115
"10:01:49 Coolers: Tblock -> 9.00 C"
"10:04:34 Flow: Fixed -> 500 umol/s"
"10:05:39 Flow: Fixed -> 500 umol/s"
16	"10:06:24"	1405.0	0	11.5	0.255	299	3.43	1.06	13.13	6	1.42	1	2.84	10.26	13.13	9.04	399.93	384.52	2.126	6.215	12.44	36.36	500.0	1499	81	73.36	-3.69	0.21	1.0	-0.22	2.74	1.00	0.00	0.16	111115
17	"10:06:24"	1405.0	0	11.5	0.255	299	3.43	1.06	13.13	6	1.42	1	2.84	10.26	13.13	9.04	399.93	384.52	2.126	6.215	12.44	36.36	500.0	1499	81	73.36	-3.69	0.21	1.0	-0.22	2.74	1.00	0.00	0.16	111115
18	"10:06:24"	1405.5	0	11.5	0.255	299	3.43	1.06	13.13	6	1.42	1	2.84	10.26	13.13	9.04	399.96	384.54	2.126	6.215	12.44	36.36	499.9	1499	81	73.36	-3.69	0.21	1.0	-0.22	2.74	1.00	0.00	0.16	111115
19	"10:06:25"	1406.0	0	11.5	0.255	299	3.43	1.06	13.13	6	1.42	1	2.84	10.26	13.13	9.04	399.93	384.51	2.126	6.213	12.44	36.35	499.9	1499	81	73.36	-3.69	0.21	1.0	-0.22	2.74	1.00	0.00	0.16	111115
20	"10:06:25"	1406.5	0	11.5	0.255	299	3.43	1.06	13.13	6	1.42	1	2.84	10.26	13.13	9.04	399.92	384.49	2.126	6.212	12.44	36.34	499.9	1499	80	73.36	-3.69	0.21	1.0	-0.22	2.74	1.00	0.00	0.16	111115
21	"10:06:26"	1407.0	0	11.6	0.255	298	3.42	1.06	13.13	6	1.42	1	2.84	10.26	13.13	9.04	399.92	384.46	2.126	6.211	12.44	36.34	499.9	1499	80	73.37	-3.69	0.21	1.0	-0.22	2.74	1.00	0.00	0.16	111115
22	"10:06:26"	1407.5	0	11.5	0.255	298	3.42	1.06	13.13	6	1.42	1	2.84	10.26	13.13	9.04	399.88	384.45	2.125	6.210	12.43	36.33	499.8	1499	80	73.37	-3.69	0.21	1.0	-0.22	2.74	1.00	0.00	0.16	111115
23	"10:06:27"	1408.0	0	11.5	0.255	298	3.42	1.06	13.13	6	1.42	1	2.84	10.26	13.13	9.04	399.86	384.44	2.125	6.208	12.43	36.32	499.9	1499	81	73.37	-3.69	0.21	1.0	-0.22	2.74	1.00	0.00	0.16	111115
24	"10:06:27"	1408.5	0	11.5	0.255	299	3.42	1.06	13.13	6	1.42	1	2.84	10.26	13.13	9.04	399.84	384.43	2.123	6.207	12.42	36.31	499.9	1499	81	73.37	-3.69	0.21	1.0	-0.22	2.74	1.00	0.00	0.16	111115
25	"10:06:28"	1409.0	0	11.5	0.255	299	3.42	1.06	13.12	6	1.42	1	2.84	10.26	13.12	9.04	399.80	384.45	2.122	6.205	12.41	36.30	499.9	1499	80	73.37	-3.69	0.21	1.0	-0.22	2.74	1.00	0.00	0.16	111115
26	"10:06:28"	1409.5	0	11.5	0.254	299	3.42	1.06	13.12	6	1.42	1	2.84	10.26	13.12	9.04	399.83	384.46	2.121	6.201	12.40	36.28	499.9	1499	81	73.37	-3.69	0.21	1.0	-0.22	2.74	1.00	0.00	0.16	111115
27	"10:06:29"	1410.0	0	11.5	0.255	298	3.42	1.06	13.12	6	1.42	1	2.84	10.26	13.12	9.04	399.89	384.46	2.119	6.200	12.39	36.27	500.0	1499	81	73.36	-3.69	0.21	1.0	-0.22	2.74	1.00	0.00	0.16	111115
28	"10:06:29"	1410.5	0	11.6	0.254	298	3.42	1.06	13.12	6	1.42	1	2.84	10.26	13.12	9.04	399.93	384.48	2.117	6.198	12.39	36.25	500.0	1499	81	73.36	-3.69	0.21	1.0	-0.22	2.74	1.00	0.00	0.16	111115
29	"10:06:30"	1411.0	0	11.5	0.254	299	3.42	1.06	13.12	6	1.42	1	2.84	10.26	13.12	9.04	399.96	384.54	2.117	6.197	12.38	36.25	500.0	1499	81	73.36	-3.69	0.21	1.0	-0.22	2.74	1.00	0.00	0.16	111115
30	"10:06:31"	1411.5	0	11.5	0.255	299	3.42	1.06	13.12	6	1.42	1	2.84	10.26	13.12	9.04	399.97	384.57	2.115	6.197	12.37	36.25	500.0	1499	81	73.37	-3.69	0.21	1.0	-0.22	2.74	1.00	0.00	0.16	111115
"10:06:37 Coolers: Tblock -> 14.00 C"
"10:09:45 Flow: Fixed -> 500 umol/s"
"10:13:09 Flow: Fixed -> 500 umol/s"
31	"10:14:40"	1902.0	0	12.1	0.226	283	3.6	1.24	16.18	6	1.42	1	2.84	14.62	16.18	14.11	400.06	383.84	3.948	8.232	17.34	36.16	499.9	1499	101	73.37	-3.47	0.215	1.0	-0.22	2.74	1.00	0.00	0.16	111115
32	"10:14:41"	1902.5	0	12.1	0.226	283	3.6	1.24	16.17	6	1.42	1	2.84	14.62	16.17	14.11	400.04	383.81	3.952	8.235	17.36	36.17	499.9	1499	101	73.37	-3.47	0.215	1.0	-0.22	2.74	1.00	0.00	0.16	111115
33	"10:14:41"	1902.5	0	12.1	0.226	283	3.6	1.24	16.17	6	1.42	1	2.84	14.62	16.17	14.11	400.04	383.81	3.952	8.235	17.36	36.17	499.9	1499	101	73.37	-3.47	0.215	1.0	-0.22	2.74	1.00	0.00	0.16	111115
34	"10:14:42"	1903.0	0	12.1	0.226	283	3.6	1.24	16.17	6	1.42	1	2.84	14.62	16.17	14.11	400.03	383.81	3.955	8.239	17.37	36.19	499.9	1499	101	73.37	-3.47	0.215	1.0	-0.22	2.74	1.00	0.00	0.16	111115
35	"10:14:42"	1903.5	0	12.1	0.226	283	3.6	1.24	16.17	6	1.42	1	2.84	14.62	16.17	14.11	399.99	383.79	3.958	8.243	17.39	36.21	499.9	1499	101	73.37	-3.47	0.215	1.0	-0.22	2.74	1.00	0.00	0.16	111115
36	"10:14:43"	1904.0	0	12.1	0.226	283	3.6	1.24	16.17	6	1.42	1	2.84	14.62	16.17	14.11	399.99	383.76	3.960	8.248	17.40	36.23	499.9	1499	101	73.37	-3.47	0.215	1.0	-0.22	2.74	1.00	0.00	0.16	111115
37	"10:14:43"	1904.5	0	12.2	0.227	283	3.6	1.24	16.17	6	1.42	1	2.84	14.62	16.17	14.11	399.96	383.71	3.963	8.253	17.41	36.25	499.9	1499	101	73.37	-3.47	0.215	1.0	-0.22	2.74	1.00	0.00	0.16	111115
38	"10:14:44"	1905.0	0	12.2	0.227	283	3.61	1.24	16.17	6	1.42	1	2.84	14.62	16.17	14.11	399.93	383.67	3.964	8.258	17.41	36.27	500.0	1499	101	73.37	-3.47	0.215	1.0	-0.22	2.74	1.00	0.00	0.16	111115
39	"10:14:44"	1905.5	0	12.1	0.227	283	3.61	1.24	16.17	6	1.42	1	2.84	14.62	16.17	14.11	399.91	383.67	3.966	8.262	17.42	36.29	500.0	1499	101	73.37	-3.47	0.215	1.0	-0.22	2.74	1.00	0.00	0.16	111115
40	"10:14:45"	1906.0	0	12.1	0.227	284	3.61	1.24	16.17	6	1.42	1	2.84	14.62	16.17	14.11	399.89	383.70	3.967	8.267	17.42	36.31	500.0	1500	101	73.37	-3.47	0.215	1.0	-0.22	2.74	1.00	0.00	0.16	111115
41	"10:14:45"	1906.5	0	12	0.227	284	3.61	1.24	16.17	6	1.42	1	2.84	14.63	16.17	14.11	399.88	383.75	3.967	8.268	17.42	36.31	500.0	1500	101	73.37	-3.47	0.215	1.0	-0.22	2.74	1.00	0.00	0.16	111115
42	"10:14:46"	1907.0	0	12.1	0.227	284	3.61	1.24	16.17	6	1.42	1	2.84	14.63	16.17	14.11	399.94	383.76	3.966	8.268	17.42	36.31	500.0	1500	101	73.37	-3.47	0.215	1.0	-0.22	2.74	1.00	0.00	0.16	111115
43	"10:14:46"	1907.5	0	12.1	0.227	284	3.61	1.24	16.17	6	1.42	1	2.84	14.63	16.17	14.11	399.98	383.78	3.967	8.268	17.42	36.31	500.0	1499	101	73.37	-3.47	0.215	1.0	-0.22	2.74	1.00	0.00	0.16	111115
44	"10:14:47"	1908.0	0	12	0.227	284	3.61	1.24	16.17	6	1.42	1	2.84	14.63	16.17	14.11	399.96	383.85	3.968	8.266	17.43	36.30	500.0	1499	101	73.37	-3.47	0.215	1.0	-0.22	2.74	1.00	0.00	0.16	111115
45	"10:14:47"	1908.5	0	12	0.227	285	3.61	1.24	16.17	6	1.42	1	2.84	14.63	16.17	14.11	399.93	383.88	3.968	8.266	17.43	36.30	500.0	1500	101	73.37	-3.47	0.215	1.0	-0.22	2.74	1.00	0.00	0.16	111115
"10:14:53 Coolers: Tblock -> 19.00 C"
"10:18:00 Flow: Fixed -> 500 umol/s"
"10:19:53 Flow: Fixed -> 500 umol/s"
46	"10:22:00"	2341.5	0	12.7	0.212	272	3.87	1.41	19.03	6	1.42	1	2.84	18.93	19.03	19.00	401.36	384.37	6.290	10.886	21.01	36.37	499.9	1499	115	73.37	-3.56	0.195	1.0	-0.22	2.74	1.00	0.00	0.16	111115
47	"10:22:00"	2341.5	0	12.7	0.212	272	3.87	1.41	19.03	6	1.42	1	2.84	18.93	19.03	19.00	401.36	384.37	6.290	10.886	21.01	36.37	499.9	1499	115	73.37	-3.56	0.195	1.0	-0.22	2.74	1.00	0.00	0.16	111115
48	"10:22:00"	2342.0	0	12.6	0.212	273	3.87	1.41	19.03	6	1.42	1	2.84	18.93	19.03	19.00	401.35	384.39	6.291	10.885	21.02	36.37	499.9	1499	115	73.37	-3.56	0.195	1.0	-0.22	2.74	1.00	0.00	0.16	111115
49	"10:22:01"	2342.5	0	12.7	0.212	272	3.87	1.41	19.03	6	1.42	1	2.84	18.93	19.03	19.00	401.36	384.36	6.290	10.884	21.02	36.36	499.9	1499	114	73.37	-3.56	0.195	1.0	-0.22	2.74	1.00	0.00	0.16	111115
50	"10:22:02"	2343.0	0	12.8	0.212	272	3.87	1.41	19.03	6	1.42	1	2.84	18.93	19.03	19.00	401.43	384.32	6.290	10.887	21.01	36.37	499.9	1499	114	73.37	-3.56	0.195	1.0	-0.22	2.74	1.00	0.00	0.16	111115
51	"10:22:02"	2343.5	0	12.7	0.212	272	3.87	1.41	19.02	6	1.42	1	2.84	18.93	19.02	19.00	401.41	384.34	6.290	10.887	21.01	36.37	499.9	1499	114	73.37	-3.56	0.195	1.0	-0.22	2.74	1.00	0.00	0.16	111115
52	"10:22:03"	2344.0	0	12.7	0.212	272	3.87	1.41	19.02	6	1.42	1	2.84	18.93	19.02	19.00	401.40	384.37	6.291	10.889	21.02	36.38	499.9	1499	114	73.37	-3.56	0.195	1.0	-0.22	2.74	1.00	0.00	0.16	111115
53	"10:22:03"	2344.5	0	12.7	0.212	273	3.87	1.41	19.02	6	1.42	1	2.84	18.94	19.02	19.00	401.39	384.41	6.292	10.890	21.02	36.38	499.8	1499	114	73.37	-3.56	0.195	1.0	-0.22	2.74	1.00	0.00	0.16	111115
54	"10:22:04"	2345.0	0	12.6	0.212	273	3.87	1.41	19.02	6	1.42	1	2.84	18.94	19.02	19.00	401.33	384.45	6.292	10.889	21.02	36.37	499.8	1499	114	73.37	-3.56	0.195	1.0	-0.22	2.74	1.00	0.00	0.16	111115
55	"10:22:04"	2346.0	0	12.6	0.212	274	3.87	1.41	19.02	6	1.42	1	2.84	18.94	19.02	19.00	401.35	384.49	6.292	10.890	21.02	36.38	499.9	1499	114	73.37	-3.56	0.195	1.0	-0.22	2.74	1.00	0.00	0.16	111115
56	"10:22:05"	2346.5	0	12.5	0.213	274	3.88	1.41	19.02	6	1.42	1	2.84	18.94	19.02	19.00	401.34	384.52	6.292	10.893	21.02	36.39	499.9	1499	114	73.37	-3.56	0.195	1.0	-0.22	2.74	1.00	0.00	0.16	111115
57	"10:22:05"	2347.0	0	12.5	0.212	274	3.87	1.41	19.02	6	1.42	1	2.84	18.94	19.02	19.00	401.35	384.51	6.292	10.890	21.02	36.38	499.9	1499	114	73.37	-3.56	0.195	1.0	-0.22	2.74	1.00	0.00	0.16	111115
58	"10:22:06"	2347.5	0	12.5	0.212	274	3.87	1.41	19.02	6	1.42	1	2.84	18.94	19.02	19.00	401.36	384.53	6.293	10.889	21.02	36.38	499.9	1499	114	73.37	-3.56	0.195	1.0	-0.22	2.74	1.00	0.00	0.16	111115
59	"10:22:06"	2348.0	0	12.6	0.212	273	3.87	1.41	19.02	6	1.42	1	2.84	18.94	19.02	19.00	401.40	384.50	6.292	10.889	21.02	36.37	500.0	1499	114	73.37	-3.56	0.195	1.0	-0.22	2.74	1.00	0.00	0.16	111115
60	"10:22:07"	2348.5	0	12.6	0.212	273	3.88	1.41	19.03	6	1.42	1	2.84	18.94	19.03	19.00	401.48	384.51	6.290	10.890	21.01	36.38	500.0	1499	114	73.37	-3.56	0.195	1.0	-0.22	2.74	1.00	0.00	0.16	111115
"10:22:15 Coolers: Tblock -> 24.00 C"
"10:25:33 Flow: Fixed -> 500 umol/s"
"10:27:24 Flow: Fixed -> 500 umol/s"
61	"10:28:12"	2714.0	0	12.6	0.2	265	4.09	1.57	21.60	6	1.42	1	2.84	23.25	21.60	24.08	400.84	383.77	9.117	13.952	23.37	35.77	499.9	1500	114	73.37	-3.42	0.166	1.0	-0.22	2.74	1.00	0.00	0.16	111115
62	"10:28:13"	2714.0	0	12.6	0.2	265	4.09	1.57	21.60	6	1.42	1	2.84	23.25	21.60	24.08	400.84	383.77	9.117	13.952	23.37	35.77	499.9	1500	114	73.37	-3.42	0.166	1.0	-0.22	2.74	1.00	0.00	0.16	111115
63	"10:28:13"	2714.5	0	12.7	0.2	265	4.08	1.57	21.60	6	1.42	1	2.84	23.25	21.60	24.08	400.86	383.79	9.118	13.952	23.37	35.77	499.9	1500	115	73.37	-3.42	0.166	1.0	-0.22	2.74	1.00	0.00	0.16	111115
64	"10:28:14"	2715.0	0	12.7	0.2	265	4.08	1.57	21.59	6	1.42	1	2.84	23.25	21.59	24.08	400.88	383.79	9.117	13.950	23.37	35.76	499.9	1500	117	73.37	-3.42	0.166	1.0	-0.22	2.74	1.00	0.00	0.16	111115
65	"10:28:14"	2715.5	0	12.7	0.2	265	4.08	1.56	21.59	6	1.42	1	2.84	23.25	21.59	24.08	400.86	383.77	9.118	13.949	23.37	35.76	499.9	1500	117	73.37	-3.42	0.166	1.0	-0.22	2.74	1.00	0.00	0.16	111115
66	"10:28:15"	2716.0	0	12.7	0.2	265	4.08	1.56	21.59	6	1.42	1	2.84	23.25	21.59	24.07	400.88	383.76	9.117	13.949	23.37	35.76	499.9	1500	117	73.37	-3.42	0.166	1.0	-0.22	2.74	1.00	0.00	0.16	111115
67	"10:28:15"	2716.5	0	12.7	0.2	265	4.08	1.56	21.59	6	1.42	1	2.84	23.25	21.59	24.08	400.85	383.75	9.118	13.949	23.37	35.76	499.9	1500	117	73.37	-3.42	0.166	1.0	-0.22	2.74	1.00	0.00	0.16	111115
68	"10:28:16"	2717.0	0	12.7	0.2	265	4.08	1.56	21.59	6	1.42	1	2.84	23.25	21.59	24.08	400.85	383.72	9.117	13.950	23.37	35.76	499.9	1500	116	73.37	-3.42	0.166	1.0	-0.22	2.74	1.00	0.00	0.16	111115
69	"10:28:16"	2717.5	0	12.7	0.2	265	4.08	1.56	21.59	6	1.42	1	2.84	23.25	21.59	24.08	400.84	383.74	9.118	13.948	23.37	35.76	499.9	1500	114	73.37	-3.42	0.166	1.0	-0.22	2.74	1.00	0.00	0.16	111115
70	"10:28:17"	2718.0	0	12.7	0.2	265	4.08	1.56	21.59	6	1.42	1	2.84	23.25	21.59	24.08	400.87	383.75	9.118	13.951	23.37	35.76	500.0	1500	113	73.37	-3.42	0.166	1.0	-0.22	2.74	1.00	0.00	0.16	111115
71	"10:28:17"	2718.5	0	12.7	0.2	265	4.08	1.56	21.59	6	1.42	1	2.84	23.25	21.59	24.08	400.87	383.77	9.118	13.951	23.37	35.76	500.0	1500	112	73.37	-3.42	0.166	1.0	-0.22	2.74	1.00	0.00	0.16	111115
72	"10:28:18"	2719.0	0	12.7	0.2	265	4.09	1.57	21.60	6	1.42	1	2.84	23.25	21.60	24.08	400.87	383.77	9.118	13.952	23.37	35.76	500.0	1500	111	73.37	-3.42	0.166	1.0	-0.22	2.74	1.00	0.00	0.16	111115
73	"10:28:18"	2719.5	0	12.7	0.2	265	4.09	1.57	21.60	6	1.42	1	2.84	23.25	21.60	24.08	400.89	383.78	9.118	13.954	23.37	35.77	500.0	1500	110	73.37	-3.42	0.166	1.0	-0.22	2.74	1.00	0.00	0.16	111115
74	"10:28:19"	2720.0	0	12.6	0.2	266	4.09	1.57	21.60	6	1.42	1	2.84	23.25	21.60	24.08	400.86	383.84	9.118	13.954	23.37	35.77	500.0	1500	111	73.37	-3.42	0.166	1.0	-0.22	2.74	1.00	0.00	0.16	111115
75	"10:28:19"	2720.5	0	12.6	0.2	265	4.09	1.57	21.61	6	1.42	1	2.84	23.25	21.61	24.08	400.88	383.83	9.118	13.955	23.37	35.76	500.1	1500	111	73.37	-3.42	0.166	1.0	-0.22	2.74	1.00	0.00	0.16	111115
"10:28:25 Coolers: Tblock -> 29.00 C"
"10:32:03 Flow: Fixed -> 500 umol/s"
"10:33:59 Flow: Fixed -> 500 umol/s"
76	"10:34:47"	3108.5	0	12.7	0.187	256	4.17	1.69	24.18	6	1.42	1	2.84	27.43	24.18	28.95	399.73	382.52	13.321	18.240	26.62	36.45	499.9	1501	84	73.36	-3.63	0.141	1.0	-0.22	2.74	1.00	0.00	0.16	111115
77	"10:34:48"	3109.0	0	12.7	0.188	256	4.18	1.69	24.18	6	1.42	1	2.84	27.43	24.18	28.95	399.72	382.53	13.320	18.241	26.62	36.45	499.9	1501	83	73.36	-3.63	0.141	1.0	-0.22	2.74	1.00	0.00	0.16	111115
78	"10:34:48"	3109.0	0	12.7	0.188	256	4.18	1.69	24.18	6	1.42	1	2.84	27.43	24.18	28.95	399.72	382.53	13.320	18.241	26.62	36.45	499.9	1501	83	73.36	-3.63	0.141	1.0	-0.22	2.74	1.00	0.00	0.16	111115
79	"10:34:48"	3109.5	0	12.6	0.188	257	4.17	1.69	24.18	6	1.42	1	2.84	27.43	24.18	28.95	399.65	382.55	13.320	18.241	26.62	36.45	499.8	1501	83	73.36	-3.63	0.141	1.0	-0.22	2.74	1.00	0.00	0.16	111115
80	"10:34:49"	3110.0	0	12.7	0.188	256	4.18	1.69	24.18	6	1.42	1	2.84	27.43	24.18	28.95	399.69	382.51	13.321	18.243	26.62	36.45	499.8	1501	84	73.36	-3.63	0.141	1.0	-0.22	2.74	1.00	0.00	0.16	111115
81	"10:34:50"	3110.5	0	12.8	0.188	256	4.18	1.69	24.18	6	1.42	1	2.84	27.43	24.18	28.95	399.70	382.47	13.320	18.247	26.62	36.46	499.8	1501	84	73.36	-3.63	0.141	1.0	-0.22	2.74	1.00	0.00	0.16	111115
82	"10:34:50"	3111.0	0	12.8	0.188	255	4.18	1.69	24.18	6	1.42	1	2.84	27.44	24.18	28.95	399.74	382.44	13.319	18.249	26.61	36.46	499.8	1501	84	73.36	-3.63	0.141	1.0	-0.22	2.74	1.00	0.00	0.16	111115
83	"10:34:51"	3111.5	0	12.8	0.188	255	4.18	1.69	24.18	6	1.42	1	2.84	27.44	24.18	28.95	399.72	382.43	13.321	18.249	26.61	36.46	499.8	1501	84	73.36	-3.63	0.141	1.0	-0.22	2.74	1.00	0.00	0.16	111115
84	"10:34:51"	3112.0	0	12.8	0.188	255	4.18	1.69	24.18	6	1.42	1	2.84	27.44	24.18	28.95	399.71	382.44	13.320	18.251	26.61	36.46	499.8	1501	86	73.36	-3.63	0.141	1.0	-0.22	2.74	1.00	0.00	0.16	111115
85	"10:34:52"	3112.5	0	12.8	0.188	255	4.19	1.69	24.18	6	1.42	1	2.84	27.43	24.18	28.95	399.74	382.44	13.320	18.255	26.61	36.47	499.9	1501	86	73.36	-3.63	0.141	1.0	-0.22	2.74	1.00	0.00	0.16	111115
86	"10:34:52"	3113.0	0	12.8	0.188	255	4.19	1.69	24.19	6	1.42	1	2.84	27.43	24.19	28.95	399.74	382.42	13.322	18.254	26.62	36.47	500.0	1501	87	73.36	-3.63	0.141	1.0	-0.22	2.74	1.00	0.00	0.16	111115
87	"10:34:53"	3113.5	0	12.9	0.188	255	4.19	1.69	24.19	6	1.42	1	2.84	27.43	24.19	28.95	399.78	382.39	13.323	18.255	26.62	36.48	500.0	1501	90	73.36	-3.63	0.141	1.0	-0.22	2.74	1.00	0.00	0.16	111115
88	"10:34:53"	3114.0	0	12.9	0.188	255	4.19	1.69	24.19	6	1.42	1	2.84	27.43	24.19	28.95	399.77	382.42	13.324	18.254	26.62	36.47	500.1	1501	90	73.36	-3.63	0.141	1.0	-0.22	2.74	1.00	0.00	0.16	111115
89	"10:34:54"	3114.5	0	12.8	0.188	255	4.18	1.69	24.19	6	1.42	1	2.84	27.43	24.19	28.95	399.75	382.46	13.324	18.252	26.62	36.47	500.1	1501	91	73.36	-3.63	0.141	1.0	-0.22	2.74	1.00	0.00	0.16	111115
90	"10:34:54"	3115.0	0	12.8	0.188	255	4.18	1.69	24.19	6	1.42	1	2.84	27.43	24.19	28.95	399.76	382.50	13.324	18.252	26.62	36.47	500.2	1501	92	73.36	-3.63	0.141	1.0	-0.22	2.74	1.00	0.00	0.16	111115
"10:35:02 Coolers: Tblock -> 34.00 C"
"10:40:13 Flow: Fixed -> 500 umol/s"
"10:42:50 Flow: Fixed -> 500 umol/s"
"10:46:46 Flow: Fixed -> 500 umol/s"
"10:48:49 Flow: Fixed -> 500 umol/s"
91	"10:50:05"	4026.5	0	12.5	0.173	247	4.53	1.96	27.69	6	1.42	1	2.84	32.11	27.69	34.03	400.12	382.98	18.797	24.105	28.70	36.81	499.9	1500	18	73.35	-3.2	0.0423	1.0	-0.22	2.74	1.00	0.00	0.16	111115
92	"10:50:05"	4026.5	0	12.5	0.173	247	4.53	1.96	27.69	6	1.42	1	2.84	32.11	27.69	34.03	400.12	382.98	18.797	24.105	28.70	36.81	499.9	1500	18	73.35	-3.2	0.0423	1.0	-0.22	2.74	1.00	0.00	0.16	111115
93	"10:50:05"	4026.5	0	12.5	0.173	247	4.53	1.96	27.69	6	1.42	1	2.84	32.11	27.69	34.03	400.12	382.98	18.797	24.105	28.70	36.81	499.9	1500	18	73.35	-3.2	0.0423	1.0	-0.22	2.74	1.00	0.00	0.16	111115
94	"10:50:06"	4027.0	0	12.5	0.173	248	4.53	1.96	27.69	6	1.42	1	2.84	32.11	27.69	34.03	400.10	383.02	18.799	24.102	28.70	36.80	499.9	1500	18	73.35	-3.2	0.0423	1.0	-0.22	2.74	1.00	0.00	0.16	111115
95	"10:50:06"	4027.5	0	12.5	0.173	247	4.53	1.96	27.69	6	1.42	1	2.84	32.11	27.69	34.03	400.16	383.03	18.799	24.103	28.70	36.80	499.9	1500	18	73.35	-3.2	0.0423	1.0	-0.22	2.74	1.00	0.00	0.16	111115
96	"10:50:07"	4028.0	0	12.6	0.173	247	4.53	1.96	27.69	6	1.42	1	2.84	32.11	27.69	34.03	400.23	383.02	18.800	24.104	28.71	36.80	499.9	1500	18	73.35	-3.2	0.0423	1.0	-0.22	2.74	1.00	0.00	0.16	111115
97	"10:50:07"	4028.5	0	12.7	0.173	246	4.53	1.96	27.68	6	1.42	1	2.84	32.11	27.68	34.03	400.27	382.98	18.798	24.105	28.70	36.81	499.9	1500	18	73.35	-3.2	0.0423	1.0	-0.22	2.74	1.00	0.00	0.16	111115
98	"10:50:08"	4029.0	0	12.7	0.173	246	4.53	1.96	27.68	6	1.42	1	2.84	32.11	27.68	34.03	400.26	382.97	18.799	24.103	28.70	36.80	499.9	1500	18	73.35	-3.2	0.0423	1.0	-0.22	2.74	1.00	0.00	0.16	111115
99	"10:50:08"	4029.5	0	12.6	0.173	247	4.52	1.96	27.68	6	1.42	1	2.84	32.11	27.68	34.03	400.22	383.04	18.801	24.100	28.71	36.80	499.9	1500	18	73.35	-3.2	0.0423	1.0	-0.22	2.74	1.00	0.00	0.16	111115
100	"10:50:09"	4030.0	0	12.6	0.173	247	4.52	1.96	27.68	6	1.42	1	2.84	32.11	27.68	34.03	400.21	383.05	18.802	24.099	28.71	36.80	499.9	1500	18	73.35	-3.2	0.0423	1.0	-0.22	2.74	1.00	0.00	0.16	111115
101	"10:50:09"	4030.5	0	12.5	0.173	247	4.52	1.96	27.68	6	1.42	1	2.84	32.11	27.68	34.03	400.20	383.08	18.803	24.100	28.71	36.80	499.9	1500	18	73.35	-3.2	0.0423	1.0	-0.22	2.74	1.00	0.00	0.16	111115
102	"10:50:10"	4031.0	0	12.6	0.173	247	4.52	1.96	27.68	6	1.42	1	2.84	32.11	27.68	34.03	400.21	383.05	18.804	24.099	28.71	36.80	499.9	1500	18	73.35	-3.2	0.0423	1.0	-0.22	2.74	1.00	0.00	0.16	111115
103	"10:50:10"	4031.5	0	12.5	0.173	247	4.52	1.96	27.69	6	1.42	1	2.84	32.11	27.69	34.03	400.18	383.09	18.806	24.096	28.72	36.79	499.9	1500	18	73.35	-3.2	0.0423	1.0	-0.22	2.74	1.00	0.00	0.16	111115
104	"10:50:11"	4032.0	0	12.5	0.173	247	4.51	1.96	27.68	6	1.42	1	2.84	32.11	27.68	34.03	400.19	383.09	18.807	24.095	28.72	36.79	499.9	1500	18	73.35	-3.2	0.0423	1.0	-0.22	2.74	1.00	0.00	0.16	111115
105	"10:50:11"	4033.0	0	12.5	0.173	247	4.51	1.96	27.69	6	1.42	1	2.84	32.11	27.69	34.03	400.22	383.11	18.808	24.094	28.72	36.79	499.9	1500	18	73.35	-3.2	0.0423	1.0	-0.22	2.74	1.00	0.00	0.16	111115
"10:50:18 Coolers: Tblock -> 39.00 C"
"10:59:16 Coolers: Tblock -> 37.28 C"
"11:00:03 Flow: Fixed -> 500 umol/s"
106	"11:01:28"	4710.0	0	12.3	0.167	244	4.76	2.12	29.58	6	1.42	1	2.84	35.02	29.58	37.34	399.52	382.62	22.163	27.723	28.74	35.95	499.9	1499	17	73.35	-2.82	-0.0131	1.0	-0.22	2.74	1.00	0.00	0.16	111115
107	"11:01:28"	4710.0	0	12.3	0.167	244	4.76	2.12	29.58	6	1.42	1	2.84	35.02	29.58	37.34	399.52	382.62	22.163	27.723	28.74	35.95	499.9	1499	17	73.35	-2.82	-0.0131	1.0	-0.22	2.74	1.00	0.00	0.16	111115
108	"11:01:29"	4710.5	0	12.3	0.167	244	4.77	2.12	29.57	6	1.42	1	2.84	35.02	29.57	37.34	399.56	382.59	22.164	27.726	28.74	35.95	499.9	1499	17	73.35	-2.82	-0.0131	1.0	-0.22	2.74	1.00	0.00	0.16	111115
109	"11:01:29"	4711.0	0	12.3	0.167	244	4.77	2.12	29.57	6	1.42	1	2.84	35.02	29.57	37.34	399.59	382.60	22.166	27.730	28.74	35.96	499.8	1499	17	73.35	-2.82	-0.0131	1.0	-0.22	2.74	1.00	0.00	0.16	111115
110	"11:01:30"	4711.5	0	12.3	0.167	244	4.77	2.12	29.58	6	1.42	1	2.84	35.03	29.58	37.34	399.59	382.64	22.169	27.730	28.75	35.96	499.8	1499	17	73.35	-2.82	-0.0131	1.0	-0.22	2.74	1.00	0.00	0.16	111115
111	"11:01:30"	4712.0	0	12.3	0.167	244	4.77	2.12	29.58	6	1.42	1	2.84	35.03	29.58	37.34	399.62	382.67	22.171	27.735	28.75	35.96	499.8	1499	17	73.35	-2.82	-0.0131	1.0	-0.22	2.74	1.00	0.00	0.16	111115
112	"11:01:31"	4712.5	0	12.4	0.167	243	4.77	2.12	29.58	6	1.42	1	2.84	35.03	29.58	37.34	399.65	382.63	22.172	27.740	28.75	35.97	499.8	1499	17	73.35	-2.82	-0.0131	1.0	-0.22	2.74	1.00	0.00	0.16	111115
113	"11:01:31"	4713.0	0	12.4	0.167	243	4.77	2.13	29.59	6	1.42	1	2.84	35.03	29.59	37.34	399.68	382.65	22.174	27.744	28.75	35.97	499.9	1499	17	73.35	-2.82	-0.0131	1.0	-0.22	2.74	1.00	0.00	0.16	111115
114	"11:01:32"	4713.5	0	12.3	0.167	243	4.77	2.13	29.59	6	1.42	1	2.84	35.03	29.59	37.34	399.69	382.68	22.177	27.746	28.75	35.98	499.9	1499	18	73.35	-2.82	-0.0131	1.0	-0.22	2.74	1.00	0.00	0.16	111115
115	"11:01:32"	4714.0	0	12.3	0.167	244	4.77	2.13	29.59	6	1.42	1	2.84	35.03	29.59	37.34	399.66	382.68	22.179	27.748	28.76	35.98	499.9	1499	18	73.35	-2.82	-0.0131	1.0	-0.22	2.74	1.00	0.00	0.16	111115
116	"11:01:33"	4714.5	0	12.3	0.167	244	4.78	2.13	29.59	6	1.42	1	2.84	35.03	29.59	37.35	399.68	382.68	22.180	27.752	28.76	35.98	499.9	1499	17	73.35	-2.82	-0.0131	1.0	-0.22	2.74	1.00	0.00	0.16	111115
117	"11:01:34"	4715.0	0	12.3	0.167	244	4.78	2.13	29.60	6	1.42	1	2.84	35.03	29.60	37.35	399.68	382.69	22.182	27.754	28.76	35.99	500.0	1499	17	73.35	-2.82	-0.0131	1.0	-0.22	2.74	1.00	0.00	0.16	111115
118	"11:01:35"	4716.5	0	12.3	0.167	244	4.78	2.13	29.60	6	1.42	1	2.84	35.03	29.60	37.35	399.69	382.70	22.185	27.761	28.76	35.99	500.0	1499	17	73.35	-2.82	-0.0131	1.0	-0.22	2.74	1.00	0.00	0.16	111115
119	"11:01:35"	4716.5	0	12.3	0.167	244	4.78	2.13	29.60	6	1.42	1	2.84	35.03	29.60	37.35	399.69	382.70	22.185	27.761	28.76	35.99	500.0	1499	17	73.35	-2.82	-0.0131	1.0	-0.22	2.74	1.00	0.00	0.16	111115
120	"11:01:35"	4717.0	0	12.3	0.167	244	4.78	2.13	29.60	6	1.42	1	2.84	35.03	29.60	37.35	399.68	382.69	22.184	27.759	28.76	35.99	500.0	1499	17	73.35	-2.82	-0.0131	1.0	-0.22	2.74	1.00	0.00	0.16	111115
