"OPEN 6.2.4"
"Fri Jun 26 2015 14:26:36"
<open><version>"6.2.4"</version></open>
<open><configfile>"/User/Configs/UserPrefs/2x3 LED.xml"</configfile></open>
<open><light><source>"6400-02 or -02B LED Source"</source><par_in>1<sensor>"SI-3781"<cal>-0.93<actinity>1.00</actinity><transm>1.00</transm></cal></sensor><transm>1</transm></par_in><par_out>1<sensor>"Q49599"<cal>7.26</cal></sensor></par_out></light></open>
<open><comps><file>"/User/Configs/Comps/StdComps_6.2"<header>""</header><extras></extras></file><energybal>no<f_parIn>1</f_parIn><f_parOut>0</f_parOut><alphaK>0.16</alphaK></energybal><bc_total>2.840<stomatal_ratio>1</stomatal_ratio><bc_oneside>1.420<type>2</type><table>"/Sys/Lib/StdBLCTable"</table><area>6</area><slope>-0.219565</slope><offset>2.73739</offset><fan>5</fan></bc_oneside></bc_total></comps></open>
<open><prompts><onlog>off</onlog><items>"Default (none)"</items></prompts></open>
<open><constants><oxygen>21 %</oxygen><bb_vapor>1.5</bb_vapor><bb_oxy>0.9</bb_oxy></constants></open>
<open><stability><items>"Std Stability"<items[1]><id>-2</id><size>15</size><pcv><onoff>0</onoff><value>1</value></pcv><std><onoff>0</onoff><value>1</value></std><slp><onoff>1</onoff><value>1</value></slp></items[1]><items[2]><id>-5</id><size>15</size><pcv><onoff>0</onoff><value>1</value></pcv><std><onoff>0</onoff><value>1</value></std><slp><onoff>1</onoff><value>1</value></slp></items[2]><items[3]><id>-7</id><size>15</size><pcv><onoff>0</onoff><value>1</value></pcv><std><onoff>0</onoff><value>1</value></std><slp><onoff>1</onoff><value>1</value></slp></items[3]></items></stability></open>
<open><log><format>"StdLogFmt_6.0"<items>{ -35 -21 -36 -76 30 23 36 21 25 221 -33 111 -34 11 -9 -10 -8 -1 -2 -4 -5 -14 -15 -7 -12 -13 -11 -65 -66 -72 -18 -19 -77 -78 -79 -23  }<hdr>{  }</hdr></items></format><options><beep>on</beep><hdr>normal</hdr><rem>normal</rem><stab>no</stab><stats>no<mean>no</mean><file>no</file><period>15</period></stats><excel>yes</excel><controls>yes</controls><comm>no</comm></options><datafile>"/User/stm-rcup3"</datafile><button><action>"Normal Log"<code>" LogOneObsManual "</code></action></button><autoprog>"/User/Configs/AutoProgs/AutoLog2"<active>no</active></autoprog></log></open>
<open><a2d><avgtime>4.0 secs</avgtime><userchans><ch20>"Off"</ch20><ch21>"Off"</ch21><ch22>"Off"</ch22><ch23>"Off"</ch23></userchans></a2d></open>
<open><matching><type>0</type><disp>'a'</disp><settings><CO2Limit>10.0</CO2Limit><H2OLimit>1.0</H2OLimit><MaxAutoTime>60</MaxAutoTime></settings></matching></open>
<li6400><factory><unit>"PSC-3840"</unit><serviced>"1 Jul 2013"</serviced><fuseaware>0</fuseaware><co2mixer>yes</co2mixer><co2><coeffs>{ 0 0.213319 2.22998e-05 2.13159e-08 -3.88664e-12 3.69888e-16  }</coeffs><dvdt>-4.7</dvdt><xs>{ 0.0009 -0.0002  }</xs></co2><h2o><coeffs>{ 0 0.00572751 2.23485e-06 -7.37877e-12  }</coeffs><dvdt>-1.7</dvdt><xs>{ 0.0009 -0.0028  }</xs></h2o><flow>{ 0 0.3568  }</flow><press>{ 88.437 0.00551  }</press></factory></li6400>
<li6400><user><flow_zero>-468.8</flow_zero><irga_zero><co2>429.7 390.6<at>17.6901</at></co2><h2o>78.1 156.2<at>17.1607</at></h2o></irga_zero><irga_span><co2>{ 0.99237 0.992833  }</co2><h2o>{ 1.00426 0.996799  }</h2o></irga_span><irga_match><co2>{ 0.368307 0.929779  }</co2><h2o>{ 0.00477181 0.109499  }</h2o></irga_match><co2_mixer><pump_mv>4500</pump_mv><ppm>{ 2287.2 1080.71 423.89 257.488 117.195 68.0056 44.5242 37.9628  }</ppm><mv>{ 5000 3000 1500 1000 500 300 200 100  }</mv></co2_mixer><parin_offset>0</parin_offset><led_cal><unit>"SI-3781"</unit><mv>{ 10 25 50 100 1000 2000 3000 4000 5000  }</mv><qntm>{ 4.69642 15.4417 35.4805 82.2863 972.665 1922.29 2824.32 3690.14 4518.2  }</qntm></led_cal><lcf_cal><unit>"unknown"</unit><red><mv>{ 50 100 500 1000 1500 5000  }</mv><qntm>{ 50 100 500 1000 2000 5000  }</qntm></red><blue><mv>{ 100 200 500 1000 2000 5000  }</mv><qntm>{ 10 20 50 100 200 500  }</qntm></blue></lcf_cal></user></li6400>
"14:26:38 "
$STARTOFDATA$
"Obs"	"HHMMSS"	"FTime"	"EBal?"	"Photo"	"Cond"	"Ci"	"Trmmol"	"VpdL"	"CTleaf"	"Area"	"BLC_1"	"StmRat"	"BLCond"	"Tair"	"Tleaf"	"TBlk"	"CO2R"	"CO2S"	"H2OR"	"H2OS"	"RH_R"	"RH_S"	"Flow"	"PARi"	"PARo"	"Press"	"CsMch"	"HsMch"	"StableF"	"BLCslope"	"BLCoffst"	"f_parin"	"f_parout"	"alphaK"	"Status"
"14:28:42 CO2 Mixer: CO2R -> 400 uml"
"14:28:48 Coolers: Tblock -> 0.00 C"
"14:28:55 Lamp: ParIn ->  1500 uml"
"14:58:28 Lamp: ParIn ->  1500 uml"
"14:58:28 CO2 Mixer: CO2R -> 400 uml"
"14:58:28 Coolers: Tblock -> 0.00 C"
"14:58:28 Flow: Fixed -> 500 umol/s"
"15:06:50 Coolers: Tblock -> 9.88 C"
"15:09:45 Flow: Fixed -> 500 umol/s"
1	"15:10:19"	2629.0	0	10.4	0.195	286	3.54	1.39	16.85	6	1.42	1	2.84	12.58	16.85	9.98	400.72	386.55	3.065	7.279	15.35	36.46	499.9	1500	290	73.26	0.347	0.33	0.7	-0.22	2.74	1.00	0.00	0.16	111115
2	"15:10:19"	2629.0	0	10.4	0.195	286	3.54	1.39	16.85	6	1.42	1	2.84	12.58	16.85	9.98	400.72	386.55	3.065	7.279	15.35	36.46	499.9	1500	290	73.26	0.347	0.33	0.7	-0.22	2.74	1.00	0.00	0.16	111115
3	"15:10:20"	2629.5	0	10.5	0.195	286	3.54	1.39	16.85	6	1.42	1	2.84	12.58	16.85	9.98	400.74	386.54	3.065	7.279	15.35	36.46	499.9	1500	290	73.26	0.347	0.33	0.7	-0.22	2.74	1.00	0.00	0.16	111115
4	"15:10:20"	2630.0	0	10.4	0.195	286	3.54	1.39	16.85	6	1.42	1	2.84	12.58	16.85	9.98	400.73	386.55	3.065	7.278	15.35	36.45	499.9	1500	290	73.26	0.347	0.33	0.7	-0.22	2.74	1.00	0.00	0.16	111115
5	"15:10:21"	2630.5	0	10.4	0.195	286	3.54	1.39	16.86	6	1.42	1	2.84	12.58	16.86	9.98	400.74	386.56	3.065	7.278	15.35	36.45	499.8	1500	290	73.26	0.347	0.33	0.7	-0.22	2.74	1.00	0.00	0.16	111115
6	"15:10:21"	2631.0	0	10.4	0.195	286	3.54	1.4	16.88	6	1.42	1	2.84	12.58	16.88	9.98	400.74	386.59	3.064	7.278	15.35	36.45	499.8	1500	290	73.26	0.347	0.33	0.7	-0.22	2.74	1.00	0.00	0.16	111115
7	"15:10:22"	2631.5	0	10.4	0.194	286	3.53	1.4	16.90	6	1.42	1	2.84	12.58	16.90	9.98	400.76	386.61	3.064	7.276	15.35	36.44	499.8	1500	290	73.26	0.347	0.33	0.7	-0.22	2.74	1.00	0.00	0.16	111115
8	"15:10:22"	2632.0	0	10.4	0.194	286	3.53	1.4	16.91	6	1.42	1	2.84	12.58	16.91	9.98	400.78	386.65	3.064	7.275	15.34	36.44	499.9	1500	290	73.26	0.347	0.33	0.7	-0.22	2.74	1.00	0.00	0.16	111115
9	"15:10:23"	2632.5	0	10.4	0.194	285	3.53	1.4	16.92	6	1.42	1	2.84	12.58	16.92	9.98	400.83	386.66	3.064	7.274	15.35	36.43	499.8	1500	290	73.26	0.347	0.33	0.7	-0.22	2.74	1.00	0.00	0.16	111115
10	"15:10:23"	2633.0	0	10.5	0.194	285	3.53	1.4	16.93	6	1.42	1	2.84	12.58	16.93	9.98	400.88	386.67	3.064	7.274	15.34	36.44	499.8	1500	290	73.26	0.347	0.33	0.7	-0.22	2.74	1.00	0.00	0.16	111115
11	"15:10:24"	2633.5	0	10.5	0.194	285	3.53	1.4	16.93	6	1.42	1	2.84	12.58	16.93	9.98	400.92	386.68	3.063	7.273	15.34	36.43	499.8	1500	290	73.26	0.347	0.33	0.7	-0.22	2.74	1.00	0.00	0.16	111115
12	"15:10:24"	2634.0	0	10.5	0.193	284	3.53	1.4	16.94	6	1.42	1	2.84	12.58	16.94	9.98	400.92	386.66	3.063	7.272	15.34	36.43	499.9	1500	290	73.26	0.347	0.33	0.7	-0.22	2.74	1.00	0.00	0.16	111115
13	"15:10:25"	2634.5	0	10.5	0.193	284	3.53	1.4	16.94	6	1.42	1	2.84	12.58	16.94	9.99	400.90	386.66	3.063	7.272	15.34	36.43	499.9	1500	290	73.26	0.347	0.33	0.7	-0.22	2.74	1.00	0.00	0.16	111115
14	"15:10:25"	2635.0	0	10.5	0.193	284	3.53	1.4	16.94	6	1.42	1	2.84	12.58	16.94	9.99	400.88	386.62	3.062	7.272	15.34	36.43	499.9	1500	290	73.25	0.347	0.33	0.7	-0.22	2.74	1.00	0.00	0.16	111115
15	"15:10:26"	2635.5	0	10.5	0.194	284	3.53	1.4	16.94	6	1.42	1	2.84	12.58	16.94	9.99	400.86	386.63	3.062	7.272	15.34	36.43	499.9	1500	289	73.25	0.347	0.33	1.0	-0.22	2.74	1.00	0.00	0.16	111115
"15:10:31 Coolers: Tblock -> 15.00 C"
"15:12:22 Flow: Fixed -> 500 umol/s"
"15:14:29 Flow: Fixed -> 500 umol/s"
16	"15:15:15"	2924.5	0	10.2	0.178	278	3.72	1.59	19.60	6	1.42	1	2.84	16.71	19.60	15.07	400.74	386.72	5.064	9.481	19.43	36.39	499.9	1500	288	73.26	0.151	0.325	0.7	-0.22	2.74	1.00	0.00	0.16	111115
17	"15:15:15"	2924.5	0	10.2	0.178	278	3.72	1.59	19.60	6	1.42	1	2.84	16.71	19.60	15.07	400.74	386.72	5.064	9.481	19.43	36.39	499.9	1500	288	73.26	0.151	0.325	0.7	-0.22	2.74	1.00	0.00	0.16	111115
18	"15:15:16"	2925.0	0	10.3	0.178	277	3.72	1.6	19.61	6	1.42	1	2.84	16.71	19.61	15.06	400.79	386.69	5.063	9.481	19.43	36.39	499.8	1500	289	73.26	0.151	0.325	1.0	-0.22	2.74	1.00	0.00	0.16	111115
19	"15:15:16"	2925.5	0	10.3	0.177	277	3.72	1.6	19.61	6	1.42	1	2.84	16.71	19.61	15.06	400.86	386.71	5.063	9.480	19.43	36.38	499.8	1500	288	73.26	0.151	0.325	1.0	-0.22	2.74	1.00	0.00	0.16	111115
20	"15:15:17"	2926.0	0	10.4	0.178	276	3.72	1.6	19.61	6	1.42	1	2.84	16.71	19.61	15.06	400.95	386.73	5.063	9.481	19.43	36.38	499.8	1500	289	73.26	0.151	0.325	1.0	-0.22	2.74	1.00	0.00	0.16	111115
21	"15:15:17"	2926.5	0	10.4	0.178	276	3.72	1.6	19.61	6	1.42	1	2.84	16.71	19.61	15.06	401.03	386.79	5.063	9.481	19.43	36.38	499.8	1500	289	73.26	0.151	0.325	1.0	-0.22	2.74	1.00	0.00	0.16	111115
22	"15:15:18"	2927.0	0	10.5	0.177	276	3.72	1.6	19.62	6	1.42	1	2.84	16.71	19.62	15.06	401.12	386.82	5.063	9.481	19.43	36.38	499.8	1500	289	73.26	0.151	0.325	1.0	-0.22	2.74	1.00	0.00	0.16	111115
23	"15:15:18"	2927.5	0	10.5	0.177	275	3.72	1.6	19.62	6	1.42	1	2.84	16.71	19.62	15.06	401.18	386.83	5.062	9.482	19.42	36.38	499.8	1500	289	73.26	0.151	0.325	1.0	-0.22	2.74	1.00	0.00	0.16	111115
24	"15:15:19"	2928.0	0	10.5	0.177	276	3.72	1.6	19.62	6	1.42	1	2.84	16.71	19.62	15.06	401.17	386.86	5.062	9.481	19.42	36.38	499.8	1500	289	73.26	0.151	0.325	1.0	-0.22	2.74	1.00	0.00	0.16	111115
25	"15:15:19"	2928.5	0	10.5	0.178	275	3.72	1.6	19.62	6	1.42	1	2.84	16.71	19.62	15.06	401.18	386.83	5.063	9.482	19.42	36.38	499.8	1500	289	73.26	0.151	0.325	1.0	-0.22	2.74	1.00	0.00	0.16	111115
26	"15:15:20"	2929.0	0	10.5	0.178	276	3.72	1.6	19.61	6	1.42	1	2.84	16.71	19.61	15.07	401.17	386.85	5.062	9.483	19.42	36.38	499.9	1500	289	73.26	0.151	0.325	1.0	-0.22	2.74	1.00	0.00	0.16	111115
27	"15:15:20"	2929.5	0	10.5	0.178	276	3.72	1.6	19.61	6	1.42	1	2.84	16.71	19.61	15.07	401.10	386.83	5.061	9.484	19.42	36.38	499.9	1500	289	73.26	0.151	0.325	1.0	-0.22	2.74	1.00	0.00	0.16	111115
28	"15:15:21"	2930.0	0	10.4	0.178	277	3.72	1.6	19.61	6	1.42	1	2.84	16.72	19.61	15.06	401.00	386.83	5.061	9.484	19.42	36.38	499.9	1500	289	73.26	0.151	0.325	1.0	-0.22	2.74	1.00	0.00	0.16	111115
29	"15:15:21"	2930.5	0	10.3	0.178	277	3.72	1.6	19.61	6	1.42	1	2.84	16.72	19.61	15.06	400.92	386.81	5.061	9.484	19.42	36.38	499.9	1500	288	73.26	0.151	0.325	1.0	-0.22	2.74	1.00	0.00	0.16	111115
30	"15:15:22"	2931.0	0	10.2	0.178	278	3.72	1.59	19.60	6	1.42	1	2.84	16.72	19.60	15.06	400.81	386.82	5.061	9.484	19.41	36.38	499.9	1500	288	73.26	0.151	0.325	1.0	-0.22	2.74	1.00	0.00	0.16	111115
"15:15:28 Coolers: Tblock -> 20.00 C"
"15:18:20 Flow: Fixed -> 500 umol/s"
31	"15:18:38"	3128.5	0	10.2	0.167	271	3.89	1.76	22.11	6	1.42	1	2.84	20.66	22.11	19.95	400.83	386.77	7.775	12.383	23.30	37.11	499.9	1499	287	73.26	-0.101	0.314	1.0	-0.22	2.74	1.00	0.00	0.16	111115
32	"15:18:39"	3128.5	0	10.2	0.167	271	3.89	1.76	22.11	6	1.42	1	2.84	20.66	22.11	19.95	400.83	386.77	7.775	12.383	23.30	37.11	499.9	1499	287	73.26	-0.101	0.314	1.0	-0.22	2.74	1.00	0.00	0.16	111115
33	"15:18:39"	3129.0	0	10.1	0.167	272	3.89	1.77	22.12	6	1.42	1	2.84	20.66	22.12	19.95	400.71	386.75	7.775	12.384	23.29	37.10	499.9	1499	287	73.26	-0.101	0.314	1.0	-0.22	2.74	1.00	0.00	0.16	111115
34	"15:18:40"	3129.5	0	10.1	0.167	272	3.89	1.77	22.12	6	1.42	1	2.84	20.67	22.12	19.95	400.65	386.73	7.775	12.382	23.29	37.10	499.9	1499	287	73.26	-0.101	0.314	1.0	-0.22	2.74	1.00	0.00	0.16	111115
35	"15:18:40"	3130.0	0	10	0.167	272	3.89	1.77	22.12	6	1.42	1	2.84	20.67	22.12	19.95	400.59	386.73	7.775	12.383	23.29	37.10	499.9	1499	287	73.26	-0.101	0.314	1.0	-0.22	2.74	1.00	0.00	0.16	111115
36	"15:18:41"	3130.5	0	10	0.167	273	3.89	1.77	22.12	6	1.42	1	2.84	20.67	22.12	19.95	400.59	386.73	7.774	12.384	23.29	37.10	499.9	1499	287	73.26	-0.101	0.314	1.0	-0.22	2.74	1.00	0.00	0.16	111115
37	"15:18:41"	3131.0	0	10.1	0.167	272	3.89	1.77	22.12	6	1.42	1	2.84	20.67	22.12	19.95	400.61	386.72	7.773	12.384	23.28	37.09	499.9	1499	287	73.26	-0.101	0.314	1.0	-0.22	2.74	1.00	0.00	0.16	111115
38	"15:18:42"	3131.5	0	10.1	0.167	272	3.89	1.77	22.12	6	1.42	1	2.84	20.67	22.12	19.95	400.68	386.71	7.774	12.384	23.28	37.09	499.9	1499	287	73.26	-0.101	0.314	1.0	-0.22	2.74	1.00	0.00	0.16	111115
39	"15:18:42"	3132.0	0	10.2	0.167	271	3.89	1.77	22.12	6	1.42	1	2.84	20.67	22.12	19.95	400.77	386.69	7.773	12.386	23.28	37.09	499.9	1499	287	73.26	-0.101	0.314	1.0	-0.22	2.74	1.00	0.00	0.16	111115
40	"15:18:43"	3132.5	0	10.3	0.167	270	3.89	1.77	22.12	6	1.42	1	2.84	20.67	22.12	19.95	400.85	386.72	7.773	12.388	23.28	37.10	499.9	1499	287	73.26	-0.101	0.314	1.0	-0.22	2.74	1.00	0.00	0.16	111115
41	"15:18:44"	3133.0	0	10.3	0.167	270	3.89	1.77	22.12	6	1.42	1	2.84	20.67	22.12	19.95	400.92	386.73	7.774	12.390	23.28	37.10	499.9	1499	287	73.26	-0.101	0.314	1.0	-0.22	2.74	1.00	0.00	0.16	111115
42	"15:18:44"	3133.5	0	10.3	0.167	270	3.9	1.76	22.12	6	1.42	1	2.84	20.68	22.12	19.95	400.96	386.74	7.774	12.393	23.28	37.11	500.0	1499	287	73.26	-0.101	0.314	1.0	-0.22	2.74	1.00	0.00	0.16	111115
43	"15:18:45"	3134.0	0	10.4	0.167	269	3.9	1.76	22.12	6	1.42	1	2.84	20.68	22.12	19.95	401.01	386.71	7.773	12.394	23.27	37.11	499.9	1499	287	73.26	-0.101	0.314	1.0	-0.22	2.74	1.00	0.00	0.16	111115
44	"15:18:45"	3134.5	0	10.4	0.167	269	3.9	1.76	22.12	6	1.42	1	2.84	20.68	22.12	19.95	401.01	386.72	7.775	12.392	23.27	37.10	500.0	1499	287	73.26	-0.101	0.314	1.0	-0.22	2.74	1.00	0.00	0.16	111115
45	"15:18:46"	3135.0	0	10.4	0.167	269	3.9	1.76	22.12	6	1.42	1	2.84	20.68	22.12	19.95	401.03	386.71	7.775	12.393	23.27	37.10	500.0	1499	287	73.26	-0.101	0.314	1.0	-0.22	2.74	1.00	0.00	0.16	111115
"15:18:51 Coolers: Tblock -> 25.00 C"
"15:23:08 Flow: Fixed -> 500 umol/s"
46	"15:23:51"	3441.0	0	9.68	0.15	262	4.19	2.09	25.66	6	1.42	1	2.84	25.14	25.66	25.01	399.14	385.58	11.712	16.652	26.76	38.05	499.8	1501	286	73.25	0.368	0.283	1.0	-0.22	2.74	1.00	0.00	0.16	111115
47	"15:23:51"	3441.0	0	9.68	0.15	262	4.19	2.09	25.66	6	1.42	1	2.84	25.14	25.66	25.01	399.14	385.58	11.712	16.652	26.76	38.05	499.8	1501	286	73.25	0.368	0.283	1.0	-0.22	2.74	1.00	0.00	0.16	111115
48	"15:23:52"	3441.5	0	9.64	0.15	263	4.18	2.09	25.66	6	1.42	1	2.84	25.14	25.66	25.01	399.09	385.58	11.712	16.652	26.76	38.04	499.9	1501	286	73.25	0.368	0.283	1.0	-0.22	2.74	1.00	0.00	0.16	111115
49	"15:23:52"	3442.0	0	9.64	0.15	263	4.19	2.09	25.65	6	1.42	1	2.84	25.14	25.65	25.01	399.06	385.56	11.712	16.652	26.76	38.04	499.8	1501	286	73.25	0.368	0.283	1.0	-0.22	2.74	1.00	0.00	0.16	111115
50	"15:23:53"	3442.5	0	9.65	0.15	263	4.19	2.09	25.65	6	1.42	1	2.84	25.14	25.65	25.01	399.07	385.55	11.711	16.654	26.75	38.04	499.8	1501	286	73.25	0.368	0.283	0.7	-0.22	2.74	1.00	0.00	0.16	111115
51	"15:23:53"	3443.0	0	9.63	0.15	263	4.19	2.09	25.65	6	1.42	1	2.84	25.14	25.65	25.01	399.02	385.51	11.709	16.653	26.75	38.04	499.8	1501	286	73.25	0.368	0.283	1.0	-0.22	2.74	1.00	0.00	0.16	111115
52	"15:23:54"	3443.5	0	9.59	0.15	264	4.19	2.09	25.66	6	1.42	1	2.84	25.14	25.66	25.01	398.97	385.53	11.708	16.652	26.75	38.04	499.8	1501	286	73.25	0.368	0.283	1.0	-0.22	2.74	1.00	0.00	0.16	111115
53	"15:23:54"	3444.0	0	9.58	0.15	264	4.19	2.09	25.66	6	1.42	1	2.84	25.14	25.66	25.01	398.92	385.49	11.707	16.652	26.74	38.04	499.8	1501	286	73.25	0.368	0.283	1.0	-0.22	2.74	1.00	0.00	0.16	111115
54	"15:23:55"	3444.5	0	9.58	0.15	263	4.19	2.09	25.66	6	1.42	1	2.84	25.14	25.66	25.01	398.89	385.45	11.707	16.650	26.74	38.04	499.8	1501	286	73.25	0.368	0.283	1.0	-0.22	2.74	1.00	0.00	0.16	111115
55	"15:23:55"	3445.0	0	9.57	0.15	263	4.19	2.09	25.66	6	1.42	1	2.84	25.14	25.66	25.01	398.86	385.43	11.707	16.650	26.75	38.04	499.8	1501	286	73.25	0.368	0.283	1.0	-0.22	2.74	1.00	0.00	0.16	111115
56	"15:23:56"	3445.5	0	9.56	0.15	264	4.19	2.09	25.66	6	1.42	1	2.84	25.14	25.66	25.01	398.82	385.41	11.706	16.650	26.74	38.04	499.8	1501	286	73.25	0.368	0.283	1.0	-0.22	2.74	1.00	0.00	0.16	111115
57	"15:23:56"	3446.0	0	9.53	0.15	264	4.19	2.09	25.67	6	1.42	1	2.84	25.14	25.67	25.01	398.79	385.41	11.706	16.650	26.74	38.04	499.8	1501	286	73.25	0.368	0.283	1.0	-0.22	2.74	1.00	0.00	0.16	111115
58	"15:23:57"	3446.5	0	9.56	0.15	263	4.19	2.09	25.67	6	1.42	1	2.84	25.14	25.67	25.01	398.77	385.36	11.705	16.649	26.74	38.03	499.8	1501	286	73.25	0.368	0.283	1.0	-0.22	2.74	1.00	0.00	0.16	111115
59	"15:23:57"	3447.0	0	9.55	0.15	263	4.19	2.09	25.68	6	1.42	1	2.84	25.14	25.68	25.01	398.78	385.37	11.705	16.650	26.74	38.04	499.8	1501	286	73.25	0.368	0.283	1.0	-0.22	2.74	1.00	0.00	0.16	111115
60	"15:23:58"	3447.5	0	9.55	0.15	263	4.19	2.09	25.68	6	1.42	1	2.84	25.14	25.68	25.01	398.75	385.35	11.705	16.648	26.74	38.03	499.8	1501	286	73.25	0.368	0.283	1.0	-0.22	2.74	1.00	0.00	0.16	111115
"15:24:04 Coolers: Tblock -> 30.00 C"
"15:26:44 Flow: Fixed -> 500 umol/s"
61	"15:28:16"	3706.5	0	9.43	0.135	253	4.52	2.48	28.50	6	1.42	1	2.84	29.40	28.50	30.10	400.96	387.54	14.232	19.554	25.33	34.80	499.8	1499	284	73.25	0.249	0.236	1.0	-0.22	2.74	1.00	0.00	0.16	111115
62	"15:28:16"	3707.0	0	9.47	0.135	253	4.52	2.48	28.51	6	1.42	1	2.84	29.40	28.51	30.10	401.05	387.58	14.233	19.552	25.33	34.80	499.8	1499	284	73.25	0.249	0.236	1.0	-0.22	2.74	1.00	0.00	0.16	111115
63	"15:28:17"	3707.0	0	9.47	0.135	253	4.52	2.48	28.51	6	1.42	1	2.84	29.40	28.51	30.10	401.05	387.58	14.233	19.552	25.33	34.80	499.8	1499	284	73.25	0.249	0.236	1.0	-0.22	2.74	1.00	0.00	0.16	111115
64	"15:28:17"	3707.5	0	9.46	0.135	253	4.52	2.48	28.51	6	1.42	1	2.84	29.40	28.51	30.10	401.07	387.61	14.232	19.551	25.33	34.79	499.8	1499	284	73.25	0.249	0.236	1.0	-0.22	2.74	1.00	0.00	0.16	111115
65	"15:28:18"	3708.0	0	9.45	0.135	253	4.52	2.48	28.51	6	1.42	1	2.84	29.40	28.51	30.10	401.09	387.64	14.232	19.551	25.32	34.79	499.8	1499	284	73.25	0.249	0.236	1.0	-0.22	2.74	1.00	0.00	0.16	111115
66	"15:28:18"	3708.5	0	9.45	0.135	253	4.52	2.48	28.51	6	1.42	1	2.84	29.40	28.51	30.10	401.13	387.68	14.232	19.551	25.32	34.79	499.8	1499	284	73.25	0.249	0.236	1.0	-0.22	2.74	1.00	0.00	0.16	111115
67	"15:28:19"	3709.0	0	9.49	0.135	253	4.52	2.48	28.52	6	1.42	1	2.84	29.41	28.52	30.10	401.14	387.65	14.231	19.550	25.32	34.78	499.8	1499	284	73.25	0.249	0.236	1.0	-0.22	2.74	1.00	0.00	0.16	111115
68	"15:28:19"	3709.5	0	9.43	0.135	253	4.52	2.48	28.52	6	1.42	1	2.84	29.41	28.52	30.10	401.07	387.65	14.231	19.551	25.32	34.78	499.8	1499	284	73.25	0.249	0.236	1.0	-0.22	2.74	1.00	0.00	0.16	111115
69	"15:28:20"	3710.0	0	9.39	0.135	254	4.52	2.48	28.52	6	1.42	1	2.84	29.41	28.52	30.10	401.06	387.68	14.231	19.552	25.32	34.78	499.8	1499	284	73.25	0.249	0.236	1.0	-0.22	2.74	1.00	0.00	0.16	111115
70	"15:28:20"	3710.5	0	9.35	0.135	254	4.52	2.48	28.52	6	1.42	1	2.84	29.41	28.52	30.10	401.03	387.70	14.229	19.550	25.31	34.78	499.9	1499	284	73.25	0.249	0.236	1.0	-0.22	2.74	1.00	0.00	0.16	111115
71	"15:28:21"	3711.0	0	9.35	0.135	254	4.52	2.48	28.53	6	1.42	1	2.84	29.41	28.53	30.10	401.03	387.70	14.228	19.550	25.31	34.77	499.9	1499	284	73.25	0.249	0.236	1.0	-0.22	2.74	1.00	0.00	0.16	111115
72	"15:28:21"	3711.5	0	9.37	0.135	254	4.52	2.48	28.53	6	1.42	1	2.84	29.41	28.53	30.10	401.07	387.72	14.228	19.550	25.31	34.77	499.9	1499	284	73.25	0.249	0.236	1.0	-0.22	2.74	1.00	0.00	0.16	111115
73	"15:28:22"	3712.0	0	9.43	0.135	253	4.52	2.48	28.53	6	1.42	1	2.84	29.41	28.53	30.10	401.14	387.72	14.226	19.549	25.30	34.77	499.9	1499	284	73.25	0.249	0.236	1.0	-0.22	2.74	1.00	0.00	0.16	111115
74	"15:28:22"	3712.5	0	9.45	0.135	253	4.52	2.48	28.53	6	1.42	1	2.84	29.41	28.53	30.10	401.15	387.70	14.225	19.549	25.30	34.77	499.9	1499	284	73.25	0.249	0.236	1.0	-0.22	2.74	1.00	0.00	0.16	111115
75	"15:28:23"	3713.0	0	9.45	0.135	253	4.52	2.48	28.54	6	1.42	1	2.84	29.41	28.54	30.10	401.16	387.72	14.226	19.550	25.30	34.77	499.9	1499	284	73.25	0.249	0.236	1.0	-0.22	2.74	1.00	0.00	0.16	111115
"15:28:27 Coolers: Tblock -> 35.00 C"
"15:31:13 Flow: Fixed -> 500 umol/s"
76	"15:31:46"	3916.0	0	8.69	0.127	255	4.52	2.6	30.87	6	1.42	1	2.84	33.41	30.87	34.99	400.33	387.80	20.316	25.601	28.79	36.28	499.8	1500	283	73.25	0.369	0.162	1.0	-0.22	2.74	1.00	0.00	0.16	111115
77	"15:31:46"	3916.0	0	8.69	0.127	255	4.52	2.6	30.87	6	1.42	1	2.84	33.41	30.87	34.99	400.33	387.80	20.316	25.601	28.79	36.28	499.8	1500	283	73.25	0.369	0.162	1.0	-0.22	2.74	1.00	0.00	0.16	111115
78	"15:31:47"	3916.0	0	8.69	0.127	255	4.52	2.6	30.87	6	1.42	1	2.84	33.41	30.87	34.99	400.33	387.80	20.316	25.601	28.79	36.28	499.8	1500	283	73.25	0.369	0.162	1.0	-0.22	2.74	1.00	0.00	0.16	111115
79	"15:31:47"	3916.5	0	8.67	0.127	255	4.52	2.6	30.87	6	1.42	1	2.84	33.41	30.87	34.99	400.34	387.82	20.316	25.600	28.78	36.27	499.8	1500	283	73.25	0.369	0.162	1.0	-0.22	2.74	1.00	0.00	0.16	111115
80	"15:31:48"	3917.0	0	8.72	0.127	255	4.52	2.6	30.87	6	1.42	1	2.84	33.41	30.87	35.00	400.41	387.83	20.315	25.599	28.78	36.27	499.8	1500	283	73.25	0.369	0.162	1.0	-0.22	2.74	1.00	0.00	0.16	111115
81	"15:31:48"	3917.5	0	8.76	0.127	254	4.52	2.6	30.87	6	1.42	1	2.84	33.42	30.87	35.00	400.49	387.87	20.315	25.599	28.78	36.26	499.7	1500	283	73.25	0.369	0.162	1.0	-0.22	2.74	1.00	0.00	0.16	111115
82	"15:31:49"	3918.0	0	8.82	0.127	254	4.52	2.6	30.88	6	1.42	1	2.84	33.42	30.88	35.00	400.57	387.87	20.314	25.601	28.77	36.26	499.8	1500	283	73.25	0.369	0.162	1.0	-0.22	2.74	1.00	0.00	0.16	111115
83	"15:31:49"	3918.5	0	8.81	0.127	254	4.52	2.6	30.88	6	1.42	1	2.84	33.42	30.88	35.00	400.62	387.93	20.313	25.601	28.77	36.26	499.8	1500	283	73.25	0.369	0.162	1.0	-0.22	2.74	1.00	0.00	0.16	111115
84	"15:31:50"	3919.0	0	8.84	0.127	254	4.52	2.6	30.88	6	1.42	1	2.84	33.42	30.88	35.00	400.70	387.99	20.312	25.601	28.76	36.25	499.8	1500	283	73.25	0.369	0.162	1.0	-0.22	2.74	1.00	0.00	0.16	111115
85	"15:31:50"	3919.5	0	8.85	0.127	253	4.52	2.6	30.88	6	1.42	1	2.84	33.42	30.88	35.00	400.75	388.01	20.312	25.601	28.76	36.25	499.8	1500	283	73.25	0.369	0.162	1.0	-0.22	2.74	1.00	0.00	0.16	111115
86	"15:31:51"	3920.0	0	8.89	0.127	253	4.52	2.61	30.88	6	1.42	1	2.84	33.42	30.88	34.99	400.80	388.03	20.310	25.601	28.76	36.25	499.8	1500	283	73.25	0.369	0.162	1.0	-0.22	2.74	1.00	0.00	0.16	111115
87	"15:31:51"	3920.5	0	8.9	0.127	253	4.53	2.61	30.89	6	1.42	1	2.84	33.42	30.89	34.99	400.80	388.01	20.308	25.601	28.75	36.25	499.8	1500	283	73.25	0.369	0.162	1.0	-0.22	2.74	1.00	0.00	0.16	111115
88	"15:31:52"	3921.0	0	8.85	0.127	253	4.52	2.61	30.89	6	1.42	1	2.84	33.42	30.89	34.99	400.72	387.99	20.306	25.599	28.75	36.24	499.8	1500	283	73.25	0.369	0.162	1.0	-0.22	2.74	1.00	0.00	0.16	111115
89	"15:31:52"	3921.5	0	8.81	0.127	254	4.52	2.61	30.89	6	1.42	1	2.84	33.42	30.89	34.99	400.64	387.96	20.305	25.598	28.75	36.24	499.8	1500	283	73.25	0.369	0.162	1.0	-0.22	2.74	1.00	0.00	0.16	111115
90	"15:31:53"	3922.0	0	8.74	0.127	255	4.52	2.61	30.89	6	1.42	1	2.84	33.43	30.89	34.99	400.57	387.96	20.304	25.597	28.74	36.24	499.8	1500	283	73.25	0.369	0.162	1.0	-0.22	2.74	1.00	0.00	0.16	111115
