"OPEN 6.2.4"
"Thr Jul  2 2015 12:43:32"
<open><version>"6.2.4"</version></open>
<open><configfile>"/User/Configs/UserPrefs/2x3 LED.xml"</configfile></open>
<open><light><source>"6400-02 or -02B LED Source"</source><par_in>1<sensor>"SI-3781"<cal>-0.93<actinity>1.00</actinity><transm>1.00</transm></cal></sensor><transm>1</transm></par_in><par_out>1<sensor>"Q49599"<cal>7.26</cal></sensor></par_out></light></open>
<open><comps><file>"/User/Configs/Comps/StdComps_6.2"<header>""</header><extras></extras></file><energybal>no<f_parIn>1</f_parIn><f_parOut>0</f_parOut><alphaK>0.16</alphaK></energybal><bc_total>2.840<stomatal_ratio>1</stomatal_ratio><bc_oneside>1.420<type>2</type><table>"/Sys/Lib/StdBLCTable"</table><area>6</area><slope>-0.219565</slope><offset>2.73739</offset><fan>5</fan></bc_oneside></bc_total></comps></open>
<open><prompts><onlog>off</onlog><items>"Default (none)"</items></prompts></open>
<open><constants><oxygen>21 %</oxygen><bb_vapor>1.5</bb_vapor><bb_oxy>0.9</bb_oxy></constants></open>
<open><stability><items>"Std Stability"<items[1]><id>-2</id><size>15</size><pcv><onoff>0</onoff><value>1</value></pcv><std><onoff>0</onoff><value>1</value></std><slp><onoff>1</onoff><value>1</value></slp></items[1]><items[2]><id>-5</id><size>15</size><pcv><onoff>0</onoff><value>1</value></pcv><std><onoff>0</onoff><value>1</value></std><slp><onoff>1</onoff><value>1</value></slp></items[2]><items[3]><id>-7</id><size>15</size><pcv><onoff>0</onoff><value>1</value></pcv><std><onoff>0</onoff><value>1</value></std><slp><onoff>1</onoff><value>1</value></slp></items[3]></items></stability></open>
<open><log><format>"StdLogFmt_6.0"<items>{ -35 -21 -36 -76 30 23 36 21 25 221 -33 111 -34 11 -9 -10 -8 -1 -2 -4 -5 -14 -15 -7 -12 -13 -11 -65 -66 -72 -18 -19 -77 -78 -79 -23  }<hdr>{  }</hdr></items></format><options><beep>on</beep><hdr>normal</hdr><rem>normal</rem><stab>no</stab><stats>no<mean>no</mean><file>no</file><period>15</period></stats><excel>yes</excel><controls>yes</controls><comm>no</comm></options><datafile>"/User/stm-pbchan3"</datafile><button><action>"Normal Log"<code>" LogOneObsManual "</code></action></button><autoprog>"/User/Configs/AutoProgs/AutoLog2"<active>no</active></autoprog></log></open>
<open><a2d><avgtime>4.0 secs</avgtime><userchans><ch20>"Off"</ch20><ch21>"Off"</ch21><ch22>"Off"</ch22><ch23>"Off"</ch23></userchans></a2d></open>
<open><matching><type>0</type><disp>'a'</disp><settings><CO2Limit>10.0</CO2Limit><H2OLimit>1.0</H2OLimit><MaxAutoTime>60</MaxAutoTime></settings></matching></open>
<li6400><factory><unit>"PSC-3840"</unit><serviced>"1 Jul 2013"</serviced><fuseaware>0</fuseaware><co2mixer>yes</co2mixer><co2><coeffs>{ 0 0.213319 2.22998e-05 2.13159e-08 -3.88664e-12 3.69888e-16  }</coeffs><dvdt>-4.7</dvdt><xs>{ 0.0009 -0.0002  }</xs></co2><h2o><coeffs>{ 0 0.00572751 2.23485e-06 -7.37877e-12  }</coeffs><dvdt>-1.7</dvdt><xs>{ 0.0009 -0.0028  }</xs></h2o><flow>{ 0 0.3568  }</flow><press>{ 88.437 0.00551  }</press></factory></li6400>
<li6400><user><flow_zero>-468.8</flow_zero><irga_zero><co2>429.7 390.6<at>17.6901</at></co2><h2o>78.1 156.2<at>17.1607</at></h2o></irga_zero><irga_span><co2>{ 0.99237 0.992833  }</co2><h2o>{ 1.00426 0.996799  }</h2o></irga_span><irga_match><co2>{ 0.368307 -0.323419  }</co2><h2o>{ 0.00477181 0.111622  }</h2o></irga_match><co2_mixer><pump_mv>4500</pump_mv><ppm>{ 2287.2 1080.71 423.89 257.488 117.195 68.0056 44.5242 37.9628  }</ppm><mv>{ 5000 3000 1500 1000 500 300 200 100  }</mv></co2_mixer><parin_offset>0</parin_offset><led_cal><unit>"SI-3781"</unit><mv>{ 10 25 50 100 1000 2000 3000 4000 5000  }</mv><qntm>{ 4.69642 15.4417 35.4805 82.2863 972.665 1922.29 2824.32 3690.14 4518.2  }</qntm></led_cal><lcf_cal><unit>"unknown"</unit><red><mv>{ 50 100 500 1000 1500 5000  }</mv><qntm>{ 50 100 500 1000 2000 5000  }</qntm></red><blue><mv>{ 100 200 500 1000 2000 5000  }</mv><qntm>{ 10 20 50 100 200 500  }</qntm></blue></lcf_cal></user></li6400>
"12:43:33 "
$STARTOFDATA$
"Obs"	"HHMMSS"	"FTime"	"EBal?"	"Photo"	"Cond"	"Ci"	"Trmmol"	"VpdL"	"CTleaf"	"Area"	"BLC_1"	"StmRat"	"BLCond"	"Tair"	"Tleaf"	"TBlk"	"CO2R"	"CO2S"	"H2OR"	"H2OS"	"RH_R"	"RH_S"	"Flow"	"PARi"	"PARo"	"Press"	"CsMch"	"HsMch"	"StableF"	"BLCslope"	"BLCoffst"	"f_parin"	"f_parout"	"alphaK"	"Status"
"12:43:39 Coolers: Tblock -> 0.00 C"
"12:56:05 Coolers: Tblock -> 4.91 C"
"12:56:33 Flow: Fixed -> 500 umol/s"
1	"12:56:47"	799.0	0	16	0.322	284	4.86	1.13	13.27	6	1.42	1	2.84	7.60	13.27	4.94	401.52	380.12	-0.004	5.792	-0.03	37.81	500.0	1499	296	68.41	-0.0966	0.261	0.7	-0.22	2.74	1.00	0.00	0.16	111115
2	"12:56:48"	799.0	0	16	0.322	284	4.86	1.13	13.27	6	1.42	1	2.84	7.60	13.27	4.94	401.52	380.12	-0.004	5.792	-0.03	37.81	500.0	1499	296	68.41	-0.0966	0.261	0.7	-0.22	2.74	1.00	0.00	0.16	111115
3	"12:56:48"	799.5	0	16	0.322	284	4.86	1.13	13.27	6	1.42	1	2.84	7.60	13.27	4.94	401.53	380.10	-0.004	5.790	-0.03	37.80	500.0	1500	296	68.41	-0.0966	0.261	0.7	-0.22	2.74	1.00	0.00	0.16	111115
4	"12:56:49"	800.0	0	16	0.322	284	4.86	1.13	13.27	6	1.42	1	2.84	7.60	13.27	4.94	401.54	380.10	-0.004	5.789	-0.03	37.79	500.0	1500	297	68.41	-0.0966	0.261	0.7	-0.22	2.74	1.00	0.00	0.16	111115
5	"12:56:49"	800.5	0	16	0.322	284	4.86	1.13	13.27	6	1.42	1	2.84	7.60	13.27	4.94	401.54	380.11	-0.004	5.789	-0.03	37.79	500.0	1500	297	68.41	-0.0966	0.261	0.7	-0.22	2.74	1.00	0.00	0.16	111115
6	"12:56:50"	801.0	0	16	0.322	284	4.86	1.13	13.27	6	1.42	1	2.84	7.60	13.27	4.94	401.51	380.08	-0.004	5.789	-0.03	37.79	500.0	1500	296	68.41	-0.0966	0.261	0.7	-0.22	2.74	1.00	0.00	0.16	111115
7	"12:56:50"	801.5	0	16	0.322	284	4.85	1.13	13.27	6	1.42	1	2.84	7.60	13.27	4.94	401.48	380.08	-0.004	5.788	-0.03	37.79	500.0	1500	296	68.41	-0.0966	0.261	1.0	-0.22	2.74	1.00	0.00	0.16	111115
8	"12:56:51"	802.0	0	16	0.322	284	4.86	1.13	13.26	6	1.42	1	2.84	7.60	13.26	4.94	401.45	380.06	-0.004	5.788	-0.03	37.78	500.0	1500	295	68.41	-0.0966	0.261	1.0	-0.22	2.74	1.00	0.00	0.16	111115
9	"12:56:51"	802.5	0	15.9	0.322	284	4.85	1.13	13.26	6	1.42	1	2.84	7.60	13.26	4.94	401.43	380.08	-0.004	5.787	-0.03	37.77	500.0	1500	295	68.41	-0.0966	0.261	1.0	-0.22	2.74	1.00	0.00	0.16	111115
10	"12:56:52"	803.0	0	15.9	0.322	284	4.85	1.13	13.26	6	1.42	1	2.84	7.60	13.26	4.94	401.43	380.07	-0.005	5.787	-0.03	37.77	500.0	1500	295	68.41	-0.0966	0.261	1.0	-0.22	2.74	1.00	0.00	0.16	111115
11	"12:56:52"	803.5	0	16	0.322	284	4.85	1.13	13.26	6	1.42	1	2.84	7.60	13.26	4.94	401.46	380.08	-0.005	5.787	-0.03	37.78	500.0	1500	294	68.41	-0.0966	0.261	1.0	-0.22	2.74	1.00	0.00	0.16	111115
12	"12:56:53"	804.0	0	16	0.322	284	4.86	1.13	13.26	6	1.42	1	2.84	7.60	13.26	4.94	401.50	380.09	-0.007	5.788	-0.04	37.78	500.0	1499	293	68.41	-0.0966	0.261	1.0	-0.22	2.74	1.00	0.00	0.16	111115
13	"12:56:53"	804.5	0	16	0.322	284	4.86	1.13	13.26	6	1.42	1	2.84	7.60	13.26	4.94	401.51	380.07	-0.007	5.786	-0.05	37.77	500.0	1499	293	68.41	-0.0966	0.261	1.0	-0.22	2.74	1.00	0.00	0.16	111115
14	"12:56:54"	805.0	0	16	0.322	284	4.86	1.13	13.26	6	1.42	1	2.84	7.60	13.26	4.94	401.55	380.08	-0.007	5.786	-0.05	37.77	500.0	1499	292	68.41	-0.0966	0.261	1.0	-0.22	2.74	1.00	0.00	0.16	111115
15	"12:56:54"	805.5	0	16.1	0.322	284	4.86	1.13	13.27	6	1.42	1	2.84	7.60	13.27	4.94	401.59	380.08	-0.007	5.787	-0.05	37.77	500.0	1499	291	68.41	-0.0966	0.261	1.0	-0.22	2.74	1.00	0.00	0.16	111115
"12:57:01 Coolers: Tblock -> 10.00 C"
"13:00:06 Flow: Fixed -> 500 umol/s"
16	"13:00:24"	1015.0	0	17	0.295	267	4.67	1.17	14.72	6	1.42	1	2.84	11.24	14.72	10.01	398.46	375.98	1.868	7.426	9.55	37.95	499.9	1500	55	68.4	-0.557	0.258	1.0	-0.22	2.74	1.00	0.00	0.16	111115
17	"13:00:24"	1015.0	0	17	0.295	267	4.67	1.17	14.72	6	1.42	1	2.84	11.24	14.72	10.01	398.46	375.98	1.868	7.426	9.55	37.95	499.9	1500	55	68.4	-0.557	0.258	1.0	-0.22	2.74	1.00	0.00	0.16	111115
18	"13:00:24"	1015.0	0	17	0.295	267	4.67	1.17	14.72	6	1.42	1	2.84	11.24	14.72	10.01	398.46	375.98	1.868	7.426	9.55	37.95	499.9	1500	55	68.4	-0.557	0.258	1.0	-0.22	2.74	1.00	0.00	0.16	111115
19	"13:00:25"	1015.5	0	17	0.295	267	4.66	1.17	14.72	6	1.42	1	2.84	11.24	14.72	10.01	398.45	375.95	1.867	7.423	9.54	37.93	499.9	1500	55	68.4	-0.557	0.258	1.0	-0.22	2.74	1.00	0.00	0.16	111115
20	"13:00:25"	1016.0	0	17	0.295	267	4.66	1.17	14.72	6	1.42	1	2.84	11.24	14.72	10.01	398.42	375.93	1.867	7.422	9.54	37.93	499.9	1500	55	68.4	-0.557	0.258	1.0	-0.22	2.74	1.00	0.00	0.16	111115
21	"13:00:26"	1016.5	0	17	0.295	267	4.66	1.17	14.72	6	1.42	1	2.84	11.24	14.72	10.01	398.38	375.89	1.865	7.420	9.53	37.92	499.9	1500	55	68.4	-0.557	0.258	1.0	-0.22	2.74	1.00	0.00	0.16	111115
22	"13:00:26"	1017.0	0	17	0.295	267	4.66	1.17	14.71	6	1.42	1	2.84	11.24	14.71	10.01	398.33	375.88	1.865	7.418	9.53	37.91	499.9	1500	55	68.4	-0.557	0.258	1.0	-0.22	2.74	1.00	0.00	0.16	111115
23	"13:00:27"	1017.5	0	16.9	0.295	267	4.66	1.17	14.71	6	1.42	1	2.84	11.24	14.71	10.01	398.29	375.89	1.865	7.417	9.53	37.90	499.9	1500	55	68.4	-0.557	0.258	1.0	-0.22	2.74	1.00	0.00	0.16	111115
24	"13:00:28"	1018.0	0	16.9	0.295	267	4.66	1.17	14.71	6	1.42	1	2.84	11.24	14.71	10.01	398.24	375.86	1.864	7.414	9.52	37.88	499.9	1500	55	68.4	-0.557	0.258	1.0	-0.22	2.74	1.00	0.00	0.16	111115
25	"13:00:28"	1018.5	0	16.9	0.295	267	4.66	1.17	14.71	6	1.42	1	2.84	11.24	14.71	10.01	398.26	375.87	1.863	7.413	9.52	37.87	499.9	1500	55	68.4	-0.557	0.258	1.0	-0.22	2.74	1.00	0.00	0.16	111115
26	"13:00:29"	1019.0	0	16.9	0.295	267	4.66	1.17	14.71	6	1.42	1	2.84	11.24	14.71	10.01	398.28	375.87	1.862	7.411	9.51	37.86	499.9	1500	55	68.4	-0.557	0.258	1.0	-0.22	2.74	1.00	0.00	0.16	111115
27	"13:00:29"	1019.5	0	16.9	0.295	267	4.66	1.17	14.71	6	1.42	1	2.84	11.24	14.71	10.01	398.29	375.89	1.862	7.411	9.51	37.86	500.0	1500	55	68.4	-0.557	0.258	1.0	-0.22	2.74	1.00	0.00	0.16	111115
28	"13:00:30"	1020.0	0	16.9	0.295	267	4.66	1.17	14.71	6	1.42	1	2.84	11.24	14.71	10.01	398.33	375.91	1.861	7.410	9.51	37.85	500.0	1500	55	68.4	-0.557	0.258	1.0	-0.22	2.74	1.00	0.00	0.16	111115
29	"13:00:30"	1020.5	0	16.9	0.295	267	4.66	1.17	14.72	6	1.42	1	2.84	11.25	14.72	10.01	398.35	375.95	1.860	7.409	9.50	37.84	500.0	1500	55	68.4	-0.557	0.258	1.0	-0.22	2.74	1.00	0.00	0.16	111115
30	"13:00:31"	1021.0	0	17	0.295	267	4.66	1.17	14.72	6	1.42	1	2.84	11.25	14.72	10.01	398.39	375.94	1.859	7.406	9.50	37.83	500.0	1500	55	68.4	-0.557	0.258	1.0	-0.22	2.74	1.00	0.00	0.16	111115
"13:00:37 Coolers: Tblock -> 15.00 C"
"13:03:15 Flow: Fixed -> 500 umol/s"
"13:04:58 Flow: Fixed -> 500 umol/s"
"13:05:55 Flow: Fixed -> 500 umol/s"
31	"13:06:10"	1361.5	0	14.9	0.158	213	3.04	1.36	17.17	6	1.42	1	2.84	15.40	17.17	15.09	399.76	380.50	5.254	8.865	20.47	34.54	499.9	1501	64	68.4	-0.692	0.285	1.0	-0.22	2.74	1.00	0.00	0.16	111115
32	"13:06:11"	1361.5	0	14.9	0.158	213	3.04	1.36	17.17	6	1.42	1	2.84	15.40	17.17	15.09	399.76	380.50	5.254	8.865	20.47	34.54	499.9	1501	64	68.4	-0.692	0.285	1.0	-0.22	2.74	1.00	0.00	0.16	111115
33	"13:06:11"	1361.5	0	14.9	0.158	213	3.04	1.36	17.17	6	1.42	1	2.84	15.40	17.17	15.09	399.76	380.50	5.254	8.865	20.47	34.54	499.9	1501	64	68.4	-0.692	0.285	1.0	-0.22	2.74	1.00	0.00	0.16	111115
34	"13:06:11"	1362.0	0	14.9	0.158	213	3.03	1.36	17.17	6	1.42	1	2.84	15.40	17.17	15.09	399.76	380.51	5.255	8.863	20.47	34.53	499.9	1501	65	68.4	-0.692	0.285	1.0	-0.22	2.74	1.00	0.00	0.16	111115
35	"13:06:12"	1362.5	0	14.9	0.158	213	3.03	1.36	17.17	6	1.42	1	2.84	15.40	17.17	15.09	399.78	380.51	5.255	8.862	20.47	34.52	500.0	1501	65	68.4	-0.692	0.285	1.0	-0.22	2.74	1.00	0.00	0.16	111115
36	"13:06:12"	1363.0	0	14.9	0.158	213	3.03	1.36	17.17	6	1.42	1	2.84	15.40	17.17	15.09	399.75	380.54	5.255	8.859	20.47	34.51	499.9	1501	65	68.4	-0.692	0.285	0.7	-0.22	2.74	1.00	0.00	0.16	111115
37	"13:06:13"	1363.5	0	14.8	0.158	213	3.03	1.36	17.18	6	1.42	1	2.84	15.40	17.18	15.09	399.75	380.56	5.256	8.857	20.47	34.50	500.0	1501	65	68.4	-0.692	0.285	0.7	-0.22	2.74	1.00	0.00	0.16	111115
38	"13:06:13"	1364.0	0	14.8	0.157	213	3.03	1.36	17.18	6	1.42	1	2.84	15.40	17.18	15.09	399.71	380.54	5.255	8.854	20.47	34.49	499.9	1501	65	68.4	-0.692	0.285	0.7	-0.22	2.74	1.00	0.00	0.16	111115
39	"13:06:14"	1364.5	0	14.8	0.157	213	3.02	1.36	17.18	6	1.42	1	2.84	15.40	17.18	15.09	399.71	380.51	5.255	8.852	20.47	34.48	499.9	1501	65	68.4	-0.692	0.285	0.7	-0.22	2.74	1.00	0.00	0.16	111115
40	"13:06:14"	1365.0	0	14.9	0.157	213	3.02	1.36	17.18	6	1.42	1	2.84	15.40	17.18	15.09	399.73	380.51	5.255	8.849	20.47	34.47	500.0	1501	65	68.4	-0.692	0.285	0.7	-0.22	2.74	1.00	0.00	0.16	111115
41	"13:06:15"	1365.5	0	14.9	0.157	212	3.02	1.36	17.18	6	1.42	1	2.84	15.40	17.18	15.09	399.75	380.50	5.255	8.848	20.47	34.47	500.0	1501	65	68.4	-0.692	0.285	0.7	-0.22	2.74	1.00	0.00	0.16	111115
42	"13:06:16"	1366.0	0	14.9	0.157	212	3.02	1.36	17.18	6	1.42	1	2.84	15.40	17.18	15.09	399.76	380.49	5.254	8.843	20.47	34.45	499.9	1501	65	68.4	-0.692	0.285	0.7	-0.22	2.74	1.00	0.00	0.16	111115
43	"13:06:16"	1366.5	0	14.9	0.157	212	3.01	1.36	17.19	6	1.42	1	2.84	15.40	17.19	15.09	399.75	380.49	5.253	8.839	20.46	34.43	500.0	1501	65	68.4	-0.692	0.285	0.7	-0.22	2.74	1.00	0.00	0.16	111115
44	"13:06:17"	1367.0	0	14.9	0.156	211	3.01	1.36	17.19	6	1.42	1	2.84	15.40	17.19	15.09	399.78	380.50	5.253	8.837	20.46	34.42	500.0	1501	65	68.4	-0.692	0.285	0.7	-0.22	2.74	1.00	0.00	0.16	111115
45	"13:06:17"	1367.5	0	14.9	0.156	211	3.01	1.36	17.19	6	1.42	1	2.84	15.40	17.19	15.09	399.77	380.50	5.254	8.833	20.46	34.41	500.0	1501	65	68.4	-0.692	0.285	0.7	-0.22	2.74	1.00	0.00	0.16	111115
"13:06:21 Coolers: Tblock -> 20.00 C"
"13:09:19 Flow: Fixed -> 500 umol/s"
46	"13:09:30"	1561.0	0	13	0.121	193	2.48	1.43	19.35	6	1.42	1	2.84	19.37	19.35	19.98	399.38	382.58	9.069	12.007	27.49	36.40	500.0	1499	51	68.4	-0.901	0.277	0.7	-0.22	2.74	1.00	0.00	0.16	111115
47	"13:09:30"	1561.0	0	13	0.121	193	2.48	1.43	19.35	6	1.42	1	2.84	19.37	19.35	19.98	399.38	382.58	9.069	12.007	27.49	36.40	500.0	1499	51	68.4	-0.901	0.277	0.7	-0.22	2.74	1.00	0.00	0.16	111115
48	"13:09:31"	1561.5	0	13	0.121	194	2.48	1.43	19.35	6	1.42	1	2.84	19.37	19.35	19.98	399.36	382.61	9.069	12.007	27.49	36.40	500.0	1499	51	68.4	-0.901	0.277	0.7	-0.22	2.74	1.00	0.00	0.16	111115
49	"13:09:31"	1562.0	0	13	0.121	194	2.48	1.43	19.36	6	1.42	1	2.84	19.37	19.36	19.98	399.34	382.59	9.069	12.007	27.49	36.40	500.0	1499	51	68.4	-0.901	0.277	0.7	-0.22	2.74	1.00	0.00	0.16	111115
50	"13:09:32"	1562.5	0	13	0.12	194	2.48	1.43	19.36	6	1.42	1	2.84	19.37	19.36	19.98	399.31	382.61	9.069	12.005	27.49	36.39	500.0	1499	51	68.4	-0.901	0.277	1.0	-0.22	2.74	1.00	0.00	0.16	111115
51	"13:09:33"	1563.0	0	13	0.12	194	2.48	1.43	19.36	6	1.42	1	2.84	19.37	19.36	19.98	399.30	382.61	9.069	12.006	27.49	36.39	500.0	1499	51	68.4	-0.901	0.277	1.0	-0.22	2.74	1.00	0.00	0.16	111115
52	"13:09:33"	1563.5	0	13	0.12	194	2.48	1.43	19.36	6	1.42	1	2.84	19.37	19.36	19.98	399.31	382.61	9.069	12.007	27.49	36.39	500.0	1499	51	68.4	-0.901	0.277	1.0	-0.22	2.74	1.00	0.00	0.16	111115
53	"13:09:34"	1564.0	0	13	0.12	194	2.48	1.43	19.36	6	1.42	1	2.84	19.37	19.36	19.98	399.30	382.62	9.070	12.007	27.49	36.39	500.0	1499	51	68.4	-0.901	0.277	1.0	-0.22	2.74	1.00	0.00	0.16	111115
54	"13:09:34"	1564.5	0	13	0.12	194	2.48	1.43	19.37	6	1.42	1	2.84	19.37	19.37	19.98	399.36	382.63	9.071	12.007	27.49	36.38	500.0	1499	52	68.4	-0.901	0.277	1.0	-0.22	2.74	1.00	0.00	0.16	111115
55	"13:09:35"	1565.0	0	13	0.12	193	2.48	1.43	19.37	6	1.42	1	2.84	19.37	19.37	19.98	399.41	382.65	9.071	12.007	27.49	36.38	500.0	1499	52	68.4	-0.901	0.277	1.0	-0.22	2.74	1.00	0.00	0.16	111115
56	"13:09:35"	1565.5	0	13	0.12	193	2.48	1.43	19.37	6	1.42	1	2.84	19.38	19.37	19.98	399.42	382.66	9.072	12.007	27.49	36.38	500.0	1499	52	68.4	-0.901	0.277	1.0	-0.22	2.74	1.00	0.00	0.16	111115
57	"13:09:36"	1566.0	0	13	0.12	194	2.48	1.44	19.37	6	1.42	1	2.84	19.38	19.37	19.98	399.43	382.69	9.072	12.008	27.48	36.38	500.0	1499	52	68.4	-0.901	0.277	1.0	-0.22	2.74	1.00	0.00	0.16	111115
58	"13:09:36"	1566.5	0	13.1	0.12	193	2.48	1.44	19.37	6	1.42	1	2.84	19.38	19.37	19.98	399.48	382.67	9.071	12.010	27.48	36.38	499.9	1499	52	68.4	-0.901	0.277	1.0	-0.22	2.74	1.00	0.00	0.16	111115
59	"13:09:37"	1567.0	0	13.1	0.12	193	2.48	1.44	19.37	6	1.42	1	2.84	19.38	19.37	19.98	399.51	382.67	9.071	12.010	27.48	36.38	499.9	1499	52	68.4	-0.901	0.277	1.0	-0.22	2.74	1.00	0.00	0.16	111115
60	"13:09:37"	1567.5	0	13.1	0.12	192	2.48	1.44	19.38	6	1.42	1	2.84	19.38	19.38	19.98	399.51	382.63	9.071	12.008	27.48	36.37	499.9	1499	52	68.4	-0.901	0.277	1.0	-0.22	2.74	1.00	0.00	0.16	111115
"13:09:46 Coolers: Tblock -> 25.00 C"
"13:12:02 Flow: Fixed -> 500 umol/s"
61	"13:12:22"	1733.5	0	12.4	0.115	194	2.53	1.53	21.29	6	1.42	1	2.84	23.45	21.29	25.05	400.29	384.18	11.846	14.838	27.96	35.02	500.0	1500	51	68.4	-1.27	0.232	1.0	-0.22	2.74	1.00	0.00	0.16	111115
62	"13:12:22"	1733.5	0	12.4	0.115	194	2.53	1.53	21.29	6	1.42	1	2.84	23.45	21.29	25.05	400.29	384.18	11.846	14.838	27.96	35.02	500.0	1500	51	68.4	-1.27	0.232	1.0	-0.22	2.74	1.00	0.00	0.16	111115
63	"13:12:23"	1733.5	0	12.4	0.115	194	2.53	1.53	21.29	6	1.42	1	2.84	23.45	21.29	25.05	400.29	384.18	11.846	14.838	27.96	35.02	500.0	1500	51	68.4	-1.27	0.232	1.0	-0.22	2.74	1.00	0.00	0.16	111115
64	"13:12:23"	1734.0	0	12.4	0.115	195	2.53	1.53	21.29	6	1.42	1	2.84	23.45	21.29	25.05	400.26	384.16	11.845	14.838	27.96	35.02	499.9	1500	51	68.4	-1.27	0.232	1.0	-0.22	2.74	1.00	0.00	0.16	111115
65	"13:12:24"	1734.5	0	12.5	0.115	195	2.54	1.53	21.29	6	1.42	1	2.84	23.46	21.29	25.05	400.28	384.16	11.844	14.842	27.95	35.02	499.9	1500	51	68.4	-1.27	0.232	1.0	-0.22	2.74	1.00	0.00	0.16	111115
66	"13:12:24"	1735.0	0	12.5	0.115	195	2.54	1.53	21.29	6	1.42	1	2.84	23.46	21.29	25.05	400.30	384.17	11.845	14.844	27.95	35.02	499.9	1500	51	68.4	-1.27	0.232	1.0	-0.22	2.74	1.00	0.00	0.16	111115
67	"13:12:25"	1735.5	0	12.5	0.115	194	2.54	1.53	21.29	6	1.42	1	2.84	23.46	21.29	25.05	400.31	384.17	11.845	14.846	27.94	35.02	499.9	1500	51	68.4	-1.27	0.232	1.0	-0.22	2.74	1.00	0.00	0.16	111115
68	"13:12:25"	1736.0	0	12.5	0.115	194	2.54	1.53	21.30	6	1.42	1	2.84	23.46	21.30	25.05	400.34	384.18	11.845	14.847	27.94	35.02	499.9	1500	50	68.4	-1.27	0.232	1.0	-0.22	2.74	1.00	0.00	0.16	111115
69	"13:12:26"	1736.5	0	12.5	0.115	195	2.54	1.53	21.30	6	1.42	1	2.84	23.47	21.30	25.05	400.33	384.21	11.846	14.846	27.94	35.01	499.9	1500	50	68.4	-1.27	0.232	1.0	-0.22	2.74	1.00	0.00	0.16	111115
70	"13:12:26"	1737.0	0	12.5	0.115	194	2.54	1.53	21.30	6	1.42	1	2.84	23.47	21.30	25.05	400.37	384.21	11.845	14.849	27.93	35.02	499.9	1501	50	68.4	-1.27	0.232	1.0	-0.22	2.74	1.00	0.00	0.16	111115
71	"13:12:27"	1737.5	0	12.6	0.115	193	2.54	1.53	21.31	6	1.42	1	2.84	23.47	21.31	25.05	400.44	384.19	11.844	14.852	27.93	35.02	499.9	1501	50	68.4	-1.27	0.232	1.0	-0.22	2.74	1.00	0.00	0.16	111115
72	"13:12:27"	1738.0	0	12.6	0.115	193	2.54	1.53	21.31	6	1.42	1	2.84	23.47	21.31	25.05	400.49	384.23	11.845	14.852	27.92	35.01	500.0	1501	50	68.4	-1.27	0.232	1.0	-0.22	2.74	1.00	0.00	0.16	111115
73	"13:12:28"	1738.5	0	12.6	0.115	193	2.54	1.53	21.32	6	1.42	1	2.84	23.47	21.32	25.05	400.51	384.24	11.845	14.851	27.92	35.01	500.0	1501	50	68.4	-1.27	0.232	1.0	-0.22	2.74	1.00	0.00	0.16	111115
74	"13:12:28"	1739.0	0	12.6	0.115	192	2.54	1.53	21.32	6	1.42	1	2.84	23.48	21.32	25.05	400.54	384.21	11.844	14.851	27.92	35.00	500.0	1501	50	68.4	-1.27	0.232	1.0	-0.22	2.74	1.00	0.00	0.16	111115
75	"13:12:29"	1739.5	0	12.6	0.115	192	2.55	1.53	21.33	6	1.42	1	2.84	23.48	21.33	25.05	400.59	384.25	11.844	14.853	27.91	35.00	500.0	1501	50	68.4	-1.27	0.232	1.0	-0.22	2.74	1.00	0.00	0.16	111115
"13:12:54 Coolers: Tblock -> 0.00 C"
"13:23:49 Flow: Fixed -> 500 umol/s"
"13:24:17 Coolers: Tblock -> 3.76 C"
"13:26:12 Flow: Fixed -> 500 umol/s"
76	"13:26:31"	2582.5	0	13.4	0.118	186	1.95	1.16	12.91	6	1.42	1	2.84	6.63	12.91	4.43	399.77	382.72	2.495	4.824	17.40	33.65	499.0	1501	45	68.39	-1.19	0.293	1.0	-0.22	2.74	1.00	0.00	0.16	111115
77	"13:26:32"	2582.5	0	13.4	0.118	186	1.95	1.16	12.91	6	1.42	1	2.84	6.63	12.91	4.43	399.77	382.72	2.495	4.824	17.40	33.65	499.0	1501	45	68.39	-1.19	0.293	1.0	-0.22	2.74	1.00	0.00	0.16	111115
78	"13:26:32"	2583.0	0	13.4	0.118	186	1.95	1.16	12.91	6	1.42	1	2.84	6.63	12.91	4.42	399.77	382.72	2.494	4.824	17.39	33.65	499.0	1500	45	68.39	-1.19	0.293	1.0	-0.22	2.74	1.00	0.00	0.16	111115
79	"13:26:32"	2583.0	0	13.4	0.118	186	1.95	1.16	12.91	6	1.42	1	2.84	6.63	12.91	4.42	399.77	382.72	2.494	4.824	17.39	33.65	499.0	1500	45	68.39	-1.19	0.293	1.0	-0.22	2.74	1.00	0.00	0.16	111115
80	"13:26:33"	2583.5	0	13.4	0.118	186	1.95	1.16	12.91	6	1.42	1	2.84	6.63	12.91	4.41	399.78	382.73	2.493	4.824	17.39	33.65	499.0	1500	45	68.39	-1.19	0.293	1.0	-0.22	2.74	1.00	0.00	0.16	111115
81	"13:26:33"	2584.0	0	13.4	0.118	186	1.95	1.16	12.91	6	1.42	1	2.84	6.63	12.91	4.40	399.74	382.74	2.493	4.823	17.39	33.64	499.0	1501	45	68.39	-1.19	0.293	1.0	-0.22	2.74	1.00	0.00	0.16	111115
82	"13:26:34"	2584.5	0	13.4	0.118	186	1.95	1.16	12.91	6	1.42	1	2.84	6.63	12.91	4.39	399.73	382.76	2.492	4.822	17.38	33.63	499.0	1501	44	68.39	-1.19	0.293	1.0	-0.22	2.74	1.00	0.00	0.16	111115
83	"13:26:35"	2585.0	0	13.4	0.118	186	1.95	1.16	12.91	6	1.42	1	2.84	6.63	12.91	4.38	399.72	382.75	2.491	4.822	17.38	33.63	499.0	1501	44	68.39	-1.19	0.293	1.0	-0.22	2.74	1.00	0.00	0.16	111115
84	"13:26:35"	2585.5	0	13.4	0.118	187	1.95	1.16	12.91	6	1.42	1	2.84	6.63	12.91	4.37	399.73	382.77	2.491	4.821	17.38	33.63	499.0	1501	45	68.39	-1.19	0.293	1.0	-0.22	2.74	1.00	0.00	0.16	111115
85	"13:26:36"	2586.0	0	13.3	0.118	187	1.95	1.16	12.91	6	1.42	1	2.84	6.63	12.91	4.36	399.70	382.78	2.491	4.821	17.37	33.63	499.1	1501	44	68.39	-1.19	0.293	0.7	-0.22	2.74	1.00	0.00	0.16	111115
86	"13:26:36"	2586.5	0	13.3	0.118	188	1.95	1.16	12.90	6	1.42	1	2.84	6.63	12.90	4.35	399.68	382.79	2.490	4.820	17.37	33.63	499.1	1501	44	68.39	-1.19	0.293	0.7	-0.22	2.74	1.00	0.00	0.16	111115
87	"13:26:37"	2587.0	0	13.3	0.118	188	1.95	1.16	12.90	6	1.42	1	2.84	6.63	12.90	4.34	399.69	382.83	2.490	4.820	17.37	33.63	499.1	1501	44	68.39	-1.19	0.293	0.7	-0.22	2.74	1.00	0.00	0.16	111115
88	"13:26:37"	2588.0	0	13.3	0.118	188	1.95	1.16	12.88	6	1.42	1	2.84	6.62	12.88	4.31	399.75	382.87	2.489	4.819	17.37	33.64	499.1	1501	44	68.39	-1.19	0.293	0.7	-0.22	2.74	1.00	0.00	0.16	111115
89	"13:26:38"	2588.5	0	13.3	0.118	188	1.95	1.16	12.88	6	1.42	1	2.84	6.62	12.88	4.30	399.80	382.89	2.488	4.819	17.37	33.64	499.2	1501	44	68.39	-1.19	0.293	0.7	-0.22	2.74	1.00	0.00	0.16	111115
90	"13:26:38"	2589.0	0	13.3	0.118	188	1.95	1.16	12.87	6	1.42	1	2.84	6.62	12.87	4.29	399.83	382.91	2.487	4.819	17.36	33.64	499.2	1501	44	68.39	-1.19	0.293	0.7	-0.22	2.74	1.00	0.00	0.16	111115
"13:26:52 Coolers: Tblock -> 0.00 C"
"13:29:33 Flow: Fixed -> 500 umol/s"
91	"13:29:55"	2786.5	0	13.3	0.12	192	1.82	1.06	11.58	6	1.42	1	2.84	4.54	11.58	1.79	399.25	382.47	2.293	4.467	18.49	36.01	499.1	1501	50	68.39	-1.2	0.289	1.0	-0.22	2.74	1.00	0.00	0.16	111115
92	"13:29:55"	2786.5	0	13.3	0.12	192	1.82	1.06	11.58	6	1.42	1	2.84	4.54	11.58	1.79	399.25	382.47	2.293	4.467	18.49	36.01	499.1	1501	50	68.39	-1.2	0.289	1.0	-0.22	2.74	1.00	0.00	0.16	111115
93	"13:29:56"	2787.0	0	13.3	0.12	192	1.82	1.06	11.58	6	1.42	1	2.84	4.54	11.58	1.79	399.29	382.51	2.293	4.466	18.49	36.00	499.1	1501	50	68.39	-1.2	0.289	1.0	-0.22	2.74	1.00	0.00	0.16	111115
94	"13:29:56"	2787.5	0	13.3	0.12	192	1.82	1.06	11.57	6	1.42	1	2.84	4.54	11.57	1.79	399.31	382.52	2.293	4.466	18.49	36.01	499.1	1501	50	68.39	-1.2	0.289	1.0	-0.22	2.74	1.00	0.00	0.16	111115
95	"13:29:57"	2788.0	0	13.3	0.12	192	1.81	1.06	11.57	6	1.42	1	2.84	4.54	11.57	1.78	399.33	382.55	2.294	4.465	18.50	36.01	499.1	1501	50	68.39	-1.2	0.289	1.0	-0.22	2.74	1.00	0.00	0.16	111115
96	"13:29:57"	2788.5	0	13.3	0.12	192	1.82	1.06	11.57	6	1.42	1	2.84	4.54	11.57	1.78	399.36	382.56	2.293	4.466	18.50	36.02	499.1	1501	50	68.39	-1.2	0.289	1.0	-0.22	2.74	1.00	0.00	0.16	111115
97	"13:29:58"	2789.0	0	13.3	0.12	192	1.81	1.06	11.56	6	1.42	1	2.84	4.53	11.56	1.78	399.37	382.58	2.293	4.465	18.50	36.02	499.1	1501	50	68.39	-1.2	0.289	1.0	-0.22	2.74	1.00	0.00	0.16	111115
98	"13:29:59"	2789.5	0	13.2	0.12	193	1.81	1.06	11.56	6	1.42	1	2.84	4.53	11.56	1.78	399.34	382.62	2.293	4.464	18.50	36.02	499.1	1501	50	68.39	-1.2	0.289	1.0	-0.22	2.74	1.00	0.00	0.16	111115
99	"13:29:59"	2790.0	0	13.2	0.12	193	1.81	1.06	11.56	6	1.42	1	2.84	4.53	11.56	1.78	399.37	382.64	2.293	4.465	18.50	36.03	499.1	1501	51	68.39	-1.2	0.289	1.0	-0.22	2.74	1.00	0.00	0.16	111115
100	"13:30:00"	2790.5	0	13.2	0.12	194	1.82	1.06	11.55	6	1.42	1	2.84	4.53	11.55	1.77	399.35	382.68	2.293	4.465	18.50	36.03	499.1	1501	51	68.39	-1.2	0.289	1.0	-0.22	2.74	1.00	0.00	0.16	111115
101	"13:30:00"	2791.0	0	13.1	0.12	195	1.81	1.06	11.55	6	1.42	1	2.84	4.53	11.55	1.77	399.30	382.69	2.293	4.464	18.51	36.03	499.1	1501	51	68.39	-1.2	0.289	1.0	-0.22	2.74	1.00	0.00	0.16	111115
102	"13:30:01"	2791.5	0	13.1	0.12	195	1.81	1.06	11.55	6	1.42	1	2.84	4.52	11.55	1.77	399.29	382.70	2.292	4.463	18.50	36.03	499.1	1501	51	68.39	-1.2	0.289	1.0	-0.22	2.74	1.00	0.00	0.16	111115
103	"13:30:01"	2792.0	0	13.1	0.12	195	1.81	1.06	11.54	6	1.42	1	2.84	4.52	11.54	1.77	399.24	382.68	2.292	4.463	18.50	36.03	499.1	1501	51	68.39	-1.2	0.289	1.0	-0.22	2.74	1.00	0.00	0.16	111115
104	"13:30:02"	2792.5	0	13	0.12	196	1.81	1.06	11.54	6	1.42	1	2.84	4.52	11.54	1.77	399.19	382.67	2.291	4.461	18.50	36.02	499.2	1501	51	68.39	-1.2	0.289	0.7	-0.22	2.74	1.00	0.00	0.16	111115
105	"13:30:02"	2793.5	0	13.1	0.121	195	1.81	1.06	11.53	6	1.42	1	2.84	4.51	11.53	1.76	399.18	382.63	2.291	4.460	18.51	36.03	499.2	1501	51	68.39	-1.2	0.289	0.7	-0.22	2.74	1.00	0.00	0.16	111115
